-0.5363	-9.8067	-1.6855	84.3964	-162.6962	22.0027	9.3074	25.9383	-9.7864	-0.8211	-0.0468	-0.7714	-0.2390	-0.6996	0.6306	0.2361	0.1387	-0.0916	0.6707	0.2848	-9.7598	-0.9141	0.18391535765520572	6	0	1	Upright	Normal
-0.1149	-9.2320	-1.1109	84.2812	166.0806	56.8205	12.3644	25.2111	-10.6928	0.1202	0.5258	-0.1625	-0.2787	-0.6861	0.6285	0.2379	0.0322	0.4900	0.5418	-0.2351	-9.7579	-0.9484	-0.6656248046211406	6	0	1	Upright	Normal
-0.1532	-8.5042	-1.1875	83.8699	145.5750	81.8971	16.2352	24.8933	-10.1323	0.4387	1.2465	-0.3238	-0.3163	-0.6663	0.6264	0.2521	0.1313	0.5976	0.3596	-0.5920	-9.7507	-0.8637	-0.7112324378662169	6	0	1	Upright	Normal
-1.3402	-7.8147	-2.3373	83.1395	137.0435	95.3575	18.1572	23.8762	-10.3737	-0.5418	1.9218	-1.4799	-0.3512	-0.6484	0.6183	0.2721	0.1899	0.7138	0.0666	-0.7983	-9.7365	-0.8574	-0.32196138045318534	0	0	1	Upright	Normal
-0.9954	-9.0399	-2.4523	82.8387	141.9639	93.5223	19.6185	23.9534	-9.4569	-0.2421	0.6903	-1.4893	-0.3688	-0.6427	0.6065	0.2883	0.1089	0.1278	-0.1234	-0.7533	-9.7302	-0.9629	1.1532479805049523	0	0	1	Upright	Normal
-0.1532	-13.8289	-0.2298	84.5880	154.8043	80.1575	19.7344	23.5929	-8.8080	0.2405	-4.0660	0.6071	-0.3525	-0.6469	0.6064	0.2994	-0.0115	-1.6906	-0.3226	-0.3937	-9.7630	-0.8369	4.412295716177642	0	0	1	Upright	Normal
3.4482	-6.3584	1.9148	83.5218	-134.6679	7.3616	16.4930	23.9029	-10.4644	2.6615	3.3857	2.6926	-0.3003	-0.6704	0.5949	0.3263	0.0844	-1.0514	-1.1141	0.7868	-9.7441	-0.7778	-6.349292640531529	0	0	1	Upright	Normal
1.3030	-10.5722	3.2172	79.4997	-96.0114	-35.6143	11.9409	23.4492	-11.6658	-0.4741	-0.9297	3.4044	-0.2326	-0.6749	0.6098	0.3444	0.5947	0.8991	-0.1181	1.7771	-9.6425	-0.1872	3.645059961264665	0	0	1	Upright	Normal
-2.6426	-8.7334	2.7575	78.6330	-57.1392	-64.9247	13.3080	22.7411	-12.7067	-4.2659	0.8809	1.7090	-0.2709	-0.6109	0.6204	0.4106	1.7526	1.3635	0.0683	1.6233	-9.6144	1.0485	-1.5954044077448373	0	0	1	Upright	Normal
0.9960	-9.2703	-0.3831	70.7358	-29.5488	-99.8322	13.2362	18.7518	-17.3122	-0.5996	-0.0127	-3.1975	-0.2013	-0.5621	0.6983	0.3948	1.8570	-0.1001	-0.3305	1.5956	-9.2576	2.8144	-0.20050216263925869	0	0	2	Upright	Normal
-1.8381	-10.5339	5.5156	71.3594	-42.1771	-84.1410	12.3838	17.5578	-18.3124	-3.9427	-1.2415	3.1928	-0.2081	-0.5816	0.6636	0.4220	0.2250	-0.7638	-0.6906	2.1045	-9.2923	2.3228	2.700252189829687	0	0	2	Upright	Normal
-2.0297	-12.7940	0.0377	73.7970	-46.1198	-80.2982	11.1291	19.0847	-18.3468	-4.0021	-3.3767	-1.8589	-0.2203	-0.5956	0.6542	0.4108	-1.4496	0.4368	-0.2890	1.9724	-9.4173	1.8967	0.9222836895326569	0	0	2	Upright	Normal
3.3333	-9.8444	2.8724	83.1278	-93.2580	-24.7338	13.4921	22.2566	-13.1605	2.1620	-0.1080	2.9392	-0.3285	-0.6289	0.5811	0.3986	-1.9534	1.4828	1.0501	1.1714	-9.7363	-0.0667	-2.1710220699425875	0	0	2	Upright	Normal
4.5209	-9.9210	2.6809	81.0740	-150.8784	34.6308	19.1100	25.1034	-6.8467	3.7804	-0.2330	4.0100	-0.3749	-0.6536	0.5437	0.3696	-1.6296	-0.5571	0.5398	0.7404	-9.6880	-1.3291	0.4442552636524244	0	0	2	Upright	Normal
1.3797	-7.4693	2.1063	77.6881	-161.2926	49.6113	21.8379	25.2178	-3.0917	0.7090	2.1120	4.0868	-0.4150	-0.6548	0.5087	0.3745	-0.5334	2.5470	0.2983	0.6707	-9.5813	-1.9805	-3.3449968088508495	0	0	2	Upright	Normal
2.6438	-6.9330	-1.1115	85.5812	158.2890	95.6408	24.8431	24.2322	-2.4865	2.9232	2.8446	-0.4100	-0.4482	-0.5787	0.5504	0.4016	1.1230	0.7446	0.9300	-0.2794	-9.7776	-0.7015	-0.37951811493964005	0	0	2	Upright	Normal
-0.3059	-11.3766	-6.2064	86.8353	-153.8775	61.7136	28.1275	22.8251	-2.6495	-0.5441	-1.5848	-5.7205	-0.4963	-0.5277	0.4906	0.4843	-0.2703	1.9516	-0.3312	0.2382	-9.7918	-0.4859	5.460251768680396	0	0	2	Upright	Normal
1.1498	-9.0016	-1.5712	86.8985	148.1496	122.0465	29.0433	23.5439	-0.8080	1.4292	0.7908	-1.1215	-0.5193	-0.5032	0.4946	0.4821	-0.0370	0.4165	0.2238	-0.2794	-9.7924	-0.4497	-3.753273484317491	0	0	2	Upright	Normal
5.3636	-15.8203	1.9531	84.7674	-138.7227	48.3472	28.5871	24.9079	-0.5479	4.7740	-6.0543	2.6248	-0.4998	-0.5333	0.4689	0.4958	-0.3854	-0.8053	-0.7296	0.5896	-9.7659	-0.6717	7.608830730952427	0	1	3	Jump	Normal
1.1498	-6.4733	1.9148	83.4046	-156.7466	61.3556	28.1060	25.6080	-1.3636	0.7054	3.2685	2.9494	-0.4884	-0.5605	0.4837	0.4619	-0.4887	-0.7010	0.5762	0.4444	-9.7419	-1.0346	-9.970800385852984	0	1	3	Jump	Normal
4.2144	-9.8444	6.5882	84.9814	-72.8301	-19.9789	29.1383	25.0248	-1.6452	3.3962	-0.0751	6.3355	-0.4594	-0.5254	0.4979	0.5147	1.0314	0.2908	-0.2068	0.8182	-9.7692	0.2527	5.725116537682748	0	1	3	Jump	Normal
-3.5620	-11.7597	-10.9182	77.1813	-12.9291	-82.6116	29.0000	23.8544	-6.5803	-4.0487	-2.1973	-13.0382	-0.4075	-0.4752	0.5654	0.5370	1.6994	0.8106	0.6497	0.4868	-9.5624	2.1201	3.86442122738932	0	1	3	Jump	Normal
2.0309	-9.4230	3.1023	78.7501	-31.3169	-74.7231	27.7932	22.9859	-11.2896	1.0365	0.1953	1.4679	-0.3589	-0.5365	0.5878	0.4877	-0.4695	0.5635	-0.4518	0.9943	-9.6183	1.6343	-6.311028998846828	0	1	3	Jump	Normal
0.8434	-9.0782	2.0680	77.6940	-32.1690	-75.6353	26.7324	23.7250	-12.2792	-0.2693	0.5032	0.2990	-0.3438	-0.5400	0.5961	0.4846	-0.3300	-2.2669	-0.1045	1.1127	-9.5814	1.7690	-0.7774042949865443	0	1	3	PT	Normal
-0.8039	-9.1931	2.4894	79.3572	-46.6538	-69.4211	22.9944	24.4687	-13.5351	-2.1208	0.4449	1.2463	-0.3084	-0.5844	0.6103	0.4370	-0.5899	-1.0046	0.0477	1.3170	-9.6380	1.2430	0.20917104253538277	0	1	3	Upright	Normal
-0.8039	-9.0016	1.4934	85.2774	-59.5767	-61.8404	21.7322	25.3023	-13.2744	-1.5000	0.7718	1.0846	-0.3165	-0.6156	0.6168	0.3748	-1.0821	-0.9311	0.7103	0.6961	-9.7734	0.4088	-0.3980730806013728	0	1	3	Upright	Normal
0.7278	-12.2966	-1.8004	79.0045	156.3282	77.7942	24.0575	26.5033	-10.2618	1.4787	-2.6698	-0.0875	-0.3727	-0.6697	0.5839	0.2678	-2.6096	-0.2589	1.6520	-0.7509	-9.6268	-1.7129	3.2890125129790366	0	0	3	Upright	Normal
7.0485	-3.2178	-1.4174	76.8062	166.7501	65.3548	27.4131	27.1545	-7.2905	7.5615	6.3301	0.7614	-0.3600	-0.6939	0.5682	0.2570	-0.0093	-1.2261	-0.2687	-0.5130	-9.5479	-2.1787	-4.572156232668586	0	0	3	Upright	Normal
-0.4208	-5.2092	-0.0772	83.2880	176.1612	47.3420	23.1578	27.1342	-12.5202	-0.3440	4.5303	1.0665	-0.2795	-0.6930	0.6183	0.2437	1.3840	-0.8299	-0.1195	-0.0768	-9.7395	-1.1437	-2.6501016595601046	0	1	4	PT	Normal
-4.3664	-12.1811	0.0760	85.7451	40.6101	-179.7902	21.8058	24.8274	-18.5156	-3.8930	-2.4014	-0.4761	-0.2555	-0.6376	0.6869	0.2374	2.1585	-3.9607	1.5085	-0.4735	-9.7797	0.5522	7.713524848470388	0	1	4	Jump	Normal
0.1149	-5.8993	-6.7804	75.0307	6.2282	-168.5822	10.6686	16.7804	-29.6734	0.3898	3.5745	-9.2985	-0.1034	-0.6008	0.7848	0.1117	0.2293	0.4399	-0.4441	-0.2749	-9.4739	2.5181	-3.9520063569557777	0	1	4	Jump	Normal
-1.2641	-6.0142	1.8004	81.6788	5.9620	-156.8527	12.7952	18.5885	-31.1782	-1.1166	3.6893	0.3889	-0.1696	-0.6319	0.7333	0.1849	-0.5388	-0.5433	0.0704	-0.1475	-9.7035	1.4115	-2.5843525471505817	0	1	4	PT	Normal
-10.0748	-9.9599	0.7661	65.3545	49.5259	148.4715	15.6765	17.9532	-34.7213	-6.7415	-1.1272	-1.8883	0.2061	0.5676	-0.7970	-0.0100	0.7949	-0.6701	4.6511	-3.3333	-8.8327	2.6544	7.783699259011767	0	1	4	Jump	Normal
-17.6207	-13.1005	5.8221	58.9834	35.0356	-162.2525	21.2242	4.6519	-43.3288	-10.1610	-8.2625	1.6846	0.3313	0.4234	-0.7973	-0.2745	1.6866	-0.5816	4.3070	-7.4597	-4.8379	4.1375	8.52822883441927	0	1	4	Jump	Normal
-19.6133	-4.2904	15.8209	51.9267	45.3003	-139.1354	22.7762	-12.4155	-45.2813	-10.7889	-4.7444	11.5673	0.4655	0.2577	-0.7187	-0.4476	0.0141	2.3159	6.4329	-8.8244	0.4540	4.2536	2.845661037110407	0	1	4	PT	Normal
-3.7918	-1.1486	1.2635	56.9961	72.7136	-158.0098	31.8754	-17.1897	-35.2679	5.8058	-2.3888	-0.3237	0.5847	0.2778	-0.6408	-0.4126	0.7310	1.7470	1.9609	-9.5976	1.2402	1.5872	-21.40295285879141	0	1	4	Jump	Normal
-13.7517	-2.2978	2.1063	60.6953	88.1522	-164.4500	33.8368	-22.0608	-28.1454	-4.2349	-4.6599	1.9516	0.6439	0.2784	-0.5667	-0.4321	0.1174	1.0621	2.0355	-9.5168	2.3620	0.1547	9.942014135145667	0	1	4	Jump	Normal
-1.5700	8.9262	4.4813	71.2748	87.6513	-146.2649	29.9805	-25.6601	-26.6747	6.7900	3.8011	4.3524	0.6605	0.2390	-0.4440	-0.5562	-3.0496	2.6663	3.1977	-8.3600	5.1251	0.1290	-3.989966732008554	0	2	5	Jump	Normal
0.2687	10.4968	1.4168	81.1705	81.5665	-122.4667	28.8317	-26.8279	-26.3987	6.6752	3.0752	1.1962	0.6719	0.1931	-0.2995	-0.6492	-0.5260	0.3888	1.5593	-6.4064	7.4216	0.2206	0.4848042524811831	0	2	5	PT	Normal
-2.3744	7.3939	-0.4220	82.6072	99.0126	-130.9791	26.5394	-28.3670	-25.6876	2.8270	-0.9173	-0.2243	0.6976	0.1530	-0.2356	-0.6591	0.4594	0.6711	0.5487	-5.2014	8.3112	-0.1977	-2.818142620128109	0	2	5	PT	Normal
-4.6346	8.2367	-0.0389	83.8106	138.5628	-168.2752	27.0488	-30.9885	-23.8533	0.2343	-0.2390	0.7528	0.7166	0.1640	-0.1981	-0.6484	0.5819	0.9854	0.4955	-4.8689	8.4756	-0.7917	1.6739014109195018	0	2	5	PT	Normal
-3.3704	12.3355	0.2676	82.2122	-170.5222	143.2688	27.7999	-33.0636	-21.7555	1.0671	3.6890	1.5784	0.7298	0.1850	-0.1474	-0.6414	0.5670	0.1236	-0.5421	-4.4375	8.6465	-1.3108	3.339304579283013	0	2	5	PT	Normal
-3.9834	7.8153	0.3059	80.1957	-162.2227	127.3939	30.9324	-32.9867	-20.3145	1.5089	-0.1522	1.8949	0.7216	0.2456	-0.1760	-0.6229	0.7459	-0.4197	-1.7714	-5.4923	7.9675	-1.5890	-4.013214501034238	0	2	5	Jump	Normal
-6.6272	5.9376	0.0000	74.4873	-155.2542	103.3173	37.0848	-27.6084	-18.9607	0.7783	-0.0337	2.3819	0.6903	0.3807	-0.2329	-0.5695	0.8759	1.2559	-2.6875	-7.4054	5.9713	-2.3819	-4.013214501034238	0	2	5	Jump	Normal
-7.7375	6.1681	-4.5592	66.3483	-159.6779	92.4611	44.4400	-20.6973	-15.0430	0.5324	2.4036	-0.8698	0.6617	0.5002	-0.2660	-0.4911	1.7366	0.4890	-3.2921	-8.2699	3.7644	-3.6893	2.1177423112833083	0	2	5	PT	Normal
1.3030	-2.9491	-3.6015	64.8593	172.5799	96.4491	49.5008	-10.9045	-14.2200	10.1930	-2.6794	0.5300	0.6050	0.5870	-0.3972	-0.3627	1.7899	1.3241	-3.6766	-8.8900	-0.2696	-4.1315	-6.061165018782088	0	2	5	Jump	Normal
-12.9472	-6.4733	-13.6380	62.0934	156.7388	103.0921	52.8924	-4.4602	-12.9618	-4.3149	-4.5047	-9.4213	0.5925	0.6033	-0.4494	-0.2882	1.4671	-2.0879	2.0992	-8.6323	-1.9686	-4.2166	15.05408291857916	0	2	5	Jump	Normal
-8.5802	-4.0217	-0.9200	75.1969	133.4678	127.7390	49.6407	-7.7864	-19.3553	0.9342	-2.3854	0.8039	0.5473	0.5369	-0.5278	-0.3654	-0.7060	-2.6301	1.8904	-9.5144	-1.6363	-1.7238	-10.367381291882168	0	3	6	Run	Normal
-4.8644	-0.1143	-0.4220	73.2530	133.7900	131.0563	42.8565	-12.4218	-25.4362	4.6856	0.9554	1.5335	0.5749	0.5189	-0.5139	-0.3690	-0.5441	1.1782	-0.0356	-9.5500	-1.0698	-1.9555	-4.636512151191434	0	3	6	Run	Normal
-18.8466	0.4986	-0.9583	69.7338	140.3050	123.7172	46.1072	-10.9097	-23.5053	-9.4816	1.7792	1.6554	0.5890	0.5351	-0.4992	-0.3428	-0.8211	1.0035	-0.4513	-9.3649	-1.2806	-2.6137	13.993525031475793	0	3	6	Run	Normal
-11.7220	-2.9113	-3.8690	67.1227	139.4025	124.8189	49.7504	-7.3541	-20.6021	-2.4458	-1.5897	-0.9743	0.6038	0.5319	-0.4963	-0.3257	-0.0924	0.4772	-0.1477	-9.2762	-1.3216	-2.8947	-6.194863250775052	0	3	6	Run	Normal
-8.0062	0.1915	-3.1795	65.9115	133.0712	131.5845	48.5605	-6.2906	-19.7250	1.3217	1.4920	-0.4461	0.6132	0.5132	-0.5093	-0.3181	-0.0242	-0.1257	-0.1616	-9.3280	-1.3005	-2.7334	-4.066108545034666	0	3	6	Run	Normal
-7.1629	-0.7655	-2.2607	61.3789	135.9945	130.1076	49.2298	-6.4992	-18.9304	1.9620	0.4562	1.1181	0.6423	0.5097	-0.4917	-0.2932	0.1249	1.0557	0.0397	-9.1249	-1.2218	-3.3788	-1.0664692215874965	0	3	6	Walk	Normal
-11.6448	-2.4511	-5.5551	59.1428	135.4007	133.6259	50.7216	-7.6698	-16.1334	-2.5549	-1.6026	-1.9737	0.6660	0.4890	-0.4831	-0.2898	0.2399	0.1630	0.6256	-9.0899	-0.8484	-3.5814	5.582630343881782	0	3	6	Run	Normal
-7.6225	0.2304	-2.5672	54.5117	134.8802	133.3676	51.0065	-9.5140	-15.5418	1.2451	1.4129	1.4501	0.6844	0.4863	-0.4806	-0.2534	0.1558	0.1502	-0.0341	-8.8677	-1.1824	-4.0173	-5.086225993600298	0	3	6	Run	Normal
-9.6911	-1.9531	-3.9462	56.6926	129.2435	136.9220	50.1168	-9.2820	-16.8074	-0.6023	-0.5531	-0.5394	0.6649	0.4812	-0.5084	-0.2605	-0.2266	-0.3324	-0.3420	-9.0888	-1.4000	-3.4068	2.5979628908352073	0	3	6	Walk	Normal
-9.2314	-0.6889	-1.6095	57.5531	132.7565	130.4046	49.6283	-6.5867	-18.2445	-0.2858	1.1525	1.9625	0.6481	0.5119	-0.5038	-0.2531	-0.4599	0.5198	-0.4368	-8.9456	-1.8414	-3.5720	-1.248512819162011	0	3	6	Walk	Normal
-9.9210	-1.2635	-4.1761	58.7116	131.0908	132.1585	51.1480	-4.8074	-18.1075	-0.8770	0.5182	-0.8287	0.6430	0.5072	-0.5108	-0.2616	-0.0115	0.3994	-0.0661	-9.0439	-1.7817	-3.3474	1.4420640514622072	0	4	7	Walk	Normal
-9.0782	-1.7615	-3.8313	57.5512	133.8413	130.6574	50.5421	-5.3844	-16.0320	-0.1212	-0.1305	-0.1867	0.6540	0.5081	-0.4971	-0.2590	0.0908	0.3877	0.1140	-8.9570	-1.6310	-3.6446	-0.8282421669058486	0	4	7	Walk	Normal
-8.2744	-1.9154	-4.5969	55.5102	134.9245	130.5742	51.5649	-6.0291	-15.3339	0.5776	-0.3540	-0.6753	0.6679	0.5039	-0.4880	-0.2489	0.2016	0.3739	0.0844	-8.8520	-1.5613	-3.9216	-0.3523392387017559	0	4	7	Tilt	Normal
-8.0828	-2.2218	-4.2904	53.2812	135.2148	130.6452	51.9916	-7.4800	-13.2398	0.6505	-0.6143	-0.1288	0.6796	0.5003	-0.4825	-0.2346	0.1739	0.2152	0.0812	-8.7333	-1.6076	-4.1616	-0.2406578272695139	0	4	7	Tilt	Normal
-7.8524	-1.7232	-4.2144	52.7733	135.3810	130.3804	52.9759	-7.6015	-13.2267	0.8441	-0.0771	0.0085	0.6815	0.5009	-0.4812	-0.2305	-0.0349	-0.1789	-0.0573	-8.6965	-1.6462	-4.2229	-0.3398353502271618	0	4	7	Tilt	Normal
-9.0399	-1.7998	-3.0269	54.7870	132.8343	132.4946	51.4562	-7.1432	-14.6595	-0.1653	-0.1770	0.8178	0.6706	0.4962	-0.4950	-0.2429	-0.0093	-0.5901	-0.0072	-8.8746	-1.6228	-3.8446	0.624671763484006	0	0	7	Tilt	Normal
-9.6145	-1.7615	-3.3333	56.3928	131.3007	133.1738	50.4656	-7.0169	-17.1173	-0.6422	-0.0771	0.2493	0.6594	0.4978	-0.5045	-0.2506	-0.1127	0.0288	-0.0285	-8.9723	-1.6845	-3.5826	0.6256563112003359	0	0	7	Tilt	Normal
-8.9639	-1.7238	-3.5243	56.5899	131.7124	132.7301	51.0513	-6.5140	-16.5933	0.0048	-0.0425	0.0687	0.6584	0.4997	-0.5034	-0.2519	-0.0445	0.0831	0.0196	-8.9687	-1.6813	-3.5929	-0.542394432402812	0	0	7	Tilt	Normal
-9.0782	-1.7232	-3.6781	56.7808	131.7645	132.7591	50.6912	-6.8175	-16.6068	-0.1000	-0.0627	-0.0997	0.6578	0.4997	-0.5032	-0.2536	-0.0189	-0.0063	-0.0134	-8.9783	-1.6605	-3.5784	0.1605594672731261	0	0	7	Tilt	Normal
-9.0016	-1.6466	-3.6781	56.7356	132.1673	132.4592	50.8939	-6.6090	-16.7962	-0.0337	-0.0001	-0.0672	0.6585	0.5005	-0.5015	-0.2537	-0.0328	0.0256	0.0058	-8.9679	-1.6465	-3.6109	-0.0829487133756146	0	0	7	Tilt	Normal
-8.8867	-1.7998	-3.6015	56.8057	132.1179	132.3688	50.5921	-6.0312	-16.2788	0.0819	-0.1345	-0.0007	0.6575	0.5012	-0.5021	-0.2536	-0.0136	-0.0522	-0.0315	-8.9685	-1.6653	-3.6007	-0.10627652174227364	1	0	8	Tilt	Normal
-8.8867	-1.7615	-3.4482	57.1773	131.7320	132.5912	50.8145	-6.3444	-17.0350	0.1047	-0.0862	0.0901	0.6551	0.5013	-0.5043	-0.2555	-0.0253	-0.0980	-0.0144	-8.9914	-1.6753	-3.5383	-0.06257726880620851	1	0	8	Tilt	Normal
-9.1931	-1.7998	-3.4099	57.5712	131.3521	132.6566	51.1279	-5.6999	-17.1072	-0.1830	-0.0917	0.0645	0.6518	0.5023	-0.5068	-0.2569	-0.0296	-0.0437	-0.0304	-9.0101	-1.7081	-3.4744	0.27531442323130406	1	0	8	Tilt	Normal
-8.9250	-1.7998	-3.3716	57.8381	131.4326	132.3881	50.2878	-4.8967	-17.3379	0.0893	-0.0730	0.0827	0.6497	0.5040	-0.5073	-0.2580	-0.0487	-0.0043	-0.0325	-9.0143	-1.7268	-3.4544	-0.26004846708114293	1	0	8	Tilt	Normal
-9.0399	-1.8765	-3.4099	57.9067	131.7878	131.9648	50.3915	-5.0619	-17.0617	-0.0340	-0.1416	0.0621	0.6491	0.5057	-0.5063	-0.2582	-0.0115	0.0192	0.0080	-9.0059	-1.7349	-3.4720	0.1332849944964316	1	0	8	Tilt	Normal
-8.8101	-1.8381	-3.4482	57.8905	131.9882	131.7481	50.4545	-5.1585	-17.3156	0.1894	-0.1001	0.0389	0.6491	0.5064	-0.5056	-0.2580	0.0013	0.0117	0.0176	-8.9995	-1.7380	-3.4872	-0.20441070824597674	1	0	8	Tilt	Normal
-8.8873	-1.8387	-3.5243	57.8954	132.2167	131.5033	51.0586	-4.7240	-17.2128	0.1059	-0.0983	-0.0221	0.6490	0.5073	-0.5049	-0.2579	-0.0061	-0.0053	0.0144	-8.9932	-1.7404	-3.5021	0.09802291835464239	1	0	8	Tilt	Normal
-8.9633	-1.7615	-3.4866	57.9943	132.3018	131.3605	51.2335	-4.4270	-16.6623	0.0305	-0.0162	0.0117	0.6483	0.5081	-0.5049	-0.2584	-0.0019	0.0021	0.0061	-8.9938	-1.7454	-3.4982	0.04173568365796143	1	0	8	Tilt	Normal
-8.9633	-1.9148	-3.3716	58.0651	132.3986	131.2313	50.5733	-4.2791	-16.7180	0.0302	-0.1671	0.1261	0.6478	0.5087	-0.5047	-0.2588	-0.0083	-0.0000	0.0136	-8.9935	-1.7476	-3.4978	-0.011518699607842464	1	0	8	Tilt	Normal
-9.0016	-1.9148	-3.4482	58.1474	132.4308	131.1589	50.6258	-4.7547	-16.8915	-0.0063	-0.1640	0.0435	0.6472	0.5091	-0.5048	-0.2592	-0.0051	-0.0085	0.0189	-8.9953	-1.7508	-3.4918	0.06177783927702585	2	0	9	Tilt	Fall
-8.9250	-1.7998	-3.3333	58.2053	132.4956	131.0571	50.9895	-4.7188	-16.9191	0.0702	-0.0458	0.1571	0.6467	0.5096	-0.5047	-0.2594	-0.0051	0.0106	0.0146	-8.9952	-1.7541	-3.4904	-0.1321258471206903	2	0	9	Tilt	Normal
-8.8484	-1.7998	-3.0269	58.2562	132.5611	130.9654	50.6519	-4.8715	-17.2822	0.1466	-0.0437	0.4630	0.6464	0.5100	-0.5046	-0.2597	-0.0029	0.0075	0.0157	-8.9950	-1.7561	-3.4898	-0.17223556919327976	2	0	9	Tilt	Normal
-9.0016	-1.8765	-3.1418	58.3013	132.5986	130.9381	50.5098	-5.4493	-17.3257	-0.0052	-0.1238	0.3461	0.6462	0.5101	-0.5045	-0.2600	0.0067	-0.0085	0.0213	-8.9964	-1.7527	-3.4879	0.19362198610712866	2	0	9	Tilt	Normal
-8.9250	-1.8765	-3.1418	58.3486	132.6345	130.9381	50.0905	-5.6809	-17.4996	0.0738	-0.1314	0.3437	0.6461	0.5101	-0.5044	-0.2605	0.0013	-0.0031	0.0234	-8.9988	-1.7451	-3.4855	-0.07091704015325817	2	0	9	Tilt	Normal
-8.9639	-1.9154	-3.2944	58.3684	132.7142	130.8747	50.6353	-4.8737	-17.4793	0.0343	-0.1737	0.1944	0.6461	0.5103	-0.5041	-0.2607	0.0035	-0.0085	0.0234	-8.9982	-1.7416	-3.4888	0.0941657653228134	2	0	9	Tilt	Normal
-9.0022	-1.8387	-3.4860	58.4003	132.8350	130.8406	50.9840	-4.7724	-16.7163	-0.0030	-0.1119	0.0078	0.6463	0.5103	-0.5036	-0.2613	0.0035	0.0022	0.0298	-8.9992	-1.7268	-3.4937	0.08684311789680166	2	0	9	Tilt	Normal
-8.8873	-1.8771	-3.7158	58.4157	132.9509	130.7117	50.6542	-5.1649	-17.2537	0.1092	-0.1490	-0.2161	0.6462	0.5107	-0.5032	-0.2614	-0.0029	-0.0042	0.0202	-8.9965	-1.7280	-3.4997	-0.013128256833013552	2	0	9	Tilt	Normal
-8.8867	-1.8381	-3.4099	58.4418	132.9507	130.6803	50.9314	-5.2190	-17.2719	0.1101	-0.1062	0.0872	0.6459	0.5110	-0.5033	-0.2614	-0.0029	0.0054	0.0271	-8.9968	-1.7319	-3.4972	-0.11970833352879318	2	0	9	Tilt	Normal
-9.0399	-1.8381	-3.2184	58.4956	132.9805	130.7055	50.5263	-4.6667	-17.2897	-0.0397	-0.1172	0.2753	0.6459	0.5108	-0.5032	-0.2621	0.0120	-0.0042	0.0197	-9.0003	-1.7210	-3.4937	0.07588377791695144	2	0	9	Tilt	Normal
-8.9256	-1.9154	-3.0646	58.6129	132.9251	130.7616	50.9535	-4.4025	-17.4116	0.0814	-0.1989	0.4139	0.6454	0.5107	-0.5035	-0.2629	-0.0029	0.0097	0.0282	-9.0070	-1.7165	-3.4785	-0.14070513469750523	3	0	10	Tilt	Normal
-8.9256	-1.8771	-3.4477	58.6327	133.0027	130.7165	50.9174	-5.2823	-16.9422	0.0814	-0.1667	0.0338	0.6454	0.5108	-0.5032	-0.2632	0.0013	-0.0042	0.0314	-9.0070	-1.7104	-3.4815	0.12123765353218197	3	0	10	Tilt	Normal
-8.9639	-1.8004	-3.3710	58.7012	133.0281	130.7039	50.9241	-4.4418	-17.0665	0.0461	-0.0949	0.1053	0.6451	0.5109	-0.5032	-0.2637	-0.0019	-0.0052	0.0207	-9.0100	-1.7056	-3.4764	-0.006150117284800416	3	0	10	Tilt	Normal
-8.9639	-1.8387	-3.4477	58.7342	133.1180	130.6327	51.1920	-4.6284	-17.2175	0.0458	-0.1375	0.0313	0.6450	0.5112	-0.5029	-0.2640	-0.0008	0.0086	0.0211	-9.0097	-1.7012	-3.4789	0.033927660261536374	3	0	10	Tilt	Normal
-8.9633	-1.7998	-3.4866	58.7633	133.2039	130.5542	51.0145	-5.0829	-16.7034	0.0459	-0.1010	-0.0051	0.6449	0.5114	-0.5026	-0.2643	-0.0083	0.0000	0.0200	-9.0092	-1.6988	-3.4815	0.006003785827354946	3	0	10	Tilt	Normal
-8.9633	-1.8381	-3.4866	58.7730	133.2284	130.4936	50.5052	-4.8099	-16.2901	0.0446	-0.1339	-0.0043	0.6447	0.5117	-0.5027	-0.2642	-0.0061	0.0032	0.0158	-9.0079	-1.7042	-3.4822	0.007117412369925802	3	0	10	Tilt	Normal
-8.9633	-1.7998	-3.4866	58.7571	133.3236	130.4030	50.5538	-5.1636	-17.5744	0.0416	-0.0958	0.0033	0.6448	0.5120	-0.5023	-0.2641	-0.0104	0.0203	0.0211	-9.0049	-1.7041	-3.4898	-0.007117412369925802	3	0	10	Tilt	Normal
-8.9633	-1.7998	-3.6015	58.7672	133.3895	130.3215	50.6394	-4.6002	-16.7415	0.0400	-0.0938	-0.1083	0.6447	0.5123	-0.5021	-0.2641	-0.0003	0.0089	0.0000	-9.0032	-1.7060	-3.4931	0.041529915173459386	3	0	10	Tilt	Normal
-8.9633	-1.8765	-3.4866	58.7756	133.4203	130.2584	51.2077	-5.2094	-17.1478	0.0388	-0.1658	0.0076	0.6445	0.5126	-0.5021	-0.2640	0.0007	-0.0029	-0.0032	-9.0020	-1.7107	-3.4942	-0.027131384307509165	3	0	10	Tilt	Normal
-8.8867	-1.9148	-3.5249	58.7899	133.4524	130.1911	50.5241	-4.6915	-17.3896	0.1142	-0.1990	-0.0299	0.6443	0.5129	-0.5021	-0.2640	-0.0003	0.0057	0.0022	-9.0009	-1.7157	-3.4949	-0.04877809179241055	3	0	10	Tilt	Normal
-8.8867	-1.8381	-3.3716	58.8088	133.4846	130.1245	50.7591	-4.7113	-17.3522	0.1131	-0.1178	0.1235	0.6440	0.5133	-0.5021	-0.2640	0.0093	0.0014	0.0043	-8.9998	-1.7204	-3.4951	-0.06922343642034612	4	0	11	Tilt	Normal
Total time: 11 seconds.
