-3.4471	9.8456	2.5277	14.5046	76.4788	-95.9309	-24.2767	-24.7068	-12.6457	-1.8905	0.4212	0.3080	0.5224	-0.3375	-0.5264	-0.5797	0.3959	-0.4759	-0.7798	-1.5565	9.4243	2.2197	0.8531441859290005	6	0	1	Lying	Normal
-2.5277	9.9605	3.6003	16.1580	77.2287	-98.5510	-23.2163	-26.7253	-12.0992	-0.5089	0.5926	1.5182	0.5399	-0.3199	-0.5291	-0.5712	0.4630	0.0599	0.1044	-2.0188	9.3679	2.0821	0.15518241086211404	0	0	1	Upright	Normal
-2.7964	8.4276	1.8004	6.7926	79.4774	-99.3517	-24.1789	-27.5832	-9.5998	-1.0207	-1.0515	0.0221	0.5160	-0.3782	-0.5607	-0.5256	0.4257	-1.0799	-0.0184	-1.7757	9.4791	1.7783	-1.8285453006072565	0	0	1	Upright	Normal
-2.5660	10.2286	3.3321	5.6751	79.1071	-99.7521	-25.4385	-27.5138	-6.8702	-0.7542	0.7690	1.4881	0.5109	-0.3807	-0.5685	-0.5204	-0.0558	-0.0381	0.1360	-1.8118	9.4596	1.8440	1.999334963734908	0	0	1	Upright	Normal
-0.8428	10.1131	2.5666	0.8875	79.0758	-97.4788	-26.0122	-27.9767	-5.9927	0.4392	0.5700	0.7084	0.4825	-0.4153	-0.5765	-0.5123	0.0103	-0.5089	0.4034	-1.2819	9.5431	1.8582	-0.5917624058935136	0	0	1	Upright	Normal
-2.3750	12.0668	2.6815	1.6385	76.3735	-97.4184	-27.7010	-26.9231	-5.5081	-1.0789	2.6245	0.3721	0.4719	-0.3995	-0.5847	-0.5253	-0.6651	0.3656	-0.1910	-1.2962	9.4423	2.3094	2.1195545028326226	0	0	1	Upright	Normal
-0.8805	10.7649	0.8039	4.0895	74.7231	-98.5615	-27.0088	-26.4864	-6.9047	0.7102	1.4377	-1.7734	0.4781	-0.3741	-0.5879	-0.5346	-0.4712	0.5691	-0.2421	-1.5906	9.3272	2.5772	-1.756519450656267	0	0	1	Upright	Normal
3.1801	7.4705	0.6123	13.3729	77.9489	-96.5354	-25.7528	-26.6984	-9.9040	4.7422	-2.0038	-1.3795	0.5264	-0.3483	-0.5275	-0.5686	0.4385	1.7707	0.5611	-1.5621	9.4743	1.9918	-2.688470324240635	0	0	1	Upright	Normal
0.0006	8.2367	0.8805	14.0626	79.2613	-94.6840	-24.8221	-25.7223	-12.4818	1.2300	-1.3297	-0.8920	0.5294	-0.3596	-0.5092	-0.5754	0.1711	-0.9446	-0.3443	-1.2294	9.5663	1.7725	0.14137390157187824	0	0	1	Upright	Normal
-4.0217	10.0754	5.3241	17.1257	80.0218	-97.6185	-23.9676	-26.8143	-11.6964	-2.2452	0.5688	3.7002	0.5535	-0.3329	-0.5069	-0.5708	0.1370	1.3766	-0.1025	-1.7765	9.5066	1.6239	3.800815742446522	0	0	1	Upright	Normal
-1.1875	9.0022	3.2944	21.9391	79.2590	-96.8355	-22.2405	-27.2953	-13.1775	0.6373	-0.4827	1.5992	0.5656	-0.3060	-0.4850	-0.5926	-0.1367	0.3965	0.0009	-1.8248	9.4849	1.6952	-2.425105445595868	0	1	2	PT	Normal
-1.9148	10.1520	3.6003	22.7857	77.2137	-96.2914	-21.9727	-27.2433	-14.5293	-0.0311	0.7383	1.5993	0.5586	-0.2932	-0.4883	-0.6029	-0.3743	0.1153	-0.1067	-1.8836	9.4137	2.0010	1.281032439776956	0	1	2	PT	Normal
-3.3321	13.8295	0.8805	21.1096	71.9923	-96.6749	-21.4858	-26.8918	-15.4438	-1.1636	4.6934	-1.9477	0.5302	-0.2734	-0.5226	-0.6091	-1.4076	-0.0700	-0.5627	-2.1685	9.1361	2.8282	3.312110413710629	0	1	2	PT	Normal
-3.2555	9.3476	0.4208	19.6876	71.4357	-97.8573	-21.8525	-25.6374	-16.1014	-0.9426	0.2824	-2.5187	0.5248	-0.2733	-0.5375	-0.6008	0.5429	-0.8956	-0.1698	-2.3129	9.0652	2.9395	-4.345263572548591	0	1	2	Jump	Normal
-1.4934	7.7770	-0.5369	12.0659	77.3967	-98.6053	-22.9866	-26.2814	-12.7634	0.3810	-1.6186	-2.6293	0.5249	-0.3432	-0.5456	-0.5559	0.5493	-0.6890	0.4512	-1.8744	9.3956	2.0924	-1.96994989153049	0	1	2	PT	Normal
-2.3367	7.6231	3.2178	8.1812	75.9229	-97.1183	-25.4454	-26.3422	-11.0133	-0.8211	-1.7735	0.8570	0.4972	-0.3639	-0.5605	-0.5534	0.1242	-1.1534	0.1562	-1.5157	9.3966	2.3608	0.6607575117495283	0	1	2	PT	Normal
-2.7198	9.4619	1.9920	4.6704	75.7109	-98.3098	-26.3624	-27.6995	-8.6392	-1.1513	0.0869	-0.4203	0.4849	-0.3767	-0.5804	-0.5349	-0.1698	0.2250	-0.0548	-1.5685	9.3749	2.4123	1.4465207846560748	0	1	2	PT	Normal
-1.7615	9.9605	2.9491	3.0100	75.7806	-98.7972	-26.1227	-27.8751	-7.9515	-0.1826	0.5855	0.5436	0.4796	-0.3838	-0.5885	-0.5257	0.1573	0.0120	-0.0217	-1.5790	9.3749	2.4054	0.4916586853007576	0	1	2	PT	Normal
-2.4128	11.1480	3.2172	6.1932	74.2332	-99.0354	-26.1226	-26.9895	-8.2365	-0.6466	1.8727	0.5682	0.4863	-0.3584	-0.5845	-0.5417	-0.5575	0.7097	-0.1100	-1.7662	9.2753	2.6490	1.3149495644715756	0	1	2	PT	Normal
-0.6129	8.8873	1.3024	12.1910	75.8473	-99.1620	-25.4215	-27.5338	-10.6536	1.4012	-0.4197	-1.0412	0.5196	-0.3325	-0.5548	-0.5582	0.8071	1.4948	0.2159	-2.0141	9.3070	2.3436	-2.848045422579018	0	1	2	PT	Normal
3.7158	8.5425	0.7278	14.3895	81.2632	-94.5968	-24.5347	-27.1928	-11.0654	4.8617	-1.0894	-0.7150	0.5393	-0.3683	-0.4980	-0.5706	0.5866	-0.1627	0.4173	-1.1459	9.6319	1.4428	0.3409344063493549	0	1	3	Upright	Normal
0.0006	8.1217	1.9914	17.1416	83.5074	-93.7210	-25.0685	-27.9368	-10.3836	0.9592	-1.5802	0.9318	0.5565	-0.3691	-0.4704	-0.5768	0.4566	1.0666	0.1233	-0.9586	9.7019	1.0596	-0.9817663678098771	0	0	3	Upright	Normal
-0.2676	7.0874	0.9954	26.5991	86.5190	-94.4002	-24.2390	-28.0527	-12.0818	0.7494	-2.6517	0.4630	0.6032	-0.3302	-0.4129	-0.5972	0.1562	1.6781	0.0540	-1.0169	9.7392	0.5324	-1.200317926235579	0	0	3	Upright	Normal
-3.2555	6.6277	1.7621	28.3440	84.1839	-96.4653	-21.8205	-27.4428	-14.7027	-1.6881	-3.0131	0.8877	0.6058	-0.2974	-0.4273	-0.6017	0.1040	-0.9553	-1.0455	-1.5675	9.6409	0.8745	0.429461767880456	0	0	3	Upright	Normal
-5.5545	3.9456	0.2682	23.0347	95.0731	-109.5232	-19.5588	-31.6348	-10.8858	-2.6098	-5.3744	1.0662	0.6682	-0.3070	-0.4553	-0.5020	2.4327	0.2634	-0.0218	-2.9447	9.3200	-0.7980	-0.772905501225555	0	0	3	Upright	Normal
-3.1406	11.5311	-2.7204	18.1900	112.1799	-110.1973	-22.0046	-35.2644	-2.9864	-1.0900	2.6095	0.7968	0.7225	-0.3966	-0.3767	-0.4228	2.4252	0.7907	0.9657	-2.0506	8.9215	-3.5172	5.438327601343099	0	0	3	Upright	Normal
-6.6649	10.4968	-3.4482	16.1342	129.3892	-101.6839	-28.3468	-31.8668	4.0541	-6.8235	2.7246	2.5299	0.7319	-0.5187	-0.2481	-0.3656	2.1770	0.4136	3.3093	0.1586	7.7722	-5.9782	0.6464036070468033	0	0	3	Upright	Normal
-3.6386	12.0674	-0.1921	16.1649	128.2854	-95.4025	-33.7213	-27.3671	7.1034	-4.5979	4.2448	5.6437	0.7003	-0.5542	-0.2342	-0.3842	-1.1690	0.3678	0.0272	0.9593	7.8226	-5.8359	-0.297754276105227	0	0	3	Upright	Normal
3.3710	1.5706	-1.9537	24.3040	134.6166	-98.3722	-37.0421	-27.7902	5.7368	1.5829	-5.7483	4.3238	0.7357	-0.5280	-0.1585	-0.3935	3.3637	2.0647	1.3463	1.7882	7.3189	-6.2774	-8.4046158605455	0	0	3	Upright	Normal
11.9519	-7.1251	-13.7523	6.6703	158.2286	-93.2964	-42.2052	-23.8861	11.2865	11.1051	-10.8172	-4.7067	0.7204	-0.6650	-0.0979	-0.1710	9.8693	-8.4473	1.7458	0.8468	3.6920	-9.0456	15.362883087856314	0	1	4	Jump	Normal
1.3024	4.4819	-5.6312	20.4909	146.5917	-90.6508	-43.7249	-19.9258	16.7586	-1.5018	-0.9497	2.0372	0.7062	-0.6263	-0.0814	-0.3200	1.1576	2.5984	0.4302	2.8042	5.4317	-7.6683	-12.24979509725185	0	1	4	Jump	Normal
0.9200	3.3716	-3.6015	13.9800	155.6671	-91.4786	-44.5539	-19.4661	14.3665	-1.1337	-0.7233	5.0694	0.7128	-0.6588	-0.0668	-0.2312	1.6284	-0.4823	0.7583	2.0536	4.0950	-8.6709	-2.295510403566708	0	1	4	PT	Normal
1.6855	1.4557	-5.5545	13.9570	158.2747	-90.6181	-44.0881	-15.7871	17.0780	-0.4724	-2.1977	3.2866	0.7091	-0.6693	-0.0491	-0.2164	-0.6694	-0.0445	-0.1642	2.1579	3.6534	-8.8412	0.9658951591255489	0	1	4	PT	Normal
4.1372	3.4477	-10.3813	17.9392	156.9925	-91.1045	-44.7805	-15.9051	15.1029	1.4314	-0.4381	-1.7934	0.7128	-0.6556	-0.0336	-0.2470	-0.4467	0.9920	-0.0278	2.7057	3.8858	-8.5879	5.71071086145788	0	1	4	Jump	Normal
2.8347	4.1755	-12.6414	18.1230	155.7985	-92.0032	-45.5357	-17.1281	12.2802	0.1947	0.0605	-4.1403	0.7175	-0.6470	-0.0419	-0.2546	-0.3966	-0.9958	-0.1077	2.6401	4.1150	-8.5011	1.9165271453290895	0	1	4	PT	Normal
1.7621	4.4053	-7.6614	13.0087	159.1457	-93.8948	-44.1012	-17.4035	16.3096	-0.0588	0.7822	1.2676	0.7280	-0.6521	-0.0553	-0.2042	1.7616	-0.4131	0.2598	1.8209	3.6232	-8.9290	-4.600000239863098	0	1	4	Jump	Normal
2.0303	2.2218	-7.5848	13.1559	162.6379	-95.0947	-43.0484	-14.9906	18.2776	0.1683	-0.8821	1.5294	0.7363	-0.6501	-0.0342	-0.1848	-0.2060	0.0514	-0.0673	1.8619	3.1039	-9.1143	-0.851458991978923	0	1	4	PT	Normal
1.9543	2.9886	-9.7306	14.6388	161.5940	-95.7202	-43.3612	-15.8836	17.7676	-0.0769	-0.3268	-0.7277	0.7397	-0.6418	-0.0332	-0.1997	-0.2848	0.2847	-0.0609	2.0312	3.3154	-9.0029	2.2049859396109266	0	1	4	PT	Normal
2.4523	3.1418	-9.5774	15.5346	161.8970	-96.3315	-43.7156	-16.1733	16.7894	0.3072	-0.1621	-0.5966	0.7432	-0.6368	-0.0271	-0.2034	0.1339	0.0077	0.0012	2.1451	3.3038	-8.9808	0.008470884038180415	0	1	4	Lying	Normal
2.2607	2.6821	-9.2326	15.1661	163.6163	-96.8515	-44.0908	-15.5034	17.3358	0.1469	-0.3579	-0.1519	0.7465	-0.6370	-0.0190	-0.1914	0.1840	-0.0008	0.0427	2.1138	3.0400	-9.0808	-0.49708152100134484	0	0	5	Lying	Normal
2.1458	2.6438	-8.8496	15.9336	163.6076	-96.9828	-44.3607	-15.6017	17.1388	-0.0813	-0.4172	0.1971	0.7471	-0.6348	-0.0148	-0.1963	-0.1974	0.1814	-0.0265	2.2271	3.0610	-9.0466	-0.39443917063968037	0	0	5	Upright	Normal
2.3373	3.0652	-9.3476	16.5315	162.6214	-97.0379	-45.2204	-15.5988	16.8717	0.0533	-0.1680	-0.3754	0.7473	-0.6317	-0.0179	-0.2055	-0.1644	-0.0274	-0.0372	2.2841	3.2332	-8.9721	0.6291194752194169	0	0	5	Upright	Normal
2.1841	3.1801	-9.2326	16.2205	162.2158	-97.3276	-44.9240	-15.6745	16.3814	-0.0209	-0.1233	-0.2662	0.7488	-0.6296	-0.0228	-0.2057	-0.0483	-0.0764	-0.0180	2.2051	3.3034	-8.9664	-0.1049745170103158	0	0	5	Upright	Normal
2.1075	3.0652	-9.0028	16.0289	162.3008	-97.5815	-44.4131	-16.3690	16.6497	-0.0561	-0.2304	-0.0235	0.7502	-0.6285	-0.0238	-0.2040	-0.0248	-0.0019	-0.0137	2.1636	3.2956	-8.9793	-0.26519263188578535	0	0	5	Upright	Normal
2.1452	3.1795	-9.1171	16.2667	162.1456	-97.7240	-44.0585	-16.2414	16.4749	-0.0416	-0.1513	-0.1564	0.7510	-0.6268	-0.0237	-0.2063	-0.0429	0.0802	-0.0336	2.1868	3.3308	-8.9607	0.15001977215118778	0	0	5	Upright	Normal
2.4134	3.2178	-9.1171	16.6210	162.4309	-97.8595	-44.3332	-15.9797	16.4596	0.1691	-0.0802	-0.1585	0.7517	-0.6258	-0.0201	-0.2070	0.0242	0.0663	-0.0070	2.2443	3.2980	-8.9587	0.07391379719385327	0	0	5	Upright	Normal
2.2601	3.1412	-8.9256	17.2572	163.0542	-97.9776	-45.1623	-16.4278	16.6733	-0.0992	-0.0757	0.0331	0.7524	-0.6250	-0.0125	-0.2076	0.0860	0.1142	0.0068	2.3593	3.2169	-8.9587	-0.23656313594701572	0	0	5	Upright	Normal
2.4517	3.2944	-9.1554	17.2734	162.9594	-98.0235	-45.2435	-16.3068	16.3407	0.0961	0.0602	-0.2022	0.7526	-0.6245	-0.0132	-0.2082	-0.0291	-0.0551	-0.0134	2.3556	3.2343	-8.9533	0.3058167940156764	0	0	5	Upright	Normal
2.2990	3.1418	-9.0411	17.1731	162.9839	-98.1484	-44.6721	-16.3725	15.9820	-0.0350	-0.0914	-0.0817	0.7533	-0.6239	-0.0138	-0.2074	-0.0046	-0.0051	-0.0113	2.3340	3.2332	-8.9594	-0.19053695818967498	0	0	5	Upright	Normal
2.4140	3.0652	-9.3859	17.1343	163.2233	-98.2531	-44.7637	-16.1549	15.6821	0.0827	-0.1332	-0.4133	0.7539	-0.6237	-0.0126	-0.2058	0.0434	-0.0061	-0.0067	2.3312	3.1984	-8.9726	0.3208767076444268	1	0	6	Upright	Normal
2.3373	3.2184	-9.0794	17.1352	163.2711	-98.2960	-44.9433	-16.1222	16.6438	0.0066	0.0260	-0.1046	0.7542	-0.6235	-0.0124	-0.2056	-0.0077	0.0056	-0.0077	2.3308	3.1924	-8.9748	-0.25209866849091256	1	0	6	Upright	Normal
2.3756	3.1418	-9.1560	17.1373	163.3419	-98.3503	-44.6356	-16.0760	15.9051	0.0449	-0.0416	-0.1781	0.7545	-0.6233	-0.0120	-0.2052	-0.0035	0.0035	-0.0088	2.3308	3.1834	-8.9780	0.05483704201411754	1	0	6	Upright	Normal
2.3373	3.1035	-9.0794	17.0741	163.4174	-98.4345	-44.6101	-15.9310	16.3219	0.0183	-0.0697	-0.0949	0.7550	-0.6230	-0.0120	-0.2044	0.0019	-0.0104	-0.0099	2.3191	3.1732	-8.9845	-0.09154516278726632	1	0	6	Upright	Normal
2.3373	3.0652	-9.1560	17.0777	163.4475	-98.4717	-44.4080	-15.7205	16.6597	0.0186	-0.1047	-0.1701	0.7552	-0.6228	-0.0119	-0.2042	0.0029	0.0120	-0.0077	2.3188	3.1699	-8.9859	0.05858503520799374	1	0	6	Upright	Normal
2.4906	3.1418	-9.1177	17.1029	163.4501	-98.4833	-44.9112	-15.6358	16.3944	0.1683	-0.0289	-0.1330	0.7552	-0.6227	-0.0117	-0.2044	-0.0066	-0.0051	-0.0075	2.3222	3.1707	-8.9847	0.02592066719186903	1	0	6	Upright	Normal
2.3373	3.0652	-8.9645	17.1123	163.4655	-98.5055	-44.9193	-15.9092	16.1538	0.0144	-0.1041	0.0205	0.7553	-0.6225	-0.0116	-0.2044	0.0051	0.0099	-0.0064	2.3230	3.1693	-8.9850	-0.20213408312149994	1	0	6	Upright	Normal
2.2990	3.1418	-9.0794	17.1199	163.5271	-98.5384	-44.6679	-16.4310	16.0871	-0.0257	-0.0192	-0.0919	0.7555	-0.6224	-0.0112	-0.2041	-0.0088	0.0173	-0.0086	2.3248	3.1609	-8.9875	0.12074789555299148	1	0	6	Upright	Normal
2.3373	3.2184	-9.1177	17.1277	163.5489	-98.5798	-44.9999	-16.0374	16.2940	0.0129	0.0591	-0.1296	0.7558	-0.6222	-0.0111	-0.2040	-0.0173	0.0013	-0.0096	2.3245	3.1593	-8.9881	0.06868132965165152	1	0	6	Upright	Normal
2.3373	3.1418	-9.0794	17.1482	163.5491	-98.6189	-44.8357	-15.9112	16.1992	0.0118	-0.0196	-0.0923	0.7560	-0.6219	-0.0111	-0.2041	-0.0194	0.0056	-0.0075	2.3255	3.1614	-8.9871	-0.059698014641622166	1	0	6	Upright	Normal
2.3750	3.2561	-9.1171	17.1709	163.5161	-98.6455	-44.3646	-16.0560	16.0300	0.0488	0.0878	-0.1326	0.7561	-0.6216	-0.0112	-0.2044	-0.0141	-0.0019	-0.0094	2.3263	3.1683	-8.9845	0.08032512008610126	2	0	7	Upright	Normal
2.3756	3.2184	-9.0028	17.1849	163.5423	-98.6900	-44.7994	-16.2607	15.7593	0.0486	0.0522	-0.0177	0.7563	-0.6213	-0.0110	-0.2044	0.0158	0.0003	-0.0051	2.3270	3.1662	-8.9851	-0.11666888616970361	2	0	7	Upright	Normal
2.2990	3.1801	-9.0794	17.1889	163.5520	-98.7242	-45.3539	-15.8099	16.2537	-0.0271	0.0139	-0.0941	0.7565	-0.6211	-0.0110	-0.2043	-0.0013	0.0120	-0.0083	2.3261	3.1662	-8.9853	0.039607769165737494	2	0	7	Upright	Normal
2.3373	3.2950	-9.1560	17.1733	163.5515	-98.7492	-44.8229	-15.6209	16.3879	0.0151	0.1282	-0.1700	0.7567	-0.6210	-0.0111	-0.2043	0.0030	-0.0200	-0.0094	2.3222	3.1668	-8.9860	0.11650967646188093	2	0	7	Upright	Normal
2.3756	3.2184	-9.0794	17.1213	163.5341	-98.7849	-44.3658	-16.2997	16.2437	0.0640	0.0486	-0.0917	0.7569	-0.6208	-0.0116	-0.2040	0.0051	0.0045	-0.0073	2.3116	3.1698	-8.9877	-0.08606763598688794	2	0	7	Upright	Normal
2.4523	3.1418	-9.1177	17.1588	163.5747	-98.8218	-45.0494	-16.2292	15.4708	0.1353	-0.0239	-0.1299	0.7571	-0.6206	-0.0112	-0.2040	-0.0024	0.0088	-0.0063	2.3170	3.1657	-8.9878	0.029188845006567377	2	0	7	Upright	Normal
2.3373	3.1801	-9.0411	17.1314	163.6248	-98.8687	-44.5202	-15.8757	15.9668	0.0253	0.0211	-0.0497	0.7573	-0.6204	-0.0111	-0.2036	0.0094	-0.0168	-0.0084	2.3121	3.1590	-8.9914	-0.08577242416724573	2	0	7	Upright	Normal
2.3373	3.1801	-9.0411	17.1404	163.6342	-98.8960	-44.8511	-16.0191	16.1944	0.0250	0.0214	-0.0497	0.7575	-0.6202	-0.0110	-0.2036	-0.0024	0.0013	-0.0074	2.3124	3.1587	-8.9914	0.0	2	0	7	Upright	Normal
2.3373	3.2567	-9.0028	17.1527	163.6432	-98.9280	-44.3719	-16.6049	15.9403	0.0245	0.0979	-0.0115	0.7576	-0.6200	-0.0110	-0.2036	-0.0013	-0.0029	-0.0063	2.3128	3.1588	-8.9913	-0.010041340068832838	2	0	7	Upright	Normal
2.3750	3.1795	-9.1171	17.2058	163.6426	-98.9484	-44.9752	-15.6415	15.8033	0.0551	0.0184	-0.1284	0.7577	-0.6198	-0.0107	-0.2039	-0.0098	0.0120	-0.0084	2.3200	3.1611	-8.9887	0.08848623739902095	3	0	8	Upright	Normal
2.3750	3.1412	-9.0788	17.2171	163.6555	-98.9729	-44.9373	-16.0953	15.7025	0.0542	-0.0192	-0.0901	0.7579	-0.6196	-0.0106	-0.2039	-0.0109	0.0077	-0.0072	2.3209	3.1603	-8.9887	-0.047328746677202105	3	0	8	Upright	Normal
2.3373	3.1801	-9.0411	17.2130	163.6951	-99.0139	-44.7087	-16.7779	16.2258	0.0178	0.0245	-0.0504	0.7581	-0.6194	-0.0104	-0.2037	0.0062	-0.0072	-0.0061	2.3195	3.1556	-8.9907	-0.031116150652986008	3	0	8	Upright	Normal
2.3367	3.2178	-9.0788	17.2301	163.6999	-99.0478	-45.0296	-16.8369	16.4139	0.0163	0.0612	-0.0887	0.7583	-0.6192	-0.0104	-0.2038	-0.0002	0.0035	-0.0072	2.3204	3.1566	-8.9901	0.04659705069210851	3	0	8	Upright	Normal
2.3756	3.1418	-9.1177	17.2485	163.7199	-99.1062	-44.8196	-16.2735	15.7808	0.0548	-0.0144	-0.1275	0.7586	-0.6188	-0.0102	-0.2038	0.0019	-0.0083	-0.0082	2.3209	3.1562	-8.9902	0.02055128882932955	3	0	8	Upright	Normal
2.3750	3.1795	-9.1554	17.2612	163.7316	-99.1386	-44.7918	-15.7753	16.0102	0.0536	0.0236	-0.1653	0.7588	-0.6186	-0.0101	-0.2038	-0.0087	0.0003	-0.0072	2.3215	3.1559	-8.9901	0.04642596730406012	3	0	8	Upright	Normal
2.4134	3.1795	-9.1171	17.2753	163.7416	-99.1567	-44.8558	-16.2723	15.7914	0.0902	0.0241	-0.1273	0.7589	-0.6184	-0.0100	-0.2038	-0.0076	0.0056	-0.0058	2.3231	3.1554	-8.9898	-0.025887666453366265	3	0	8	Upright	Normal
2.3750	3.1412	-9.0788	17.3244	163.7695	-99.1876	-44.3492	-16.2719	16.0125	0.0449	-0.0123	-0.0901	0.7590	-0.6182	-0.0096	-0.2040	0.0222	0.0056	-0.0047	2.3302	3.1535	-8.9887	-0.05657048971914591	3	0	8	Upright	Normal
2.3756	3.2950	-9.0794	17.3390	163.6655	-99.2106	-44.9001	-16.1210	15.8929	0.0486	0.1236	-0.0962	0.7591	-0.6178	-0.0103	-0.2046	-0.0108	-0.0178	-0.0100	2.3270	3.1714	-8.9832	0.0505792566803418	3	0	8	Upright	Normal
2.3750	3.2944	-9.0788	17.3281	163.6415	-99.2331	-45.0614	-16.0251	15.9762	0.0519	0.1185	-0.0962	0.7593	-0.6177	-0.0105	-0.2047	0.0137	0.0109	-0.0068	2.3231	3.1759	-8.9826	-8.896615984745893E-4	3	0	8	Upright	Normal
2.4140	3.2950	-8.9645	17.4622	163.6933	-99.2455	-45.1458	-16.1653	15.6240	0.0687	0.1236	0.0139	0.7593	-0.6174	-0.0094	-0.2053	0.0147	0.0365	-0.0058	2.3453	3.1714	-8.9784	-0.09454059107119583	4	0	9	Upright	Normal
2.3750	3.1795	-9.1554	17.5214	163.7049	-99.2225	-44.8715	-16.3494	15.9352	0.0189	0.0093	-0.1794	0.7592	-0.6175	-0.0090	-0.2056	0.0020	-0.0168	-0.0099	2.3562	3.1702	-8.9760	0.1273091521618408	4	0	9	Upright	Normal
2.4140	3.2184	-9.1177	17.5128	163.7446	-99.2566	-44.4926	-16.0172	16.4028	0.0594	0.0534	-0.1395	0.7594	-0.6174	-0.0088	-0.2053	0.0212	-0.0083	-0.0078	2.3545	3.1650	-8.9783	-0.012698265082814686	4	0	9	Upright	Normal
2.4134	3.1412	-9.0405	17.4458	163.8384	-99.2792	-44.5293	-16.1425	15.8869	0.0666	-0.0081	-0.0546	0.7595	-0.6175	-0.0086	-0.2044	0.0041	0.0003	-0.0110	2.3468	3.1493	-8.9859	-0.09556658953347252	4	0	9	Upright	Normal
2.3750	3.1795	-9.0788	17.4208	163.8755	-99.3123	-44.5479	-16.4147	15.7905	0.0325	0.0355	-0.0901	0.7597	-0.6174	-0.0086	-0.2040	0.0041	-0.0146	-0.0078	2.3426	3.1440	-8.9887	0.038030410385381686	4	0	9	Upright	Normal
2.3756	3.1418	-9.0411	17.4086	163.8933	-99.3346	-44.4738	-15.5260	16.4269	0.0355	0.0000	-0.0509	0.7598	-0.6173	-0.0086	-0.2039	0.0009	0.0088	-0.0078	2.3402	3.1418	-8.9902	-0.0464637724701813	4	0	9	Upright	Normal
2.3750	3.1795	-9.0405	17.4088	163.8956	-99.3335	-44.2939	-15.9583	16.5364	0.0347	0.0382	-0.0501	0.7598	-0.6173	-0.0086	-0.2038	0.0062	0.0035	-0.0068	2.3403	3.1413	-8.9904	0.011381614914943938	4	0	9	Upright	Normal
2.2990	3.1801	-9.0794	17.4065	163.9001	-99.3291	-44.5507	-15.5947	16.5833	-0.0413	0.0397	-0.0887	0.7598	-0.6174	-0.0085	-0.2038	-0.0012	-0.0093	-0.0079	2.3403	3.1404	-8.9907	0.01788383364633006	4	0	9	Upright	Normal
2.2984	3.1029	-9.0788	17.2889	163.9654	-99.3564	-44.7105	-15.6812	16.7438	-0.0248	-0.0251	-0.0795	0.7600	-0.6175	-0.0088	-0.2027	0.0190	-0.0242	-0.0068	2.3233	3.1280	-8.9994	-0.025241652698523964	4	0	9	Upright	Normal
2.3750	3.0646	-9.0788	17.2835	163.9686	-99.3311	-44.9202	-15.7760	16.4386	0.0510	-0.0618	-0.0790	0.7598	-0.6177	-0.0088	-0.2026	0.0062	-0.0051	-0.0068	2.3240	3.1264	-8.9998	0.006169214427361069	4	0	9	Upright	Normal
2.3367	3.0646	-9.0788	17.2582	163.9880	-99.3387	-44.4919	-16.4908	16.0648	0.0163	-0.0584	-0.0769	0.7599	-0.6177	-0.0088	-0.2024	0.0062	-0.0146	-0.0079	2.3204	3.1229	-9.0019	-0.00914411054057851	5	0	10	Upright	Normal
2.2984	3.0646	-9.0405	17.2526	163.9954	-99.3468	-44.3552	-15.8062	16.4310	-0.0209	-0.0573	-0.0380	0.7599	-0.6177	-0.0088	-0.2023	0.0041	0.0088	-0.0068	2.3194	3.1219	-9.0025	-0.0442803253833528	5	0	10	Upright	Normal
2.3373	3.0652	-9.1177	17.2516	164.0077	-99.3467	-44.4470	-15.6521	16.3177	0.0175	-0.0548	-0.1146	0.7599	-0.6177	-0.0087	-0.2022	0.0062	-0.0104	-0.0068	2.3198	3.1199	-9.0031	0.08042643993849019	5	0	10	Upright	Normal
2.2990	3.1035	-9.0794	17.2468	164.0127	-99.3460	-45.0903	-16.0630	15.9486	-0.0204	-0.0156	-0.0759	0.7599	-0.6177	-0.0087	-0.2022	0.0126	-0.0093	-0.0068	2.3194	3.1190	-9.0035	-0.032290732862488625	5	0	10	Upright	Normal
2.2607	3.0652	-8.9262	17.0750	164.1199	-99.4014	-44.4227	-15.5562	15.9872	-0.0332	-0.0344	0.0905	0.7603	-0.6178	-0.0091	-0.2005	0.0062	-0.0189	-0.0100	2.2939	3.0996	-9.0167	-0.16193696476658737	5	0	10	Upright	Normal
2.3367	3.1412	-9.1554	17.0650	164.1189	-99.3848	-44.3427	-15.5685	16.5316	0.0434	0.0422	-0.1383	0.7602	-0.6180	-0.0091	-0.2004	-0.0066	-0.0040	-0.0057	2.2933	3.0990	-9.0172	0.2525358807834177	5	0	10	Upright	Normal
2.1841	3.1418	-9.1177	17.0538	164.1171	-99.3801	-44.5302	-15.7174	17.2189	-0.1076	0.0431	-0.1001	0.7601	-0.6180	-0.0092	-0.2004	0.0020	-0.0019	-0.0044	2.2917	3.0987	-9.0176	-0.069286248775704	5	0	10	Upright	Normal
2.2990	3.0652	-9.1177	17.1344	164.0850	-99.3560	-44.3972	-15.6328	16.8144	-0.0052	-0.0398	-0.1055	0.7600	-0.6180	-0.0089	-0.2011	-0.0108	0.0248	-0.0044	2.3043	3.1050	-9.0122	0.002004917930863215	5	0	10	Upright	Normal
2.2990	3.0269	-9.0794	17.1672	164.0826	-99.3281	-45.1706	-15.8459	16.2128	-0.0117	-0.0781	-0.0688	0.7598	-0.6181	-0.0087	-0.2013	-0.0044	0.0035	-0.0055	2.3107	3.1050	-9.0106	-0.04714283698856825	5	0	10	Upright	Normal
2.2607	3.0652	-9.1560	17.1396	164.1275	-99.3373	-44.3204	-15.4846	15.9463	-0.0470	-0.0323	-0.1422	0.7599	-0.6182	-0.0086	-0.2009	0.0265	-0.0040	-0.0055	2.3077	3.0975	-9.0139	0.07366199449954536	5	0	10	Upright	Normal
2.2990	3.1418	-9.0411	17.1095	164.1521	-99.3204	-44.4509	-15.6574	16.8709	-0.0060	0.0497	-0.0247	0.7598	-0.6184	-0.0085	-0.2005	-0.0023	0.0035	-0.0055	2.3050	3.0921	-9.0164	-0.07291232686775828	6	0	11	Upright	Normal
Total time: 11 seconds.
