0.9960	-10.2663	1.8387	-29.6476	69.4072	73.7545	26.5700	28.0573	12.3957	0.0660	-0.9755	-1.1588	-0.4985	-0.3140	0.3604	-0.7231	0.5248	0.3990	0.1249	0.9300	-9.2908	2.9975	0.5142717095888862	5	0	1	Tilt	Normal
0.4214	-8.6957	4.0606	-30.6659	68.5595	75.4342	26.7647	28.2869	12.3464	-0.1046	0.5987	0.9773	-0.5051	-0.2960	0.3697	-0.7215	-0.1005	-0.1294	0.0717	0.5260	-9.2944	3.0833	-0.8707935653363919	5	0	1	Tilt	Normal
-0.1149	-9.0022	3.8690	-30.5727	65.2280	73.9546	27.7669	28.3179	11.8833	-0.5673	0.1330	0.3313	-0.4901	-0.2818	0.3752	-0.7346	0.3075	0.1359	0.0451	0.4524	-9.1352	3.5377	0.19276744388858624	0	0	1	Upright	Normal
-1.8387	-8.1594	4.1755	-31.6902	63.3207	73.5666	27.4367	28.9472	11.3977	-2.0990	0.8996	0.4290	-0.4885	-0.2652	0.3755	-0.7416	0.1168	0.2413	-0.0956	0.2602	-9.0591	3.7465	-0.45074193025859444	0	0	1	Upright	Normal
-2.2595	-8.9633	5.2475	-34.8632	61.0297	73.1008	26.1879	29.1795	12.1856	-2.1555	0.0352	1.3502	-0.4958	-0.2355	0.3673	-0.7509	0.0135	0.4842	-0.1531	-0.1040	-8.9985	3.8973	1.2809769322230942	0	0	1	Upright	Normal
-2.1452	-12.5265	2.2984	-39.3990	67.1226	79.2120	25.7417	28.5321	13.9914	-1.4593	-3.1979	-0.6475	-0.5482	-0.2219	0.3566	-0.7232	-1.8348	0.2531	0.6426	-0.6859	-9.3286	2.9459	2.285704161592486	0	0	1	Upright	Normal
3.4477	-9.7300	1.8004	-29.4123	73.6557	83.3658	27.9139	26.4161	15.2946	3.7068	-0.2261	-0.6035	-0.5373	-0.2979	0.4012	-0.6794	0.2904	-2.6967	-0.1457	-0.2592	-9.5039	2.4039	-2.436423563640858	0	0	1	Upright	Normal
5.7844	-6.8570	0.5746	-19.1381	74.1736	77.5751	29.8094	26.9918	10.5240	4.6108	2.5456	-1.9520	-0.4759	-0.3804	0.4146	-0.6759	0.1477	-0.6471	-0.7604	1.1736	-9.4026	2.5266	-1.4892744501677733	0	0	1	Upright	Normal
0.5363	-10.7643	2.2601	-30.7258	71.6184	74.8702	28.5750	28.4011	10.4022	-0.3674	-1.3681	-0.3982	-0.5135	-0.3174	0.3523	-0.7151	0.9296	3.6321	-0.1787	0.9037	-9.3962	2.6583	2.022755405826631	0	0	1	Upright	Normal
1.9920	-7.3933	4.1372	-28.8511	72.4477	70.1846	25.2729	29.8970	13.5255	0.1651	1.8871	1.5470	-0.4935	-0.3527	0.3287	-0.7239	-0.3562	0.0975	-0.6613	1.8269	-9.2804	2.5902	-2.3088948589457328	0	0	1	Upright	Normal
0.1155	-7.6608	4.8644	-24.7327	74.6854	68.4504	24.1135	30.2294	13.5209	-2.3505	1.5345	2.5120	-0.4740	-0.3941	0.3294	-0.7151	-0.3466	-0.9943	0.2142	2.4660	-9.1954	2.3525	0.37225670504376573	0	0	2	Upright	Normal
-2.9491	-13.5219	-0.2304	-28.5450	78.1786	78.4726	25.8938	29.5781	13.6576	-3.9265	-3.9248	-1.9951	-0.5347	-0.3523	0.3554	-0.6809	-0.6587	1.3567	1.0760	0.9774	-9.5970	1.7647	4.766239896624056	0	0	2	Upright	Normal
4.4053	-11.5688	3.1412	-33.9755	75.1736	77.1439	27.5341	27.4543	16.4581	3.6633	-2.0141	1.0603	-0.5447	-0.3117	0.3332	-0.7036	0.7027	0.8411	0.3399	0.7421	-9.5547	2.0809	-1.0701890063868298	0	0	2	Upright	Normal
0.3448	-11.1474	-0.8811	-38.6629	69.7801	74.8887	27.3245	28.1041	16.5252	-0.0099	-1.7113	-3.5276	-0.5437	-0.2634	0.3202	-0.7296	0.0817	2.4667	0.1002	0.3546	-9.4361	2.6465	-1.5840075496838466	0	0	2	Upright	Normal
-0.8045	-2.5666	0.6895	-56.1469	64.6809	72.2545	23.3512	27.8211	20.3510	-0.1890	6.9379	-1.6466	-0.5994	-0.1468	0.2362	-0.7505	0.2702	1.3428	0.0767	-0.6155	-9.5045	2.3361	-8.410781153514309	0	0	2	Upright	Normal
1.1498	-6.6649	1.1869	-59.2879	50.3668	59.2412	19.3556	28.6932	22.5657	1.9089	2.5759	-2.0077	-0.5719	-0.1003	0.2058	-0.7877	1.7403	1.7679	-0.7841	-0.7591	-9.2407	3.1946	4.090006088043561	0	0	2	Upright	Normal
-2.4900	-13.9055	6.0908	-59.4296	23.8653	30.6235	14.2842	33.4264	18.8797	-1.9709	-5.2396	1.5297	-0.5152	-0.0451	0.1255	-0.8466	0.6068	2.7106	-0.4475	-0.5191	-8.6660	4.5611	8.517079676305679	0	0	2	Upright	Normal
1.4180	-18.9615	6.4350	-65.4918	0.4414	3.3571	5.8056	34.6464	18.8519	1.8651	-10.0494	2.3674	-0.5408	0.0126	0.0226	-0.8408	0.4055	2.3932	-0.8513	-0.4471	-8.9121	4.0676	4.6900382667054465	0	0	2	Upright	Normal
2.7587	-2.4894	1.6849	-72.5818	-8.8480	-14.2301	-1.7590	32.7217	21.3950	1.9481	6.8435	-1.2151	-0.5933	-0.0114	-0.0542	-0.8031	-2.7935	0.7804	-1.9911	0.8106	-9.3329	2.9000	-15.993821582972481	0	0	2	Upright	Normal
2.9119	-7.6992	4.2898	-77.8334	-17.8544	-25.7696	-7.3618	26.8715	26.3903	1.6526	1.8254	2.3231	-0.6319	-0.0207	-0.0764	-0.7710	0.0209	-1.1819	-0.0907	1.2594	-9.5246	1.9667	5.202196564028611	0	1	3	Jump	Normal
-1.3402	-2.5660	1.3402	-70.4667	-41.0415	-47.2375	-8.4719	26.5303	26.4410	-2.0861	6.8946	-1.1326	-0.6098	0.0459	-0.1212	-0.7819	0.7165	2.4176	0.7745	0.7459	-9.4605	2.4728	-6.09211693618649	0	1	3	Jump	Normal
0.3071	-13.2537	0.1909	-61.6939	-29.6610	-40.7368	-11.7109	29.6783	22.2000	-0.9119	-4.4017	-3.8497	-0.5412	0.0335	-0.1658	-0.8237	1.8969	0.9455	-1.8503	1.2189	-8.8520	4.0407	10.06854933135915	0	1	3	Jump	Normal
0.4603	0.3071	2.6809	-44.4160	-41.4519	-51.4501	-18.5548	31.5768	12.4870	0.4830	8.5901	-2.5691	-0.4607	0.1417	-0.2553	-0.8381	0.1136	1.1713	-0.0809	-0.0227	-8.2830	5.2500	-10.521222352012337	0	1	3	Jump	Normal
-0.0377	-1.1103	6.0519	-34.2812	-27.1536	-47.0398	-23.5051	33.3120	6.2815	-0.5845	5.5146	-1.1580	-0.3522	0.0914	-0.3072	-0.8793	2.6937	0.1550	-0.7903	0.5468	-6.6249	7.2100	3.415612310772707	0	1	3	PT	Normal
4.5209	5.5935	13.9049	-20.5372	-13.4400	-59.7392	-32.8769	28.4751	-1.5406	2.7794	9.2485	4.9731	-0.2109	0.0117	-0.4686	-0.8578	6.9004	1.0733	-5.0844	1.7415	-3.6550	8.9319	9.501753987923744	0	1	3	Jump	Normal
15.5527	0.3831	19.3835	-15.7101	7.3673	-67.8427	-44.1606	12.5891	-8.0274	12.6396	0.2117	10.0212	-0.0777	-0.1289	-0.5590	-0.8154	4.1148	-0.1729	-1.9776	2.9131	0.1713	9.3622	9.19986710288026	0	1	3	Jump	Normal
-2.7575	-0.1909	13.7517	-17.1285	30.9541	-72.4749	-50.3793	-2.0141	-9.8292	-6.6382	-4.2549	5.7148	0.0402	-0.2977	-0.5954	-0.7452	2.2292	-2.6219	0.0805	3.8807	4.0640	8.0369	-10.82790032868919	0	1	3	Jump	Normal
1.1498	5.8999	8.1971	-21.2464	38.7614	-79.3476	-51.7365	-3.8866	-1.6263	-2.7083	0.3783	1.0702	0.0744	-0.3621	-0.6390	-0.6746	1.7882	0.6814	-1.8913	3.8581	5.5216	7.1269	-3.86193569934688	0	1	3	Jump	Normal
-2.1446	2.2607	0.6123	-24.9057	59.0981	-80.0727	-49.3655	-12.2112	2.3785	-5.6844	-5.6621	-3.9557	0.1662	-0.4894	-0.6279	-0.5820	4.1169	0.7368	-0.8527	3.5398	7.9229	4.5680	-6.989120606735046	0	1	3	Jump	Normal
1.5712	7.7770	-0.5752	-20.0836	63.6410	-86.0046	-47.7590	-17.4156	3.1015	-0.5324	-0.8845	-4.6645	0.2457	-0.4807	-0.6379	-0.5492	0.6345	2.0034	-0.7280	2.1036	8.6615	4.0893	4.779265003003015	0	2	4	Jump	Normal
5.5168	6.7044	0.9188	-13.9737	67.0325	-82.2024	-46.6264	-19.4954	-4.6818	3.3764	-2.1160	-2.7945	0.2839	-0.4797	-0.5946	-0.5794	0.8742	0.9508	-0.0849	2.1404	8.8204	3.7133	0.7759279353594586	0	2	4	PT	Normal
0.2687	3.2567	-0.8051	-7.2638	72.3506	-83.6812	-45.9306	-21.2457	-7.9570	-1.1334	-5.9901	-3.7544	0.3549	-0.4730	-0.5652	-0.5752	2.0077	1.9309	-0.8647	1.4021	9.2469	2.9494	-5.365395646296713	0	2	4	Jump	Normal
-0.0760	9.8456	4.1749	-3.5184	64.5694	-88.6431	-44.6524	-24.1888	-9.6664	-0.5439	0.9978	-0.0283	0.3544	-0.4001	-0.6021	-0.5931	-1.7527	0.1743	-0.4834	0.4679	8.8478	4.2032	7.328973146622875	0	2	4	Jump	Normal
-0.5740	6.3596	5.8221	-1.9864	49.8948	-90.3635	-43.6443	-22.4344	-15.6236	-0.7453	-1.1423	-0.4914	0.2881	-0.3084	-0.6482	-0.6338	-2.8031	-0.2092	-0.1595	0.1713	7.5019	6.3135	-2.0532278586783583	0	2	4	PT	Normal
-0.1532	5.0949	7.6998	-3.6989	36.1307	-89.6138	-45.4188	-17.0196	-18.3225	-0.7031	-0.6838	-0.2043	0.1967	-0.2415	-0.6767	-0.6671	-0.8132	-0.3882	0.0376	0.5499	5.7787	7.9040	0.5928598622847776	0	2	4	PT	Normal
1.1115	8.4665	12.4876	-5.7314	27.5195	-88.4611	-46.2272	-14.2903	-18.3698	0.1217	3.9603	3.8340	0.1309	-0.2041	-0.6852	-0.6868	-1.8188	0.3638	0.1201	0.9899	4.5062	8.6535	5.893938770159004	0	2	4	Jump	Normal
0.0766	4.2138	8.3510	-1.2965	25.2132	-89.1781	-46.2948	-13.5698	-21.1588	-0.1839	0.0397	-0.5191	0.1453	-0.1632	-0.6868	-0.6932	-0.0238	0.8986	-0.2250	0.2605	4.1741	8.8701	-5.77382135607159	0	2	4	Jump	Normal
0.5363	3.1412	7.7381	-0.7853	22.8143	-88.8522	-44.6791	-13.2908	-23.6000	0.3364	-0.6580	-1.3005	0.1336	-0.1459	-0.6871	-0.6991	-0.5660	-0.4437	0.1510	0.1999	3.7991	9.0386	-0.9856372652622802	0	2	4	PT	Normal
-0.7278	3.3327	10.2663	-2.4409	21.0885	-88.9363	-45.5707	-11.6556	-22.3668	-1.1829	-0.1879	1.1248	0.1132	-0.1452	-0.6913	-0.6987	0.0007	-0.3307	-0.0077	0.4550	3.5207	9.1415	2.4496332982717846	0	3	5	Walk	Normal
1.3791	3.8307	10.0365	-5.8471	21.4474	-88.7604	-46.8809	-11.2249	-20.9713	0.3720	0.2659	0.9565	0.0942	-0.1679	-0.6931	-0.6947	0.0763	-0.6482	0.0520	1.0071	3.5648	9.0800	0.012656822076436924	0	3	5	Tilt	Normal
1.6855	3.8690	9.1171	-11.3587	22.6481	-88.9462	-49.3068	-10.6302	-16.4416	-0.1661	0.1263	0.2441	0.0676	-0.2074	-0.6974	-0.6826	0.2596	-0.7811	0.0288	1.8516	3.7427	8.8731	-0.784388194699785	0	0	5	Tilt	Normal
2.2984	3.8690	7.7381	-16.1401	24.7006	-88.6704	-50.3429	-10.8961	-11.7446	-0.2726	-0.1703	-0.8200	0.0499	-0.2473	-0.6974	-0.6708	0.3448	-0.7438	0.0959	2.5711	4.0393	8.5581	-1.0949350577604022	0	0	5	Tilt	Normal
2.9880	4.3287	7.8530	-18.6587	25.7416	-88.1351	-51.2458	-10.2098	-9.3551	0.0248	0.1639	-0.5161	0.0393	-0.2679	-0.6950	-0.6661	0.0007	-0.3156	0.1598	2.9631	4.1649	8.3691	0.5002046264071129	0	0	5	Tilt	Normal
3.1412	4.2521	8.5425	-19.9943	24.6281	-87.8616	-51.4755	-9.1222	-7.7727	-0.0572	0.2821	0.1653	0.0236	-0.2689	-0.6942	-0.6672	-0.3263	-0.0983	0.1843	3.1984	3.9700	8.3772	0.5942432600078309	0	0	5	Tilt	Normal
3.2950	3.4866	8.3504	-20.3039	22.6484	-87.9787	-51.4521	-8.3116	-7.6992	0.0233	-0.1766	-0.1377	0.0099	-0.2591	-0.6952	-0.6704	-0.2794	-0.0216	0.0671	3.2717	3.6631	8.4880	-0.41568868008633686	0	0	5	Tilt	Normal
3.4482	3.4866	8.1205	-20.9112	21.8919	-87.9147	-51.5520	-7.7641	-7.5974	0.0696	-0.0492	-0.3795	0.0014	-0.2581	-0.6950	-0.6711	-0.1185	-0.0681	0.0400	3.3787	3.5358	8.5000	-0.1440431728403766	0	0	5	Upright	Normal
3.9456	3.4477	8.7724	-21.0847	21.0687	-87.7944	-51.3009	-7.5393	-7.0803	0.5204	0.0516	0.2340	-0.0050	-0.2542	-0.6943	-0.6733	-0.0759	0.0565	0.0368	3.4252	3.3960	8.5383	0.7318396072845381	0	0	5	Upright	Normal
3.5626	3.4093	8.5808	-21.0093	20.9900	-87.6726	-52.0207	-7.6241	-7.3585	0.1401	0.0328	0.0337	-0.0053	-0.2533	-0.6936	-0.6744	0.0189	0.0288	0.0219	3.4225	3.3766	8.5472	-0.3213458957210289	0	0	5	Upright	Normal
3.4866	3.4482	8.7334	-21.1237	21.2793	-87.5864	-51.1714	-7.1945	-7.3683	0.0465	0.0311	0.2095	-0.0044	-0.2557	-0.6931	-0.6740	0.0839	-0.0372	0.0048	3.4400	3.4171	8.5240	0.11917884440588011	1	0	6	Upright	Normal
3.6015	3.5632	8.6568	-21.2483	21.5505	-87.5267	-50.7334	-7.1571	-7.0405	0.1437	0.1070	0.1559	-0.0037	-0.2580	-0.6927	-0.6735	0.0317	0.0075	0.0038	3.4578	3.4562	8.5009	0.014398897934125188	1	0	6	Upright	Normal
3.6015	3.4866	8.5802	-21.1759	21.5300	-87.4988	-50.8215	-7.0321	-6.6183	0.1523	0.0350	0.0739	-0.0034	-0.2575	-0.6926	-0.6738	-0.0311	0.0440	0.0327	3.4491	3.4515	8.5063	-0.09317004582462651	1	0	6	Upright	Normal
3.4866	3.4482	8.4653	-21.1238	21.1966	-87.4951	-51.1530	-7.3715	-6.9218	0.0398	0.0498	-0.0634	-0.0051	-0.2552	-0.6925	-0.6747	-0.0556	0.0280	0.0476	3.4468	3.3984	8.5287	-0.15411908686575337	1	0	6	Upright	Normal
3.6398	3.4866	8.7334	-21.0970	20.8288	-87.4839	-51.1267	-7.1786	-7.7592	0.1908	0.1477	0.1821	-0.0072	-0.2529	-0.6924	-0.6757	-0.0407	0.0227	0.0402	3.4490	3.3389	8.5513	0.300457441376226	1	0	6	Upright	Normal
3.6009	3.4093	8.8107	-21.0934	20.7158	-87.4472	-50.8964	-7.1112	-7.5505	0.1486	0.0910	0.2527	-0.0079	-0.2522	-0.6922	-0.6761	0.0104	0.0195	0.0295	3.4523	3.3184	8.5579	0.026812398645486013	1	0	6	Upright	Normal
3.4866	3.4482	8.6568	-20.9801	20.8760	-87.1751	-50.6929	-6.8533	-7.4283	0.0377	0.1196	0.1015	-0.0069	-0.2525	-0.6906	-0.6777	0.0179	0.0218	0.0397	3.4488	3.3287	8.5554	-0.16110047263942384	1	0	6	Upright	Normal
3.6015	3.4866	8.6951	-20.8999	20.9539	-86.9654	-50.9416	-7.0540	-7.5267	0.1534	0.1574	0.1396	-0.0064	-0.2525	-0.6894	-0.6789	0.0094	0.0207	0.0397	3.4481	3.3291	8.5555	0.08732676461026578	1	0	6	Upright	Normal
3.5632	3.4482	8.7334	-20.8460	20.9929	-86.7450	-51.5875	-6.7517	-7.9102	0.1109	0.1257	0.1772	-0.0063	-0.2524	-0.6881	-0.6803	-0.0002	0.0165	0.0418	3.4523	3.3226	8.5563	0.0063157526439212575	1	0	6	Upright	Normal
3.6398	3.4099	8.6951	-20.8402	20.9956	-86.4627	-50.4837	-7.1041	-7.5610	0.1721	0.1040	0.1387	-0.0068	-0.2524	-0.6864	-0.6820	-0.0045	0.0101	0.0472	3.4677	3.3059	8.5564	-0.018858763042830518	2	0	7	Upright	Normal
3.5632	3.4866	8.7718	-20.8544	21.0206	-86.2250	-50.4781	-6.5688	-7.7607	0.0799	0.1911	0.2176	-0.0073	-0.2526	-0.6850	-0.6833	-0.0002	0.0090	0.0461	3.4833	3.2955	8.5542	0.06547488986167949	2	0	7	Upright	Normal
3.5632	3.3716	8.6185	-20.8292	21.0447	-86.0020	-50.3050	-6.6596	-7.5426	0.0711	0.0856	0.0642	-0.0075	-0.2526	-0.6836	-0.6847	0.0041	0.0144	0.0511	3.4921	3.2860	8.5543	-0.1726776128914782	2	0	7	Upright	Normal
3.4860	3.4093	8.6191	-20.7861	21.0720	-85.8536	-51.1140	-6.9352	-7.1708	-0.0079	0.1275	0.0639	-0.0074	-0.2525	-0.6827	-0.6856	0.0083	0.0155	0.0501	3.4939	3.2819	8.5552	-0.01403749107523744	2	0	7	Upright	Normal
3.6392	3.3710	8.6191	-20.7575	21.1137	-85.6700	-50.4229	-6.7421	-7.4300	0.1395	0.0934	0.0648	-0.0073	-0.2526	-0.6816	-0.6867	0.0051	0.0187	0.0490	3.4997	3.2777	8.5543	0.041914502221649386	2	0	7	Upright	Normal
3.5632	3.3716	8.6951	-20.7292	21.1308	-85.5005	-50.3373	-7.1334	-7.4250	0.0582	0.1013	0.1401	-0.0074	-0.2525	-0.6806	-0.6877	-0.0002	0.0208	0.0511	3.5050	3.2703	8.5551	0.03876664852615974	2	0	7	Upright	Normal
3.5632	3.4099	8.7334	-20.6819	21.1201	-85.3698	-50.3235	-7.3934	-7.6781	0.0578	0.1487	0.1752	-0.0075	-0.2522	-0.6798	-0.6886	-0.0013	0.0133	0.0501	3.5054	3.2612	8.5582	0.04633205782462646	2	0	7	Upright	Normal
3.5626	3.3710	8.6574	-20.6390	21.1266	-85.1971	-51.4022	-6.9683	-7.2286	0.0537	0.1188	0.0971	-0.0076	-0.2520	-0.6788	-0.6897	-0.0023	0.0135	0.0649	3.5089	3.2522	8.5603	-0.07956760703973131	2	0	7	Upright	Normal
3.5626	3.4093	8.5425	-20.6493	21.1278	-85.0520	-50.4856	-7.2996	-8.1734	0.0440	0.1659	-0.0172	-0.0079	-0.2520	-0.6779	-0.6905	0.0041	0.0146	0.0628	3.5186	3.2434	8.5597	-0.0866364484628992	2	0	7	Upright	Normal
3.5249	3.3716	8.6951	-20.6104	21.1492	-84.9394	-50.5473	-7.1215	-7.7617	0.0058	0.1312	0.1345	-0.0078	-0.2519	-0.6772	-0.6912	0.0062	0.0167	0.0607	3.5190	3.2404	8.5606	0.10626647086643715	2	0	7	Upright	Normal
3.5632	3.3333	8.6568	-20.5924	21.1579	-84.8298	-50.8977	-7.1800	-7.2499	0.0407	0.0980	0.0956	-0.0079	-0.2519	-0.6766	-0.6919	0.0052	0.0146	0.0617	3.5225	3.2353	8.5612	-0.03264640600196067	3	0	8	Upright	Normal
3.6398	3.4482	8.6568	-20.5801	21.1697	-84.7259	-50.9082	-7.2663	-7.2699	0.1134	0.2173	0.0956	-0.0080	-0.2519	-0.6760	-0.6925	0.0105	0.0135	0.0586	3.5264	3.2310	8.5612	0.06674376431666396	3	0	8	Upright	Normal
3.5243	3.3710	8.6957	-20.5768	21.2389	-84.5920	-50.5597	-6.4620	-7.1441	-0.0087	0.1371	0.1384	-0.0078	-0.2523	-0.6751	-0.6932	0.0062	0.0136	0.0690	3.5329	3.2340	8.5573	-0.033989087170834154	3	0	8	Upright	Normal
3.6392	3.4477	8.7724	-20.5898	21.2375	-84.4705	-50.5435	-6.5624	-7.1522	0.0974	0.2216	0.2156	-0.0082	-0.2523	-0.6744	-0.6938	0.0020	0.0136	0.0744	3.5418	3.2260	8.5567	0.13380149849032819	3	0	8	Upright	Normal
3.5632	3.4866	8.6568	-20.5521	21.2622	-84.2915	-50.3492	-7.1219	-7.5464	0.0171	0.2671	0.0995	-0.0082	-0.2522	-0.6733	-0.6949	0.0031	0.0136	0.0722	3.5461	3.2195	8.5573	-0.11408973045209159	3	0	8	Upright	Normal
3.5632	3.4482	8.7334	-20.5446	21.2754	-84.2005	-50.7710	-6.8985	-7.9094	0.0132	0.2322	0.1764	-0.0083	-0.2523	-0.6728	-0.6954	0.0062	0.0115	0.0712	3.5500	3.2160	8.5570	0.05320331402951872	3	0	8	Upright	Normal
3.6015	3.3716	8.6951	-20.5573	21.2995	-84.0979	-51.0768	-6.8289	-7.4329	0.0440	0.1583	0.1402	-0.0084	-0.2525	-0.6722	-0.6960	0.0041	0.0147	0.0712	3.5575	3.2133	8.5549	-0.045684084129552716	3	0	8	Upright	Normal
3.6398	3.4099	8.6568	-20.5059	21.4006	-83.8484	-51.0092	-6.9359	-7.3438	0.0763	0.1950	0.1049	-0.0081	-0.2528	-0.6706	-0.6973	0.0052	0.0148	0.0818	3.5635	3.2150	8.5519	-0.006378663859244682	3	0	8	Upright	Normal
3.5626	3.4860	8.7340	-20.4720	21.4343	-83.6730	-50.3912	-7.6143	-6.7009	-0.0055	0.2759	0.1823	-0.0080	-0.2528	-0.6696	-0.6983	0.0020	0.0138	0.0850	3.5681	3.2100	8.5518	0.06541239412336886	3	0	8	Upright	Normal
3.4860	3.3710	8.6574	-20.4222	21.4697	-83.4342	-50.6023	-7.6014	-7.6578	-0.0880	0.1694	0.1049	-0.0080	-0.2527	-0.6681	-0.6998	0.0020	0.0138	0.0839	3.5739	3.2016	8.5525	-0.13317132551316568	3	0	8	Upright	Normal
3.6398	3.3716	8.6951	-20.3859	21.4925	-83.1350	-50.3546	-6.3554	-6.6119	0.0546	0.1844	0.1420	-0.0083	-0.2527	-0.6663	-0.7016	0.0031	0.0127	0.0850	3.5852	3.1873	8.5531	0.08799902529676906	4	0	9	Upright	Normal
3.5243	3.3710	8.7340	-20.3415	21.5081	-82.9396	-50.4967	-6.8082	-7.5274	-0.0651	0.1927	0.1794	-0.0084	-0.2525	-0.6651	-0.7027	-0.0001	0.0159	0.0850	3.5894	3.1783	8.5546	-0.007669460016712648	4	0	9	Upright	Normal
3.5632	3.3716	8.7334	-20.2758	21.4946	-82.7193	-50.1844	-6.8341	-6.9475	-0.0287	0.2080	0.1743	-0.0085	-0.2521	-0.6637	-0.7042	0.0010	0.0159	0.0839	3.5919	3.1636	8.5591	0.013449925978950006	4	0	9	Upright	Normal
3.5243	3.4860	8.6574	-20.1617	21.5357	-82.4865	-50.5177	-6.8975	-7.2034	-0.0634	0.3282	0.0944	-0.0080	-0.2517	-0.6622	-0.7057	-0.0001	0.0180	0.0829	3.5877	3.1578	8.5630	-0.04065919146894181	4	0	9	Upright	Normal
3.5249	3.4099	8.6951	-20.0949	21.5661	-82.3512	-50.7891	-7.7456	-7.2953	-0.0605	0.2545	0.1303	-0.0077	-0.2515	-0.6614	-0.7066	0.0031	0.0138	0.0839	3.5853	3.1554	8.5648	0.006695421508410959	4	0	9	Upright	Normal
3.6015	3.4099	8.7334	-20.0383	21.6197	-82.1269	-50.1735	-7.3666	-7.1167	0.0123	0.2587	0.1686	-0.0075	-0.2515	-0.6600	-0.7079	0.0020	0.0127	0.0850	3.5892	3.1512	8.5648	0.06059057588135097	4	0	9	Upright	Normal
3.5626	3.3710	8.7724	-19.9987	21.6677	-82.0073	-50.5494	-6.9111	-7.3760	-0.0274	0.2188	0.2083	-0.0073	-0.2516	-0.6593	-0.7085	0.0049	-0.0015	-0.0022	3.5900	3.1523	8.5641	0.006980132271300121	4	0	9	Upright	Normal
3.5249	3.3716	8.7718	-20.0597	21.6156	-82.2212	-50.8075	-7.3065	-6.5848	-0.0624	0.2156	0.2078	-0.0075	-0.2516	-0.6606	-0.7073	0.0039	-0.0004	-0.0011	3.5873	3.1560	8.5639	-0.013624487257128948	4	0	9	Upright	Normal
3.5632	3.2950	8.7334	-20.1439	21.5540	-82.4876	-50.5497	-6.9266	-7.6436	-0.0218	0.1339	0.1706	-0.0078	-0.2517	-0.6622	-0.7057	-0.0004	-0.0015	0.0010	3.5850	3.1611	8.5629	-0.045505156490195375	4	0	9	Upright	Normal
3.6392	3.4093	8.6574	-20.2307	21.5032	-82.7543	-50.8117	-7.3349	-7.2801	0.0560	0.2414	0.0964	-0.0081	-0.2519	-0.6639	-0.7041	0.0028	-0.0004	-0.0011	3.5832	3.1680	8.5611	-4.013949673726813E-4	4	0	9	Upright	Normal
3.5249	3.4482	8.6951	-20.3244	21.4331	-83.0661	-51.1859	-6.7838	-6.7084	-0.0551	0.2738	0.1351	-0.0084	-0.2520	-0.6658	-0.7022	0.0028	-0.0015	-0.0011	3.5799	3.1744	8.5600	0.005107522647103124	5	0	10	Upright	Normal
3.6398	3.4099	8.6568	-20.4020	21.3820	-83.3111	-50.6661	-7.3608	-7.2174	0.0618	0.2297	0.0982	-0.0087	-0.2521	-0.6673	-0.7007	0.0071	-0.0025	-0.0022	3.5780	3.1802	8.5587	-0.005203981993735951	5	0	10	Upright	Normal
3.6015	3.3716	8.7718	-20.4884	21.3218	-83.5998	-50.1709	-6.9005	-6.7980	0.0265	0.1845	0.2143	-0.0089	-0.2522	-0.6691	-0.6990	-0.0006	-0.0013	0.0010	3.5750	3.1871	8.5575	0.07316037110263274	5	0	10	Upright	Normal
3.4866	3.4099	8.7718	-20.5528	21.2708	-83.8282	-50.3756	-7.1551	-7.3666	-0.0856	0.2179	0.2149	-0.0092	-0.2523	-0.6705	-0.6976	-0.0016	-0.0034	0.0021	3.5721	3.1921	8.5569	-0.02759620603774593	5	0	10	Upright	Normal
3.5626	3.4477	8.6191	-20.6140	21.2341	-84.0504	-50.7270	-7.5676	-7.0003	-0.0064	0.2487	0.0636	-0.0093	-0.2524	-0.6719	-0.6963	-0.0006	-0.0024	0.0021	3.5690	3.1990	8.5555	-0.09312718688160082	5	0	10	Upright	Normal
3.5632	3.3716	8.7334	-20.6837	21.1805	-84.2582	-50.4622	-7.1059	-6.5523	-0.0048	0.1694	0.1788	-0.0096	-0.2525	-0.6731	-0.6950	-0.0048	0.0008	-0.0001	3.5680	3.2022	8.5546	0.0735835816859236	5	0	10	Upright	Normal
3.6392	3.3710	8.7340	-20.7426	21.1396	-84.4229	-50.8817	-7.6080	-6.7548	0.0714	0.1659	0.1803	-0.0098	-0.2525	-0.6741	-0.6940	-0.0038	0.0030	0.0010	3.5678	3.2051	8.5537	0.02760628564141321	5	0	10	Upright	Normal
3.5632	3.4866	8.7718	-20.8090	21.0913	-84.6557	-51.0534	-7.1380	-7.5212	-0.0018	0.2756	0.2191	-0.0100	-0.2526	-0.6755	-0.6926	0.0005	0.0072	-0.0011	3.5650	3.2109	8.5527	0.045052029297023566	5	0	10	Upright	Normal
3.6392	3.4477	8.6957	-20.8670	21.0615	-84.8375	-50.7277	-7.6630	-7.7590	0.0756	0.2310	0.1445	-0.0102	-0.2528	-0.6767	-0.6915	-0.0155	0.0040	0.0021	3.5636	3.2166	8.5512	-0.052251266896124804	5	0	10	Upright	Normal
3.6009	3.4477	8.7724	-20.9025	21.0342	-84.9833	-50.4451	-6.2079	-7.5940	0.0400	0.2269	0.2216	-0.0103	-0.2528	-0.6775	-0.6906	0.0038	0.0007	0.0021	3.5609	3.2208	8.5507	0.05278976693109705	6	0	11	Upright	Normal
Total time: 11 seconds.
