-8.1594	-5.8227	0.6129	-30.6884	-82.9109	-39.4033	-9.6576	26.8500	13.5224	-1.0318	0.8321	-0.4278	-0.4019	0.5342	-0.0787	-0.7395	-0.1478	-0.1307	-0.2305	-7.1277	-6.6548	1.0407	0.5039292543358993	4	0	1	Tilt	Normal
-7.8141	-5.5539	0.3825	-31.1119	-83.1048	-39.9722	-9.8600	26.6859	14.2769	-0.7438	1.1667	-0.6255	-0.4070	0.5319	-0.0792	-0.7383	-0.0541	-0.1052	-0.2411	-7.0702	-6.7207	1.0080	-0.44828632806068747	4	0	1	Tilt	Normal
-7.8907	-5.7072	0.3825	-31.9236	-82.6310	-40.1862	-8.9394	26.8726	14.4069	-0.8899	1.0768	-0.6850	-0.4120	0.5252	-0.0776	-0.7405	-0.1042	-0.2831	-0.2465	-7.0008	-6.7840	1.0675	0.15146239908560588	0	0	1	Upright	Normal
-7.8141	-5.3624	0.3825	-32.6718	-81.7061	-39.8342	-9.0615	27.1709	13.8866	-0.8514	1.4403	-0.8082	-0.4139	0.5177	-0.0743	-0.7451	0.0333	-0.2692	-0.2433	-6.9626	-6.8027	1.1907	-0.26103028204382106	0	0	1	Upright	Normal
-7.6225	-5.1326	-0.0006	-32.8786	-81.0114	-39.4489	-9.4247	26.9606	13.5456	-0.6713	1.6643	-1.2873	-0.4128	0.5138	-0.0731	-0.7485	0.0013	-0.2340	-0.1386	-6.9513	-6.7968	1.2867	-0.2953640506931112	0	0	1	Upright	Normal
-8.6951	-6.3967	-0.5369	-33.8741	-81.9936	-38.8762	-8.4633	27.3737	13.8917	-1.6128	0.2910	-1.6709	-0.4162	0.5186	-0.0601	-0.7444	-0.2331	0.0408	-0.0044	-7.0823	-6.6878	1.1340	1.6184489664317159	0	0	1	Upright	Normal
-7.2395	-7.9673	3.4854	-33.7149	-78.5882	-37.9790	-7.9742	27.1057	13.3835	-0.3250	-1.2028	1.8715	-0.4094	0.5001	-0.0673	-0.7601	0.3901	-0.4364	-0.1301	-6.9145	-6.7645	1.6138	0.5074059154701782	0	0	1	Upright	Normal
-5.8987	-4.1366	4.2898	-31.8431	-74.9793	-36.1469	-6.5663	27.9845	11.5952	0.9587	2.5332	2.1308	-0.3885	0.4889	-0.0780	-0.7772	0.3752	-0.0061	-0.1535	-6.8574	-6.6698	2.1590	-2.9302931008981528	0	0	1	Upright	Normal
-7.1245	-4.7112	2.6426	-26.9412	-73.5331	-35.8485	-7.6514	29.6126	11.0817	-0.2391	1.8175	0.1646	-0.3567	0.4964	-0.1071	-0.7841	0.4157	0.0610	-0.2419	-6.8854	-6.5287	2.4780	0.5557458628513459	0	0	1	Upright	Normal
-7.0479	-4.8261	2.3744	-25.2974	-72.9265	-36.7054	-7.8733	30.2921	9.9554	-0.2676	1.7635	-0.2286	-0.3497	0.4949	-0.1236	-0.7858	0.1036	0.0631	-0.4231	-6.7804	-6.5896	2.6031	-0.07499089749999577	0	0	1	Upright	Normal
-9.8067	-6.1675	2.7198	-25.0140	-73.3806	-37.2543	-8.5776	30.2930	9.7210	-3.0450	0.4651	0.1782	-0.3509	0.4973	-0.1274	-0.7832	-0.1042	0.0046	-0.1525	-6.7617	-6.6325	2.5416	3.0340906028268098	0	0	2	Upright	Normal
-10.1131	-5.2098	2.6432	-24.1870	-74.9653	-35.9263	-9.7184	29.7687	10.5672	-3.0553	1.1913	0.3228	-0.3417	0.5147	-0.1180	-0.7774	-0.1042	0.2815	0.0020	-7.0578	-6.4010	2.3204	-0.22067969112512387	0	0	2	Upright	Normal
-5.3247	-7.3167	4.5203	-23.4997	-74.6263	-35.3775	-8.9524	30.1443	11.2389	1.7850	-0.9969	2.1361	-0.3346	0.5162	-0.1190	-0.7794	-0.2192	0.4051	0.1287	-7.1097	-6.3198	2.3842	-1.5638658172843467	0	0	2	Upright	Normal
-6.5882	-5.1709	0.7272	-21.6933	-76.3725	-37.1923	-8.5958	31.3211	10.3023	0.4877	1.2707	-1.4196	-0.3338	0.5283	-0.1359	-0.7688	0.0247	0.0216	0.0829	-7.0759	-6.4416	2.1469	-1.7086883583410177	0	0	2	Upright	Normal
-6.7038	-5.0949	1.8004	-21.3728	-77.9831	-37.8511	-9.3844	30.9245	10.1763	0.4134	1.3785	-0.1007	-0.3369	0.5381	-0.1373	-0.7603	-0.1542	0.4732	-0.2056	-7.1172	-6.4733	1.9011	0.20385242036312334	0	0	2	Upright	Normal
-6.5888	-4.2138	-0.2298	-21.4178	-81.4557	-38.9588	-10.2872	30.1529	11.0391	0.6177	2.2977	-1.5862	-0.3465	0.5574	-0.1340	-0.7424	-0.1159	-0.0615	0.0650	-7.2065	-6.5115	1.3563	-0.78608316993442	0	0	2	Upright	Normal
-11.6454	-5.5545	-0.1532	-20.8433	-82.4312	-36.8465	-10.2392	30.3624	11.8882	-4.1417	0.6428	-1.3604	-0.3339	0.5718	-0.1207	-0.7396	0.2932	0.2783	0.0660	-7.5037	-6.1974	1.2071	5.078752227306801	0	0	2	Upright	Normal
-10.2663	-13.1394	5.6312	-21.5768	-77.1082	-38.8366	-10.2158	31.0565	10.5616	-3.3246	-6.5178	3.5965	-0.3416	0.5287	-0.1454	-0.7633	0.2346	-2.2645	-1.0898	-6.9417	-6.6216	2.0346	4.696598463445136	0	0	2	Upright	Normal
-3.1029	-5.0949	4.1755	-26.6416	-74.6909	-40.7383	-9.3692	30.8095	10.7851	3.3062	1.9577	1.8613	-0.3772	0.4896	-0.1382	-0.7739	-0.9819	0.6533	0.4389	-6.4091	-7.0526	2.3141	-10.318210628678937	0	0	2	Upright	Normal
-6.8947	-3.6386	3.1023	-30.7996	-75.6990	-38.5314	-8.5781	29.3545	12.2230	-0.2336	3.2515	1.0216	-0.3931	0.4892	-0.0974	-0.7724	-0.7178	-1.0564	0.0440	-6.6611	-6.8901	2.0807	1.1089664299186284	0	1	3	PT	Normal
-5.7838	-3.4087	2.4894	-39.2873	-74.6310	-36.3800	-6.7056	27.6913	14.1325	0.8531	3.5250	0.4778	-0.4322	0.4589	-0.0402	-0.7752	-1.0640	-1.1395	-0.1744	-6.6369	-6.9338	2.0116	-1.2302885408877389	0	1	3	PT	Normal
-7.7375	-7.0096	2.3744	-47.3963	-69.7876	-34.4312	-4.7560	25.6124	15.6522	-1.5570	0.2508	0.0810	-0.4699	0.4028	-0.0027	-0.7854	-1.0309	-1.4303	-0.4641	-6.1805	-7.2604	2.2935	3.546846208859864	0	1	3	Jump	Normal
-7.5459	-3.1023	4.5963	-59.0031	-68.2557	-32.2991	-2.4734	23.2599	17.0045	-1.5104	4.3974	2.7255	-0.5274	0.3556	0.0650	-0.7689	-1.6413	-1.1917	0.1111	-6.0355	-7.4997	1.8708	-1.3427231080588502	0	1	3	PT	Normal
-6.2435	-6.2818	3.4854	-63.7749	-48.8879	-17.6088	0.9857	21.3142	16.5674	-0.9508	1.4669	0.6361	-0.5290	0.2736	0.0977	-0.7973	-0.0456	-1.7627	-0.6676	-5.2927	-7.7487	2.8492	0.15355557271685427	0	1	3	Tilt	Normal
-3.3321	-9.2314	1.5317	-74.0337	-15.9303	10.6613	4.5494	20.2678	14.9051	0.9905	-0.8196	-1.0620	-0.5834	0.1656	0.1565	-0.7796	-0.6911	-2.6203	-0.2474	-4.3226	-8.4119	2.5937	0.4152686997794284	0	0	3	Tilt	Normal
-4.1366	-5.5539	1.9148	-72.7237	32.7443	58.1389	9.4184	19.1566	12.6589	-0.2468	3.1087	-0.5344	-0.6075	0.0780	0.2293	-0.7565	-1.1833	-1.8831	-0.0759	-3.8898	-8.6627	2.4491	-2.7481982874578437	0	0	3	Tilt	Normal
-5.0949	-5.4396	3.1029	-64.2952	59.4182	80.6995	13.8647	17.2908	8.5094	-2.0227	3.6185	0.9390	-0.6239	-0.0206	0.2751	-0.7312	-1.2014	-1.8618	-0.4477	-3.0722	-9.0582	2.1639	0.8881536402936971	0	0	3	Tilt	Normal
-4.5969	-7.2784	2.7198	-53.9457	69.2265	87.5561	16.8228	17.9683	4.4658	-2.1783	2.0025	0.6728	-0.6198	-0.1073	0.3214	-0.7078	-1.1226	-1.3494	-0.4540	-2.4186	-9.2808	2.0470	0.9548328385917149	0	0	3	Tilt	Normal
-5.2864	-9.3853	2.9880	-42.5536	77.2996	89.7196	18.9925	18.5274	1.9803	-3.8750	0.1885	1.3999	-0.6114	-0.2126	0.3527	-0.6757	-1.1694	-2.8557	-0.9206	-1.4114	-9.5738	1.5881	2.150510746604283	0	0	3	Tilt	Normal
1.8771	-10.6111	2.1069	-21.4784	98.6368	104.1450	23.0224	20.6971	-2.1757	3.7236	-1.0777	3.4774	-0.6624	-0.3621	0.4183	-0.5051	-4.7040	-0.4961	1.6486	-1.8465	-9.5334	-1.3705	-0.19857242303847755	0	0	4	Upright	Normal
9.4625	11.5311	-13.5614	-17.3611	156.4581	120.9470	18.0346	5.8389	18.8809	9.1761	16.2701	-4.9804	-0.8572	-0.4501	0.1027	-0.2279	-1.3708	-2.2975	-0.8867	0.2864	-4.7390	-8.5810	9.179890830841057	0	0	4	Upright	Normal
-4.2515	1.1498	-3.7164	-9.9964	148.8298	119.4116	16.2407	1.8263	21.1160	-3.0276	6.2867	4.5472	-0.8403	-0.4638	0.1888	-0.2075	0.0599	-1.6722	2.4359	-1.2239	-5.1369	-8.2636	-14.397062354759132	0	0	4	Upright	Normal
-3.2555	-1.6466	-5.9382	-9.1119	159.9876	137.0563	13.4446	-7.5279	19.9399	-1.7930	1.7081	3.1600	-0.9186	-0.3465	0.1326	-0.1362	-2.5543	4.4606	2.3890	-1.4626	-3.3547	-9.0983	1.2066283233008512	0	0	4	Upright	Normal
4.2521	-0.2682	-2.1835	-10.6490	171.9135	155.1444	5.4758	-16.6138	23.9946	4.7498	1.9398	7.3584	-0.9713	-0.2074	0.0486	-0.1055	-0.4770	0.8184	2.3038	-0.4977	-2.2079	-9.5419	-2.181867264976513	0	0	4	Upright	Normal
6.6272	-1.4557	-15.7060	-7.6082	174.4715	178.0220	-4.0468	-26.2312	24.2223	7.5268	-0.1314	-6.0308	-0.9965	-0.0140	0.0470	-0.0671	-0.9361	-0.2490	2.2733	-0.8996	-1.3243	-9.6751	12.32150344047151	0	0	4	Upright	Normal
-1.3785	4.4442	-9.8072	-4.0662	167.0685	-168.1613	-6.7464	-31.1845	20.6070	0.9086	4.6575	-0.2732	-0.9873	0.1064	0.1156	-0.0235	-0.6656	-1.9673	1.5660	-2.2871	-0.2132	-9.5340	-6.253921409758984	0	0	4	Upright	Normal
-4.4047	4.0229	-4.4059	-5.6238	163.1918	-162.2368	-6.5631	-32.5768	17.0218	-1.5826	3.0619	4.9367	0.9751	-0.1596	-0.1517	0.0254	-0.3620	0.5265	-0.6455	-2.8222	0.9610	-9.3426	-3.4390610329314404	0	0	4	Upright	Normal
-0.7655	1.6478	-6.3596	-7.5182	165.5285	-162.3162	-7.3427	-33.3313	16.8257	1.6641	0.3648	3.0544	0.9769	-0.1603	-0.1342	0.0449	-0.3119	-0.2884	-0.5869	-2.4297	1.2830	-9.4140	-0.801943448274054	0	0	4	Upright	Normal
-3.3704	0.0772	-13.3698	-5.5085	166.2208	-164.1369	-5.2648	-33.1335	17.9417	-1.0454	-0.8642	-3.8892	0.9814	-0.1425	-0.1253	0.0307	0.1270	-0.3161	-0.5997	-2.3251	0.9414	-9.4806	7.17423881677231	0	0	4	Upright	Normal
-4.4813	0.5752	-9.6923	-6.5267	164.5585	-167.5151	-3.8535	-31.9451	17.2356	-1.8871	-0.5394	-0.3009	0.9826	-0.1152	-0.1395	0.0415	-0.7934	-0.1968	-0.5443	-2.5943	1.1147	-9.3914	-3.0946723380098415	0	1	5	PT	Normal
-3.9450	2.7970	-5.7467	-4.5751	162.9895	-169.7798	-2.5001	-31.6281	15.9735	-1.0852	2.0149	3.6012	0.9838	-0.0939	-0.1507	0.0262	0.9931	0.4446	-0.3880	-2.8599	0.7822	-9.3479	-3.182911525205329	0	1	5	PT	Normal
-3.9073	0.7661	-8.8873	-2.0413	166.9422	-169.9482	-1.8504	-29.6607	19.0588	-1.6662	0.7145	0.6598	-0.9894	0.0890	0.1148	-0.0077	1.0612	1.1966	-0.3667	-2.2411	0.0516	-9.5470	2.2277683407218856	0	1	5	PT	Normal
-1.6472	-1.0343	-10.1897	-6.1600	171.4250	-171.4854	-3.0155	-26.2977	23.4816	-0.0470	-0.2216	-0.5486	-0.9927	0.0779	0.0784	-0.0479	0.4295	0.9037	-0.6256	-1.6002	-0.8127	-9.6412	0.6351900307561564	0	1	5	PT	Normal
-0.2682	-1.5323	-9.6151	-9.6340	177.3157	-171.3723	-5.9239	-24.1035	26.3590	0.4319	0.0198	0.0426	-0.9932	0.0769	0.0296	-0.0820	0.6255	0.7024	-0.4572	-0.7000	-1.5520	-9.6578	-0.6335459077638266	0	1	5	PT	Normal
1.0349	-2.5277	-10.7649	-11.1058	-179.0206	-169.5085	-6.6465	-22.2693	27.4056	1.2140	-0.6400	-1.1432	-0.9912	0.0902	0.0004	-0.0971	0.5009	0.5521	0.0115	-0.1791	-1.8877	-9.6217	1.365881378720033	0	1	5	PT	Normal
1.7244	-3.2555	-8.9645	-12.4393	-177.2822	-167.5497	-7.8882	-21.6153	28.3804	1.7253	-1.0947	0.6012	-0.9883	0.1052	-0.0117	-0.1102	0.0247	-0.3821	-0.1080	-0.0009	-2.1608	-9.5657	-1.414044844394935	0	1	5	PT	Normal
-0.4974	-1.7998	-9.5008	-12.7992	-175.7176	-166.3410	-7.3958	-21.2493	28.7839	-0.6973	0.4784	0.0356	-0.9865	0.1140	-0.0236	-0.1150	-0.1180	0.2411	-0.0217	0.1999	-2.2782	-9.5364	-0.00940483290757399	0	1	5	Upright	Normal
-0.5363	-2.4517	-9.4619	-12.1468	-176.4035	-165.8454	-8.1074	-21.3318	27.6300	-0.6291	-0.3042	0.1064	-0.9867	0.1192	-0.0179	-0.1088	0.0386	0.0823	-0.0110	0.0928	-2.1474	-9.5683	0.10651944559250026	0	1	5	Upright	Normal
-0.3825	-1.7615	-9.6157	-12.2755	-177.9168	-165.8296	-7.7372	-21.9789	27.4117	-0.2179	0.3461	-0.0395	-0.9868	0.1207	-0.0048	-0.1083	-0.0285	-0.2916	-0.0931	-0.1646	-2.1076	-9.5762	-0.005882145827422747	0	1	5	Lying	Normal
-0.3831	-1.7238	-9.2703	-12.0774	-177.7461	-166.3601	-6.7898	-21.7703	27.2397	-0.2743	0.3597	0.3118	-0.9875	0.1160	-0.0069	-0.1068	0.0215	0.0824	-0.1516	-0.1088	-2.0836	-9.5822	-0.346206868731878	1	1	6	Upright	Normal
-0.1532	-2.1069	-9.2703	-12.3665	-178.0632	-166.7730	-7.0983	-21.7510	27.5864	0.0045	0.0124	0.3033	-0.9876	0.1127	-0.0043	-0.1089	0.0375	-0.1094	-0.1026	-0.1577	-2.1193	-9.5737	0.07095544915750907	1	1	6	Upright	Normal
0.1532	-2.1835	-9.7683	-12.4320	-177.7034	-167.2149	-6.7837	-22.1341	27.4509	0.2369	-0.0392	-0.1993	-0.9880	0.1085	-0.0077	-0.1098	0.0162	0.0824	-0.1495	-0.0836	-2.1443	-9.5690	0.5025940363013319	1	0	6	Upright	Normal
-0.4208	-1.9914	-9.4625	-12.3122	-177.5218	-167.6008	-7.0353	-22.1344	27.4054	-0.3862	0.1402	0.1097	-0.9884	0.1050	-0.0098	-0.1089	0.0279	-0.0327	-0.0770	-0.0346	-2.1316	-9.5722	-0.3316079670094929	0	0	6	Upright	Normal
-0.1143	-2.1446	-9.4625	-12.3288	-177.5488	-167.8885	-7.5411	-22.6100	27.8647	-0.0854	-0.0111	0.1094	-0.9887	0.1026	-0.0098	-0.1090	-0.0094	0.0461	-0.1154	-0.0289	-2.1335	-9.5719	0.02422993451173383	0	0	6	Upright	Normal
-0.2292	-2.0297	-9.5391	-12.3160	-177.4176	-168.2772	-7.4690	-21.2004	27.6447	-0.2372	0.1062	0.0322	-0.9890	0.0991	-0.0113	-0.1090	-0.0030	0.0078	-0.1125	0.0079	-2.1359	-9.5713	0.05218108849949665	0	0	6	Lying	Normal
0.0772	-2.1829	-9.5391	-12.4073	-177.1996	-168.5005	-7.9083	-21.3851	28.1548	0.0274	-0.0250	0.0271	-0.9891	0.0969	-0.0133	-0.1099	0.0045	0.0408	-0.0965	0.0498	-2.1579	-9.5662	0.03064261406985125	0	0	6	Lying	Normal
0.0389	-2.1063	-9.3476	-12.3728	-176.9472	-168.7888	-8.1679	-21.6664	27.7516	-0.0654	0.0536	0.2177	-0.9894	0.0942	-0.0158	-0.1098	0.0322	0.0323	-0.1306	0.1043	-2.1599	-9.5653	-0.20393381828697876	0	0	6	Upright	Normal
0.0383	-2.2984	-9.5002	-12.5688	-176.7471	-169.0487	-7.9742	-20.9517	28.2770	-0.1032	-0.1009	0.0561	-0.9894	0.0917	-0.0176	-0.1116	-0.0147	-0.0018	-0.1082	0.1416	-2.1976	-9.5563	0.1923020781060263	0	0	6	Upright	Normal
0.0383	-2.2218	-9.4619	-12.5802	-176.8489	-169.2908	-8.2269	-21.4867	27.9631	-0.0950	-0.0260	0.0949	-0.9895	0.0897	-0.0170	-0.1116	-0.0360	0.0248	-0.1018	0.1333	-2.1958	-9.5568	-0.05501807136537096	1	0	7	Upright	Normal
-0.0377	-2.1829	-9.2709	-12.4779	-176.7715	-169.5702	-8.4279	-21.7363	28.3718	-0.1978	-0.0022	0.2890	-0.9898	0.0873	-0.0180	-0.1107	-0.0115	-0.0125	-0.1117	0.1601	-2.1807	-9.5599	-0.1948340621963709	1	0	7	Upright	Normal
0.1155	-2.2212	-9.5391	-12.4513	-176.8373	-169.8847	-8.8003	-21.6412	28.3640	-0.0462	-0.0477	0.0224	-0.9901	0.0846	-0.0178	-0.1104	-0.0253	-0.0125	-0.1352	0.1618	-2.1735	-9.5615	0.2704751414434696	1	0	7	Lying	Normal
0.0383	-2.1835	-9.4236	-12.4325	-176.7209	-170.0136	-8.8003	-20.9486	27.6718	-0.1486	-0.0103	0.1375	-0.9902	0.0834	-0.0189	-0.1103	0.0130	0.0131	-0.1288	0.1869	-2.1732	-9.5611	-0.12163937293754579	1	0	7	Upright	Normal
0.1149	-2.2218	-9.4619	-12.4177	-176.8187	-170.1058	-8.1694	-21.6373	28.4729	-0.0594	-0.0540	0.1007	-0.9903	0.0827	-0.0182	-0.1101	-0.0072	-0.0178	-0.1181	0.1743	-2.1678	-9.5626	0.04660197488781925	1	0	7	Upright	Normal
-0.0383	-2.2601	-9.6534	-12.3998	-176.9347	-170.2593	-8.1953	-21.5792	28.1588	-0.1993	-0.0989	-0.0892	-0.9905	0.0815	-0.0173	-0.1098	-0.0317	-0.0317	-0.1213	0.1610	-2.1612	-9.5642	0.19458211678369253	1	0	7	Lying	Normal
0.0389	-2.1063	-9.3859	-12.2738	-177.1616	-170.3609	-8.0415	-21.1768	27.6714	-0.0911	0.0278	0.1850	-0.9907	0.0809	-0.0156	-0.1086	-0.0552	-0.0679	-0.1105	0.1300	-2.1341	-9.5708	-0.2951036493091781	1	0	7	Upright	Normal
0.0006	-2.1829	-9.4242	-12.1532	-177.2653	-170.4659	-7.8242	-21.5612	28.1678	-0.1191	-0.0717	0.1519	-0.9909	0.0801	-0.0149	-0.1074	-0.0211	-0.0083	-0.1212	0.1197	-2.1112	-9.5761	0.054292703001424414	1	0	7	Upright	Normal
-0.0766	-2.0686	-9.5768	-11.8641	-177.7269	-170.6028	-7.6246	-21.4951	28.4509	-0.1314	-0.0175	0.0129	-0.9913	0.0794	-0.0112	-0.1046	-0.0626	-0.0413	-0.1201	0.0548	-2.0511	-9.5897	0.12425636351485636	1	0	7	Lying	Normal
-0.2292	-1.9914	-9.3859	-11.7237	-177.8346	-170.7544	-8.2081	-22.1989	27.6085	-0.2750	0.0335	0.2095	-0.9915	0.0782	-0.0105	-0.1033	-0.0083	0.0045	-0.1244	0.0458	-2.0249	-9.5954	-0.20039468030216412	1	0	7	Upright	Normal
-0.1526	-2.1063	-9.4625	-11.6902	-178.0713	-170.6568	-7.9919	-21.7039	27.7115	-0.1558	-0.0931	0.1354	-0.9915	0.0793	-0.0084	-0.1028	-0.0232	-0.0242	-0.1222	0.0031	-2.0132	-9.5979	0.09772367006242	2	0	8	Upright	Normal
-0.1149	-2.0686	-9.6151	-11.6801	-178.0621	-170.8262	-7.5673	-22.0153	27.6626	-0.1258	-0.0569	-0.0169	-0.9916	0.0778	-0.0086	-0.1028	-0.0062	0.0280	-0.1258	0.0109	-2.0117	-9.5982	0.14048224251501118	2	0	8	Lying	Normal
0.0006	-2.1063	-9.5008	-11.6753	-178.0532	-170.8638	-7.5939	-21.9566	27.1080	-0.0133	-0.0952	0.0976	-0.9916	0.0775	-0.0087	-0.1027	-0.0008	-0.0295	-0.1258	0.0139	-2.0111	-9.5984	-0.10429415471858228	2	0	8	Upright	Normal
-0.0383	-1.9920	-9.5002	-11.5984	-177.9915	-170.8657	-7.6202	-22.4102	27.9199	-0.0648	0.0081	0.1004	-0.9917	0.0774	-0.0093	-0.1021	-0.0349	-0.0082	-0.1226	0.0265	-2.0001	-9.6006	-0.024609478619861846	2	0	8	Upright	Normal
-0.1909	-2.0297	-9.5008	-11.5407	-177.8954	-170.8738	-7.8490	-22.1951	27.8063	-0.2355	-0.0367	0.1012	-0.9918	0.0773	-0.0102	-0.1017	0.0205	0.0355	-0.1333	0.0446	-1.9930	-9.6019	0.01019320792854117	2	0	8	Upright	Normal
-0.1143	-1.9148	-9.4625	-11.5390	-178.0291	-170.9183	-7.1930	-21.9073	26.8103	-0.1378	0.0745	0.1404	-0.9918	0.0770	-0.0091	-0.1016	-0.0083	-0.0487	-0.1141	0.0235	-1.9893	-9.6028	-0.06209495462762327	2	0	8	Upright	Normal
-0.1143	-2.0297	-9.4625	-11.4213	-177.9259	-170.9687	-7.6914	-21.3817	27.4499	-0.1601	-0.0573	0.1438	-0.9919	0.0765	-0.0101	-0.1006	-0.0168	0.0355	-0.1152	0.0458	-1.9724	-9.6063	0.023442513888564775	2	0	8	Upright	Normal
-0.0760	-2.0297	-9.5008	-11.3783	-177.7829	-171.0092	-8.5871	-22.2833	28.2889	-0.1486	-0.0608	0.1059	-0.9920	0.0761	-0.0114	-0.1003	-0.0157	0.0313	-0.1024	0.0726	-1.9689	-9.6067	0.037074325128370944	2	0	8	Upright	Normal
-0.1143	-1.9531	-9.5008	-11.3350	-177.8475	-171.1684	-7.7258	-21.9339	28.1015	-0.1826	0.0069	0.1079	-0.9921	0.0748	-0.0110	-0.0999	0.0109	-0.0103	-0.1152	0.0682	-1.9600	-9.6087	-0.01533786107995816	2	0	8	Upright	Normal
0.0000	-1.9920	-9.4236	-11.3088	-177.7873	-171.3677	-7.7834	-21.6298	27.3689	-0.0859	-0.0352	0.1856	-0.9923	0.0730	-0.0117	-0.0997	-0.0147	0.0078	-0.1120	0.0859	-1.9568	-9.6091	-0.01533786107995816	2	0	8	Upright	Normal
0.0000	-1.9920	-9.5385	-11.2445	-177.7588	-171.5984	-7.8722	-21.6927	27.9801	-0.1001	-0.0456	0.0726	-0.9925	0.0710	-0.0122	-0.0991	-0.0285	0.0206	-0.1141	0.1001	-1.9463	-9.6111	-0.01533786107995816	2	0	9	Upright	Normal
-0.0377	-2.0297	-9.3859	-11.2018	-177.7737	-171.8888	-7.9416	-22.1575	27.7118	-0.1462	-0.0913	0.2267	-0.9927	0.0685	-0.0124	-0.0987	-0.0211	-0.0114	-0.1108	0.1085	-1.9384	-9.6126	-0.09722043373568923	3	0	9	Upright	Normal
-0.0760	-2.0297	-9.6540	-11.2762	-177.7386	-172.2098	-8.4673	-21.7574	27.9742	-0.1996	-0.0787	-0.0441	-0.9928	0.0657	-0.0129	-0.0993	0.0247	0.0142	-0.1257	0.1236	-1.9510	-9.6099	0.26242513234678455	3	0	9	Lying	Normal
-0.0377	-1.9914	-9.5391	-11.2538	-178.1088	-172.3805	-8.3224	-22.7082	28.0350	-0.1047	-0.0525	0.0738	-0.9930	0.0645	-0.0099	-0.0989	-0.0339	-0.0710	-0.1151	0.0670	-1.9389	-9.6129	-0.1205324163353012	3	0	9	Lying	Normal
-0.0377	-1.8765	-9.4242	-10.9905	-178.3881	-172.5940	-7.8273	-22.9318	28.0698	-0.0703	0.0124	0.1989	-0.9933	0.0629	-0.0078	-0.0965	-0.0189	-0.0263	-0.1225	0.0326	-1.8889	-9.6230	-0.13554224661807268	3	0	9	Upright	Normal
-0.1532	-1.9537	-9.5385	-10.8951	-178.5055	-172.4500	-7.4971	-22.3425	27.4187	-0.1633	-0.0830	0.0881	-0.9933	0.0643	-0.0067	-0.0956	-0.0616	-0.0540	-0.1119	0.0100	-1.8706	-9.6266	0.12845254580447474	3	0	9	Lying	Normal
-0.2292	-1.8381	-9.5774	-10.6461	-178.9540	-172.5276	-7.6292	-22.7564	26.9115	-0.1710	-0.0187	0.0590	-0.9936	0.0640	-0.0030	-0.0932	-0.0424	-0.0487	-0.1189	-0.0582	-1.8194	-9.6364	0.01715244927251014	3	0	9	Lying	Normal
-0.2292	-1.8381	-9.5008	-10.5646	-179.1569	-172.3738	-7.0342	-22.8158	26.9426	-0.1336	-0.0370	0.1387	-0.9936	0.0655	-0.0012	-0.0923	-0.0402	-0.0583	-0.1147	-0.0956	-1.8012	-9.6395	-0.07519546660922316	3	0	9	Upright	Normal
-0.3059	-1.7615	-9.7306	-10.4953	-179.7136	-172.6067	-6.7193	-22.7827	27.0693	-0.1245	0.0163	-0.0881	-0.9937	0.0640	0.0034	-0.0914	-0.0019	-0.0625	-0.1423	-0.1814	-1.7778	-9.6425	0.21379739067194414	3	0	9	Lying	Normal
-0.2682	-1.7621	-9.4619	-9.9902	179.7485	-172.7403	-6.9582	-22.9091	26.7884	-0.0103	-0.0799	0.1960	-0.9942	0.0633	0.0077	-0.0868	-0.2000	-0.1360	-0.1349	-0.2578	-1.6822	-9.6579	-0.2651684523872362	4	0	10	Upright	Normal
-0.5363	-1.7238	-9.4619	-9.7332	179.6591	-172.6648	-6.9608	-23.6642	26.6749	-0.2667	-0.0869	0.2035	-0.9943	0.0640	0.0084	-0.0845	-0.0168	0.0205	-0.1178	-0.2696	-1.6369	-9.6654	0.004266485725390012	4	0	10	Upright	Normal
-0.3065	-1.6472	-9.6534	-9.6959	179.5167	-172.6827	-6.1233	-22.7047	27.2395	-0.0139	-0.0195	0.0129	-0.9944	0.0639	0.0096	-0.0841	-0.0072	-0.0114	-0.1189	-0.2925	-1.6278	-9.6663	0.16513888324147885	4	0	10	Lying	Normal
-0.4591	-1.6466	-9.5391	-9.7860	179.6903	-172.7669	-6.3304	-22.9217	26.2810	-0.1966	0.0003	0.1248	-0.9944	0.0631	0.0081	-0.0850	0.0503	0.0269	-0.1242	-0.2625	-1.6469	-9.6639	-0.1066697380354551	4	0	10	Lying	Normal
-0.3442	-1.7232	-9.5391	-10.0471	179.8325	-172.8095	-6.4986	-23.1639	26.9631	-0.1015	-0.0293	0.1172	-0.9942	0.0626	0.0069	-0.0873	0.0343	-0.0018	-0.1157	-0.2427	-1.6939	-9.6563	0.008551920191683493	4	0	10	Lying	Normal
-0.3442	-1.6466	-9.5774	-10.1336	179.8364	-172.8862	-6.6012	-23.0805	26.1578	-0.1027	0.0621	0.0763	-0.9942	0.0619	0.0069	-0.0881	0.0066	0.0173	-0.1317	-0.2415	-1.7087	-9.6537	0.024405616035224398	4	0	10	Lying	Normal
-0.3831	-1.7621	-9.6917	-10.1898	-179.9816	-172.8689	-6.4857	-22.3979	26.4099	-0.1707	-0.0401	-0.0397	-0.9941	0.0619	0.0054	-0.0886	-0.0062	-0.0040	-0.1221	-0.2123	-1.7220	-9.6521	0.13402333152660972	4	0	10	Lying	Normal
-0.3448	-1.8387	-9.4619	-10.2423	-179.9421	-172.8713	-6.7270	-22.9805	27.4457	-0.1381	-0.1071	0.1885	-0.9941	0.0619	0.0050	-0.0891	-0.0200	-0.0018	-0.1221	-0.2066	-1.7316	-9.6504	-0.21296918475958293	4	0	10	Upright	Normal
-0.3442	-1.7998	-9.6540	-10.2550	-179.7827	-172.8284	-6.8795	-23.0933	27.5418	-0.1631	-0.0628	-0.0040	-0.9941	0.0621	0.0037	-0.0893	-0.0030	0.0056	-0.1271	-0.1811	-1.7370	-9.6500	0.18130272496953737	4	0	10	Lying	Normal
-0.2676	-1.6849	-9.5774	-10.2569	-179.8632	-172.8031	-6.6335	-22.5911	26.5261	-0.0720	0.0506	0.0726	-0.9940	0.0624	0.0044	-0.0893	-0.0040	-0.0466	-0.1229	-0.1956	-1.7355	-9.6500	-0.09820655278230639	4	0	10	Lying	Normal
-0.2292	-1.7998	-9.5774	-10.1982	-179.7364	-172.7712	-6.6874	-23.1698	26.7708	-0.0554	-0.0715	0.0742	-0.9941	0.0626	0.0033	-0.0888	-0.0147	0.0386	-0.1303	-0.1739	-1.7283	-9.6516	0.019578809176470813	5	0	11	Lying	Normal
Total time: 11 seconds.
