-8.8873	-4.6735	0.4214	39.5590	81.3563	118.6669	21.0716	6.5950	-21.3320	-1.4124	1.5722	-0.7148	0.3967	0.5336	-0.7263	0.1743	-0.0318	-0.0849	-0.2818	-7.4748	-6.2457	1.1362	0.41534546424442453	4	0	1	Tilt	Normal
-8.8107	-4.3287	0.6129	39.4208	81.4483	118.9280	20.7592	7.1854	-20.8206	-1.3192	1.8988	-0.5136	0.3991	0.5322	-0.7263	0.1730	0.1568	-0.1243	-0.2786	-7.4915	-6.2275	1.1265	-0.21430098257832064	0	0	1	Upright	Normal
-8.5808	-4.5203	0.4214	39.4472	80.5969	119.4155	21.3318	7.1795	-21.3253	-1.1097	1.7107	-0.8158	0.3959	0.5293	-0.7300	0.1737	0.0886	-0.2372	-0.2695	-7.4711	-6.2309	1.2372	-0.1279664623308978	0	0	1	Upright	Normal
-8.6185	-4.3281	0.7272	39.1240	78.7983	120.1846	20.5359	7.4474	-21.7701	-1.1555	1.8600	-0.7506	0.3894	0.5225	-0.7371	0.1788	0.1525	-0.3757	-0.2589	-7.4630	-6.1881	1.4778	-0.03617298595863261	0	0	1	Upright	Normal
-8.6568	-4.3664	0.5357	38.5802	77.7009	120.2502	19.6268	6.4674	-22.3585	-1.1664	1.7491	-1.0973	0.3852	0.5180	-0.7406	0.1865	0.1025	-0.3054	-0.1811	-7.4904	-6.1155	1.6330	0.038840248943429856	0	0	1	Upright	Normal
-9.8061	-3.9450	0.1526	37.8621	77.3659	120.3223	19.5186	6.5336	-23.4451	-2.2511	2.0740	-1.5407	0.3868	0.5138	-0.7414	0.1915	0.1259	-0.0902	-0.1704	-7.5549	-6.0190	1.6933	0.8605553111740871	0	0	1	Upright	Normal
-10.2274	-6.4733	0.9954	36.7896	79.6403	120.0329	19.1793	5.5412	-23.3049	-2.5018	-0.6003	-0.4169	0.4052	0.5136	-0.7323	0.1892	0.2580	0.1090	-0.2237	-7.7256	-5.8730	1.4123	1.5737229588784274	0	0	1	Upright	Normal
-6.8564	-5.0176	3.9450	38.3389	73.1709	123.4153	19.1723	4.1305	-24.5570	0.5062	1.0656	1.7181	0.3708	0.4990	-0.7606	0.1871	0.0300	0.4733	-0.1118	-7.3626	-6.0832	2.2269	-2.7772432917154593	0	0	1	Upright	Normal
-6.0519	-4.1749	3.7918	38.6953	76.9750	124.0861	19.2752	3.4765	-23.2060	1.4051	1.9561	2.0669	0.3971	0.5043	-0.7490	0.1641	0.1621	0.5884	-0.3236	-7.4570	-6.1310	1.7249	-1.0950473893067798	0	0	1	Upright	Normal
-8.2738	-4.3281	1.3785	38.6736	76.5727	124.6843	20.4759	3.4733	-21.7805	-0.8267	1.8000	-0.3994	0.3972	0.5016	-0.7512	0.1621	-0.4206	0.0003	-0.0328	-7.4470	-6.1281	1.7778	1.1662434006660582	0	0	1	Upright	Normal
-7.8530	-2.9497	1.5323	38.8062	77.7794	122.5534	20.2175	3.5568	-21.8883	-0.3840	3.1961	-0.0853	0.3950	0.5113	-0.7440	0.1699	-0.0222	-0.2692	-0.3044	-7.4690	-6.1458	1.6176	-0.9111675854234722	0	1	2	PT	Normal
-9.7677	-4.3664	2.1829	37.8084	76.5967	124.0565	20.5678	4.0071	-22.8781	-2.2308	1.6454	0.3870	0.3986	0.4996	-0.7499	0.1709	0.0173	-0.0295	-0.3023	-7.5369	-6.0118	1.7960	2.392135002502613	0	1	2	PT	Normal
-11.3006	-4.1755	0.3831	36.7829	78.6609	123.0512	21.1216	4.1738	-22.3770	-3.5997	1.6966	-1.1612	0.4123	0.5013	-0.7405	0.1742	-0.1532	0.3359	0.0812	-7.7009	-5.8721	1.5443	1.1337912805757853	0	1	2	PT	Normal
-6.8564	-6.1669	3.5237	34.8001	77.5257	126.5561	21.0556	3.1516	-21.6620	1.0063	-0.5700	1.7843	0.4288	0.4769	-0.7488	0.1673	0.1749	0.4510	-0.0828	-7.8627	-5.5969	1.7394	-2.1813795671430505	0	1	2	PT	Normal
-6.3967	-4.9793	1.7998	35.5271	74.8475	134.2114	22.4738	1.1581	-20.9982	1.3069	0.7193	-0.2863	0.4389	0.4483	-0.7689	0.1234	1.2679	-0.0273	-0.1425	-7.7036	-5.6986	2.0861	-1.5684059508112789	0	1	2	PT	Normal
-8.5808	-5.0566	3.3327	34.8730	71.3172	142.7500	22.7301	-1.2209	-20.0137	-0.9590	0.5505	0.7555	0.4493	0.4083	-0.7904	0.0820	0.6798	0.4776	-0.5505	-7.6218	-5.6071	2.5772	2.199034480404004	0	1	2	PT	Normal
-7.2018	-3.6775	1.7238	34.9198	74.8772	147.0987	24.6422	-2.2025	-18.0945	0.5608	1.9362	-0.3739	0.4887	0.3927	-0.7781	0.0396	0.5019	0.8739	-0.0210	-7.7626	-5.6137	2.0978	-2.234580819460394	0	1	2	PT	Normal
-10.9936	-3.7535	-0.5752	32.9248	79.6350	151.6725	26.4363	-3.0772	-15.6374	-2.8962	1.5769	-2.0562	0.5422	0.3613	-0.7586	0.0043	0.1973	0.8451	0.0887	-8.0973	-5.3304	1.4810	3.362847741324929	0	1	2	PT	Normal
-10.5339	-4.8261	-0.1155	28.3950	83.2078	152.7373	27.6182	-5.5055	-12.7229	-2.1304	0.1248	-1.1357	-0.5823	-0.3299	0.7429	-0.0126	0.3358	0.4244	0.0773	-8.4035	-4.9509	1.0202	-0.043552685224437226	0	1	2	Upright	Normal
-6.5505	-5.4013	6.2824	26.2491	72.4026	152.9920	26.8748	-6.5401	-12.8696	1.1824	0.0120	3.6233	-0.5165	-0.3125	0.7955	-0.0531	0.1685	-0.3725	-0.5703	-7.7330	-5.4133	2.6591	-1.0255901395426417	0	0	2	Upright	Normal
-7.5082	-5.6695	2.9497	24.0166	75.9113	150.5362	26.5345	-6.5703	-14.0092	0.2954	-0.1448	0.7693	-0.5401	-0.3116	0.7784	-0.0724	-0.3151	0.4776	0.2435	-7.8036	-5.5246	2.1804	-0.7019314225511479	0	1	3	PT	Normal
-8.0828	-4.3670	3.5626	25.4891	74.1311	152.5402	27.0261	-6.9941	-13.7917	-0.2447	1.0068	1.1422	-0.5293	-0.3105	0.7876	-0.0556	-0.6720	-0.0188	0.0454	-7.8382	-5.3738	2.4204	-0.006217409471831914	0	1	3	Upright	Normal
-7.5082	-4.0606	2.6049	30.6130	75.7302	152.0304	26.0223	-6.8482	-15.0781	0.3086	1.4841	0.5246	-0.5241	-0.3453	0.7780	-0.0268	-1.2089	-0.3362	0.0933	-7.8168	-5.5447	2.0803	-0.9291329779703599	0	0	3	Upright	Normal
-6.3967	-3.9067	5.1709	34.0712	74.5538	149.7067	25.2328	-6.1521	-17.9865	1.4332	1.5872	3.0074	0.4981	0.3763	-0.7807	0.0275	-1.2547	-0.4972	0.1732	-7.8299	-5.4939	2.1635	0.1814282076356104	0	0	3	Upright	Normal
-8.5802	-5.5923	4.6729	35.2739	72.2591	145.5705	23.7067	-4.8384	-20.9669	-0.9547	0.0711	2.2333	0.4643	0.4001	-0.7881	0.0572	-0.6997	-0.7155	-0.2753	-7.6255	-5.6633	2.4395	2.1514789865053245	0	0	3	Upright	Normal
-5.0176	-5.4007	1.5700	38.4007	73.0657	142.9983	22.8297	-3.6952	-22.7369	2.3345	0.6909	-0.6684	0.4493	0.4290	-0.7817	0.0551	-0.2171	-0.3416	-0.5437	-7.3521	-6.0916	2.2384	-3.7202670371465603	0	0	3	Upright	Normal
-4.7501	-6.0525	2.7964	41.6750	67.1193	142.3366	21.7754	-2.7252	-24.5288	1.9986	0.4681	-0.0515	0.3933	0.4473	-0.8006	0.0653	-0.0307	-1.0138	-0.5895	-6.7487	-6.5206	2.8479	0.6491742071707423	0	0	3	Upright	Normal
-1.8771	-3.4860	4.2521	43.2254	60.1138	141.0651	20.0800	-2.2167	-27.1136	4.3185	3.2304	0.6916	0.3328	0.4558	-0.8202	0.0942	-0.0520	-2.1941	-0.4425	-6.1956	-6.7163	3.5605	-2.3763374808058026	0	0	3	Upright	Normal
-3.1412	-1.1875	1.8771	46.1059	47.6572	145.2985	13.6637	-1.9572	-32.1019	1.8844	5.8794	-2.7026	0.2480	0.4528	-0.8506	0.1000	0.5392	-1.7116	-1.0584	-5.0256	-7.0669	4.5797	-1.9628155506880267	0	0	3	Upright	Normal
-4.0606	-9.3470	6.2441	42.1318	13.5187	163.9108	5.6142	-4.4510	-36.0284	-2.3604	-2.7681	-0.8270	0.0588	0.3688	-0.9235	0.0878	4.1121	-4.9095	-2.6851	-1.7002	-6.5788	7.0711	8.104541799503433	0	0	3	Upright	Normal
-3.2561	-6.7421	4.9027	38.9197	15.0917	163.7614	-1.7523	-11.7714	-39.8091	-1.2695	-0.5812	-2.4639	0.0759	0.3444	-0.9315	0.0887	-1.4230	1.8826	0.2167	-1.9866	-6.1609	7.3667	-3.0021658182420534	0	1	4	PT	Normal
-15.8969	-7.1629	12.7940	33.9451	45.6511	139.8965	9.2340	-10.9340	-41.0550	-10.0793	-1.6867	7.1073	0.2563	0.3800	-0.8669	0.1959	-0.0467	2.3801	6.1566	-5.8176	-5.4761	5.6867	12.676931791803257	0	1	4	Jump	Normal
-16.8929	-0.5740	8.3504	4.6095	80.1838	126.0615	12.2855	-24.0593	-34.0544	-7.2610	0.2141	6.6840	0.5596	0.3193	-0.6930	0.3236	0.2005	9.5579	3.5488	-9.6319	-0.7881	1.6664	-2.7736704853066527	0	1	4	PT	Normal
0.3837	-1.1103	0.7655	-7.5148	126.9723	126.5897	24.6072	-28.2825	-12.1868	8.1512	-2.3929	6.6129	0.8108	0.3751	-0.3716	0.2526	-1.4752	6.1874	2.3422	-7.7675	1.2825	-5.8474	-17.45068309937378	0	1	4	Jump	Normal
1.8393	5.4019	-10.6883	-12.6784	130.5408	120.5047	28.1487	-28.5928	-5.0397	9.1102	3.2495	-4.4695	0.8067	0.4078	-0.3112	0.2934	-1.9620	-1.8926	-1.2073	-7.2709	2.1524	-6.2188	10.714106635670928	0	1	4	Jump	Normal
-11.9513	16.4344	0.7655	-6.3427	126.9650	108.3695	33.5718	-21.7115	-10.6642	-4.1635	15.3510	6.6266	0.7389	0.5028	-0.3325	0.3010	-1.4976	-2.6777	-4.0824	-7.7877	1.0834	-5.8610	8.21868115266298	0	1	4	Jump	Normal
-1.5700	2.5672	-5.4402	-9.6394	128.8019	114.6259	34.2524	-17.4904	-13.2005	5.9647	0.9252	0.6182	0.7759	0.4548	-0.3214	0.2963	-0.3439	1.1178	0.3480	-7.5347	1.6420	-6.0584	-14.117914429582184	0	1	4	Jump	Normal
-4.1749	3.1418	-3.8313	-10.9305	126.4322	114.9735	33.5626	-19.5407	-11.7983	3.5721	1.2822	1.8869	0.7724	0.4415	-0.3326	0.3128	-0.2310	-0.9978	-0.0973	-7.7470	1.8595	-5.7183	0.2621551666667603	0	1	4	Tilt	Normal
-10.2280	6.5505	-0.9194	-11.7186	123.0228	115.2024	33.7957	-20.4940	-13.8672	-2.1769	4.5589	4.3136	0.7643	0.4274	-0.3526	0.3300	0.2473	0.1250	-0.8898	-8.0511	1.9917	-5.2330	5.701408239194274	0	0	4	Tilt	Normal
-9.9599	4.3670	-5.5929	-6.1646	122.8433	114.3699	36.4551	-18.3064	-12.6673	-1.7683	3.3140	-0.3050	0.7509	0.4536	-0.3759	0.2985	0.5158	0.5351	-0.8109	-8.1916	1.0530	-5.2879	0.0485258961059607	0	0	4	Tilt	Normal
-9.7300	3.7541	-6.0908	-9.0668	122.7179	114.9637	37.1318	-17.3540	-12.1816	-1.5823	2.2088	-0.8565	0.7581	0.4384	-0.3656	0.3154	-0.2895	0.0237	0.5260	-8.1478	1.5453	-5.2343	-0.15168046001161173	1	0	5	Tilt	Normal
-6.3207	6.0908	-4.3670	-11.9205	122.2768	114.2981	35.7990	-18.1295	-11.8910	1.7919	4.0654	0.7570	0.7589	0.4304	-0.3540	0.3368	0.2282	0.5478	-0.0716	-8.1126	2.0255	-5.1240	-2.2733472698037804	1	0	5	Tilt	Normal
-4.9799	5.5929	-4.7118	-12.8985	121.2460	112.3729	36.0513	-17.5580	-11.9223	3.1928	3.4038	0.2468	0.7501	0.4361	-0.3505	0.3526	-0.1628	-0.7305	-0.1195	-8.1728	2.1890	-4.9585	-0.9564151492848314	1	0	5	Tilt	Normal
-11.7603	4.9416	-4.6352	-32.0842	125.7739	120.2177	31.4133	-23.6623	-13.5686	-5.0190	-0.2673	0.2222	0.8044	0.3171	-0.2572	0.4315	-0.9266	0.9015	6.3903	-6.7413	5.2089	-4.8574	4.72471210802218	1	0	5	Tilt	Normal
-1.6472	0.6895	-2.4134	-56.6044	150.6012	154.1908	11.7292	-38.0535	-14.3984	1.0024	-7.4979	2.2893	0.8570	0.0729	-0.1154	0.4969	-0.4387	0.0249	4.3437	-2.6496	8.1874	-4.7027	-10.570171259259144	1	0	5	Tilt	Normal
0.7278	-2.4900	-5.4779	-63.4912	171.3219	-172.8269	-13.2082	-45.2957	-16.7317	1.3883	-11.2656	-1.1512	0.8438	-0.0928	-0.0970	0.5196	-1.0256	-0.6281	1.0499	-0.6605	8.7756	-4.3268	3.0589250855099146	1	0	5	Tilt	Normal
3.4482	12.0291	-0.3071	-78.5539	149.2655	167.9972	-17.1200	-40.8548	-25.4345	4.4426	2.4174	1.3651	0.7598	-0.0888	-0.1402	0.6286	-2.9612	-2.1078	-0.6460	-0.9943	9.6117	-1.6722	6.45621350609326	1	0	5	Tilt	Normal
2.3373	8.0451	1.5317	-78.8542	91.0471	115.0063	-15.2454	-34.4308	-34.2449	4.2318	-1.5767	1.5664	0.7039	-0.0792	-0.2129	0.6730	-1.6488	-0.5632	-2.0330	-1.8944	9.6218	-0.0347	-4.000720003537287	1	0	5	Tilt	Normal
-1.8765	3.6398	1.9148	-59.3338	53.1580	79.4887	-11.8462	-26.9221	-41.4020	2.1264	-4.7954	-1.0841	0.5889	0.0159	-0.3266	0.7391	-4.3716	0.4904	-1.1989	-4.0028	8.4352	2.9989	-3.9960104871764734	1	0	5	Tilt	Normal
-1.7232	0.0772	14.8626	-12.3389	19.9847	46.2836	-10.1502	-2.0270	-50.1790	1.5510	-2.0183	5.8595	0.1651	0.1170	-0.3677	0.9077	-15.1319	-2.3635	-0.4411	-3.2742	2.0955	9.0031	10.441758151415858	1	0	5	Tilt	Normal
-0.9571	2.8353	16.2417	-19.6190	21.7076	48.8958	-15.0842	27.8769	-46.1708	2.4596	-0.4573	7.6595	0.2291	0.0997	-0.3713	0.8943	2.0551	1.3394	-0.1886	-3.4167	3.2926	8.5822	1.5527150825173344	1	1	6	PT	Normal
-1.4934	4.2144	9.8444	-14.6666	17.8457	47.0209	-14.8956	20.7146	-49.5629	1.4141	1.7315	0.8139	0.1770	0.0908	-0.3727	0.9064	-1.2302	-0.8892	-0.1513	-2.9075	2.4829	9.0305	-5.702878600653943	1	1	6	Jump	Normal
-1.1486	3.0652	10.4573	-19.3263	18.4519	48.9190	-15.2222	21.7426	-48.6631	1.7804	-0.1803	1.6791	0.2163	0.0753	-0.3784	0.8969	0.7438	0.1995	-0.2877	-2.9290	3.2455	8.7782	0.1454412350268388	0	1	6	Tilt	Normal
-1.2641	3.7541	9.4619	-17.4521	16.8473	48.9135	-15.2159	19.7157	-49.7055	1.4473	0.8130	0.5083	0.1966	0.0697	-0.3846	0.8992	-0.0690	-0.0721	-0.3665	-2.7114	2.9411	8.9536	-0.7000196152000129	0	0	6	Tilt	Normal
-1.1875	3.7541	9.6151	-17.4793	15.7948	49.1112	-16.3585	20.4576	-48.6888	1.3586	0.8086	0.6146	0.1933	0.0610	-0.3879	0.8991	-0.0179	0.0046	-0.1808	-2.5461	2.9455	9.0006	0.13245097576162124	0	0	6	Lying	Normal
-1.0343	3.2178	9.8833	-17.5125	14.9401	49.0827	-16.3737	20.2047	-49.1433	1.3768	0.2670	0.8474	0.1907	0.0542	-0.3890	0.8996	0.0386	-0.0007	-0.1808	-2.4111	2.9509	9.0359	0.05519747999350777	0	0	6	Tilt	Normal
-1.0726	3.1795	9.7300	-17.2366	14.1483	49.0132	-15.6070	19.8040	-49.0018	1.2169	0.2737	0.6481	0.1858	0.0491	-0.3902	0.9004	-0.0264	-0.0135	-0.1840	-2.2895	2.9058	9.0820	-0.15291266645223622	0	0	6	Lying	Normal
-1.1103	3.1418	9.6145	-17.0296	13.5802	49.1010	-15.4549	20.6747	-49.5769	1.0915	0.2698	0.5001	0.1823	0.0453	-0.3921	0.9005	-0.0072	-0.0050	-0.1851	-2.2018	2.8720	9.1144	-0.11678264852388409	0	0	6	Lying	Normal
-1.0720	3.1035	9.6528	-16.8678	12.9748	49.0178	-15.4686	20.1800	-49.0178	1.0352	0.2580	0.5077	0.1790	0.0412	-0.3926	0.9012	-0.0254	-0.0114	-0.1872	-2.1072	2.8455	9.1451	0.02037903329045143	0	0	6	Lying	Normal
-1.1103	3.2567	9.5762	-16.6984	12.4461	48.9037	-16.8183	20.1782	-49.3560	0.9141	0.4390	0.4039	0.1758	0.0379	-0.3928	0.9019	-0.0371	-0.0071	-0.1862	-2.0244	2.8177	9.1723	-0.020370448932979457	0	0	6	Lying	Normal
-1.1109	3.2178	9.7300	-16.6050	11.9776	48.8705	-16.2507	20.5245	-48.8722	0.8395	0.4154	0.5370	0.1735	0.0346	-0.3934	0.9022	-0.0083	-0.0071	-0.1851	-1.9504	2.8024	9.1930	0.1327271147720932	1	0	7	Lying	Normal
-1.0343	3.1795	9.7300	-16.6054	11.5410	48.8549	-15.9689	19.8961	-49.1766	0.8459	0.3771	0.5224	0.1720	0.0312	-0.3939	0.9024	0.0066	-0.0039	-0.1851	-1.8802	2.8024	9.2077	-0.019873908207410196	1	0	7	Lying	Normal
-1.0726	3.2178	9.6151	-16.5639	11.1614	49.0726	-16.1380	20.2240	-49.4387	0.7470	0.4221	0.3932	0.1704	0.0280	-0.3963	0.9017	-0.0254	-0.0146	-0.1873	-1.8196	2.7957	9.2219	-0.09260940947344132	1	0	7	Lying	Normal
-1.0720	3.2567	9.6528	-16.4659	10.7890	49.1124	-16.1159	20.2967	-49.0724	0.6885	0.4770	0.4146	0.1683	0.0254	-0.3972	0.9018	-0.0072	-0.0071	-0.1862	-1.7605	2.7797	9.2382	0.047798071930740704	1	0	7	Lying	Normal
-1.1109	3.1029	9.6151	-16.4370	10.5730	49.0483	-15.5230	20.2945	-48.9528	0.6150	0.3280	0.3690	0.1674	0.0239	-0.3971	0.9021	-0.0030	-0.0050	-0.1851	-1.7259	2.7749	9.2461	-0.07936077906303574	1	0	7	Lying	Normal
-1.0726	3.2178	9.6534	-16.4233	10.2545	48.9643	-16.1416	20.4440	-49.2485	0.6020	0.4452	0.3973	0.1661	0.0215	-0.3969	0.9024	-0.0158	-0.0082	-0.1893	-1.6746	2.7726	9.2561	0.06768966562990997	1	0	7	Lying	Normal
-1.1103	3.2184	9.6528	-16.4277	10.0851	48.8988	-16.2934	20.8796	-48.8521	0.5369	0.4452	0.3919	0.1656	0.0203	-0.3966	0.9027	-0.0073	-0.0072	-0.1893	-1.6472	2.7732	9.2609	0.003642747286134451	1	0	7	Lying	Normal
-1.1103	3.1035	9.6911	-16.4706	9.9561	48.1111	-15.8782	20.0937	-48.8512	0.5157	0.3231	0.4286	0.1653	0.0203	-0.3905	0.9054	-0.0047	-0.0032	-0.0014	-1.6260	2.7804	9.2626	7.080095901397243E-4	1	0	7	Lying	Normal
-1.0337	3.2184	9.6911	-16.5170	9.8435	47.2985	-16.0883	20.8619	-49.4938	0.5737	0.4304	0.4277	0.1652	0.0204	-0.3842	0.9081	-0.0047	0.0000	-0.0004	-1.6074	2.7880	9.2635	0.027422240607906545	1	0	7	Lying	Normal
-0.9954	3.1418	9.6145	-16.5664	9.7272	46.5740	-16.1056	21.1619	-48.5159	0.5929	0.3457	0.3502	0.1650	0.0203	-0.3786	0.9105	0.0049	0.0053	-0.0004	-1.5883	2.7961	9.2644	-0.10004779968032729	1	0	7	Lying	Normal
-1.0720	3.1418	9.6145	-16.6115	9.6205	45.9409	-15.9582	19.7913	-49.0420	0.4986	0.3383	0.3494	0.1649	0.0202	-0.3736	0.9126	-0.0026	-0.0021	-0.0014	-1.5706	2.8035	9.2651	0.0077876451611302855	2	0	8	Lying	Fall
-1.1103	3.2184	9.6528	-16.6634	9.5119	45.3661	-16.4937	20.5168	-49.3318	0.4423	0.4064	0.3873	0.1649	0.0200	-0.3692	0.9144	-0.0111	0.0021	-0.0014	-1.5526	2.8120	9.2656	0.06412990432115073	2	0	8	Lying	Normal
-1.0726	3.2561	9.5385	-16.7335	9.3558	44.8177	-15.9903	20.5227	-49.3667	0.4542	0.4326	0.2722	0.1648	0.0193	-0.3649	0.9161	-0.0047	-0.0043	-0.0014	-1.5268	2.8235	9.2663	-0.09973603971926792	2	0	8	Lying	Normal
-1.0726	3.1795	9.3853	-16.7707	9.2068	44.2901	-15.8681	20.8257	-49.1259	0.4298	0.3499	0.1167	0.1646	0.0187	-0.3609	0.9178	-0.0079	0.0053	0.0007	-1.5024	2.8296	9.2686	-0.16873590327697485	2	0	8	Tilt	Normal
-1.0726	3.2178	9.3853	-16.8143	9.1229	43.8096	-15.8818	20.2905	-48.8583	0.4158	0.3811	0.1167	0.1646	0.0186	-0.3571	0.9193	0.0006	-0.0021	0.0018	-1.4884	2.8367	9.2686	0.012283605610994286	2	0	8	Tilt	Normal
-1.0343	3.1412	9.4236	-16.8512	9.0339	43.3459	-16.2066	20.7498	-49.0341	0.4395	0.2984	0.1546	0.1645	0.0185	-0.3535	0.9207	0.0017	0.0022	0.0042	-1.4738	2.8428	9.2690	0.007642709977297102	2	0	8	Tilt	Normal
-1.0343	3.1412	9.9216	-16.8900	8.9222	42.8142	-15.8104	20.7219	-49.5151	0.4211	0.2921	0.6515	0.1644	0.0182	-0.3493	0.9223	0.0017	0.0011	0.0042	-1.4554	2.8491	9.2701	0.4712042031022463	2	0	8	Tilt	Normal
-1.1109	3.1412	9.8833	-16.9208	8.8408	42.3959	-16.2401	20.1392	-49.9388	0.3311	0.2870	0.6128	0.1643	0.0180	-0.3460	0.9235	-0.0026	0.0001	0.0031	-1.4421	2.8542	9.2705	-0.02844761039563437	0	0	8	Tilt	Normal
-1.1492	3.1795	9.7300	-16.9576	8.7643	41.9984	-15.7173	20.4636	-49.5146	0.2801	0.3193	0.4594	0.1643	0.0179	-0.3429	0.9247	0.0006	-0.0031	0.0042	-1.4293	2.8602	9.2706	-0.12918594613636714	0	0	8	Lying	Normal
-1.1109	3.1795	9.5002	-16.9926	8.6966	41.6136	-15.7841	20.4171	-49.3669	0.3072	0.3136	0.2295	0.1643	0.0178	-0.3398	0.9258	-0.0015	0.0065	0.0063	-1.4181	2.8659	9.2706	-0.2210800873179899	0	0	8	Tilt	Normal
-1.0720	3.2184	9.6145	-17.0265	8.6227	41.2476	-16.0844	20.3582	-48.9964	0.3338	0.3470	0.3437	0.1643	0.0176	-0.3369	0.9269	0.0049	-0.0031	0.0034	-1.4058	2.8714	9.2708	0.11584598449988803	1	0	9	Lying	Normal
-1.0337	3.1418	9.6911	-17.0619	8.5489	40.8994	-16.3783	20.7382	-49.2824	0.3600	0.2646	0.4203	0.1644	0.0174	-0.3342	0.9279	-0.0005	-0.0010	0.0045	-1.3937	2.8772	9.2708	0.044578156882829845	1	0	9	Lying	Normal
-1.0726	3.1795	9.6917	-17.0953	8.4608	40.5127	-16.4212	20.4039	-49.2963	0.3066	0.2967	0.4205	0.1643	0.0171	-0.3312	0.9290	0.0006	-0.0021	0.0034	-1.3792	2.8828	9.2712	0.016192148399316153	1	0	9	Lying	Normal
-1.0726	3.1795	9.7300	-17.1266	8.3874	40.2136	-16.3745	20.1986	-48.9211	0.2945	0.2916	0.4585	0.1643	0.0169	-0.3288	0.9298	-0.0037	0.0033	0.0045	-1.3671	2.8879	9.2715	0.036199339665083485	1	0	9	Lying	Normal
-1.0726	3.1795	9.6534	-17.1576	8.3131	39.9189	-15.9130	20.3291	-48.8029	0.2822	0.2866	0.3817	0.1643	0.0166	-0.3265	0.9307	-0.0069	0.0054	0.0056	-1.3548	2.8929	9.2717	-0.07238336967371062	1	0	9	Lying	Normal
-1.0720	3.1035	9.6528	-17.1814	8.2532	39.6410	-16.2200	20.4502	-49.3868	0.2729	0.2066	0.3810	0.1643	0.0164	-0.3243	0.9314	0.0017	0.0011	0.0034	-1.3449	2.8968	9.2718	-0.024020245559722042	1	0	9	Lying	Normal
-1.0337	3.0269	9.6145	-17.2043	8.1900	39.3594	-15.5992	20.5341	-49.1496	0.3009	0.1263	0.3422	0.1643	0.0162	-0.3221	0.9322	-0.0090	0.0033	0.0045	-1.3346	2.9006	9.2723	-0.06336733236530989	1	0	9	Lying	Normal
-1.1103	3.1418	9.6911	-17.2286	8.1341	39.0821	-15.6650	20.6810	-48.3879	0.2150	0.2373	0.4188	0.1643	0.0161	-0.3199	0.9330	-0.0005	0.0033	0.0045	-1.3253	2.9045	9.2723	0.11539540779619983	1	0	9	Lying	Normal
-1.0720	3.2184	9.6145	-17.2546	8.0807	38.8006	-15.5627	20.7515	-49.3221	0.2445	0.3096	0.3422	0.1643	0.0160	-0.3176	0.9337	-0.0015	0.0001	0.0045	-1.3165	2.9088	9.2723	-0.052594105144686765	1	0	9	Lying	Normal
-1.0720	3.1801	9.6911	-17.2751	8.0213	38.5282	-16.0973	20.9064	-49.1717	0.2348	0.2680	0.4185	0.1642	0.0158	-0.3155	0.9345	-0.0015	0.0022	0.0056	-1.3068	2.9121	9.2726	0.060326716760433996	1	0	9	Lying	Normal
-1.1103	3.1418	9.6528	-17.2863	7.9663	38.2628	-15.7811	20.8810	-49.4990	0.1875	0.2277	0.3796	0.1641	0.0157	-0.3134	0.9352	-0.0015	0.0022	0.0054	-1.2978	2.9140	9.2732	-0.04394426452855704	2	0	10	Lying	Normal
-1.0720	3.1801	9.6911	-17.3079	7.9207	38.0057	-15.7683	20.8677	-49.7916	0.2183	0.2626	0.4179	0.1642	0.0157	-0.3113	0.9359	-0.0026	-0.0020	0.0054	-1.2903	2.9175	9.2732	0.04394426452855704	2	0	10	Lying	Normal
-1.0720	3.1035	9.6911	-17.3182	7.8776	37.8077	-15.7348	20.5806	-48.4809	0.2113	0.1844	0.4175	0.1641	0.0156	-0.3097	0.9364	0.0049	0.0001	0.0054	-1.2833	2.9191	9.2736	-0.023493059927483628	2	0	10	Lying	Normal
-1.0726	3.1795	9.6917	-17.3376	7.8201	37.5251	-15.4730	21.1671	-49.0922	0.2011	0.2572	0.4178	0.1641	0.0155	-0.3075	0.9372	0.0049	0.0022	0.0054	-1.2737	2.9223	9.2739	0.02393664844919563	2	0	10	Lying	Normal
-1.1103	3.2184	9.6528	-17.3543	7.7855	37.3427	-16.3320	21.1604	-48.6363	0.1577	0.2933	0.3789	0.1641	0.0154	-0.3060	0.9376	-0.0037	0.0001	0.0043	-1.2680	2.9251	9.2739	-0.020561221626337556	2	0	10	Lying	Normal
-1.0720	3.2567	9.6911	-17.3740	7.7359	37.1297	-16.3346	21.3498	-48.5439	0.1879	0.3285	0.4172	0.1641	0.0152	-0.3044	0.9382	0.0059	0.0033	0.0054	-1.2599	2.9283	9.2739	0.044127806323846386	2	0	10	Lying	Normal
-1.0720	3.1418	9.7294	-17.3909	7.6889	36.9291	-15.9864	20.2912	-49.2942	0.1802	0.2107	0.4553	0.1641	0.0151	-0.3028	0.9387	0.0027	0.0001	0.0064	-1.2522	2.9311	9.2741	4.1869169099406633E-4	2	0	10	Lying	Normal
-1.0720	3.1035	9.7294	-17.4041	7.6463	36.7610	-16.5961	20.1469	-48.5099	0.1731	0.1703	0.4550	0.1640	0.0149	-0.3014	0.9391	-0.0005	-0.0020	0.0054	-1.2451	2.9332	9.2744	-0.011640438828228739	2	0	10	Lying	Normal
-1.0720	3.1801	9.6911	-17.4251	7.6082	36.5938	-15.9921	20.8611	-48.9969	0.1668	0.2435	0.4170	0.1641	0.0148	-0.3001	0.9396	0.0059	0.0022	0.0043	-1.2388	2.9366	9.2741	-0.01278842608198616	2	0	10	Lying	Normal
-1.0343	3.1795	9.6917	-17.4338	7.5654	36.4230	-15.8524	20.6746	-49.4321	0.1977	0.2414	0.4170	0.1640	0.0147	-0.2987	0.9400	0.0038	0.0022	0.0064	-1.2320	2.9381	9.2747	-0.003491113139098445	2	0	10	Lying	Normal
-1.1109	3.1795	9.6534	-17.4536	7.5282	36.2627	-15.7896	20.2353	-49.1794	0.1148	0.2382	0.3790	0.1641	0.0146	-0.2975	0.9404	-0.0079	-0.0010	0.0054	-1.2257	2.9413	9.2744	-0.0281587398799914	3	0	11	Lying	Normal
Total time: 11 seconds.
