4.9805	-8.6951	-1.6861	60.7893	80.3872	61.0722	-11.4711	32.6927	-24.2236	-0.9472	-0.9239	-2.4852	0.0500	-0.6758	0.6160	-0.4016	-0.6671	-1.1299	0.0543	5.9277	-7.7713	0.7991	0.35272869146498564	6	0	1	Upright	Normal
7.3939	-7.8524	-0.6135	69.0252	103.2848	42.8481	-12.8065	34.9202	-21.9413	1.8275	0.1811	0.1932	0.0913	-0.7299	0.6004	-0.3137	0.0456	-2.1962	0.7158	5.5664	-8.0334	-0.8067	0.6417178805148573	6	0	1	Upright	Normal
4.3293	-5.8987	0.9571	71.0052	107.6804	43.5858	-11.5552	35.6035	-20.2133	-0.4968	2.5830	1.9266	0.0742	-0.7375	0.6137	-0.2719	-0.0481	-0.4130	0.5113	4.8261	-8.4818	-0.9695	-3.423805618477652	6	0	1	Upright	Normal
3.2184	-8.2738	-2.6055	68.7707	100.9690	55.2151	-7.1061	35.6878	-20.3966	-0.8455	0.6256	-1.9297	0.0234	-0.7307	0.6294	-0.2634	-0.2260	1.0912	0.2907	4.0639	-8.8994	-0.6758	1.872897181449905	6	0	1	Upright	Normal
3.1801	-7.1629	-2.2990	64.2186	96.6214	60.2054	-4.7150	35.6468	-20.0176	-0.7765	1.7967	-1.8072	-0.0114	-0.7245	0.6259	-0.2883	0.2991	0.5820	0.0841	3.9566	-8.9596	-0.4919	-1.0848135840468114	6	0	1	Upright	Normal
2.7204	-9.9210	-3.0269	62.0213	94.4054	62.2299	-2.1694	36.1481	-19.9635	-1.2465	-0.9593	-2.6734	-0.0253	-0.7193	0.6246	-0.3032	0.0658	0.6331	-0.2142	3.9669	-8.9616	-0.3534	2.5559412728541613	6	0	1	Upright	Normal
5.7084	-9.6145	-0.8434	60.8299	94.0312	61.0571	-1.9761	35.7313	-20.0804	1.5012	-0.7626	-0.5073	-0.0231	-0.7187	0.6177	-0.3183	0.3098	0.0004	-0.5412	4.2072	-8.8520	-0.3361	0.4899066717503189	6	0	1	Upright	Normal
3.0269	-3.2938	2.2978	66.2061	92.5111	56.0192	-4.4362	35.1907	-21.0065	-2.1228	5.0501	2.4713	0.0492	-0.7116	0.6204	-0.3261	0.1692	-0.7933	-0.5157	5.1496	-8.3439	-0.1734	-6.1841673553317404	6	0	1	Upright	Normal
4.8656	-9.2698	2.0297	67.9088	90.1651	54.6385	-7.1873	34.2126	-21.3820	-0.7883	-1.2571	2.0405	0.0808	-0.7029	0.6202	-0.3388	0.1489	0.5170	-0.5952	5.6539	-8.0126	-0.0108	5.635067376749039	6	0	1	Upright	Normal
3.7930	-8.9250	2.7958	63.8897	72.6957	72.4223	-7.4446	33.5783	-21.8238	-1.5314	-0.7902	1.5122	0.0467	-0.6575	0.6568	-0.3662	0.7955	1.2009	0.0269	5.3244	-8.1347	1.2836	-0.5715752045045512	6	1	2	PT	Normal
6.2830	-8.0056	-2.3373	56.5302	49.6427	92.4620	-5.0534	31.5049	-25.1682	1.3117	-0.3120	-5.8395	0.0303	-0.5661	0.7148	-0.4094	1.8491	2.5847	-0.4343	4.9713	-7.6936	3.5021	0.3491597567313143	0	1	2	Upright	Normal
3.2950	-9.2698	4.6346	60.0175	55.2073	84.2402	-4.3478	30.3378	-28.4014	-2.3355	-1.7433	1.8383	0.0596	-0.5949	0.6866	-0.4138	0.4152	-1.3973	-0.5835	5.6306	-7.5265	2.7963	0.4333247818040924	0	0	2	Upright	Normal
4.1761	-10.3424	1.1869	57.6843	53.1195	85.7481	-5.5703	30.0741	-28.4128	-1.3656	-2.8883	-1.9592	0.0497	-0.5806	0.6912	-0.4274	-0.5829	-0.5078	-0.3246	5.5417	-7.4540	3.1461	0.34166849696077506	0	0	2	Upright	Normal
5.4013	-12.4115	0.2298	56.8603	73.2465	71.1979	-5.3771	31.5494	-26.9588	0.1342	-4.2850	-1.3155	0.0053	-0.6490	0.6418	-0.4085	-2.8967	-0.0753	0.4843	5.2671	-8.1265	1.5453	2.321131847774872	0	0	2	Upright	Normal
8.0062	-8.0062	3.2944	49.8006	97.5055	54.9820	-4.1144	35.6842	-18.3961	3.2284	0.5179	4.1213	-0.0686	-0.7331	0.5569	-0.3844	-2.2671	-1.1395	-0.2305	4.7778	-8.5241	-0.8269	-1.7457937924467544	0	0	2	Upright	Normal
4.7124	-6.0519	0.7272	54.7700	105.4430	48.1837	-2.5584	38.1484	-13.1067	-0.0003	2.4152	2.2336	-0.0341	-0.7587	0.5537	-0.3416	0.8009	-1.5304	0.7176	4.7127	-8.4671	-1.5064	-4.087401146126427	0	0	2	Upright	Normal
3.7164	-5.6689	0.0760	56.3604	104.6466	54.2697	-0.9559	38.3359	-13.6465	-0.1483	3.2389	1.4497	-0.0613	-0.7525	0.5784	-0.3090	0.4206	0.0131	1.1884	3.8647	-8.9078	-1.3737	-0.925685126359701	0	0	2	Upright	Normal
3.4099	-5.1709	-1.5329	51.0866	93.1064	65.4991	2.8460	37.8378	-14.8367	-0.2746	3.9112	-1.1990	-0.1050	-0.7113	0.5989	-0.3525	0.4110	2.6720	-0.1645	3.6845	-9.0821	-0.3338	-0.39806311375722103	0	0	2	Upright	Normal
2.4140	-12.0279	-6.4362	43.2393	96.8200	63.0085	4.9556	37.7988	-13.3386	-1.2944	-2.9892	-5.5878	-0.1548	-0.7206	0.5574	-0.3821	-0.1291	0.7375	0.0678	3.7083	-9.0387	-0.8484	7.4727450577045635	0	0	2	Upright	Normal
17.2005	-13.4835	1.6466	41.6077	97.9128	55.8596	4.1688	38.2652	-11.2947	12.4913	-4.9410	2.6561	-0.1242	-0.7322	0.5242	-0.4169	0.0403	-1.0064	-0.7762	4.7092	-8.5425	-1.0095	8.06381178981298	0	0	2	Upright	Normal
2.9119	-4.9410	4.7878	49.1157	104.8156	50.9455	2.0468	38.7634	-13.1747	-1.5890	3.6157	6.4292	-0.0811	-0.7597	0.5359	-0.3593	0.0712	-2.5084	0.2891	4.5009	-8.5567	-1.6414	-14.446430731271263	0	1	3	Jump	Normal
5.4785	-8.5036	3.0640	48.6809	101.6241	53.5711	3.1279	39.3219	-13.1557	0.9686	0.1062	4.3687	-0.0858	-0.7478	0.5446	-0.3700	0.5367	2.3236	-0.4268	4.5099	-8.6098	-1.3047	3.098461355106104	0	1	3	PT	Normal
3.7164	-8.6185	-2.1458	40.1189	86.7313	61.9355	2.7626	39.2445	-13.3842	-1.2076	-0.1484	-2.5733	-0.1181	-0.6814	0.5533	-0.4644	1.4326	3.4368	-0.0784	4.9240	-8.4701	0.4275	-0.9416451517546545	0	1	3	PT	Normal
4.2910	-9.2314	0.4974	46.3441	80.2744	66.3382	3.5553	38.0094	-17.7785	-0.6859	-0.8592	-0.6461	-0.0724	-0.6606	0.5968	-0.4495	0.4429	-1.4847	0.0632	4.9769	-8.3722	1.1435	0.5642914054379808	0	1	3	PT	Normal
4.3676	-7.3544	2.2212	49.2313	84.1746	62.2454	0.7915	38.1479	-18.8721	-0.8426	0.9282	1.5713	-0.0503	-0.6814	0.5877	-0.4333	0.1883	-1.2663	-0.2286	5.2102	-8.2826	0.6499	-1.3548533505934959	0	1	3	PT	Normal
3.0269	-7.9290	1.9914	55.0588	89.5863	57.6113	-1.0078	38.5770	-18.3874	-2.2749	0.3208	1.9508	-0.0136	-0.7055	0.5886	-0.3945	-0.3486	-1.2418	-0.0976	5.3018	-8.2498	0.0406	-0.11962631849204186	0	1	3	Upright	Normal
5.9382	-11.3383	-2.7587	55.1571	95.6085	54.3393	-1.5683	40.5632	-16.9472	0.8877	-2.9501	-2.2110	-0.0232	-0.7262	0.5770	-0.3730	-0.6479	-0.4919	0.2401	5.0506	-8.3882	-0.5477	4.375499466897013	0	0	3	Upright	Normal
13.8295	-3.8301	2.4128	57.2689	121.0828	34.8514	-0.4531	42.2652	-12.4881	9.3712	4.4644	5.1502	-0.0040	-0.7997	0.5274	-0.2869	-0.6255	-1.2493	0.7632	4.4583	-8.2946	-2.7375	1.4583907104204936	0	0	3	Upright	Normal
4.4442	-2.4128	-2.7587	64.5015	121.9615	29.7012	-0.5459	42.4406	-12.7077	-0.4610	5.7796	-0.5240	0.0607	-0.7812	0.5562	-0.2770	1.6019	-0.1563	-0.5003	4.9053	-8.1924	-2.2347	-8.791042862815216	0	0	3	Upright	Normal
0.3071	-6.5499	-2.0692	82.5758	159.9376	-4.8410	-2.6723	40.7934	-21.4736	-3.8159	2.2681	-0.8788	0.1461	-0.7344	0.6436	-0.1582	3.6430	-1.8916	0.4619	4.1230	-8.8180	-1.1904	1.1153699549791334	0	0	3	Upright	Normal
-0.5357	-8.3121	-4.5975	77.2079	-98.5700	-100.4071	-6.0898	36.6601	-32.3498	-3.6890	0.9682	-4.2738	0.1946	-0.6918	0.6944	-0.0371	-1.1901	2.9021	0.4044	3.1533	-9.2802	-0.3237	2.6381029926893316	0	1	4	PT	Normal
-2.9491	-17.1227	0.3442	76.5717	-120.9039	-74.2605	-2.8056	39.7971	-32.4217	-5.3817	-7.6948	1.5139	0.1686	-0.7288	0.6634	-0.0167	-1.4298	-0.7730	2.3485	2.4327	-9.4279	-1.1697	7.864282682391359	0	1	4	Jump	Normal
-4.2521	-6.3973	1.6472	74.5426	162.1582	0.3600	7.2553	44.2967	-28.4724	-3.4512	3.0547	4.1352	-0.0914	0.7864	-0.5986	0.1215	-1.3531	-1.7126	3.8558	-0.8009	-9.4520	-2.4880	-9.522071117600134	0	1	4	Jump	Normal
-10.5339	-14.9009	-4.5209	42.8859	117.5686	46.4351	27.3661	41.7562	-27.8781	-4.1643	-8.2271	-1.1953	0.1397	0.8062	-0.4775	0.3201	-0.9153	-1.4346	4.4662	-6.3696	-6.6738	-3.3255	10.943809309743042	0	1	4	Jump	Normal
-18.0421	-3.9450	-4.4059	18.0650	106.3641	66.9659	41.1233	28.6345	-28.3190	-9.0965	-0.9040	-1.7792	0.3577	0.7113	-0.4313	0.4243	0.1500	-2.0045	3.0195	-8.9456	-3.0411	-2.6267	0.18667936541682195	0	1	4	Tilt	Normal
-4.5963	2.2990	5.5539	9.7719	103.8393	83.5299	39.6308	14.9761	-30.3403	4.7877	3.9635	7.8657	0.4832	0.6200	-0.4593	0.4137	2.1388	-0.9594	1.5143	-9.3839	-1.6644	-2.3118	-11.419789663312372	0	0	4	Tilt	Normal
-10.4962	-9.9982	0.2298	1.7158	102.1104	96.1136	36.5854	5.0040	-31.3292	-0.9120	-9.7044	2.2863	0.5721	0.5268	-0.4753	0.4114	-0.7480	0.0153	2.9460	-9.5841	-0.2937	-2.0565	6.930980981308964	0	0	4	Tilt	Normal
-4.6352	8.8490	0.0766	-14.8982	102.1169	87.8968	34.3411	-0.4054	-31.5064	4.6307	6.3277	2.0659	0.5939	0.4987	-0.3599	0.5187	-4.4402	-0.3000	3.1921	-9.2659	2.5212	-1.9893	-4.508046163364936	0	0	4	Tilt	Normal
-3.2178	14.6334	3.1412	-43.1320	98.8182	77.3785	30.7191	-4.3908	-34.0713	3.8544	7.9287	4.2383	0.6281	0.4017	-0.1604	0.6468	-1.6950	2.9863	3.5873	-7.0722	6.7047	-1.0971	5.318965954744966	0	0	4	Tilt	Normal
-2.2984	6.1675	1.7238	-51.4441	100.5126	84.1489	28.5292	-11.2037	-31.6799	3.7113	-1.5013	2.8391	0.6702	0.3282	-0.1383	0.6512	1.2568	-0.7656	0.3490	-6.0097	7.6688	-1.1152	-8.50491205868968	0	1	5	Jump	Normal
-4.3664	7.5471	1.8765	-48.9976	102.7205	86.9951	27.4762	-14.8220	-31.1662	1.9097	0.1462	3.2932	0.6771	0.3374	-0.1561	0.6351	0.1372	0.7556	-0.6343	-6.2761	7.4009	-1.4168	2.114987789629537	0	1	5	PT	Normal
-5.2858	13.4081	-3.2950	-44.0767	109.5403	89.9039	31.2605	-13.5784	-29.1553	1.3536	6.5863	-0.9387	0.6881	0.3829	-0.1609	0.5950	1.5892	0.8792	-1.9062	-6.6394	6.8218	-2.3563	5.865419667645419	0	1	5	Jump	Normal
-7.3161	6.6277	-1.3797	-27.5855	115.6221	89.7428	37.5724	-8.4747	-24.8089	0.5210	2.0865	2.3789	0.6699	0.4929	-0.2220	0.5090	1.6829	0.9325	-2.6093	-7.8371	4.5412	-3.7586	-4.8165307149504955	0	1	5	Jump	Normal
-5.2475	1.0349	1.7615	-5.5719	114.5334	86.8403	42.1915	0.3809	-21.5617	3.6317	0.0827	5.8143	0.5966	0.5922	-0.3415	0.4204	2.3242	-1.2780	-3.6777	-8.8792	0.9521	-4.0528	-4.336535664199116	0	1	5	Jump	Normal
-6.6649	-5.2475	-13.5997	22.6265	120.9257	88.7424	43.1713	15.1054	-23.7824	1.1003	-1.4745	-8.9476	0.5275	0.6775	-0.4601	0.2262	0.7348	2.4100	-2.4143	-7.7651	-3.7730	-4.6521	10.397203477412798	0	1	5	Jump	Normal
-15.2840	-12.1428	-1.1881	35.4467	106.5613	89.4290	42.5840	20.5000	-26.8309	-7.6263	-6.4554	1.0892	0.4079	0.6706	-0.5741	0.2330	0.9181	-4.2692	0.2538	-7.6577	-5.6874	-2.2773	3.5282001208321816	0	1	5	Jump	Normal
-2.7958	-5.0176	-4.7507	26.7308	89.5854	95.4055	34.1216	14.4817	-40.8631	5.9626	-0.6066	-4.8140	0.3966	0.5826	-0.6203	0.3442	1.1705	-1.1917	1.4479	-8.7584	-4.4110	0.0633	-12.10259130154067	0	1	5	Jump	Normal
-17.0461	-1.9148	9.3081	27.5983	98.1456	85.3559	34.6656	12.0756	-41.0992	-8.4429	2.6284	10.5396	0.3825	0.6453	-0.5637	0.3456	-1.0687	-2.3805	1.2008	-8.6033	-4.5431	-1.2315	12.06207386875348	0	1	5	Jump	Normal
-9.4230	-4.7495	0.9188	24.7421	96.2557	79.8564	34.4265	16.8271	-42.1083	-0.5695	-0.6451	1.8893	0.3572	0.6495	-0.5408	0.3976	-0.5478	0.9666	-0.2437	-8.8535	-4.1044	-0.9705	-8.923854970361019	0	1	5	Jump	Normal
-7.0479	-1.0720	-2.3756	23.5979	99.3607	79.9040	34.5729	18.2031	-40.0489	1.8191	2.8537	-0.9140	0.3778	0.6571	-0.5262	0.3854	0.0616	0.8632	-0.0434	-8.8671	-3.9257	-1.4617	-3.0778515862917972	0	2	6	PT	Normal
-8.8867	-1.7615	-0.9966	22.7620	102.7820	79.7560	37.5170	18.2813	-37.4651	-0.0678	2.0327	1.0042	0.3967	0.6668	-0.5105	0.3706	0.1734	0.7727	-0.2561	-8.8189	-3.7942	-2.0008	1.5998917214776922	0	2	6	PT	Normal
-8.6185	-5.3241	-1.8010	23.6720	102.2518	81.0557	38.4503	18.4736	-36.8583	0.1585	-1.3867	0.1049	0.3973	0.6628	-0.5205	0.3631	0.2033	-0.1051	-0.4851	-8.7770	-3.9374	-1.9059	1.1749779511081613	0	2	6	PT	Normal
-8.8107	-2.6815	-1.5323	26.7560	103.7544	84.0619	38.5602	18.7351	-36.4199	-0.3050	1.7334	0.5498	0.4063	0.6641	-0.5373	0.3242	0.4078	0.6235	-0.1293	-8.5057	-4.4149	-2.0821	-0.9529087630388684	0	2	6	PT	Normal
-8.3510	-4.5203	-1.9537	25.8803	102.1820	85.7483	39.3201	18.4097	-35.8831	0.2735	-0.2397	-0.0917	0.4129	0.6515	-0.5442	0.3300	0.0254	-0.3693	0.3117	-8.6245	-4.2805	-1.8619	0.35848782006573643	0	2	6	Tilt	Normal
-9.4613	-3.6386	-1.5329	23.4653	99.7501	86.0458	38.8131	16.2066	-37.2326	-0.5954	0.2664	-0.0094	0.4150	0.6367	-0.5442	0.3552	-0.1216	-0.3043	0.0443	-8.8659	-3.9049	-1.5235	0.5572864614988529	0	0	6	Tilt	Normal
-9.3464	-2.4128	-0.8817	23.4293	98.8063	85.7901	37.6429	16.4519	-38.5140	-0.4543	1.4866	0.4959	0.4093	0.6346	-0.5466	0.3619	-0.0535	-0.1968	-0.0639	-8.8921	-3.8994	-1.3776	-0.559094612803948	0	0	6	Tilt	Normal
-9.0399	-3.2172	-0.9200	23.3817	97.7502	86.1894	36.7641	17.3373	-38.2755	-0.1208	0.6746	0.2939	0.4067	0.6297	-0.5515	0.3660	0.0115	-0.1584	-0.0607	-8.9191	-3.8918	-1.2139	-0.053673424788597046	0	0	6	Tilt	Normal
-9.3464	-3.5237	-0.9200	23.5476	97.5988	86.3905	36.5329	16.6208	-38.6258	-0.4351	0.3943	0.2689	0.4062	0.6290	-0.5533	0.3650	0.0339	0.0962	-0.1076	-8.9112	-3.9180	-1.1889	0.3915314878024656	0	0	6	Tilt	Normal
-8.9633	-3.5237	-1.0732	23.7261	98.1384	86.4619	37.2282	17.4222	-39.2390	-0.0759	0.4223	0.1978	0.4083	0.6309	-0.5523	0.3608	0.0179	0.1409	-0.0607	-8.8874	-3.9459	-1.2710	-0.34019170679842503	0	0	6	Tilt	Normal
-9.1165	-3.4087	-1.1115	23.4469	98.1765	86.5018	37.4160	17.3494	-37.9741	-0.2110	0.4934	0.1682	0.4101	0.6301	-0.5512	0.3618	0.0232	-0.0103	0.0117	-8.9055	-3.9021	-1.2797	0.10552122020870591	1	0	7	Tilt	Normal
-9.1548	-3.4471	-0.9966	23.0749	97.8243	86.5656	37.0936	17.3614	-38.0159	-0.2167	0.3965	0.2316	0.4106	0.6277	-0.5512	0.3654	-0.0045	-0.0508	-0.0197	-8.9382	-3.8436	-1.2282	0.03672312674710554	1	0	7	Tilt	Normal
-9.1937	-3.3710	-0.9960	22.9367	97.4596	86.7004	37.0864	16.2459	-38.6022	-0.2388	0.4507	0.1766	0.4103	0.6257	-0.5524	0.3675	0.0009	-0.0241	-0.0570	-8.9549	-3.8217	-1.1726	0.009844344979661912	1	0	7	Tilt	Normal
-9.1171	-3.4477	-0.9577	22.9947	97.3441	86.7225	35.8310	16.7227	-38.7484	-0.1637	0.3834	0.1963	0.4096	0.6254	-0.5531	0.3677	-0.0023	0.0089	-0.0644	-8.9534	-3.8310	-1.1540	-0.04860447256129952	1	0	7	Tilt	Normal
-9.1554	-3.4477	-1.0343	22.9652	97.3283	86.6970	36.7848	17.4014	-39.0730	-0.1998	0.3787	0.1175	0.4095	0.6253	-0.5530	0.3681	0.0105	0.0153	-0.0303	-8.9557	-3.8264	-1.1518	0.04342122788774816	1	0	7	Tilt	Normal
-9.1554	-3.4093	-0.9960	22.8119	97.2480	86.6690	37.1835	17.0206	-38.7486	-0.1879	0.3928	0.1445	0.4097	0.6247	-0.5526	0.3694	0.0083	0.0078	-0.0303	-8.9675	-3.8021	-1.1405	-0.01735031438423995	1	0	7	Tilt	Normal
-9.1931	-3.3704	-0.9583	22.7039	97.1662	86.6291	36.9391	17.1747	-38.5274	-0.2170	0.4146	0.1703	0.4096	0.6243	-0.5523	0.3707	-0.0013	0.0004	-0.0392	-8.9762	-3.7851	-1.1286	0.01802402376193335	1	0	7	Tilt	Normal
-9.0399	-3.3704	-1.1115	22.6609	97.1066	86.5891	37.8576	17.2810	-38.7539	-0.0597	0.4079	0.0081	0.4093	0.6241	-0.5523	0.3714	-0.0066	0.0036	-0.0467	-8.9802	-3.7783	-1.1196	-0.1266612332513688	1	0	7	Tilt	Normal
-9.1554	-3.4093	-0.9960	22.6220	97.0460	86.5577	37.2497	17.1037	-38.2281	-0.1716	0.3629	0.1145	0.4091	0.6239	-0.5522	0.3721	0.0030	0.0036	-0.0488	-8.9838	-3.7722	-1.1105	0.10863720948943545	1	0	7	Tilt	Normal
-9.1937	-3.4477	-1.0726	22.5871	97.0452	86.5189	37.1248	16.6135	-38.3382	-0.2075	0.3190	0.0380	0.4090	0.6239	-0.5520	0.3725	0.0030	0.0068	-0.0360	-8.9862	-3.7667	-1.1106	0.057089684544036956	1	0	7	Tilt	Normal
-9.1554	-3.4860	-0.9966	22.5384	97.0057	86.4813	37.2030	17.3624	-38.8571	-0.1653	0.2729	0.1082	0.4089	0.6238	-0.5518	0.3731	0.0019	0.0089	-0.0318	-8.9901	-3.7589	-1.1048	-0.030138224507805234	2	0	8	Tilt	Fall
-9.1931	-3.4087	-1.0349	22.5091	96.9707	86.4534	37.2030	16.5664	-39.1578	-0.2005	0.3457	0.0646	0.4087	0.6237	-0.5517	0.3736	0.0062	-0.0018	-0.0451	-8.9926	-3.7544	-1.0995	0.012005195731598306	2	0	8	Tilt	Normal
-9.1165	-3.4471	-0.8817	22.5348	96.9269	86.4177	36.9554	17.2487	-39.2415	-0.1246	0.3114	0.2108	0.4082	0.6238	-0.5518	0.3739	-0.0002	0.0088	-0.0515	-8.9919	-3.7584	-1.0925	-0.07293699736929682	2	0	8	Tilt	Normal
-9.2314	-3.4087	-0.8817	22.5447	96.9014	86.3775	36.8904	16.9791	-38.9290	-0.2397	0.3512	0.2068	0.4078	0.6239	-0.5518	0.3741	0.0040	0.0035	-0.0483	-8.9917	-3.7599	-1.0885	0.09381052169834092	2	0	8	Tilt	Normal
-9.1548	-3.4471	-0.9200	22.5312	96.8881	86.3416	37.1334	16.7084	-39.0030	-0.1621	0.3108	0.1664	0.4076	0.6239	-0.5517	0.3745	-0.0002	0.0120	-0.0461	-8.9928	-3.7578	-1.0864	-0.05460911516673228	2	0	8	Tilt	Normal
-9.1171	-3.4093	-1.0726	22.5211	96.8958	86.3220	37.3065	16.0846	-38.8561	-0.1238	0.3469	0.0151	0.4076	0.6240	-0.5516	0.3746	0.0009	0.0067	-0.0429	-8.9934	-3.7562	-1.0877	-0.032824998427901875	2	0	8	Tilt	Normal
-9.0405	-3.4093	-1.0343	22.5236	96.8663	86.3208	37.0305	16.4924	-38.5256	-0.0468	0.3473	0.0488	0.4074	0.6239	-0.5517	0.3747	0.0083	-0.0007	-0.0451	-8.9937	-3.7567	-1.0831	-0.07542709943272641	2	0	8	Tilt	Normal
-9.0788	-3.3327	-0.9960	22.4652	96.8570	86.2973	36.8307	16.9699	-38.7857	-0.0811	0.4146	0.0860	0.4075	0.6238	-0.5514	0.3752	-0.0013	0.0078	-0.0451	-8.9977	-3.7474	-1.0820	0.005132863734061743	2	0	8	Tilt	Normal
-9.1165	-3.4471	-1.0349	22.4929	96.8518	86.2814	37.1419	16.5071	-39.7657	-0.1205	0.3047	0.0461	0.4073	0.6239	-0.5515	0.3751	0.0009	0.0067	-0.0483	-8.9961	-3.7517	-1.0810	0.07890818081347639	2	0	8	Tilt	Normal
-9.0782	-3.4854	-0.8817	22.4994	96.8092	86.2637	37.1983	17.1497	-38.3309	-0.0819	0.2674	0.1926	0.4070	0.6238	-0.5516	0.3754	-0.0013	0.0088	-0.0430	-8.9964	-3.7528	-1.0742	-0.03705300687331459	2	0	8	Tilt	Normal
-9.1554	-3.3327	-1.0343	22.4799	96.7861	86.2413	37.6752	17.3769	-38.6344	-0.1573	0.4170	0.0365	0.4068	0.6238	-0.5516	0.3758	-0.0034	0.0067	-0.0462	-8.9982	-3.7498	-1.0708	0.03368212499530543	3	0	9	Tilt	Normal
-9.1171	-3.3710	-1.1109	22.4535	96.7800	86.2177	37.3192	16.8703	-39.0865	-0.1172	0.3745	-0.0409	0.4068	0.6238	-0.5514	0.3760	0.0030	0.0003	-0.0462	-9.0000	-3.7456	-1.0701	-0.014236498571271738	3	0	9	Tilt	Normal
-9.1165	-3.3704	-0.9966	22.4434	96.7819	86.1870	37.1689	16.8643	-38.4727	-0.1160	0.3735	0.0738	0.4067	0.6238	-0.5512	0.3762	0.0030	0.0035	-0.0472	-9.0006	-3.7439	-1.0704	-0.013085224530906103	3	0	9	Tilt	Normal
-9.1548	-3.4854	-1.0349	22.4653	96.7775	86.1800	37.2174	16.7260	-39.0142	-0.1556	0.2620	0.0347	0.4065	0.6239	-0.5513	0.3762	0.0019	0.0024	-0.0483	-8.9992	-3.7474	-1.0696	0.07981411301954289	3	0	9	Tilt	Normal
-9.1165	-3.3704	-1.0349	22.4816	96.7787	86.1575	37.1598	16.0738	-38.7921	-0.1184	0.3795	0.0347	0.4063	0.6240	-0.5513	0.3762	-0.0023	0.0035	-0.0483	-8.9982	-3.7499	-1.0696	-0.07583323864023406	3	0	9	Tilt	Normal
-9.1548	-3.4087	-0.9583	22.4839	96.7624	86.1403	37.0418	16.7272	-38.6969	-0.1565	0.3416	0.1088	0.4061	0.6241	-0.5513	0.3764	-0.0034	0.0014	-0.0483	-8.9983	-3.7504	-1.0671	0.04118183035045142	3	0	9	Tilt	Normal
-9.1554	-3.3710	-1.0726	22.4826	96.7954	86.1136	37.1101	16.7574	-39.1469	-0.1577	0.3790	-0.0003	0.4062	0.6243	-0.5511	0.3763	0.0019	0.0035	-0.0504	-8.9977	-3.7501	-1.0723	-6.356755887910737E-4	3	0	9	Tilt	Normal
-9.1548	-3.3704	-1.0349	22.4847	96.7716	86.1895	36.8603	16.8883	-38.3455	-0.1568	0.3801	0.0335	0.4064	0.6239	-0.5515	0.3761	0.0072	0.0035	-0.0405	-8.9980	-3.7505	-1.0684	-0.00481429068976702	3	0	9	Tilt	Normal
-9.1554	-3.3710	-0.9960	22.4353	96.7485	86.1655	36.7426	17.2686	-38.0963	-0.1537	0.3716	0.0693	0.4064	0.6238	-0.5513	0.3766	0.0019	0.0046	-0.0416	-9.0017	-3.7426	-1.0653	-0.0032610522106075734	3	0	9	Tilt	Normal
-9.1554	-3.4093	-0.9577	22.4169	96.7012	86.1374	36.3328	16.9527	-38.8282	-0.1517	0.3304	0.1003	0.4062	0.6237	-0.5513	0.3770	0.0041	0.0067	-0.0437	-9.0037	-3.7397	-1.0579	0.009420340945256456	3	0	9	Tilt	Normal
-9.1171	-3.3710	-1.0726	22.4008	96.7329	86.0846	36.8622	16.8967	-38.6641	-0.1130	0.3662	-0.0096	0.4061	0.6239	-0.5509	0.3772	0.0030	0.0067	-0.0469	-9.0041	-3.7372	-1.0630	-0.03706162094451315	4	0	10	Tilt	Normal
-9.1937	-3.4093	-1.1109	22.4127	96.7529	86.0358	36.9015	16.9210	-38.9099	-0.1906	0.3297	-0.0447	0.4059	0.6242	-0.5507	0.3773	0.0030	0.0025	-0.0458	-9.0031	-3.7390	-1.0662	0.0888620733744272	4	0	10	Tilt	Normal
-9.1937	-3.3327	-0.9960	22.3674	96.7633	86.0036	36.8803	16.6670	-39.2046	-0.1879	0.3992	0.0721	0.4060	0.6242	-0.5504	0.3776	0.0014	0.0062	0.0013	-9.0058	-3.7320	-1.0681	-0.038507671540317645	4	0	10	Tilt	Normal
-9.0399	-3.4471	-0.9583	22.3109	96.7527	85.9845	36.8897	16.7433	-38.4329	-0.0302	0.2759	0.1086	0.4061	0.6241	-0.5502	0.3781	-0.0008	-0.0023	0.0003	-9.0097	-3.7230	-1.0669	-0.10752915786646611	4	0	10	Tilt	Normal
-9.1165	-3.3321	-1.0732	22.2627	96.7450	85.9715	37.4791	16.6089	-38.6795	-0.1035	0.3832	-0.0072	0.4062	0.6240	-0.5500	0.3784	0.0035	0.0009	0.0003	-9.0130	-3.7154	-1.0660	0.04333982857304974	4	0	10	Tilt	Normal
-9.1548	-3.4471	-1.0732	22.1977	96.7286	85.9653	37.0833	16.6609	-38.9644	-0.1374	0.2580	-0.0093	0.4065	0.6237	-0.5497	0.3789	-0.0008	-0.0002	0.0003	-9.0175	-3.7050	-1.0639	0.07545507204975266	4	0	10	Tilt	Normal
-9.0788	-3.3327	-1.0343	22.1347	96.7226	85.9556	36.8883	16.4881	-38.7066	-0.0573	0.3623	0.0292	0.4067	0.6236	-0.5495	0.3793	-0.0008	-0.0002	0.0013	-9.0215	-3.6950	-1.0635	-0.11464788075299026	4	0	10	Tilt	Normal
-9.1554	-3.4093	-1.0726	22.0776	96.7157	85.9445	37.2310	16.8859	-38.6203	-0.1302	0.2767	-0.0099	0.4069	0.6234	-0.5493	0.3797	-0.0008	0.0009	-0.0008	-9.0252	-3.6860	-1.0627	0.10196439510480992	4	0	10	Tilt	Normal
-9.1554	-3.4860	-0.9960	22.0240	96.7033	85.9368	37.2253	16.6538	-39.0683	-0.1264	0.1915	0.0652	0.4071	0.6232	-0.5491	0.3800	0.0014	-0.0034	-0.0008	-9.0290	-3.6775	-1.0612	0.018826284252808634	4	0	10	Tilt	Normal
-9.1554	-3.3327	-1.1109	21.9719	96.6919	85.9303	37.3769	16.6465	-39.2473	-0.1229	0.3365	-0.0510	0.4072	0.6231	-0.5489	0.3804	-0.0018	0.0030	0.0035	-9.0326	-3.6693	-1.0599	-0.04086957875224506	4	0	10	Tilt	Normal
-9.0782	-3.4087	-0.9583	21.9073	96.6807	85.9238	36.9060	16.1052	-38.2842	-0.0414	0.2502	0.1003	0.4075	0.6229	-0.5486	0.3808	-0.0018	-0.0002	-0.0072	-9.0368	-3.6589	-1.0585	-0.06194442055419458	5	0	11	Tilt	Normal
Total time: 11 seconds.
