0.8428	-9.9216	0.8811	84.0268	-47.6198	82.6673	-10.7673	22.4745	10.6450	0.0901	-0.1679	0.1942	-0.6579	0.1793	-0.2460	0.6888	0.1993	-0.2799	-0.0017	0.7527	-9.7537	0.6868	0.06690012417722002	6	0	1	Upright	Normal
1.7627	-8.5036	1.0337	84.5162	-40.0466	72.6846	-10.1075	22.6564	9.8099	1.1609	1.2585	0.3175	-0.6591	0.1704	-0.2266	0.6965	-0.5027	-0.5835	0.2497	0.6018	-9.7621	0.7162	-1.2505626632143496	6	0	1	Upright	Normal
4.0989	-10.6494	0.9577	82.6293	-73.0367	103.6913	-9.0687	22.1475	11.3596	2.8962	-0.9237	0.5909	-0.6793	0.1411	-0.2319	0.6818	0.0544	0.0536	-0.4086	1.2026	-9.7257	0.3668	2.7054316852535774	6	0	1	Upright	Normal
1.1498	-10.0359	0.3825	81.2967	-58.8779	92.0449	-9.7783	21.7194	11.3912	-0.1197	-0.3419	-0.3840	-0.6623	0.1493	-0.2531	0.6892	0.2590	0.3902	0.0100	1.2695	-9.6940	0.7664	-1.342318335991493	6	0	1	Upright	Normal
-0.0377	-9.8827	1.1103	81.4693	-40.6630	74.8013	-10.3952	21.8103	9.3647	-0.9849	-0.1844	0.0076	-0.6460	0.1626	-0.2514	0.7021	0.3218	-0.1648	0.0558	0.9472	-9.6983	1.1027	-0.16384435459406355	0	0	1	Upright	Normal
-0.9194	-10.1514	1.1492	85.3305	-39.6548	71.2523	-8.7086	21.6075	10.0346	-1.4281	-0.3771	0.5354	-0.6635	0.1687	-0.2161	0.6961	-0.8286	0.6608	0.4272	0.5088	-9.7743	0.6138	0.31258178110858026	0	0	1	Upright	Normal
-0.6895	-9.5002	2.7581	87.3236	-2.9801	41.5404	-8.6304	20.9453	10.3835	-0.7130	0.2960	2.3038	-0.6521	0.2273	-0.2397	0.6824	-0.2257	-0.3779	0.3941	0.0235	-9.7962	0.4543	-0.3410598489086816	0	0	1	Upright	Normal
1.6855	-9.5385	-0.3831	88.1698	-0.0233	28.6510	-8.0094	20.5981	11.5599	1.6855	0.2634	-0.6907	-0.6743	0.1721	-0.1776	0.6958	-0.2640	-0.0189	0.0618	0.0000	-9.8019	0.3077	-0.22262143413172808	0	0	1	Upright	Normal
0.1915	-9.8450	1.0726	88.7947	-67.2601	105.8413	-8.1667	19.8445	11.6732	0.0015	-0.0404	0.9930	-0.6669	0.2262	-0.2410	0.6678	-0.2747	2.3098	-0.1736	0.1900	-9.8046	0.0796	0.21126219991263717	0	0	1	Upright	Normal
-0.8811	-10.4196	3.5626	88.2734	-119.9057	167.3808	-10.9156	19.9590	10.5014	-1.1362	-0.6173	3.7094	-0.6558	0.2783	-0.2909	0.6387	-0.6156	0.0877	-0.0868	0.2551	-9.8023	-0.1468	1.1419051648745793	0	0	1	Upright	Normal
1.5706	-9.5768	2.1835	86.6240	-145.6085	-168.9271	-11.6025	18.0517	12.0167	1.2451	0.2129	2.6592	-0.6723	0.2689	-0.2773	0.6315	-0.4803	-0.8871	-0.0975	0.3255	-9.7897	-0.4757	-1.0996741746660383	0	1	2	PT	Normal
-0.0760	-9.1548	0.2676	81.9552	-34.5165	70.7605	-10.8749	17.6158	12.6918	-0.8532	0.5555	-0.8627	-0.6403	0.1800	-0.2588	0.7005	2.5163	-0.7624	-0.6365	0.7772	-9.7103	1.1302	-0.7883134813404737	0	1	2	PT	Normal
1.1498	-11.4533	-1.2647	67.7301	-15.5913	60.1163	-12.3040	19.2761	6.6272	0.1510	-2.3780	-4.8442	-0.5343	0.1791	-0.3466	0.7499	2.5376	2.0094	-0.5438	0.9988	-9.0752	3.5795	2.421112126696615	0	1	2	PT	Normal
-0.2298	-6.4739	1.6472	62.1132	-14.5457	60.0039	-14.3333	18.3432	-1.5997	-1.3818	2.1940	-2.7925	-0.4974	0.1620	-0.3684	0.7686	-1.7139	-3.3489	0.2488	1.1519	-8.6679	4.4397	-4.896018466474591	0	1	2	Jump	Normal
2.2990	-7.3544	5.2092	72.8803	-22.2438	61.9431	-13.9635	18.8988	4.2204	1.2065	2.0180	2.5377	-0.5796	0.1669	-0.3080	0.7358	-0.7061	-1.0969	0.6165	1.0925	-9.3724	2.6715	2.61686777846979	0	1	2	PT	Normal
4.6358	-8.2738	9.2698	71.7449	-21.0347	64.9696	-13.2410	18.2653	5.7307	3.5334	1.0395	6.4030	-0.5654	0.1847	-0.3377	0.7295	0.8769	-2.0333	-0.4221	1.1024	-9.3133	2.8668	3.9608224696785985	0	1	2	Jump	Normal
2.4517	-18.4258	0.3831	72.3039	-33.5437	65.6352	-12.5682	17.5072	6.8528	0.8048	-9.0830	-2.1011	-0.6010	0.1103	-0.2759	0.7420	0.3410	-0.0966	-0.7949	1.6469	-9.3428	2.4841	5.33033138015724	0	1	2	Jump	Normal
-1.8387	-11.2240	-0.7278	67.4094	-19.0889	65.7318	-13.8197	17.6889	4.6906	-3.0706	-2.1696	-4.2876	-0.5345	0.1811	-0.3679	0.7390	0.4944	3.5977	-0.7065	1.2318	-9.0544	3.5597	-7.195269466760097	0	1	2	Jump	Normal
-2.6815	-9.0405	1.8004	74.2364	-10.6273	67.3632	-15.3073	17.1732	2.0162	-3.1726	0.3976	-0.8176	-0.5410	0.2718	-0.3938	0.6917	-1.5573	-0.8423	0.0381	0.4911	-9.4381	2.6181	-1.796740689422041	0	1	2	PT	Normal
1.1881	-8.8101	1.9531	83.1045	-20.0225	72.2017	-13.9393	16.8413	6.1818	0.7856	0.9260	0.8481	-0.6045	0.2798	-0.3410	0.6633	-0.6731	0.6278	0.1291	0.4025	-9.7360	1.1049	-0.4982611652536999	0	2	3	PT	Normal
1.2641	-8.5425	2.1069	85.1208	-35.0640	88.5391	-13.6584	17.0436	8.3243	0.7851	1.2287	1.4246	-0.6167	0.2913	-0.3444	0.6451	-0.2810	-0.7795	0.1887	0.4790	-9.7712	0.6823	-0.2130412769361527	0	2	3	Upright	Normal
-0.0766	-10.5345	2.9880	84.5279	-28.3730	83.1657	-12.8825	16.3960	8.6569	-0.5200	-0.7723	2.1668	-0.6081	0.2972	-0.3529	0.6460	-0.2810	0.5969	-0.2651	0.4434	-9.7622	0.8212	2.0615002967034037	0	0	3	Upright	Normal
1.3024	-10.4196	3.8307	83.5362	-50.7013	109.4584	-14.5444	16.6227	9.2401	0.4485	-0.6752	3.1318	-0.6083	0.3071	-0.3856	0.6221	-0.1266	0.9782	-0.3290	0.8540	-9.7444	0.6990	0.22726302193773762	0	0	3	Upright	Normal
0.2298	-11.5688	3.2178	72.8431	-17.4928	74.8032	-14.9306	16.9031	5.5619	-0.6396	-2.1983	0.4591	-0.5405	0.2592	-0.4114	0.6866	2.9904	-2.7055	0.1078	0.8694	-9.3705	2.7587	0.8325777732932824	0	0	3	Upright	Normal
0.2304	-9.5762	-2.2601	55.0383	-5.2192	63.8609	-15.4452	17.3698	2.1881	-0.2806	-1.5392	-7.8561	-0.4131	0.2099	-0.4507	0.7630	1.5703	4.5319	-0.3233	0.5110	-8.0370	5.5960	-2.168181463455028	0	0	3	Upright	Normal
-1.2635	-8.5419	1.6466	60.0889	-13.4192	63.0642	-15.1579	17.0690	-1.0326	-2.3982	-0.0413	-3.1098	-0.4767	0.1738	-0.3997	0.7634	-2.1017	-3.3649	1.0753	1.1347	-8.5006	4.7564	-1.0515517668793741	0	0	3	Upright	Normal
0.4603	-8.0056	1.8765	69.0351	-15.3640	54.5433	-13.4731	17.5728	3.6974	-0.4693	1.1521	-1.5066	-0.5496	0.1594	-0.3068	0.7605	-1.4497	-2.3028	1.0423	0.9295	-9.1577	3.3830	-0.5549790581313996	0	0	3	Upright	Normal
6.1292	-8.1977	12.5265	68.4901	-23.4650	58.4387	-12.6538	17.3057	6.8238	4.6974	0.9260	9.2282	-0.5629	0.1223	-0.2952	0.7622	0.3815	-4.0594	0.0868	1.4317	-9.1237	3.2983	7.941148075968837	0	0	3	Upright	Normal
0.8428	-16.0507	0.9577	70.1003	-25.2303	61.4956	-11.7988	17.1934	7.9302	-0.5798	-6.8295	-2.0617	-0.5731	0.1329	-0.3006	0.7507	0.9780	1.5151	-0.8357	1.4226	-9.2213	3.0194	-0.07528734335491194	0	0	3	Upright	Normal
-3.4854	-9.4996	-0.0389	65.5827	-10.9081	59.6662	-13.5943	17.5903	4.0052	-4.2523	-0.5698	-4.0191	-0.5074	0.1989	-0.3717	0.7515	0.0715	2.3236	-0.1675	0.7669	-8.9298	3.9802	-5.982428216911094	0	0	4	Upright	Normal
-0.5746	-9.3853	2.4517	75.2285	-5.4536	54.2997	-12.9380	17.5573	4.3360	-0.8121	0.0974	-0.0370	-0.5597	0.2447	-0.3352	0.7173	-1.0726	-2.3976	0.2235	0.2375	-9.4827	2.4886	-0.40164508355601214	0	0	4	Upright	Normal
2.3750	-8.8873	2.4900	79.4039	-7.1497	57.7156	-12.3029	17.0465	7.7240	2.1509	0.7524	0.7015	-0.5815	0.2657	-0.3357	0.6917	-0.9298	2.2033	-0.4466	0.2242	-9.6397	1.7885	-0.18703931284154152	0	0	4	Upright	Normal
1.8387	-8.4276	1.8004	80.9381	-23.5230	73.7516	-13.1969	16.2779	8.8505	1.2224	1.2568	0.3843	-0.6013	0.2573	-0.3411	0.6752	-0.0925	-0.7454	-0.0119	0.6164	-9.6844	1.4162	-0.7184691693234448	0	0	4	Upright	Normal
-1.6083	-9.3847	3.1789	79.2113	-2.7783	54.2566	-13.0203	17.0255	9.3070	-1.6970	0.2488	1.3463	-0.5757	0.2740	-0.3375	0.6925	0.0321	-0.1456	0.5878	0.0887	-9.6335	1.8326	1.2264220388986544	0	0	4	Upright	Normal
2.5672	-10.7637	3.1406	81.1442	-30.9738	80.0498	-13.1346	16.2210	10.7131	1.7907	-1.0738	1.8468	-0.6104	0.2478	-0.3378	0.6722	-1.0811	-0.9318	-1.2018	0.7765	-9.6899	1.2938	1.4644982716871766	0	0	4	Upright	Normal
-1.4551	-11.7980	1.3402	77.7252	-5.8352	57.8870	-13.4040	16.0259	10.0284	-1.6670	-2.2154	-0.7335	-0.5676	0.2686	-0.3484	0.6960	2.0028	-0.2735	0.7156	0.2119	-9.5826	2.0737	0.4600463324555424	0	0	4	Upright	Normal
-0.1143	-9.2698	-0.5752	65.5960	-5.7557	37.4735	-10.9409	18.4741	7.7400	-0.5206	-0.3391	-4.6063	-0.5259	0.1338	-0.2439	0.8038	1.9996	-3.8304	0.6794	0.4063	-8.9307	4.0311	-2.6743708398231103	0	0	4	Upright	Normal
0.1538	-7.5842	0.8805	67.7769	-4.7313	26.3659	-7.3624	19.7820	7.5691	-0.1520	1.4940	-2.8157	-0.5502	0.0937	-0.1667	0.8128	-0.6859	-0.3800	0.9106	0.3059	-9.0782	3.6962	-1.6516429345789474	0	0	4	Upright	Normal
1.2647	-5.3241	2.9491	67.7305	-8.1062	19.0169	-4.2928	20.4743	9.2371	0.7409	3.7513	-0.7301	-0.5579	0.0339	-0.0980	0.8234	0.1035	-0.9691	0.3769	0.5239	-9.0754	3.6791	-1.4203641333165056	0	1	5	PT	Normal
-0.3442	-6.7415	2.0680	64.6774	-0.9504	6.9584	-1.2212	20.2025	8.5626	-0.4136	2.1229	-2.1258	-0.5343	0.0255	-0.0468	0.8436	0.7597	-0.9329	0.9456	0.0694	-8.8644	4.1937	0.8436266294448158	0	1	5	PT	Normal
-1.8381	-7.3544	0.7655	61.4343	7.3495	-14.3541	2.7107	20.6906	6.9816	-1.2383	1.2586	-3.8849	-0.5126	-0.0090	0.0747	0.8553	0.3740	-1.4250	1.9490	-0.5999	-8.6130	4.6504	0.5592216455245342	0	1	5	PT	Normal
-11.0319	-15.0541	1.9914	56.5844	29.3654	-40.2949	9.3631	19.2798	6.0975	-8.3836	-6.8684	-2.7152	-0.5073	0.0516	0.1806	0.8410	0.2803	2.3588	1.9128	-2.6483	-8.1858	4.7066	11.150334537370014	0	1	5	Jump	Normal
-7.5076	-13.1005	12.6408	47.9713	45.5082	-58.3980	12.5710	16.1645	6.6094	-2.8240	-5.8160	8.0397	-0.4996	0.1256	0.2738	0.8122	0.3879	-2.2826	2.6596	-4.6837	-7.2845	4.6011	0.9225461629234779	0	1	5	PT	Normal
-9.3847	-6.3584	5.1326	29.6684	51.2759	-77.1796	18.7781	11.4481	4.6382	-2.7367	-1.5042	-0.1978	-0.4413	0.1830	0.4570	0.7503	1.1474	0.0493	4.4822	-6.6479	-4.8542	5.3304	-7.248364113697654	0	1	5	Jump	Normal
4.9422	-4.3281	4.3281	2.3807	58.9944	-85.8896	24.1045	3.2430	4.0196	13.3405	-3.9207	-0.7190	-0.3486	0.3480	0.5854	0.6440	2.9956	4.3434	3.8676	-8.3983	-0.4075	5.0471	-4.576654629079831	0	1	5	Jump	Normal
-17.4298	16.6253	-1.6089	-20.0094	71.6504	-85.8874	24.4446	-3.7542	11.1130	-8.6835	13.2699	-4.5098	-0.2896	0.5179	0.6184	0.5152	-0.7157	-5.7574	1.7490	-8.7463	3.3555	2.9009	16.273947842829898	0	1	5	Jump	Normal
-7.3544	7.7387	2.4128	-23.2425	81.7733	-85.6655	24.5848	-7.2472	10.5635	1.5637	3.8687	1.1235	-0.3242	0.5737	0.6001	0.4534	1.0271	3.3367	-1.8058	-8.9181	3.8699	1.2893	-13.195834408220733	0	1	5	Jump	Normal
-2.7958	-1.1103	0.6506	-16.2425	83.9211	-89.0498	23.9170	-4.3468	13.7802	6.5665	-3.8532	-0.3464	-0.3893	0.5456	0.5835	0.4586	-0.6827	0.2869	0.0243	-9.3624	2.7429	0.9970	-7.867398999684399	0	1	5	Jump	Normal
0.1921	1.3030	0.5357	-20.6267	85.3290	-81.5266	23.9599	-4.6422	13.8267	9.3398	-2.1515	-0.2116	-0.3356	0.5910	0.5643	0.4687	2.1680	-0.4439	0.7348	-9.1476	3.4545	0.7473	-1.6558897999290125	0	2	6	PT	Normal
-19.6127	3.2567	8.1205	-10.7072	61.8908	-76.6315	25.9599	-0.5707	8.4072	-11.1133	1.4349	3.5807	-0.2546	0.4513	0.5671	0.6402	-1.2420	-6.7183	-0.0492	-8.4994	1.8218	4.5399	20.05386096898427	0	2	6	Jump	Normal
-10.6494	1.2258	1.1875	-1.9152	72.1677	-75.2052	25.3242	2.0896	5.4567	-1.3191	0.8981	-1.8138	-0.3486	0.4748	0.5009	0.6342	-1.8087	3.2004	-1.4447	-9.3304	0.3277	3.0013	-10.690432043901474	0	2	6	Jump	Normal
-10.5728	-1.6472	6.0142	7.6857	75.0143	-78.8831	22.3814	4.3383	11.3782	-1.1847	-0.3355	3.5014	-0.4270	0.4354	0.4713	0.6372	0.1376	0.1612	-0.5030	-9.3881	-1.3117	2.5129	1.489399059942924	0	2	6	PT	Normal
-9.0022	-3.6775	-0.7661	8.2481	79.4250	-77.4318	21.5186	4.4025	11.6263	0.5382	-2.2705	-2.5471	-0.4418	0.4626	0.4440	0.6274	-0.0478	0.5329	-0.0386	-9.5404	-1.4070	1.7810	-2.5201750471499498	0	2	6	PT	Normal
-10.2280	-2.4134	1.6089	7.9516	82.0138	-78.9678	22.0870	4.3758	11.1581	-0.6098	-1.0566	0.2596	-0.4566	0.4719	0.4436	0.6099	-0.2768	0.8770	0.3801	-9.6183	-1.3568	1.3493	0.8768104003356907	0	2	6	PT	Normal
-10.2663	-0.4597	1.3024	7.6398	84.3339	-80.4414	20.9407	3.6108	14.0068	-0.5942	0.8441	0.3428	-0.4702	0.4795	0.4434	0.5936	-0.0084	0.3881	-0.2645	-9.6721	-1.3038	0.9596	-0.27253529767019913	0	2	6	Tilt	Normal
-8.7718	-0.8805	0.3442	8.2841	85.2663	-80.5322	21.4981	4.4410	14.4119	0.8995	0.5327	-0.4565	-0.4772	0.4811	0.4369	0.5915	0.1322	0.0312	-0.0599	-9.6712	-1.4132	0.8007	-1.536190356502189	0	0	6	Tilt	Normal
-10.2657	-1.7615	0.8805	7.6616	83.7780	-80.8530	21.1712	3.7877	14.3542	-0.6038	-0.4539	-0.1728	-0.4699	0.4749	0.4477	0.5943	0.0374	-0.3853	0.1371	-9.6620	-1.3077	1.0533	1.6302854605721446	0	0	6	Tilt	Normal
-10.3040	-1.4168	1.3402	7.4060	82.4320	-81.5492	21.5807	3.8217	13.2308	-0.6638	-0.1526	0.0594	-0.4662	0.4662	0.4580	0.5963	-0.0276	-0.1637	0.0210	-9.6403	-1.2641	1.2807	0.034055025334630784	0	0	6	Tilt	Normal
-9.6528	-1.1103	1.2635	7.8504	82.8614	-81.9259	21.0962	4.4162	13.7790	-0.0133	0.2292	0.0564	-0.4715	0.4649	0.4562	0.5945	0.0129	0.1409	-0.1089	-9.6395	-1.3396	1.2071	-0.6886863658785689	0	0	7	Tilt	Normal
-9.6145	-1.2635	0.9188	7.7542	83.4173	-82.1838	21.4323	4.0516	13.8158	0.0385	0.0597	-0.1951	-0.4744	0.4671	0.4556	0.5909	0.0204	0.0301	0.0552	-9.6530	-1.3232	1.1139	-0.057654452162813286	0	0	7	Lying	Normal
-9.9593	-1.3785	0.9954	7.5602	83.3985	-82.5564	21.6676	3.2784	13.2503	-0.3023	-0.0881	-0.1221	-0.4749	0.4664	0.4585	0.5888	-0.0201	-0.0444	0.0147	-9.6570	-1.2903	1.1175	0.3628050811039394	0	0	7	Tilt	Normal
-9.6911	-1.3402	0.9188	7.7048	83.8509	-82.8456	21.2499	3.9593	13.1833	-0.0289	-0.0253	-0.1221	-0.4785	0.4668	0.4575	0.5863	0.0065	0.0866	-0.0364	-9.6622	-1.3149	1.0409	-0.27702207705584314	0	0	7	Lying	Normal
-9.6911	-1.3018	0.8805	7.7756	83.9646	-83.0567	21.4723	4.5108	14.2277	-0.0284	0.0250	-0.1411	-0.4802	0.4662	0.4577	0.5853	-0.0062	-0.0487	0.0062	-9.6627	-1.3268	1.0216	-0.00867262333396468	0	0	7	Lying	Normal
-9.8067	-1.3791	0.9960	7.6228	83.7928	-83.1780	21.9902	4.2430	13.5148	-0.1437	-0.0780	-0.0549	-0.4793	0.4655	0.4598	0.5849	0.0129	-0.0157	0.0179	-9.6630	-1.3011	1.0509	0.13544718232001074	0	0	7	Lying	Normal
-9.8061	-1.3018	0.9954	7.6158	83.7611	-83.3131	21.7136	3.8549	13.3693	-0.1434	-0.0019	-0.0609	-0.4797	0.4648	0.4606	0.5845	-0.0052	0.0014	-0.0132	-9.6627	-1.2999	1.0563	-0.011067630949382234	0	0	7	Lying	Normal
-9.7294	-1.3402	1.0337	7.6133	83.7465	-83.4070	21.3618	4.3927	12.9272	-0.0670	-0.0407	-0.0250	-0.4800	0.4644	0.4612	0.5842	-0.0009	-0.0231	0.0070	-9.6624	-1.2995	1.0587	-0.06656756386629503	0	0	7	Lying	Normal
-9.8067	-1.3791	1.0343	7.6117	83.7350	-83.4600	22.1039	4.7879	12.9626	-0.1444	-0.0801	-0.0263	-0.4802	0.4641	0.4615	0.5840	0.0012	0.0003	-0.0005	-9.6622	-1.2990	1.0606	0.08154074992486926	0	0	7	Lying	Normal
-9.8061	-1.3018	0.9571	7.6136	83.7541	-83.4833	21.9965	4.3610	13.9552	-0.1435	-0.0024	-0.1004	-0.4803	0.4641	0.4616	0.5838	0.0012	0.0067	-0.0058	-9.6625	-1.2995	1.0575	-0.01873471869472354	1	0	8	Lying	Normal
-9.8061	-1.3018	0.8805	7.6068	83.7777	-83.5361	21.9369	4.0031	13.9330	-0.1429	-0.0036	-0.1730	-0.4806	0.4640	0.4618	0.5835	0.0012	-0.0178	0.0027	-9.6631	-1.2983	1.0534	-0.007084204486300649	1	0	8	Lying	Normal
-9.7677	-1.3402	0.9954	7.6118	83.7875	-83.6006	21.1549	4.0289	13.4654	-0.1044	-0.0412	-0.0564	-0.4809	0.4638	0.4620	0.5832	0.0054	-0.0082	0.0111	-9.6633	-1.2990	1.0518	-0.021906341680052677	1	0	8	Lying	Normal
-9.7677	-1.2635	0.9954	7.6135	83.7994	-83.6500	21.2892	4.3736	13.4301	-0.1043	0.0359	-0.0545	-0.4812	0.4636	0.4622	0.5830	0.0044	-0.0061	0.0026	-9.6634	-1.2995	1.0499	-0.010081672865371871	1	0	8	Lying	Normal
-9.7683	-1.3024	0.9960	7.6074	83.8084	-83.6660	21.8645	4.7086	13.7682	-0.1046	-0.0040	-0.0524	-0.4813	0.4636	0.4623	0.5829	0.0044	-0.0050	-0.0006	-9.6637	-1.2984	1.0484	0.005692087914255239	1	0	8	Lying	Normal
-9.7683	-1.3408	0.9577	7.6034	83.8199	-83.6867	22.2376	4.2758	13.4323	-0.1043	-0.0429	-0.0887	-0.4814	0.4636	0.4624	0.5827	0.0044	-0.0072	0.0069	-9.6640	-1.2978	1.0464	0.001346324645437491	1	0	8	Lying	Normal
-9.7683	-1.3408	0.9194	7.6054	83.8373	-83.7224	21.6772	3.6754	13.4092	-0.1040	-0.0428	-0.1240	-0.4816	0.4635	0.4625	0.5825	0.0022	0.0014	0.0005	-9.6643	-1.2980	1.0434	-0.003629318224296796	1	0	8	Lying	Normal
-9.7677	-1.2635	0.9188	7.6008	83.8598	-83.8309	21.2414	3.9621	13.9862	-0.1030	0.0337	-0.1209	-0.4821	0.4632	0.4629	0.5820	0.0023	-0.0008	-0.0014	-9.6648	-1.2972	1.0397	-0.01081786708188659	1	0	8	Lying	Normal
-9.8067	-1.3024	0.9960	7.5970	83.8741	-83.9032	21.5539	4.3309	13.8236	-0.1416	-0.0058	-0.0413	-0.4824	0.4630	0.4633	0.5816	0.0012	-0.0135	0.0050	-9.6651	-1.2966	1.0373	0.05097283850241929	1	0	8	Lying	Normal
-9.8067	-1.2641	0.9960	7.5920	83.8813	-83.9704	21.6362	3.9869	13.4651	-0.1413	0.0317	-0.0401	-0.4827	0.4628	0.4636	0.5813	0.0012	0.0003	0.0018	-9.6654	-1.2959	1.0361	-0.004944347494394208	1	0	8	Lying	Normal
-9.7300	-1.3024	0.9577	7.5862	83.9000	-84.0139	21.5604	4.4341	13.8950	-0.0642	-0.0076	-0.0753	-0.4829	0.4627	0.4638	0.5810	0.0023	-0.0082	0.0008	-9.6658	-1.2948	1.0329	-0.07449015086256949	2	0	9	Lying	Fall
-9.7683	-1.3024	0.9577	7.5857	83.9139	-84.0205	21.6096	4.6512	13.7429	-0.1022	-0.0078	-0.0729	-0.4830	0.4628	0.4637	0.5809	0.0001	-0.0072	-0.0014	-9.6661	-1.2947	1.0306	0.037784562378870845	2	0	9	Lying	Normal
-9.7683	-1.3024	1.1109	7.5873	83.9192	-84.0439	21.4185	3.6608	13.6187	-0.1022	-0.0075	0.0813	-0.4831	0.4627	0.4638	0.5808	0.0012	0.0056	0.0029	-9.6661	-1.2950	1.0297	0.01599073457563982	2	0	9	Lying	Normal
-9.8061	-1.3018	1.0720	7.5858	83.9392	-84.0856	21.4216	3.9978	13.5206	-0.1395	-0.0072	0.0458	-0.4834	0.4626	0.4640	0.5806	0.0044	-0.0008	-0.0012	-9.6666	-1.2947	1.0262	0.03288996686369572	2	0	9	Lying	Normal
-9.8061	-1.3018	1.0720	7.5860	83.9447	-84.1365	21.5259	4.1349	14.0496	-0.1395	-0.0070	0.0467	-0.4836	0.4624	0.4642	0.5803	0.0043	-0.0043	-0.0003	-9.6666	-1.2948	1.0253	0.0	2	0	9	Lying	Normal
-9.7677	-1.3018	0.8805	7.5814	83.9448	-84.2153	21.4458	3.4125	13.7024	-0.1010	-0.0079	-0.1448	-0.4839	0.4621	0.4646	0.5800	0.0011	-0.0022	-0.0003	-9.6667	-1.2939	1.0253	-0.05672077963766142	2	0	9	Lying	Normal
-9.8067	-1.3791	1.1109	7.5784	83.9481	-84.3367	21.6965	3.7962	13.1399	-0.1398	-0.0856	0.0860	-0.4844	0.4616	0.4652	0.5795	0.0032	-0.0032	-0.0024	-9.6669	-1.2935	1.0249	0.07198102575493337	2	0	9	Lying	Normal
-9.7294	-1.2635	0.9954	7.5763	83.9657	-84.3851	21.2987	4.3843	13.4038	-0.0622	0.0296	-0.0265	-0.4847	0.4615	0.4654	0.5792	0.0032	-0.0118	-0.0035	-9.6672	-1.2932	1.0219	-0.10384464399597704	2	0	9	Lying	Normal
-9.7677	-1.2635	0.9954	7.5754	83.9819	-84.4069	21.4349	4.5433	13.3521	-0.1003	0.0293	-0.0238	-0.4848	0.4615	0.4655	0.5791	0.0000	-0.0032	-0.0014	-9.6675	-1.2929	1.0192	0.03778956666153377	2	0	9	Lying	Normal
-9.7677	-1.3018	0.8805	7.5717	83.9841	-84.3828	21.4763	4.5326	13.3567	-0.1001	-0.0096	-0.1383	-0.4847	0.4616	0.4653	0.5791	-0.0085	-0.0032	0.0008	-9.6676	-1.2923	1.0187	-0.005925948420490101	2	0	9	Lying	Normal
-9.8067	-1.2641	0.9577	7.5721	83.9837	-84.3438	21.8810	4.4863	13.2657	-0.1390	0.0283	-0.0611	-0.4846	0.4618	0.4651	0.5793	0.0004	-0.0038	-0.0008	-9.6676	-1.2924	1.0187	0.04078023098744943	3	0	10	Lying	Normal
-9.7677	-1.2635	0.9188	7.5685	83.9796	-84.3317	21.7358	4.1346	13.3150	-0.1001	0.0283	-0.1007	-0.4845	0.4619	0.4651	0.5793	0.0004	-0.0038	-0.0019	-9.6676	-1.2918	1.0195	-0.04226305531344998	3	0	10	Lying	Normal
-9.8061	-1.2252	1.0337	7.5653	83.9867	-84.2833	21.6295	4.8007	13.2980	-0.1381	0.0660	0.0154	-0.4843	0.4621	0.4649	0.5795	-0.0007	-0.0092	0.0035	-9.6679	-1.2912	1.0183	0.04441439336408237	3	0	10	Lying	Normal
-9.8061	-1.2252	1.0337	7.5554	83.9843	-84.2687	22.0136	4.0999	13.6518	-0.1380	0.0643	0.0150	-0.4842	0.4622	0.4648	0.5795	-0.0007	0.0090	-0.0019	-9.6681	-1.2896	1.0187	0.0	3	0	10	Lying	Normal
-9.6911	-1.2635	0.9954	7.5542	83.9913	-84.2684	21.7022	4.0784	13.4539	-0.0229	0.0259	-0.0221	-0.4842	0.4622	0.4648	0.5795	-0.0007	0.0058	0.0003	-9.6682	-1.2894	1.0175	-0.11257985555131889	3	0	10	Lying	Normal
-9.7677	-1.3018	0.9954	7.5563	83.9940	-84.2883	21.7312	4.1387	13.7842	-0.0995	-0.0121	-0.0217	-0.4843	0.4622	0.4649	0.5794	0.0014	0.0079	0.0024	-9.6682	-1.2897	1.0171	0.08053554189273093	3	0	10	Lying	Normal
-9.7677	-1.3018	0.9954	7.5512	83.9972	-84.2934	21.6805	4.3218	13.0250	-0.0994	-0.0130	-0.0212	-0.4843	0.4622	0.4649	0.5794	-0.0007	-0.0006	0.0035	-9.6684	-1.2888	1.0166	0.0	3	0	10	Lying	Normal
-9.8444	-1.3018	0.9188	7.5550	83.9995	-84.3003	21.6676	4.1089	13.5084	-0.1760	-0.0124	-0.0974	-0.4844	0.4621	0.4649	0.5793	0.0057	0.0068	0.0013	-9.6684	-1.2894	1.0162	0.06830219901010004	3	0	10	Tilt	Normal
-9.7683	-1.3408	1.0343	7.5526	84.0054	-84.3059	21.3646	4.0759	13.0857	-0.0998	-0.0516	0.0192	-0.4844	0.4622	0.4650	0.5793	0.0015	0.0058	0.0052	-9.6685	-1.2891	1.0151	-0.058526559806885814	3	0	10	Lying	Normal
-9.7300	-1.2641	0.9960	7.5500	84.0129	-84.3100	21.5971	4.3041	13.6621	-0.0614	0.0245	-0.0180	-0.4844	0.4622	0.4650	0.5792	0.0015	0.0058	-0.0001	-9.6687	-1.2887	1.0139	-0.05179722370044537	3	0	10	Lying	Normal
-9.8061	-1.2635	1.0337	7.5446	84.0174	-84.3426	21.3103	3.7409	13.6095	-0.1372	0.0242	0.0205	-0.4846	0.4621	0.4651	0.5791	0.0015	0.0068	0.0031	-9.6688	-1.2878	1.0132	0.07886116423950362	4	0	11	Lying	Normal
Total time: 11 seconds.
