2.0309	-9.0399	2.7958	67.3078	-36.3481	159.1420	-20.2809	19.4374	-16.3500	-0.2111	0.0078	-0.2511	-0.3507	0.4708	-0.7465	0.3132	0.0730	-0.0161	-0.0886	2.2420	-9.0477	3.0469	0.002950180110644851	6	0	1	Upright	Normal
2.1075	-8.7334	3.1406	66.6831	-37.1573	160.0203	-20.9364	19.4144	-16.5633	-0.2369	0.2723	0.0471	-0.3525	0.4669	-0.7495	0.3098	0.0400	0.0468	-0.1738	2.3444	-9.0058	3.0935	-0.16064732420811723	6	0	1	Upright	Normal
2.0309	-8.5419	3.2172	65.9721	-38.1621	160.8525	-22.0321	19.7978	-17.0564	-0.4363	0.4151	0.0777	-0.3560	0.4618	-0.7521	0.3073	0.0805	-0.0959	-0.1014	2.4672	-8.9570	3.1395	-0.1663245035888945	6	0	1	Upright	Normal
2.1458	-8.9250	3.3704	65.5361	-36.6746	159.2229	-21.8801	19.4025	-17.4446	-0.2797	0.0013	0.1134	-0.3529	0.4576	-0.7544	0.3114	0.0133	0.1086	0.0531	2.4255	-8.9263	3.2570	0.42765040853299574	6	0	1	Upright	Normal
3.0269	-7.9290	5.6306	62.9376	-35.5291	150.1142	-22.1664	17.7638	-16.1485	0.4342	0.8040	1.9996	-0.3796	0.4132	-0.7437	0.3633	0.5470	-1.6928	0.0287	2.5926	-8.7330	3.6310	0.40649747403707615	6	0	1	Upright	Normal
2.1075	-9.0016	2.5277	64.7328	-54.4642	154.5495	-26.8097	16.3232	-10.8390	-1.2987	-0.1330	0.0949	-0.4819	0.3792	-0.6786	0.4044	-0.5353	-1.6353	-0.0715	3.4062	-8.8686	2.4328	-0.6006861721425487	6	0	1	Upright	Normal
3.9840	-8.3893	2.2601	63.7609	-69.6098	159.4284	-29.5984	15.1001	-5.3245	-0.0799	0.4070	0.7495	-0.5543	0.3402	-0.6322	0.4211	-0.2285	-1.3562	-0.3719	4.0639	-8.7963	1.5106	-0.026065573957550825	0	0	1	Upright	Normal
1.8004	-8.9639	3.8690	66.1330	-67.3998	153.9365	-29.8160	14.2382	-3.2371	-1.8625	0.0043	2.3442	-0.5554	0.3374	-0.6110	0.4521	-0.0165	0.0404	0.9054	3.6630	-8.9682	1.5248	0.369567101528844	0	0	1	Upright	Normal
0.4214	-9.1937	3.2944	73.4207	-46.6847	138.1675	-26.0342	16.2219	-4.5392	-1.6144	0.2053	1.3749	-0.4926	0.3993	-0.6030	0.4840	0.1082	1.7278	1.5190	2.0358	-9.3990	1.9196	-0.1526327310959843	0	0	1	Upright	Normal
4.4436	-12.7946	3.2944	73.6543	-4.6104	110.1086	-18.5780	17.8361	-10.6042	4.2219	-3.3842	0.5436	-0.3695	0.4725	-0.6418	0.4779	0.8432	1.0023	0.6906	0.2218	-9.4104	2.7508	4.1639571413314584	0	0	1	Upright	Normal
1.2264	-9.8444	1.4551	64.7441	-2.4981	116.0314	-15.3755	15.0016	-14.9399	1.0442	-0.9750	-2.7249	-0.2991	0.4443	-0.7100	0.4572	1.4057	1.7832	-0.0327	0.1823	-8.8693	4.1800	-3.912524816495962	0	1	2	Jump	Normal
0.0772	-7.8524	2.7575	64.8077	4.7702	114.2276	-12.9049	13.0689	-17.7019	0.4244	1.0216	-1.4023	-0.2612	0.4687	-0.7205	0.4393	-0.2934	-0.0651	0.0301	-0.3472	-8.8740	4.1598	-1.7037871249283505	0	1	2	PT	Normal
2.3750	-6.6655	3.0263	65.4197	-1.0602	120.8000	-12.3686	12.9520	-17.6026	2.2996	2.2526	-1.0521	-0.2737	0.4660	-0.7291	0.4199	0.1039	0.0745	-0.5131	0.0754	-8.9181	4.0784	-0.6268834589091679	0	1	2	PT	Normal
-5.1709	-11.0319	8.0822	67.2464	5.8596	119.8038	-11.5852	12.6303	-17.5098	-4.7836	-1.9884	4.3093	-0.2405	0.4998	-0.7337	0.3925	0.3937	-0.0672	1.4203	-0.3873	-9.0435	3.7730	6.924662200031278	0	1	2	Jump	Normal
-1.6849	-14.8626	3.6386	62.8165	13.5953	104.6447	-10.3303	11.9694	-17.1316	-0.6318	-6.1390	-0.7159	-0.2363	0.4713	-0.7084	0.4692	0.8177	-1.5926	-0.0276	-1.0531	-8.7236	4.3545	0.7733626737624206	0	1	2	PT	Normal
3.3710	-10.7260	0.9577	64.7233	1.4224	112.2133	-12.9971	9.8632	-16.2934	3.4750	-1.8582	-3.2283	-0.2898	0.4501	-0.7048	0.4655	-0.3850	-0.3505	-0.5879	-0.1040	-8.8678	4.1860	-4.11003178443144	0	1	2	Jump	Normal
2.8730	-8.1211	1.6472	73.5755	-12.5588	126.4537	-13.6839	11.2673	-14.9634	2.2703	1.2855	-1.0591	-0.3463	0.4920	-0.6812	0.4171	-2.0958	0.5017	-0.5016	0.6027	-9.4067	2.7063	-2.513580762346457	0	1	2	PT	Normal
-0.3831	-8.3893	6.9336	74.8945	-26.1807	125.5504	-16.2562	12.0732	-11.9342	-1.5106	1.0786	4.6403	-0.4308	0.4444	-0.6246	0.4762	0.2893	-2.7474	0.4774	1.1275	-9.4679	2.2933	2.1200656387789785	0	1	2	PT	Normal
0.7661	-10.8409	0.8428	74.7276	-28.5551	131.0069	-18.3050	11.1047	-11.0837	-0.4685	-1.3806	-1.4260	-0.4222	0.4539	-0.6389	0.4556	-0.9049	-0.0523	-0.6827	1.2347	-9.4604	2.2688	0.010114665068947204	0	1	2	Upright	Normal
-0.3831	-8.7340	7.8147	72.9071	-38.0611	135.5597	-19.1820	9.9142	-10.1799	-2.1600	0.6396	5.5453	-0.4552	0.4208	-0.6306	0.4669	-0.3371	-1.1633	-0.2362	1.7769	-9.3736	2.2694	0.8254332791747014	0	0	3	Upright	Normal
-1.0337	-8.5802	4.3281	75.9406	-7.5126	106.8051	-18.6840	11.2094	-8.9524	-1.3451	0.9327	1.9664	-0.4075	0.4621	-0.6075	0.5013	0.2605	2.1699	2.2480	0.3114	-9.5129	2.3617	-2.060554696020377	0	0	3	Upright	Normal
2.7970	-14.1731	1.7232	73.1800	11.0031	90.8724	-14.9492	13.3090	-11.2712	3.3387	-4.7859	-1.0621	-0.3615	0.4768	-0.6095	0.5201	1.4611	0.0116	-0.2703	-0.5417	-9.3872	2.7854	4.883417864240432	0	0	3	Upright	Normal
-0.1143	-8.7334	0.2292	64.3237	7.5818	100.2040	-13.2852	10.8521	-13.9405	0.4464	0.1049	-3.9826	-0.2978	0.4434	-0.6706	0.5148	1.7402	1.5765	-0.1638	-0.5607	-8.8383	4.2118	-5.811707555940908	0	0	3	Upright	Normal
0.0006	-7.8907	2.2595	64.4270	12.8439	98.9116	-11.9417	8.8863	-15.9778	0.9417	0.9554	-1.8676	-0.2724	0.4641	-0.6777	0.5012	-0.3488	-0.3878	0.1004	-0.9411	-8.8461	4.1272	-0.5293243537161523	0	0	3	Upright	Normal
1.1115	-6.9713	2.4511	68.2152	0.7965	110.4928	-12.8632	9.4752	-16.3349	1.1622	2.1350	-1.1880	-0.3149	0.4640	-0.6825	0.4688	-0.4873	0.6402	-0.9082	-0.0507	-9.1063	3.6390	-0.7350568340240642	0	0	3	Upright	Normal
-7.6992	-11.4533	8.8484	70.8318	16.9502	103.0168	-10.5095	10.5467	-16.1417	-6.7603	-2.1902	5.7685	-0.2627	0.5234	-0.6841	0.4348	0.0081	0.2545	1.0902	-0.9388	-9.2630	3.0798	8.920821190580433	0	0	3	Upright	Normal
-0.1909	-18.5018	3.6003	67.2698	12.7178	101.7369	-10.3506	10.2530	-15.4016	0.6433	-9.4566	-0.0958	-0.2759	0.4852	-0.6806	0.4746	1.3738	-2.5972	-0.2637	-0.8342	-9.0451	3.6960	2.456211996417913	0	0	3	Upright	Normal
4.7118	-9.2320	-0.5746	66.3171	-10.0182	115.2604	-16.1232	8.2550	-14.1003	4.0266	-0.2512	-4.4535	-0.3534	0.4211	-0.6788	0.4868	-1.3853	-1.5724	-1.2352	0.6852	-8.9808	3.8789	-8.469004798329243	0	0	3	Upright	Normal
3.1795	-8.2361	1.5323	74.4163	-26.5040	135.9494	-17.2037	9.4448	-13.4321	2.0039	1.2103	-0.8253	-0.3900	0.4772	-0.6667	0.4192	-1.2734	1.5510	-0.1625	1.1756	-9.4463	2.3575	-1.4203050394604535	0	0	3	Upright	Normal
0.4214	-8.5425	6.0908	76.8581	-36.3047	142.3654	-16.6678	10.7291	-12.1024	-0.8987	1.0074	4.2942	-0.4215	0.4803	-0.6421	0.4234	-0.2178	-2.0241	0.3901	1.3201	-9.5499	1.7967	1.5394893736403699	0	1	4	PT	Normal
0.4214	-8.4276	1.2258	78.5429	-35.7644	142.6427	-17.9003	11.5628	-10.9861	-0.7169	1.1838	-0.3545	-0.4181	0.4946	-0.6357	0.4201	-0.0985	0.9757	0.1590	1.1383	-9.6114	1.5803	-1.9732871326583066	0	1	4	PT	Normal
-2.6815	-8.5808	4.0223	78.4214	-3.5447	111.8978	-17.1165	11.9932	-12.1549	-2.8032	1.0264	2.0578	-0.3737	0.5101	-0.6307	0.4498	-0.1240	-0.0320	0.9047	0.1217	-9.6072	1.9644	1.3221312727609256	0	1	4	PT	Normal
1.6472	-13.7140	3.0646	77.5674	11.7484	90.3302	-16.2522	13.2778	-11.3647	2.0773	-4.1372	0.9981	-0.3827	0.4981	-0.5951	0.5012	0.4629	-1.4531	0.0642	-0.4301	-9.5768	2.0665	4.299626061202167	0	1	4	Jump	Normal
0.8817	-10.1891	-0.0772	68.5374	2.9467	105.0270	-17.3002	13.0801	-11.7422	1.0662	-1.0624	-3.6606	-0.3257	0.4596	-0.6643	0.4913	1.7444	1.4636	0.1984	-0.1845	-9.1267	3.5834	-3.9209879642921557	0	1	4	Jump	Normal
-1.7232	-7.5842	2.0680	70.2283	9.7087	101.9418	-13.9026	11.0025	-15.4347	-1.1637	1.6444	-1.2016	-0.3071	0.4888	-0.6638	0.4754	-1.2489	-0.4326	0.2325	-0.5595	-9.2286	3.2696	-2.179728125338718	0	1	4	PT	Normal
-0.1909	-6.9330	2.2212	75.0149	2.1856	105.8056	-15.1472	12.1034	-14.2449	-0.0941	2.5402	-0.3124	-0.3551	0.4947	-0.6396	0.4691	-0.8207	0.8223	-0.4034	-0.0968	-9.4733	2.5337	-0.7651132774681209	0	1	4	PT	Normal
-3.9840	-12.2200	6.2824	77.2031	21.1292	94.5800	-13.9386	13.7728	-13.4488	-3.2009	-2.6568	4.2566	-0.3107	0.5479	-0.6421	0.4370	-0.2849	-0.7809	0.2666	-0.7831	-9.5632	2.0258	7.023637400944088	0	1	4	Jump	Normal
1.3791	-10.6877	0.1915	74.9467	1.7837	98.4901	-17.3662	13.3246	-11.5460	1.4584	-1.2175	-2.3541	-0.3878	0.4689	-0.6073	0.5109	0.8422	-2.0560	-0.1765	-0.0793	-9.4703	2.5456	-3.5282536109519196	0	1	4	Jump	Normal
0.0006	-8.1205	6.3967	77.9214	11.2731	87.9737	-18.4024	12.5104	-10.7950	0.4019	1.4691	4.3848	-0.3972	0.4896	-0.5818	0.5138	-0.8037	-2.0635	0.6384	-0.4013	-9.5897	2.0119	-0.44068643163890897	0	1	4	PT	Normal
0.0006	-8.0439	2.9491	76.8819	15.3511	74.1406	-19.1689	14.2954	-6.7811	0.5899	1.5070	0.8031	-0.4286	0.4549	-0.5342	0.5693	0.5599	-0.3090	0.4201	-0.5893	-9.5509	2.1460	-1.7698566172379255	0	2	5	PT	Normal
1.1498	-7.1245	1.5700	73.9015	19.0877	65.5970	-19.5580	15.4976	-6.2227	2.0391	2.2977	-0.9996	-0.4265	0.4325	-0.5107	0.6085	-0.1123	-1.1633	1.0188	-0.8893	-9.4222	2.5696	-1.1819798794275815	0	2	5	PT	Normal
0.8817	-9.5379	-3.5249	79.3959	45.8853	31.1703	-17.8235	16.8408	-3.3149	2.1771	0.1015	-4.7806	-0.4860	0.4470	-0.4302	0.6156	-0.9357	-0.2430	0.4787	-1.2954	-9.6394	1.2558	2.8210708859874636	0	2	5	PT	Normal
-2.9113	-18.8088	2.1069	83.6135	120.9693	-36.7254	-16.9080	16.4713	-0.3013	-1.9766	-9.0630	2.6679	-0.5160	0.5122	-0.4349	0.5313	-2.3206	0.5613	-0.4044	-0.9348	-9.7459	-0.5610	8.942478456616147	0	2	5	Jump	Normal
-5.8993	-19.6133	0.0000	68.2784	-173.8774	-106.3165	-18.4341	15.1435	4.1411	-6.2863	-10.5029	3.6087	-0.6435	0.5196	-0.3714	0.4220	-4.9102	0.9714	-2.6745	0.3870	-9.1104	-3.6087	8.942478456616147	0	2	5	Jump	Normal
-3.6392	-10.9559	6.0908	37.3040	-155.0588	-116.6750	-25.6446	5.8940	10.6777	-6.9285	-5.0124	13.1639	-0.7512	0.5444	-0.3381	0.1584	-6.1001	0.5326	-2.5487	3.2893	-5.9435	-7.0731	-6.0963226857873725	0	2	5	Jump	Normal
0.5746	5.0949	4.0223	9.3833	176.4912	-112.8955	-25.0392	-3.7212	19.3685	1.1669	6.6937	13.6796	-0.8316	0.5485	-0.0198	0.0850	-2.5017	-5.3988	1.2192	-0.5923	-1.5989	-9.6573	-6.536038818946155	0	2	5	Jump	Normal
9.7683	8.5425	-11.7986	19.2713	-156.6056	-101.6831	-24.3098	-0.9270	18.7610	6.0928	11.7792	-3.3024	-0.7272	0.6359	-0.2585	0.0009	-0.7813	2.1262	1.4429	3.6755	-3.2367	-8.4963	11.02187998843118	0	2	5	Jump	Normal
4.6352	2.7964	-15.7443	23.6158	-154.8028	-99.5315	-26.0308	3.7578	12.7821	0.8098	6.7250	-7.6139	-0.7004	0.6511	-0.2920	0.0146	1.4995	2.5140	1.3300	3.8253	-3.9286	-8.1304	-0.8895948504614068	0	2	5	PT	Normal
4.4436	0.9960	-2.1069	23.6595	-152.6467	-100.4368	-26.9153	5.7954	10.7754	0.3165	4.9315	5.8712	-0.6998	0.6458	-0.3053	0.0050	0.0763	-0.4411	-0.1593	4.1272	-3.9355	-7.9781	-11.631329760212596	0	3	6	Run	Normal
1.8393	-3.5620	-4.0995	23.8238	-152.5854	-103.8307	-27.5200	4.3487	11.0182	-2.6543	-0.0181	3.8642	0.7180	-0.6249	0.3062	-0.0148	-0.2295	1.1195	-0.9871	4.4936	-3.5439	-7.9637	0.7161953558336416	0	3	6	Walk	Normal
7.4705	-5.7072	-13.2932	30.5620	-158.1224	-99.0338	-28.3389	3.3752	9.1261	2.3269	-2.8249	-5.4570	0.6879	-0.6529	0.3072	-0.0780	-0.5629	0.5315	0.6097	5.1436	-2.8823	-7.8362	10.54774726957639	0	3	6	Run	Normal
8.9262	-5.2475	-4.0612	40.6611	-150.8463	-113.7508	-29.8018	3.0415	6.5667	1.8944	-3.1222	2.4357	0.7122	-0.5692	0.3814	-0.1526	0.6888	1.9536	-3.5938	7.0318	-2.1253	-6.4968	-5.1592251486078045	0	3	6	Run	Normal
2.2224	-1.4168	-7.2790	39.2444	-154.1967	-117.3774	-31.2868	-2.4676	3.8199	-4.7003	-0.1947	-0.4414	0.7455	-0.5412	0.3498	-0.1704	-0.2689	-1.8249	-0.3320	6.9227	-1.2221	-6.8375	-3.38088776121384	0	3	6	Walk	Normal
6.7804	-1.6472	-9.8450	32.3987	-158.7276	-112.4906	-31.0325	-4.0458	8.8917	0.8954	-0.2330	-2.1289	0.7561	-0.5672	0.2997	-0.1295	-0.3850	0.5528	0.4979	5.8849	-1.4142	-7.7161	4.325482022018415	0	3	6	Run	Normal
4.7884	1.0343	-8.3127	32.0056	-160.0591	-112.2551	-30.2759	-2.7728	9.1060	-1.0002	2.2793	-0.4952	0.7594	-0.5673	0.2895	-0.1327	0.4182	-0.0949	-0.0028	5.7886	-1.2450	-7.8175	-2.4181330450231133	0	3	6	Walk	Normal
3.9456	-2.1835	-6.5122	28.9178	-157.9382	-115.0682	-31.1650	-3.1148	9.2241	-1.5957	-0.7090	1.4433	0.7762	-0.5505	0.2879	-0.1073	0.2872	-0.2355	-0.3459	5.5414	-1.4745	-7.9555	-1.7276878546812382	0	3	6	Walk	Normal
3.9846	-2.2978	-7.9302	30.5989	-159.0376	-114.0995	-30.2761	-3.2646	9.3172	-1.7030	-0.9985	-0.0477	0.7698	-0.5562	0.2884	-0.1223	-0.5842	0.3877	0.0834	5.6876	-1.2993	-7.8825	1.2464834646900593	0	3	6	Walk	Normal
6.5894	-0.7655	-8.4665	33.2349	-159.2609	-114.5627	-30.0072	-3.1808	7.7101	0.5743	0.3035	-0.7953	0.7652	-0.5528	0.2972	-0.1434	-0.1432	0.6913	-0.2500	6.0151	-1.0690	-7.6712	1.5882208441641055	0	3	6	Walk	Normal
7.7770	-0.9188	-6.7810	35.4659	-157.3563	-116.3190	-31.3908	-3.8435	6.8052	1.3960	0.1371	0.5905	0.7619	-0.5435	0.3164	-0.1551	0.1711	0.2833	0.0206	6.3810	-1.0558	-7.3714	-0.39687476048535864	0	3	7	Tilt	Normal
6.5128	-1.4168	-6.6277	36.6129	-155.9503	-117.3776	-31.3714	-3.9982	6.3601	-0.0678	-0.3240	0.5607	0.7593	-0.5385	0.3286	-0.1597	0.0134	0.0266	-0.0817	6.5806	-1.0928	-7.1884	-0.9594681779809822	0	0	7	Tilt	Normal
7.0491	-0.6506	-6.9725	36.9729	-156.2658	-117.6450	-31.3866	-4.5874	6.3665	0.4348	0.3407	0.1996	0.7603	-0.5363	0.3275	-0.1645	-0.0782	-0.0736	-0.0218	6.6143	-0.9913	-7.1721	0.5367552123280053	0	0	7	Tilt	Normal
6.7038	-0.8045	-7.3167	36.5301	-157.0835	-116.9733	-30.7932	-3.6793	6.4263	0.1800	0.1601	-0.0585	0.7609	-0.5395	0.3214	-0.1633	-0.0121	-0.1439	0.0868	6.5238	-0.9646	-7.2582	0.019777132874997605	0	0	7	Tilt	Normal
6.0142	-1.1875	-7.4316	35.8603	-157.4174	-116.3837	-30.7459	-4.0304	7.3455	-0.4111	-0.1710	-0.0931	0.7611	-0.5430	0.3174	-0.1584	0.0102	-0.0704	0.0357	6.4253	-1.0165	-7.3385	-0.3222504315148118	0	0	7	Tilt	Normal
6.0525	-1.1875	-7.4316	35.4115	-157.5221	-116.0925	-30.8171	-3.8793	7.0209	-0.3120	-0.1296	-0.0462	0.7614	-0.5448	0.3154	-0.1548	0.0006	-0.0118	0.0176	6.3645	-1.0579	-7.3854	0.023956126186162052	0	0	7	Tilt	Normal
6.1681	-0.8422	-7.4322	35.4330	-157.6120	-116.1344	-31.5628	-3.6444	6.6046	-0.1966	0.1956	-0.0440	0.7618	-0.5444	0.3148	-0.1555	0.0017	0.0617	-0.0250	6.3647	-1.0377	-7.3882	0.03724358396412519	0	0	7	Tilt	Normal
6.5888	-0.7661	-7.2401	35.9476	-157.4279	-116.5174	-30.6640	-3.5080	6.6386	0.1516	0.2288	0.0908	0.7615	-0.5421	0.3175	-0.1594	0.0102	0.0788	-0.0281	6.4373	-0.9949	-7.3309	0.12431368204374138	0	0	7	Tilt	Normal
6.5505	-1.0343	-7.1251	36.2743	-157.1013	-116.7299	-30.7717	-4.1269	6.5006	0.0606	-0.0302	0.1580	0.7606	-0.5411	0.3206	-0.1608	0.0049	0.0319	0.0124	6.4899	-1.0041	-7.2832	-0.08552962345478576	0	0	7	Tilt	Normal
6.5122	-1.1109	-7.0868	36.3085	-157.0161	-116.6399	-31.3696	-3.9903	6.4450	0.0169	-0.0851	0.1884	0.7598	-0.5419	0.3215	-0.1604	-0.0036	-0.0352	0.0230	6.4953	-1.0258	-7.2752	-0.045324261548156386	0	0	7	Tilt	Normal
6.4739	-1.0726	-7.3167	36.0890	-157.1190	-116.4472	-31.2551	-4.2175	6.2960	0.0108	-0.0289	-0.0154	0.7599	-0.5430	0.3202	-0.1588	0.0007	-0.0501	0.0209	6.4631	-1.0437	-7.3013	0.13989864590273626	1	0	8	Tilt	Normal
6.2824	-0.9194	-7.3933	35.7985	-157.2968	-116.1961	-31.0480	-3.5647	6.9615	-0.1366	0.1408	-0.0555	0.7601	-0.5444	0.3183	-0.1568	0.0092	-0.0214	0.0262	6.4190	-1.0602	-7.3378	-0.08282567960536191	1	0	8	Tilt	Normal
6.2058	-0.9577	-7.2784	35.7704	-157.3352	-116.1700	-31.1669	-4.2778	6.8852	-0.2083	0.1009	0.0640	0.7602	-0.5445	0.3179	-0.1567	0.0039	0.0180	-0.0014	6.4141	-1.0585	-7.3424	-0.1327852063124606	1	0	8	Tilt	Normal
6.3973	-1.0343	-7.2784	35.9013	-157.2871	-116.2541	-31.7593	-4.1039	6.7094	-0.0350	0.0151	0.0494	0.7600	-0.5440	0.3186	-0.1577	-0.0068	0.0319	-0.0100	6.4323	-1.0494	-7.3278	0.1325591007603215	1	0	8	Tilt	Normal
6.4745	-0.9954	-7.2407	35.9656	-157.2095	-116.3147	-31.6466	-3.6054	6.7895	0.0311	0.0560	0.0769	0.7599	-0.5437	0.3193	-0.1580	0.0092	0.0148	0.0028	6.4434	-1.0514	-7.3176	0.018830967508936425	1	0	8	Tilt	Normal
6.3979	-1.1486	-7.2407	35.9762	-157.1990	-116.3203	-31.4711	-3.8299	6.7142	-0.0473	-0.0970	0.0754	0.7599	-0.5437	0.3194	-0.1580	-0.0004	-0.0001	-0.0046	6.4452	-1.0517	-7.3161	-0.033730894836409675	1	0	8	Tilt	Normal
6.4362	-0.9571	-7.2024	35.9810	-157.2206	-116.3163	-31.0672	-4.0993	6.4271	-0.0087	0.0914	0.1145	0.7599	-0.5437	0.3193	-0.1581	-0.0111	-0.0182	-0.0014	6.4449	-1.0485	-7.3168	-0.023916424421745575	1	0	8	Tilt	Normal
6.3213	-0.9571	-7.2790	35.9381	-157.3004	-116.2788	-31.1423	-3.8403	7.1097	-0.1152	0.0854	0.0461	0.7601	-0.5439	0.3187	-0.1581	-0.0014	-0.0129	0.0020	6.4365	-1.0425	-7.3251	-0.018385021461249096	1	0	8	Tilt	Normal
6.3596	-0.9571	-7.3173	35.9303	-157.3154	-116.2747	-31.1087	-4.3883	6.8208	-0.0754	0.0839	0.0093	0.7601	-0.5439	0.3185	-0.1581	-0.0025	0.0021	-0.0044	6.4350	-1.0410	-7.3266	0.05376853421808647	1	0	8	Tilt	Normal
6.3973	-0.9960	-7.2784	35.9314	-157.3288	-116.2752	-31.4125	-4.1652	7.1595	-0.0373	0.0428	0.0488	0.7601	-0.5438	0.3184	-0.1582	-0.0036	0.0106	-0.0087	6.4346	-1.0388	-7.3272	-5.576277276215791E-4	1	0	8	Tilt	Normal
6.3979	-0.9954	-7.3173	35.9388	-157.3329	-116.2791	-31.4168	-4.5158	6.4107	-0.0376	0.0419	0.0094	0.7601	-0.5438	0.3184	-0.1582	0.0007	0.0095	-0.0065	6.4355	-1.0373	-7.3267	0.0294310197795582	2	0	9	Tilt	Fall
6.4745	-0.9954	-7.2024	35.9541	-157.3334	-116.2869	-30.8969	-3.8703	6.3325	0.0373	0.0400	0.1230	0.7601	-0.5438	0.3185	-0.1584	-0.0046	-0.0011	-0.0119	6.4373	-1.0353	-7.3254	-0.034977224976591614	2	0	9	Tilt	Normal
6.4745	-0.8422	-7.2407	35.9754	-157.3404	-116.2979	-31.7853	-4.0323	6.3693	0.0349	0.1897	0.0830	0.7601	-0.5437	0.3185	-0.1586	-0.0079	-0.0065	-0.0004	6.4397	-1.0319	-7.3237	0.013940891447838055	2	0	9	Tilt	Normal
6.4745	-1.0337	-7.2407	35.9819	-157.3486	-116.3014	-30.7696	-3.9999	7.1107	0.0343	-0.0039	0.0829	0.7602	-0.5436	0.3185	-0.1587	-0.0004	-0.0022	0.0006	6.4403	-1.0298	-7.3236	0.018405539187774878	2	0	9	Tilt	Normal
6.4362	-1.0337	-7.2790	35.9860	-157.3581	-116.3034	-31.7532	-4.4812	7.1449	-0.0042	-0.0058	0.0447	0.7602	-0.5436	0.3184	-0.1588	0.0007	-0.0011	-0.0047	6.4404	-1.0279	-7.3237	0.0031538835369460116	2	0	9	Tilt	Normal
6.4362	-0.9571	-7.2407	35.9923	-157.3708	-116.3067	-31.0459	-4.2741	7.1089	-0.0045	0.0679	0.0830	0.7602	-0.5436	0.3184	-0.1589	0.0007	0.0053	-0.0036	6.4407	-1.0250	-7.3237	-0.03632703286978689	2	0	9	Tilt	Normal
6.5122	-0.8811	-7.3167	36.0112	-157.3878	-116.3165	-31.4220	-4.4154	6.5857	0.0697	0.1392	0.0061	0.7603	-0.5435	0.3183	-0.1591	-0.0004	0.0063	-0.0004	6.4425	-1.0202	-7.3228	0.09968253430565177	2	0	9	Tilt	Normal
6.3979	-0.9188	-7.2790	36.0196	-157.3935	-116.3208	-30.8651	-3.7455	6.9317	-0.0453	0.0995	0.0434	0.7603	-0.5434	0.3183	-0.1592	-0.0004	-0.0033	-0.0002	6.4432	-1.0183	-7.3224	-0.10005688553853176	2	0	9	Tilt	Normal
6.4745	-0.9188	-7.2024	36.0334	-157.4038	-116.3279	-31.0926	-3.7229	6.5724	0.0299	0.0964	0.1193	0.7603	-0.5434	0.3183	-0.1594	0.0017	-0.0022	0.0073	6.4446	-1.0151	-7.3216	-0.0063322336805242685	2	0	9	Tilt	Normal
6.3213	-0.9571	-7.2407	36.0338	-157.4168	-116.3281	-31.2632	-4.2004	7.0358	-0.1229	0.0560	0.0817	0.7603	-0.5434	0.3182	-0.1595	-0.0004	-0.0011	-0.0034	6.4441	-1.0130	-7.3224	-0.06887454096905543	3	0	10	Tilt	Normal
6.4362	-0.8805	-7.2407	36.0466	-157.4362	-116.3347	-31.0209	-4.4219	6.8793	-0.0088	0.1279	0.0816	0.7604	-0.5433	0.3181	-0.1597	0.0039	-0.0001	0.0094	6.4450	-1.0084	-7.3222	0.06834878348906592	3	0	10	Tilt	Normal
6.2830	-0.9188	-7.2407	36.0481	-157.4528	-116.3354	-31.4228	-3.8718	6.3019	-0.1618	0.0869	0.0823	0.7604	-0.5433	0.3180	-0.1598	0.0071	0.0010	0.0126	6.4447	-1.0057	-7.3230	-0.09709916358377235	3	0	10	Tilt	Normal
6.4356	-0.8811	-7.2018	36.0542	-157.4610	-116.3385	-31.3146	-4.1737	5.9855	-0.0096	0.1226	0.1211	0.7604	-0.5432	0.3180	-0.1598	0.0060	-0.0022	0.0103	6.4452	-1.0036	-7.3228	0.06783530689707362	3	0	10	Tilt	Normal
6.3979	-0.9571	-7.2024	36.0615	-157.4580	-116.3424	-31.1821	-4.2306	6.3379	-0.0483	0.0462	0.1196	0.7604	-0.5432	0.3180	-0.1599	0.0049	-0.0011	0.0103	6.4462	-1.0033	-7.3219	-0.01731047237743155	3	0	10	Tilt	Normal
6.3979	-1.0337	-7.2790	36.0611	-157.4564	-116.3422	-30.7552	-3.7946	6.8642	-0.0483	-0.0301	0.0429	0.7604	-0.5432	0.3180	-0.1599	0.0060	-0.0011	0.0092	6.4462	-1.0036	-7.3219	0.0649485163625112	3	0	10	Tilt	Normal
6.4356	-0.9577	-7.2784	36.0593	-157.4550	-116.3412	-31.6043	-4.3143	7.1367	-0.0103	0.0464	0.0437	0.7604	-0.5432	0.3180	-0.1599	0.0060	-0.0011	0.0103	6.4459	-1.0041	-7.3221	0.016594667643360594	3	0	10	Tilt	Normal
6.3590	-0.9577	-7.3550	36.0561	-157.4646	-116.3396	-30.8875	-4.1329	6.8038	-0.0863	0.0452	-0.0322	0.7604	-0.5432	0.3179	-0.1599	0.0060	0.0031	0.0092	6.4453	-1.0029	-7.3228	0.007211483543287045	3	0	10	Tilt	Normal
6.3590	-0.9577	-7.2401	36.0597	-157.4717	-116.3415	-30.9956	-4.1794	7.1097	-0.0865	0.0435	0.0827	0.7605	-0.5432	0.3179	-0.1599	-0.0004	-0.0022	0.0114	6.4455	-1.0012	-7.3228	-0.08620442903421477	3	0	10	Tilt	Normal
6.4362	-0.9188	-7.2407	36.0588	-157.4703	-116.3409	-31.1141	-3.5162	7.0314	-0.0091	0.0829	0.0822	0.7605	-0.5432	0.3179	-0.1599	0.0103	-0.0011	0.0061	6.4453	-1.0017	-7.3228	0.04756556369360254	3	0	10	Tilt	Normal
6.3973	-0.9960	-7.2401	36.0671	-157.4713	-116.3452	-31.3759	-4.0305	7.0826	-0.0491	0.0046	0.0820	0.7604	-0.5432	0.3179	-0.1600	0.0060	0.0010	0.0104	6.4464	-1.0006	-7.3221	-0.018519514415546112	4	0	11	Tilt	Normal
Total time: 11 seconds.
