-0.4597	-10.0748	0.4214	80.0688	37.6951	-97.9332	17.0001	24.8710	5.4069	0.5745	-0.4149	-0.9167	-0.5862	-0.2968	0.4102	0.6324	0.1068	0.2001	0.0086	-1.0341	-9.6599	1.3381	0.5861302581756149	4	0	1	Tilt	Normal
-0.1909	-10.4190	0.4974	81.2482	45.1559	-104.6971	17.6405	24.6076	5.5061	0.8670	-0.7263	-0.5547	-0.5980	-0.2980	0.4022	0.6260	-0.3119	-0.0290	0.0832	-1.0579	-9.6926	1.0521	0.33853068771176886	0	0	1	Upright	Normal
0.8811	-10.8026	-1.4557	86.9673	55.7191	-104.4615	15.8611	24.1832	7.6285	1.3077	-1.0095	-1.7464	-0.6407	-0.2734	0.3100	0.6471	-1.1833	2.6960	-1.0045	-0.4266	-9.7932	0.2907	0.503180311340552	0	0	1	Upright	Normal
-0.7272	-9.9210	-3.4099	89.2154	-118.0366	76.4862	12.3056	24.2537	10.4226	-0.8369	-0.1151	-3.3514	-0.6617	-0.2552	0.2463	0.6606	-0.2256	1.9311	-0.8266	0.1097	-9.8059	-0.0585	-0.4199728748155511	0	0	1	Upright	Normal
2.0692	-9.3081	0.6123	86.9008	-136.1332	94.9843	10.1901	23.5550	12.7845	1.7039	0.4845	0.9924	-0.6700	-0.2655	0.2312	0.6536	0.5723	1.2185	-0.8384	0.3653	-9.7926	-0.3801	-0.9608620178349714	0	0	1	Upright	Normal
1.2647	-8.3504	-0.6135	83.4766	-101.3282	60.9267	6.4791	23.6099	12.2818	0.1731	1.3930	-0.3947	-0.6563	-0.2835	0.2041	0.6687	0.1419	-1.1390	-0.2270	1.0916	-9.7434	-0.2188	-1.0870757727570037	0	0	1	Upright	Normal
0.4603	-7.9673	-1.5712	82.0962	-91.0161	51.5234	5.7112	23.4783	11.2492	-0.8866	1.7464	-1.5473	-0.6483	-0.2844	0.1922	0.6796	0.4668	0.2608	-0.0405	1.3469	-9.7137	-0.0239	-0.3340998914581874	0	0	1	Upright	Normal
-0.1143	-16.6247	-1.8010	85.1108	-71.8202	34.9351	6.5936	23.5608	11.0781	-0.9070	-6.8536	-2.0613	-0.6522	-0.2477	0.1993	0.6881	0.8109	1.4486	-0.0682	0.7926	-9.7712	0.2602	8.588578030742896	0	0	1	Upright	Normal
-0.7272	-10.1508	1.1486	85.6260	-49.4991	13.9393	5.6411	23.1280	11.4007	-1.2957	-0.3726	0.6630	-0.6499	-0.2300	0.2016	0.6958	0.2058	-0.7203	0.6072	0.5685	-9.7782	0.4856	-6.4809327886436385	0	0	1	Upright	Normal
-0.0377	-9.3847	0.9188	85.8724	10.6299	-54.5651	9.2897	22.9632	10.8854	0.0922	0.3967	0.2270	-0.6339	-0.2507	0.2781	0.6767	0.4530	-1.2466	0.4348	-0.1299	-9.7814	0.6918	-0.8117824697103302	0	0	1	Upright	Normal
1.3797	-8.8867	1.3402	83.2669	17.2726	-65.2679	11.1776	23.6562	9.0831	1.7207	0.8526	0.2435	-0.6137	-0.2598	0.3145	0.6760	0.3859	-0.3741	0.3879	-0.3410	-9.7393	1.0967	-0.3371679796750726	0	0	2	Upright	Normal
0.4220	-9.9593	1.0720	78.5601	16.5461	-68.2191	12.3715	23.3848	8.5097	0.9759	-0.3473	-0.7922	-0.5812	-0.2591	0.3541	0.6853	0.8930	-1.2561	0.6052	-0.5540	-9.6120	1.8642	0.9332361554768891	0	0	2	Upright	Normal
0.3065	-10.7260	0.6512	75.2100	13.4974	-70.8313	13.8691	22.9976	5.7975	0.8906	-1.2441	-1.7826	-0.5478	-0.2753	0.3975	0.6827	0.7225	-1.0016	0.1994	-0.5842	-9.4819	2.4339	0.7244066073272926	0	0	2	Upright	Normal
0.7661	-11.9519	0.9960	76.7487	17.2908	-71.0401	13.6780	23.0202	4.4161	1.4341	-2.4060	-1.1497	-0.5680	-0.2607	0.3743	0.6850	-0.7071	1.2952	-0.1447	-0.6680	-9.5458	2.1457	1.2676515038367562	0	0	2	Upright	Normal
4.6352	-9.6917	-3.0263	86.5859	-70.4968	35.6336	10.1410	22.2406	8.9792	4.0875	0.0977	-3.2202	-0.6617	-0.2285	0.1950	0.6869	-2.9494	2.2592	-2.3422	0.5477	-9.7894	0.1939	-0.8565608486119398	0	0	2	Upright	Normal
-5.8227	-11.8752	2.9497	79.4222	-154.3936	114.6294	6.6670	19.1253	14.3986	-6.6004	-2.2350	4.5722	-0.7078	-0.2859	0.1930	0.6165	-1.9726	2.7450	0.1516	0.7777	-9.6403	-1.6225	2.389617836048142	0	0	2	Upright	Normal
-2.1069	-6.2441	6.0525	79.8834	-104.8119	64.8794	3.8590	17.9855	15.8573	-3.7721	3.4102	6.4929	-0.6564	-0.3026	0.1784	0.6676	2.5846	-3.4634	-1.1661	1.6652	-9.6543	-0.4404	-4.603171242014312	0	0	2	Upright	Normal
-3.6003	-5.0560	0.2676	78.4672	-86.6120	46.8123	2.5127	20.1794	13.1415	-5.5568	4.5529	0.1517	-0.6334	-0.3047	0.1742	0.6896	0.1228	-2.8391	0.6533	1.9565	-9.6088	0.1158	-2.7350160228226166	0	0	2	Upright	Normal
10.4962	-16.1656	0.0766	75.8622	-56.7040	19.6634	4.4236	21.3408	11.6272	8.4943	-6.6559	-1.2381	-0.5970	-0.2767	0.1691	0.7338	0.5777	1.1460	-1.5049	2.0019	-9.5098	1.3147	13.061764042318057	0	0	2	Upright	Normal
-1.5323	-13.0628	2.9497	79.7039	-61.7358	21.0659	3.0213	21.0068	10.6976	-3.0754	-3.4138	2.1202	-0.6128	-0.2867	0.2028	0.7079	-0.7454	-1.8687	1.9540	1.5431	-9.6489	0.8294	-5.795331358532334	0	0	2	Upright	Normal
-4.7884	-7.6614	2.4134	83.8006	-42.7796	7.8094	4.0099	20.5549	11.2653	-5.5065	2.0880	1.6373	-0.6389	-0.2285	0.1959	0.7079	-0.1734	0.0967	0.7034	0.7181	-9.7495	0.7760	-4.127585984924014	0	1	3	Jump	Normal
1.6861	-8.8867	0.9954	82.8253	-2.5027	-45.0070	6.9909	20.8453	10.8565	1.6327	0.8432	-0.2282	-0.6047	-0.2682	0.3003	0.6872	1.0496	-2.5249	0.6544	0.0534	-9.7299	1.2236	-0.25164238337741374	0	1	3	Upright	Normal
-0.1149	-9.3087	2.6432	76.0010	8.6913	-55.9752	8.6462	22.0632	8.0850	0.2436	0.2068	0.2984	-0.5701	-0.2354	0.3275	0.7157	1.1028	-0.9312	0.5894	-0.3585	-9.5155	2.3448	0.5775301232083567	0	0	3	Upright	Normal
0.9194	-9.1937	0.9960	72.9470	17.1268	-67.8768	11.5031	22.1765	5.9561	1.7663	0.1820	-1.7521	-0.5545	-0.2289	0.3705	0.7091	0.3188	-0.2963	0.7407	-0.8469	-9.3757	2.7481	-0.38429047276944317	0	0	3	Upright	Normal
0.7667	-11.2617	0.3825	74.5852	18.5752	-68.9667	12.1306	21.6577	5.7006	1.5971	-1.8078	-2.0883	-0.5656	-0.2327	0.3639	0.7025	-0.6144	0.7817	-0.1438	-0.8303	-9.4540	2.4708	2.001161968028798	0	0	3	Upright	Normal
2.6049	-11.9135	-2.4517	85.4860	-35.1813	2.9015	9.0280	20.5018	9.2934	2.1605	-2.1373	-3.0821	-0.6524	-0.2055	0.1873	0.7050	-2.4424	4.2161	-2.6078	0.4444	-9.7763	0.6304	1.1447165810836086	0	0	3	Upright	Normal
-7.0479	-12.9089	2.2978	82.6875	-127.6006	97.1033	4.7848	19.4501	13.5151	-8.0363	-3.1819	3.0590	-0.6980	-0.2273	0.1439	0.6637	-2.2986	1.7777	0.0746	0.9884	-9.7270	-0.7612	2.447019388992077	0	0	3	Upright	Normal
-2.7575	-5.4007	3.8684	80.1823	-122.4393	107.2071	-0.7165	16.8071	17.7082	-4.1686	4.2624	4.7654	-0.7237	-0.1483	0.0385	0.6729	1.1209	-2.0700	-0.4378	1.4111	-9.6631	-0.8969	-7.693216672912289	0	0	3	Upright	Normal
-1.4174	-5.8610	-1.3024	81.0921	-78.4878	60.3513	-0.2412	18.1862	15.4557	-2.9042	3.8276	-1.6052	-0.6769	-0.1625	0.0597	0.7154	0.3667	1.1588	0.1971	1.4868	-9.6886	0.3027	-1.0237639058077423	0	0	3	Upright	Normal
0.8811	-11.3772	0.7278	81.3930	-29.0190	15.1055	0.0509	20.6278	12.6627	0.1694	-1.6809	-0.5552	-0.6508	-0.1053	0.0655	0.7491	1.6152	1.7351	-0.6072	0.7117	-9.6964	1.2830	5.265450516707366	0	0	3	Upright	Normal
6.0908	-5.2481	-0.2298	71.6573	-46.8476	51.5746	-6.4110	20.9201	9.9958	3.8397	4.0604	-2.3403	-0.6239	-0.0565	-0.1141	0.7711	0.2836	2.1783	-0.0247	2.2511	-9.3085	2.1105	-3.391244452153142	0	1	4	PT	Normal
-5.0566	-11.0708	-2.4517	82.5718	-39.3764	44.2278	-7.1513	20.1299	10.4075	-5.8600	-1.3461	-3.4306	-0.6709	-0.0006	-0.0604	0.7391	-1.5029	1.0427	0.9682	0.8034	-9.7246	0.9789	4.37221125705849	0	1	4	Jump	Normal
-3.9834	-9.9210	5.6689	88.0749	41.3437	-23.5157	-6.9438	19.2428	12.0097	-3.7677	-0.1197	5.4239	-0.6885	0.1159	-0.1033	0.7084	-0.3044	0.5218	-0.1035	-0.2156	-9.8013	0.2450	-0.314587678378075	0	1	4	Upright	Normal
2.2984	-9.3087	2.7964	86.5052	29.9720	-8.6179	-8.1563	19.1716	11.5718	2.5965	0.4799	2.2797	-0.6742	0.1381	-0.1239	0.7148	-0.5036	1.3782	0.7136	-0.2981	-9.7885	0.5167	-2.1131203641378224	0	0	4	Upright	Normal
2.5283	-9.4236	1.7621	87.6297	37.2681	-6.3442	-8.7394	18.9513	11.4401	2.7726	0.3748	1.4413	-0.6679	0.1939	-0.1831	0.6949	-0.2703	2.0302	-0.1674	-0.2444	-9.7984	0.3208	-0.07299843244231496	0	0	4	Upright	Normal
0.1149	-8.5425	2.1835	85.4050	-52.5681	105.4468	-11.6462	18.4394	9.5912	-0.5080	1.2327	1.7066	-0.6272	0.2868	-0.3424	0.6380	0.1440	4.6486	-1.6023	0.6229	-9.7752	0.4769	-1.096823846836946	0	0	4	Upright	Normal
-2.0303	-11.1857	-2.5283	78.3979	-53.7048	144.0041	-18.4471	15.6742	-0.3097	-3.6197	-1.5793	-3.6956	-0.5071	0.4281	-0.5694	0.4851	-1.2270	1.7085	-1.0122	1.5895	-9.6064	1.1673	2.828325150804	0	0	4	Upright	Normal
2.8736	-6.9713	5.4007	77.7551	-106.1214	-160.0940	-19.7342	14.1980	-2.9656	0.8758	2.6124	5.9783	-0.5477	0.4791	-0.5475	0.4133	-1.2057	1.3239	-0.5957	1.9978	-9.5837	-0.5776	-2.371293284177005	0	0	4	Upright	Normal
2.9503	-9.3081	-1.5329	73.1616	-94.0551	-159.3955	-21.3564	13.5799	-3.0828	0.1169	0.0783	-1.3319	-0.5054	0.5048	-0.6165	0.3311	-0.5750	4.3791	-0.9430	2.8334	-9.3863	-0.2010	0.6091453972447134	0	0	4	Upright	Normal
0.0389	-8.1971	-0.2687	69.8387	-100.6224	-138.0922	-20.1432	13.4055	-8.9029	-3.2830	1.0087	0.3543	-0.4585	0.5670	-0.6465	0.2241	-1.6776	0.2746	-0.4774	3.3220	-9.2059	-0.6231	-1.6824718996617953	0	1	5	PT	Normal
0.9960	-6.2441	0.9577	66.1684	-100.6635	-129.1999	-20.9851	13.1543	-8.6403	-2.8979	2.7265	1.6909	-0.4331	0.5914	-0.6634	0.1502	-0.3481	2.5415	-0.6257	3.8939	-8.9706	-0.7332	-1.8064409985504142	0	1	5	PT	Normal
5.3630	-8.4276	0.6129	53.7535	-83.0755	-134.9588	-19.8792	9.5624	-14.9174	-0.8410	-0.8651	-0.0860	0.4168	-0.5391	0.7316	-0.0212	-0.3822	-1.3414	-2.7051	6.2040	-7.5625	0.6990	3.6129357301210128	0	1	5	Jump	Normal
3.6781	-2.7192	0.7272	56.8715	-86.9028	-145.1643	-21.5427	5.0405	-15.5125	-4.1059	3.2386	0.4377	0.4736	-0.5109	0.7071	-0.1214	-0.2139	0.4664	-2.4548	7.7840	-5.9578	0.2895	-5.376535914386051	0	1	5	Jump	Normal
-1.0337	-1.1103	-0.4986	57.6189	-89.6250	-155.6826	-23.4255	-0.3662	-15.9968	-9.9478	2.9773	-0.5329	0.5317	-0.4643	0.6792	-0.2011	-0.5356	-0.5499	-1.7922	8.9141	-4.0877	0.0343	-3.034711791365144	0	1	5	PT	Normal
18.1582	5.4019	0.2676	55.0423	-62.5528	147.8972	-22.5031	-6.2864	-16.2702	8.8174	3.9151	-2.3222	0.5517	-0.2522	0.6621	-0.4401	0.5627	13.3231	-11.3742	9.3408	1.4868	2.5898	17.349723459521222	0	1	5	Jump	Normal
10.2669	8.2367	10.9553	50.2914	-60.4215	135.6359	-6.8050	-13.6405	-22.6906	1.5660	4.9356	7.8627	0.5604	-0.1681	0.6437	-0.4933	1.1613	-8.4520	-1.0434	8.7010	3.3010	3.0926	-1.8214062381545553	0	1	5	PT	Normal
5.4785	-15.2074	0.0760	52.2524	-91.1860	166.2597	-19.9155	-15.3793	-16.0452	-4.0071	-17.6921	0.2004	0.6736	-0.2292	0.5861	-0.3875	3.0713	-2.7614	-0.7664	9.4857	2.4847	-0.1243	-0.9608538110457729	0	1	5	PT	Normal
1.6095	0.7284	0.6123	57.6725	-114.4552	-178.0014	-24.0427	-16.9763	-11.5185	-7.4315	-2.3888	2.7834	0.7319	-0.2739	0.4812	-0.3972	-1.5700	-2.2128	-1.2681	9.0410	3.1173	-2.1711	-14.294554323094367	0	1	5	Jump	Normal
4.4442	17.1239	0.6889	55.9924	-72.8369	137.1315	-19.9519	-16.3733	-15.3525	-4.0550	12.5076	-0.9295	0.6260	-0.1601	0.5595	-0.5191	-0.2789	4.9149	-2.0010	8.4993	4.6163	1.6185	15.834865216168293	0	1	5	Jump	Normal
3.4866	4.0612	7.2012	70.4608	-57.1419	122.9198	-16.4750	-12.3920	-20.9090	-5.1995	-0.1287	5.4218	0.5852	-0.2584	0.4984	-0.5851	-2.2933	-1.3627	1.2192	8.6860	4.1899	1.7793	-8.732046353536738	0	2	6	Jump	Normal
3.7930	4.9805	0.4208	73.9311	-75.9922	150.9767	-21.3401	-8.3259	-19.9748	-5.6337	2.3584	-0.2361	0.5949	-0.3355	0.5168	-0.5162	1.8601	-1.6045	3.2048	9.4267	2.6221	0.6569	-2.698073396749657	0	2	6	PT	Normal
15.4384	-3.1789	0.0377	73.6998	-106.6779	-159.0797	-25.8976	-4.1217	-16.6880	5.6991	-2.3478	0.8276	0.5662	-0.4687	0.5572	-0.3864	0.1056	-2.1552	0.6076	9.7393	-0.8311	-0.7899	9.487833128385887	0	2	6	Jump	Normal
12.2589	-0.3825	-0.1538	70.2279	-141.9596	-113.6938	-29.5228	0.2530	-11.6537	3.1750	2.2305	2.4588	0.5449	-0.5799	0.5206	-0.3095	0.3112	-0.4338	2.6263	9.0839	-2.6130	-2.6127	-3.496499575609377	0	2	6	PT	Normal
0.1921	-3.1023	-1.0349	67.6211	-144.7886	-110.9994	-30.7367	2.6905	-9.3063	-8.7510	-0.4785	2.0156	0.5573	-0.5873	0.5075	-0.2948	-0.0233	-0.5094	-0.8379	8.9431	-2.6237	-3.0505	-8.989828465508749	0	2	6	Jump	Normal
3.2950	-6.2818	-5.9765	64.7126	-146.4231	-111.6300	-30.8538	1.1469	-7.4095	-5.5715	-3.9632	-2.4864	0.5822	-0.5823	0.4897	-0.2868	0.2132	1.8810	-0.4843	8.8665	-2.3186	-3.4901	5.9995895152416825	0	2	6	Jump	Normal
13.1783	-2.2595	-4.1761	65.8753	-141.6966	-116.6881	-30.7976	-0.5053	-9.2645	4.1729	0.0166	-1.0307	0.5812	-0.5679	0.5039	-0.2927	0.5850	-0.2463	-0.2265	9.0053	-2.2761	-3.1454	4.732004813811326	0	2	6	Jump	Normal
6.5894	-0.9571	-3.4482	65.9910	-136.0186	-120.8425	-29.9590	-1.5549	-10.8091	-2.4364	1.5850	-0.5772	0.5757	-0.5612	0.5224	-0.2841	0.2015	-0.3752	0.4095	9.0258	-2.5420	-2.8711	-6.509174998811565	0	2	6	Jump	Normal
6.3596	-1.1103	-2.0692	67.0531	-135.5249	-123.7910	-29.6409	-0.9209	-10.6657	-2.8168	1.0157	0.6590	0.5822	-0.5479	0.5191	-0.3023	0.0460	0.5239	-0.4693	9.1764	-2.1261	-2.7282	-0.7191237314229619	0	2	6	PT	Normal
10.3430	-1.3408	-1.8771	69.5215	-135.6115	-125.5602	-29.5606	-1.8468	-11.6142	1.0127	0.4218	0.5748	0.5779	-0.5395	0.5174	-0.3275	-0.2800	0.2672	-0.1732	9.3302	-1.7626	-2.4518	3.8178208493625325	0	2	6	Jump	Normal
10.3046	-1.8387	-2.2984	71.4874	-133.8727	-126.6418	-29.2765	-1.5029	-12.5502	0.9143	-0.0130	-0.1405	0.5645	-0.5398	0.5254	-0.3375	-0.1575	0.1649	0.1858	9.3904	-1.8257	-2.1579	0.11960909578170309	0	2	7	Upright	Normal
9.4236	-2.2984	-1.7621	72.5028	-133.7779	-125.3526	-29.0138	-0.8249	-12.4585	0.0489	-0.2676	0.2779	0.5524	-0.5467	0.5309	-0.3379	-0.0989	0.0381	0.1570	9.3746	-2.0309	-2.0400	-0.8581327615755754	0	0	7	Upright	Normal
8.7724	-2.1452	-1.6089	72.6999	-134.9420	-124.1349	-29.2085	0.2418	-12.9029	-0.5972	-0.1113	0.4510	0.5509	-0.5491	0.5291	-0.3392	-0.0616	-0.0449	-0.0858	9.3696	-2.0339	-2.0599	-0.6855117004403972	0	0	7	Upright	Normal
9.1177	-1.3785	-2.2607	72.2197	-136.6640	-123.0753	-28.9861	-0.5222	-12.0474	-0.2466	0.5544	-0.0826	0.5563	-0.5491	0.5233	-0.3393	0.0034	-0.2612	0.0111	9.3643	-1.9329	-2.1781	0.3213091826155736	0	0	7	Upright	Normal
9.1177	-1.7998	-2.8353	70.5736	-138.5954	-121.1345	-29.5019	-0.7392	-11.4476	-0.1734	0.1649	-0.3889	0.5647	-0.5531	0.5169	-0.3288	0.1099	-0.2165	0.0548	9.2911	-1.9647	-2.4464	0.2221227583276839	0	0	7	Upright	Normal
8.5808	-1.9920	-2.9497	69.8750	-138.5130	-121.3615	-29.1732	-0.6961	-11.6743	-0.6901	-0.0346	-0.4220	0.5691	-0.5523	0.5154	-0.3248	0.0343	0.1361	-0.0688	9.2709	-1.9574	-2.5277	-0.4267929875293248	0	0	7	Upright	Normal
8.9256	-1.5706	-2.3367	70.7066	-137.0996	-123.0138	-29.0084	-1.1014	-12.1379	-0.3971	0.3328	0.0368	0.5662	-0.5481	0.5190	-0.3310	-0.0243	0.1415	-0.0103	9.3227	-1.9034	-2.3736	0.06940712909562485	0	0	7	Upright	Normal
9.3087	-1.8771	-2.1835	71.1061	-136.9249	-123.1377	-28.7327	-1.1201	-12.3822	-0.0277	0.0263	0.1362	0.5639	-0.5480	0.5202	-0.3334	-0.0084	0.0275	0.0174	9.3363	-1.9034	-2.3197	0.3847446521933495	0	0	7	Upright	Normal
9.0028	-1.9531	-2.2607	71.1759	-136.7234	-123.2909	-29.1285	-0.9019	-12.1538	-0.3361	-0.0431	0.0429	0.5633	-0.5478	0.5208	-0.3336	0.0044	0.0296	-0.0146	9.3389	-1.9100	-2.3037	-0.2583172733997845	0	0	7	Upright	Normal
9.1177	-1.7615	-2.1458	71.2525	-136.5762	-123.5130	-28.4493	-0.8690	-12.2637	-0.2274	0.1348	0.1434	0.5633	-0.5472	0.5210	-0.3344	-0.0030	0.0062	-0.0156	9.3452	-1.8964	-2.2892	0.04543491921564602	0	0	7	Upright	Normal
9.2326	-1.6849	-2.2224	70.9834	-135.9447	-124.2187	-28.9287	-0.4828	-11.6297	-0.1118	0.2066	0.0741	0.5652	-0.5455	0.5217	-0.3328	-0.0030	-0.0354	0.0078	9.3444	-1.8916	-2.2965	0.11363750774611603	1	0	8	Upright	Normal
8.8873	-1.6855	-2.3367	70.4559	-136.1425	-124.1395	-28.9968	-0.6331	-11.4788	-0.4414	0.1983	0.0287	0.5686	-0.5453	0.5202	-0.3299	0.0023	-0.0460	0.0088	9.3287	-1.8838	-2.3655	-0.3019750990213055	1	0	8	Upright	Normal
9.0794	-1.9148	-2.3756	70.2054	-135.6521	-124.6683	-29.4961	-0.7482	-11.8353	-0.2468	-0.0304	-0.0007	0.5702	-0.5440	0.5207	-0.3283	-0.0020	0.0200	-0.0072	9.3262	-1.8844	-2.3749	0.23573075611239425	1	0	8	Upright	Normal
9.1177	-1.7998	-2.2607	70.3607	-135.3703	-124.9614	-29.2126	-0.6871	-11.7529	-0.2170	0.0796	0.0848	0.5695	-0.5434	0.5215	-0.3293	0.0012	0.0499	-0.0061	9.3347	-1.8794	-2.3456	-0.013736043694477118	1	0	8	Upright	Normal
9.1177	-1.7615	-2.1075	70.4744	-135.0846	-125.2556	-29.3618	-1.1530	-11.5698	-0.2237	0.1145	0.2135	0.5690	-0.5428	0.5222	-0.3301	0.0055	0.0062	-0.0072	9.3414	-1.8760	-2.3210	-0.042206843643134206	1	0	8	Upright	Normal
9.0411	-1.7615	-2.2990	70.4782	-135.0785	-125.2676	-29.2078	-1.5326	-11.9262	-0.3008	0.1133	0.0214	0.5690	-0.5427	0.5222	-0.3301	0.0023	-0.0119	-0.0093	9.3419	-1.8748	-2.3204	-0.028771436829583052	1	0	8	Upright	Normal
9.1560	-1.7615	-2.4140	70.4750	-135.1055	-125.2589	-29.1796	-0.8598	-11.8440	-0.1861	0.1103	-0.0922	0.5691	-0.5427	0.5221	-0.3302	-0.0031	-0.0023	0.0063	9.3422	-1.8718	-2.3218	0.13766545644004147	1	0	8	Upright	Normal
9.0794	-1.7998	-2.2607	70.4738	-135.1189	-125.2521	-28.8604	-0.7732	-12.4238	-0.2626	0.0712	0.0618	0.5691	-0.5427	0.5221	-0.3302	-0.0052	-0.0077	0.0021	9.3420	-1.8711	-2.3225	-0.10319000277467438	1	0	8	Upright	Normal
9.0794	-1.7998	-2.2990	70.4690	-135.1346	-125.2379	-29.2776	-0.8843	-12.4177	-0.2625	0.0711	0.0247	0.5692	-0.5427	0.5220	-0.3302	0.0023	-0.0141	-0.0043	9.3419	-1.8709	-2.3237	0.009159850905263056	1	0	8	Upright	Normal
9.0788	-1.8004	-2.3367	70.4621	-135.1538	-125.2198	-29.3095	-1.0325	-12.3979	-0.2626	0.0702	-0.0115	0.5692	-0.5427	0.5220	-0.3301	0.0023	0.0062	-0.0054	9.3414	-1.8706	-2.3252	0.008700442838094347	2	0	9	Upright	Normal
9.0411	-1.7615	-2.2990	70.4549	-135.1840	-125.1977	-28.8969	-1.0701	-12.0176	-0.3002	0.1079	0.0283	0.5693	-0.5428	0.5219	-0.3301	-0.0020	0.0030	-0.0022	9.3413	-1.8694	-2.3273	-0.05233574740872449	2	0	9	Upright	Normal
9.0794	-1.6849	-2.2990	70.4548	-135.1942	-125.1964	-29.1233	-1.0003	-12.1829	-0.2620	0.1832	0.0287	0.5693	-0.5427	0.5218	-0.3302	0.0012	-0.0023	-0.0012	9.3414	-1.8681	-2.3278	0.022621317789582207	2	0	9	Upright	Normal
9.0411	-1.7615	-2.3756	70.4592	-135.1903	-125.2092	-29.4750	-1.1206	-12.0077	-0.3008	0.1050	-0.0485	0.5693	-0.5427	0.5218	-0.3302	-0.0010	-0.0055	-0.0001	9.3419	-1.8666	-2.3272	-0.003781407194695774	2	0	9	Upright	Normal
9.0028	-1.7615	-2.3373	70.4515	-135.2246	-125.1855	-29.2886	-0.0291	-12.4617	-0.3388	0.1035	-0.0079	0.5694	-0.5427	0.5217	-0.3302	0.0001	-0.0066	0.0010	9.3416	-1.8651	-2.3294	-0.04592303376190365	2	0	9	Upright	Normal
9.0788	-1.7621	-2.3367	70.4446	-135.2421	-125.1674	-29.2900	-1.0059	-11.8194	-0.2625	0.1030	-0.0058	0.5694	-0.5427	0.5217	-0.3302	-0.0020	0.0030	-0.0033	9.3413	-1.8651	-2.3309	0.07226954530266916	2	0	9	Upright	Normal
9.0788	-1.8004	-2.3367	70.4417	-135.2543	-125.1590	-29.1738	-0.7969	-12.3596	-0.2623	0.0640	-0.0051	0.5695	-0.5427	0.5216	-0.3302	-0.0010	0.0030	-0.0065	9.3411	-1.8645	-2.3317	0.007149325273072549	2	0	9	Upright	Normal
9.0405	-1.8004	-2.2984	70.4341	-135.2791	-125.1372	-28.9869	-0.7575	-12.1767	-0.3003	0.0636	0.0350	0.5695	-0.5428	0.5215	-0.3302	0.0012	0.0030	-0.0042	9.3408	-1.8640	-2.3334	-0.045757187489749995	2	0	9	Upright	Normal
9.0788	-1.7621	-2.2601	70.4331	-135.2949	-125.1311	-29.0949	-1.6279	-12.5714	-0.2620	0.1006	0.0742	0.5696	-0.5428	0.5215	-0.3302	0.0012	0.0040	-0.0010	9.3408	-1.8627	-2.3343	0.020133082581898165	2	0	9	Upright	Normal
9.1177	-1.8381	-2.2607	70.4339	-135.2912	-125.1356	-29.0413	-0.9706	-12.1633	-0.2233	0.0242	0.0733	0.5696	-0.5428	0.5215	-0.3302	0.0001	0.0083	-0.0031	9.3410	-1.8624	-2.3340	0.05154752593847611	2	0	9	Upright	Normal
9.0411	-1.7998	-2.2607	70.4356	-135.2903	-125.1397	-28.9770	-0.5409	-12.4671	-0.3000	0.0621	0.0732	0.5696	-0.5427	0.5215	-0.3302	0.0001	-0.0023	-0.0031	9.3411	-1.8619	-2.3339	-0.08027329017381746	3	0	10	Upright	Normal
9.0788	-1.8004	-2.2601	70.4350	-135.2897	-125.1379	-28.6775	-0.8752	-12.1757	-0.2622	0.0619	0.0738	0.5696	-0.5428	0.5215	-0.3302	0.0012	-0.0013	-0.0042	9.3410	-1.8624	-2.3339	0.0358889527136288	3	0	10	Upright	Normal
9.0788	-1.8004	-2.3367	70.4308	-135.3087	-125.1248	-29.0510	-0.7994	-12.5332	-0.2620	0.0611	-0.0016	0.5696	-0.5428	0.5214	-0.3302	0.0001	0.0040	-0.0045	9.3408	-1.8615	-2.3351	0.018460916429564378	3	0	10	Upright	Normal
9.0788	-1.8004	-2.2601	70.4282	-135.3220	-125.1178	-29.5221	-0.5245	-12.2079	-0.2620	0.0600	0.0759	0.5697	-0.5428	0.5214	-0.3302	0.0022	0.0019	-0.0035	9.3408	-1.8604	-2.3360	-0.018460916429564378	3	0	10	Upright	Normal
9.0794	-1.7232	-2.2607	70.4276	-135.3333	-125.1165	-28.8841	-0.7587	-11.7434	-0.2617	0.1356	0.0757	0.5697	-0.5427	0.5213	-0.3303	0.0022	0.0019	-0.0035	9.3411	-1.8588	-2.3364	-0.013571228209226405	3	0	10	Upright	Normal
9.0794	-1.8381	-2.2607	70.4278	-135.3322	-125.1183	-28.9680	-1.1957	-12.3568	-0.2617	0.0204	0.0757	0.5697	-0.5427	0.5213	-0.3303	0.0012	0.0019	-0.0035	9.3411	-1.8585	-2.3364	0.02148061098889187	3	0	10	Upright	Normal
9.0405	-1.8387	-2.2984	70.4293	-135.3320	-125.1219	-29.3377	-0.7180	-12.1494	-0.3008	0.0193	0.0379	0.5697	-0.5427	0.5213	-0.3303	-0.0010	-0.0034	-0.0013	9.3413	-1.8581	-2.3363	-0.02787300855626995	3	0	10	Upright	Normal
9.0788	-1.8004	-2.3367	70.4220	-135.3625	-125.0987	-28.8098	-0.8407	-12.2134	-0.2622	0.0567	0.0016	0.5698	-0.5427	0.5212	-0.3303	0.0001	0.0019	-0.0033	9.3410	-1.8572	-2.3384	0.038424542206168866	3	0	10	Upright	Normal
9.0794	-1.7615	-2.2990	70.4207	-135.3695	-125.0959	-29.0264	-0.7861	-12.0080	-0.2616	0.0949	0.0397	0.5698	-0.5427	0.5212	-0.3303	-0.0020	0.0030	-0.0097	9.3410	-1.8564	-2.3387	-0.015853883787306344	3	0	10	Upright	Normal
9.0794	-1.7615	-2.2990	70.4210	-135.3814	-125.0956	-29.5506	-0.8310	-12.4735	-0.2619	0.0931	0.0403	0.5699	-0.5427	0.5211	-0.3304	0.0033	-0.0045	0.0031	9.3413	-1.8546	-2.3393	0.0	3	0	10	Upright	Normal
9.0794	-1.7998	-2.2607	70.4221	-135.3800	-125.0988	-29.0863	-1.1218	-12.1381	-0.2619	0.0543	0.0783	0.5699	-0.5427	0.5211	-0.3304	-0.0009	0.0040	-0.0054	9.3413	-1.8542	-2.3390	-0.0020064099560510584	4	0	11	Upright	Normal
Total time: 11 seconds.
