-0.9960	-9.9982	0.6895	62.3860	75.4667	97.8433	8.7580	30.5802	-15.2652	-1.8607	-0.2964	-0.4510	-0.1255	-0.6528	0.7182	-0.2056	-0.2313	-0.3541	-0.1100	0.8648	-9.7018	1.1405	0.4613936357047823	5	0	1	Upright	Normal
-0.0377	-10.5722	-0.0772	61.1364	77.3727	95.8781	8.0475	29.7574	-15.1179	-0.9252	-0.8607	-1.1120	-0.1336	-0.6553	0.7119	-0.2142	0.0617	0.7356	-0.2282	0.8875	-9.7115	1.0347	0.5012313192107101	5	0	1	Upright	Normal
0.9583	-9.9210	-5.4785	61.6031	85.5194	88.7836	8.8644	29.6225	-14.6419	0.0771	-0.1607	-5.8428	-0.1393	-0.6797	0.6896	-0.2074	-1.5320	-0.4798	0.1638	0.8812	-9.7603	0.3642	0.8010403128361432	5	0	1	Upright	Normal
2.2224	-10.5722	3.3704	63.5187	111.2155	67.6385	8.0968	30.8663	-10.0354	1.6821	-0.9090	4.9530	-0.1435	-0.7484	0.6282	-0.1573	-0.8385	-0.6407	0.4780	0.5403	-9.6631	-1.5826	-0.05678460687277109	0	0	1	Upright	Normal
-1.2635	-8.2355	-1.5712	67.7831	111.7253	70.2874	9.2686	30.5833	-8.7863	-1.1727	1.4744	-0.1986	-0.1396	-0.7419	0.6456	-0.1152	0.3823	-1.0540	0.7316	-0.0908	-9.7098	-1.3726	-2.838091998157653	0	0	1	Upright	Normal
-0.4208	-8.6185	-1.1115	64.7900	108.8767	75.9948	10.9370	29.6722	-9.2029	0.1188	1.0796	0.2400	-0.1773	-0.7331	0.6458	-0.1187	0.0127	1.3684	0.2160	-0.5396	-9.6982	-1.3515	0.22134733601527046	0	0	1	Upright	Normal
0.3071	-10.2274	-4.7890	64.4190	107.3530	77.5802	13.4319	28.8869	-8.3888	0.8704	-0.5186	-3.5261	-0.1810	-0.7291	0.6487	-0.1216	0.6401	-0.4181	0.3673	-0.5634	-9.7088	-1.2629	2.5972202151347155	0	0	1	Upright	Normal
-0.9571	-11.3383	-2.0309	63.7953	109.4554	76.9266	14.1787	26.4652	-9.1553	-0.1939	-1.6683	-0.5885	-0.1922	-0.7325	0.6427	-0.1155	-0.1524	0.3298	-0.3528	-0.7632	-9.6700	-1.4424	0.26116422072852785	0	0	1	Upright	Normal
2.7204	-7.1245	4.2898	69.8220	110.9558	72.6937	12.7616	25.9325	-10.0210	3.1392	2.5983	5.4996	-0.1392	-0.7364	0.6552	-0.0949	0.3621	-0.2689	-0.4220	-0.4188	-9.7229	-1.2098	-2.8085038336842274	0	0	1	Upright	Normal
0.3831	-12.5265	0.9577	71.0665	98.2008	80.5775	11.8352	25.3963	-11.0048	0.0994	-2.7343	1.4117	-0.1075	-0.7153	0.6796	-0.1224	0.7775	0.7633	-0.8545	0.2837	-9.7921	-0.4540	3.818955623825989	0	0	1	Upright	Normal
-0.3065	-9.6917	1.1109	65.6280	82.4170	93.9938	11.3220	25.1438	-11.9046	-0.8052	0.0877	0.5770	-0.1269	-0.6758	0.7059	-0.1701	0.6380	-0.1049	-0.0419	0.4987	-9.7794	0.5339	-2.808922310744876	0	1	2	PT	Normal
-0.4597	-9.1171	1.3791	61.2455	73.0380	102.4264	11.6093	23.9873	-12.7095	-0.8906	0.5830	0.0028	-0.1427	-0.6399	0.7290	-0.1969	1.0385	-0.0537	-0.1112	0.4310	-9.7001	1.3762	-0.5277071328736049	0	1	2	PT	Normal
0.3454	-9.5762	-0.2687	55.9138	63.5558	108.9336	11.6836	21.9200	-15.0589	-0.2267	-0.0971	-2.7162	-0.1469	-0.5947	0.7545	-0.2355	1.0374	-0.7856	-0.4073	0.5721	-9.4791	2.4475	0.3539263850731409	0	1	2	Upright	Normal
-1.5700	-12.4493	-0.8434	52.3868	67.8060	102.8711	10.7290	21.0282	-16.6615	-2.4080	-2.9435	-3.1042	-0.1630	-0.5985	0.7358	-0.2718	-0.4806	-0.1432	-0.2081	0.8380	-9.5057	2.2609	2.9900260980200475	0	0	2	Upright	Normal
-2.9880	-12.9095	-1.1109	41.9379	88.5199	87.9139	10.5322	21.3527	-13.4437	-3.5139	-3.1187	-1.2993	-0.2679	-0.6470	0.6440	-0.3080	-2.8881	2.2259	0.2883	0.5260	-9.7908	0.1884	0.7210525359981759	0	0	2	Upright	Normal
4.1755	-13.7906	5.2864	30.7210	107.3413	76.1910	13.5619	22.7528	-6.0996	3.3914	-4.3438	7.7993	-0.3558	-0.7082	0.5204	-0.3179	-2.2947	-0.6162	-0.7130	0.7841	-9.4468	-2.5129	2.050740060076812	0	0	2	Upright	Normal
-1.1492	-9.0788	-2.8347	37.2218	109.9934	80.0502	14.1994	23.1513	-4.6717	-0.7437	0.3487	-0.1646	-0.3591	-0.7122	0.5498	-0.2482	-0.2046	-1.2522	1.2194	-0.4055	-9.4275	-2.6701	-5.767782246854157	0	0	2	Upright	Normal
2.8353	-3.5237	1.3018	37.6801	108.7056	83.8412	15.8175	21.7022	-5.4993	3.7502	5.9177	3.7911	-0.3738	-0.6980	0.5638	-0.2351	0.2161	0.1774	0.2340	-0.9149	-9.4414	-2.4892	-4.873843377134945	0	0	2	Upright	Normal
-1.1875	-15.3612	-5.6695	35.4257	100.1267	87.7689	16.1385	20.7796	-6.5676	-0.5646	-5.6756	-4.2644	-0.3656	-0.6618	0.5920	-0.2790	-0.1631	-1.4748	0.5696	-0.6229	-9.6856	-1.4051	11.710673872272416	0	0	2	Upright	Normal
-0.9960	-9.5385	1.3791	36.0947	99.0146	90.8970	16.7639	19.1901	-8.2933	0.0608	0.1317	2.6208	-0.3741	-0.6506	0.6053	-0.2652	-0.7181	0.7580	-1.0358	-1.0567	-9.6702	-1.2417	-6.728050208022944	0	1	3	Jump	Normal
2.1069	-5.5545	3.2944	38.9020	100.7500	86.4740	16.3681	19.8270	-8.2078	2.6610	4.1325	4.7179	-0.3428	-0.6746	0.5988	-0.2624	-0.6563	-2.2524	-0.1452	-0.5541	-9.6871	-1.4235	-2.8960303709760646	0	1	3	PT	Normal
-1.1869	-12.0279	-1.4180	44.4916	100.5508	81.0096	14.7023	20.9442	-9.8582	-1.4504	-2.3088	-0.1369	-0.2784	-0.6984	0.6056	-0.2606	0.1043	1.3886	-1.0699	0.2635	-9.7191	-1.2810	5.376236928582137	0	1	3	Jump	Normal
-2.2595	-9.0399	1.0337	28.9920	87.2720	88.1210	13.8282	21.1163	-9.5303	-2.8068	0.7430	0.6255	-0.3344	-0.6061	0.6114	-0.3834	2.1411	2.8310	-0.0238	0.5472	-9.7829	0.4082	-2.7940542742191514	0	1	3	PT	Normal
0.9966	-9.5762	-0.6135	34.9821	77.7099	93.7497	14.0552	18.7058	-11.3819	0.4292	0.0636	-2.3237	-0.2767	-0.5799	0.6710	-0.3701	1.3496	-1.3097	-0.0781	0.5674	-9.6398	1.7102	0.27228267593710953	0	1	3	Upright	Normal
-2.4894	-11.7597	-0.0772	37.6774	75.5906	93.2357	12.3020	17.7378	-13.9434	-3.4424	-2.1925	-2.0086	-0.2463	-0.5838	0.6795	-0.3699	0.4761	0.0166	-0.3583	0.9530	-9.5672	1.9314	2.3731047539012273	0	0	3	Upright	Normal
-2.1829	-14.7094	-2.5289	36.8706	83.7307	90.3326	11.4891	17.9705	-14.4078	-2.7687	-4.9578	-3.3856	-0.2829	-0.6134	0.6498	-0.3484	-1.6215	1.1426	0.0848	0.5858	-9.7516	0.8567	3.063443300448597	0	0	3	Upright	Normal
3.6398	-14.0198	3.2172	28.1729	102.5956	81.4179	13.3843	20.6005	-9.8696	3.2100	-4.4056	5.1025	-0.3783	-0.6730	0.5395	-0.3358	-3.0340	-0.0005	0.1253	0.4298	-9.6142	-1.8853	-0.2464284368472569	0	0	3	Tilt	Normal
0.1155	-7.9673	1.2252	32.9476	108.2823	79.9806	14.2564	22.4454	-6.4462	0.1432	1.4935	3.8069	-0.3722	-0.7022	0.5371	-0.2827	0.0318	-0.2359	0.4737	-0.0277	-9.4608	-2.5817	-6.775782747688012	0	0	3	Tilt	Normal
2.1835	-7.8147	-0.2682	35.7952	107.9361	84.1384	15.1697	21.6273	-6.6717	2.9880	1.6471	2.1816	-0.3814	-0.6924	0.5595	-0.2490	-0.0523	0.1007	0.5791	-0.8045	-9.4617	-2.4497	0.05666286996257597	0	0	3	Tilt	Normal
-0.2676	-7.9290	-1.4180	34.9731	102.2645	86.3857	16.1955	21.3077	-7.7933	0.3201	1.7101	0.2891	-0.3708	-0.6705	0.5802	-0.2762	0.4100	0.7079	-0.1293	-0.5876	-9.6391	-1.7071	-0.05920306836843814	1	0	4	Tilt	Normal
-5.6306	-11.5299	-7.5471	42.6765	99.7806	91.5396	15.8693	20.5684	-9.2332	-4.2419	-1.8995	-6.3223	-0.3469	-0.6649	0.6241	-0.2192	1.0907	-1.8743	1.2140	-1.3886	-9.6304	-1.2248	6.827026030824525	1	0	4	Tilt	Normal
3.0652	-18.1570	-4.9039	43.0295	101.6946	89.2432	15.8541	19.7311	-11.7352	4.2947	-8.5368	-3.4508	-0.3419	-0.6761	0.6150	-0.2183	-1.2007	0.6706	-0.8803	-1.2296	-9.6202	-1.4531	4.169448757621096	1	0	4	Tilt	Normal
4.0229	-3.9834	3.2555	47.6048	103.0965	85.2496	15.4556	21.3775	-11.1663	4.8673	5.6714	4.7538	-0.3006	-0.6972	0.6179	-0.2046	0.1639	-1.7614	-0.5000	-0.8444	-9.6548	-1.4983	-12.525059142655408	1	0	4	Tilt	Normal
-2.7964	-13.1394	-1.8771	46.7106	96.9105	83.8023	12.9197	22.0710	-12.2929	-2.9935	-3.3680	-1.0680	-0.2632	-0.6870	0.6275	-0.2550	0.5176	0.2989	-0.4020	0.1971	-9.7713	-0.8091	7.033530201761111	1	0	4	Tilt	Normal
0.4603	-8.3121	-1.0349	50.4787	94.0283	86.6471	12.5019	21.5255	-13.1809	0.4187	1.4847	-0.5965	-0.2425	-0.6808	0.6501	-0.2346	0.2513	-0.5917	-0.1964	0.0416	-9.7968	-0.4384	-5.175271585503227	1	0	4	Tilt	Normal
-0.9571	-8.3504	-1.4180	52.7972	96.0670	82.8504	12.0715	22.6928	-14.0657	-1.3515	1.4283	-0.7911	-0.2177	-0.6961	0.6442	-0.2304	-0.4199	-0.2785	-0.3597	0.3944	-9.7787	-0.6268	0.13492987408235635	0	0	4	Upright	Normal
-1.7232	-8.3887	-2.1458	54.4401	100.9998	76.6456	10.1759	23.3519	-13.5134	-2.4656	1.3292	-1.0575	-0.1972	-0.7187	0.6276	-0.2249	-0.6638	-0.5161	-0.4800	0.7424	-9.7179	-1.0883	0.3047531501835259	0	0	4	Upright	Normal
1.4557	-6.0908	1.7238	55.8408	107.9578	66.1305	8.4308	24.3549	-13.0546	-0.0313	3.4526	3.4216	-0.1591	-0.7492	0.6009	-0.2288	-0.1791	-0.9400	-1.0404	1.4869	-9.5434	-1.6978	-2.333339630901719	0	0	4	Upright	Normal
1.9537	-9.8067	-4.1755	66.4781	119.0235	49.6379	3.6846	24.8453	-12.9180	-0.2755	-0.4474	-2.2766	-0.0501	-0.7709	0.6068	-0.1869	-0.7533	-0.9294	-1.4441	2.2292	-9.3592	-1.8989	4.340934993456727	0	0	4	Upright	Normal
4.6358	-11.5682	-3.6781	66.5715	122.5540	35.1963	-3.1658	23.3602	-14.0611	0.6719	-2.8472	-1.5799	0.0298	-0.7785	0.5802	-0.2374	-0.3187	0.3479	-1.6763	3.9639	-8.7210	-2.0982	2.1577396463191114	0	1	5	PT	Normal
12.5648	-14.1737	-3.7924	68.8809	129.0811	18.9008	-7.3349	22.9156	-13.2747	7.2309	-6.2516	-1.5649	0.1175	-0.7744	0.5619	-0.2659	0.3919	-0.1443	-2.4550	5.3338	-7.9221	-2.2275	6.323164450373438	0	1	5	Jump	Normal
7.2784	-8.4276	-3.8690	73.0755	93.1694	35.1664	-12.1254	18.7479	-13.6842	-0.4272	-2.3638	-3.7112	0.2137	-0.6800	0.5791	-0.3958	1.8832	3.0025	-3.6970	7.7056	-6.0638	-0.1579	-7.528599306956165	0	1	5	Jump	Normal
3.9456	-5.7078	0.4214	66.2980	16.9184	84.4605	-12.6042	9.2772	-20.2084	-4.8804	-3.6962	-3.3498	0.3177	-0.4547	0.6162	-0.5591	3.6026	0.8358	-2.6978	8.8261	-2.0116	3.7712	-4.836929491559545	0	1	5	Jump	Normal
1.3791	0.3448	-3.6392	65.4618	-9.6178	97.5236	-12.7806	-0.3475	-21.6336	-7.5552	-0.1278	-7.6546	0.4082	-0.3587	0.6005	-0.5867	0.7040	0.7665	-1.9297	8.9343	0.4726	4.0154	-3.0445782274516517	0	1	5	PT	Normal
10.1137	11.4928	3.7918	37.3193	-5.2232	81.5112	-7.9748	-3.8465	-23.0558	4.3896	9.7359	-3.9745	0.2703	-0.1760	0.6068	-0.7264	-5.5246	16.9862	-3.0951	5.7241	1.7569	7.7663	11.864791192447147	0	1	5	Jump	Normal
6.8953	4.2904	2.4134	43.5235	7.6003	73.1824	-0.0584	0.7749	-23.7483	0.1124	3.5953	-4.6349	0.2603	-0.2699	0.5721	-0.7294	-2.8369	-0.7973	0.9593	6.7829	0.6951	7.0482	-7.29964024166137	0	1	5	Jump	Normal
5.9376	3.6392	6.8953	42.4077	14.9565	71.2227	-0.2325	7.2287	-24.5927	-0.9266	3.9789	-0.1001	0.2209	-0.3075	0.5765	-0.7241	1.0225	-2.1118	0.8974	6.8642	-0.3397	6.9954	1.3280636022795207	0	1	5	PT	Normal
3.5243	-2.0686	2.8730	42.4664	13.3824	76.2608	-2.2109	5.5808	-24.8221	-3.2717	-1.3934	-4.1646	0.2159	-0.3075	0.6048	-0.7021	-0.3133	3.8100	0.5970	6.7959	-0.6752	7.0376	-4.8048153360509485	0	1	5	Jump	Normal
6.2058	-2.0686	16.0124	29.5718	10.4262	76.8821	3.7621	5.9840	-24.4488	1.1675	-1.4204	7.6242	0.1444	-0.2268	0.6168	-0.7397	0.5421	-0.5747	-0.4352	5.0383	-0.6482	8.3882	12.301661458070319	0	1	5	Jump	Normal
4.1372	-0.1149	11.8752	30.5039	8.3485	76.7973	6.5112	4.9735	-24.0764	-0.9830	0.1466	3.5156	0.1620	-0.2180	0.6127	-0.7422	0.1703	-1.4492	0.1933	5.1202	-0.2616	8.3597	-4.721281262720611	0	2	6	Jump	Normal
4.2527	-0.2292	5.8987	33.1655	10.4488	76.5903	3.8686	4.9855	-24.9266	-1.2917	0.2773	-2.1742	0.1690	-0.2446	0.6119	-0.7330	-0.0225	1.0094	0.0857	5.5444	-0.5065	8.0729	-5.300287586880601	0	2	6	Jump	Normal
3.9079	-0.8039	10.1891	26.0089	8.5479	76.7204	6.9251	4.9208	-23.9416	-0.5656	-0.3620	1.4736	0.1309	-0.1962	0.6162	-0.7515	-0.0736	0.1742	-0.1836	4.4736	-0.4419	8.7155	3.6668980099948056	0	2	6	Jump	Normal
4.7507	0.0772	8.8101	28.2925	8.4032	74.8427	7.1972	4.9526	-23.9276	-0.0622	0.2583	0.2677	0.1504	-0.2045	0.6019	-0.7571	0.2076	-0.3925	-0.2550	4.8129	-0.1811	8.5424	-0.932737414466791	0	2	6	PT	Normal
4.8273	-0.0377	8.9250	28.8177	8.5783	74.2884	6.3991	4.7377	-23.4632	-0.0682	0.1047	0.4290	0.1541	-0.2076	0.5980	-0.7586	-0.1407	0.0017	0.1221	4.8955	-0.1425	8.4960	0.13727097428954949	0	2	6	Tilt	Normal
4.1755	-0.1149	8.3127	28.2592	9.6488	74.1202	6.4547	5.3108	-24.2901	-0.6770	0.2137	-0.2029	0.1450	-0.2117	0.5987	-0.7587	-0.0662	-0.0314	0.0529	4.8524	-0.3286	8.5156	-0.8437437658757698	0	0	6	Tilt	Normal
4.5975	-0.3059	8.1971	28.1663	9.3069	73.9302	6.6105	4.9617	-23.9394	-0.2312	-0.0462	-0.3343	0.1465	-0.2087	0.5971	-0.7605	0.1139	0.0326	-0.0611	4.8287	-0.2596	8.5314	0.10018086219200484	0	0	6	Tilt	Normal
4.6741	-0.2292	8.2738	28.0568	8.9517	73.8455	5.6562	4.6134	-23.8973	-0.1269	-0.0311	-0.2749	0.1477	-0.2057	0.5962	-0.7619	0.0382	0.0517	-0.0356	4.8010	-0.1981	8.5486	0.10219971623275725	0	0	6	Tilt	Normal
4.5209	-0.1526	8.3121	27.8209	9.0648	73.8371	6.2948	4.6499	-23.9847	-0.2502	0.0733	-0.2526	0.1455	-0.2053	0.5964	-0.7622	-0.0417	0.0123	0.0240	4.7710	-0.2260	8.5647	-0.042315446078919905	0	0	6	Tilt	Normal
4.4442	-0.1909	8.3121	27.7371	9.1271	73.8029	6.2389	5.0408	-23.9773	-0.3171	0.0459	-0.2577	0.1447	-0.2052	0.5963	-0.7624	0.0169	-0.0122	0.0070	4.7613	-0.2369	8.5697	-0.03570340299024721	1	0	7	Tilt	Normal
4.4825	-0.1143	8.3887	27.6987	8.9284	73.7470	6.6029	5.1593	-23.8114	-0.2665	0.0866	-0.1888	0.1456	-0.2037	0.5957	-0.7632	0.0158	-0.0015	-0.0122	4.7490	-0.2010	8.5775	0.08436269786671247	1	0	7	Tilt	Normal
4.5209	-0.2676	8.5036	27.6648	8.9333	73.7068	6.5059	4.8135	-23.5841	-0.2237	-0.0676	-0.0765	0.1454	-0.2035	0.5955	-0.7634	-0.0023	0.0017	0.0006	4.7446	-0.1999	8.5801	0.12248898133957375	1	0	7	Tilt	Normal
4.5209	-0.2676	8.4270	27.6369	8.9513	73.6778	5.9781	5.1772	-24.1368	-0.2204	-0.0660	-0.1549	0.1451	-0.2034	0.5954	-0.7636	-0.0086	-0.0122	0.0093	4.7413	-0.2016	8.5819	-0.06754179098720492	1	0	7	Tilt	Normal
4.4825	-0.1526	8.3121	27.6014	8.9976	73.5737	5.7933	5.6665	-23.9730	-0.2556	0.0495	-0.2714	0.1448	-0.2034	0.5947	-0.7641	0.0084	-0.0037	-0.0056	4.7381	-0.2022	8.5835	-0.12189104174586696	1	0	7	Tilt	Normal
4.4825	-0.0760	8.3504	27.5709	9.0102	73.5141	6.0296	4.8410	-24.4529	-0.2520	0.1246	-0.2352	0.1447	-0.2033	0.5944	-0.7645	0.0105	-0.0069	-0.0088	4.7345	-0.2007	8.5856	0.032799526705735715	1	0	7	Tilt	Normal
4.4436	-0.2298	8.3893	27.5472	9.0301	73.4615	5.7545	5.2235	-24.0423	-0.2884	-0.0292	-0.1977	0.1445	-0.2032	0.5941	-0.7648	0.0031	-0.0133	0.0008	4.7320	-0.2007	8.5870	0.01849838031875528	1	0	7	Tilt	Normal
4.4825	-0.1909	8.4270	27.5216	9.0333	73.4234	5.9154	4.7149	-23.6922	-0.2460	0.0081	-0.1619	0.1444	-0.2031	0.5938	-0.7650	-0.0065	-0.0026	0.0072	4.7285	-0.1990	8.5889	0.05066535343519085	1	0	7	Tilt	Normal
4.4436	-0.1532	8.3893	27.4941	9.0510	73.3681	6.0511	5.3997	-24.5198	-0.2818	0.0453	-0.2014	0.1442	-0.2030	0.5935	-0.7653	0.0042	-0.0079	-0.0002	4.7254	-0.1986	8.5907	-0.05221018370217223	1	0	7	Tilt	Normal
4.4819	-0.1532	8.4276	27.4718	9.0527	73.3550	6.7776	4.5693	-24.1700	-0.2403	0.0455	-0.1648	0.1441	-0.2029	0.5934	-0.7654	0.0020	-0.0069	-0.0002	4.7223	-0.1987	8.5923	0.05177864475095184	1	0	7	Tilt	Normal
4.5203	-0.1149	8.3510	27.4510	9.0625	73.3258	6.5936	5.2924	-23.9790	-0.1996	0.0839	-0.2427	0.1439	-0.2028	0.5933	-0.7656	-0.0012	-0.0047	0.0009	4.7199	-0.1989	8.5937	-0.04987785878937778	2	0	8	Tilt	Fall
4.5209	-0.2292	8.3504	27.4239	9.0822	73.2630	6.3975	5.3980	-24.4292	-0.1960	-0.0311	-0.2450	0.1437	-0.2027	0.5929	-0.7660	0.0031	-0.0058	-0.0013	4.7169	-0.1981	8.5953	0.0018286656681745228	2	0	8	Tilt	Normal
4.5209	-0.1526	8.3121	27.3971	9.1061	73.1922	6.6905	5.7337	-24.1478	-0.1932	0.0447	-0.2848	0.1435	-0.2027	0.5925	-0.7663	-0.0012	-0.0047	0.0019	4.7140	-0.1974	8.5968	-0.03519797187022533	2	0	8	Tilt	Normal
4.5203	-0.0766	8.3893	27.3717	9.1223	73.1454	6.4118	5.0733	-24.2624	-0.1909	0.1208	-0.2092	0.1434	-0.2026	0.5922	-0.7666	0.0052	-0.0090	-0.0012	4.7112	-0.1974	8.5985	0.06668215283605683	2	0	8	Tilt	Normal
4.5586	-0.1149	8.3127	27.3600	9.1277	73.1149	6.5819	5.0468	-24.2667	-0.1513	0.0813	-0.2866	0.1433	-0.2025	0.5920	-0.7668	-0.0001	-0.0026	0.0010	4.7098	-0.1962	8.5992	-0.0486196049881773	2	0	8	Tilt	Normal
4.4442	-0.2292	8.3887	27.3421	9.1305	73.0946	6.0741	5.1400	-24.1518	-0.2632	-0.0334	-0.2119	0.1432	-0.2024	0.5919	-0.7669	-0.0012	-0.0026	0.0020	4.7074	-0.1959	8.6006	0.014686251224457436	2	0	8	Tilt	Normal
4.4436	-0.3065	8.4276	27.3099	9.1357	73.0809	7.2347	5.2264	-24.1889	-0.2595	-0.1095	-0.1754	0.1430	-0.2023	0.5918	-0.7670	0.0084	-0.0090	-0.0022	4.7031	-0.1969	8.6030	0.036274420119337236	2	0	8	Tilt	Normal
4.4819	-0.1915	8.4276	27.2849	9.1562	73.0202	6.1048	5.4345	-23.4779	-0.2185	0.0049	-0.1769	0.1428	-0.2022	0.5915	-0.7674	0.0052	-0.0069	-0.0022	4.7004	-0.1965	8.6045	0.014915379963989395	2	0	8	Tilt	Normal
4.4819	-0.2298	8.4276	27.2644	9.1648	72.9783	5.9564	5.0142	-23.5901	-0.2161	-0.0344	-0.1782	0.1427	-0.2021	0.5912	-0.7676	0.0042	-0.0069	0.0000	4.6980	-0.1954	8.6058	8.450185348234385E-4	2	0	8	Tilt	Normal
4.4436	-0.2298	8.3510	27.2507	9.1882	72.9306	6.3503	5.0926	-23.8616	-0.2533	-0.0340	-0.2553	0.1426	-0.2022	0.5909	-0.7679	-0.0001	-0.0026	0.0000	4.6970	-0.1959	8.6063	-0.08558918893970002	2	0	8	Tilt	Normal
4.4819	-0.1532	8.4659	27.2371	9.1823	72.9356	6.7327	4.5833	-23.5641	-0.2129	0.0426	-0.1416	0.1425	-0.2021	0.5910	-0.7679	0.0095	-0.0079	-0.0042	4.6949	-0.1959	8.6075	0.11788118267585368	3	0	9	Tilt	Normal
4.4825	-0.1526	8.3887	27.2258	9.1614	72.9498	5.9185	4.7694	-23.7877	-0.2098	0.0414	-0.2201	0.1425	-0.2019	0.5910	-0.7679	0.0021	-0.0058	0.0000	4.6923	-0.1941	8.6088	-0.06787899022623378	3	0	9	Tilt	Normal
4.4819	-0.1149	8.3510	27.2131	9.1512	72.9444	6.5436	5.4403	-24.3435	-0.2083	0.0777	-0.2590	0.1425	-0.2017	0.5910	-0.7679	0.0021	-0.0047	0.0011	4.6902	-0.1926	8.6100	-0.03404506904695381	3	0	9	Tilt	Normal
4.5586	-0.1915	8.3893	27.2087	9.1554	72.9437	6.8534	4.8801	-23.9920	-0.1311	0.0018	-0.2210	0.1424	-0.2018	0.5910	-0.7679	0.0053	-0.0069	-0.0021	4.6896	-0.1933	8.6103	0.07136987371531767	3	0	9	Tilt	Normal
4.4825	-0.1909	8.3504	27.2026	9.1424	72.9591	5.7594	4.4461	-23.5675	-0.2058	0.0018	-0.2607	0.1424	-0.2017	0.5911	-0.7679	0.0031	-0.0069	-0.0010	4.6883	-0.1927	8.6110	-0.0703887621525272	3	0	9	Tilt	Normal
4.4436	-0.1532	8.3893	27.1910	9.1146	72.9918	6.2875	4.9491	-24.1507	-0.2418	0.0382	-0.2234	0.1424	-0.2015	0.5913	-0.7678	-0.0008	0.0003	-0.0001	4.6855	-0.1914	8.6127	0.015335856524233193	3	0	9	Tilt	Normal
4.4825	-0.1143	8.4270	27.1783	9.1039	72.9970	6.1152	5.1762	-24.2931	-0.2007	0.0763	-0.1869	0.1424	-0.2013	0.5913	-0.7678	-0.0008	-0.0007	0.0010	4.6832	-0.1906	8.6139	0.0509857138128762	3	0	9	Tilt	Normal
4.5203	-0.2298	8.4276	27.1627	9.1262	72.9601	6.1294	5.0624	-23.7422	-0.1618	-0.0379	-0.1870	0.1422	-0.2014	0.5911	-0.7680	0.0002	-0.0007	-0.0001	4.6820	-0.1920	8.6146	0.020414530831777356	3	0	9	Tilt	Normal
4.5209	-0.1526	8.3887	27.1565	9.1296	72.9401	6.5322	4.9218	-24.0507	-0.1604	0.0385	-0.2263	0.1422	-0.2013	0.5910	-0.7681	0.0013	-0.0007	-0.0012	4.6813	-0.1911	8.6149	-0.035517049806319534	3	0	9	Tilt	Normal
4.5203	-0.1532	8.4276	27.1449	9.1277	72.9148	6.2256	4.9734	-23.2354	-0.1594	0.0361	-0.1882	0.1422	-0.2012	0.5908	-0.7682	-0.0019	-0.0007	0.0020	4.6796	-0.1893	8.6158	0.03398350230572156	4	0	10	Tilt	Normal
4.5592	-0.1909	8.4270	27.1398	9.1353	72.8930	6.0281	5.0068	-23.6135	-0.1202	-0.0019	-0.1891	0.1422	-0.2012	0.5907	-0.7684	-0.0030	0.0003	0.0020	4.6793	-0.1890	8.6161	0.018595083028264625	4	0	10	Tilt	Normal
4.5209	-0.1909	8.3504	27.1378	9.1266	72.9019	6.2664	4.6395	-24.4094	-0.1577	-0.0025	-0.2661	0.1422	-0.2012	0.5907	-0.7683	0.0011	-0.0013	-0.0007	4.6786	-0.1884	8.6164	-0.08557933926394945	4	0	10	Tilt	Normal
4.5209	-0.1526	8.3504	27.1275	9.1198	72.9046	6.3566	4.6081	-24.2096	-0.1559	0.0353	-0.2671	0.1421	-0.2011	0.5908	-0.7684	-0.0032	-0.0013	0.0003	4.6768	-0.1879	8.6175	-6.926247400276253E-4	4	0	10	Tilt	Normal
4.5209	-0.1909	8.3887	27.1194	9.1132	72.9059	5.9808	4.6391	-23.8319	-0.1546	-0.0036	-0.2295	0.1421	-0.2010	0.5908	-0.7684	-0.0043	-0.0003	0.0014	4.6754	-0.1873	8.6182	0.03438355495924128	4	0	10	Tilt	Normal
4.4819	-0.1915	8.3893	27.1105	9.1086	72.9075	6.7239	4.9556	-24.0829	-0.1920	-0.0045	-0.2297	0.1421	-0.2009	0.5908	-0.7684	-0.0032	0.0008	0.0003	4.6739	-0.1870	8.6190	-0.017894532420839937	4	0	10	Tilt	Normal
4.4825	-0.2292	8.3121	27.1031	9.1134	72.9088	6.5272	4.9999	-24.0097	-0.1905	-0.0409	-0.3074	0.1420	-0.2009	0.5908	-0.7684	-0.0032	0.0008	0.0014	4.6730	-0.1884	8.6194	-0.06688381409907684	4	0	10	Tilt	Normal
4.5592	-0.1526	8.3887	27.0905	9.1109	72.9114	5.9459	4.7352	-24.0857	-0.1119	0.0361	-0.2318	0.1419	-0.2008	0.5908	-0.7684	0.0032	-0.0003	-0.0018	4.6711	-0.1887	8.6205	0.10231558321357781	4	0	10	Tilt	Normal
4.5592	-0.1143	8.3887	27.0919	9.1086	72.9110	5.9497	4.4909	-23.9706	-0.1121	0.0738	-0.2318	0.1419	-0.2008	0.5908	-0.7684	-0.0004	0.0008	-0.0003	4.6712	-0.1881	8.6205	-5.352789100445676E-4	4	0	10	Tilt	Normal
4.5209	-0.1909	8.3887	27.0851	9.0991	72.9120	6.3486	5.2589	-24.2184	-0.1490	-0.0039	-0.2325	0.1419	-0.2007	0.5908	-0.7684	-0.0046	0.0019	0.0018	4.6699	-0.1870	8.6212	-0.01700195778361646	4	0	10	Tilt	Normal
4.5203	-0.1532	8.3127	27.0851	9.1006	72.9121	6.3955	4.4736	-23.6703	-0.1498	0.0340	-0.3086	0.1419	-0.2007	0.5908	-0.7684	0.0007	-0.0002	-0.0003	4.6700	-0.1872	8.6212	-0.06779184351820788	5	0	11	Tilt	Normal
Total time: 11 seconds.
