0.2304	-9.9210	1.8765	-45.2100	-73.1684	-77.6579	-10.9258	25.7173	6.0336	0.2682	-0.3205	-0.1239	-0.5854	0.2351	-0.2863	-0.7211	0.0443	-0.0410	-0.0011	-0.0377	-9.6004	2.0004	0.5093539264549225	4	0	1	Tilt	Normal
-0.1143	-9.3464	2.0297	-45.3627	-72.2463	-76.7892	-10.7258	25.8233	5.3700	-0.0513	0.2324	-0.0712	-0.5819	0.2329	-0.2847	-0.7253	0.1466	-0.0975	0.1065	-0.0630	-9.5788	2.1009	-0.5345999942399313	4	0	1	Tilt	Normal
0.8051	-10.6488	2.2212	-47.4888	-73.1684	-76.6811	-9.9760	25.6626	6.5817	0.9306	-1.0325	0.3026	-0.5920	0.2273	-0.2677	-0.7254	-0.1229	-0.1827	0.0202	-0.1255	-9.6163	1.9187	1.3428098096750354	4	0	1	Tilt	Normal
0.5369	-9.7677	1.4551	-47.9160	-72.2989	-76.6350	-9.4731	25.5896	6.2986	0.5435	-0.1668	-0.5432	-0.5915	0.2196	-0.2696	-0.7275	0.2041	0.1071	-0.0426	-0.0066	-9.6009	1.9983	-1.017669829686536	4	0	1	Tilt	Normal
0.2687	-9.3464	1.9531	-47.2099	-73.5815	-77.1248	-9.6212	25.7956	7.1535	0.3819	0.2773	0.0702	-0.5928	0.2292	-0.2699	-0.7233	-0.2252	-0.3265	0.1907	-0.1131	-9.6236	1.8829	-0.33800536504850065	0	0	1	Upright	Normal
0.3454	-9.5379	1.7232	-48.2434	-75.4630	-78.4572	-9.3208	25.4513	7.5810	0.4458	0.1303	0.0841	-0.6036	0.2282	-0.2628	-0.7173	-0.2391	0.3776	-0.0224	-0.1004	-9.6682	1.6391	0.14639895607922426	0	0	1	Upright	Normal
-1.1486	-9.8827	2.0680	-44.8755	-74.7658	-78.0910	-9.5220	24.9203	7.6543	-0.9750	-0.2490	0.2420	-0.5891	0.2448	-0.2827	-0.7164	0.3831	0.3468	-0.1417	-0.1736	-9.6337	1.8260	0.4634064601050607	0	0	1	Upright	Normal
-1.7998	-9.5762	2.3744	-42.6439	-75.8169	-78.0173	-10.0449	24.1014	6.9256	-1.4181	0.0624	0.6071	-0.5832	0.2642	-0.2890	-0.7117	-0.4202	0.3073	0.0309	-0.3817	-9.6386	1.7674	-0.13288249454704193	0	0	1	Upright	Normal
-0.8045	-9.6534	2.4900	-42.3293	-77.3006	-77.1451	-9.7958	23.4958	7.9202	-0.0913	-0.0034	0.8963	-0.5836	0.2795	-0.2778	-0.7100	-0.0431	-0.1901	0.2885	-0.7132	-9.6500	1.5936	-0.02721776294387368	0	0	1	Upright	Normal
0.6895	-9.6534	1.2258	-46.4628	-76.0882	-76.1972	-8.6369	23.5644	7.5994	1.3008	-0.0015	-0.3982	-0.5939	0.2540	-0.2552	-0.7195	-0.1752	-0.0506	-0.0630	-0.6113	-9.6519	1.6240	-0.2464596406109525	0	0	1	Upright	Normal
-0.3831	-9.9599	2.1069	-40.3975	-80.0190	-81.0568	-9.3215	22.9854	8.6221	0.0302	-0.2478	0.8125	-0.5931	0.2868	-0.2984	-0.6906	-0.3616	1.1063	-0.3400	-0.4133	-9.7121	1.2944	0.4321987230203881	0	0	2	Upright	Normal
-1.6083	-9.5379	2.9874	-35.9908	-81.7764	-82.7889	-11.3296	21.9050	9.0213	-1.2077	0.1947	1.8525	-0.5869	0.3126	-0.3237	-0.6731	-0.4372	0.9465	-0.1408	-0.4006	-9.7326	1.1349	-0.06413680730639904	0	0	2	Upright	Normal
-0.0766	-9.8450	2.6815	-35.0886	-85.3540	-84.7507	-12.5189	20.8389	9.9428	0.3630	-0.0697	2.0316	-0.5993	0.3281	-0.3215	-0.6556	-0.8782	0.2509	0.1266	-0.4396	-9.7752	0.6499	0.08056235153426883	0	0	2	Upright	Normal
0.8434	-8.8101	3.0257	-36.7061	-81.7233	-81.7939	-12.6293	20.4419	10.3587	1.3934	0.9156	1.8940	-0.5865	0.3135	-0.3142	-0.6775	1.4867	-1.4120	0.2257	-0.5501	-9.7257	1.1317	-0.8506471586341817	0	0	2	Upright	Normal
0.3071	-13.0239	0.6889	-39.1212	-65.2603	-73.0690	-11.7619	21.1579	7.3787	0.4236	-3.7492	-2.4949	-0.5290	0.2404	-0.3274	-0.7451	2.2771	1.5292	-0.5550	-0.1166	-9.2747	3.1838	3.692431811901489	0	0	2	Upright	Normal
-1.2641	-9.9216	-3.0263	-21.7406	-53.7652	-68.4234	-13.2669	20.0350	-0.9515	-0.3519	-1.7760	-8.4105	-0.3888	0.2726	-0.4220	-0.7723	0.3927	3.6129	-0.0735	-0.9122	-8.1455	5.3843	-2.5961004316292104	0	0	2	Upright	Normal
-2.2984	-7.5465	2.4900	-30.7235	-55.8548	-67.9291	-12.9461	19.1570	-3.4989	-1.8548	1.0316	-2.2417	-0.4464	0.2438	-0.3731	-0.7759	-1.8114	-2.2972	0.8949	-0.4437	-8.5781	4.7317	-2.1772334232791373	0	0	2	Upright	Normal
3.4860	-8.0445	6.1675	-42.2138	-63.5791	-70.6158	-12.6188	19.7305	3.7093	3.6351	1.2131	2.9357	-0.5338	0.2241	-0.3035	-0.7567	-0.4830	0.7548	-0.0735	-0.1492	-9.2576	3.2317	2.4469512102945323	0	0	2	Upright	Normal
-1.6083	-17.0844	2.1063	-41.4594	-59.6265	-70.7915	-13.1630	19.0696	4.9395	-1.9249	-8.0146	-1.6097	-0.5197	0.2012	-0.3266	-0.7634	1.1969	2.3271	-0.9515	0.3166	-9.0698	3.7160	6.5693810773386065	0	0	2	Upright	Normal
-2.1069	-11.6071	1.8387	-29.9648	-53.9994	-69.9271	-14.5639	18.1909	-0.2615	-2.0880	-3.1671	-3.1550	-0.4401	0.2274	-0.3971	-0.7726	1.7061	0.6546	-0.4870	-0.0189	-8.4400	4.9937	-5.3495160164846585	0	0	2	Upright	Normal
-2.9491	-8.3887	1.6083	-24.9304	-63.7411	-73.3174	-14.5851	18.1807	-2.4760	-2.1762	0.5608	-2.3260	-0.4549	0.3041	-0.4037	-0.7332	-1.8370	0.8666	-0.2815	-0.7729	-8.9495	3.9343	-2.902938740903913	0	1	3	PT	Normal
0.4214	-8.6574	3.2178	-35.2278	-68.3037	-75.2851	-14.2926	18.0455	1.7226	0.7133	0.6868	0.2565	-0.5251	0.2707	-0.3472	-0.7283	-0.7312	-0.4682	0.1138	-0.2919	-9.3443	2.9613	0.20940298490900844	0	1	3	Upright	Normal
0.3831	-9.1937	3.5626	-33.9846	-71.3481	-79.3545	-15.1273	17.4297	2.7103	0.3766	0.2619	0.9620	-0.5388	0.2777	-0.3648	-0.7067	-0.2966	-0.7270	-0.2452	0.0064	-9.4556	2.6006	0.6216003613073244	0	0	3	Upright	Normal
-1.7621	-9.8450	2.6815	-38.0997	-73.8738	-79.4729	-14.7316	18.1547	4.4449	-1.6933	-0.2756	0.5381	-0.5637	0.2700	-0.3321	-0.7064	-0.6034	-0.0793	0.0383	-0.0688	-9.5693	2.1434	0.4874142726718329	0	0	3	Upright	Normal
-0.2298	-8.2361	5.6695	-31.7031	-77.9757	-85.0605	-15.6377	17.3368	5.8264	-0.4736	1.4123	3.9314	-0.5656	0.3025	-0.3788	-0.6672	-0.7770	2.1098	-0.7947	0.2438	-9.6483	1.7380	-0.3532143572377997	0	0	3	Upright	Normal
-0.4980	-12.1434	4.6352	-31.3590	-61.0977	-73.3122	-16.6737	17.1362	2.7967	-0.3953	-3.2114	0.5879	-0.4789	0.2536	-0.3848	-0.7472	4.0870	-4.1433	0.6913	-0.1027	-8.9320	4.0472	3.0060384468328376	0	0	3	Upright	Normal
-0.0383	-9.0788	-1.5323	-15.6581	-49.6929	-68.7817	-15.4906	16.1731	-4.3249	1.0722	-1.4875	-7.6405	-0.3371	0.2737	-0.4605	-0.7742	1.7988	3.2709	-0.0821	-1.1105	-7.5913	6.1082	-3.8002265128239703	0	0	3	Upright	Normal
-2.3750	-7.8530	2.5666	-31.9947	-52.0490	-67.3507	-15.4318	15.9928	-5.5438	-2.3462	0.5142	-2.5482	-0.4400	0.2137	-0.3783	-0.7859	-2.4559	-2.9140	0.8117	-0.0289	-8.3671	5.1148	-0.6109054434731629	0	0	3	Upright	Normal
1.6855	-9.1554	1.9920	-41.5570	-64.0078	-71.3313	-15.2700	17.1586	1.2780	1.8061	0.1082	-1.2239	-0.5333	0.2272	-0.3095	-0.7538	-1.6324	0.8091	0.6179	-0.1206	-9.2636	3.2159	0.9236206957936339	0	0	3	Upright	Normal
2.4134	-5.9376	9.1554	-47.8609	-57.0311	-67.1583	-14.3592	17.9676	4.3671	1.9603	3.1808	5.5750	-0.5383	0.1664	-0.2829	-0.7762	0.0965	-1.9297	0.5731	0.4531	-9.1185	3.5804	1.6559130626636804	0	1	4	PT	Normal
-1.3791	-7.6998	0.0000	-33.1649	-50.0567	-65.6688	-14.6522	17.5553	1.7897	-1.4198	0.5703	-5.2704	-0.4371	0.2005	-0.3694	-0.7951	2.5296	2.4784	-0.6125	0.0407	-8.2700	5.2704	1.6559130626636804	0	1	4	PT	Normal
-3.6386	-10.7254	-0.6518	-23.5390	-57.7920	-69.2317	-15.0166	16.9342	-2.8107	-2.6481	-2.2268	-5.4437	-0.4157	0.2879	-0.4058	-0.7614	-2.4729	3.1420	0.4741	-0.9905	-8.4987	4.7918	0.16862499455137225	0	1	4	Upright	Normal
-1.9148	-10.1508	2.9874	-33.4444	-65.5843	-73.1288	-14.8508	17.6062	-1.6999	-1.4611	-0.9571	-0.3950	-0.5033	0.2725	-0.3544	-0.7395	-2.1874	-3.2400	0.2962	-0.4537	-9.1937	3.3824	-0.591406667911583	0	0	4	Upright	Normal
1.8004	-8.4659	4.1755	-37.4664	-74.2192	-78.6293	-14.3319	17.6857	4.1690	2.0705	1.1058	2.0587	-0.5602	0.2798	-0.3286	-0.7071	-0.8963	0.2594	-0.4017	-0.2701	-9.5717	2.1168	-1.1433560588307916	0	0	4	Upright	Normal
0.7284	-9.2698	1.8381	-40.6223	-75.2979	-81.2465	-14.3828	17.2499	5.9153	0.5704	0.3519	-0.0509	-0.5816	0.2558	-0.3225	-0.7016	-0.1517	-0.3467	-0.3548	0.1580	-9.6217	1.8890	-0.13146088711021164	0	0	4	Upright	Normal
-3.2938	-9.1548	3.7535	-32.2943	-75.8903	-82.8788	-15.9391	16.7353	5.6110	-3.3821	0.4410	1.7328	-0.5553	0.2976	-0.3731	-0.6810	0.1828	0.7686	-0.2249	0.0883	-9.5958	2.0207	0.9499323080875204	0	0	4	Upright	Normal
0.2682	-8.2361	2.9113	-32.9935	-82.1794	-86.6597	-16.5823	15.5051	6.0961	0.1089	1.5054	1.7922	-0.5881	0.3115	-0.3601	-0.6537	-1.6495	0.2029	0.0905	0.1592	-9.7414	1.1191	-1.6886237212506714	0	0	4	Upright	Normal
0.6135	-11.6831	4.2898	-42.9897	-70.1254	-77.0150	-14.9808	15.9529	8.6042	0.4708	-2.1855	1.8513	-0.5675	0.2315	-0.3095	-0.7270	3.3615	-4.5812	0.5443	0.1428	-9.4976	2.4385	3.7212630143500434	0	0	4	Upright	Normal
-0.8805	-11.5299	-0.3837	-43.1928	-48.4076	-59.3391	-13.7864	17.2807	6.2951	-0.9731	-2.9486	-5.1297	-0.4804	0.1650	-0.2887	-0.8116	2.7362	0.5587	0.3131	0.0926	-8.5813	4.7461	-0.8910469094585096	0	0	4	Upright	Normal
-0.1526	-7.1629	2.4894	-40.8785	-41.9712	-49.5385	-12.1185	19.1784	1.2521	0.4729	0.9236	-3.0233	-0.4367	0.1681	-0.2530	-0.8468	-0.6705	-2.3004	0.9746	-0.6255	-8.0864	5.5126	-3.9851445702842785	0	1	5	Jump	Normal
2.3373	-10.1125	6.0136	-65.1840	-8.4381	-13.4072	-8.4454	20.4114	5.0238	1.6957	-1.2139	1.9426	-0.5408	-0.0011	-0.0587	-0.8391	-1.6143	-5.1607	1.3687	0.6416	-8.8986	4.0710	4.410683929456532	0	1	5	Jump	Normal
-0.2676	-7.9673	6.6266	-65.0801	9.8042	10.3556	-3.2659	19.9028	9.3716	-0.3347	0.9541	2.5552	-0.5402	-0.0234	0.0300	-0.8406	0.4097	-0.8144	0.9330	0.0672	-8.9214	4.0713	-1.6290203732773225	0	1	5	PT	Normal
0.0766	-7.4699	3.2561	-56.6501	34.6256	39.1655	1.6709	20.7807	8.4608	0.0138	1.2758	-1.1800	-0.5146	-0.0950	0.1486	-0.8391	0.1210	-2.5422	1.5594	0.0628	-8.7457	4.4362	-2.2172769728840027	0	1	5	PT	Normal
-2.0686	-8.3893	1.8387	-45.1420	58.1136	66.3417	7.5118	19.7281	7.5795	-2.0464	0.7114	-1.8150	-0.5262	-0.1918	0.2856	-0.7776	-0.9421	-3.3220	0.9799	-0.0221	-9.1007	3.6537	0.6849638067849515	0	1	5	PT	Normal
-0.4214	-10.4579	7.1251	-30.5164	70.8700	80.0968	12.8331	17.8990	6.9381	-0.4072	-1.0500	4.3567	-0.5240	-0.2902	0.3890	-0.6999	-0.4500	-3.3859	0.7862	-0.0142	-9.4079	2.7684	3.8274082958882545	0	1	5	Jump	Normal
-0.9960	-8.7724	5.3630	-16.2419	73.7129	85.8821	16.1036	16.9097	4.0421	-0.9046	0.6717	2.7227	-0.4873	-0.3577	0.4776	-0.6376	0.0518	-1.9084	0.5987	-0.0914	-9.4441	2.6404	-2.331455103370965	0	1	5	PT	Normal
-3.9450	-7.9290	3.1789	-9.0276	72.0551	89.5111	18.6728	16.6448	0.9957	-3.5505	1.4043	0.1950	-0.4580	-0.3716	0.5348	-0.6051	0.3681	-1.0764	0.3846	-0.3946	-9.3333	2.9839	-0.9205592793084278	0	1	5	PT	Normal
-1.0337	-9.0782	3.5237	4.0524	67.3513	92.6621	19.1667	16.2722	-3.1533	-0.8799	-0.0251	-0.2432	-0.3805	-0.4039	0.6151	-0.5601	1.0478	-2.9918	0.4581	-0.1538	-9.0531	3.7668	0.38335400869419267	0	1	5	Tilt	Normal
-2.5666	-6.9719	3.1029	6.0147	57.1330	96.0449	17.8938	14.1037	-8.2898	-2.2537	1.2781	-2.1896	-0.3242	-0.3536	0.6688	-0.5679	1.9703	0.5651	0.3643	-0.3129	-8.2500	5.2925	-1.7415274809340477	0	0	5	Tilt	Normal
-2.0680	-7.0096	3.4087	9.1999	46.7566	99.6009	18.3939	10.9175	-10.8074	-1.9356	0.2132	-3.2232	-0.2546	-0.3115	0.7194	-0.5662	2.5232	-1.4226	0.6359	-0.1324	-7.2229	6.6319	0.012878387189276808	0	0	6	Tilt	Normal
2.2990	-8.0056	4.7112	21.1426	29.7071	108.0019	15.2623	5.7754	-15.7132	0.8791	-2.4342	-3.2331	-0.0996	-0.2916	0.7964	-0.5204	2.1951	-3.3486	0.0990	1.4199	-5.5715	7.9443	1.5051044444478912	0	0	6	Tilt	Normal
-0.1909	-3.1789	3.0257	25.1899	19.4423	113.7320	8.7306	-0.3327	-20.4495	-2.4802	1.3934	-5.3422	-0.0205	-0.2701	0.8256	-0.4949	0.8113	0.5737	-0.2898	2.2893	-4.5723	8.3679	-5.176442508277558	0	0	6	Tilt	Normal
9.4236	12.0285	19.6133	13.6182	-5.6397	122.6367	9.0878	-8.5126	-17.9015	6.9689	12.4563	10.1285	0.0997	-0.0804	0.8673	-0.4811	2.3421	-2.9982	0.5688	2.4547	-0.4278	9.4848	20.470234716676632	0	0	6	Tilt	Normal
18.3498	11.5311	19.6127	13.5327	-34.4257	132.5305	0.3520	-19.8094	-15.5789	13.2073	8.7252	11.7482	0.3143	0.0153	0.8543	-0.4137	2.9642	-0.6684	-1.3924	5.1424	2.8059	7.8645	4.366048485183278	0	0	6	Tilt	Normal
7.5854	-10.1508	10.4956	16.6077	-30.7057	135.3135	1.2971	-20.2428	-15.2979	2.3306	-11.9589	2.4156	0.2953	-0.0292	0.8680	-0.3981	-3.5115	-0.2189	-0.9555	5.2548	1.8081	8.0800	-12.775069109013774	0	0	6	Tilt	Normal
-1.2641	-1.1875	1.9920	12.6598	-36.1684	125.9300	2.0129	-14.8827	-19.0766	-6.0651	-4.8556	-5.7323	0.3224	0.0469	0.8260	-0.4599	2.2377	1.9351	-1.4903	4.8010	3.6681	7.7243	-13.81277224261716	0	0	6	Tilt	Normal
-3.4477	3.2561	1.1492	-11.6272	-30.0180	125.0992	7.6562	-18.5091	-15.8246	-4.8683	-1.7418	-7.1678	0.1835	0.2056	0.8648	-0.4197	0.7218	3.3338	0.7393	1.4207	4.9979	8.3170	2.2382523511543075	0	0	6	Tilt	Normal
-0.4974	-8.7334	5.9753	5.2157	-26.0025	141.8029	8.3266	-20.0932	-14.2161	-4.3715	-10.7622	-2.8021	0.2269	0.0316	0.9164	-0.3281	-3.6426	0.5268	3.1788	3.8741	2.0288	8.7774	5.714081911097798	0	0	6	Tilt	Normal
6.7044	6.5128	6.0519	3.4610	-26.6972	145.2411	2.2534	-16.6375	-18.9294	2.7833	4.4356	-2.6932	0.2290	0.0409	0.9261	-0.2971	0.0464	1.1819	0.0916	3.9211	2.0773	8.7451	0.5415482988592064	0	1	7	PT	Normal
3.9846	3.2950	13.7134	4.5188	-22.3939	145.8939	2.9475	-16.5509	-18.8723	0.4907	1.7916	4.6745	0.1968	0.0199	0.9349	-0.2948	-1.6910	-0.4138	0.4826	3.4939	1.5034	9.0389	3.5206369851400137	0	1	7	Jump	Normal
2.1458	-0.5357	7.6992	9.6768	-19.9586	146.7192	2.2093	-14.1316	-20.4364	-1.5028	-1.0772	-1.3873	0.1892	-0.0301	0.9361	-0.2950	-0.1517	1.3588	0.0810	3.6486	0.5415	9.0864	-6.645200605367583	0	1	7	Jump	Normal
2.6821	0.0389	6.1669	5.8279	-17.7811	144.9387	4.4760	-13.4956	-19.7516	-0.3138	-0.9053	-3.1229	0.1623	-0.0014	0.9385	-0.3047	0.9008	0.0282	-0.0596	2.9959	0.9442	9.2898	-1.2855474023572588	0	1	7	PT	Normal
3.1801	0.0772	9.7677	7.7459	-20.5870	144.7175	3.3321	-15.0671	-18.7941	-0.3494	-0.9044	0.6711	0.1900	-0.0093	0.9318	-0.3090	0.1072	-0.5055	0.0363	3.5295	0.9816	9.0966	3.5476163811358523	0	1	7	Jump	Normal
4.9805	2.2224	11.1085	7.9392	-20.5225	144.6503	1.8837	-15.6241	-19.1471	1.4425	1.2680	2.0123	0.1900	-0.0109	0.9316	-0.3098	0.1423	0.4203	0.0576	3.5380	0.9544	9.0962	2.102472538291396	0	1	7	PT	Normal
2.3373	1.6095	7.2778	5.9734	-19.1464	143.7173	4.1674	-15.5721	-19.0500	-0.8258	0.4833	-1.9360	0.1738	0.0029	0.9331	-0.3148	0.1348	0.1081	-0.0449	3.1632	1.1262	9.2138	-4.563584826317354	0	1	7	Jump	Normal
3.2184	1.8010	9.0782	4.5993	-20.3072	142.9056	4.4935	-15.8570	-19.0210	0.0590	0.3367	-0.0892	0.1796	0.0186	0.9302	-0.3196	0.2190	-0.0591	-0.0832	3.1594	1.4644	9.1674	1.987226443082256	0	1	7	PT	Normal
3.2184	1.7244	9.4230	4.1782	-20.5933	142.6180	4.4444	-16.5883	-18.8630	0.0715	0.1618	0.2674	0.1807	0.0233	0.9293	-0.3213	-0.0367	0.0187	-0.0022	3.1469	1.5627	9.1556	0.30692526235794837	0	1	7	Tilt	Normal
2.8353	1.6861	8.8101	4.5530	-20.0424	142.6439	4.2673	-15.9782	-18.3500	-0.2798	0.2282	-0.3735	0.1772	0.0186	0.9299	-0.3217	-0.1091	-0.0005	0.0255	3.1152	1.4579	9.1836	-0.6982424831147114	0	0	7	Tilt	Normal
3.0652	1.5329	9.0399	4.4073	-20.2770	142.5350	3.6114	-15.6812	-18.5575	-0.0622	0.0268	-0.1317	0.1787	0.0206	0.9294	-0.3223	0.0784	-0.0367	-0.0243	3.1274	1.5061	9.1716	0.26030233792010016	0	0	8	Tilt	Normal
3.1035	1.6095	8.8867	4.3189	-20.6390	142.4589	3.9580	-15.7636	-18.4014	-0.0584	0.0513	-0.2644	0.1814	0.0225	0.9287	-0.3227	0.0017	-0.0357	0.0120	3.1618	1.5582	9.1511	-0.11809053497370492	0	0	8	Tilt	Normal
2.9503	1.7627	8.9633	4.3896	-20.7289	142.4529	4.2334	-16.1459	-18.5418	-0.2295	0.2041	-0.1815	0.1823	0.0222	0.9284	-0.3229	0.0049	0.0101	0.0024	3.1798	1.5586	9.1448	0.04994928881173877	0	0	8	Tilt	Normal
3.1035	1.6861	8.8101	4.0639	-20.7716	142.3093	4.9297	-16.4817	-18.3245	-0.0458	0.0741	-0.3361	0.1818	0.0252	0.9282	-0.3236	0.0284	0.0208	-0.0019	3.1493	1.6120	9.1461	-0.10788286403600722	0	0	8	Tilt	Normal
2.9886	1.7627	9.0016	3.9886	-20.8141	142.2124	4.5849	-15.6541	-18.3406	-0.1559	0.1315	-0.1428	0.1819	0.0261	0.9280	-0.3242	-0.0175	-0.0144	0.0024	3.1445	1.6312	9.1444	0.15545064191833546	0	0	8	Tilt	Normal
3.0652	1.5712	8.9633	4.0184	-20.9326	142.1822	4.0811	-15.6439	-18.5667	-0.0961	-0.0699	-0.1736	0.1829	0.0262	0.9277	-0.3245	0.0007	-0.0165	-0.0029	3.1612	1.6411	9.1369	-0.04482118054965767	0	0	8	Tilt	Normal
3.0652	1.5712	8.9250	4.0259	-20.9237	142.1687	3.4420	-15.7761	-18.5449	-0.0953	-0.0688	-0.2123	0.1829	0.0262	0.9276	-0.3246	0.0134	0.0027	0.0003	3.1605	1.6400	9.1373	-0.03574085566141605	0	0	8	Tilt	Normal
3.1035	1.8010	8.9250	4.0145	-20.9341	142.1352	4.4393	-15.7064	-18.4212	-0.0561	0.1567	-0.2117	0.1829	0.0263	0.9275	-0.3249	-0.0004	-0.0069	0.0046	3.1596	1.6444	9.1367	0.052704939471928114	0	0	8	Tilt	Normal
3.0269	1.7627	8.9633	4.0027	-20.9378	142.1000	4.4798	-16.0585	-18.8895	-0.1311	0.1146	-0.1734	0.1829	0.0265	0.9274	-0.3251	-0.0015	-0.0058	0.0014	3.1580	1.6481	9.1367	0.00410735077894131	0	0	8	Tilt	Normal
3.1035	1.7627	8.8867	4.0097	-20.9487	142.0182	4.6235	-15.3739	-18.3709	-0.0542	0.1098	-0.2493	0.1830	0.0266	0.9272	-0.3258	0.0039	-0.0026	-0.0018	3.1577	1.6529	9.1360	-0.046756296167856704	1	0	9	Tilt	Normal
3.0269	1.6861	8.9633	4.0189	-20.9450	141.9520	4.7437	-15.5678	-17.8400	-0.1293	0.0311	-0.1728	0.1830	0.0266	0.9270	-0.3264	0.0028	-0.0016	0.0025	3.1562	1.6550	9.1361	0.03302069456251289	1	0	9	Tilt	Normal
3.0269	1.6861	8.9250	4.0317	-20.9382	141.8694	4.3935	-16.2241	-18.9982	-0.1273	0.0289	-0.2113	0.1829	0.0266	0.9267	-0.3270	0.0039	-0.0058	0.0025	3.1542	1.6572	9.1363	-0.03571346998632663	1	0	9	Tilt	Normal
3.1035	1.6861	8.9633	4.0325	-20.9358	141.8355	4.1768	-16.4795	-18.4200	-0.0495	0.0274	-0.1731	0.1829	0.0267	0.9267	-0.3273	0.0049	-0.0058	0.0004	3.1530	1.6587	9.1364	0.060115559937676366	1	0	9	Tilt	Normal
3.0646	1.7238	8.9639	4.0179	-20.9411	141.8293	3.7155	-15.9930	-18.4253	-0.0875	0.0624	-0.1724	0.1829	0.0268	0.9266	-0.3274	-0.0002	0.0045	-0.0010	3.1521	1.6614	9.1363	-0.005224108794548599	1	0	9	Tilt	Normal
3.0652	1.6861	9.0016	3.9972	-20.9609	141.8440	3.6524	-16.3325	-19.0797	-0.0877	0.0208	-0.1338	0.1830	0.0270	0.9267	-0.3272	-0.0098	0.0067	0.0022	3.1529	1.6653	9.1354	0.02864392260825177	1	0	9	Tilt	Normal
3.0269	1.6861	8.9250	3.9847	-20.9673	141.8378	4.4052	-15.7567	-18.5340	-0.1254	0.0183	-0.2101	0.1830	0.0271	0.9266	-0.3272	0.0062	0.0013	-0.0020	3.1523	1.6679	9.1351	-0.08353537375137954	1	0	9	Tilt	Normal
3.0269	1.7244	8.9250	3.9701	-20.9649	141.8211	3.9720	-16.3604	-18.7630	-0.1232	0.0540	-0.2104	0.1830	0.0273	0.9266	-0.3273	-0.0044	0.0067	0.0022	3.1500	1.6704	9.1354	0.006819319995809536	1	0	9	Tilt	Normal
3.1035	1.7244	8.9250	3.9265	-20.9926	141.7986	4.1871	-16.4585	-19.1072	-0.0450	0.0444	-0.2092	0.1831	0.0277	0.9265	-0.3275	0.0147	0.0013	-0.0042	3.1485	1.6800	9.1342	0.024475495649465273	1	0	9	Tilt	Normal
3.0652	1.7627	8.9250	3.9043	-21.0018	141.8144	3.7405	-16.0821	-18.7417	-0.0827	0.0799	-0.2089	0.1831	0.0279	0.9266	-0.3273	-0.0055	0.0003	0.0012	3.1479	1.6828	9.1339	-0.005347746535507625	1	0	9	Tilt	Normal
3.1035	1.6478	9.0016	3.8888	-21.0053	141.8172	4.2814	-16.0191	-18.7146	-0.0434	-0.0371	-0.1323	0.1831	0.0281	0.9266	-0.3273	0.0032	-0.0042	-0.0032	3.1469	1.6849	9.1339	0.0632077694840607	2	0	10	Tilt	Fall
3.1035	1.7244	8.8867	3.8845	-21.0155	141.8039	4.7070	-15.9116	-18.0295	-0.0438	0.0373	-0.2466	0.1831	0.0281	0.9266	-0.3274	-0.0054	-0.0042	0.0011	3.1473	1.6872	9.1333	-0.09343758602639873	2	0	10	Tilt	Normal
3.1035	1.7244	8.9633	3.8834	-21.0195	141.7666	4.4713	-15.7002	-18.2809	-0.0431	0.0346	-0.1697	0.1832	0.0282	0.9264	-0.3277	0.0021	0.0011	0.0011	3.1466	1.6899	9.1330	0.0711751055666241	2	0	10	Tilt	Normal
3.1029	1.7238	9.0022	3.8902	-21.0259	141.7299	3.7841	-15.4998	-18.3575	-0.0441	0.0322	-0.1303	0.1832	0.0282	0.9263	-0.3280	0.0032	-0.0042	0.0011	3.1470	1.6917	9.1325	0.03587780916074834	2	0	10	Tilt	Normal
3.0646	1.6855	8.9256	3.8882	-21.0283	141.7069	4.0264	-15.9086	-18.2975	-0.0819	-0.0079	-0.2068	0.1832	0.0283	0.9263	-0.3281	-0.0022	0.0011	0.0000	3.1464	1.6934	9.1324	-0.09033124621616295	2	0	10	Tilt	Normal
3.1035	1.7244	8.9633	3.8586	-21.0368	141.7486	3.5800	-16.5437	-17.8411	-0.0422	0.0287	-0.1689	0.1832	0.0285	0.9264	-0.3278	-0.0000	-0.0031	-0.0010	3.1457	1.6957	9.1322	0.05445343705541461	2	0	10	Tilt	Normal
3.1035	1.7627	9.0399	3.8299	-21.0423	141.7915	4.1600	-15.9754	-18.5102	-0.0413	0.0652	-0.0923	0.1832	0.0287	0.9265	-0.3274	-0.0042	-0.0042	0.0006	3.1448	1.6975	9.1322	0.07813094620164662	2	0	10	Tilt	Normal
3.1035	1.7627	8.8867	3.8238	-21.0562	141.8089	4.0133	-15.8372	-18.5163	-0.0429	0.0640	-0.2447	0.1833	0.0287	0.9266	-0.3272	0.0000	-0.0031	0.0017	3.1464	1.6987	9.1313	-0.14233052891188613	2	0	10	Tilt	Normal
3.0652	1.8010	9.0016	3.8072	-21.0623	141.8058	4.5624	-16.2590	-18.5463	-0.0804	0.0995	-0.1296	0.1833	0.0289	0.9265	-0.3272	-0.0010	-0.0010	0.0006	3.1455	1.7015	9.1312	0.1015642459635675	2	0	10	Tilt	Normal
3.1035	1.7627	9.0016	3.8017	-21.0730	141.7735	4.1251	-15.4346	-18.7341	-0.0419	0.0576	-0.1290	0.1834	0.0290	0.9264	-0.3275	-0.0021	0.0001	0.0006	3.1454	1.7051	9.1306	0.005152993935311656	2	0	10	Tilt	Normal
3.0269	1.7244	8.9633	3.7890	-21.0735	141.7645	4.1799	-16.3819	-18.6854	-0.1170	0.0172	-0.1674	0.1833	0.0291	0.9264	-0.3275	0.0022	-0.0010	0.0006	3.1439	1.7072	9.1307	-0.06690255078283869	3	0	11	Tilt	Normal
Total time: 11 seconds.
