3.1801	9.5391	-0.0772	-75.8057	-82.8404	-25.1022	-11.4973	-22.1158	-6.1545	0.7947	0.0317	-0.3768	0.5631	-0.4094	-0.2682	0.6658	-0.1295	-0.0557	-0.1626	2.3854	9.5074	0.2996	0.5779892388375796	6	0	1	Tilt	Normal
1.8010	9.0022	0.0377	-76.2211	-79.4931	-21.0645	-12.1740	-22.2884	-6.3435	-0.4953	-0.5222	-0.3882	0.5585	-0.4079	-0.2774	0.6669	-0.3500	0.0359	-0.1552	2.2963	9.5244	0.4259	-0.8748507576358069	6	0	1	Tilt	Normal
0.8817	11.4928	0.4591	-76.7443	-65.1646	-6.6586	-12.1361	-22.5857	-6.0173	-1.1588	1.9474	-0.4851	0.5467	-0.3911	-0.2954	0.6789	-0.7101	0.0625	-0.1126	2.0405	9.5454	0.9442	2.355044314380173	6	0	1	Tilt	Normal
1.6095	8.9262	-0.4986	-78.8506	-57.3524	0.4496	-11.7576	-21.6545	-6.4613	0.0133	-0.6954	-1.5211	0.5557	-0.3729	-0.3074	0.6765	0.1517	0.3203	-0.3384	1.5962	9.6215	1.0225	-2.451871033797822	6	0	1	Tilt	Normal
1.2264	8.3899	0.3825	-78.9364	-50.5899	5.8583	-11.8646	-22.3315	-6.5998	-0.2271	-1.2345	-0.8118	0.5571	-0.3588	-0.3069	0.6831	-0.5524	0.1818	-0.0359	1.4536	9.6244	1.1943	-0.5961548126201528	6	0	1	Tilt	Normal
1.6861	11.0714	-0.4603	-77.5078	-42.3854	13.4370	-12.1747	-21.4879	-7.0058	0.2562	1.4970	-2.0270	0.5467	-0.3483	-0.3098	0.6956	-0.2872	0.0934	0.0313	1.4299	9.5744	1.5667	2.720825643445094	6	0	1	Tilt	Normal
2.5672	11.5694	0.3825	-76.4801	-48.0955	7.6504	-13.0966	-21.1799	-8.0712	0.8612	2.0345	-1.1485	0.5426	-0.3571	-0.2995	0.6988	-0.1551	-0.0845	0.3679	1.7060	9.5349	1.5309	0.6484639023063572	6	0	1	Tilt	Normal
1.9926	11.0331	3.1789	-74.2256	-57.5010	-0.1872	-15.7964	-20.9137	-8.1104	-0.2554	1.5957	1.7469	0.5296	-0.3827	-0.2891	0.6996	-0.1242	-0.1836	0.3104	2.2480	9.4373	1.4320	-0.20342705324718757	0	0	1	Upright	Normal
3.6015	8.8879	4.2898	-73.2905	-61.7471	2.6906	-18.0831	-20.9851	-6.3729	1.1181	-0.5047	2.9553	0.5025	-0.4236	-0.3224	0.6813	-0.0709	-1.2627	0.0430	2.4834	9.3926	1.3345	-1.1479313540677527	0	0	1	Upright	Normal
0.6135	7.4322	1.1869	-72.4573	-49.2790	16.8730	-19.3133	-20.9572	-4.9352	-1.6267	-1.9184	-0.7413	0.4820	-0.4115	-0.3513	0.6891	0.3818	-0.8899	-0.4790	2.2402	9.3506	1.9282	-2.9542773748924356	0	0	1	Upright	Normal
2.9119	6.0531	1.3018	-73.5458	-47.9836	20.9304	-19.6877	-21.7056	-3.5638	0.8484	-3.3519	-0.5571	0.4787	-0.4196	-0.3723	0.6754	-0.5748	0.7411	-0.1456	2.0635	9.4050	1.8589	-0.7092723760767399	0	1	2	PT	Normal
4.5975	13.4464	1.0720	-73.3617	-53.1229	14.5326	-19.2608	-21.8630	-4.0987	2.3514	4.0504	-0.6129	0.4847	-0.4233	-0.3557	0.6778	0.2987	-0.5532	0.0899	2.2461	9.3960	1.6849	7.40896398894107	0	1	2	Jump	Normal
2.8736	12.5654	2.2978	-76.9465	-57.6830	8.6836	-18.9418	-22.8799	-3.6497	1.0021	3.0121	1.1141	0.5148	-0.4178	-0.3512	0.6611	0.8132	0.2553	-0.2532	1.8715	9.5533	1.1838	-1.1580263432804703	0	1	2	PT	Normal
-1.5323	10.1514	4.9416	-77.8834	-53.7876	4.2489	-17.9871	-23.6404	-3.1015	-3.1927	0.5632	3.7260	0.5471	-0.3724	-0.3099	0.6826	0.0771	1.8809	0.3018	1.6604	9.5882	1.2157	-1.6992216482275033	0	1	2	PT	Normal
1.5323	8.3510	-1.1875	-79.4332	-44.2817	17.2164	-18.4267	-23.6987	-4.2314	0.2768	-1.2893	-2.4749	0.5418	-0.3752	-0.3448	0.6684	0.6566	-0.3178	-0.5365	1.2555	9.6403	1.2873	-2.820725420124072	0	1	2	PT	Normal
0.3831	4.5969	0.9960	-81.5303	-70.8601	-15.3098	-17.6791	-24.1500	-3.3464	-0.9809	-5.1028	0.5227	0.5858	-0.3643	-0.2930	0.6620	-0.0550	1.0915	0.4561	1.3639	9.6997	0.4733	-3.8539176912566093	0	1	2	Jump	Normal
0.8811	10.8793	-1.3024	-77.7374	-45.6708	12.1017	-18.5906	-23.7789	-4.6787	-0.6086	1.2963	-2.7575	0.5433	-0.3614	-0.3178	0.6879	-0.6771	-0.0994	0.1291	1.4896	9.5829	1.4551	6.273210987100671	0	1	2	Jump	Normal
2.9503	13.2549	1.3402	-77.0332	-62.0062	-4.4867	-19.3620	-22.5926	-5.4533	1.0075	3.6983	0.3075	0.5491	-0.3818	-0.2943	0.6827	-0.1732	-0.3348	0.5797	1.9427	9.5566	1.0326	2.6528977047105133	0	1	2	PT	Normal
1.4180	10.2286	5.1326	-73.2615	-64.0224	-5.9865	-20.8185	-21.6652	-5.3576	-1.1206	0.8374	3.8958	0.5275	-0.3984	-0.2803	0.6960	-0.3319	0.3895	0.3975	2.5386	9.3913	1.2368	-2.1136147569756556	0	1	2	PT	Normal
3.7164	11.0714	4.5963	-72.5546	-65.0368	-1.0499	-22.1020	-20.9038	-4.6051	1.0514	1.7157	3.3558	0.5029	-0.4288	-0.3119	0.6826	0.2561	-0.6214	0.0652	2.6650	9.3556	1.2405	1.0188052658134374	0	1	2	PT	Normal
0.8428	8.8490	0.5746	-70.8600	-45.7890	13.6156	-21.9199	-20.8414	-6.2245	-1.4617	-0.4155	-1.6671	0.4927	-0.3781	-0.3129	0.7186	0.7397	-0.4179	-0.1414	2.3044	9.2645	2.2417	-3.6428413840459974	0	2	3	Jump	Normal
2.4134	4.3670	2.4900	-73.2755	-50.9710	5.7841	-21.1433	-21.7024	-6.4356	0.2213	-5.0248	0.7132	0.5206	-0.3720	-0.2930	0.7104	-0.4800	1.3919	0.0994	2.1920	9.3919	1.7768	-3.331281604523074	0	2	3	PT	Normal
2.6049	10.0365	1.0343	-70.1728	-33.4446	8.7152	-19.2477	-19.9961	-10.8547	0.7718	0.8112	-1.7409	0.5310	-0.2766	-0.2245	0.7688	0.2540	2.0098	-0.1904	1.8331	9.2253	2.7752	4.8441749703271615	0	2	3	Jump	Normal
3.8690	6.3207	3.2561	-68.3727	-27.6095	7.9622	-15.5352	-19.5000	-15.8064	2.1941	-2.7957	0.0536	0.5306	-0.2348	-0.1895	0.7921	-0.1583	1.4314	0.3583	1.6749	9.1164	3.2025	-2.325886965694677	0	2	3	PT	Normal
-5.4773	10.3435	6.5116	-58.4753	-1.5909	15.3989	-9.4294	-15.6365	-20.6090	-5.6196	1.9842	1.3861	0.4824	-0.0774	-0.1236	0.8637	-1.0499	2.0354	-1.4719	0.1423	8.3594	5.1255	5.299042745805561	0	2	3	Jump	Normal
4.7890	7.5471	5.8604	-63.5894	-1.9956	16.1939	-5.7792	-14.4316	-21.6632	4.6371	-1.2360	1.5015	0.5195	-0.0889	-0.1288	0.8400	0.7120	0.3043	-0.0699	0.1519	8.7831	4.3589	-2.705449885518526	0	2	3	PT	Normal
2.2601	5.6312	3.4477	-60.8381	4.1011	15.4404	-4.0475	-14.5633	-22.0166	2.6019	-2.9324	-1.3185	0.5056	-0.0374	-0.0978	0.8564	-1.3429	1.5933	-0.1892	-0.3418	8.5636	4.7661	-3.709292061973236	0	2	3	Jump	Normal
2.7204	0.8051	0.3825	-54.6487	22.8369	27.1451	1.0201	-11.0954	-23.8066	4.9226	-7.1934	-4.8466	0.4787	0.0654	-0.1160	0.8678	-0.4864	2.6628	-1.1885	-2.2022	7.9984	5.2291	-4.116200734127332	0	2	3	Jump	Normal
4.9039	2.1841	0.9188	-44.0127	32.6418	31.1656	8.5790	-6.1933	-24.5045	8.7082	-4.6298	-5.0199	0.4164	0.1544	-0.1376	0.8853	-0.6440	1.5603	-2.5104	-3.8042	6.8139	5.9387	2.5836463783262977	0	2	3	PT	Normal
-19.6127	2.9886	8.4653	-31.5913	49.2706	34.7443	13.9345	-0.8079	-23.9259	-13.2824	-2.1486	3.0149	0.3559	0.3089	-0.1529	0.8686	-1.2694	4.6165	-2.2505	-6.3303	5.1372	5.4504	16.123328544696168	0	3	4	Run	Normal
-5.5156	9.5774	15.3989	-34.2605	77.4843	39.2665	23.9253	-0.2144	-18.0186	2.3969	4.0567	13.6426	0.4173	0.4861	-0.0768	0.7640	3.3134	0.3171	-1.7093	-7.9125	5.5207	1.7563	-2.6151386457261516	0	3	4	Walk	Normal
-10.4956	-8.2738	-0.1538	-11.1721	83.7311	45.6435	29.1724	3.4137	-13.9960	-0.9322	-10.1739	-1.2043	0.3244	0.5841	-0.2276	0.7083	0.1847	-1.8933	-0.8198	-9.5633	1.9001	1.0505	-5.589022794397003	0	3	4	Run	Normal
-9.2314	-1.3402	-2.1075	-3.8748	88.4344	48.1325	26.7951	5.2735	-16.2445	0.5492	-2.0027	-2.3747	0.3064	0.6265	-0.2706	0.6636	1.1477	1.8159	-0.3149	-9.7806	0.6626	0.2673	-3.8022310545198863	0	3	4	Run	Normal
-10.5722	0.6901	-5.2870	-7.8094	96.2417	50.2925	29.6575	2.5927	-14.1637	-0.9140	-0.6422	-4.2306	0.3568	0.6531	-0.2371	0.6244	-0.4523	2.8950	1.1307	-9.6582	1.3324	-1.0564	2.277323335894824	0	3	4	Walk	Normal
-11.2234	1.1881	-6.0148	-11.6813	107.8315	57.2672	31.6919	-0.3148	-10.9304	-2.0812	-0.7974	-3.0740	0.4379	0.6769	-0.2086	0.5537	0.0644	2.6681	1.2340	-9.1423	1.9855	-2.9408	0.9482187574507801	0	3	4	Walk	Normal
-6.5882	1.8393	0.1143	-20.8851	102.4265	71.5741	31.4131	-5.6761	-9.8430	2.3595	-1.6566	2.0859	0.5404	0.5554	-0.2456	0.5824	-0.6877	-1.4747	0.1413	-8.9477	3.4960	-1.9716	-5.9477407391305706	0	3	4	Run	Normal
-8.3121	7.2790	1.7232	-21.4136	90.0463	71.2271	27.6475	-3.3049	-14.5678	0.8176	3.6986	1.7307	0.5115	0.4886	-0.2976	0.6411	-0.6078	-1.4896	-0.2912	-9.1297	3.5804	-0.0075	4.3412326346630605	0	3	4	Run	Normal
-8.6951	4.2910	3.1406	-20.5707	85.4403	70.1258	25.4494	-1.8481	-17.1803	0.4573	0.8453	2.4108	0.4908	0.4710	-0.3161	0.6613	-0.2381	0.0018	-0.6907	-9.1524	3.4457	0.7298	-0.9901259600170693	0	4	5	Walk	Normal
-10.8787	3.6398	3.1023	-17.3547	82.0169	69.0468	25.7909	-0.2151	-17.5070	-1.6091	0.7145	1.8024	0.4614	0.4699	-0.3412	0.6707	-0.1913	-0.3189	-0.3629	-9.2696	2.9253	1.2999	1.6913466965778063	0	4	5	Walk	Normal
-9.8827	0.2687	2.1446	-14.4231	80.5052	68.0165	25.3217	0.2285	-18.0040	-0.5152	-2.1739	0.5781	0.4380	0.4778	-0.3563	0.6730	0.1070	-0.4211	-0.1648	-9.3675	2.4427	1.5666	-1.7672530220115554	0	4	5	Walk	Normal
-10.1514	0.9194	1.8004	-13.2011	79.1490	67.1578	24.9461	0.6785	-18.7989	-0.7745	-1.3201	0.0031	0.4238	0.4782	-0.3625	0.6784	-0.0113	-0.0067	0.0909	-9.3769	2.2395	1.7973	0.23444466916774154	0	4	5	Tilt	Normal
-9.4613	1.9926	1.3018	-13.3772	80.0352	66.7355	24.9453	0.7679	-18.1739	-0.0646	-0.2762	-0.3490	0.4258	0.4843	-0.3558	0.6764	0.0367	0.3725	0.1474	-9.3966	2.2688	1.6508	-0.5946397605602414	0	0	5	Tilt	Normal
-9.6911	2.9503	1.5700	-14.5424	82.1548	66.2712	25.6120	0.2608	-17.0963	-0.2875	0.4880	0.2744	0.4362	0.4936	-0.3391	0.6716	-0.0134	0.2244	0.2709	-9.4037	2.4623	1.2956	0.4950830078584296	0	0	5	Tilt	Normal
-8.8867	3.3716	1.6083	-16.3249	82.5443	65.4419	25.6706	-0.2936	-17.1287	0.4450	0.6152	0.3873	0.4427	0.4917	-0.3234	0.6765	-0.0987	-0.0078	0.1983	-9.3317	2.7565	1.2210	-0.6112713033176185	0	0	5	Tilt	Normal
-9.0399	3.3716	1.4551	-17.0201	81.5836	64.2875	25.2125	-0.0512	-17.1836	0.2363	0.5011	0.0826	0.4386	0.4875	-0.3165	0.6854	-0.1029	-0.0920	-0.0520	-9.2762	2.8705	1.3725	0.11739041395448524	0	0	5	Tilt	Normal
-9.4613	2.8736	1.3018	-16.4421	81.5195	63.8630	25.1956	-0.2626	-16.8075	-0.1585	0.0980	-0.0851	0.4337	0.4911	-0.3173	0.6856	0.0217	0.0806	-0.1617	-9.3028	2.7756	1.3870	0.21609314134139979	0	0	5	Tilt	Normal
-9.7294	2.3756	1.3018	-15.5645	82.5315	63.8201	26.1708	0.2144	-17.0065	-0.3624	-0.2556	0.0739	0.4318	0.5009	-0.3178	0.6794	0.0995	0.1850	-0.1138	-9.3670	2.6312	1.2279	0.12608671993591614	0	0	5	Lying	Normal
-9.5762	2.2607	1.3018	-14.9891	83.1374	63.6689	26.5252	-0.3780	-16.7001	-0.1710	-0.2756	0.1700	0.4299	0.5074	-0.3177	0.6758	0.0409	0.0028	0.0300	-9.4052	2.5364	1.1319	-0.17430180864055878	1	0	6	Lying	Normal
-9.2314	2.4523	1.3018	-15.2826	82.7927	63.3763	26.4997	0.2236	-16.7418	0.1537	-0.1326	0.1151	0.4292	0.5053	-0.3157	0.6788	0.0046	-0.0824	0.1041	-9.3851	2.5848	1.1868	-0.28529697297457624	1	0	6	Tilt	Normal
-9.0788	2.7198	1.3791	-15.9488	82.1571	63.0921	26.0812	-0.2901	-16.7332	0.2622	0.0251	0.0925	0.4296	0.4999	-0.3129	0.6839	0.0174	-0.0877	0.1084	-9.3410	2.6947	1.2866	-0.06261883905585108	1	0	6	Tilt	Normal
-9.6145	3.0269	1.2635	-16.7220	81.9937	63.0651	25.7331	-0.8581	-17.3119	-0.3141	0.2052	-0.0444	0.4330	0.4958	-0.3092	0.6863	0.0323	0.0209	0.0881	-9.3004	2.8217	1.3080	0.5813441666234045	1	0	6	Tilt	Normal
-9.5379	3.0269	1.3402	-16.9330	82.3534	63.0849	26.0493	-1.0593	-17.3983	-0.2397	0.1706	0.0919	0.4351	0.4970	-0.3068	0.6852	0.0419	0.0753	-0.0365	-9.2982	2.8563	1.2483	-0.06257194535732857	0	0	6	Lying	Normal
-9.2698	2.6438	1.4168	-16.3104	81.9527	63.0373	25.6977	-1.3853	-17.4786	0.0497	-0.1103	0.0992	0.4306	0.4974	-0.3114	0.6857	-0.0465	-0.1165	-0.0898	-9.3194	2.7541	1.3176	-0.35302114732978396	0	0	6	Tilt	Normal
-9.5002	2.5283	1.5323	-15.8264	81.5726	63.0582	26.3721	-1.0221	-17.5862	-0.1671	-0.1462	0.1496	0.4272	0.4970	-0.3155	0.6862	0.0537	0.1126	-0.0202	-9.3330	2.6745	1.3827	0.20656778654797492	0	0	6	Tilt	Normal
-9.4619	2.9113	1.6089	-16.0029	81.6801	63.0244	26.1342	-0.5065	-17.3683	-0.1344	0.2078	0.2450	0.4283	0.4970	-0.3140	0.6863	-0.0156	-0.0174	0.0053	-9.3275	2.7035	1.3639	0.07996967838312052	0	0	6	Tilt	Normal
-9.3464	2.6821	1.2252	-15.9298	81.8198	62.9670	26.1889	-0.0003	-17.1290	-0.0121	-0.0094	-0.1164	0.4280	0.4984	-0.3135	0.6857	-0.0230	0.0071	-0.0117	-9.3342	2.6915	1.3417	-0.22903617542030652	0	0	6	Tilt	Normal
-9.3853	2.8347	1.5323	-16.1297	81.7515	62.8702	26.2577	-0.4198	-17.3970	-0.0621	0.1103	0.1809	0.4284	0.4975	-0.3121	0.6866	0.0068	0.0284	-0.0011	-9.3232	2.7245	1.3514	0.12256114325021983	0	0	6	Tilt	Normal
-9.5385	2.8730	1.3408	-16.2230	81.8590	62.8430	26.4184	-1.1321	-17.2472	-0.2171	0.1333	0.0075	0.4291	0.4979	-0.3110	0.6865	0.0121	0.0369	0.0107	-9.3214	2.7397	1.3333	0.12853944301015652	1	0	7	Lying	Normal
-9.0399	2.7587	1.3785	-16.5381	81.9558	62.8670	26.1801	-1.3060	-16.7398	0.2686	-0.0328	0.0630	0.4311	0.4971	-0.3092	0.6866	0.0388	-0.0249	0.0843	-9.3085	2.7915	1.3155	-0.5001448280946601	1	0	7	Lying	Normal
-9.5762	3.0652	1.1869	-17.0466	81.9980	62.8871	25.8843	-0.7153	-16.9793	-0.2916	0.1903	-0.1182	0.4339	0.4952	-0.3064	0.6875	0.0430	-0.0685	0.0609	-9.2846	2.8748	1.3051	0.5731480116450758	1	0	7	Lying	Normal
-9.3464	2.9886	1.4168	-17.0104	81.4150	62.7693	25.8453	-1.2728	-16.8345	-0.0738	0.1197	0.0171	0.4316	0.4923	-0.3081	0.6902	-0.0177	-0.1420	-0.0691	-9.2726	2.8689	1.3997	-0.21026694416616287	0	0	7	Tilt	Normal
-9.3081	2.7970	1.4934	-16.6536	80.8278	62.5260	25.4386	-0.8336	-17.1444	-0.0328	-0.0135	-0.0042	0.4272	0.4911	-0.3107	0.6927	-0.0262	-0.1665	-0.0648	-9.2753	2.8105	1.4976	-0.0810261452651524	0	0	7	Tilt	Normal
-9.7294	2.8353	1.6466	-15.9583	79.7225	62.0641	25.3486	-0.5910	-17.1256	-0.4519	0.1392	-0.0355	0.4185	0.4890	-0.3156	0.6972	-0.0624	-0.1793	-0.1224	-9.2775	2.6962	1.6821	0.43368761071922	0	0	7	Tilt	Normal
-9.1931	2.6438	1.7232	-15.2891	78.6428	61.7395	24.8075	-0.6846	-17.6629	0.0813	0.0579	-0.1395	0.4106	0.4863	-0.3210	0.7014	-0.0390	-0.2049	-0.1201	-9.2744	2.5859	1.8627	-0.5473269094562543	0	0	7	Tilt	Normal
-9.4996	2.5672	2.0297	-14.9467	77.8365	61.5011	24.5149	-0.0232	-18.0966	-0.2373	0.0379	0.0334	0.4054	0.4836	-0.3242	0.7047	-0.0230	-0.1719	-0.0487	-9.2623	2.5293	1.9963	0.3278371610464532	0	0	7	Tilt	Normal
-9.6528	2.3373	2.2978	-14.8285	77.6348	61.2860	24.9674	-0.1364	-18.4825	-0.3926	-0.1724	0.2679	0.4033	0.4836	-0.3242	0.7060	-0.0251	0.0124	0.0472	-9.2602	2.5097	2.0300	0.14656897819764225	0	0	7	Lying	Normal
-9.1165	2.6438	2.2212	-14.9195	77.0736	60.9270	24.7370	-0.3298	-18.4203	0.1194	0.1190	0.1016	0.4007	0.4810	-0.3235	0.7095	-0.0219	-0.0110	-0.0029	-9.2359	2.5248	2.1196	-0.44554912861640084	0	0	8	Lying	Normal
-9.3464	2.6055	2.0680	-15.2796	77.0799	60.8558	23.8871	0.1238	-18.9900	-0.1258	0.0212	-0.0471	0.4024	0.4798	-0.3212	0.7104	-0.0198	-0.0195	0.0791	-9.2205	2.5842	2.1151	0.172171013896401	0	0	8	Tilt	Normal
-9.3081	2.7970	2.0680	-15.3352	77.9647	60.9915	24.2083	0.5541	-18.6341	-0.0584	0.2035	0.0961	0.4058	0.4846	-0.3186	0.7064	0.0249	0.1381	-0.0785	-9.2497	2.5935	1.9719	0.016119900567099776	0	0	8	Tilt	Normal
-9.5762	2.5672	1.8381	-15.1268	79.0635	61.3131	24.6404	-0.1532	-18.0047	-0.2812	0.0081	0.0422	0.4091	0.4910	-0.3178	0.7004	0.1250	0.2287	-0.0536	-9.2950	2.5591	1.7960	0.1464612103568026	0	0	8	Lying	Normal
-9.4619	2.6049	1.6472	-15.0736	79.6997	61.5266	25.1362	-0.3943	-17.8524	-0.1451	0.0546	-0.0458	0.4115	0.4943	-0.3171	0.6970	0.0376	0.0518	-0.0163	-9.3167	2.5503	1.6930	-0.13209254435379414	0	0	8	Tilt	Normal
-9.4613	2.6055	1.6083	-15.0210	80.0284	61.5333	25.3672	-0.6074	-17.4900	-0.1327	0.0639	-0.0317	0.4121	0.4965	-0.3162	0.6954	0.0004	0.0870	-0.0355	-9.3286	2.5416	1.6400	-0.006778555930988972	0	0	8	Tilt	Normal
-9.2314	2.2990	1.6849	-14.8619	80.4154	61.5853	25.7649	-0.1109	-17.8382	0.1149	-0.2162	0.1068	0.4126	0.4993	-0.3160	0.6933	-0.0753	-0.0558	-0.0195	-9.3464	2.5153	1.5781	-0.28299877194315215	0	0	8	Tilt	Normal
-9.9210	2.7204	1.6849	-14.7447	80.0865	61.4868	25.3755	-0.5188	-17.5391	-0.5788	0.2246	0.0522	0.4106	0.4982	-0.3172	0.6947	-0.0177	0.0060	-0.0073	-9.3422	2.4958	1.6327	0.7628644822619339	0	0	8	Tilt	Normal
-9.3853	2.6049	1.4940	-14.7194	80.5370	61.5983	25.5619	-0.0543	-17.3296	-0.0295	0.1131	-0.0654	0.4122	0.5006	-0.3163	0.6924	0.0185	0.0700	-0.0159	-9.3558	2.4918	1.5594	-0.5702802531708979	0	0	8	Tilt	Normal
-9.3847	2.5289	1.5700	-14.7293	80.6500	61.6232	26.1233	0.3038	-17.7115	-0.0262	0.0356	0.0292	0.4127	0.5011	-0.3160	0.6919	0.0025	0.0060	0.0065	-9.3585	2.4933	1.5408	-0.0085567746502484	0	0	8	Tilt	Normal
-9.4996	2.6055	1.5700	-14.7003	80.5295	61.4696	25.4189	0.2737	-17.7550	-0.1432	0.1170	0.0093	0.4115	0.5011	-0.3157	0.6927	-0.0209	-0.0270	0.0023	-9.3564	2.4885	1.5607	0.12931812392772457	1	0	9	Tilt	Normal
-9.4996	2.5289	1.6466	-14.7047	80.5239	61.4927	25.1785	-0.2584	-17.7557	-0.1435	0.0397	0.0850	0.4116	0.5009	-0.3158	0.6927	-0.0134	0.0103	-0.0137	-9.3561	2.4892	1.5616	-0.007366502274194886	1	0	9	Tilt	Normal
-9.5385	2.5283	1.5706	-14.6359	80.5595	61.4967	26.2547	0.0137	-17.4257	-0.1785	0.0503	0.0144	0.4114	0.5014	-0.3161	0.6924	-0.0070	-0.0163	0.0129	-9.3600	2.4780	1.5562	0.024701539667228545	1	0	9	Lying	Normal
-9.5002	2.6049	1.5706	-14.6422	80.5798	61.5342	25.6029	-0.3278	-17.7236	-0.1399	0.1260	0.0177	0.4116	0.5014	-0.3162	0.6922	-0.0050	-0.0025	-0.0004	-9.3603	2.4789	1.5529	-0.016826026770171865	1	0	9	Tilt	Normal
-9.4996	2.5672	1.6083	-14.6360	80.5590	61.5710	25.3741	-0.2068	-17.6950	-0.1396	0.0892	0.0519	0.4117	0.5012	-0.3165	0.6922	-0.0082	-0.0004	-0.0142	-9.3600	2.4780	1.5564	-0.004338706651537905	1	0	9	Tilt	Normal
-9.5379	2.5289	1.5317	-14.6309	80.5564	61.5714	25.6944	0.8340	-18.1133	-0.1778	0.0518	-0.0251	0.4117	0.5012	-0.3166	0.6922	-0.0007	-0.0089	-0.0121	-9.3601	2.4771	1.5568	0.01470308613986937	1	0	9	Lying	Normal
-9.4996	2.5289	1.6083	-14.6330	80.5488	61.5197	25.6573	0.8601	-17.4826	-0.1398	0.0515	0.0503	0.4114	0.5013	-0.3163	0.6924	0.0078	0.0167	-0.0015	-9.3598	2.4774	1.5580	-0.024495382276665367	1	0	9	Tilt	Normal
-9.4236	2.6049	1.5706	-14.6367	80.5321	61.4897	25.4791	-0.1900	-17.4918	-0.0643	0.1269	0.0099	0.4113	0.5013	-0.3161	0.6926	0.0099	-0.0185	-0.0132	-9.3592	2.4780	1.5607	-0.058793434776729825	1	0	9	Tilt	Normal
-9.5385	2.4900	1.5706	-14.4207	80.2468	61.3671	25.2498	0.2251	-17.1192	-0.1781	0.0477	-0.0383	0.4088	0.5009	-0.3176	0.6937	-0.0167	-0.0440	-0.0149	-9.3604	2.4422	1.6089	0.08012817943078332	1	0	9	Lying	Normal
-9.4619	2.4900	1.8004	-14.4309	80.1959	61.3210	25.7172	0.4184	-17.8872	-0.1032	0.0461	0.1833	0.4085	0.5007	-0.3174	0.6940	-0.0145	-0.0131	-0.0032	-9.3586	2.4439	1.6171	-0.03415699876008027	1	0	9	Tilt	Normal
-9.5002	2.4517	1.7238	-14.4255	80.1327	61.2743	25.2767	0.6057	-17.7787	-0.1432	0.0087	0.0964	0.4081	0.5005	-0.3174	0.6944	-0.0028	-0.0174	-0.0032	-9.3570	2.4430	1.6275	0.013412164003629101	2	0	10	Tilt	Fall
-9.5002	2.3750	1.8771	-14.4276	80.0313	61.2076	25.2710	0.5946	-17.8037	-0.1462	-0.0684	0.2330	0.4075	0.5001	-0.3173	0.6951	0.0047	-0.0068	0.0202	-9.3540	2.4434	1.6441	0.00912126324852558	2	0	10	Tilt	Normal
-9.1937	2.3367	1.5706	-14.7579	80.2327	61.2382	25.6143	-0.1588	-17.2346	0.1520	-0.1613	-0.0382	0.4100	0.4999	-0.3151	0.6948	-0.0092	-0.0717	0.0469	-9.3458	2.4981	1.6088	-0.3557064212689234	2	0	10	Tilt	Normal
-9.3470	2.6815	1.5706	-14.8860	80.0189	61.2023	25.6373	-0.2111	-18.1265	-0.0129	0.1622	-0.0720	0.4099	0.4982	-0.3149	0.6961	0.0142	-0.0472	-0.0149	-9.3341	2.5193	1.6426	0.23490992083089957	2	0	10	Tilt	Normal
-9.6528	2.7204	1.7232	-15.2144	80.0912	61.4050	24.9298	0.0864	-17.7010	-0.3310	0.1468	0.0950	0.4128	0.4966	-0.3142	0.6959	0.1027	0.0529	0.1161	-9.3218	2.5736	1.6282	0.3257240350222599	2	0	10	Lying	Normal
-9.3847	2.7204	1.7232	-16.1532	80.6945	61.6700	25.5096	-0.3056	-17.3558	-0.0890	-0.0078	0.2002	0.4205	0.4955	-0.3087	0.6945	0.0835	0.0987	0.2237	-9.2956	2.7282	1.5230	-0.2539580898511158	2	0	10	Tilt	Normal
-9.2698	2.7204	1.7232	-17.2445	81.3958	61.8374	25.6026	-0.9560	-17.5614	-0.0093	-0.1867	0.3222	0.4288	0.4947	-0.3013	0.6933	0.0750	0.1935	0.2653	-9.2605	2.9072	1.4011	-0.1086086159419608	2	0	10	Tilt	Normal
-9.3087	3.2944	1.5706	-18.5265	81.6138	61.9607	26.2450	-2.0085	-17.3804	-0.1095	0.1784	0.2146	0.4365	0.4903	-0.2943	0.6946	0.0025	0.0199	0.0629	-9.1991	3.1161	1.3560	0.1853720192493924	2	0	10	Tilt	Normal
-9.7683	3.7158	1.1875	-18.4007	80.9481	61.5884	25.6885	-2.0334	-17.8520	-0.5789	0.6202	-0.2764	0.4325	0.4881	-0.2953	0.6982	-0.0071	-0.0131	-0.0993	-9.1894	3.0956	1.4639	0.5198259060486166	2	0	10	Tilt	Normal
-9.1548	3.1035	1.4934	-17.7731	81.3668	61.8259	25.2823	-1.1787	-17.6408	0.0780	0.1100	0.0917	0.4314	0.4924	-0.2985	0.6945	0.0664	0.0561	-0.0940	-9.2328	2.9935	1.4017	-0.7371898905771168	2	1	11	PT	Normal
Total time: 11 seconds.
