-0.7272	-10.0742	0.2676	84.3328	-57.8002	-102.6516	4.8491	29.8370	-15.7455	-1.5467	-0.3154	-0.2484	-0.0876	-0.6827	0.7093	0.1522	-0.2040	-0.0332	-0.0190	0.8194	-9.7588	0.5160	0.29916672759203955	6	0	1	Upright	Normal
0.9577	-9.8067	0.7278	83.4108	-57.9755	-102.1425	4.9662	29.3218	-15.1882	0.0037	-0.0646	0.1312	-0.0842	-0.6801	0.7106	0.1595	0.3926	0.1458	-0.5186	0.9539	-9.7420	0.5966	-0.22376164841197266	6	0	1	Upright	Normal
5.3247	-10.2663	0.2298	77.3569	-90.5448	-71.3473	4.1890	28.5548	-14.3260	3.1785	-0.6975	0.2503	-0.0338	-0.7070	0.6811	0.1874	-1.2458	-1.0952	-0.3013	2.1463	-9.5689	-0.0205	1.687093773457832	6	0	1	Upright	Normal
-0.5357	-8.2738	-4.1378	77.6402	-132.3027	-34.2714	1.4400	30.7772	-10.5946	-2.0882	1.3057	-2.7249	-0.0323	-0.7556	0.6407	0.1321	-0.2721	-0.2878	0.0428	1.5525	-9.5795	-1.4129	-2.300998242267143	6	0	1	Upright	Normal
1.6089	-7.5082	-2.1069	75.9107	-129.3246	-37.8218	2.4101	30.3636	-9.4835	-0.2378	2.0035	-0.5941	-0.0180	-0.7595	0.6352	0.1391	0.2115	0.0020	0.1696	1.8467	-9.5117	-1.5128	-1.3038370638836652	6	0	1	Upright	Normal
0.2687	-10.4956	-4.0995	78.0907	-140.0288	-28.1886	4.3070	29.7228	-9.6901	-1.0313	-0.8999	-2.5485	-0.0311	-0.7603	0.6388	0.1133	0.1284	-0.1887	0.3389	1.3001	-9.5957	-1.5510	3.3085592657574123	6	0	1	Upright	Normal
1.4946	-11.8746	-4.2144	76.8875	-149.5933	-18.0394	6.7029	27.7364	-9.0574	0.3686	-2.3236	-2.2956	-0.0425	-0.7720	0.6248	0.1088	-0.2445	0.2299	-0.2214	1.1260	-9.5511	-1.9188	1.417609894828649	6	0	1	Upright	Normal
3.6398	-6.6649	0.4208	80.4636	-116.2236	-51.8069	7.2890	26.9731	-9.8392	2.1823	3.0064	1.1387	-0.0237	-0.7321	0.6695	0.1232	1.7657	-0.3272	0.0321	1.4575	-9.6712	-0.7180	-5.082959252580063	6	0	1	Upright	Normal
-0.9960	-12.8712	4.6735	78.3010	-35.3759	-128.7023	8.6351	24.0916	-14.0731	-2.1472	-3.2682	3.0522	-0.0480	-0.6442	0.7491	0.1469	1.3695	0.8872	-0.1412	1.1512	-9.6030	1.6213	6.123918317737712	6	0	1	Upright	Normal
2.0686	-6.8953	2.4134	77.7680	-44.2639	-112.7509	8.7987	23.2497	-16.0295	0.6185	2.6888	0.9255	-0.0778	-0.6466	0.7314	0.2024	-0.7728	-0.3293	-0.0358	1.4501	-9.5841	1.4878	-6.1369026998290375	6	1	2	Jump	Normal
-0.4214	-8.0445	0.6129	80.3820	-50.8742	-100.8465	8.9374	23.4953	-13.9480	-1.6924	1.6243	-0.4209	-0.1184	-0.6582	0.7083	0.2259	-0.2625	-0.3815	-0.0677	1.2710	-9.6688	1.0338	0.48613399576504523	6	1	2	PT	Normal
-0.6512	-11.9519	-0.8811	83.4578	-81.2958	-64.3127	9.0835	23.9574	-12.3229	-1.7555	-2.2090	-1.0500	-0.1688	-0.6804	0.6684	0.2486	-0.8676	0.1873	0.1336	1.1043	-9.7429	0.1689	3.923199941035959	6	1	2	Jump	Normal
1.5329	-11.1468	-0.0006	82.9661	-121.2547	-16.8620	10.2435	24.8877	-10.4301	0.5065	-1.4139	0.6223	-0.2257	-0.6934	0.6249	0.2788	-0.2881	0.3556	-0.1167	1.0264	-9.7329	-0.6229	-0.7503043305876194	6	1	2	PT	Normal
5.2104	-11.2617	2.9491	80.1309	-71.7370	-56.3852	10.7682	24.4522	-9.1447	3.6143	-1.6001	2.4225	-0.2479	-0.6416	0.6254	0.3684	1.4237	0.5069	-0.3248	1.5960	-9.6617	0.5266	1.5025594703268617	6	1	2	PT	Normal
1.3791	-7.1635	1.2258	80.5659	-60.0901	-62.5371	11.9604	23.9788	-10.6954	-0.0141	2.5106	0.4245	-0.2801	-0.6170	0.6195	0.3964	-0.0250	0.3684	0.5562	1.3931	-9.6741	0.8013	-5.356955007367308	6	1	2	Jump	Normal
1.1109	-4.8650	0.8811	80.6361	-55.0891	-63.5821	13.5471	23.3938	-10.2408	-0.1974	4.8110	-0.0319	-0.3019	-0.6019	0.6105	0.4170	-0.1273	0.2054	-0.0116	1.3083	-9.6760	0.9129	-2.3299010460818375	6	1	2	PT	Normal
1.3791	-10.2280	-1.2641	82.8441	-112.8120	-6.8263	13.8932	23.2279	-8.7149	0.2532	-0.4977	-0.7905	-0.3282	-0.6453	0.5748	0.3813	-1.6069	-0.4614	0.3878	1.1259	-9.7303	-0.4736	5.330273043943488	6	1	2	Jump	Normal
2.1075	-10.6871	-4.1378	76.9698	-155.6794	38.2017	14.7294	24.0070	-4.7730	1.1970	-1.1329	-2.1231	-0.3743	-0.6802	0.5209	0.3549	-0.4980	0.2172	-0.3195	0.9105	-9.5542	-2.0147	1.2546569956276468	6	1	2	PT	Normal
2.8736	-5.5923	2.1829	80.9125	-88.9300	-28.1024	13.8528	24.5045	-6.4074	1.3252	4.0914	2.1540	-0.3198	-0.6295	0.5728	0.4164	2.6435	-0.2952	-0.1319	1.5484	-9.6836	0.0289	-4.99678383594599	6	1	2	Jump	Normal
-0.7278	-11.9519	6.2441	78.6475	-34.5295	-81.3329	13.6285	21.8313	-11.9162	-1.8218	-2.3369	4.6540	-0.3094	-0.5685	0.6241	0.4378	-1.4344	-0.5221	-0.3183	1.0940	-9.6150	1.5900	6.848752063956081	6	2	3	Jump	Normal
0.3065	-6.3973	0.0766	83.1854	-65.6814	-52.7909	13.8284	23.2571	-9.9273	-0.7539	3.3402	-0.4025	-0.3193	-0.6112	0.6018	0.4028	-0.7845	-0.5275	0.4753	1.0603	-9.7375	0.4791	-7.099213777900812	6	2	3	Jump	Normal
-0.7272	-9.7294	-3.9079	83.6478	-125.9468	5.6609	13.2302	23.9266	-8.7414	-1.6055	0.0171	-3.2709	-0.3354	-0.6480	0.5766	0.3675	-0.8559	-0.5562	-0.3386	0.8782	-9.7465	-0.6370	4.104981173579412	6	2	3	Jump	Normal
0.3071	-11.6831	-2.9119	82.5964	-132.8460	14.1298	12.7023	24.3607	-7.6758	-0.6194	-1.9582	-2.0526	-0.3467	-0.6509	0.5633	0.3726	0.0847	-0.2761	0.1536	0.9264	-9.7249	-0.8594	1.53435279265093	6	2	3	PT	Normal
0.5752	-9.0399	1.1486	84.1327	-111.2597	-3.5530	13.0046	24.0894	-8.1871	-0.3590	0.7154	1.5122	-0.3591	-0.6242	0.5657	0.4017	0.7899	1.5104	-0.3736	0.9342	-9.7553	-0.3636	-2.913716588033042	6	2	3	PT	Normal
6.6661	-11.4916	3.2555	75.7036	-57.8502	-50.0513	11.9844	24.1925	-9.3099	4.6160	-1.9885	1.9671	-0.3251	-0.5733	0.5613	0.5006	0.6227	1.2228	-0.9477	2.0500	-9.5030	1.2884	4.547445968868955	6	2	3	Jump	Normal
0.7667	-7.5076	0.8422	77.2901	-50.1486	-56.9132	12.6580	24.4239	-9.6787	-0.8896	2.0589	-0.5403	-0.3396	-0.5605	0.5698	0.4958	0.1423	0.7849	0.6800	1.6563	-9.5665	1.3825	-6.084663067550735	6	2	3	Jump	Normal
0.1538	-5.8221	1.2635	77.8182	-42.9995	-59.6104	14.0655	24.1138	-9.6842	-1.2571	3.7638	-0.2494	-0.3653	-0.5380	0.5596	0.5138	-0.2988	1.1589	-0.0114	1.4109	-9.5859	1.5130	-1.6338874378389914	6	2	3	PT	Normal
1.2264	-11.1851	0.2292	79.4685	-43.7844	-51.3581	14.9178	24.2271	-7.0978	-0.0135	-1.5435	-1.0644	-0.4103	-0.5155	0.5240	0.5398	0.6951	1.8097	-0.3427	1.2399	-9.6416	1.2936	5.294858889545634	6	2	3	Jump	Normal
2.0303	-7.5848	4.4436	71.3134	-33.0346	-52.3108	15.4777	24.5483	-5.8639	0.3175	1.7050	1.8099	-0.3998	-0.4537	0.4922	0.6261	1.6996	1.3112	-0.9757	1.7128	-9.2898	2.6338	-2.232445304678844	6	2	3	PT	Normal
1.1875	-10.9942	5.5545	64.6439	-23.6138	-54.5230	14.2749	24.6489	-7.3526	-0.4947	-2.1322	1.7068	-0.3860	-0.3934	0.4761	0.6852	0.6408	1.6382	-0.3280	1.6822	-8.8620	3.8478	3.3527526070082843	6	3	4	Walk	Normal
1.1875	-7.5082	4.5203	61.3714	-18.0022	-50.9203	14.9415	24.1346	-6.6883	-0.2646	1.0997	0.0518	-0.3973	-0.3382	0.4372	0.7326	0.2914	1.6297	-0.9054	1.4521	-8.6079	4.4685	-3.530774907581492	6	3	4	Run	Normal
1.5323	-7.4316	3.7158	60.2906	-16.7418	-43.0157	13.4872	25.3282	-4.4660	0.1323	1.0861	-0.9382	-0.4161	-0.2993	0.3817	0.7691	-0.5076	1.7479	-0.4942	1.4000	-8.5177	4.6540	-0.3951070567647026	0	3	4	Tilt	Normal
1.4563	-5.9370	2.9880	62.2882	-14.1556	-31.1197	12.7922	25.4925	-1.0764	0.3410	2.7450	-1.4337	-0.4662	-0.2393	0.2892	0.8011	-0.4213	2.1336	-1.0470	1.1152	-8.6820	4.4216	-1.6447090217469214	0	0	4	Tilt	Normal
4.7501	-5.0182	4.6735	59.6759	-20.2741	-13.9206	10.0995	26.4609	1.6811	3.0345	3.4468	0.0290	-0.4677	-0.2109	0.1904	0.8370	-0.3734	1.4028	-1.4190	1.7156	-8.4650	4.6445	1.5377213361236404	0	0	4	Tilt	Normal
5.0182	-5.7078	2.6432	58.5941	-30.5298	-1.2708	7.2954	27.1242	3.3248	2.4225	2.6624	-1.7584	-0.4695	-0.2348	0.1382	0.8398	-0.4618	-0.0055	0.2993	2.5958	-8.3701	4.4016	-0.2953025645260574	0	0	4	Tilt	Normal
-1.1109	-2.1069	0.3448	66.2106	-16.4188	-14.8988	9.5768	26.8566	4.6898	-2.2289	6.8667	-3.4493	-0.5205	-0.1887	0.1848	0.8120	-0.3435	1.0161	2.0879	1.1179	-8.9736	3.7941	-5.639942538316399	0	0	4	Tilt	Normal
0.0766	-11.9902	-1.4174	53.9035	35.5879	-68.3571	17.8251	22.0883	5.8432	3.4390	-4.0661	-6.1157	-0.5101	-0.0171	0.3622	0.7800	3.6618	1.8683	7.8701	-3.3624	-7.9241	4.6983	9.667269843401197	0	0	4	Tilt	Normal
-9.3081	-10.1508	18.7699	30.7946	24.9099	-84.2705	27.2475	12.0428	-3.0318	-5.7599	-5.1300	11.1297	-0.3318	-0.0197	0.5891	0.7365	1.5558	1.1173	0.9491	-3.5482	-5.0208	7.6402	11.206718088333284	0	0	4	Tilt	Normal
-6.8947	-6.6649	12.0279	10.3519	31.5940	-92.4827	28.5858	5.5796	-5.6531	-1.8405	-4.9026	3.8108	-0.2559	0.1248	0.6752	0.6805	3.5936	-0.2430	2.1152	-5.0542	-1.7623	8.2170	-7.897925687637294	0	0	4	Tilt	Normal
-3.1795	2.1835	5.0566	-6.7613	29.0968	-99.4520	29.5966	-2.2321	-5.1084	1.5562	1.0291	-3.4527	-0.1544	0.2057	0.7468	0.6133	0.3201	-2.4460	1.6582	-4.7357	1.1545	8.5093	-9.02299780219062	0	1	5	Jump	Normal
-6.2435	3.6398	5.7072	-9.5485	29.4490	-101.0466	28.2040	-5.1707	-6.7175	-1.4887	2.0131	-2.7140	-0.1443	0.2232	0.7574	0.5964	-0.0538	1.4380	-0.0793	-4.7547	1.6267	8.4212	2.849052236682059	0	1	5	PT	Normal
-5.4390	2.2224	8.3504	-5.3760	31.7017	-102.3892	28.3823	-3.9423	-6.3792	-0.3083	1.3038	0.0437	-0.1843	0.2061	0.7568	0.5922	-1.2789	0.0094	-0.4116	-5.1308	0.9186	8.3067	1.001559209598394	0	1	5	PT	Normal
-4.5197	-0.0760	8.7718	1.6208	28.3253	-102.6779	27.9845	-0.9318	-8.3024	0.1317	0.2014	0.1428	-0.1996	0.1421	0.7549	0.6084	-1.0072	-0.8343	-0.1943	-4.6513	-0.2774	8.6290	-0.3423099463213557	0	1	5	Tilt	Normal
-5.1709	-1.8381	7.9673	6.1847	23.4924	-100.2546	26.7622	0.6765	-10.1298	-1.2843	-0.7816	-0.9741	-0.1899	0.0898	0.7433	0.6352	-0.8005	-0.8374	-0.3587	-3.8865	-1.0566	8.9414	-0.1935915516387876	0	1	5	Tilt	Normal
-4.2515	-2.2978	9.5379	11.7442	20.6009	-96.7279	26.1513	2.9283	-12.2057	-0.8731	-0.3017	0.5507	-0.1998	0.0429	0.7193	0.6639	-0.5736	-0.7235	-0.4247	-3.3784	-1.9962	8.9872	1.017930617040621	0	0	5	Tilt	Normal
-0.4591	-2.7958	9.9976	12.7089	15.3731	-91.9967	25.2696	4.1595	-13.6175	2.0771	-0.6384	0.7736	-0.1718	0.0134	0.6982	0.6949	0.5630	-0.5701	-0.3480	-2.5362	-2.1575	9.2240	-0.301057903148946	0	0	5	Tilt	Normal
-0.9188	-1.0720	7.8907	9.0527	14.2943	-88.8716	24.2643	3.5606	-13.6898	1.4724	0.4711	-1.4940	-0.1427	0.0337	0.6855	0.7132	0.4320	0.5399	-0.0039	-2.3912	-1.5431	9.3847	-2.375290752144167	0	0	5	Tilt	Normal
-3.4087	-1.8381	8.8101	7.2656	19.4402	-87.9624	25.6539	2.0280	-12.6261	-0.1710	-0.5978	-0.3632	-0.1619	0.0779	0.6754	0.7152	0.3148	0.7413	0.0728	-3.2377	-1.2403	9.1732	1.6076886338207945	0	0	5	Tilt	Normal
-4.4430	-1.6083	9.7294	7.7901	21.6169	-88.3653	26.6499	1.7678	-11.6515	-0.8636	-0.2789	0.6967	-0.1782	0.0877	0.6739	0.7116	-0.2924	0.2417	-0.0455	-3.5795	-1.3294	9.0327	1.1923982669440178	0	1	6	PT	Normal
-3.9450	-0.8805	9.0399	8.6864	22.0345	-88.7672	26.2579	3.2451	-10.9823	-0.3081	0.6008	0.0539	-0.1864	0.0842	0.6743	0.7096	-0.0058	-0.0300	-0.0221	-3.6369	-1.4813	8.9860	-0.9136748088139868	0	1	6	PT	Normal
-3.9067	-1.2252	8.3121	8.0637	22.4362	-88.9531	26.4502	3.4133	-11.5435	-0.2010	0.1505	-0.6626	-0.1852	0.0902	0.6758	0.7077	0.0805	0.0680	0.0301	-3.7058	-1.3758	8.9747	-0.6366619755127267	0	1	6	PT	Normal
-3.9834	-1.4934	8.8484	7.8148	23.1215	-89.1581	26.3093	2.3054	-11.3385	-0.1682	-0.1598	-0.0868	-0.1879	0.0956	0.6763	0.7058	0.0474	0.0744	0.0184	-3.8152	-1.3336	8.9352	0.5521711978283097	0	1	6	PT	Normal
-3.8301	-1.4551	9.2698	7.7487	22.9402	-89.2451	26.5348	2.3463	-11.7864	-0.0426	-0.1327	0.3213	-0.1865	0.0947	0.6773	0.7054	0.0325	-0.1205	-0.0167	-3.7875	-1.3223	8.9485	0.31696112456547887	0	1	6	Tilt	Normal
-3.5243	-1.2641	8.8490	7.4488	22.1764	-89.2865	25.9253	1.9827	-11.1884	0.1462	0.0073	-0.1555	-0.1802	0.0918	0.6792	0.7055	0.0826	-0.0598	-0.0136	-3.6705	-1.2715	9.0044	-0.5263902657087574	0	0	6	Tilt	Normal
-3.6775	-1.1492	8.8490	7.0944	22.2467	-89.3533	26.4727	2.2999	-11.5543	0.0069	0.0621	-0.1582	-0.1786	0.0942	0.6801	0.7048	0.0538	0.0510	0.0003	-3.6844	-1.2113	9.0071	0.04288842301795093	0	0	6	Tilt	Normal
-3.8307	-1.1109	9.0022	6.9231	22.4831	-89.5089	26.6289	2.8306	-10.9227	-0.1079	0.0712	0.0070	-0.1791	0.0965	0.6809	0.7035	0.0187	0.0137	0.0088	-3.7228	-1.1821	8.9952	0.19481874131608556	0	0	6	Tilt	Normal
-3.7152	-1.1869	9.0399	6.7505	22.5284	-89.6237	26.2055	1.5374	-11.6115	0.0162	-0.0341	0.0444	-0.1784	0.0976	0.6818	0.7027	0.0251	0.0116	0.0046	-3.7314	-1.1528	8.9955	-8.499439333427006E-4	0	0	6	Tilt	Normal
-3.7924	-1.0726	8.8490	6.7784	22.5708	-89.7240	26.5427	2.3568	-12.1164	-0.0546	0.0850	-0.1432	-0.1789	0.0976	0.6824	0.7020	-0.0282	0.0052	-0.0061	-3.7378	-1.1576	8.9922	-0.15838665966609433	0	0	6	Tilt	Normal
-3.7924	-1.1875	8.9639	6.9510	22.7211	-89.8095	26.1053	2.1471	-11.1884	-0.0323	-0.0006	-0.0151	-0.1809	0.0973	0.6824	0.7016	-0.0197	0.0286	-0.0050	-3.7601	-1.1869	8.9790	0.1183227910492537	1	0	7	Tilt	Normal
-3.7918	-1.1486	8.9250	6.8878	22.9034	-89.8784	26.1265	2.1283	-10.8304	-0.0027	0.0275	-0.0432	-0.1817	0.0987	0.6826	0.7009	0.0166	0.0201	0.0018	-3.7891	-1.1762	8.9682	-0.04043355925150749	1	0	7	Tilt	Normal
-3.8690	-1.1492	8.9639	6.8869	22.9111	-89.9431	26.8510	2.6352	-11.3184	-0.0787	0.0268	-0.0039	-0.1818	0.0986	0.6830	0.7005	0.0028	-0.0140	-0.0014	-3.7903	-1.1760	8.9678	0.06576304510186404	1	0	7	Tilt	Normal
-3.8307	-1.1492	8.9256	6.8835	22.9281	-89.9703	26.8099	2.5674	-11.6867	-0.0377	0.0262	-0.0412	-0.1819	0.0987	0.6831	0.7004	-0.0143	-0.0119	-0.0024	-3.7930	-1.1754	8.9667	-0.049974214867889444	1	0	7	Tilt	Normal
-3.7918	-1.1103	8.9250	6.8771	22.9277	-89.9920	26.4535	2.4963	-11.4474	0.0012	0.0640	-0.0419	-0.1818	0.0987	0.6833	0.7002	0.0081	0.0084	-0.0003	-3.7930	-1.1744	8.9669	-0.0202197954177894	1	0	7	Tilt	Normal
-3.7918	-1.1103	8.9250	6.8726	22.9306	-90.0095	26.6914	2.3487	-11.5286	0.0016	0.0633	-0.0417	-0.1819	0.0987	0.6834	0.7001	-0.0036	-0.0012	-0.0014	-3.7935	-1.1736	8.9667	0.0	1	0	7	Tilt	Normal
-3.8307	-1.2258	8.9639	6.8768	22.9394	-90.0133	26.7679	2.5181	-11.0132	-0.0359	-0.0516	-0.0022	-0.1819	0.0988	0.6834	0.7001	0.0081	0.0158	-0.0011	-3.7948	-1.1742	8.9661	0.06444633016977797	1	0	7	Tilt	Normal
-3.9073	-1.1875	9.0022	6.8801	22.9470	-90.0274	26.8100	2.3515	-11.4246	-0.1113	-0.0127	0.0367	-0.1820	0.0988	0.6835	0.7000	0.0060	0.0116	-0.0021	-3.7960	-1.1748	8.9655	0.06029472236784983	1	0	7	Tilt	Normal
-3.8690	-1.1492	8.9256	6.8803	22.9718	-90.0484	26.9676	2.2180	-11.2743	-0.0691	0.0257	-0.0383	-0.1822	0.0989	0.6835	0.6998	0.0049	0.0062	0.0000	-3.7999	-1.1750	8.9639	-0.08945724570385316	1	0	7	Tilt	Normal
-3.8301	-1.2252	9.0016	6.8806	22.9817	-90.0780	27.2651	1.9993	-11.0022	-0.0287	-0.0503	0.0385	-0.1823	0.0989	0.6837	0.6997	0.0102	-0.0044	-0.0011	-3.8014	-1.1750	8.9631	0.06326380223633699	1	0	7	Tilt	Normal
-3.8690	-1.1875	8.9256	6.8641	23.0863	-90.1340	26.7326	2.2287	-11.0338	-0.0512	-0.0154	-0.0310	-0.1828	0.0996	0.6839	0.6992	0.0081	0.0169	0.0021	-3.8179	-1.1721	8.9566	-0.05869676553973591	2	0	8	Tilt	Fall
-3.9067	-1.1103	8.9250	6.8475	23.1034	-90.1639	26.6765	2.2117	-11.1239	-0.0860	0.0590	-0.0307	-0.1829	0.0997	0.6841	0.6990	0.0167	0.0073	0.0034	-3.8207	-1.1693	8.9557	0.005357828576897816	2	0	8	Tilt	Normal
-3.8684	-1.1103	8.9250	6.8186	23.1352	-90.1883	26.6453	2.2859	-11.1602	-0.0425	0.0540	-0.0292	-0.1829	0.1000	0.6842	0.6988	0.0199	0.0190	0.0013	-3.8259	-1.1643	8.9542	-0.015196126865399506	2	0	8	Tilt	Normal
-3.9067	-1.1486	8.9250	6.7984	23.1738	-90.2387	27.2489	2.0855	-10.6690	-0.0747	0.0123	-0.0269	-0.1831	0.1003	0.6845	0.6985	0.0018	0.0116	-0.0019	-3.8321	-1.1609	8.9519	0.019606672407642023	2	0	8	Tilt	Normal
-3.9067	-1.1869	8.9250	6.8051	23.1890	-90.2786	26.8511	2.3116	-11.1189	-0.0723	-0.0248	-0.0259	-0.1832	0.1003	0.6847	0.6982	0.0071	0.0020	0.0002	-3.8345	-1.1621	8.9509	0.00455802466930777	2	0	8	Tilt	Normal
-3.8684	-1.1103	9.0016	6.7973	23.2027	-90.2971	26.8617	2.2630	-10.6463	-0.0319	0.0504	0.0516	-0.1833	0.1004	0.6848	0.6981	-0.0068	-0.0012	0.0013	-3.8366	-1.1607	8.9500	0.04571441102531182	2	0	8	Tilt	Normal
-3.9073	-1.1875	8.9256	6.8033	23.2242	-90.3219	26.8677	2.0621	-11.0637	-0.0675	-0.0257	-0.0229	-0.1835	0.1005	0.6849	0.6979	0.0028	0.0031	0.0002	-3.8399	-1.1618	8.9485	-0.044857478850182986	2	0	8	Tilt	Normal
-3.9450	-1.1103	8.8867	6.7998	23.2473	-90.3591	26.7285	2.1069	-10.6496	-0.1015	0.0509	-0.0603	-0.1836	0.1006	0.6851	0.6977	0.0060	-0.0087	-0.0009	-3.8436	-1.1612	8.9470	-0.029296732840560225	2	0	8	Tilt	Normal
-3.8684	-1.1486	8.8101	6.8002	23.2631	-90.3522	26.8471	2.7773	-10.3991	-0.0224	0.0127	-0.1359	-0.1837	0.1007	0.6851	0.6977	0.0124	0.0031	0.0002	-3.8460	-1.1613	8.9459	-0.09588832853425089	2	0	8	Tilt	Normal
-3.8684	-1.1103	8.9633	6.8054	23.2842	-90.3309	27.0882	2.7681	-11.3701	-0.0192	0.0518	0.0189	-0.1838	0.1008	0.6849	0.6978	0.0007	-0.0023	-0.0030	-3.8493	-1.1621	8.9444	0.13509002645055723	2	0	8	Tilt	Normal
-3.8690	-1.2258	8.9639	6.8090	23.2909	-90.2771	26.7976	2.7538	-10.9426	-0.0187	-0.0631	0.0201	-0.1839	0.1009	0.6845	0.6982	0.0081	-0.0033	-0.0009	-3.8503	-1.1627	8.9438	0.014503495223131324	3	0	9	Tilt	Normal
-3.9067	-1.1486	8.8484	6.8105	23.3084	-90.2154	26.4894	3.2519	-11.6749	-0.0537	0.0144	-0.0943	-0.1839	0.1011	0.6841	0.6985	0.0018	-0.0065	-0.0011	-3.8530	-1.1630	8.9426	-0.09946078948441794	3	0	9	Tilt	Normal
-3.9067	-1.1486	8.9250	6.8119	23.3253	-90.1482	26.5763	2.8889	-10.9274	-0.0510	0.0147	-0.0165	-0.1840	0.1013	0.6837	0.6989	0.0072	-0.0044	-0.0022	-3.8557	-1.1633	8.9414	0.0696373723411039	3	0	9	Tilt	Normal
-3.9456	-1.1492	8.8490	6.8031	23.3396	-90.1046	26.8895	2.3252	-10.4964	-0.0877	0.0126	-0.0917	-0.1840	0.1015	0.6834	0.6991	-0.0003	-0.0012	-0.0001	-3.8580	-1.1618	8.9407	-0.053355472869288434	3	0	9	Tilt	Normal
-3.8690	-1.1492	8.8490	6.8015	23.3569	-90.0740	26.8675	2.4146	-11.0940	-0.0084	0.0123	-0.0907	-0.1840	0.1017	0.6832	0.6993	0.0029	-0.0044	-0.0011	-3.8607	-1.1615	8.9396	-0.030724674722312884	3	0	9	Tilt	Normal
-3.9456	-1.1875	8.9256	6.8047	23.3743	-90.0616	27.0359	2.3781	-10.7182	-0.0823	-0.0254	-0.0127	-0.1841	0.1018	0.6831	0.6994	0.0072	0.0041	-0.0011	-3.8633	-1.1621	8.9383	0.10480420030593685	3	0	9	Tilt	Normal
-3.9073	-1.2641	8.9256	6.8120	23.3850	-90.0686	26.9386	1.9007	-10.9507	-0.0423	-0.1009	-0.0120	-0.1842	0.1018	0.6831	0.6993	0.0008	0.0020	-0.0015	-3.8650	-1.1633	8.9376	-0.005747608135816762	3	0	9	Tilt	Normal
-3.9067	-1.1486	8.9633	6.8057	23.3995	-90.0972	27.0693	2.4000	-11.0326	-0.0395	0.0136	0.0266	-0.1843	0.1019	0.6833	0.6991	0.0019	-0.0012	-0.0005	-3.8672	-1.1622	8.9367	0.019880591814558812	3	0	9	Tilt	Normal
-3.8684	-1.1869	8.9250	6.8013	23.4126	-90.1296	26.5952	2.3080	-11.4230	0.0009	-0.0254	-0.0109	-0.1844	0.1019	0.6835	0.6989	-0.0055	0.0031	-0.0005	-3.8693	-1.1615	8.9359	-0.045481230883186896	3	0	9	Tilt	Normal
-3.9456	-1.2641	8.8873	6.8131	23.4204	-90.1487	26.7583	2.3314	-11.4279	-0.0753	-0.1007	-0.0479	-0.1845	0.1019	0.6835	0.6988	0.0051	0.0009	-0.0005	-3.8704	-1.1634	8.9352	0.006167906832013514	4	0	10	Tilt	Normal
-3.9450	-1.1486	8.9250	6.8142	23.4327	-90.1743	26.8646	2.2319	-11.0082	-0.0727	0.0151	-0.0093	-0.1846	0.1019	0.6837	0.6986	-0.0023	0.0020	-0.0015	-3.8723	-1.1637	8.9343	0.01977148144228913	4	0	10	Tilt	Normal
-4.0600	-1.1103	8.8867	6.8102	23.4503	-90.2117	27.0322	1.9127	-11.1638	-0.1848	0.0527	-0.0464	-0.1848	0.1020	0.6839	0.6984	0.0114	0.0009	0.0033	-3.8752	-1.1630	8.9331	0.007725008819443602	4	0	10	Tilt	Normal
-3.9450	-1.1486	8.9633	6.8107	23.4671	-90.2403	27.3332	2.6245	-10.9421	-0.0673	0.0144	0.0313	-0.1849	0.1020	0.6840	0.6982	0.0072	0.0031	0.0012	-3.8777	-1.1630	8.9320	0.027077886464827117	4	0	10	Tilt	Normal
-3.9840	-1.1875	8.8490	6.8141	23.4864	-90.2504	27.0904	2.4575	-10.6965	-0.1032	-0.0239	-0.0817	-0.1850	0.1021	0.6841	0.6981	0.0029	0.0020	0.0001	-3.8807	-1.1636	8.9307	-0.0833035794135597	4	0	10	Tilt	Normal
-3.9073	-1.1492	8.8873	6.8135	23.4990	-90.2486	26.8110	2.4695	-10.3786	-0.0247	0.0144	-0.0425	-0.1851	0.1022	0.6840	0.6981	0.0136	0.0031	0.0044	-3.8826	-1.1636	8.9298	-7.909652959714464E-4	4	0	10	Tilt	Normal
-3.9067	-1.1869	8.8867	6.8160	23.5117	-90.2552	26.7264	2.1584	-11.3762	-0.0221	-0.0229	-0.0422	-0.1852	0.1022	0.6840	0.6981	0.0010	0.0021	0.0004	-3.8846	-1.1640	8.9289	0.003718574457433732	4	0	10	Tilt	Normal
-3.9840	-1.2258	8.8490	6.8141	23.5365	-90.2981	26.5982	1.8665	-11.0846	-0.0955	-0.0621	-0.0783	-0.1854	0.1023	0.6843	0.6978	0.0064	-0.0033	-0.0007	-3.8885	-1.1637	8.9272	0.001798194498670469	4	0	10	Tilt	Normal
-3.9840	-1.1109	8.9256	6.8103	23.5545	-90.3491	27.0080	2.0607	-10.9318	-0.0926	0.0521	-0.0004	-0.1855	0.1024	0.6846	0.6975	-0.0022	-0.0011	0.0015	-3.8913	-1.1630	8.9260	0.055714051612264726	4	0	10	Tilt	Normal
-3.9834	-1.1869	8.8867	6.8103	23.5693	-90.3840	27.2144	2.2581	-10.9215	-0.0896	-0.0239	-0.0383	-0.1856	0.1024	0.6847	0.6973	0.0010	-0.0118	-0.0007	-3.8937	-1.1630	8.9250	-0.026621116610320072	4	0	10	Tilt	Normal
-4.0217	-1.1486	8.8867	6.8066	23.5905	-90.4009	27.0891	2.5401	-10.8543	-0.1246	0.0138	-0.0370	-0.1857	0.1025	0.6848	0.6971	0.0085	-0.0033	-0.0007	-3.8970	-1.1624	8.9236	0.011060468160982495	5	0	11	Tilt	Normal
Total time: 11 seconds.
