0.3454	-9.2314	2.1829	-55.6265	-72.3284	-69.4459	-6.3247	24.2925	7.9371	1.3253	0.3804	0.5023	-0.6069	0.2144	-0.1804	-0.7437	-0.2866	0.5762	0.0244	-0.9800	-9.6118	1.6806	-0.4348994458790596	6	0	1	Tilt	Normal
-0.6506	-10.7637	1.3785	-53.9229	-72.5489	-71.2719	-6.3633	24.0754	9.4864	0.1022	-1.1405	-0.3533	-0.6043	0.2156	-0.2006	-0.7403	0.6455	0.3099	-0.2089	-0.7528	-9.6232	1.7318	1.378833143990807	6	0	1	Tilt	Normal
-0.2292	-10.1508	1.8765	-51.1093	-73.2093	-72.7400	-7.3699	24.4160	7.9151	0.4509	-0.5308	0.0980	-0.5978	0.2278	-0.2224	-0.7357	-0.6904	-0.1333	-0.1684	-0.6801	-9.6201	1.7784	-0.5457640113698421	6	0	1	Tilt	Normal
-2.8341	-9.7677	2.3361	-46.0899	-77.8270	-76.3481	-8.0661	23.2127	8.6583	-2.0192	-0.1007	0.9022	-0.5967	0.2661	-0.2492	-0.7148	-0.7511	1.9813	-0.0353	-0.8149	-9.6670	1.4340	0.11006035536769332	0	0	1	Upright	Normal
-2.4900	-8.8873	2.2984	-39.8771	-82.7861	-77.2942	-8.8140	22.8971	9.2090	-1.1202	0.7772	1.3535	-0.5880	0.3257	-0.2643	-0.6916	-0.0331	-0.0172	0.3610	-1.3698	-9.6645	0.9450	-0.9239887341278532	0	0	1	Upright	Normal
1.1498	-9.0016	1.9148	-44.2729	-81.0828	-76.8109	-8.1763	22.7877	9.6462	2.3272	0.6732	0.8264	-0.5984	0.2939	-0.2454	-0.7038	0.1289	-0.3133	-0.3640	-1.1773	-9.6748	1.0883	-0.2368539884525518	0	0	1	Upright	Normal
1.6861	-9.4230	3.8301	-37.1285	-80.5901	-79.6466	-9.8063	22.6154	9.4796	2.4729	0.2682	2.5519	-0.5791	0.3153	-0.3049	-0.6872	0.3142	1.9141	-0.5323	-0.7868	-9.6911	1.2782	1.0359060054316593	0	0	1	Upright	Normal
-2.3367	-10.8409	2.9113	-31.4386	-79.9617	-81.6901	-12.5394	21.7917	7.5114	-1.8232	-1.1568	1.4530	-0.5616	0.3321	-0.3507	-0.6718	-0.4102	0.4196	-0.2628	-0.5136	-9.6841	1.4584	1.1551848599349057	0	0	1	Upright	Normal
1.0732	-8.9250	4.4813	-31.9727	-82.8100	-82.1837	-13.0512	19.8161	7.7214	1.7526	0.8027	3.4402	-0.5736	0.3434	-0.3366	-0.6631	0.1448	-1.3967	0.2751	-0.6794	-9.7276	1.0412	-1.421269105564308	0	0	1	Upright	Normal
-1.7232	-14.0965	2.6426	-34.6910	-67.6213	-73.1453	-12.6851	20.3512	6.0910	-1.1277	-4.8017	-0.4272	-0.5154	0.2790	-0.3393	-0.7358	2.8954	0.9341	0.0834	-0.5956	-9.2947	3.0698	4.400836158915547	0	1	2	Jump	Normal
0.4603	-10.5339	-6.8959	-22.5356	-48.3883	-63.3788	-13.8601	19.5376	-1.8040	1.5145	-2.8606	-12.9109	-0.3628	0.2484	-0.4018	-0.8033	3.0232	3.1072	-0.2939	-1.0542	-7.6733	6.0150	-1.8464649104295923	0	1	2	PT	Normal
-2.2978	-8.7718	5.6689	-33.2791	-55.8726	-66.4038	-13.7298	19.1241	-3.8942	-1.8148	-0.1240	1.0693	-0.4575	0.2371	-0.3513	-0.7817	-2.1679	-3.6284	0.9003	-0.4830	-8.6477	4.5996	-1.9047841865165047	0	1	2	PT	Normal
0.8817	-8.9250	2.5277	-39.9702	-57.5225	-63.5853	-13.2055	20.0490	1.6981	1.5324	-0.0108	-1.5079	-0.4929	0.2265	-0.2943	-0.7869	-1.0792	0.5772	0.6851	-0.6508	-8.9142	4.0356	-1.3761124301374394	0	1	2	PT	Normal
1.5329	-6.4733	5.2092	-48.2967	-54.4662	-61.5822	-12.8678	20.1793	4.2343	1.5883	2.5706	1.4177	-0.5262	0.1725	-0.2545	-0.7928	-0.0299	-1.0558	0.4028	-0.0554	-9.0439	3.7915	-0.8686374100845704	0	1	2	PT	Normal
-2.2595	-6.3584	0.3442	-34.5781	-63.0177	-69.3528	-13.2181	19.6956	2.9215	-1.5410	2.7099	-3.3193	-0.4923	0.2662	-0.3354	-0.7578	1.4391	2.8122	-0.8595	-0.7186	-9.0683	3.6634	-1.6925055010939785	0	1	2	PT	Normal
-3.4471	-11.1851	0.6506	-28.3186	-60.4311	-69.0019	-14.4657	18.5362	-0.5655	-2.5338	-2.3994	-3.6094	-0.4506	0.2824	-0.3731	-0.7602	-0.0224	0.9799	0.0106	-0.9132	-8.7857	4.2600	4.965591303676782	0	1	2	Jump	Normal
-1.3024	-7.3167	1.5323	-27.7825	-69.0376	-72.2494	-14.0657	19.1523	-0.7309	-0.0679	1.9035	-1.5715	-0.4841	0.3277	-0.3616	-0.7263	-1.9165	-0.7352	-0.0085	-1.2345	-9.2202	3.1038	-4.13426051288627	0	1	2	Jump	Normal
0.1149	-9.2320	3.4477	-28.8988	-76.4240	-77.9789	-14.6853	19.2975	2.5113	1.0123	0.3234	1.4325	-0.5293	0.3422	-0.3588	-0.6885	-0.5306	1.6670	-0.8416	-0.8974	-9.5554	2.0152	2.2674026734889186	0	1	2	PT	Normal
0.8045	-8.6574	3.9456	-30.7536	-77.0991	-81.7898	-15.6833	18.6393	3.4098	1.0615	0.9637	2.0641	-0.5501	0.3184	-0.3688	-0.6782	0.2907	-0.5434	-0.2045	-0.2571	-9.6211	1.8815	-0.3073728866705494	0	1	2	Upright	Normal
-1.3785	-9.4230	3.9450	-25.8943	-78.7603	-83.4870	-16.6665	16.9581	3.3983	-1.1167	0.2282	2.2256	-0.5409	0.3461	-0.3955	-0.6567	-0.6509	0.2886	-0.3164	-0.2617	-9.6512	1.7195	0.7600002622693935	0	0	3	Upright	Normal
-1.6466	-10.9170	2.3744	-23.6431	-70.7204	-75.8505	-16.0963	17.0246	2.6574	-0.6428	-1.6236	-0.5915	-0.4799	0.3441	-0.3971	-0.7025	2.6748	-1.1389	1.0686	-1.0038	-9.2934	2.9660	0.9848501150586095	0	0	3	Upright	Normal
1.4557	-11.6071	-2.6432	-37.9251	-45.4306	-61.2735	-15.9922	17.4539	0.3837	1.1042	-3.4475	-8.0718	-0.4440	0.1615	-0.3366	-0.8145	3.2778	-0.7352	-0.4206	0.3515	-8.1596	5.4286	0.700012263102316	0	0	3	Upright	Normal
-1.3791	-6.3590	3.3327	-22.5123	-49.8780	-63.8567	-15.7227	16.8804	-4.1502	-0.2469	1.4389	-2.5052	-0.3689	0.2574	-0.4005	-0.7983	-1.9484	-0.0917	-0.1394	-1.1322	-7.7979	5.8380	-4.682272347479097	0	0	3	Upright	Normal
-1.0343	-8.0828	3.1412	-41.9305	-53.6190	-60.8541	-14.3173	17.7672	0.0845	-0.5839	0.7060	-1.1862	-0.4887	0.2014	-0.2829	-0.8004	-1.9676	-2.6516	0.6841	-0.4504	-8.7888	4.3274	1.4225318715784496	0	0	3	Upright	Normal
2.9497	-9.1937	11.4156	-44.1258	-57.1960	-63.4061	-13.5374	19.4298	4.8769	3.3320	-0.1670	7.6020	-0.5137	0.2041	-0.2746	-0.7868	0.3185	-0.8502	-0.2747	-0.3823	-9.0267	3.8135	6.218091997305672	0	0	3	Upright	Normal
-1.2641	-7.8147	0.3831	-29.6790	-60.6040	-67.1526	-13.4763	18.8364	3.2256	-0.1431	0.9845	-3.7988	-0.4540	0.2841	-0.3539	-0.7668	2.1539	1.6894	-0.2500	-1.1211	-8.7991	4.1819	-7.0257354754317864	0	0	3	Upright	Normal
-2.6815	-10.6111	-0.1915	-28.5113	-55.4202	-65.2237	-14.9144	18.3045	-0.9216	-1.7101	-2.1666	-5.0821	-0.4265	0.2621	-0.3660	-0.7845	-0.1257	1.0726	0.1005	-0.9714	-8.4445	4.8906	3.020804943422907	0	0	3	Upright	Normal
-1.5323	-8.4276	2.4134	-29.7892	-66.8644	-69.9203	-14.7081	18.4973	0.0144	-0.2340	0.6996	-0.9306	-0.4809	0.3134	-0.3461	-0.7421	-1.9431	-1.5799	0.1686	-1.2983	-9.1271	3.3440	-2.047086195677238	0	0	3	Upright	Normal
-0.4208	-9.3081	2.6426	-37.5889	-73.0905	-73.0021	-14.4192	18.4842	4.8501	0.6583	0.1734	0.3825	-0.5434	0.2992	-0.2982	-0.7255	-1.4722	0.0435	0.0770	-1.0790	-9.4815	2.2601	0.7858352324638567	0	0	3	Upright	Normal
-0.3442	-8.4270	4.7495	-31.9137	-79.0486	-79.9159	-15.3445	18.2989	7.0558	0.3720	1.2248	3.1681	-0.5555	0.3328	-0.3422	-0.6808	-0.1705	1.1248	-0.6079	-0.7162	-9.6518	1.5814	-0.005710292394018879	0	0	4	Upright	Normal
-1.7232	-9.8444	2.7958	-29.1646	-77.0543	-82.1795	-16.7233	17.0019	6.6922	-1.4834	-0.2301	0.8775	-0.5446	0.3249	-0.3794	-0.6737	0.1864	-0.2015	-0.3098	-0.2399	-9.6142	1.9184	0.6983832100716327	0	0	4	Upright	Normal
-1.1869	-9.5379	0.6889	-30.3082	-71.8758	-75.1256	-16.9660	17.3828	6.2549	-0.2824	-0.1348	-1.9447	-0.5131	0.3200	-0.3548	-0.7130	1.2580	-0.6979	0.7555	-0.9046	-9.4031	2.6336	-0.7416490108978948	0	0	4	Upright	Normal
0.1155	-10.4190	-0.8051	-38.4027	-55.4137	-62.7826	-14.9035	18.8081	5.2365	0.7331	-1.6577	-5.1674	-0.4773	0.2231	-0.3050	-0.7934	2.0559	-2.2329	0.3475	-0.6176	-8.7613	4.3624	0.8145754240578196	0	0	4	Upright	Normal
-0.5740	-8.0822	1.5317	-34.0681	-58.8401	-64.4845	-14.2784	19.5547	3.7859	0.4757	0.7156	-2.6716	-0.4664	0.2611	-0.3226	-0.7812	-0.1939	0.8553	0.2239	-1.0497	-8.7978	4.2033	-2.204635601457923	0	0	4	Upright	Normal
1.8010	-7.8141	6.2435	-40.9491	-59.7659	-61.0523	-12.6766	19.3527	4.5433	3.0700	1.1666	2.5139	-0.4983	0.2480	-0.2625	-0.7882	0.0351	-2.7027	0.8205	-1.2689	-8.9807	3.7296	1.9168633444441099	0	0	4	Upright	Normal
0.3837	-2.2212	1.5700	-44.1174	-55.0850	-55.2152	-10.2504	20.2976	6.3588	1.7623	6.6125	-2.4594	-0.4937	0.2254	-0.2269	-0.8087	-0.3793	1.5615	1.2915	-1.3786	-8.8337	4.0294	-7.415953333377692	0	0	4	Upright	Normal
-7.9290	-8.6185	-0.8817	-38.8441	-63.9328	-43.9661	-5.4152	20.4146	6.5937	-3.4650	-0.5575	-4.2379	-0.4485	0.3574	-0.1362	-0.8078	0.5923	-1.4127	2.4963	-4.4640	-8.0610	3.3562	8.997174284161389	0	0	4	Upright	Normal
-19.6127	-14.7860	1.1486	-50.2800	-80.7923	-36.4966	4.7889	18.1069	9.1343	-12.5486	-8.0580	0.1459	-0.4910	0.4559	0.0456	-0.7410	-4.7692	2.3552	1.3256	-7.0641	-6.7280	1.0027	12.844531325443757	0	0	4	Upright	Normal
-8.9250	-15.2074	8.8484	-53.5594	-128.2427	-59.3858	6.3851	11.6741	20.0779	-0.7998	-11.0656	12.4540	-0.5687	0.6003	0.1591	-0.5393	-3.7402	1.4422	3.5488	-8.1252	-4.1418	-3.6057	-4.860149105604808	0	0	4	Upright	Normal
2.2990	-5.2858	1.7232	-53.2429	-159.4636	-84.4138	5.5321	3.9765	27.0699	9.9566	-2.5781	7.2188	-0.6501	0.5979	0.2195	-0.4143	-2.1412	1.4454	-2.2782	-7.6576	-2.7077	-5.4956	-13.712341965603642	0	1	5	Jump	Normal
3.2184	19.1542	-11.9141	-30.4916	-157.3830	-95.7208	-3.1994	1.9909	29.3111	7.4130	23.3647	-4.1135	-0.7361	0.5965	0.0327	-0.3181	4.1289	6.8804	-0.5645	-4.1946	-4.2105	-7.8006	16.769493869747752	0	1	5	Jump	Normal
-8.3510	-6.7421	-18.0810	-24.2767	-165.6595	-102.9623	-12.2009	0.9274	27.5987	-5.0889	-3.4987	-9.4200	-0.7753	0.5836	0.0345	-0.2392	0.6093	-1.0803	-1.1099	-3.2621	-3.2434	-8.6610	-1.7590866493911008	0	1	5	PT	Normal
-2.4900	5.5162	-9.2320	-23.3630	-167.4437	-114.6747	-13.2824	-0.0682	27.8443	0.0694	9.0383	-0.4447	-0.8314	0.5067	0.0185	-0.2272	-0.1513	-0.9834	-2.7003	-2.5594	-3.5220	-8.7873	-9.987644835262788	0	1	5	Jump	Normal
-1.4557	-0.5363	-0.3448	-29.1357	-160.5222	-120.5754	-14.6861	0.0900	27.7979	0.7566	4.5689	7.7309	-0.8496	0.4358	-0.0193	-0.2965	1.2740	-0.4092	-0.4388	-2.2122	-5.1052	-8.0756	-9.449745574183313	0	1	5	Jump	Normal
0.9960	-6.6272	-9.1171	-24.4804	-162.0648	-121.0386	-13.9240	0.8367	27.4411	2.7517	-2.0461	-0.6258	-0.8566	0.4463	-0.0295	-0.2573	-1.9005	1.0523	-0.7370	-1.7557	-4.5810	-8.4913	9.72597695006342	0	1	5	Jump	Normal
-8.0822	-5.3241	-14.9404	-25.2659	-169.9436	-127.7345	-13.5705	-3.3685	28.0192	-5.8707	-1.4474	-6.2080	-0.8811	0.4109	0.0192	-0.2333	0.5773	0.0712	-0.7317	-2.2115	-3.8767	-8.7324	6.486043083588621	0	1	5	Jump	Normal
0.2298	-1.6089	-3.8307	-23.0930	-157.4933	-125.9269	-15.6051	-1.9727	27.5955	0.9047	3.5159	4.5030	-0.8737	0.4020	-0.0811	-0.2618	1.2527	1.3879	-1.1779	-0.6749	-5.1248	-8.3338	-13.640018168052418	0	1	5	Jump	Normal
5.1332	-9.0788	-3.9456	-18.8225	-156.2994	-134.8100	-19.3521	-2.9827	24.6854	4.4106	-4.2404	4.5538	-0.9043	0.3400	-0.1256	-0.2256	-1.5937	0.2044	-1.1886	0.7226	-4.8384	-8.4994	6.9896744063432665	0	1	5	Jump	Normal
-0.3831	-3.4860	-12.7563	-15.7587	-163.7258	-132.6699	-19.0140	-6.2896	26.4023	-0.3657	0.2677	-3.6963	-0.9059	0.3758	-0.0739	-0.1806	-0.4954	0.2619	1.2498	-0.0174	-3.7537	-9.0600	2.078714121589398	0	2	6	PT	Normal
-0.6129	-0.3831	-11.6454	-16.6852	-163.9860	-131.5489	-17.8508	-5.5700	26.9251	-0.3817	3.4367	-2.6161	-0.9018	0.3836	-0.0667	-0.1876	0.8096	0.1884	-0.4194	-0.2312	-3.8198	-9.0293	-1.5617852969170656	0	2	6	PT	Normal
0.8051	-5.0560	-7.4705	-17.0085	-162.2219	-132.0222	-18.7842	-4.3713	26.6588	0.8300	-1.0029	1.4594	-0.9020	0.3764	-0.0802	-0.1956	-0.2536	-0.1876	0.1601	-0.0250	-4.0531	-8.9299	-2.611335940289635	0	2	6	PT	Normal
-1.8381	-3.4087	-9.8072	-17.8920	-166.1716	-131.5563	-17.9100	-5.2325	27.2343	-1.2037	0.2860	-0.7453	-0.9020	0.3853	-0.0451	-0.1896	-0.3335	-0.3346	0.1962	-0.6345	-3.6947	-9.0619	1.4876740713701189	0	2	6	PT	Normal
-0.8422	-4.3281	-9.4625	-18.6902	-166.1519	-131.5047	-16.7245	-5.1236	27.3721	-0.1125	-0.5483	-0.4429	-0.9012	0.3844	-0.0423	-0.1958	0.2705	0.0521	-0.0637	-0.7296	-3.7798	-9.0196	-0.10476676389250095	0	2	6	Tilt	Normal
-0.2676	-4.2515	-8.6963	-18.4822	-164.9134	-131.3960	-17.2208	-4.7271	27.1131	0.2964	-0.3518	0.2840	-0.9005	0.3835	-0.0526	-0.1984	-0.0629	0.1671	-0.0680	-0.5640	-3.8997	-8.9804	-0.7557602049965126	0	0	6	Tilt	Normal
-0.2292	-3.2555	-9.1560	-17.4524	-164.5859	-131.9168	-18.0688	-5.3126	27.2455	0.1395	0.5783	-0.1372	-0.9028	0.3805	-0.0598	-0.1913	-0.0192	0.1522	-0.0850	-0.3687	-3.8339	-9.0188	0.03662481283990182	0	0	6	Tilt	Normal
0.3837	-3.4854	-9.4242	-16.4235	-164.4143	-132.2582	-18.2060	-5.6227	27.1439	0.5885	0.2608	-0.3635	-0.9046	0.3791	-0.0655	-0.1837	0.0202	-0.0097	-0.0179	-0.2049	-3.7462	-9.0607	0.3351414493260272	0	0	6	Tilt	Normal
0.1538	-3.7535	-9.1560	-16.3386	-164.4390	-132.4117	-18.0743	-4.8831	27.1408	0.3418	-0.0186	-0.0902	-0.9051	0.3781	-0.0658	-0.1829	-0.0096	-0.0470	0.0014	-0.1879	-3.7350	-9.0658	-0.15868163251237455	0	0	6	Tilt	Normal
0.0383	-3.7541	-8.9639	-16.3583	-164.4953	-132.3676	-17.9141	-5.1561	27.0570	0.2382	-0.0236	0.1034	-0.9050	0.3785	-0.0652	-0.1829	-0.0181	-0.0321	0.0355	-0.1999	-3.7305	-9.0673	-0.17835919957694735	0	0	6	Tilt	Normal
-0.2676	-3.8301	-9.1943	-16.4208	-164.6511	-132.1835	-17.6408	-5.5669	26.6745	-0.0296	-0.1113	-0.1232	-0.9044	0.3801	-0.0635	-0.1830	-0.0085	-0.0342	0.0419	-0.2379	-3.7188	-9.0712	0.24541042041655103	1	0	7	Tilt	Normal
-0.3831	-3.6775	-9.2703	-16.4448	-164.8692	-132.0845	-17.8922	-4.8949	27.7186	-0.1097	0.0186	-0.1909	-0.9042	0.3812	-0.0615	-0.1825	-0.0288	-0.0087	0.0185	-0.2734	-3.6960	-9.0794	0.016687019550060356	1	0	7	Tilt	Normal
-0.3059	-3.5620	-9.2326	-16.3411	-164.8698	-132.1167	-17.8426	-5.3891	27.3784	-0.0467	0.1230	-0.1483	-0.9044	0.3811	-0.0619	-0.1816	0.0074	0.0158	-0.0188	-0.2592	-3.6850	-9.0843	-0.07982000126400557	1	0	7	Tilt	Normal
-0.1915	-3.6009	-9.1554	-16.2186	-164.8170	-132.2403	-17.7174	-5.6842	26.8190	0.0391	0.0777	-0.0676	-0.9049	0.3802	-0.0630	-0.1808	0.0010	0.0158	-0.0222	-0.2306	-3.6785	-9.0878	-0.060678041708749575	1	0	7	Tilt	Normal
0.0000	-3.6775	-9.2703	-16.1337	-164.7450	-132.2804	-18.1227	-5.9630	26.7450	0.2093	0.0004	-0.1818	-0.9050	0.3799	-0.0639	-0.1804	0.0191	0.0126	-0.0051	-0.2093	-3.6779	-9.0885	-0.060678041708749575	1	0	7	Tilt	Normal
0.0383	-3.7541	-9.1171	-16.0690	-164.5809	-132.2733	-17.7031	-5.4472	26.7728	0.2207	-0.0645	-0.0328	-0.9049	0.3798	-0.0654	-0.1804	0.0149	0.0052	0.0098	-0.1824	-3.6896	-9.0843	0.019885283663709785	1	0	7	Tilt	Normal
-0.1915	-3.7158	-9.1554	-16.0852	-164.5882	-132.2644	-17.8505	-5.4955	26.3132	-0.0057	-0.0253	-0.0715	-0.9049	0.3799	-0.0653	-0.1805	-0.0064	-0.0065	0.0140	-0.1858	-3.6905	-9.0839	0.022740601398618665	1	0	7	Tilt	Normal
-0.2298	-3.6775	-9.3087	-16.1033	-164.6617	-132.2439	-17.6246	-5.1925	27.0463	-0.0317	0.0064	-0.2224	-0.9049	0.3801	-0.0646	-0.1804	0.0181	-0.0129	0.0023	-0.1981	-3.6839	-9.0863	0.12885827046379994	1	0	7	Tilt	Normal
-0.2298	-3.7541	-9.1554	-16.2732	-164.6431	-132.2157	-17.4363	-5.1928	27.0469	-0.0123	-0.0500	-0.0777	-0.9046	0.3801	-0.0641	-0.1818	0.0202	-0.0055	-0.0009	-0.2176	-3.7041	-9.0778	-0.11357885547136881	1	0	7	Tilt	Normal
-0.0766	-3.7541	-9.1171	-16.2692	-164.6312	-132.2168	-18.0531	-5.5276	26.3866	0.1390	-0.0491	-0.0398	-0.9046	0.3800	-0.0642	-0.1818	0.0159	0.0052	-0.0040	-0.2156	-3.7050	-9.0773	-0.03779685735339733	1	0	7	Tilt	Normal
-0.1532	-3.7158	-9.1937	-16.2545	-164.6296	-132.2210	-17.3930	-5.4677	27.2545	0.0602	-0.0121	-0.1158	-0.9047	0.3800	-0.0643	-0.1817	0.0159	0.0041	-0.0030	-0.2134	-3.7037	-9.0779	0.05734378641163396	2	0	8	Tilt	Fall
-0.1149	-3.7541	-9.0788	-16.2738	-164.5722	-132.2140	-17.9544	-5.3306	26.9202	0.0943	-0.0419	-0.0042	-0.9046	0.3800	-0.0647	-0.1821	0.0170	-0.0097	0.0034	-0.2092	-3.7122	-9.0746	-0.09237339544298528	2	0	8	Tilt	Normal
-0.2292	-3.7535	-9.1560	-16.2731	-164.5702	-132.2167	-17.4742	-5.4090	26.7495	-0.0205	-0.0412	-0.0816	-0.9046	0.3799	-0.0647	-0.1821	0.0170	-0.0150	0.0002	-0.2087	-3.7124	-9.0745	0.07313984222996872	2	0	8	Tilt	Normal
-0.1915	-3.7924	-9.1554	-16.3040	-164.5599	-132.2150	-17.2903	-5.1517	26.9349	0.0198	-0.0756	-0.0827	-0.9046	0.3799	-0.0647	-0.1823	0.0085	-0.0087	0.0014	-0.2113	-3.7168	-9.0727	0.013462538606827223	2	0	8	Tilt	Normal
-0.1532	-3.7924	-9.0788	-16.2686	-164.5750	-132.2139	-18.0279	-5.1822	26.6619	0.0558	-0.0811	-0.0039	-0.9046	0.3800	-0.0647	-0.1820	-0.0224	-0.0012	0.0035	-0.2090	-3.7113	-9.0749	-0.07138277185728725	2	0	8	Tilt	Normal
-0.2298	-3.7158	-9.2703	-16.2675	-164.5862	-132.2143	-18.2068	-5.2387	27.4553	-0.0196	-0.0058	-0.1948	-0.9046	0.3800	-0.0646	-0.1820	-0.0011	-0.0087	-0.0018	-0.2102	-3.7100	-9.0755	0.14967394645004894	2	0	8	Tilt	Normal
-0.2292	-3.7535	-9.2326	-16.2665	-164.5839	-132.2145	-17.5675	-5.4158	26.9796	-0.0195	-0.0434	-0.1573	-0.9046	0.3800	-0.0646	-0.1820	-0.0054	0.0105	-0.0050	-0.2098	-3.7101	-9.0754	-0.020854625010063188	2	0	8	Tilt	Normal
-0.1532	-3.6775	-9.0788	-16.2621	-164.5849	-132.2158	-18.0384	-4.8267	26.8925	0.0561	0.0320	-0.0031	-0.9046	0.3800	-0.0646	-0.1819	-0.0118	-0.0012	0.0003	-0.2093	-3.7095	-9.0757	-0.1725276414986503	2	0	8	Tilt	Normal
-0.1915	-3.7158	-9.1937	-16.2462	-164.5884	-132.2204	-17.5929	-5.2749	27.3584	0.0160	-0.0084	-0.1172	-0.9047	0.3800	-0.0647	-0.1818	-0.0054	-0.0001	0.0024	-0.2075	-3.7074	-9.0766	0.12152768261386804	2	0	8	Tilt	Normal
-0.1532	-3.6775	-9.2703	-16.2364	-164.5855	-132.2233	-17.7403	-5.6294	27.0956	0.0527	0.0292	-0.1935	-0.9047	0.3800	-0.0647	-0.1817	-0.0107	0.0052	0.0002	-0.2059	-3.7067	-9.0769	0.05620147618975757	2	0	8	Tilt	Normal
-0.1532	-3.6009	-9.1554	-16.2268	-164.5960	-132.2260	-18.3888	-5.1559	27.4506	0.0525	0.1037	-0.0777	-0.9047	0.3800	-0.0647	-0.1816	-0.0064	0.0020	0.0002	-0.2058	-3.7046	-9.0778	-0.13499014175125268	3	0	9	Tilt	Normal
-0.1909	-3.6769	-9.1177	-16.2060	-164.6073	-132.2319	-17.6385	-5.2132	27.0485	0.0135	0.0242	-0.0385	-0.9047	0.3800	-0.0647	-0.1814	-0.0160	0.0073	-0.0019	-0.2044	-3.7011	-9.0793	-0.00624342856177762	3	0	9	Tilt	Normal
-0.2292	-3.7152	-9.2326	-16.1711	-164.6310	-132.2410	-17.9191	-5.1493	26.6103	-0.0268	-0.0205	-0.1507	-0.9048	0.3800	-0.0646	-0.1810	-0.0032	0.0052	-0.0019	-0.2025	-3.6947	-9.0820	0.12167475377238723	3	0	9	Tilt	Normal
-0.1909	-3.6386	-9.2709	-16.1573	-164.6429	-132.2450	-17.8691	-5.4832	26.1993	0.0111	0.0533	-0.1879	-0.9048	0.3800	-0.0646	-0.1809	0.0021	-0.0012	-0.0007	-0.2020	-3.6919	-9.0830	0.006491606922896409	3	0	9	Tilt	Normal
-0.1915	-3.6392	-9.1171	-16.1403	-164.6472	-132.2498	-17.8133	-5.3129	26.4705	0.0087	0.0504	-0.0331	-0.9049	0.3800	-0.0646	-0.1808	-0.0011	0.0031	0.0003	-0.2002	-3.6896	-9.0841	-0.1427467088646477	3	0	9	Tilt	Normal
-0.1909	-3.6769	-9.1943	-16.1240	-164.6532	-132.2544	-17.9165	-5.2240	26.4160	0.0079	0.0103	-0.1094	-0.9049	0.3800	-0.0646	-0.1806	-0.0022	0.0020	-0.0007	-0.1989	-3.6872	-9.0849	0.08564947302462933	3	0	9	Tilt	Normal
-0.1909	-3.6769	-9.2326	-16.1104	-164.6586	-132.2583	-17.8823	-5.1146	26.9447	0.0067	0.0082	-0.1468	-0.9049	0.3800	-0.0647	-0.1805	0.0032	0.0009	-0.0007	-0.1977	-3.6851	-9.0858	0.035565819470695814	3	0	9	Tilt	Normal
-0.1909	-3.6386	-9.1943	-16.0969	-164.6641	-132.2621	-17.6643	-5.8565	26.7266	0.0055	0.0446	-0.1076	-0.9049	0.3800	-0.0647	-0.1804	0.0096	0.0020	-0.0018	-0.1965	-3.6832	-9.0867	-0.0497206927429108	3	0	9	Tilt	Normal
-0.0766	-3.6009	-9.1937	-16.0761	-164.6778	-132.2681	-17.9295	-5.8132	26.8310	0.1187	0.0784	-0.1055	-0.9050	0.3800	-0.0646	-0.1801	0.0160	-0.0119	-0.0027	-0.1953	-3.6793	-9.0882	-0.015914609063807816	3	0	9	Tilt	Normal
-0.1909	-3.6003	-9.2326	-16.0651	-164.6757	-132.2713	-17.9479	-5.2032	27.1943	0.0025	0.0781	-0.1440	-0.9050	0.3800	-0.0647	-0.1801	0.0085	-0.0012	-0.0006	-0.1935	-3.6784	-9.0887	0.03755483660195402	4	0	10	Tilt	Normal
-0.2292	-3.6769	-9.2326	-16.0821	-164.6898	-132.2734	-18.3587	-5.4015	26.8194	-0.0322	0.0016	-0.1441	-0.9050	0.3800	-0.0645	-0.1801	0.0192	-0.0172	0.0005	-0.1971	-3.6785	-9.0885	0.02888980727570356	4	0	10	Tilt	Normal
-0.2292	-3.7535	-9.1560	-16.1219	-164.6819	-132.2659	-17.8158	-5.4006	27.1062	-0.0280	-0.0697	-0.0697	-0.9049	0.3800	-0.0644	-0.1805	0.0149	-0.0033	-0.0006	-0.2013	-3.6838	-9.0863	-0.04231132157837081	4	0	10	Tilt	Normal
-0.1143	-3.7152	-9.1560	-16.1166	-164.6785	-132.2674	-17.7283	-5.0640	26.8145	0.0859	-0.0316	-0.0696	-0.9049	0.3799	-0.0645	-0.1805	0.0106	-0.0044	0.0015	-0.2002	-3.6836	-9.0864	-0.016457117963126322	4	0	10	Tilt	Normal
-0.1915	-3.6392	-9.2320	-16.1045	-164.6816	-132.2708	-17.8547	-5.4903	27.0390	0.0073	0.0428	-0.1448	-0.9050	0.3799	-0.0645	-0.1803	0.0160	-0.0076	-0.0007	-0.1989	-3.6820	-9.0872	0.04352845472403999	4	0	10	Tilt	Normal
-0.2292	-3.7535	-9.1560	-16.1047	-164.6810	-132.2708	-17.7806	-5.1043	27.0994	-0.0304	-0.0715	-0.0690	-0.9050	0.3799	-0.0645	-0.1804	0.0149	-0.0001	-0.0007	-0.1989	-3.6820	-9.0870	-0.027071336760913667	4	0	10	Tilt	Normal
-0.1909	-3.7535	-9.1560	-16.1067	-164.6743	-132.2702	-17.6134	-5.7318	27.1517	0.0073	-0.0705	-0.0693	-0.9050	0.3799	-0.0646	-0.1804	0.0106	-0.0055	-0.0007	-0.1983	-3.6830	-9.0867	-8.128020198672203E-4	4	0	10	Tilt	Normal
-0.1915	-3.7541	-9.1937	-16.1041	-164.6716	-132.2709	-17.8272	-5.4916	26.8891	0.0061	-0.0711	-0.1070	-0.9050	0.3799	-0.0646	-0.1804	0.0032	-0.0065	-0.0039	-0.1977	-3.6830	-9.0867	0.03512451134398198	4	0	10	Tilt	Normal
-0.0383	-3.6392	-9.2320	-16.0651	-164.6710	-132.2777	-18.0109	-5.9205	27.1018	0.1543	0.0398	-0.1435	-0.9050	0.3799	-0.0648	-0.1801	-0.0128	0.0041	0.0014	-0.1926	-3.6790	-9.0885	-0.009014058790874913	4	0	10	Tilt	Normal
-0.1909	-3.7535	-9.1560	-16.0618	-164.6792	-132.2786	-18.1739	-5.4529	26.6838	0.0021	-0.0759	-0.0670	-0.9050	0.3799	-0.0647	-0.1800	0.0032	-0.0119	0.0004	-0.1930	-3.6776	-9.0890	-0.026110452553107066	4	0	10	Tilt	Normal
-0.2298	-3.6775	-9.1171	-16.0579	-164.6792	-132.2797	-17.5965	-5.5441	26.9758	-0.0373	-0.0001	-0.0280	-0.9050	0.3799	-0.0647	-0.1800	-0.0043	0.0031	-0.0049	-0.1926	-3.6773	-9.0891	-0.0638198081180068	5	0	11	Tilt	Normal
Total time: 11 seconds.
