9.8839 0.3454 0.6889 0.4602 -0.5883 0.4805
9.6157 0.6135 -0.422 0.929 0.0487 1.2496
7.8153 -2.4894 0.1526 0.5572 -0.3103 0.8959
7.6231 -2.1069 -0.8428 0.5401 -0.7641 0.0767
9.654 -2.9874 -2.2607 0.8192 -0.5883 0.2237
9.9988 -4.8644 -3.7164 -0.0831 -1.9274 -0.6956
8.0451 -1.57 -2.414 -1.797 2.322 -0.3777
11.1474 -0.3448 11.5688 -1.649 0.4034 -1.9894
4.9416 1.2641 1.1109 -0.6039 0.184 -0.2978
8.3893 2.1452 2.1835 0.8171 -0.306 -1.0477
10.0748 2.9113 -1.1492 -1.3411 0.1957 -0.35
12.3355 6.2058 -1.1115 0.3655 -2.7327 0.4243
9.3093 -1.9148 0.9571 -0.2141 0.233 0.4466
10.3052 -2.9108 5.1709 -0.2034 1.963 1.4139
7.1641 1.6478 1.6083 1.2443 3.6024 2.8318
3.5249 -1.4934 1.8765 -0.0127 -2.5601 2.9436
11.2246 -7.1245 2.9874 0.4773 -3.7223 -3.8431
8.6197 1.916 5.5156 -1.2953 -0.0397 -1.4015
9.4242 1.2647 3.1406 -1.2516 -0.0173 0.1239
3.371 -2.1069 1.0343 0.6563 3.0943 -1.1661
14.1743 7.0108 3.562 -0.7701 -3.3282 -0.6857
14.9398 3.8307 -0.9577 1.2017 -1.3479 0.81
9.3859 -1.072 1.3785 -0.5922 3.0517 1.1138
5.5545 0.6129 2.873 -0.6625 1.474 0.8997
2.4517 -1.9154 5.0566 0.3644 0.4982 1.9181
5.8227 -3.6775 1.8387 1.4819 -0.7524 0.9892
12.5654 -2.1063 3.064 -1.6937 0.8253 -2.7435
8.7724 1.4557 3.0263 0.3325 -1.8006 -0.5906
4.7501 -1.8004 2.375 -0.5954 1.4751 -0.2263
5.7461 1.4174 3.1795 -0.3227 1.1544 -1.6899
16.5104 5.4396 3.6009 0.1077 -3.6297 0.0006
10.2663 1.8771 -1.8771 0.5327 0.1201 0.5578
9.9988 0.4986 1.9531 -0.2044 2.2037 0.9554
4.6735 -0.0766 4.9033 0.5104 2.5712 2.2688
6.1298 -1.1103 1.7232 0.8065 -1.9071 1.8619
11.9135 -9.2703 6.857 1.0931 -1.3745 -1.4937
10.7266 1.801 2.7192 -1.9461 -0.1047 -2.2703
7.0108 2.414 1.8381 -0.557 -2.0531 -0.6577
3.793 -2.9874 3.4087 0.0629 1.6828 -0.0249
7.6237 4.4059 1.9914 -0.3759 -0.6874 -1.6324
15.1703 4.1761 0.1526 -0.3514 -2.7838 0.1658
9.8839 1.4563 0.6889 0.3303 0.6698 0.3117
9.654 -2.068 5.5156 -0.6923 2.0493 0.6763
6.2824 1.8387 1.6089 0.0694 2.2048 2.5362
2.6432 -1.0726 5.1715 0.26 -0.7577 2.174
11.4922 -6.1675 2.988 1.3423 -2.1095 0.2331
16.7025 -0.9188 3.0257 -2.0995 1.7563 -2.903
8.0445 0.2298 4.0223 0.095 -2.2736 -0.7964
3.8696 -2.4128 1.9531 -0.1159 1.5443 -0.4288
6.2447 3.9462 2.9108 -0.5314 1.3782 -1.7977
14.634 3.295 3.6003 0.3432 -1.7729 0.0324
13.638 5.1338 0.6889 0.1397 -1.5886 0.4276
8.8879 0.8434 1.6849 0.2078 1.4708 0.4983
6.7044 0.3071 3.4087 -0.5517 1.7574 2.5116
0.1538 -1.1486 5.8221 0.2004 1.9236 1.5859
3.3333 -5.439 0.7272 -0.148 -3.2035 2.0674
12.7952 -3.4087 0.1143 0.5594 0.3693 -0.4072
3.8313 -9.7294 10.1508 1.1772 1.0767 -3.5005
4.1761 -1.9531 5.937 -1.7128 -2.5676 -3.1287
4.5592 3.5632 0.574 -0.3727 -2.1489 -0.5199
3.8696 1.4563 0.1143 0.2185 0.2937 -0.4538
12.1823 1.1498 -1.1115 -1.6894 -0.2805 -0.1726
12.2589 5.9382 -1.5712 -0.1671 -1.0986 -0.7065
10.9565 0.9966 2.3744 -0.3983 1.4655 -0.5808
9.5385 -4.0606 5.8993 0.2451 -0.4637 2.2795
5.861 1.9154 -0.1532 1.043 4.6794 3.3181
4.2138 -5.4013 3.869 1.4915 -2.5633 2.0281
7.8919 -10.6105 3.6769 0.3389 -0.3454 -1.7033
4.0606 -1.2258 5.5929 -1.8982 -1.3383 -3.4269
9.1937 2.1069 5.0949 -0.0254 -0.1217 0.0576
3.6009 -1.1492 1.0726 0.0023 4.0711 -2.253
8.3127 6.5505 4.5203 -0.8297 -2.3652 -0.6562
14.3269 4.5969 2.9497 0.0236 -2.3418 0.2297
8.3893 -1.0343 2.1835 0.3528 1.3185 1.2662
7.1251 1.494 1.7621 -0.2331 4.0339 2.1599
0.6895 -1.0343 5.7078 0.4657 -0.8131 2.3751
7.0102 -7.6231 2.1835 1.385 -1.9572 -0.3072
12.9867 0.7284 4.7112 -2.1144 0.6538 -2.7137
7.4705 0.6518 3.0257 -0.1873 -2.0264 -1.2149
4.5592 -2.1829 3.562 -1.1162 2.2069 -0.0772
6.6277 3.7164 4.5963 -0.2747 1.6583 -2.0575
13.9827 3.4482 2.3744 -0.4174 -3.3804 0.35
7.8913 0.3065 0.7278 0.6734 0.2159 0.7218
6.4745 0.1538 3.1406 -0.6773 2.5105 1.7487
2.0309 -2.0297 4.8644 -0.0243 2.453 2.0906
4.7507 -4.0983 3.6386 0.2399 -0.9537 1.4621
6.2058 -4.6352 7.2784 0.7927 -6.492 -3.1345
8.0062 0.4597 5.6312 -0.9288 -1.155 -0.6061
6.0531 -1.6466 4.8261 -1.5211 1.196 -0.245
4.0229 1.3414 3.1789 0.0566 2.8003 -2.4895
13.216 4.0606 5.5545 -0.5432 -1.8794 -0.1981
10.4962 4.3287 2.0686 -0.0585 -1.155 0.2962
9.9222 0.92 2.1829 0.4305 1.4964 0.6651
6.5894 -0.076 3.9834 -0.7019 2.1888 2.1618
2.299 -1.7998 4.9027 0.7352 1.1459 1.5918
8.9645 -5.1709 4.3281 0.7086 -0.0546 0.5713
6.781 -3.4087 6.8181 1.0047 -4.2731 -2.7427
7.662 -0.2292 4.5963 0.2548 -3.6467 -0.9249
5.5168 -1.8765 3.7535 -0.7604 1.1544 -0.013
4.4825 2.5289 3.3704 0.1706 1.9012 -2.4493
12.2206 2.0309 4.9793 -0.4035 -1.1508 0.037
10.9565 3.7164 2.4128 0.1983 -2.5047 0.3342
9.3859 0.3837 3.3321 -0.0477 2.8013 0.6936
10.6111 -0.8428 5.4396 -1.1375 1.0181 1.663
4.0223 -0.7661 4.1755 0.3912 3.449 1.8484
3.2944 -1.3024 2.6049 -0.2139 -1.7782 1.8718
9.2703 -3.7924 9.6917 0.4253 -2.5303 -2.5735
8.8496 -3.9834 8.2738 -1.0054 1.0181 -1.9291
10.3046 2.4134 3.486 -0.2373 -1.8933 -1.6359
4.5969 0.4597 1.4557 1.0708 2.942 -0.8839
6.2441 1.3024 1.8387 -0.7625 -0.077 -0.5749
8.4659 4.0989 5.0949 -0.4546 -1.1753 0.0376
14.9398 4.5586 1.8771 0.2484 -3.1428 0.2315
6.857 2.6815 -1.6855 0.0919 1.4698 0.3923
9.6917 -0.7661 5.861 0.3827 -1.8507 -0.4673
8.5814 -2.4128 5.7838 -0.3438 0.3757 0.1058
7.279 -0.6889 2.1063 1.0346 -0.8781 0.1644
7.777 1.6095 1.0337 1.253 -1.7665 -0.0721
8.6963 1.3797 -1.2264 0.6086 -0.1846 -0.6209
11.1097 0.3454 1.6849 -0.0231 1.6349 -0.3556
7.4322 1.7627 -0.2304 0.4573 -0.713 -0.0371
10.152 2.1841 -0.0389 -0.0817 0.0924 -0.0307
8.5431 3.4482 -0.3071 -0.4066 -0.4094 -0.0925
9.3859 1.7244 0.2676 0.1974 0.0338 -0.0768
9.4242 2.8736 -0.7667 0.1846 -0.0877 -0.0842
9.0411 1.8393 -0.8051 0.2869 0.0604 -0.0586
9.0794 2.0309 -1.1881 -0.0583 -0.0759 0.0127
9.0411 2.1841 -0.8817 0.0727 -0.0216 -0.0011
8.8879 2.3756 -0.5369 0.1431 -0.1249 -0.0148
8.9262 2.1458 -1.5712 0.2016 0.0466 -0.0159
8.9645 2.2224 -1.1498 0.0919 0.0455 0.0001
9.1171 2.1452 -1.0343 0.1122 0.1084 -0.0009
9.0405 1.9154 -1.0726 -0.0189 -0.0195 0.0321
9.1171 2.1452 -1.0726 -0.0306 -0.0301 0.0257
9.1171 2.1452 -1.1109 -0.0316 -0.0078 0.0023
9.0794 2.0309 -1.1881 -0.0348 0.005 0.0023
9.0794 2.1075 -1.0732 -0.0284 0.0199 -0.0051
9.0411 2.1075 -0.9966 -0.0306 -0.0024 -0.0147
9.0788 2.1069 -0.9577 -0.0029 -0.0195 -0.0176
9.0411 2.0309 -1.0732 -0.0231 0.0029 -0.0123
9.0028 2.0692 -1.0349 -0.005 0.004 -0.0038
9.0794 1.9926 -1.0349 -0.0061 0.0114 -0.007
9.1177 2.0692 -1.0349 -0.0167 0.0242 -0.0166
9.0794 2.0692 -1.0349 -0.0189 0.0285 -0.0234
9.0028 1.9926 -0.9966 -0.0167 0.0327 -0.018
9.156 2.0692 -0.9583 -0.0103 -0.0003 -0.0138
9.0411 2.0309 -0.9583 -0.0231 0.0018 -0.0117
9.1554 2.0303 -0.9194 -0.0274 -0.0088 -0.0117
9.1177 1.9926 -1.0732 -0.0093 0.0072 -0.0169
9.1177 2.0692 -0.9583 -0.0082 0.0072 -0.0148
9.1177 2.0692 -1.0732 -0.0071 0.005 -0.0233
9.0794 2.0309 -0.8817 -0.0018 0.0114 -0.018
9.0411 2.0309 -0.8434 -0.0114 -0.0088 -0.0063
9.1177 2.0692 -0.9583 -0.0028 -0.0035 -0.013
9.0794 2.1075 -0.9583 -0.0103 -0.0024 -0.0184
9.0794 2.0309 -0.8434 -0.0156 -0.012 -0.0173
9.156 2.0309 -0.8434 -0.0145 -0.0099 -0.012
9.1177 2.0309 -0.9966 -0.0167 -0.0142 -0.0162
9.0794 2.0309 -0.8817 -0.0124 0.0008 -0.0098
9.156 2.0309 -0.9583 -0.0241 -0.0024 -0.0045
9.0788 1.992 -0.996 -0.0284 -0.0152 -0.0066
9.0028 1.9543 -0.92 -0.0177 -0.0067 -0.0098
9.2326 2.0692 -0.92 -0.0156 -0.0024 -0.0109
9.0411 2.0309 -0.9583 -0.0039 0.0082 -0.0135
9.1177 2.1075 -1.0349 0.0057 -0.0014 -0.0082
9.0794 2.0309 -0.9966 0.0099 0.0125 -0.0092
9.1554 1.992 -0.996 -0.0167 0.0082 -0.006
9.2326 2.0309 -0.9583 -0.0103 -0.0141 -0.0114
9.0794 1.8777 -1.0349 -0.005 0.0018 -0.0029
9.0788 1.9154 -0.996 -0.0114 -0.012 -0.005
9.1177 2.0692 -0.9583 -0.0018 -0.0035 -0.0221
8.9645 2.0309 -0.9583 -0.0103 0.0135 -0.0338
9.1943 2.0309 -0.9583 -0.0082 -0.0099 -0.0231
9.0411 1.916 -0.92 0.0025 -0.0035 -0.0101
9.156 1.9543 -0.9966 -0.0135 -0.012 -0.0037
9.0411 1.9543 -1.1115 -0.0018 -0.0184 -0.0069
9.1177 2.0309 -0.9966 0.0153 -0.0184 -0.0111
9.0788 1.992 -1.0343 0.0099 -0.0099 -0.0111
9.1554 1.992 -1.1492 0.0131 -0.0269 -0.0071
9.1177 1.9926 -1.0349 0.0046 0.0178 -0.0178
9.0794 1.916 -1.1115 -0.0178 0.004 -0.0124
9.0788 1.9537 -1.1492 -0.021 0.0072 -0.0241
9.1554 1.992 -1.0726 -0.0199 0.0231 -0.0241
9.0794 2.1075 -1.0732 -0.0146 0.0082 -0.0252
9.0022 1.9537 -0.9577 -0.0135 0.0167 -0.0241
9.0411 1.9926 -0.9966 -0.0135 0.0029 -0.0188
9.1177 1.9926 -0.9966 -0.0018 0.0082 -0.021
9.0794 1.9926 -0.92 -0.0018 0.0231 -0.0178
9.1171 1.992 -0.9194 -0.0093 0.0125 -0.0146
9.1937 2.0303 -1.0343 -0.0348 -0.0035 -0.0178
9.0028 1.916 -0.9966 -0.0359 -0.0035 -0.0072
9.1171 2.1835 -0.996 -0.0157 -0.0056 -0.0167
9.0022 2.0303 -0.9194 0.0014 0.0082 -0.0157
9.156 2.0692 -0.8817 0.0088 0.0008 -0.0189
9.156 2.0309 -0.92 0.0153 0.0104 -0.0187
9.0411 2.0692 -0.92 -0.0039 0.0104 -0.0187
