-8.849 1.494 2.9113 0.1249 0.355 -0.0646
-9.7677 1.2647 3.9834 0.3561 -0.1755 -0.2788
-9.9599 1.6472 2.5666 0.2389 -0.085 -0.3797
-9.0788 1.0726 2.1835 0.4318 -0.2096 -0.8985
-8.4276 0.3448 1.7238 0.4882 0.078 -0.2327
-10.1897 0.6895 0.9577 1.0986 0.4668 -0.0686
-11.8363 -2.5277 0.4974 0.3444 0.0269 -0.1741
-10.8787 0.6135 5.3624 -1.2343 -0.2852 0.5097
-7.2395 4.7124 6.2052 -0.2064 0.1249 0.7643
-8.4276 1.494 2.2601 0.1239 0.6128 0.189
-9.2698 1.7627 0.574 -1.2365 -0.2352 0.2231
-10.1891 2.7587 0.9188 -0.8775 0.9089 0.2114
-11.5682 7.0108 1.6849 0.2794 0.2112 0.4263
-10.4579 -3.2944 6.9719 -0.5707 -1.3409 -0.4685
-8.8484 4.5209 2.2978 0.4871 -0.085 -0.8009
-4.7878 -1.2635 1.1103 1.2924 0.9824 -0.7604
-9.7677 -0.1526 1.7232 1.9817 0.7598 0.4806
-10.4573 -2.1829 -0.8051 -0.5366 -0.5963 0.1144
-9.0016 1.4563 5.3241 -1.4772 -0.6527 0.5991
-9.6911 2.2607 0.4974 1.432 1.3276 -0.6653
-5.5156 0.6518 -0.1155 -0.9084 0.2719 -0.121
-5.5539 3.4099 1.4934 -0.0391 -0.2 -0.0251
-15.8975 -0.1149 3.6009 0.0003 -0.7124 -0.4632
-7.3161 -0.6123 -0.5752 0.1494 1.9124 0.4646
-5.0943 2.3373 -0.2687 0.0706 -0.6517 0.0279
-7.6992 -1.1103 3.3704 -0.151 -0.9244 -0.2267
-19.6133 9.1937 2.5666 1.2371 1.6152 -0.3002
-5.9376 -2.1069 0.4597 -1.3494 -1.082 -0.538
-5.8604 2.9503 1.4551 -0.2511 0.372 0.1938
-15.3995 -0.3831 2.873 -0.1595 -1.1556 -0.0863
-9.5002 -0.8428 2.375 -0.3001 0.8471 0.768
-5.0182 2.7581 -2.49 -0.4972 0.4168 0.0095
-7.6225 -0.574 2.7575 -0.1713 -1.2642 -0.3304
-19.3829 7.5471 4.0983 0.698 0.0482 0.8755
-4.2898 -1.7615 -1.1115 -1.0916 -0.1457 -0.4124
-6.933 5.1338 0.1143 0.1004 0.1121 0.0372
-9.0022 -0.498 1.6089 0.5265 -2.1313 -0.7405
-16.8169 1.2258 5.3247 -0.4482 0.322 0.3953
-5.5545 2.5283 -1.7238 1.0325 3.3995 0.0406
-6.7804 -0.1915 1.6472 0.2357 -3.5343 0.0885
-8.8484 3.6015 2.9108 0.4978 -0.2916 1.0845
-17.8123 5.0955 -0.92 0.9952 0.6298 -0.4122
-5.1709 1.5329 -1.4563 -0.788 0.0546 -0.2503
-6.0136 3.793 -0.6901 0.1878 0.518 -0.1683
-9.1931 -0.2676 2.068 0.3518 -0.9563 -0.0713
-19.6127 3.9846 3.4854 0.4562 0.9739 -0.5369
-4.9793 2.0309 -1.1115 1.3787 2.0072 0.1577
-7.6225 -0.7655 -1.801 0.6298 -0.8914 -0.0118
-7.8913 -0.996 -0.6129 1.2765 1.1454 -0.6275
-18.6939 9.0788 6.1675 0.7161 -0.1563 0.555
-11.3389 1.1109 2.7581 0.4647 -1.8192 -0.8032
-4.9033 1.8771 0.6512 -0.9308 0.6213 0.1129
-11.5299 6.0148 -0.6901 -0.2831 0.4487 0.2611
-14.6328 6.4362 1.9914 1.2956 -0.02 -0.1799
-9.6145 2.6438 6.4733 2.3098 -0.0061 -0.1842
-6.5882 3.295 2.9874 3.3846 -0.3396 -1.258
-7.8913 0.6129 1.6472 3.5103 -0.1286 -1.0854
-10.0742 -2.9874 2.2212 0.9526 -0.2266 -0.4177
-10.5339 4.9039 -6.9342 0.7598 2.1361 -0.2195
-10.4956 3.8313 7.6608 -0.9574 -4.0776 0.4079
-10.2274 2.4523 5.1709 2.6187 -1.081 -0.3537
-7.0862 -3.7535 0.5357 -0.9595 -0.6772 0.1874
-10.1891 2.6438 -0.1155 -0.4237 0.2559 0.0765
-12.0279 5.5935 0.7655 0.4274 0.0887 -0.0641
-9.2698 0.6901 5.7455 1.5854 -1.2908 -0.6319
-9.7294 1.2264 3.5237 0.5957 0.4775 -0.1493
-6.0136 1.6478 1.4168 2.3342 0.0961 -2.2053
-5.8604 -0.2676 2.566 1.7857 0.4583 0.048
-7.6614 -0.498 2.1835 1.8283 -0.004 0.1631
-8.849 -0.8045 0.5363 0.1302 -0.6219 -0.2705
-19.077 6.3973 5.0566 0.5159 -0.3161 0.4134
-5.7078 -0.3448 0.8811 -0.2256 0.2005 -0.9512
-6.3207 1.2641 0.5746 -0.2203 0.5009 0.0244
-14.0588 0.0766 6.2441 -0.1862 -2.2656 -0.08
-9.73 -0.6512 1.6472 -0.4173 1.3926 0.8138
-6.2824 2.5283 -0.4214 0.8674 1.2946 0.1501
-7.6608 1.5329 2.6426 -0.4844 -1.1928 0.1821
-18.8472 4.2904 3.2561 1.3276 0.5403 -0.605
-5.363 1.3408 -1.1875 -0.4386 0.0951 -0.0798
-6.1286 2.299 1.3785 0.2826 -0.2128 -0.0905
-18.3869 1.0732 6.3201 -0.7529 -2.0557 0.0502
-9.8061 0.0006 -0.8817 -0.249 2.4333 0.5615
-4.9027 0.6135 -0.0389 0.078 -1.2184 -0.0213
-8.4276 0.0766 3.4477 -0.477 -0.5175 0.0863
-19.6133 6.9719 2.6049 0.747 0.4541 -0.1491
-5.7072 -1.1103 -0.1538 -0.9382 -0.1489 -0.2993
-7.0868 3.2561 0.8045 0.0439 -0.1787 -0.0767
-9.5768 -0.8428 2.6432 0.0386 -0.7103 0.0395
-4.3281 4.0995 -2.1075 0.11 -0.9883 0.064
-9.73 -3.0646 0.1915 0.2719 0.5979 -0.5922
-11.6448 5.5935 2.3361 -0.4993 -0.0935 0.9641
-12.2577 4.0229 -1.3414 0.8376 1.0336 -0.3697
-4.941 -1.0337 -0.0772 -0.9191 -0.1883 -0.2962
-5.6689 2.797 0.7272 0.3763 0.0141 -0.2216
-14.3263 0.1155 4.9027 -0.3193 -2.6799 0.1416
-10.4573 -1.7232 2.6043 -0.967 0.9686 0.6455
-6.7804 3.1412 -2.2601 0.1984 3.8533 0.2855
-6.4356 -0.9577 1.5706 -0.2565 -2.8419 -0.0904
-10.6494 3.0646 5.2098 0.094 -0.7177 0.7511
-14.3269 4.4436 -0.9194 0.289 1.089 -0.3301
-6.8187 2.0686 -1.9537 -1.6338 0.2559 -0.0084
-6.0142 6.6655 0.4597 0.861 -0.1744 0.2696
-15.2846 -0.7661 3.984 1.1582 1.3798 0.705
-11.1468 3.2184 1.7232 1.7515 0.4093 -1.0218
-3.1023 0.0006 -0.996 1.6184 0.3241 -0.7469
-12.2966 -1.6855 -1.0343 0.4253 -0.2192 -0.3869
-12.8329 0.6895 2.6815 -0.6762 -1.5859 0.5026
-9.0788 6.9336 4.9416 0.3997 0.3827 0.6827
-6.3967 -1.3785 1.4168 -0.3289 0.5403 0.3408
-8.6957 2.6049 1.6089 -1.7436 -0.0424 0.4856
-9.7683 3.2178 0.2682 -0.8754 0.4051 0.2598
-9.4619 2.2601 0.9194 -0.3236 0.1121 0.2119
-8.8484 0.0006 2.9491 0.1696 0.2644 -0.5848
-11.5305 0.498 1.992 0.6341 0.9366 -0.0767
-8.6951 -0.3442 0.076 0.3507 0.1004 -0.2961
-9.6528 1.2647 -0.1921 0.3657 -0.1776 0.1694
-10.917 0.4986 1.3018 -0.4045 -0.82 0.3058
-8.2355 2.797 1.6083 -0.0967 -0.2724 -0.0532
-9.2703 1.6855 0.8811 -0.1457 -0.4195 0.1289
-9.845 2.1835 2.3367 0.1217 -0.5036 -0.049
-9.4996 2.1841 1.9531 0.0961 -0.1606 -0.0053
-9.921 1.5329 1.7998 -0.0487 -0.0573 -0.0223
-9.6528 2.0309 1.7998 -0.086 0.0461 0.0011
-9.8061 1.8393 1.5317 -0.0104 0.0386 -0.0159
-9.7677 1.8393 1.6466 -0.0061 0.0024 -0.0074
-9.6911 1.6861 1.7232 -0.0104 -0.0306 -0.0202
-9.73 1.6855 1.6855 0.0013 -0.0221 -0.0169
-9.8827 1.7244 1.6466 0.0269 -0.0232 -0.0254
-9.8067 1.6089 1.6472 0.0024 0.0013 -0.0222
-9.7294 1.6478 1.6083 -0.0061 0.013 -0.0169
-9.73 1.7238 1.6089 -0.0082 0.0013 -0.0212
-9.73 1.6472 1.7238 -0.0274 0.013 -0.0172
-9.73 1.6855 1.5706 -0.0147 0.0098 -0.015
-9.8061 1.6861 1.6849 -0.0136 0.0056 -0.0129
-9.7677 1.6478 1.6083 -0.0093 -0.004 -0.0097
-9.7683 1.6472 1.494 0.0003 0.0024 -0.0129
-9.7677 1.5712 1.6466 0.0067 -0.0019 -0.02
-9.8061 1.6095 1.6849 0.0237 -0.0029 -0.0083
-9.7294 1.6478 1.4934 0.0109 -0.0061 -0.02
-9.8061 1.6478 1.4551 -0.0008 -0.0019 -0.019
-9.8061 1.6095 1.57 -0.0082 0.0056 -0.0115
-9.7677 1.7244 1.57 -0.004 -0.0061 -0.0192
-9.8061 1.5712 1.4168 -0.0061 -0.0008 -0.0192
-9.8061 1.6861 1.4551 0.013 -0.0019 -0.015
-9.7677 1.5712 1.4551 0.0045 -0.0019 -0.0267
-9.7683 1.6472 1.5323 -0.0019 0.0003 -0.016
-9.7677 1.6478 1.5317 0.0024 -0.0061 -0.0243
-9.8061 1.6095 1.6083 0.0013 -0.0072 -0.0169
-9.8061 1.6478 1.57 -0.0082 -0.0093 -0.0062
-9.73 1.5706 1.4557 0.0013 0.0098 0.0002
-9.7677 1.5712 1.57 -0.0104 0.0184 -0.0158
-9.8444 1.4946 1.5317 -0.0242 0.0098 0.013
-9.7294 1.6478 1.57 -0.0157 0.0301 0.0162
-9.7677 1.6861 1.5317 -0.0168 0.0514 0.0077
-9.7677 1.6861 1.4168 -0.0146 0.0397 -0.0179
-9.7677 1.6095 1.3402 0.0014 0.0237 -0.0147
-9.8444 1.6095 1.3402 -0.0104 0.0173 -0.0275
-9.8061 1.6861 1.3402 -0.0061 0.0301 -0.019
-9.8061 1.6478 1.3402 -0.0082 0.0301 -0.0254
-9.8061 1.6095 1.3785 -0.0125 0.0162 -0.0168
-9.7677 1.5712 1.3018 -0.0317 0.0173 -0.0019
-9.6911 1.6095 1.1869 0.0194 0.0035 -0.0181
-9.8827 1.5712 1.2635 0.0248 0.0088 -0.0277
-9.845 1.5323 1.1875 0.0109 0.0088 -0.0202
-9.8444 1.5712 1.1869 -0.004 0.013 -0.0319
-9.8827 1.6095 1.2252 -0.0019 0.0173 -0.0308
-9.8827 1.5712 1.1103 -0.0125 0.0098 -0.0296
-9.9593 1.5329 1.072 -0.0082 0.029 -0.019
-9.8444 1.5329 1.1103 -0.004 -0.0008 -0.0158
-9.8827 1.4946 1.2252 -0.0178 0.012 -0.0168
-9.8444 1.5712 1.1486 -0.0114 -0.0019 -0.0115
-9.7677 1.5712 1.072 -0.0093 -0.0029 -0.0135
-9.8061 1.4563 1.2252 -0.0114 0.0077 -0.0156
-9.8833 1.4557 1.1109 -0.0359 0.0013 -0.0124
-9.8827 1.4946 1.1869 0.0003 -0.0072 -0.0135
-9.8827 1.4946 1.1486 -0.0061 0.013 -0.0146
-9.8444 1.4946 1.1103 -0.0189 -0.004 -0.0094
-9.7683 1.494 1.1109 0.0077 -0.0008 -0.0179
-9.8833 1.494 1.1109 0.0099 -0.0051 -0.0254
-9.8833 1.5706 1.1492 0.0014 0.0013 -0.0232
-9.921 1.5329 1.1486 -0.0018 -0.0072 -0.0275
-9.8444 1.418 1.1103 -0.0114 0.0024 -0.0213
-9.8444 1.4946 1.072 -0.0114 0.0013 -0.0213
-9.845 1.4174 1.1492 -0.0061 -0.0008 -0.0159
-9.8833 1.4174 1.1492 0.0003 0.0035 -0.0149
-9.8833 1.3791 1.1109 -0.0008 0.0067 -0.017
-9.8444 1.4563 1.1103 -0.0029 0.0035 -0.0266
-9.8444 1.3414 1.1486 -0.0007 0.0088 -0.0218
-9.8444 1.418 1.1486 -0.0007 0.012 -0.0207
-9.845 1.4174 1.0726 0.0067 0.0098 -0.0218
-9.8833 1.3791 1.0726 -0.0007 0.0056 -0.0282
-9.8827 1.418 1.0337 -0.0071 -0.004 -0.0143
-9.9593 1.303 1.072 -0.0104 0.0013 -0.02
