-8.8101 0.7284 4.4813 0.1051 -0.0141 -0.0694
-8.9633 0.6901 4.7495 0.072 -0.0397 -0.0545
-8.8867 0.7284 4.4813 0.0177 -0.0418 -0.0161
-8.8867 0.92 4.558 -0.0292 -0.0067 0.0095
-8.9633 0.8051 4.4813 -0.0484 -0.0205 0.0346
-8.7718 1.1115 4.6346 -0.0484 -0.0312 0.0037
-8.8867 0.92 4.558 -0.0132 -0.06 0.0484
-9.0016 1.418 4.4813 0.0273 -0.0834 -0.0773
-8.5425 1.0726 4.367 0.0571 -0.0642 -0.122
-9.0022 1.0726 4.4436 0.1349 -0.0578 -0.2129
-8.8107 0.6129 4.2138 0.1445 0.0807 -0.345
-9.921 0.0389 3.6003 0.6207 0.3331 -1.0992
-10.3807 -1.2635 3.6769 0.462 -0.2986 -1.5679
-8.5802 -2.5277 2.8341 -0.0877 -0.3742 -1.0971
-9.3464 -3.1406 2.6426 -0.1229 -0.4126 -0.6363
-10.2274 -4.0217 2.4128 0.0805 -0.5628 -0.4211
-5.4007 -5.4007 2.2595 -0.2848 -0.5862 0.6718
-9.4613 -0.9571 7.5459 -1.658 -1.7985 1.5805
-9.0016 -0.1526 7.8907 -0.6896 0.0764 2.551
-13.1394 0.7661 1.8387 -0.6044 1.8352 0.2535
1.8387 1.1875 -0.8811 1.5368 0.5994 -0.5157
-6.7032 -1.6083 13.0622 -0.2316 5.2035 -1.6331
-9.5379 -0.076 -6.0148 2.0715 4.7795 -0.799
0.6901 0.8817 0.4591 -1.2776 -2.5058 -2.0869
0.8434 0.3454 2.8724 -4.2497 0.788 2.0197
-19.6127 -4.7495 8.6568 -0.7429 -0.8504 6.1955
-11.6065 5.5935 -8.3899 4.3555 -5.169 -1.468
2.5672 0.4986 0.6506 -0.8558 1.2951 1.2697
-7.0479 -3.2172 8.5419 1.7818 5.8086 0.4165
9.0411 -2.2978 -9.2326 3.2039 -1.203 1.2379
-2.068 3.0652 3.8301 0.1797 -3.9759 0.341
0.1538 -0.8422 2.0297 -5.038 -2.2832 1.5298
-19.6127 -1.1103 4.7878 -1.9679 5.7628 6.0082
-1.9148 -4.6729 -2.3373 -0.435 -1.4373 -2.9549
1.6861 1.4563 1.2252 -1.3916 0.4141 1.4616
-17.0078 -3.2172 7.929 2.8577 8.0563 -4.4048
8.8496 -2.2978 -8.4282 1.3632 -2.3258 0.0874
-0.8428 0.6129 3.7924 -1.7112 -7.4273 -0.1448
-0.9194 -0.996 1.3024 -1.9711 4.9255 1.1559
-18.8083 14.2126 -13.1783 -0.9602 1.9896 1.8771
-2.1446 -4.2898 -1.6861 -1.4811 -1.2903 -2.5288
2.3756 0.5369 0.1526 -0.337 0.6069 2.6579
-16.3949 -2.7192 8.0822 2.7065 10.2177 -3.642
7.1257 -2.7575 -12.642 0.0454 -1.0709 -1.3485
-0.1149 0.6129 3.6775 -1.5865 -6.1149 -0.2756
-2.0686 -3.2178 2.9113 -0.811 2.9153 0.3476
-18.3875 16.5487 -10.5345 3.8644 -10.4463 1.5087
4.1378 2.0692 0.4208 -0.5106 -0.5148 0.6661
2.2601 -0.4214 2.7581 1.3557 3.4032 1.1284
-19.6133 11.8752 -11.1091 3.7621 10.6225 0.2963
-4.7501 2.2218 -3.2178 -0.2646 -0.4456 -0.2843
-0.3448 0.7661 2.9113 -4.972 -2.9383 1.9325
-0.6512 -1.3024 1.8771 0.4236 3.5002 0.6318
-4.443 18.6945 -17.5836 2.323 -13.4535 1.2145
4.0229 1.1115 0.5357 -1.8444 -1.5481 -0.6827
2.3756 0.4603 4.1366 2.3624 3.4 0.8721
-6.5888 6.6272 -14.9398 1.5347 -6.2619 -3.4561
-1.4551 3.2184 4.7878 2.209 -6.5964 0.8902
1.303 -2.9874 2.9874 -3.5125 3.2999 1.0723
-19.6127 17.3538 -8.8113 -2.3855 8.8254 3.1166
-9.0399 -3.5237 -6.6277 2.0439 -5.2062 -3.0372
2.797 0.422 -0.2304 -2.198 -0.9644 -0.0374
-7.3927 -0.4591 5.6306 1.246 12.0052 0.8308
-1.8765 4.5209 -8.0068 -0.0546 0.2554 -0.797
-0.6895 1.3791 3.5626 1.2279 -7.3208 0.0936
-1.4934 -1.0337 2.1829 -0.8685 4.3811 1.4788
-8.2738 19.1925 -9.7306 3.2211 -10.5677 1.22
-0.0377 -5.1709 2.2212 -1.5588 -2.6517 -4.0339
3.5243 0.0383 0.9577 -0.3017 2.9878 1.204
-19.6133 -1.6472 -2.4517 2.2176 11.3501 1.3489
-2.068 0.92 1.7615 0.0647 -1.7228 -0.6797
0.422 -0.8422 3.7152 -5.7687 -0.1505 0.2673
-19.3068 3.1029 1.8004 -0.192 5.8565 7.8989
-10.9559 1.8771 -16.587 0.1488 -3.0416 -2.0975
4.0606 0.6512 1.3024 -1.8006 -2.0392 1.4754
10.152 -7.0862 -13.4081 2.5915 -6.2065 -1.1582
-0.4597 0.9577 3.5243 0.6687 -6.7392 -0.7214
-0.1915 -0.2298 3.7924 -3.2973 2.2453 1.2759
1.8777 16.2429 -12.3738 4.82 -16.1305 0.1372
-3.984 -2.8347 -0.4597 -1.2818 -2.2171 -3.7566
3.1801 0.9583 1.1869 -0.2421 2.339 0.5907
-19.6127 7.3556 -13.1783 -0.8706 12.3205 2.3218
-3.3704 -0.5357 -1.0732 -0.7268 1.3803 -1.2703
-0.1526 2.0309 2.9108 -2.7646 -7.2441 0.906
-1.7232 -0.4591 2.8341 -0.4189 3.5183 1.6801
3.9079 13.9827 -12.7569 4.0893 -16.3106 0.0641
4.2527 0.6135 1.1486 -2.0456 -0.8738 -0.8254
0.4986 1.5329 1.3402 2.5105 5.0725 0.1909
-5.4773 6.3979 -13.523 5.3303 -0.7833 0.5999
-3.2938 2.6055 3.3321 1.0756 -2.6581 -0.2735
1.6861 0.3837 1.5317 -6.4835 -1.0858 1.6152
-16.3189 3.1029 6.2441 0.0562 7.1561 5.9988
-6.5882 -4.1366 -4.6358 0.4024 -2.6709 -3.3564
2.8347 -0.6129 1.0726 -2.2107 -1.3138 -0.2266
-0.4597 1.6472 -0.2682 1.4527 9.8917 -0.0702
-0.3825 -2.0297 -2.4906 2.2559 2.5499 -1.0523
-0.0377 0.8434 0.7655 -0.3284 -0.6576 -0.3663
-1.3018 0.0389 5.439 -4.2368 0.1776 -0.1565
-19.6127 14.4041 -4.6741 -2.265 6.5852 0.128
-7.6992 -2.6043 -5.5935 -0.779 -2.2555 -2.4424
4.1761 1.0349 -0.0006 -0.6618 0.3725 2.3705
-19.6127 5.6318 -5.0955 -1.4245 11.1946 1.6248
-4.7495 2.4523 -9.1943 -0.5159 1.5443 -0.8552
0.3837 -1.3018 4.0217 0.3971 -8.2998 -0.9116
-19.6127 4.6741 3.3321 -1.4745 7.0539 6.4704
-6.0903 -2.1829 -4.4825 -0.405 -3.2036 -2.904
2.49 -1.4174 0.4597 -2.1265 -1.1412 -1.5884
-1.4557 2.2601 0.7661 2.0153 10.287 4.1523
9.3859 -2.9108 -5.785 1.2675 -2.4174 -1.4435
-0.9188 1.1881 2.7192 1.2855 -2.6784 -0.1216
0.3071 0.1155 1.6849 -3.3676 -0.8696 1.3208
-19.6127 15.8981 -3.2184 -3.4209 4.7305 1.0023
-9.4996 0.0772 -12.9484 -0.0408 -4.5841 -1.4894
1.418 -0.6889 1.4551 -2.3716 -1.677 -1.8473
-10.8793 2.5283 6.7038 0.0956 9.2185 7.4849
3.5243 -0.6129 -3.9456 3.6578 -3.9748 -0.2127
-1.3402 0.6518 3.1023 0.7433 -4.4446 -0.6612
-1.072 -0.3442 -0.8051 -1.0634 -2.2054 -0.0508
-19.6133 6.4739 16.5487 -0.8759 4.3971 1.2254
-0.1143 -0.0377 -0.7667 -0.4999 -1.2136 -0.4854
-5.0566 -2.1069 -2.1069 0.4749 -1.0677 -0.2049
-9.1171 8.2361 1.1875 -0.3869 1.6615 2.1057
-18.5024 4.7118 5.5162 0.7604 0.0998 -1.1881
-3.9067 -0.8422 0.8422 0.4919 -0.8056 -0.4158
-8.6568 1.1115 2.6043 1.1556 -0.86 0.1275
-10.2657 3.5249 -0.1538 0.5707 0.658 0.3284
-13.0239 2.6821 -1.2264 -0.6927 0.266 -0.0572
-7.0096 4.0612 1.7615 0.2937 -0.4818 -0.2042
-9.8444 2.5672 2.068 -0.3007 -0.6608 0.1494
-9.6528 2.8736 0.574 0.1041 0.3928 0.0195
-9.2703 3.6009 -0.1149 -0.0897 -0.207 -0.0904
-9.7683 2.7581 0.6895 0.0041 0.0988 -0.0318
-9.5385 2.8347 0.1915 -0.1685 0.3598 -0.0659
-9.6917 2.9497 0.1149 -0.0492 0.0945 -0.0777
-9.8061 2.9119 -0.422 -0.0865 0.1158 -0.0478
-9.6528 2.8353 -0.4986 -0.0407 0.1137 -0.0255
-9.6145 2.7204 -0.422 -0.0045 0.0966 -0.0479
-9.6911 2.7204 -0.6518 0.0275 0.1009 -0.0415
-9.7294 2.4906 -0.3454 -0.1131 0.2873 -0.0873
-9.6911 2.6055 -1.2264 0.1138 0.0647 -0.0436
-9.7294 2.4523 -0.8051 -0.0567 0.1318 -0.0631
-9.6917 2.4517 -1.3024 -0.0588 0.0966 -0.0418
-9.7294 2.414 -1.2264 -0.0705 0.0285 -0.029
-9.6528 2.5289 -1.2264 -0.0854 0.0221 -0.013
-9.6911 2.5289 -1.3797 -0.0684 -0.028 -0.0002
-9.73 2.49 -1.1109 -0.0034 -0.045 0.0352
-9.6534 2.6049 -1.0343 0.0264 -0.0866 0.0192
-9.845 2.375 -1.2258 -0.0002 -0.0568 0.0128
-9.5768 2.4134 -0.9577 -0.0449 -0.0141 -0.0074
-9.6911 2.4906 -0.9583 -0.111 0.005 -0.0127
-9.4996 2.6438 -0.9583 -0.0631 0.0093 -0.0213
-9.7683 2.4517 -0.9577 -0.0311 -0.0184 -0.0309
-9.6917 2.5283 -0.8045 -0.013 -0.0248 -0.017
-9.6911 2.4906 -0.8434 -0.0236 -0.0291 -0.0394
-9.6911 2.4906 -0.8051 -0.0013 -0.0152 -0.0341
-9.6917 2.4134 -0.8428 -0.0044 -0.0173 -0.0239
-9.73 2.4517 -0.7661 0.0254 0.004 -0.0005
-9.7683 2.4134 -0.7661 -0.0247 -0.0003 -0.0111
-9.7677 2.414 -0.8051 -0.0204 0.0135 -0.0048
-9.7294 2.414 -0.7667 0.0137 0.021 -0.008
-9.6911 2.5289 -0.92 0.0712 -0.0163 0.008
-9.7683 2.3367 -0.8811 0.002 -0.0014 -0.0197
-9.7677 2.4523 -0.8434 -0.0055 0.0114 -0.0027
-9.6911 2.4906 -0.8817 0.0094 0.0253 -0.0123
-9.6917 2.375 -0.8811 -0.0098 0.0455 -0.0219
-9.7683 2.375 -0.9577 -0.0236 0.0242 -0.0304
-9.8067 2.4517 -0.9577 -0.03 0.0199 -0.0235
-9.7677 2.414 -1.0349 -0.0278 0.0061 0.001
-9.6911 2.3756 -1.0349 -0.0065 0.0221 0.0031
-9.6528 2.414 -1.0732 0.0095 0.0072 0.0138
-9.6911 2.414 -0.9966 -0.0001 0.0231 0.0085
-9.7294 2.414 -1.0349 -0.0118 0.0135 0.0075
-9.7294 2.414 -1.0349 -0.0076 0.0008 0.0011
-9.7677 2.5289 -1.0732 -0.0278 -0.0003 0.0075
-9.6528 2.4523 -1.1498 -0.0342 0.0061 0.0032
-9.6911 2.4906 -1.1498 -0.0374 0.0114 0.0
-9.7294 2.4906 -1.1498 -0.0268 -0.0046 -0.0143
-9.6534 2.5666 -1.1109 -0.0183 -0.028 -0.009
-9.6528 2.5289 -0.9583 0.0148 -0.0504 -0.0026
-9.73 2.5283 -0.996 -0.0119 -0.0088 -0.0069
-9.7677 2.4523 -0.92 -0.0151 -0.0131 -0.0026
-9.6145 2.5672 -0.92 0.0043 -0.0248 -0.0093
-9.7294 2.5289 -1.1115 -0.0032 -0.0003 -0.0082
-9.6911 2.414 -0.9966 -0.0224 0.0082 -0.0146
-9.6917 2.5283 -0.9194 -0.0266 -0.0046 -0.0029
-9.6911 2.6055 -0.9583 -0.0139 -0.0067 -0.0008
-9.6911 2.4523 -0.8817 0.0011 -0.0035 0.008
-9.7677 2.414 -0.9583 -0.001 -0.0003 -0.0101
-9.6528 2.5672 -0.8817 -0.0096 -0.0035 -0.0048
-9.73 2.49 -0.9577 -0.001 -0.0035 -0.0079
-9.6911 2.414 -0.8817 -0.0021 -0.0099 -0.009
-9.6911 2.4523 -0.9966 -0.0064 -0.0024 -0.0062
-9.7294 2.4906 -0.92 -0.0011 0.0008 -0.002
-9.8067 2.4134 -0.9194 -0.0171 0.0061 0.0055
-9.6534 2.5283 -0.9194 -0.0256 -0.0088 0.0034
