9.1177 1.7244 0.5357 0.304 -0.2504 0.1368
8.9262 0.8817 0.1909 0.9229 -0.5444 0.2337
10.9948 1.3797 -2.1458 0.7812 -0.7681 0.1949
8.4276 0.8428 -1.494 0.4382 -0.2014 0.6956
7.2407 -1.072 -1.5329 0.2635 0.114 -0.0149
10.4585 1.4946 -4.3676 -0.169 -0.5156 -0.1524
9.7306 -0.4974 -6.3213 -0.0987 -0.6637 -0.0874
7.662 0.1538 -0.6518 -1.5347 2.1081 -0.2279
11.4545 3.6398 3.945 -0.7485 0.1992 -1.0481
5.3253 1.0349 1.9148 0.4553 0.3579 -0.0095
8.5048 -0.1526 -1.1498 1.0848 0.4847 0.3048
9.5002 3.1795 -2.1452 -0.9679 -0.0405 -0.0585
10.4968 6.3979 -1.1498 0.1581 0.1896 -0.1234
8.4665 0.2687 3.0257 1.4385 -0.6562 -0.2001
11.6071 -0.1149 3.2561 0.9123 -0.8384 0.3101
5.5162 1.5323 -1.2258 1.1669 -0.228 0.7384
6.7804 1.6855 -0.0389 0.925 -0.0533 -0.231
12.9484 -0.4974 -8.1217 1.0976 -2.1828 0.3059
11.4928 2.8736 0.7655 -2.0513 3.233 -0.4409
9.3859 5.3636 2.7958 -0.0294 -0.701 -0.2768
5.1338 0.3071 2.4128 0.1005 0.5475 0.0992
10.9948 0.3454 -5.6318 1.1477 1.3379 0.2835
10.3052 3.9462 0.574 -0.3501 -0.1726 0.063
10.4585 5.1721 0.9571 1.3618 -0.5849 -0.2132
12.4121 2.7204 2.566 1.6324 0.4239 -0.1695
6.2064 2.9886 1.7615 4.1762 0.2365 0.4558
6.4362 3.1035 3.8301 4.2465 0.9236 0.2608
7.5854 -1.3785 6.1286 3.2782 2.2381 1.6097
7.1641 -2.1446 6.5499 3.2452 1.7065 2.2574
9.9216 -2.4517 2.2984 0.3754 0.6306 0.9695
4.3676 1.3797 3.4087 1.9786 -0.1982 -0.8862
9.1943 -4.06 4.3281 0.7652 -3.2182 0.4209
18.8478 3.5249 -0.4603 0.3381 -5.6086 0.1235
1.3791 -1.7238 -6.4356 -0.0848 -6.8017 -0.7617
-2.2212 1.3797 -11.1863 -0.1392 -2.0603 -0.5466
1.6478 -0.8422 -9.9605 -0.4236 -0.7084 -0.2067
-2.2601 1.7238 -10.0748 0.2134 0.6157 0.1139
0.5746 -0.9194 -8.9639 0.0717 0.6338 -0.0707
1.1881 -0.3059 -9.6923 -0.0039 1.0429 -0.0078
4.3676 -0.076 -8.5048 -0.316 1.0216 0.3884
4.5975 0.4986 -10.8032 -0.332 0.1598 0.1307
2.1075 -0.4591 -9.0794 -0.0987 -0.0149 0.2201
3.1801 0.3071 -10.152 0.0195 -0.343 0.1096
2.8353 -0.4591 -9.5774 0.0036 -0.0586 0.0904
2.6055 0.3071 -9.4625 -0.0827 -0.1044 -0.0715
1.8393 0.0389 -9.654 -0.0092 -0.1577 -0.1269
1.3408 0.4597 -9.8833 0.0408 -0.1332 -0.128
1.8771 -0.1149 -9.6917 0.0174 0.0223 0.0092
1.8004 -0.1532 -9.6534 -0.0199 0.0128 0.0124
1.6478 0.0772 -9.7306 -0.021 -0.0064 0.0018
1.5712 0.1538 -9.3093 -0.055 -0.0693 -0.044
1.5712 0.0389 -9.7306 0.0121 -0.0171 -0.0132
1.6095 0.0006 -9.7689 -0.006 -0.0213 -0.0121
1.494 0.1149 -9.6917 -0.0028 -0.0181 -0.0025
1.6095 0.0772 -9.7689 -0.0028 -0.016 -0.0164
1.5712 0.0772 -9.6923 -0.005 -0.0277 -0.0153
1.5329 0.0772 -9.6923 -0.006 -0.0331 -0.0111
1.5323 0.0766 -9.7683 0.0003 -0.0256 -0.0026
1.4946 0.1538 -9.8072 0.0014 0.0074 -0.0111
1.3797 0.0006 -9.7689 0.0003 -0.0117 -0.0143
1.4946 0.0006 -9.7689 -0.0029 0.0032 -0.0068
1.4563 0.0389 -9.7689 -0.0082 0.0042 -0.0036
1.4946 0.0772 -9.7689 -0.0049 0.0021 -0.002
1.4946 0.0772 -9.7689 -0.0007 0.0032 -0.001
1.4563 0.0772 -9.7689 -0.0007 0.017 0.0012
1.4557 0.0766 -9.8067 -0.0049 0.017 -0.001
1.4946 0.0006 -9.7689 0.0004 0.0021 -0.0042
1.4563 0.0389 -9.7306 0.0004 -0.0032 -0.0075
1.4563 0.1921 -9.654 -0.0028 -0.0011 -0.0033
1.5329 0.1155 -9.6923 0.0004 -0.0064 -0.0022
1.4563 0.0389 -9.7689 0.0014 -0.0022 -0.0043
1.418 0.1921 -9.9222 -0.0007 0.0032 -0.0065
1.4563 0.0772 -9.7306 -0.0028 -0.0064 -0.0046
1.4946 0.0772 -9.8456 -0.0039 0.0042 -0.0056
1.5323 0.1149 -9.845 -0.0007 -0.0022 -0.0056
1.5323 0.1149 -9.845 0.0025 -0.0096 -0.0035
1.494 0.0766 -9.7683 0.0014 -0.0086 -0.0067
1.4174 0.0766 -9.8067 0.0014 -0.0011 -0.0024
1.4174 0.0766 -9.8067 0.0004 -0.0011 -0.0035
1.494 0.0766 -9.845 0.0004 0.001 -0.0056
1.4174 0.1149 -9.73 -0.0018 0.0021 -0.0035
1.418 0.0389 -9.8456 0.0004 0.0042 -0.0035
1.418 0.1155 -9.7306 0.0025 0.001 -0.0046
1.4563 0.0389 -9.8456 0.0025 -0.0054 -0.0035
1.4174 0.0383 -9.8067 -0.0007 0.0053 -0.0035
1.418 0.0772 -9.8072 0.0025 -0.0043 0.0008
1.4174 0.0766 -9.8067 -0.0007 0.0042 -0.0022
1.3797 0.0389 -9.8456 0.0004 0.0106 0.0021
1.4563 0.0772 -9.7689 -0.0049 0.017 0.0042
1.494 0.0766 -9.8067 -0.0028 0.0117 0.0032
1.4557 0.0766 -9.8067 -0.0018 0.0149 0.0032
1.494 0.0766 -9.7683 -0.0028 0.0234 0.0003
1.4174 0.0766 -9.7683 -0.0039 0.0213 0.0025
1.4946 0.0772 -9.6923 -0.0017 0.0287 0.0067
1.494 0.0383 -9.73 -0.0017 0.0202 0.0025
1.6472 0.0383 -9.6917 -0.0007 0.0064 0.0003
1.6089 0.0766 -9.6917 0.0025 -0.0117 -0.0071
