-8.5042 1.2641 5.0182 -0.0015 -0.0207 -0.0156
-8.3887 1.303 4.9027 -0.0452 0.0582 0.0046
-8.7718 1.303 4.6346 0.122 -0.1102 -0.1
-8.5419 1.1115 5.2092 0.0858 -0.0111 -0.0925
-8.6191 1.1875 4.9416 0.1125 0.0017 -0.2566
-8.8101 0.9583 4.8644 0.1167 -0.108 -0.377
-9.0022 0.8811 4.9033 0.0933 -0.0793 -0.5808
-8.8107 0.0766 4.8267 0.0837 0.0667 -0.5051
-8.6191 -0.3065 4.5586 0.2392 0.072 -0.405
-8.9633 0.2687 3.7535 0.3926 -0.1432 -0.3858
-9.4613 -1.57 4.443 0.3393 -0.4585 -0.0471
-9.7677 -0.8422 2.1063 0.2041 0.1817 0.9432
-9.6911 1.2264 8.5036 -0.8697 0.3351 0.7759
-8.0056 3.9846 7.3544 -0.809 0.7048 0.8825
-5.8987 1.4946 4.9793 -0.4628 -0.646 0.4766
-8.0439 2.4523 3.8301 -0.5767 -0.7206 0.4787
-10.1125 2.1841 4.7112 -0.3765 0.0081 0.3019
-11.9513 5.785 5.8604 0.3479 0.4182 -0.0283
-8.7334 1.4946 9.3847 0.9114 0.4246 -0.6419
-4.5197 -0.2292 3.9834 -0.2401 0.6195 -0.7112
-6.8564 1.1115 4.2132 1.6326 -0.3786 -1.4931
-15.3223 -0.4591 2.1063 0.3714 0.497 -0.2849
-11.1468 0.6901 3.6386 0.104 0.2392 0.4821
-6.6655 -0.0766 9.0022 -1.9754 0.3649 1.7114
-7.355 2.9113 7.4699 -0.8153 -0.2774 0.3489
-4.5203 0.5363 4.2521 -0.9208 -0.9954 0.6632
-11.722 2.9113 0.3065 -0.6129 0.3916 0.3213
-11.6831 5.9382 5.3241 0.1924 0.1327 0.0976
-7.5076 0.3454 7.431 1.491 0.8688 -0.9847
-7.2395 -0.2676 7.6608 -0.6918 -0.1176 0.1189
-4.8644 1.303 2.9491 0.9945 0.1444 -1.9243
-7.929 0.8051 4.6729 0.8593 -0.6982 -0.2113
-11.8746 -1.072 2.4511 0.5748 0.7367 -1.0356
-8.925 0.9583 7.8141 -1.3821 0.3809 1.3304
-7.5459 4.0995 7.7758 -0.6428 0.4086 0.5378
-4.0983 1.1115 3.945 -0.6247 -1.1232 0.5325
-8.0445 1.494 4.2904 -0.8857 -0.7759 0.5058
-10.6877 5.0182 5.0566 -0.1516 0.2701 0.5754
-8.1977 1.3024 6.6655 1.2428 0.5908 -0.8265
-8.6957 -1.4174 10.4196 -0.6385 -0.4127 -0.1703
-4.0217 1.9543 4.1366 1.311 -0.2273 -1.5509
-13.6368 -2.068 4.443 0.5706 -0.4692 0.145
-10.419 0.4986 4.2515 0.43 0.1263 0.0801
-8.0445 0.1532 8.1977 -1.6015 1.2342 1.4372
-7.4316 4.367 8.3127 -0.55 0.4832 0.5925
-3.2561 0.6129 3.984 -0.9527 -0.8633 0.8257
-9.5768 2.7964 3.4477 -0.5586 0.4022 0.2484
-10.8403 6.3213 5.3624 0.0806 0.1711 0.1342
-8.3127 1.4174 6.9336 1.5602 0.7911 -0.9758
-8.4659 -0.2682 9.73 -0.6097 -0.2156 -0.2333
-4.6729 1.6861 4.0217 1.5581 -0.548 -1.7737
-9.423 -0.6123 4.941 1.2353 -0.4425 -0.5177
-11.9129 -0.4974 2.3744 0.5493 0.8188 -1.0565
-7.1251 0.6129 7.5465 -1.4214 1.509 1.7515
-8.5042 4.7501 9.3087 -0.3018 -0.2348 0.1238
-4.9027 0.9966 3.7918 -0.9229 -1.0529 0.7907
-12.8323 2.3756 -0.2687 -0.9761 1.0893 0.5382
-11.6448 6.3596 5.7838 0.2755 -0.1123 -0.0052
-7.1245 1.2264 6.2435 1.0787 0.8198 -1.0044
-7.6225 -0.8039 9.6528 -0.4435 -0.107 -0.0936
-4.4813 1.2647 3.2172 0.8156 0.0432 -1.6819
-6.8181 1.9543 3.6769 1.474 -0.5917 -0.6263
-14.4801 -1.1875 3.9456 0.2692 0.1455 -1.0007
-9.5002 0.4214 7.8913 -1.4842 0.6643 1.3237
-6.0525 3.3327 7.5848 -0.8792 1.165 1.5623
-4.1749 1.418 4.6729 -1.0443 -1.1403 0.9551
-10.6494 1.4174 1.7238 -0.795 0.2424 0.4108
-9.9216 6.4739 6.0142 0.0561 0.2329 0.2802
-9.8067 4.0989 6.9719 1.6732 0.2424 -0.964
-8.8867 -0.8805 10.5722 0.8678 -0.2305 -0.7275
-4.8644 0.3837 2.3361 0.0816 0.6888 -1.0599
-4.5197 2.4523 5.0943 1.8084 -0.6598 -1.5755
-15.9352 -3.1023 3.3704 0.3725 0.2531 -0.4641
-9.1931 0.422 8.0439 -1.5386 -0.3275 0.9027
-8.4653 3.9846 9.3847 -1.0028 0.8848 1.7368
-3.2172 0.9583 4.0983 -0.4914 -1.1531 0.4489
-9.921 1.9543 3.3321 -0.9825 -0.9943 0.516
-10.0742 6.3979 5.8221 -0.1293 0.2382 0.5026
-10.7254 3.0269 7.4693 1.3035 0.1402 -0.4988
-8.1971 -1.0337 9.3081 0.0838 -0.0548 -0.4253
-4.8261 1.3414 2.6809 0.4119 0.7623 -1.2551
-7.1629 0.8434 4.1749 1.3717 -0.3988 -0.9899
-14.4418 0.0383 2.7198 0.5749 0.2169 -1.3183
-9.3464 0.4986 7.2012 -0.9996 -1.054 1.3842
-8.427 4.4059 7.8524 -0.7237 1.0861 1.4386
-4.0983 1.1498 4.5197 -1.1647 -1.0188 0.8569
-8.3121 1.6095 2.4894 -0.696 -0.646 0.2913
-10.8409 5.9376 5.5929 0.021 0.2371 0.216
-9.9593 3.0269 6.435 1.2503 -0.0154 -0.4519
-10.6488 1.6478 10.4956 0.7699 0.2243 -0.7332
-4.5963 1.6095 2.7192 0.739 0.3447 -1.4725
-6.5122 0.1915 3.8307 1.0841 -0.7195 -0.1217
-10.9553 -0.1526 2.3744 0.6474 0.7506 -0.7569
-10.9936 1.1498 6.8181 -1.2178 -0.614 0.8357
-7.1629 2.6438 8.1588 -0.9004 1.0446 1.5505
-3.6769 0.8817 3.6003 -0.9025 -0.8846 0.7324
-9.6145 1.8777 2.5277 -0.5808 -1.1051 0.3095
-10.9936 7.5854 5.6689 0.0593 0.2115 0.1686
-10.6105 2.9119 6.2818 1.2609 -0.0729 -0.428
-8.7334 -0.3442 9.4613 0.1988 -0.0974 -0.5366
-5.4007 1.2264 2.566 0.5429 0.6462 -1.3824
-5.7072 1.8393 4.6346 1.1512 -0.6886 -0.9467
-15.6671 -0.9571 2.5277 0.1382 0.3969 -0.4517
-10.343 0.4597 4.6352 -0.6363 -0.695 1.1441
-7.7375 3.5632 8.8101 -0.8472 0.8837 1.3497
-3.7152 0.5369 4.8644 -0.9857 -1.0082 0.8458
-6.3207 2.1835 4.0606 -0.5585 -1.1445 0.3345
-11.5305 3.371 1.2641 -0.7929 0.1338 0.5865
-11.1851 4.4442 5.5539 0.348 -0.0644 -0.091
-6.7032 1.1881 7.0862 1.3749 0.8699 -0.8303
-6.3584 -0.0377 7.3161 -0.7098 -0.0313 0.0091
-5.056 1.5329 3.8684 1.1917 -0.1858 -1.7241
-7.7375 -0.3825 4.5963 0.7699 -0.6598 -0.0101
-11.2234 0.9583 2.7192 0.4674 0.7314 -0.5253
-7.4693 0.1155 7.8524 -1.7399 0.904 1.2154
-8.3121 3.7164 8.8867 -0.4168 0.6835 0.7403
-4.2515 1.3414 3.9067 -0.9995 -0.5821 0.8202
-9.3081 2.8353 2.4511 -0.7076 -0.8814 0.3994
-10.5339 4.9805 5.5923 0.0392 0.1317 0.2103
-10.6105 3.7164 6.3201 0.9436 -0.2167 -0.0219
-8.8873 0.5746 9.347 0.8765 0.0816 -0.7399
-5.1326 1.1881 2.7192 0.8168 0.2701 -1.3674
-6.2052 1.6095 4.6729 1.2642 -0.6471 -0.9264
-15.1697 -0.3448 3.6392 -0.2229 -0.3008 -1.0698
-9.6151 0.3448 6.359 -0.8716 -0.5267 1.2887
-8.8101 4.1761 9.1165 -0.649 1.0765 1.0341
-4.2521 1.1492 6.4356 -1.205 -1.1317 0.6804
-8.6574 2.4517 3.5626 -0.6085 -0.7408 0.3981
-9.8833 4.5203 4.7884 0.2606 -0.0494 -0.0123
-11.2617 4.1378 7.2778 1.0266 -0.1858 -0.073
-8.8873 1.1109 9.0022 1.0159 -0.1837 -0.6494
-4.9033 1.1875 3.6392 0.6825 0.0102 -1.0339
-5.7072 1.7627 4.7495 1.3536 -0.516 -1.2683
-15.8209 -0.2298 1.9537 0.0327 0.8571 -0.503
-11.8752 0.6895 7.7381 -1.0357 -0.1261 0.5101
-8.0439 4.6741 8.6568 -0.5063 0.9668 0.9437
-3.9834 1.0349 4.7495 -0.4616 -1.0827 0.2406
-7.9679 2.2601 4.2904 -0.9367 -1.1136 0.6518
-9.0022 3.4477 4.1755 -0.0887 0.3096 0.0693
-10.228 5.7844 4.0989 0.5984 -0.0324 0.243
-7.0862 1.2647 6.4733 1.2961 1.1277 -0.818
-7.431 -0.2676 8.3504 -0.583 -0.0867 0.3964
-6.3584 0.92 5.5539 1.5997 -0.3008 -1.895
-9.7677 0.7284 2.9108 0.4227 -0.3072 0.0256
-10.1891 0.6901 3.8684 0.0829 -0.0154 -0.1587
-11.2617 1.4946 4.7112 0.1521 -0.1943 0.4453
-6.0136 0.6135 5.2858 -0.682 0.8763 0.3004
-8.1971 3.2567 7.5842 0.346 -0.3988 -0.1907
-7.3927 2.3373 4.7112 0.0467 -0.8569 0.1089
-9.3464 1.801 4.8644 -0.1834 -0.3221 0.1579
-8.6574 1.9537 4.5203 -0.3975 0.431 0.2389
-8.5419 1.801 5.8987 -0.3741 0.1231 0.29
-7.929 2.4906 5.7072 -0.3006 0.3074 0.1462
-7.4699 1.4174 5.1332 -0.2932 -0.3136 0.1646
-8.7334 1.9926 5.0943 -0.0791 -0.0729 0.024
-7.8907 2.4523 5.1326 0.0179 -0.0761 -0.0687
-8.3121 2.0692 5.0943 -0.029 -0.0345 -0.0325
-8.3121 2.0692 5.2475 0.0488 -0.1304 -0.1113
-8.427 1.9543 5.1326 0.0009 -0.0207 -0.0631
-8.3121 1.8393 5.2092 -0.0353 -0.0058 -0.0087
-8.2738 2.0309 5.2858 0.0095 -0.0047 -0.0417
-8.3887 1.8777 5.1709 -0.0023 0.0123 -0.0226
-8.3504 1.7244 5.1326 0.0073 0.007 -0.0055
-8.3121 1.8777 5.2092 -0.0226 0.0134 -0.0001
-8.3504 1.6861 5.1326 -0.0194 0.0081 -0.0118
-8.3121 1.8393 5.2475 0.0083 -0.0537 -0.0096
-8.3504 1.7627 5.3624 -0.013 -0.0505 0.0063
-8.3121 1.6861 5.3241 -0.029 -0.0271 -0.0203
-8.3504 1.801 5.3624 -0.0107 0.0017 0.0043
-8.2738 1.7627 5.4007 -0.0043 -0.0122 -0.0011
-8.3121 1.7244 5.4007 -0.0085 -0.0122 -0.0043
-8.1977 1.8004 5.4013 -0.0107 -0.0132 -0.0075
-8.3127 1.8004 5.4013 0.0021 0.0145 -0.0085
-8.2744 1.8004 5.363 -0.0064 0.006 -0.0075
-8.2738 1.6861 5.3241 -0.0107 0.007 0.0042
-8.3127 1.7238 5.3247 -0.0192 -0.0079 0.0021
-8.3887 1.7627 5.2092 -0.0128 -0.0004 -0.0096
-8.3121 1.6861 5.2092 0.0053 -0.0068 -0.0075
-8.3121 1.7244 5.2475 0.0245 -0.0058 -0.0033
-8.2738 1.7627 5.3241 0.0213 -0.0122 -0.0014
-8.3504 1.801 5.2858 -0.0054 0.006 0.0104
-8.3504 1.8393 5.3241 -0.0075 -0.0047 0.0104
-8.1971 1.801 5.3241 -0.0064 0.0028 0.0029
-8.3127 1.7621 5.363 -0.0107 0.0049 -0.0018
-8.2355 1.8393 5.3241 -0.0139 0.0017 0.0046
-8.2361 1.7621 5.3247 -0.0022 -0.0058 -0.0007
-8.2744 1.6089 5.2864 -0.0171 0.0049 0.0046
-8.2738 1.7244 5.3241 -0.0139 -0.0026 0.0078
-8.2355 1.7627 5.3241 -0.0161 -0.0015 0.0057
-8.3121 1.801 5.3241 -0.0128 0.0049 0.0044
-8.3887 1.6861 5.3241 -0.0117 -0.0036 0.0023
-8.3121 1.7244 5.2475 -0.0085 0.0091 -0.002
-8.3121 1.801 5.3241 -0.0096 -0.0047 0.0002
-8.2355 1.7244 5.3624 -0.0245 0.0091 0.0087
-8.2355 1.7627 5.3241 -0.016 0.0038 0.0044
