-10.4962 1.5323 -1.1492 0.558 -1.2616 -0.2058
-10.4196 1.6089 -0.3448 -0.5701 -1.3404 0.4312
-9.6528 2.1841 1.1103 -0.2516 0.0764 0.0967
-9.8061 2.4523 0.3059 -0.1845 0.2564 0.1063
-9.5762 2.4906 0.4208 0.0935 -0.1441 0.0374
-9.7294 2.4523 0.6123 0.1159 -0.1271 0.03
-9.5379 2.0309 0.9571 0.0424 -0.1995 -0.003
-9.7294 2.0692 1.2252 -0.226 -0.19 0.0257
-9.4996 2.4906 1.0337 -0.3571 0.119 0.0651
-9.6151 2.7198 0.996 -0.2356 0.1254 0.032
-9.1165 3.2184 0.9571 0.0041 0.119 0.0256
-10.304 2.797 0.4591 -0.0641 -0.191 0.0075
-9.1165 3.0652 0.4591 -0.1621 -0.2517 0.1055
-8.8867 2.4906 0.3442 -0.2708 -0.1825 -0.0415
-9.5379 3.2567 0.0377 -0.4114 -0.1196 -0.1217
-10.3424 4.1378 -0.0772 -0.1952 -0.1378 -0.0418
-12.3726 4.789 -0.5752 0.4514 0.3352 0.0902
-8.2744 0.8428 3.0263 0.6165 -0.4232 -0.4573
-10.228 1.7238 3.3327 0.9596 0.3384 -0.224
-7.4316 1.7238 0.996 0.8072 0.577 -0.5755
-9.2703 -0.0383 -0.4597 0.4547 0.2074 0.0628
-11.1857 0.8811 0.0766 0.0839 -0.0366 0.066
-11.9129 0.6135 1.9914 -0.9749 -0.8579 0.2887
-8.1971 3.3716 5.439 -0.5584 0.43 0.2216
-9.3087 1.992 1.1109 -0.7363 1.8415 0.2141
-6.3207 1.3408 0.3831 -1.7462 -1.4363 0.0897
-11.2234 4.4442 -0.6901 -0.6415 0.1563 0.0503
-13.4069 3.8696 -0.0389 0.2672 -0.5159 0.2186
-7.5459 1.1498 3.2555 1.0725 0.7954 0.0013
-11.7214 -0.7272 4.1749 -0.3272 -0.125 -0.0722
-5.937 3.6781 0.4591 1.0193 1.1438 -0.7956
-9.5379 2.1841 0.6123 0.5388 -0.6001 0.242
-12.2577 -1.57 -2.5289 0.0041 0.3789 -0.3567
-9.7294 1.5712 4.443 -1.368 0.0487 -0.2086
-10.8787 4.6741 4.4047 0.4153 -0.7045 0.2867
-6.7032 -0.574 -0.0006 -1.3339 0.4364 0.3376
-7.8524 3.0652 1.9914 -1.4319 -0.9506 0.0969
-10.9936 6.283 0.8422 -0.5574 0.1211 0.2822
-12.4109 3.1801 3.5237 0.2373 0.8913 0.2854
-9.3081 -1.0337 4.2515 -0.2793 0.0987 -0.0171
-7.6992 4.9039 1.3785 2.2187 0.3533 -0.6402
-7.929 -0.2292 0.8422 1.0075 -1.0986 -0.6008
-9.5385 1.992 0.8811 0.9905 0.2564 0.1928
-11.0325 -0.7661 -0.9577 0.4365 0.1882 -0.066
-13.0245 1.494 3.6392 -0.1557 -0.2219 -0.2982
-7.2018 7.853 4.7118 1.1951 -0.6885 0.35
-6.9719 -0.498 0.4214 -0.2324 0.9456 0.2807
-9.347 3.7924 1.3791 -0.4433 -0.4722 -0.1251
-10.1897 1.992 0.7661 -0.4976 0.3065 -0.0484
-9.6534 6.4739 -0.3065 0.5527 -0.3433 0.1103
-9.4236 3.0263 3.2944 1.8587 -0.403 -0.5512
-9.0782 4.4442 4.1366 1.8001 -0.5905 -0.2029
-8.2738 1.9926 1.1486 2.5629 0.299 -0.6172
-8.8873 1.8771 2.375 2.5661 -0.5127 -0.4606
-9.6534 1.0726 2.988 2.2699 -0.6459 -0.3584
-10.1514 1.1875 2.3367 2.8036 -0.6001 -0.3545
-9.921 0.1155 3.3704 1.1418 -1.6675 -0.4173
-8.4653 6.283 3.4087 2.2688 -0.9079 -0.5164
-8.0445 0.996 5.8227 2.1154 -2.4025 -1.3888
-6.8953 1.2258 6.7804 1.5285 -1.9828 -1.375
-5.4773 0.1538 7.8907 0.7168 -2.7881 -1.2466
-4.5969 0.8428 8.4659 -0.5306 -2.8957 -0.91
-1.3408 -0.1149 9.5768 -0.6968 -3.341 -0.2581
1.6855 -0.1149 9.4236 -0.2973 -4.5341 -0.3081
5.1338 -0.9571 8.3504 -1.3552 -1.2691 0.2575
5.2481 -1.8004 7.0102 -0.4529 1.4047 0.63
4.2904 -2.4134 8.0445 -0.4678 1.7488 0.4873
2.6815 -3.0646 8.734 -0.4518 1.8021 0.4873
1.0343 -4.2138 9.3853 -0.1035 1.3259 0.368
-0.3825 -3.9067 9.8444 0.0648 0.8732 0.4266
-1.494 -4.0223 9.5002 0.2981 0.6005 0.3744
-2.2601 -3.371 9.7683 0.4078 0.2607 0.2913
-1.8771 -2.8347 9.9216 0.5825 -0.3593 0.0825
-1.3785 -1.8381 9.3847 0.4046 -0.419 -0.0229
-0.8805 -1.7615 9.423 0.2182 -0.1676 0.0378
-0.8422 -1.7615 9.5762 0.231 -0.1079 0.0231
-0.9954 -1.4551 9.4996 0.1639 0.0774 0.0827
-1.0337 -0.9954 9.6528 0.2971 0.1616 -0.0132
-1.3785 -0.8805 9.423 0.1564 -0.0355 0.0018
-1.072 -0.6506 9.423 0.068 0.0316 0.0135
-1.072 -0.8805 9.5762 0.0403 -0.0302 0.0155
-0.8805 -0.7655 9.6145 0.0265 -0.0664 -0.0068
-0.9188 -0.7272 9.7294 0.0148 -0.0696 0.0155
-0.8039 -0.6123 9.5379 -0.0012 -0.044 0.0145
-0.6129 -0.7278 9.6151 -0.0161 -0.0845 0.0081
-0.6129 -0.7278 9.6534 -0.031 -0.0547 0.0081
-0.6129 -0.7661 9.6534 0.002 0.0061 -0.01
-0.6506 -0.6506 9.6911 -0.0108 -0.0025 -0.01
-0.574 -0.7655 9.6917 -0.0289 -0.0813 0.0081
-0.5363 -0.7278 9.6151 0.002 -0.027 0.007
-0.5363 -0.6512 9.6151 -0.0033 -0.0025 0.0032
-0.5357 -0.6889 9.5762 -0.0033 0.0071 -0.0032
-0.6512 -0.8045 9.6534 0.0084 0.0188 0.0053
-0.6512 -0.8045 9.6534 0.0127 -0.0121 0.0064
-0.6506 -0.7272 9.6145 0.0073 -0.0014 -0.0011
-0.6889 -0.7655 9.6145 0.0009 -0.0057 -0.0023
-0.574 -0.7272 9.6528 0.0063 -0.0152 -0.0066
-0.6129 -0.7278 9.5768 0.0084 -0.0121 -0.0012
-0.5746 -0.7278 9.73 0.0105 -0.0025 0.002
-0.6512 -0.6512 9.6534 0.0127 0.0082 0.0009
-0.6129 -0.7661 9.6534 0.0127 0.005 0.0041
-0.5746 -0.6895 9.6917 0.0084 -0.0003 -0.0012
-0.6506 -0.6889 9.6145 0.0052 -0.0035 0.002
-0.6123 -0.6506 9.5762 0.0105 -0.0089 -0.0022
-0.6123 -0.6506 9.6528 0.0052 -0.0014 0.002
-0.574 -0.6506 9.6528 0.0074 0.0029 0.0028
-0.6506 -0.6123 9.5762 0.0063 -0.0057 0.0018
-0.6123 -0.6123 9.6145 0.0031 -0.0046 0.0007
-0.6123 -0.574 9.6528 0.0042 -0.0014 0.0039
-0.6512 -0.6129 9.6151 0.0021 -0.0057 -0.0014
-0.5363 -0.5363 9.6534 -0.0022 -0.0025 0.0039
-0.6506 -0.6123 9.6911 -0.0097 0.0093 0.0033
-0.5746 -0.6895 9.6151 -0.0225 -0.0025 0.0044
-0.5746 -0.6895 9.6151 -0.0821 -0.0227 -0.0201
-0.4974 -0.6889 9.5762 -0.0544 -0.0003 0.0278
-0.6123 -0.7655 9.5762 -0.0214 -0.0344 -0.0201
-0.4597 -0.9577 9.6917 0.0532 -0.0046 -0.0002
-0.5363 -0.7278 9.6911 0.0607 0.0465 0.0158
-0.6889 -0.4591 9.6528 0.0138 0.0242 0.0307
-0.4974 -0.574 9.6911 -0.0032 -0.0227 0.0062
-0.574 -0.6889 9.6528 0.0117 -0.0046 -0.0268
-0.6895 -0.5746 9.6151 -0.0012 -0.0046 -0.0318
-0.6123 -0.6506 9.6145 -0.0193 0.0018 0.0119
-0.4974 -0.574 9.6528 -0.014 -0.0078 0.0023
-0.6129 -0.6512 9.6534 -0.0193 -0.0025 0.0012
-0.6512 -0.7661 9.6151 -0.0182 -0.0014 -0.0041
-0.6123 -0.6889 9.4996 -0.0033 -0.0035 -0.0081
-0.498 -0.8045 9.6534 0.0074 0.005 0.0005
-0.574 -0.6889 9.6528 0.0127 0.005 0.009
-0.574 -0.6506 9.6528 0.0191 -0.0099 -0.0006
-0.4974 -0.6889 9.6145 0.0234 -0.0142 -0.007
-0.4974 -0.6889 9.6528 0.0234 0.0071 -0.0024
-0.5357 -0.6506 9.6528 0.0042 0.0039 0.003
-0.574 -0.6889 9.6911 0.0053 -0.0067 -0.0066
-0.5363 -0.6512 9.6534 0.0042 0.0007 -0.0002
-0.4974 -0.6506 9.6145 -0.0128 -0.0025 -0.0002
-0.5357 -0.6123 9.6911 -0.0043 0.0039 -0.0023
-0.498 -0.5363 9.6534 -0.0139 0.0007 -0.0034
-0.5363 -0.6895 9.6151 -0.0064 0.0093 0.003
-0.5746 -0.5746 9.6151 -0.0 -0.0014 0.0009
-0.498 -0.6512 9.6534 0.0053 0.0018 0.0085
-0.4974 -0.6123 9.6145 0.001 0.0061 -0.0043
-0.4974 -0.574 9.6145 -0.0011 0.0018 -0.0032
-0.5357 -0.6506 9.6528 0.0021 0.0082 -0.0
-0.6123 -0.6123 9.6145 0.0032 0.0018 0.0021
-0.574 -0.574 9.7294 -0.0001 -0.0089 0.0038
-0.5357 -0.574 9.6911 0.0053 0.0007 -0.0004
