-7.7758 -8.1588 -5.4402 0.7119 1.6204 -0.0202
-9.2314 -8.4653 -7.0874 -2.5435 2.5877 0.2855
-7.3933 -11.1857 -1.8004 -2.2463 1.288 0.0671
-6.9713 -3.6386 -2.1075 -2.3667 0.6265 -0.0021
-4.9799 -3.6009 -2.375 -1.0724 0.5434 -0.6281
-3.2944 -2.1452 -3.1412 0.7534 0.0747 -0.2531
-2.7192 -2.6809 -1.6095 3.7372 -0.2108 0.1421
-3.9067 -3.2938 -4.6741 -1.1747 -0.5496 0.5075
-2.9874 0.0006 -5.5551 1.7985 0.2547 1.1328
-5.8987 -4.6346 -1.7627 0.9101 -0.525 0.921
-6.8187 -5.4396 0.5363 1.8475 -0.2363 0.856
-4.6346 -15.8203 0.9188 0.9804 -1.0161 1.0243
-6.359 -6.4356 -0.7278 -0.7166 -1.3111 -0.2285
-5.7461 -5.1332 -0.0766 0.8931 1.2125 0.3841
-7.4316 -8.5425 2.0686 -0.1861 -0.329 1.0616
-9.3464 -14.0198 -0.0772 -0.0135 -1.0746 0.552
-9.0399 -9.0016 -1.2647 -2.0705 1.8634 -0.3886
-10.8793 -4.865 3.984 0.5415 2.2916 -0.901
-3.869 -12.1051 -1.7621 -0.1232 1.2125 -1.929
-4.9027 -3.1406 0.4591 -2.5072 -0.8167 -1.0618
1.4563 -2.1446 -5.4019 3.4711 0.0579 0.9409
-13.6374 -19.077 -5.5545 -1.0669 -1.5475 1.3148
-5.4779 -2.8347 -2.1835 1.9073 -0.0615 1.5247
-6.3973 -8.4659 3.2561 2.5699 -0.8465 1.0474
-2.9108 -11.0702 -0.422 -0.3276 0.3529 1.2669
-4.8261 -8.925 0.4591 -1.9374 -2.4425 0.2896
-7.0102 -3.869 0.498 0.5745 0.5349 0.4079
-6.9336 -9.8833 3.7924 0.6896 0.0439 0.8159
-8.5425 -13.9438 1.2641 -0.2766 -1.1982 0.8425
-5.8604 -9.2314 -4.1378 -1.6859 0.9706 -0.162
-9.9599 -5.9759 3.6392 0.0537 2.9915 -0.9632
-2.566 -12.0279 0.3825 -0.8795 1.4075 -2.3385
-5.4007 -2.7192 0.8805 -2.3613 -0.6496 -1.2477
0.422 2.9503 -3.6015 0.5416 -1.1108 0.5729
-13.8283 -18.8083 -4.291 1.2468 0.4913 1.5945
-7.3927 -0.3442 -1.2264 0.5192 -1.3506 1.6379
-8.8867 -7.5076 2.4894 2.1085 -0.2192 1.5654
-4.7495 -12.8323 4.4813 0.0813 -1.3857 0.8528
-1.8771 -8.0062 0.8428 1.2041 -0.9149 0.6301
-5.0943 -6.5116 2.068 -0.8337 -0.7583 0.7974
-8.734 -8.0062 3.6775 -1.2492 -3.1669 1.0978
-7.1245 -6.0142 -0.92 -0.2649 1.564 0.7144
-2.9874 -10.304 2.3361 -1.3813 -0.2129 0.4512
-6.3967 -10.9553 -0.6135 -2.389 0.0811 -0.5341
-9.1931 -5.2475 3.562 -1.5432 1.2764 -0.6194
-2.6809 -9.9593 1.8765 0.8578 -1.1568 -1.3748
-7.8907 -3.2555 1.9148 -0.8381 -2.6865 -0.4448
-6.8181 -5.6306 -1.418 -0.6815 -2.4575 0.9293
-5.0182 -12.9478 -3.869 0.0994 -0.3898 0.2518
-8.1594 -9.1171 3.371 -0.0263 -2.1613 1.0039
-7.2784 -6.4356 3.486 0.2932 0.3878 0.8712
-4.7495 -7.0096 3.5237 -0.2831 -0.4324 0.7295
-6.0903 -7.0479 1.57 -0.0381 -2.3467 0.8989
-6.2052 -7.7758 2.566 -0.1808 0.5444 0.7902
-4.9027 -11.415 2.6809 -1.0054 0.326 0.4918
-5.1326 -10.6105 -0.2687 -2.5127 0.376 -1.2127
-10.2274 -4.9027 2.566 -1.4059 1.3816 -0.6459
-4.0217 -7.3927 3.2938 1.025 -2.2296 -0.745
-6.8564 -1.4551 0.9954 -0.0712 -1.974 0.0678
-8.0822 -10.0742 -4.9039 -1.2344 -1.2548 1.5462
-5.056 -8.3504 -1.0343 0.0077 -1.1728 0.5448
-4.8644 -2.566 1.57 0.4466 -0.5017 0.5374
-6.8947 -8.6951 4.3281 -1.1065 -2.1155 0.8644
-6.5882 -6.8564 1.072 -0.4418 -2.3073 0.58
-6.3584 -6.1669 2.1446 0.227 0.0116 0.2595
-5.439 -7.8524 3.1406 0.1173 0.1618 0.6781
-8.1588 -7.8524 3.7918 0.4837 -0.4998 1.1692
-8.427 -13.4835 -1.2264 -1.0321 -0.1983 0.3766
-6.7804 -10.9942 0.6895 -2.3317 0.7764 -0.6279
-9.8067 -5.6312 2.873 -1.1525 1.3187 -0.9753
-4.6735 -10.3813 1.0343 -1.667 0.1554 -1.1916
0.0006 -0.4208 -2.797 0.9845 -0.5839 0.2444
-7.355 -16.2806 -3.7924 -0.7551 -1.3136 1.3267
-5.2481 -3.869 -1.6089 2.2553 -0.1386 1.193
-5.4396 -7.5848 2.0686 2.1104 -0.9216 1.1451
-3.6386 -10.0742 0.6889 -0.0777 -0.2622 1.7608
-5.7838 -7.7375 -0.422 -1.3347 -1.9453 0.9373
-5.0943 -7.0479 1.9148 -0.5006 -0.8886 0.0276
-7.7375 -6.7798 -0.2687 0.7288 0.9064 0.2502
-5.7072 -8.3887 1.7998 -0.2801 0.0361 0.5553
-7.0862 -10.0359 3.4854 0.5924 -0.3134 0.9345
-7.5076 -11.0702 -2.8736 -1.2654 -0.1706 0.4477
-8.8867 -9.3464 -1.3414 -1.161 1.733 -0.738
-8.3887 -3.945 2.8341 -0.1245 2.2539 -0.8264
-4.3664 -8.925 -0.2687 -1.7427 -0.1259 -1.1877
-4.4436 -3.5243 -1.0343 -1.306 -0.4945 -0.6859
-0.076 -1.5317 -2.299 1.7726 -0.518 0.9897
-7.8141 -17.2377 -5.287 -1.3124 -1.0762 1.1687
-5.8604 -4.2515 -1.6478 1.7013 -0.2378 1.3551
-5.3247 -8.1211 0.7278 1.9345 -0.2176 1.2565
-6.9719 -7.6231 1.3791 0.8522 -0.665 1.5728
-4.1755 -9.6151 1.0726 -0.5859 -0.5148 0.7526
-6.1286 -6.2052 0.8422 -0.702 -1.2307 0.3318
-4.8644 -7.5076 3.2172 0.1353 -0.4029 0.2786
-7.5459 -7.1629 0.3442 0.5827 0.6953 0.3322
-6.7038 -8.5042 1.6472 -0.5476 -0.1985 0.4473
-7.1629 -6.5882 4.4813 0.5177 0.2532 0.6018
-5.0176 -9.423 0.7655 -0.5017 -0.5393 0.8084
-9.1931 -8.7334 2.9491 0.3217 -0.1537 0.5762
-5.937 -9.2314 -0.8051 -0.9757 0.1181 0.4751
-7.6225 -8.0822 -1.6095 -0.9267 1.3431 -0.4315
-7.6992 -6.2818 1.57 -0.7531 0.8733 -0.6648
-7.0096 -4.2515 -0.9583 -0.116 0.0733 -0.1438
-5.8221 -3.4471 1.072 0.0704 -0.2867 0.7307
-6.1669 -7.0862 1.6466 0.1663 -2.559 0.9531
-3.984 -7.853 0.6512 0.2984 -1.0761 0.2511
-8.1588 -6.6266 1.8381 0.8576 0.2182 0.5184
-6.3201 -6.7032 3.4087 0.2217 -0.5541 0.6857
-6.8564 -7.2395 1.1103 0.0416 -1.4724 0.5088
-7.3927 -6.8947 2.1829 -0.1587 0.0925 0.2855
-6.857 -6.3973 2.6049 0.1758 0.3588 0.2802
-6.8181 -6.7032 1.6849 -0.0713 -0.0577 0.4581
-6.9336 -6.7421 2.2218 -0.1278 -0.0844 0.4506
-7.3161 -6.3967 1.7232 -0.0308 -0.0833 0.3526
-7.0479 -6.7798 2.2978 0.0608 0.1564 0.3452
-7.0096 -6.5499 1.9531 -0.051 -0.0503 0.3838
-6.8947 -6.7415 1.7615 -0.0692 0.0115 0.3402
-7.3927 -6.3201 1.7232 -0.0447 -0.1089 0.3242
-7.2395 -6.6266 2.0297 0.0043 0.0126 0.3082
-7.0868 -6.6655 1.8771 -0.0468 -0.0673 0.3359
-7.3544 -6.5499 1.6466 -0.0191 -0.0013 0.3314
-7.2401 -6.2441 2.0686 0.0235 -0.0034 0.3111
-7.2778 -6.5499 1.3785 0.0331 0.0839 0.3271
-7.1251 -6.6272 2.0686 0.0214 0.0179 0.2877
-7.0485 -6.5888 1.8771 0.0139 0.0136 0.3026
-7.1245 -6.8947 1.6466 -0.0521 0.0435 0.2826
-7.1245 -6.4733 2.3361 0.064 0.0105 0.3327
-7.0868 -6.8953 1.5323 -0.0574 -0.1557 0.3231
-7.0479 -6.5499 2.1446 0.0182 0.0424 0.3348
-7.2395 -6.7415 1.6083 -0.0041 -0.0353 0.3283
-7.0868 -6.6272 2.1069 0.0012 -0.0299 0.3208
-7.0096 -6.6266 1.6466 -0.0116 -0.0331 0.3261
-7.0479 -6.6649 2.1063 -0.0137 0.0159 0.3251
-7.0479 -6.5499 1.9148 -0.0169 -0.064 0.3272
-7.0102 -6.6272 1.992 -0.0041 -0.0065 0.3272
-7.1251 -6.5505 1.9154 -0.001 -0.0193 0.3309
-7.0868 -6.6272 1.9537 0.0076 0.0062 0.3266
-7.0868 -6.7038 1.8771 0.0086 0.0083 0.3266
-7.0862 -6.6266 1.9531 0.0054 0.0137 0.3266
-7.0862 -6.6266 1.8381 -0.0063 -0.0119 0.3362
-7.1245 -6.5116 1.9148 0.0129 0.132 0.3155
-6.9719 -6.7421 1.9154 -0.0276 -0.0683 0.3358
-7.0096 -6.6649 1.9531 -0.0489 0.002 0.3368
-7.0862 -6.6266 1.9531 -0.0297 -0.0918 0.3518
-7.0479 -6.5499 1.9531 -0.0276 -0.031 0.3347
-7.1245 -6.7798 1.7232 -0.002 0.0936 0.3675
