-3.562 8.1217 2.3744 0.0896 -0.3295 -0.2392
-5.0182 10.4579 3.7541 0.1311 0.1669 -0.2754
-3.7918 8.3516 3.064 0.162 -0.1196 -0.0729
-3.562 8.275 1.1869 -0.2811 0.1254 -0.0527
-2.8341 8.3133 1.9914 0.1365 0.6069 0.5332
-4.0217 7.5471 2.3744 -0.394 0.4673 0.5034
-3.6769 5.7467 1.4551 -0.2002 0.3576 0.2871
-6.2435 17.8135 2.1446 0.3218 2.2027 -0.743
1.4563 8.1983 2.1829 -0.7179 -1.3127 0.4576
-3.3704 8.8496 5.5156 0.7714 0.0412 0.1486
0.5369 6.6661 1.8381 -0.6412 0.0647 -0.3446
-0.6895 7.4316 3.5243 0.2888 -0.926 -0.2444
-1.0343 7.6998 2.6815 -0.1597 -0.1729 -0.5738
-0.1526 7.3939 3.945 0.1194 -0.0227 -0.3224
-4.558 16.5876 4.0217 -1.1291 -1.5428 -0.5994
-3.5237 11.646 3.945 0.2877 -0.5553 -0.0273
-2.4128 7.8536 2.1063 -0.1352 1.0447 0.0995
-3.1789 6.5894 1.6466 -0.0361 -0.2347 0.0007
-3.3704 8.1983 2.3361 -0.0137 1.2833 0.0891
-3.5626 8.1977 3.0263 -0.0926 0.1478 0.2393
-4.1372 5.4779 2.8347 -0.3898 0.233 -0.1676
-3.0646 5.6695 1.7621 0.1439 -0.3849 -0.2102
-4.5969 15.6293 11.3006 1.2156 -0.8674 0.8231
-3.3704 10.3819 3.945 0.7991 -0.7524 -0.1303
-1.9148 7.279 3.4471 -0.0382 -0.1921 -0.3189
-1.8004 6.1292 2.6432 -0.0095 -0.6608 -0.0856
-1.6855 5.0182 2.6815 0.3165 -0.3103 -0.1485
-3.2944 13.2543 2.0686 -1.2931 -1.4672 -1.7776
-3.9834 11.148 3.7152 0.2472 -1.0698 -0.0124
-4.5203 8.6957 3.4093 0.2089 -1.2925 0.4776
-4.5963 4.8656 1.8381 -0.213 -0.6682 -0.3182
-4.5963 9.3476 3.8684 0.1854 -1.1167 -0.5483
-3.8684 9.156 2.9874 0.1652 -1.1785 -0.5269
-2.7575 9.8839 3.1406 -0.0319 -0.5969 -0.661
-1.0337 7.3173 1.2635 1.141 -1.5865 -0.1891
-3.6769 9.1177 2.9491 0.6457 -1.6994 -0.2402
-1.9531 8.6963 1.4551 0.5849 -1.0112 -0.3456
-2.7192 9.8456 3.562 0.5913 -1.6398 -0.3254
-2.4511 9.156 2.5277 0.0139 -1.2893 -0.6196
-2.9108 10.3819 2.1063 -0.5443 -1.7505 -0.9913
-4.5963 7.3556 0.8805 1.0611 -2.5335 -0.3362
-3.1789 10.0371 0.1526 -0.3301 -0.2261 -0.2233
-4.06 7.8536 2.5277 0.2195 -2.5452 -0.4385
-3.2555 8.9262 2.9108 0.293 -1.0336 -0.1159
-2.7581 9.0788 3.5243 0.0448 -0.8046 -0.0264
-2.9497 10.6877 2.4517 -0.2567 -0.1644 -0.4749
-1.0726 9.0788 1.0726 0.7276 0.4482 -0.2736
-1.5323 9.0022 2.2601 0.293 -1.0602 -0.1234
-2.4517 9.0405 2.7964 0.2515 -0.2283 -0.234
-1.4557 8.5042 3.5626 0.3282 -0.8813 -0.2575
-2.3367 8.6574 2.49 0.0406 -0.6182 -0.6442
-2.6432 9.1171 3.1412 -0.2822 -1.1742 -0.9978
-5.7078 11.2623 3.3327 0.847 -0.8749 -0.5003
-3.562 10.2286 -0.6135 0.4795 -0.6927 -0.2734
-3.7918 7.8536 3.2172 0.4645 -0.8397 0.0175
-4.0983 8.1983 0.2676 -0.3131 -0.2379 -0.0592
-3.8307 7.6998 2.6815 0.3325 0.658 0.4734
-3.7152 7.8919 3.2172 -0.1384 0.3012 0.5789
-3.6003 5.1721 1.2635 -0.1342 -0.1111 0.323
-5.6306 18.7711 0.7272 -1.1408 1.2365 -0.6762
1.6478 10.8415 1.0337 -0.4314 -1.8762 0.1078
-6.9713 9.5008 7.1629 0.9407 -0.4477 -0.1649
-0.076 7.5088 2.2212 -0.4015 0.2298 -0.476
-1.7998 6.9342 2.9491 0.2259 -1.2658 -0.1074
-1.4168 5.7467 2.4511 0.1471 -0.4158 0.0045
-1.0726 7.2018 1.8387 -1.2857 -1.1327 -1.342
-4.2515 13.7146 2.0297 0.3473 -1.7612 0.1728
-4.06 9.7306 3.2938 0.5231 -0.3604 0.6277
-3.1406 5.7467 1.6849 -0.1342 -0.0333 0.0726
-3.6009 6.6655 1.992 -0.0873 -0.338 0.1909
-4.3281 6.6661 1.4551 -0.3408 0.4716 0.0034
-5.0176 17.6602 1.7998 -0.7446 -1.8198 -0.8648
0.1155 12.0674 2.0297 -0.1246 -1.5172 0.3945
-3.6769 9.8839 4.1749 0.1876 -1.121 -0.0241
0.0006 7.0491 0.8805 -0.5954 0.7028 -0.708
-1.6472 8.6957 3.7924 0.3665 -1.0208 -0.0998
-2.1835 7.3167 2.2601 -0.1192 -0.5276 -0.1435
-1.3024 8.6574 3.2561 0.1513 0.6516 -0.1062
-0.8811 11.7986 2.375 -1.5264 -2.3684 -1.2396
-5.2864 8.2744 4.865 0.9769 -2.3599 0.2773
-3.1412 11.9135 4.5203 -0.4282 0.919 0.42
-2.4134 6.1292 1.0726 -0.1299 0.0199 -0.0487
-3.1029 8.8107 0.2682 -0.898 0.7081 0.031
-3.2178 7.8913 3.4477 -0.1246 -0.2187 0.4592
-4.4819 5.8227 1.5323 -0.2631 0.544 0.0501
-3.4093 7.8913 1.9154 -0.0905 -0.4722 -0.0852
-3.486 15.2846 8.1211 1.2368 1.5773 0.3857
-1.9914 10.0754 3.6769 -0.6817 -2.2033 0.1409
-2.873 7.0485 2.2218 -0.1288 0.6942 -0.641
-1.3024 9.6151 4.6352 0.0959 -0.9665 -0.1446
-1.8387 8.9256 2.873 -0.2918 -0.5244 -0.1957
-2.4517 9.7683 4.4819 0.0033 -0.354 -0.0349
-1.5706 8.1594 2.2218 0.1023 -0.3433 -0.0019
-2.5283 9.232 3.8307 0.1822 0.1829 -0.0275
-3.1789 8.9262 2.9491 -0.1704 0.2468 -0.2682
-2.9113 8.6957 3.0263 0.081 0.2649 -0.1777
-3.3327 8.9639 3.0263 0.129 0.0146 -0.0649
-3.5626 8.9256 3.1795 0.0501 0.1126 -0.1139
-3.371 9.1937 3.1412 0.0597 -0.0046 -0.0862
-3.2555 8.7346 3.0257 0.0331 -0.0163 -0.0531
-3.3704 8.8496 3.064 0.1471 -0.0696 0.0097
-3.2172 9.0028 2.9108 0.064 -0.0802 -0.0819
-3.0257 8.9645 2.7192 0.0587 0.0114 -0.12
-3.4093 8.9256 2.7198 0.031 0.005 -0.0849
-3.1795 9.0022 2.6815 0.1343 0.087 0.0558
-3.4093 9.0788 2.7964 0.1631 -0.1377 0.1953
-3.1795 9.3853 2.7964 0.0842 0.0359 0.043
-2.7198 9.1554 2.4134 0.0768 -0.0078 0.0353
-3.0263 9.5002 2.5283 -0.0085 0.0018 0.0054
-2.988 9.2703 2.6432 -0.0351 -0.1196 -0.0851
-3.1029 9.2703 2.9497 -0.1565 -0.1324 -0.1735
-2.7964 8.9256 2.1452 -0.0862 -0.1473 -0.0968
-3.1023 9.2709 2.8724 0.0618 -0.0557 -0.0372
-2.9491 9.1943 2.8341 -0.0958 -0.0706 -0.0755
-2.4128 9.0028 2.7575 -0.0916 -0.0397 -0.0191
-3.064 9.0028 2.9108 -0.0884 0.0604 -0.0702
-3.1023 8.7346 2.7192 -0.1512 0.0977 -0.165
-2.9874 9.1177 3.0257 -0.0575 0.0008 -0.1191
-3.3704 8.8879 3.4854 -0.0319 0.2032 -0.1361
-3.5237 8.6197 2.7958 -0.0905 0.1371 -0.1606
-3.6003 8.9645 3.3704 0.0214 0.2127 -0.0882
-3.7918 8.773 2.9491 0.0161 0.1073 0.012
-3.945 8.8113 2.8724 -0.05 0.2021 0.0205
-3.7541 8.7724 2.9113 -0.0244 0.0732 0.06
-3.7158 8.9256 2.988 -0.0958 0.1488 0.0781
-3.6003 8.773 2.8724 -0.1043 0.1265 0.0813
-3.6769 8.773 3.064 -0.0425 0.0636 0.0877
-3.562 8.8879 3.1023 -0.0053 -0.0078 0.0886
-3.2555 8.8879 2.9491 -0.017 -0.0685 0.0939
-3.1406 8.8496 2.9108 0.0501 -0.0387 0.0609
-3.2172 9.0028 3.064 -0.0149 -0.0983 0.0055
-3.0257 9.0794 2.9491 -0.0191 -0.06 -0.0243
-2.7958 8.9645 2.9108 -0.0244 -0.0568 -0.0649
-2.7958 9.0028 2.9874 -0.017 0.0455 -0.0468
-2.8724 9.0794 3.1789 -0.05 0.0285 -0.018
-2.9874 9.0028 3.064 -0.0244 0.1339 -0.0276
-3.1412 8.8873 3.1795 -0.0713 0.0551 -0.0095
-3.1029 8.849 3.1029 -0.0447 0.1989 0.0042
-3.0646 8.8873 3.1412 -0.0351 0.1169 0.0138
-3.1795 9.0022 3.2178 -0.0394 0.1392 0.0095
-3.1412 8.8107 3.0646 -0.0745 0.0977 0.0127
-3.2555 8.9645 3.3321 -0.0138 0.0647 0.0181
-3.1789 8.8879 3.1406 0.0011 0.0423 0.0108
-3.1789 8.8879 3.2555 0.015 0.0561 0.0001
-3.1795 8.8107 3.1795 0.0011 0.0572 -0.0286
