-9.1937 -2.49 1.8004 -0.0113 -0.035 -0.1916
-8.3893 -3.1412 1.8004 0.2752 -0.0222 -0.2832
-8.1211 -5.0566 -0.7278 0.0046 0.1653 -0.5282
-10.1514 -3.6775 0.8811 -0.5035 0.095 -0.0095
-13.7134 -3.8301 0.3059 -0.2297 -0.0477 -0.0809
-8.5036 -2.8724 -1.0732 -0.0678 0.0833 -0.1949
-6.2824 -2.2601 -0.5363 -0.1168 -0.3886 0.0118
-2.2601 -2.2984 1.3024 0.0078 -1.4017 -0.2822
-17.1233 -8.0445 5.9759 0.2347 1.2285 -0.1986
-15.4372 -3.8301 4.0983 0.5256 -0.8392 0.2126
-5.5923 -0.9954 1.3402 0.4297 -0.6432 -0.0772
-3.6775 -0.996 0.4214 0.5916 0.4689 0.1796
-15.093 -11.9135 4.9799 -0.0827 -0.2128 0.5604
-13.0628 -4.2138 2.2601 -0.4651 -0.2789 -0.1288
-3.5237 -0.076 0.3059 0.2156 1.0367 0.2856
-0.5363 -0.4214 -1.4174 0.8004 -0.8168 0.0576
-19.6133 -10.4962 8.8107 -0.3256 3.4762 0.2568
-11.7603 -4.4436 4.5203 0.2912 -0.8861 -0.3624
-7.1629 -0.7272 2.3744 -0.2659 0.1088 -0.0525
-1.494 0.2298 -0.0766 0.4851 0.3059 0.1851
-10.5345 -5.7461 5.4396 -0.1136 0.3432 -1.0048
-8.7718 -1.4551 1.3402 -0.1818 1.1081 0.0864
-2.1063 -0.8422 -1.1881 0.3051 0.0098 0.5817
-4.8644 -13.8283 5.2092 -2.1642 -2.8121 -1.0215
-11.1851 -1.9148 1.2635 -0.038 0.208 0.0139
-11.4533 -2.6043 0.6506 0.2699 -0.1351 -0.556
-6.3201 -1.1486 0.9571 -0.1946 0.3422 0.1188
0.3071 -2.3361 2.9108 0.7333 -0.2214 -0.0015
-19.6127 -18.3103 1.072 -0.8263 -0.1116 -0.1571
-12.6025 -2.4511 0.4208 -0.6324 -0.9468 0.056
-6.435 -1.9148 1.7998 -0.0167 0.7214 0.0709
-3.064 -1.2635 -1.8777 0.092 0.3624 0.693
1.6095 -4.941 2.9491 -0.1392 -3.1211 -0.6865
-17.9661 2.2601 4.0989 -0.4193 1.4628 0.2286
-12.6797 -2.1452 2.0303 0.1112 -0.6518 -0.6311
-5.8221 -1.1869 1.6849 -0.2659 -0.2587 0.1423
0.3837 -1.3018 1.7615 0.5501 0.4338 0.0865
-19.6133 -16.8169 0.498 -0.2563 -1.9918 1.1603
-12.6025 -1.4934 0.4591 -0.0507 -0.8573 -0.0328
-5.2475 -1.8381 1.5317 0.1932 0.2687 0.2324
-0.6889 -0.1909 -1.801 0.1133 0.7555 0.9003
-12.9089 -16.663 9.8444 -2.2164 -1.4943 -1.3302
-9.0022 -1.992 2.873 0.7727 -1.1055 -0.5856
-10.0748 -3.2944 0.1532 -0.3362 -0.0711 -0.4024
-4.5586 -0.9577 2.1452 -0.6366 0.0205 0.044
-5.4013 0.7278 -0.1532 0.2049 -0.3279 0.0525
-17.6596 -15.093 2.6049 -0.3746 -0.1458 0.1492
-8.3893 -4.4053 -0.5746 0.0568 -1.1035 -0.1523
-7.3167 -2.5666 2.5666 0.3562 0.357 -0.7286
-8.9256 -3.2178 0.0766 -0.1392 0.3314 -0.2045
-7.2018 -5.1715 1.8387 0.369 0.0342 0.2387
-10.726 -4.7884 3.0646 -0.2734 -0.5644 -0.1408
-8.6191 -1.8387 2.3367 0.0707 0.0194 -0.0119
-9.5385 -3.1412 3.1029 0.19 -0.1319 -0.1152
-9.0405 -2.375 2.6432 0.2955 0.111 -0.1759
-9.0405 -3.486 2.9113 0.5064 -0.118 -0.1802
-9.232 -3.6392 2.6815 0.0568 0.0449 -0.0985
-8.9256 -2.7581 2.7581 0.0164 -0.0371 -0.0569
-8.9256 -3.2561 2.8347 -0.0231 -0.0265 -0.1027
-9.0405 -3.1795 2.7581 -0.088 -0.0637 -0.075
-8.8101 -3.1789 2.7192 -0.0497 -0.0765 -0.0601
-9.1165 -3.0257 2.6426 -0.038 -0.0446 -0.0936
-9.1165 -3.0257 2.7192 0.0377 0.0012 -0.1021
-9.0788 -3.1412 2.6049 0.0568 0.0407 -0.1064
-9.0782 -3.1023 2.7192 0.0536 0.0811 -0.1021
-8.9633 -3.1789 2.7192 0.0345 0.014 -0.0819
-8.9633 -2.9874 2.6043 0.0707 0.0385 -0.1089
-9.1171 -3.0263 2.6049 0.0867 0.0779 -0.1249
-9.0399 -3.2172 2.7958 0.01 0.0854 -0.1068
-9.0016 -3.2172 2.5277 0.0014 0.0598 -0.1174
-9.0016 -3.3321 2.5277 0.043 0.0289 -0.0951
-9.0016 -3.2172 2.4511 0.0174 0.0257 -0.1015
-8.9633 -3.2172 2.4894 0.0387 0.0226 -0.1164
-9.1171 -3.2944 2.4517 0.0323 0.013 -0.1057
-9.0016 -3.2555 2.4128 0.0206 -0.0083 -0.0823
-9.0782 -3.2555 2.5277 0.0259 -0.0169 -0.0865
-9.0782 -3.2938 2.566 0.0025 0.0024 -0.0786
-9.0399 -3.2172 2.566 0.0281 -0.0179 -0.0755
-9.0022 -3.2944 2.4134 0.0409 -0.0072 -0.0893
-9.0022 -3.4093 2.5283 0.0323 -0.0306 -0.0968
-9.0788 -3.1795 2.49 0.0015 -0.0051 -0.0818
-8.8873 -3.2944 2.49 0.0228 -0.021 -0.0652
-9.0405 -3.2561 2.6815 0.0153 -0.0082 -0.062
-8.8107 -3.2561 2.6432 0.0153 -0.0743 -0.11
-9.1937 -3.1029 2.7198 -0.0049 0.0632 -0.1355
-8.849 -3.1795 2.5666 -0.0092 -0.0008 -0.0365
-9.1548 -3.2172 2.566 0.0238 0.0227 -0.0397
-9.0399 -3.2172 2.6043 0.0441 0.0333 -0.0535
-9.0405 -3.1795 2.5666 0.0302 0.0237 -0.0524
-9.0788 -3.0646 2.49 0.026 0.0248 -0.0567
-9.0405 -3.2178 2.6815 0.0238 0.0557 -0.062
-9.0399 -3.1023 2.4128 0.0238 0.0481 -0.0801
-9.0022 -3.1412 2.5283 -0.0039 0.0311 -0.0897
-9.0788 -3.1412 2.49 -0.0017 0.0023 -0.0961
-9.0022 -3.1029 2.375 0.0206 -0.0158 -0.1131
