-0.8805 -9.423 1.1869 -0.0161 0.0216 -0.0141
-0.4974 -9.423 1.1103 0.001 -0.0369 -0.0131
-0.6123 -9.7294 0.9954 0.0095 0.0866 0.0849
-1.0337 -8.5036 0.574 -0.6648 -0.9776 1.4921
-2.068 -8.8484 -0.0006 -0.7511 -0.2286 0.4091
-2.6043 -9.7677 -0.6135 -0.6936 1.0625 -0.3835
-2.2595 -9.4996 -0.5369 -1.1814 0.4787 0.5934
-1.0337 -8.6951 -1.5329 -0.7841 1.48 0.1651
-1.5317 -9.1931 -1.1881 0.1832 -0.6761 -0.278
-2.7958 -9.0399 1.3402 0.3408 -3.4543 -0.4762
-3.7918 -10.419 -4.2144 1.8833 -0.3842 0.5444
-2.4511 -9.5379 1.2635 -0.7969 1.675 -0.522
0.0006 -7.0862 1.7615 -0.8501 -1.589 -0.1779
-0.5357 -9.9593 0.8422 1.0535 0.4073 0.5476
-0.3442 -8.5419 0.1526 0.8554 1.0198 0.0945
-0.8422 -8.925 0.9954 -0.2397 0.0909 -0.1921
-1.57 -9.3847 1.7615 0.3099 1.2595 -1.056
-0.6889 -9.3847 0.8422 0.2268 0.2252 -0.1687
0.4603 -10.9936 0.4208 0.3525 -1.2694 -0.4297
0.9583 -10.7637 1.7998 0.1373 0.4094 -1.6817
3.1035 -9.6145 2.566 -0.6424 -1.5922 -1.1384
2.9503 -7.929 0.4591 -1.0195 -0.2596 -0.9743
4.6358 -7.8907 -0.422 -0.5689 0.549 -0.332
3.7158 -8.1211 0.1915 0.1437 0.0494 -0.1221
4.4436 -5.9376 1.2641 -1.8803 1.8188 -0.2872
5.9759 -5.5162 1.7238 -0.652 -1.1927 -0.0848
4.865 -7.0868 0.3065 -0.2376 0.2411 -0.0838
5.9382 -6.7415 -0.0006 0.2556 -0.12 -0.1051
5.2487 -7.5076 -0.3837 -0.1876 0.3082 0.1943
6.0914 -7.6608 -0.1538 0.3376 -0.1647 -0.3139
5.4779 -7.6998 0.0766 0.1001 0.3008 -0.6455
6.6277 -7.5076 0.4591 0.589 -0.6281 -0.7947
7.279 -6.1669 -0.6901 1.8716 0.4286 0.1896
6.5511 -7.2778 1.6083 0.8351 1.3639 0.3643
6.0148 -7.3544 3.6386 -0.0757 1.3043 0.7819
6.8193 -6.3201 3.4087 -1.1164 0.4201 0.9719
8.8496 -4.6729 4.06 -1.3274 -1.393 -1.5166
10.6111 -6.7421 3.4093 -0.8278 0.7919 -4.0349
9.8072 -4.6346 3.562 0.9629 3.5903 -4.1616
5.1721 -0.3442 5.7838 -0.0746 5.136 -2.4071
2.6821 -1.072 8.1588 0.1661 1.9317 -0.5003
1.6855 -0.1149 7.4316 -0.4741 1.2297 0.1516
1.1115 0.8051 8.3121 0.5347 0.0835 0.1633
1.4563 1.9543 8.8101 0.0415 0.0526 -0.1744
0.8817 1.6478 9.6911 0.4239 -0.3682 0.043
0.3831 1.8771 9.9216 0.0436 -0.0124 0.0944
0.3831 2.0303 9.232 -0.195 0.0761 -0.0345
0.6129 1.7621 9.7683 -0.1502 0.1591 0.0209
0.6129 1.8771 9.9216 0.017 -0.0571 0.0657
0.422 1.4563 10.0359 0.1459 -0.1956 0.022
0.8051 1.916 9.6911 -0.0118 0.0675 0.1885
1.1109 2.0686 9.7683 0.0095 0.0004 0.065
0.9577 1.9154 9.6917 0.0607 -0.1061 -0.0224
0.8434 1.8393 9.6145 -0.2472 0.3317 0.0202
0.8428 1.9154 9.3853 0.0767 -0.0497 -0.0064
0.7278 1.9154 9.9216 -0.0267 -0.1083 0.0515
2.6815 2.8347 11.3006 0.4868 -0.7591 -0.2266
5.5935 4.5592 14.1731 2.5417 -2.2654 -1.2705
4.5209 4.5592 10.0742 4.1374 -2.0066 -3.1369
-0.7655 4.291 2.4894 3.1755 -1.7722 -4.0633
-4.6346 3.7547 -0.4603 2.6461 -2.8407 -4.238
-9.9976 3.3333 -0.1921 0.8756 -1.7349 -2.9682
-10.3424 3.0652 -0.6901 0.8074 -0.0156 -0.6906
-9.9976 3.6398 -0.7667 0.4889 -0.3362 -0.1751
-9.3464 4.1761 -0.8817 0.1651 0.1953 0.2308
-9.232 4.3287 -0.5363 -0.4336 0.109 -0.0451
-9.5002 3.7541 0.3831 0.082 -0.5834 -0.1431
-9.423 4.0995 0.1909 -0.0171 -0.2776 -0.1506
-9.347 3.9456 0.3448 -0.0128 -0.1242 -0.1378
-9.423 3.5249 0.3059 -0.2046 0.0558 -0.1442
-9.4236 3.6009 0.498 0.0585 0.1048 -0.0316
-9.5762 3.6015 0.3442 -0.44 0.1943 -0.07
-9.423 3.3333 0.7272 -0.1364 0.0707 -0.1126
-9.3464 3.5249 0.6506 -0.1279 0.2667 0.0259
-9.5768 3.5626 0.1532 0.1416 -0.0475 -0.0721
-9.4619 3.3327 0.1149 0.1448 -0.0625 0.0494
-9.5762 3.4482 0.6889 0.6487 -0.3234 -0.0028
-9.2698 3.4866 -0.4986 -0.3441 0.1538 -0.1168
-10.1125 3.4099 0.9188 -0.0927 0.1506 0.1569
-9.423 3.1418 0.3059 0.1012 -0.039 0.1271
-9.1548 3.1418 -0.0389 -0.3164 0.3232 0.6264
-9.4996 2.4906 1.4551 -0.587 0.6161 1.7811
-6.8564 5.8999 0.4208 -1.3369 1.4769 3.2256
-3.8684 8.0068 0.3825 -1.9548 1.8231 3.9276
0.7667 8.4282 2.0297 -2.0816 2.1586 3.9436
3.3333 7.5854 4.7112 -2.7388 2.7307 3.2536
3.4482 5.8999 7.2012 -2.6355 1.7272 2.0105
3.7158 4.2904 9.5385 -1.4871 0.8271 1.1732
2.1075 2.5289 10.6488 -0.8895 0.2273 0.1409
2.1841 1.8393 10.6488 -0.5699 0.3094 0.1772
1.9543 1.801 10.4956 -0.2365 0.2337 0.0476
1.5706 1.5323 10.0748 0.0341 0.2348 0.0028
1.1109 1.6089 9.5768 0.1353 0.0824 0.0135
1.2647 1.6095 9.8444 0.1395 0.0153 -0.0057
1.1115 1.8393 9.423 0.0436 0.1496 0.0124
1.1492 1.8771 9.6534 0.0394 0.1144 0.011
1.0726 1.9154 9.5002 0.0798 0.0324 -0.0018
0.9966 2.0309 9.5379 0.0788 -0.0209 0.0387
1.1875 2.1069 9.4619 0.0127 -0.0561 -0.0348
0.9966 2.1075 9.7294 0.0308 0.0238 0.0014
0.9966 2.0309 9.6528 0.0212 0.0238 0.0128
1.0726 1.992 9.5768 0.0202 -0.0241 0.0277
1.1109 2.0686 9.6534 0.017 -0.022 0.0373
1.2641 2.1835 9.5768 -0.081 0.0451 0.0096
1.1875 2.0303 9.5385 -0.0533 -0.0049 -0.0042
1.2647 1.8777 9.4613 -0.0118 -0.0529 0.0249
1.2647 1.8777 9.423 -0.2728 0.1389 -0.0252
2.0692 1.5712 8.7718 -0.1247 -0.4204 -0.0699
3.8313 1.303 6.4733 0.7222 -2.3411 0.0419
4.2527 -0.1143 5.8987 0.0468 -5.6679 0.3178
7.8913 -2.3367 2.9113 -0.3537 -2.4891 3.7945
12.144 -5.5539 3.8301 -0.5082 -1.2854 2.6674
12.3738 -6.8564 2.6809 -0.3537 -0.2617 1.6224
8.7346 -8.5419 1.072 0.115 1.3767 2.0048
8.9645 -7.929 -0.0006 0.6423 1.0901 -0.5326
5.3636 -6.8947 2.068 0.7903 -0.6176 -1.4071
3.5632 -4.5197 1.4551 -0.4699 -1.0703 -1.8033
7.0485 -5.7461 1.4174 -0.552 0.8184 -0.4079
7.6237 -4.9027 1.57 -0.1525 0.2708 -0.2662
8.5042 -5.5545 1.2641 -0.1706 -0.1436 0.3687
7.5465 -6.5122 1.6089 -0.5583 0.2261 0.2377
7.1257 -6.7798 -3.3333 -0.046 0.9526 -0.5485
3.7547 -3.6769 0.5357 2.4095 1.0751 1.189
15.9364 1.9543 0.6889 -0.0289 -0.413 -0.1746
7.1251 -4.2521 2.3367 -1.973 -1.2301 -1.9568
6.283 -6.7415 -0.422 -1.4958 0.273 -1.1767
11.5311 -5.439 0.8039 0.7967 -0.4887 0.2465
5.4402 -2.7192 -3.5249 0.4973 -1.016 3.3795
4.2527 -6.0136 0.1143 1.1887 -0.38 5.2256
-1.3018 -3.3704 0.4974 2.1592 -2.0727 6.2131
-19.1147 -18.9615 5.7838 -4.8716 0.8876 0.3364
-11.3389 0.4214 0.8045 1.8534 -0.7347 -0.0833
-8.6191 -6.0142 0.5746 0.6358 0.2272 0.1681
-7.5848 -5.8227 1.2258 -1.2113 -0.6676 0.1212
-8.4276 -5.0566 2.1069 0.8968 0.3678 -0.1313
-8.4653 -5.056 1.4551 -0.3218 -0.3267 0.0302
-8.3504 -5.3624 1.1869 -0.1269 -0.1733 -0.0177
-8.3887 -5.1326 1.1486 -0.0044 0.0121 -0.0081
-8.3504 -5.1326 1.4551 0.1245 0.2443 -0.0348
-8.427 -5.056 1.7232 -0.0139 0.0344 -0.023
-8.3121 -5.2475 1.4168 -0.1141 -0.1498 -0.0309
-8.3504 -5.2092 1.4168 -0.0406 -0.0337 0.0
-8.3504 -5.1709 1.4168 0.1064 0.1697 -0.0213
-8.3121 -5.2092 1.7232 -0.0086 0.0206 -0.0085
-8.2738 -5.1709 1.4934 -0.0565 -0.0689 -0.0085
-8.351 -5.1715 1.2258 0.0255 0.0494 -0.0149
-8.3887 -5.2475 1.4551 0.0542 0.0759 -0.0099
