-0.6129 -10.4196 3.5243 -0.5391 0.1104 -0.2447
0.2298 -6.6655 2.2601 2.3009 0.1733 -0.1616
3.6781 -8.7718 -4.9039 1.1984 6.0675 -0.4856
-0.6889 -7.0862 7.5459 -1.1952 -5.1167 0.1056
0.498 -7.9296 1.3791 0.8767 1.6147 0.0076
3.3327 -9.232 6.2441 0.6083 -0.0716 0.5882
3.2567 -10.3424 5.3241 -1.7641 -1.7016 0.0228
2.414 -11.0702 2.3744 -1.3316 0.3054 -0.9775
-5.5162 -8.3127 1.5323 0.229 0.5493 -0.3692
1.418 -9.423 4.4813 0.1576 -3.0033 -0.333
2.2607 -8.0056 2.9874 0.604 0.5642 -0.088
-0.1532 -9.5768 2.49 -0.1256 -0.0555 0.2982
0.5746 -7.6231 5.4779 -0.8575 0.1778 -0.2898
2.5672 -10.9553 0.7272 -1.0652 0.7615 -0.9673
-1.6083 -12.2577 -1.418 3.574 -0.3751 -0.1119
3.295 -7.6608 0.1526 -0.6838 -1.8643 -1.0387
-3.1406 -6.5882 1.4551 1.5244 0.8221 0.9636
-0.3825 -8.3887 3.945 -0.5295 -0.436 0.9178
10.2669 -11.4533 6.5882 -1.9985 -2.1479 -1.3416
5.9759 -15.2846 3.5626 0.0394 0.0444 -1.2415
-8.351 -5.2864 -2.1069 -0.2823 1.2279 1.8808
-6.4356 -10.726 1.9537 0.1152 0.2494 -0.7461
3.1795 -9.9982 5.1715 -0.4185 -1.0833 -0.0121
0.422 -9.1548 3.6003 -0.4121 0.112 0.1924
0.8817 -7.6225 4.4047 -0.688 0.211 -0.3636
1.8393 -7.5459 3.6769 -1.2366 0.2206 -0.6321
-0.9571 -14.7094 2.1063 3.7254 0.7618 0.5461
3.5249 -6.7798 2.0297 -1.1493 -2.8932 -0.7167
-1.4551 -6.5882 3.7918 1.1592 0.8203 0.9653
-0.8428 -7.7764 3.1412 -0.8127 0.2152 0.8066
10.1897 -9.9216 5.9759 -0.4345 -1.388 -0.5697
-1.4934 -12.4876 -1.7244 0.6415 3.148 -1.5376
-5.7838 -3.8301 3.6769 -2.7653 -1.1195 1.932
-1.7621 -7.4316 2.7964 -0.4334 0.9216 -2.5879
3.3333 -8.6951 2.068 0.9056 -0.4121 0.3139
0.8045 -6.359 6.0525 -0.5314 0.4262 -0.5234
3.6015 -6.435 3.4471 -1.5263 -0.119 -1.1853
-1.9148 -17.9655 1.6466 5.5439 1.4267 1.121
1.3408 -7.2784 0.6512 -1.5135 -1.9225 -0.6026
-0.9188 -5.6689 4.06 0.5947 1.1402 1.301
-1.4557 -8.3893 2.988 -0.6059 -0.7464 0.3636
6.0914 -7.2778 4.5197 0.1387 0.8876 -0.1698
3.5626 -10.4579 5.0182 -0.6464 -2.1313 -1.3011
-6.7798 -3.6769 0.3442 0.4114 3.0331 0.4598
-4.2904 -11.3006 2.7198 0.3976 0.7811 -0.8089
2.9503 -8.0822 4.7495 -0.5537 -0.4227 -0.5096
1.1498 -8.8101 2.5277 0.5009 0.4231 -0.0159
0.5752 -7.7375 5.937 -0.4078 0.5179 -0.2417
1.418 -8.3887 3.8684 -0.5101 0.3166 -0.2641
5.1721 -8.5419 4.7495 -0.9532 -0.4398 -1.0769
-4.8644 -15.8586 -0.9583 2.7837 -0.9085 -0.2833
3.1035 -7.5459 2.2978 -0.2597 -3.6994 -0.6104
0.5369 -6.7798 5.2858 0.7129 1.0783 1.1419
-0.6889 -7.6225 3.4087 -1.1375 -0.8615 0.7276
9.1171 -10.343 2.6815 -1.9939 -1.0149 -0.8426
4.1755 -8.6574 2.6815 -0.6773 0.0983 -0.9002
-11.6831 -5.8221 0.1526 -0.8392 -0.3737 1.6911
-3.2944 -11.722 2.7198 0.8705 0.7779 -1.8573
4.4436 -6.2824 1.9154 -0.2 0.1579 -0.0388
2.2601 -9.1554 2.9113 0.1675 -0.0296 -0.1113
-0.6129 -8.9639 3.8307 -0.1734 0.4349 -0.2689
1.6089 -7.2018 2.6815 -1.3409 0.7514 -0.7661
0.1155 -10.5339 3.3321 2.3396 0.8026 0.2044
0.9194 -10.4579 0.1915 3.4784 2.1757 -0.6372
0.9577 -10.0365 1.3408 -1.0468 -0.4853 -0.0779
1.2647 -7.929 3.4087 -0.5078 -0.1093 -0.2185
1.0349 -9.7677 2.5277 -0.1147 -1.0072 0.1448
5.1338 -14.5178 1.9148 -1.605 -1.1062 -0.0779
-1.5317 -5.5156 0.9954 -0.9658 2.1833 -0.1311
-0.9188 -10.5722 3.945 0.2731 -1.0903 0.0169
1.801 -8.3887 0.3825 0.1229 0.8933 -0.5008
0.8051 -9.7294 2.4894 -0.0476 -0.7941 -0.0979
-0.1526 -9.0016 1.4551 -0.1956 0.0581 -0.0297
1.6478 -9.2698 1.6083 0.2017 -0.4095 -0.0734
0.5752 -9.3464 1.2635 0.0068 -0.2551 -0.1458
0.8051 -9.1548 1.5317 -0.0124 -0.1326 -0.2321
0.0772 -9.3464 1.5317 0.1144 0.1135 -0.1674
0.8817 -9.423 1.57 -0.1094 0.187 -0.2718
0.8434 -9.6145 1.57 -0.0167 0.1188 -0.2132
0.9583 -9.423 0.9571 -0.103 -0.0559 -0.0672
0.8051 -9.0016 1.3402 -0.0337 0.0986 -0.2856
0.2304 -9.423 0.9954 0.1517 -0.0259 -0.2819
0.5752 -9.5762 1.0337 -0.0027 0.0391 -0.2532
0.5363 -9.4236 1.2641 -0.0251 -0.0429 -0.202
0.4214 -9.4236 1.2641 0.009 0.0125 -0.2414
0.92 -9.3847 1.4934 0.0995 0.1148 -0.3288
0.8817 -9.5379 1.3018 0.0324 0.0465 -0.2686
0.6895 -9.2703 1.494 -0.0305 -0.0067 -0.2217
0.6129 -9.2703 1.3408 -0.0464 0.0007 -0.2153
0.8434 -9.3081 1.3785 0.0303 0.0337 -0.2217
0.6901 -9.3847 1.3785 -0.0038 0.0412 -0.2409
0.8045 -9.347 1.4557 -0.0038 0.0615 -0.2243
0.996 -9.3087 1.4174 -0.0635 0.1244 -0.2626
1.0726 -9.232 1.2641 0.0346 -0.0365 -0.203
0.8434 -9.3081 1.4551 -0.0635 -0.0045 -0.2222
0.92 -9.3464 0.9571 0.0058 -0.0194 -0.1923
0.8051 -9.3081 1.5317 0.0271 -0.0311 -0.2281
