-4.2515 8.6197 1.6083 0.3952 -1.3062 0.0458
-4.0217 10.8799 5.9753 0.3963 -0.3475 -0.0522
-2.566 7.7004 1.3785 0.4133 -0.8652 0.0905
-3.2172 9.6157 4.0983 0.2067 -0.0056 0.0053
-2.5277 9.2709 3.4471 0.1108 -0.2665 0.2354
-3.2172 10.1903 2.9108 -0.1896 0.4504 -0.015
-3.0263 11.2623 3.2561 -0.4645 0.248 -0.1598
-1.6472 10.4579 2.49 -0.4836 0.5899 -0.3186
0.6512 7.5848 0.498 -0.0458 1.0192 0.2109
-1.992 8.2361 2.375 0.5699 0.7231 0.7489
-2.1452 8.849 3.0646 -0.5827 1.359 -0.0138
-2.566 9.1943 4.7495 0.278 0.2363 0.147
-2.9108 9.8072 3.8684 -0.4016 0.5463 -0.1608
-4.9027 11.5694 2.068 -1.061 -0.4626 -0.7381
-3.1023 7.8536 1.3018 0.6029 -1.2743 -0.1192
-1.8765 8.3516 0.9954 0.4112 -0.192 0.0608
-3.7152 7.9685 2.3744 0.8096 -1.1262 0.0022
-2.9113 9.2703 2.873 -0.2748 -0.1653 -0.0628
-2.9491 9.4242 2.7958 -0.0969 -0.1291 -0.2014
-3.7924 11.4539 3.5626 -0.9492 0.4174 -0.2354
-2.0686 10.2663 2.7198 0.2738 0.2682 0.0351
0.7278 7.1251 0.6129 -0.0533 0.2693 0.1598
-5.2098 8.3127 3.486 1.224 1.3804 0.0245
-2.3367 9.0022 3.5626 -0.571 0.8136 -0.1267
-2.6049 8.3893 3.7924 0.1832 0.2256 0.1566
-3.3327 9.2703 4.3287 -0.2269 0.5622 0.0426
-3.4087 12.8718 2.8724 -1.1089 0.3811 -0.147
-2.5283 10.8793 0.3065 0.7915 -0.11 0.816
-0.3065 8.1211 -1.1492 -1.2474 2.4808 0.4857
-3.0263 9.0788 4.0223 0.3377 1.5465 0.9779
-2.2601 9.0022 -0.6895 -0.212 2.4648 0.8959
-4.367 9.9982 -0.8811 0.572 2.6555 1.1686
-5.4013 9.6534 -0.1532 0.1502 3.2616 0.9651
-3.5243 9.8833 -1.3408 0.6679 2.9633 1.1358
-1.4557 10.343 0.2298 -0.3664 4.7562 0.6638
1.801 8.275 1.6849 0.8916 1.0459 0.8417
2.5289 7.7387 -3.1035 2.7953 0.1074 1.3882
2.6821 7.4322 -2.7204 1.159 1.2088 -0.3013
3.3333 6.1298 -3.2567 1.8046 1.3942 -0.4675
2.5672 6.7427 -6.1298 1.1398 1.0608 -1.2068
1.0349 7.0874 -7.1641 0.6828 0.4024 -0.2225
1.4563 8.0834 -6.1681 0.3111 0.2714 -0.5282
2.2218 8.0445 -7.6998 0.4027 0.6485 -0.4729
1.7627 7.279 -6.8576 0.1033 -0.0524 -0.5602
1.5712 8.8113 -8.0068 0.0735 -0.0183 -0.4852
1.8777 8.3516 -7.2024 -0.4773 -0.0663 -0.5832
1.1498 7.5854 -7.3939 -0.782 -0.0972 -0.5437
0.8817 8.9645 -6.3596 -1.158 -0.1387 -0.4798
0.7661 10.343 -5.7461 -1.3849 -0.323 -0.3115
-0.4974 9.5391 -2.8736 -1.7013 -0.535 -0.2899
-0.7655 8.5048 -1.303 -0.7766 0.2341 -0.422
-0.6895 9.8833 0.8428 -1.9601 0.0903 -0.2825
-1.6855 10.1897 6.4739 -1.7119 0.0861 -0.2612
-2.6432 6.5505 3.371 -0.9012 -0.568 -0.3006
-0.2298 8.0445 0.5363 -0.1939 0.5175 -0.011
-1.4551 9.8456 4.1749 0.376 -0.8109 0.1563
-1.3402 9.1943 2.8341 -0.2877 0.6144 -0.1846
-1.3024 9.0022 3.4093 0.1257 -0.4487 0.0348
-1.3408 9.1937 2.4517 -0.1332 0.281 -0.0483
-1.1103 9.5008 2.9108 -0.0299 -0.3049 -0.1019
-1.6083 9.4625 4.1366 -0.0416 0.1777 0.0025
-1.4168 9.2709 2.9108 0.0553 0.0807 -0.006
-1.5323 9.2703 3.2944 -0.0651 0.0402 -0.0273
-1.1492 9.6151 3.2561 -0.2131 -0.0524 0.0217
-1.6849 9.0794 3.8684 0.1853 0.2245 -0.0152
-1.3785 9.3093 3.3321 -0.2248 0.0861 -0.028
-1.57 8.9645 3.1023 0.2024 0.0104 0.0913
-1.5323 9.2703 3.7541 0.0053 -0.0716 -0.0014
-1.4934 9.0794 3.0257 0.0277 -0.0141 -0.0088
-1.5317 9.2326 3.6386 0.0159 -0.0183 -0.0132
-1.4168 9.2709 3.2172 -0.0384 -0.0013 0.0092
-1.6083 9.0411 3.5237 -0.0096 0.0094 -0.0132
-1.6083 9.2709 3.4471 -0.0054 -0.0247 0.0039
-1.5317 9.2326 3.6386 -0.0458 -0.0258 0.0007
-1.57 9.156 3.6386 -0.0874 0.0221 -0.026
-1.4551 9.0794 3.7152 -0.0214 0.0371 -0.0228
-1.5323 9.0405 3.7158 -0.0373 -0.0151 -0.0058
-1.5323 9.0022 3.6392 -0.0075 -0.0237 0.0049
-1.4174 9.0788 3.7541 0.0244 -0.0034 0.0049
-1.6849 9.1943 3.6769 0.0106 0.0168 0.0026
-1.4934 9.1177 3.6003 -0.0065 -0.0194 -0.0059
-1.5706 9.0788 3.6775 -0.0065 -0.0375 -0.0091
-1.4934 9.1177 3.6769 -0.0011 -0.0322 -0.0048
-1.57 9.0028 3.7918 -0.0192 0.0381 0.0048
-1.5323 9.1171 3.6392 -0.0139 -0.0311 -0.0058
-1.4557 9.0788 3.6775 0.0127 -0.0088 0.0006
-1.5706 9.0022 3.7541 0.0106 -0.0322 0.0017
-1.6089 9.1554 3.7158 0.0063 0.0008 0.0006
-1.4934 9.0028 3.6769 -0.016 0.004 -0.0079
-1.5317 9.0411 3.7152 -0.0235 -0.0034 -0.0005
-1.5317 9.0794 3.7535 0.0106 0.0136 -0.0037
-1.4551 9.1177 3.6769 0.0149 -0.0258 -0.0027
-1.6089 9.0405 3.7541 -0.0065 0.0264 -0.0101
-1.4551 9.0411 3.6769 -0.0043 -0.0002 -0.0123
-1.57 9.0794 3.6769 -0.0097 -0.0002 -0.0008
-1.4551 9.0794 3.6769 -0.0118 -0.0056 -0.004
-1.6466 9.1177 3.7152 0.0276 0.0115 0.0003
-1.57 9.1177 3.7535 0.0031 0.02 -0.0115
-1.57 9.0411 3.6386 -0.0129 -0.0056 -0.004
