-3.4093 -8.849 1.3408 -0.1408 0.7932 0.597
-3.4854 -9.1548 1.6849 0.1468 -0.0761 0.6897
-1.7232 -9.1931 1.2635 -0.3315 -0.5033 0.759
-2.0297 -9.423 3.2938 0.4707 1.5569 0.0506
-12.4109 -9.4996 -7.5471 -0.0834 0.4968 0.9485
0.2298 -11.1857 0.996 -0.4115 0.2284 0.3935
3.5632 -6.1286 -1.6095 -1.4768 0.0558 -0.5141
-9.1937 -18.6939 -1.2641 -2.5974 1.2223 -0.0358
0.5752 -18.6933 -3.5632 -0.1026 0.9837 -2.4262
-3.9834 1.916 -1.303 -0.7343 -2.9056 0.4531
-0.0377 -6.0519 -1.9543 1.7819 2.7755 -0.6516
-18.3486 -18.9615 5.8221 -0.1089 0.9613 1.5759
-5.6695 -16.2423 7.3933 -0.3998 -0.6568 0.0983
2.1452 -11.5688 0.1915 4.6155 3.0993 1.0603
5.1338 -2.068 0.6889 -0.9898 1.1063 -0.1258
0.6135 -10.2274 -1.6095 -0.9014 -0.3808 -1.7546
-12.4493 -14.0582 8.3504 -0.2921 0.9731 -0.5657
-0.498 -7.0485 1.8771 -0.699 -2.522 0.3131
-4.8644 2.4523 -4.9039 -0.0077 -0.5033 0.9597
-7.0479 -12.2194 3.6386 0.2598 2.1866 1.352
-9.1548 -10.419 3.2172 -1.0579 0.2638 0.5296
-3.9067 -12.3343 10.4573 0.7253 -2.8212 2.0284
-4.0606 -13.8289 -14.2886 -0.6712 1.3877 0.6862
5.0566 -4.0989 -0.7278 -1.3615 0.5674 -0.9458
-6.1669 -17.5824 -2.0692 -1.3212 0.303 -1.766
1.3797 -10.0742 0.2292 0.0828 -1.9255 -0.7337
-4.7495 2.9503 0.8422 0.5313 -0.5013 0.7662
1.4563 -5.056 -1.7244 1.9438 3.3081 -0.4536
-8.7718 -7.929 2.068 -0.3646 2.7435 1.7419
-4.4819 -12.8329 3.6775 0.5943 0.0039 -0.2171
2.0686 -12.1817 2.3367 2.3339 -0.9378 1.6598
4.9799 -4.7884 -0.1915 -0.9652 0.8678 0.0193
0.3071 -11.798 -1.303 -1.418 -0.9059 -1.8055
-7.6231 -16.3955 2.988 -0.3687 -0.6928 -0.1
-4.2904 -7.0102 1.7621 -0.5062 -3.4105 0.4503
-3.3327 0.3448 -0.9577 0.9063 -0.3947 0.9777
0.422 -4.7112 0.7272 0.1766 -0.138 -0.2921
-3.1789 -8.0439 1.1103 0.6847 1.1723 -0.6756
-1.1486 -11.4533 3.8684 -0.3571 -1.8062 1.4272
0.6901 -6.8181 0.2292 0.7572 0.1082 -0.0311
0.5369 -5.7072 1.1869 -1.0985 -0.1805 0.3364
1.9543 -2.7575 1.8765 -0.5562 -0.3179 0.1841
-7.6992 -19.2679 -4.0612 -0.927 -0.2934 -3.5475
-7.4699 -8.8873 -2.9497 -0.1312 1.428 -0.2516
-2.873 -7.9296 2.2984 -0.1067 -0.89 0.4611
-0.996 -6.3973 -0.4597 0.0073 -1.1595 0.2447
0.1532 -6.3207 -0.3831 -0.8801 -1.5227 1.6296
-0.2676 -9.0399 1.1103 0.3045 -0.3126 0.0146
-2.7198 -5.9376 1.1109 1.3698 1.8563 0.8871
-2.6815 -8.9256 3.5243 0.6816 -2.1331 1.2631
0.1921 -11.9129 -4.1761 0.9917 1.6231 -0.2504
-3.2944 -7.0868 3.1029 0.1874 0.9254 0.033
-2.4128 -9.3847 2.1829 -0.6147 -1.0986 0.735
-1.5317 -9.3847 1.7998 -0.1918 0.1382 0.0319
-3.4477 -8.3893 2.3367 -0.0801 -0.482 0.2665
-2.988 -9.3853 0.9577 -0.0503 0.0688 0.1717
-2.7192 -8.5802 1.072 -0.0471 0.3756 -0.0051
-2.4894 -9.1931 0.8039 -0.0321 0.4554 0.2282
-1.7232 -9.5762 0.8422 -0.0162 0.2296 0.2143
-1.6089 -9.4619 0.5746 -0.0087 0.2264 0.0568
-2.5283 -9.0788 0.9194 0.0009 -0.2104 0.1292
-2.49 -9.232 0.5363 0.0158 0.1444 0.1292
-2.4511 -9.2314 0.7272 -0.0268 0.1657 0.2102
-1.9914 -9.4613 0.6123 0.0083 0.3553 0.175
-2.2595 -9.1931 0.9188 0.0286 -0.0719 0.2155
-2.1829 -9.3464 0.6889 0.049 -0.1387 0.1905
-2.1829 -9.3081 0.6889 -0.0863 -0.0598 0.1298
-2.6426 -9.0399 1.072 0.0352 -0.063 0.1553
-2.2978 -9.3081 0.7272 0.0352 -0.0396 0.1394
-2.2595 -9.2698 0.8039 -0.0128 -0.0151 0.166
-2.3744 -9.2314 0.8805 -0.0309 0.1255 0.1558
-2.3744 -9.1165 0.9188 -0.0181 0.0552 0.1601
-2.4128 -9.1931 0.8805 0.0362 0.1116 0.1739
-2.1829 -9.2314 0.7655 0.0085 0.0775 0.1793
-2.2595 -9.3464 0.8805 0.0085 -0.0301 0.1835
-2.4517 -9.3087 0.8428 0.0031 0.037 0.1558
-2.4128 -9.2698 0.8422 0.001 0.0402 0.1696
-2.375 -9.232 0.8811 0.0074 -0.0514 0.1792
-2.4517 -9.2703 0.8045 0.0042 0.0306 0.1728
-2.3367 -9.232 0.8045 -0.0086 -0.0333 0.1803
-2.3744 -9.1931 0.8039 -0.0074 -0.0417 0.1738
-2.566 -9.1548 0.8039 -0.0042 0.0062 0.1685
-2.4894 -9.1548 0.7655 -0.0128 -0.0055 0.1568
-2.6043 -9.1165 0.8039 -0.0085 0.0286 0.1504
-2.4128 -9.1548 0.8039 0.0085 -0.0077 0.1611
-2.4894 -9.1548 0.6889 -0.0096 -0.0727 0.1602
-2.5283 -9.1937 0.8045 -0.0107 -0.0301 0.1581
-2.566 -9.1931 0.7655 -0.0022 -0.0599 0.1613
-2.6426 -9.1548 0.7272 -0.0085 -0.0098 0.1602
-2.5283 -9.1554 0.8045 -0.0171 -0.0205 0.1709
-2.6043 -9.2314 0.7655 -0.0309 -0.0481 0.15
-2.566 -9.0782 0.8422 -0.0149 0.0147 0.1458
-2.4511 -9.2698 0.7655 -0.0096 -0.0098 0.1585
-2.6043 -9.2314 0.6889 -0.0064 -0.03 0.1511
-2.4894 -9.1931 0.7272 -0.0213 0.0083 0.1585
-2.6043 -9.1165 0.8039 -0.0171 -0.0013 0.1534
-2.4894 -9.2698 0.7655 -0.0032 -0.0386 0.1534
-2.6432 -9.232 0.5746 -0.0032 -0.0397 0.1502
