6.6661 -6.1669 0.6506 0.0187 0.3101 0.9198
6.8959 -4.9793 0.4974 -0.2444 0.5807 0.7909
8.9645 -5.3241 1.8765 0.0155 0.341 0.8835
7.8536 -5.7072 1.1486 -0.0048 -0.083 0.6886
6.9725 -5.6306 0.8039 -0.123 0.1364 0.6044
9.654 -6.435 0.9954 -0.3158 0.0822 0.3852
7.6237 -5.7072 1.2635 -0.2487 0.3943 0.6739
4.3676 -3.1023 0.6889 0.0262 -0.4068 0.806
1.303 -4.6729 2.4894 1.101 -1.1141 0.9285
11.6077 -12.0279 -0.5369 0.399 0.0364 -0.0547
6.9725 -7.1629 -2.4523 -0.4935 -0.4609 0.1513
2.5289 -2.8341 -1.5329 -0.665 0.8856 0.374
2.4906 -0.1143 -0.422 0.7986 1.4725 -0.1224
19.499 -18.9998 10.6105 -1.8251 -2.5478 0.5987
11.9902 -7.0868 4.1755 1.1917 0.9548 0.7713
4.8267 -2.3367 0.0766 -0.1122 -0.2906 0.3727
-0.2292 -0.1909 0.6889 -0.0142 -0.184 0.2428
17.2772 -17.2377 -4.1378 -1.0251 -1.0352 0.9736
13.3315 -5.8987 -6.283 -0.8355 -0.5824 -0.0566
5.4019 -2.566 -0.2304 -0.0081 0.1043 0.4275
1.418 0.0006 -1.6478 0.0718 1.2559 0.0035
7.1257 -12.4109 0.4208 -0.6313 1.7001 1.9827
11.1863 -7.9673 0.6506 1.7773 0.7339 0.7779
7.9302 -4.8644 -1.7244 0.0942 0.4441 0.5308
2.9503 -2.6426 0.9188 -0.2689 0.4092 0.6162
0.1538 -3.3704 3.2555 1.068 -0.0009 0.3915
9.1554 -10.0365 3.6392 -1.119 -0.3982 -0.1689
9.0411 -5.5539 -2.3373 -1.1253 -0.3822 0.3329
4.7507 -1.3402 -0.8434 -0.1581 0.275 0.123
1.9926 -1.0337 -0.4603 0.1434 1.6791 0.0988
8.9256 -11.6071 -1.0343 -0.8452 0.8151 1.9513
8.849 -6.1292 -2.3367 1.2172 0.4007 0.9436
8.773 -4.9793 -0.6901 0.2638 0.1749 0.6442
3.3333 -2.7575 1.2635 0.1498 0.4785 0.5089
-0.4597 -2.873 2.1835 0.6046 -0.2629 0.3748
15.6293 -17.5447 -1.8004 -0.3403 1.0005 -0.2431
8.8113 -6.5499 -0.7667 -0.777 -0.5431 0.3343
2.6821 -1.9531 -0.6901 0.0358 0.1898 0.2363
1.6472 -0.996 -0.6512 0.6121 1.1336 0.1085
13.8289 -13.5225 4.1372 -2.3642 -1.0628 1.2533
8.6191 -7.6231 -0.7278 1.3898 0.5734 0.678
8.351 -6.6272 0.4214 -0.2326 0.3657 0.5704
4.2527 -2.1063 0.9188 -0.2475 0.4296 0.4458
1.3408 -1.7238 0.996 0.936 -0.1957 0.515
17.085 -19.2685 -1.0726 -0.8613 0.7947 -0.3508
10.6494 -3.7158 -2.7964 -0.1401 -0.0107 0.2372
3.793 -2.9874 0.6889 0.5693 -1.371 0.3086
4.3293 -3.3321 -1.7244 0.0282 0.0724 0.2362
7.777 -3.4854 -2.9503 -0.1827 -0.3121 0.3597
8.5808 -9.4236 4.6735 -0.7612 -0.9012 0.336
7.0491 -5.2475 3.8684 0.9038 1.1142 0.8676
6.0148 -4.0983 -2.2607 -0.7857 0.2024 0.6833
8.275 -5.1709 2.0297 -0.0879 0.62 0.6375
9.0411 -5.2092 1.3018 0.2455 -0.0064 0.6662
7.6237 -5.8604 0.4974 0.2413 -0.3771 0.332
5.8999 -5.4773 0.1909 0.1688 0.082 0.5376
8.5808 -6.3207 -0.3065 -0.0155 -0.1385 0.5929
7.7387 -5.2858 -0.422 -0.0794 0.1694 0.6121
7.5088 -5.7072 -0.1538 -0.188 0.1033 0.6366
7.7004 -5.0943 -0.3071 -0.2094 0.2237 0.5974
7.853 -5.1715 -0.0383 -0.1359 0.0681 0.5963
7.8147 -5.1332 0.1149 -0.0613 0.05 0.5516
7.7764 -5.0949 0.0383 0.107 -0.0448 0.5516
7.6237 -5.4773 0.0377 0.0974 -0.0767 0.5239
7.5471 -5.6306 0.0377 0.0197 -0.0287 0.5301
7.5848 -5.4396 0.0766 -0.0698 0.0607 0.5312
7.7004 -5.439 0.1143 -0.0922 0.0767 0.5386
7.6237 -5.3624 0.1143 -0.1326 0.1225 0.5322
7.8153 -5.3241 0.3442 -0.0911 0.0959 0.5471
7.777 -5.2858 0.3059 -0.0613 0.0203 0.5407
7.7387 -5.2475 0.2292 0.0389 -0.0383 0.5332
7.6237 -5.3624 0.1526 0.057 -0.0745 0.5151
7.6231 -5.5545 0.1149 0.0399 -0.0617 0.5013
7.5848 -5.4013 0.0766 0.0047 -0.0384 0.5073
7.5471 -5.4773 0.1143 0.0281 -0.0192 0.5499
7.6614 -5.363 0.0766 -0.0336 0.0607 0.5616
7.7004 -5.3241 0.076 -0.0177 0.0276 0.5584
7.777 -5.4007 -0.0389 -0.0145 0.0063 0.5277
7.5854 -5.4007 0.2676 0.0813 -0.0555 0.5213
7.5471 -5.7455 0.1526 -0.0017 -0.0204 0.5213
7.5854 -5.439 0.1526 -0.0518 0.0244 0.5224
7.7004 -5.2858 0.1909 0.0036 0.0009 0.5352
7.5854 -5.5156 0.0377 -0.0432 -0.0033 0.5272
7.5088 -5.4773 0.2292 -0.0464 0.0425 0.5347
7.5471 -5.4007 0.2292 -0.0677 0.0436 0.5293
7.6614 -5.4013 0.0766 -0.0528 0.0468 0.5315
7.5854 -5.3241 0.076 -0.0752 0.0585 0.5325
7.6998 -5.4013 0.0766 -0.0497 0.0488 0.5477
7.6614 -5.4013 0.1149 -0.0529 0.0393 0.5509
7.5848 -5.363 0.1149 -0.0316 0.0329 0.5541
7.662 -5.4007 0.1143 -0.0327 0.0339 0.5434
7.6237 -5.439 0.1143 -0.0231 0.0116 0.5423
7.5854 -5.3624 0.1526 -0.0071 0.0169 0.5427
7.662 -5.4007 0.076 0.0291 -0.0108 0.5566
