-3.7541 -8.8107 0.3065 0.3316 -0.0147 0.1076
-1.6472 -9.6534 -2.6432 -0.8806 1.7355 -0.7829
-4.4053 -9.0788 1.3408 0.4126 0.0992 -0.3398
-1.8387 -10.4962 0.0383 -0.1722 -0.6315 -0.5127
-0.3825 -9.5379 -1.3414 0.2315 -0.3577 -0.5468
-0.5357 -8.6185 -1.5329 -0.0263 -0.3556 -0.5127
0.2687 -8.6185 -1.8777 -0.3075 -0.6081 -0.2166
-0.4591 -7.5076 -2.4906 0.2379 -0.7881 0.1552
-3.6386 -12.1045 -4.4825 0.5128 0.9451 0.543
-4.9027 -4.3664 0.8805 0.3966 -0.395 1.3846
-2.7575 -8.6568 2.4128 -0.4566 -1.3303 0.2267
1.5712 -8.8484 1.4934 1.594 2.6815 -0.3795
-2.2595 -9.5762 3.3321 1.7336 -0.7604 0.0488
-5.7455 -10.4956 -7.8536 0.1143 1.3084 0.7217
0.4603 -9.8061 1.57 -0.1914 0.5137 0.0911
-3.7918 -12.7174 -0.9966 -2.6319 -1.081 -1.5377
-6.7032 -10.6871 0.2292 -1.5837 0.5446 -0.3638
0.9583 -9.1931 1.3018 0.0206 -1.4294 -1.3385
-5.8604 -3.1406 0.2292 0.5916 -0.3013 -0.2752
-4.2515 -10.6488 -3.1418 2.1575 0.3986 1.0138
0.6135 -11.8363 -3.2567 -0.332 -1.1002 0.4535
-7.5459 -9.6528 1.4934 0.1069 1.0239 1.2684
-3.5243 -1.7621 2.1069 1.0944 2.4886 0.103
-8.3893 -8.8873 2.4517 1.0732 2.2715 0.1964
-0.0766 -8.1594 4.6735 0.3733 1.2584 -0.1147
-1.5706 -10.1131 0.9577 0.6545 -1.2237 0.4499
-3.4854 -8.6951 0.1909 0.156 3.0736 -0.2127
-3.0263 -13.4841 4.9033 -1.3546 2.8179 -0.3
-9.7294 -13.2154 -3.295 2.5538 -1.0799 1.1239
-5.4007 -2.7958 2.4128 1.2712 4.6619 0.1864
-4.5963 -8.6951 4.3664 1.2808 1.5513 0.4655
-3.4087 -10.0742 0.9571 0.9304 2.0839 -0.147
-3.6769 -8.3121 -0.0389 1.2979 3.4261 -0.4858
-2.7958 -9.0782 -1.3797 -0.169 1.0027 -0.3549
-4.5963 -15.3989 -2.6438 0.9836 2.0861 -0.2654
-3.4087 -10.9553 0.4974 -0.8145 1.7303 -0.6766
1.4946 -9.3081 0.6506 0.5543 3.3346 -0.4113
-0.574 -9.0016 -2.9886 -0.545 1.0677 -0.699
0.1538 -7.929 -1.8393 -0.8369 1.5556 -1.4628
0.5752 -7.3544 -2.797 -1.0244 0.8237 -1.8132
1.916 -7.2778 -4.3676 -1.0989 -0.1393 -1.7653
5.8233 -8.0056 -4.9805 -0.3394 -0.3118 -1.7163
4.2144 -1.9148 -5.1721 -0.7208 -0.0413 -0.5917
7.8536 0.4986 -0.92 -0.0295 -0.4408 -2.6956
7.6231 5.4396 -9.3087 1.105 2.0881 -0.8261
-0.7655 3.5249 -5.287 0.0036 -0.1319 -0.3105
15.4384 -9.9593 -2.1841 -0.2915 0.0087 0.1227
9.6157 -4.443 -4.3676 0.1548 0.1952 -0.1351
7.4699 -2.6432 -3.486 -0.055 0.0151 -0.0041
8.4665 -3.1023 -3.7547 -0.0263 0.0588 -0.0275
8.0445 -2.9113 -4.0989 -0.0859 -0.053 -0.0094
8.0068 -2.2212 -4.0612 -0.039 0.0237 -0.0301
8.3127 -2.5283 -3.869 -0.0252 -0.0658 0.0029
7.8919 -2.7192 -4.1761 0.0632 -0.0935 -0.0258
7.777 -2.7958 -4.3293 0.0057 -0.0647 -0.0152
7.8913 -2.6049 -4.367 -0.0071 -0.0157 -0.0077
7.9679 -2.6815 -4.2521 0.0079 -0.0146 -0.0035
7.8153 -2.6043 -4.4442 -0.0081 -0.0167 -0.0035
7.8919 -2.7192 -4.291 -0.0081 -0.0125 -0.0088
7.9685 -2.7192 -4.291 -0.007 -0.0039 -0.0152
7.9296 -2.7198 -4.4053 -0.0006 -0.0029 -0.0163
7.853 -2.6049 -4.4053 -0.007 0.0004 -0.0104
7.9296 -2.6815 -4.2904 -0.0081 -0.005 -0.0094
7.853 -2.6432 -4.3287 -0.0049 -0.0103 -0.0115
7.9685 -2.7192 -4.3293 0.0015 -0.0167 -0.0147
7.8919 -2.6809 -4.3293 -0.0017 -0.0146 -0.0158
7.8919 -2.6426 -4.3676 -0.0102 -0.0135 -0.0126
7.8919 -2.6809 -4.3293 -0.0027 -0.0071 -0.0126
7.8153 -2.6426 -4.4825 -0.0017 0.0025 -0.0136
7.8536 -2.7192 -4.3293 -0.0059 0.011 -0.0147
7.8536 -2.6426 -4.5209 -0.0038 0.0014 -0.0126
7.8919 -2.6043 -4.4059 0.0004 -0.0071 -0.0124
7.8153 -2.6426 -4.5209 -0.0017 -0.0039 -0.0124
7.8919 -2.7192 -4.4059 -0.0028 -0.0039 -0.0092
7.8919 -2.6809 -4.2144 0.0026 -0.0018 -0.0103
7.853 -2.7198 -4.4436 -0.0017 0.0035 -0.0103
7.9296 -2.6815 -4.4053 -0.0017 0.0003 -0.0076
7.8913 -2.6815 -4.3287 0.0025 -0.0008 -0.0097
7.853 -2.7198 -4.3287 -0.0028 -0.0008 -0.0129
7.8913 -2.6815 -4.367 0.0015 -0.005 -0.0129
7.9302 -2.6426 -4.291 -0.006 -0.004 -0.0118
7.853 -2.7581 -4.367 -0.0007 -0.0019 -0.011
7.8913 -2.7198 -4.3287 -0.0006 -0.0004 0.0002
7.8919 -2.6809 -4.4059 -0.0006 -0.0025 0.0002
7.8919 -2.7192 -4.3293 -0.0006 -0.0036 -0.0009
7.8153 -2.7575 -4.4059 0.0037 -0.0025 0.0013
7.8536 -2.6426 -4.3293 -0.0016 -0.0004 -0.0009
7.8536 -2.7575 -4.3676 0.0016 0.0018 0.0002
7.8536 -2.7958 -4.291 0.0016 -0.0014 -0.0009
7.8536 -2.6809 -4.4442 -0.0007 0.0021 0.0018
7.8913 -2.6432 -4.367 0.0003 -0.0022 0.0007
7.853 -2.6432 -4.367 0.0035 -0.0001 -0.0003
7.9302 -2.7192 -4.3676 -0.0007 0.0021 -0.0014
7.9685 -2.6809 -4.4059 0.0014 0.0053 0.0007
7.8919 -2.7958 -4.3293 -0.0018 -0.0011 0.0018
