3.295 -9.0782 0.7655 0.3554 0.003 -0.0132
3.0269 -9.0399 0.8422 0.0944 -0.2058 0.0039
2.9503 -8.5419 1.1103 -0.0483 -0.6457 0.0784
2.299 -8.5802 2.9874 0.2595 -0.5935 0.17
2.2224 -8.9633 4.558 0.2446 0.8509 0.0439
1.5712 -8.9633 3.1406 1.0862 0.7987 0.1419
1.8777 -8.1971 4.2132 0.1285 -0.5861 -0.1425
3.0263 -9.3087 2.7964 0.2553 -0.5754 -0.0158
0.3065 -9.0022 3.4093 0.2127 -0.9483 -0.258
1.4946 -12.3726 2.4894 -0.5884 -0.6096 -0.1589
-0.8039 -10.1891 -1.303 -2.4132 0.1617 0.5783
8.6963 -12.3343 3.9067 -2.9778 0.069 -0.5168
3.7541 -6.1292 1.494 0.1328 -2.6943 0.6102
-0.0377 -5.8221 0.9954 0.1978 0.9127 0.7106
0.2687 -15.1308 -5.7084 1.1043 -0.1909 0.2536
4.4825 -9.2314 2.068 -0.5096 0.6656 -0.5049
5.287 -9.6528 0.9571 0.3522 -0.9568 -0.915
2.2607 -8.8867 1.1486 1.1256 -1.7728 0.9982
-0.2682 -9.0405 5.1332 1.6912 -1.1508 0.1727
2.3367 -8.6191 1.5706 0.8976 0.5196 -0.6859
0.7661 -10.5345 1.992 -0.2135 -2.9766 -0.4239
-2.1063 -11.7214 1.2252 -1.2127 -0.1537 -0.23
2.4523 -11.3766 1.4551 -2.2417 0.6591 1.0259
5.5162 -10.4579 0.6512 -2.0521 -0.1302 -0.2614
5.2487 -4.7112 0.9188 -0.4648 -0.0151 0.2713
1.9543 -7.5076 -0.0389 0.8465 -1.564 0.7773
0.5752 -10.1508 -2.9503 0.626 -0.7459 0.0465
-3.4477 -11.722 -0.5363 1.0297 -1.6578 0.3767
8.9256 -12.1434 0.1532 -0.1463 -0.5808 -0.9466
6.7038 -7.0102 2.375 0.7794 -3.3058 0.0729
3.2178 -10.3813 4.0606 0.8678 -1.1816 1.1083
1.0349 -9.1931 1.5317 0.6324 -1.5981 -0.0742
1.3414 -10.3807 1.8765 0.2276 -2.5121 -0.1743
2.0309 -7.8524 3.4087 -0.8878 -4.8078 0.0193
5.0182 -11.3389 4.2138 -0.5288 -3.7159 -1.1046
-1.3402 -7.2784 -0.4986 5.3068 -4.289 -0.0841
-0.7272 -9.7677 -0.6518 -0.5852 -2.1041 0.9705
0.422 -6.2818 -1.1115 -1.1008 -0.2719 0.0161
3.1801 -5.8987 -2.9119 -0.9304 0.3055 0.1086
-16.5098 -18.9232 -11.2629 -1.4736 -2.1851 3.6389
-11.4916 -11.8746 -7.9685 -1.235 -1.6386 2.6205
-9.0016 -4.941 -7.6237 -0.6545 -0.5659 0.6231
-5.937 -3.562 -4.2527 -0.1378 -0.5563 0.3344
-6.5882 -1.4551 -2.6821 -0.4041 -0.0684 0.5635
-8.7334 -4.1366 -5.5935 -0.8569 -0.4285 1.0237
-8.6951 -1.3785 -4.1761 0.4715 -1.4415 -0.5443
-6.2052 -3.5237 -3.5632 -0.0174 0.4461 -0.065
-7.5842 -3.562 -4.8273 0.0902 -0.0215 -0.2045
-8.3887 -5.1326 -4.9039 -0.3935 0.1574 -0.0861
-8.0056 -1.9531 -4.0229 -0.1272 -0.3411 -0.0893
-7.6992 -3.3704 -4.5592 0.1104 0.249 -0.0648
-8.427 -3.4471 -4.3293 -0.0153 0.0764 -0.0147
-8.1588 -3.4854 -4.4059 0.0124 0.3502 0.1185
-7.6225 -3.5237 -4.4059 -0.0654 -0.0791 -0.0244
-7.8907 -3.3321 -4.6358 -0.0622 0.0509 0.0331
-7.929 -2.8341 -4.789 0.0199 0.0765 0.0267
-7.8524 -3.2555 -4.6741 0.0262 -0.0237 -0.0095
-7.9673 -3.2172 -4.6741 0.0028 0.0477 0.0214
-7.8147 -3.0646 -4.7884 0.0209 0.0136 0.0267
-7.8907 -3.1789 -4.7124 0.0028 0.0147 0.0202
-7.9296 -3.1412 -4.7118 -0.0068 0.0222 0.0032
-7.853 -3.1029 -4.7501 0.006 0.0147 0.0117
-8.0062 -3.1795 -4.7884 0.0092 0.0169 0.0213
-7.8141 -3.1406 -4.789 0.006 0.0232 0.0071
-7.8913 -3.1795 -4.8267 -0.0004 0.0253 0.0103
-7.8141 -3.1406 -4.8273 0.0071 0.0104 0.0125
-7.8524 -3.1023 -4.8656 0.0017 0.0157 0.0114
-7.8524 -3.064 -4.8656 -0.0015 0.0062 0.0103
-7.8524 -3.1789 -4.5975 0.0071 0.003 0.0135
-7.9679 -3.1029 -4.6735 -0.0036 0.0041 0.0146
-7.8913 -3.0646 -5.0949 -0.0025 -0.0023 0.0135
-7.8147 -3.2178 -5.2481 0.0039 -0.0002 0.0114
-7.7381 -3.0646 -4.9033 -0.0004 0.0041 0.0125
-7.929 -3.2172 -5.0188 0.0018 0.0051 0.0135
-7.8907 -3.1406 -5.2487 0.0039 -0.0013 0.0094
-7.7375 -3.1023 -5.1338 -0.0004 0.0019 0.0094
-7.7381 -3.1412 -4.6352 0.0039 0.0019 0.0105
-7.8913 -3.1029 -4.5586 0.0017 0.0019 0.0126
-7.8147 -3.1029 -4.9033 0.0007 0.0019 0.0033
-7.853 -3.1412 -4.865 0.0017 0.0019 0.0033
-7.8147 -3.0263 -4.9033 -0.0004 0.0072 0.0054
-7.853 -3.1412 -4.8267 0.0017 0.0083 0.0043
-7.8141 -3.1406 -4.9039 0.0028 0.0072 0.0065
-7.8913 -3.0646 -4.9799 0.0007 0.0072 0.0032
-7.8524 -3.064 -4.9039 0.0028 0.0051 0.0064
-7.6992 -3.1023 -4.9039 0.0028 0.0062 0.0032
-7.8147 -3.1412 -4.9416 0.0017 0.0008 0.0053
-7.8147 -3.0263 -4.9799 0.0007 0.003 0.0085
-7.8907 -3.0257 -4.9039 0.0017 0.0019 0.0067
-7.8524 -3.064 -4.9422 0.0007 0.0008 0.0067
-7.8907 -3.1789 -4.8656 0.0007 -0.0002 0.0077
-7.8147 -3.0263 -4.9416 0.0007 -0.0002 0.0067
-7.929 -3.0257 -4.9039 -0.0015 -0.0045 0.0099
-7.853 -3.0646 -4.865 0.0028 -0.0013 0.0088
-7.8907 -3.1023 -4.9422 0.0007 0.003 0.0067
-7.7764 -3.1029 -4.9033 -0.0007 0.0037 -0.0
-7.8141 -3.1023 -4.9039 0.0014 0.0037 -0.0011
