0.1921 -9.7677 0.9954 -0.3941 0.1253 -0.3986
0.7284 -9.2698 2.2212 0.3324 0.1146 -0.3528
0.0766 -10.0748 -0.7661 0.3367 0.317 -0.3011
-0.9194 -8.734 1.3791 0.1098 0.2637 -0.3437
-1.4934 -9.5762 2.5277 -0.0521 0.0933 -0.333
-1.3018 -9.1548 1.9531 0.2855 1.3386 -0.3884
-0.0377 -9.4613 2.3361 0.4155 -1.4631 -0.0869
-1.1103 -9.9593 -0.8817 -0.2972 0.6089 -0.4915
-1.7998 -8.1588 0.4208 -0.7637 -1.3448 -0.336
-0.4597 -6.5122 1.8387 -0.8937 -1.3182 -0.6044
-4.1749 -10.419 0.6123 -1.1664 -1.152 0.3043
0.9966 -19.0387 -0.2687 -0.9704 2.0981 1.018
1.3797 -5.6306 -1.4563 0.293 -0.206 -0.976
-0.1909 -6.435 0.4591 0.8608 1.6827 -0.7757
-1.1875 -5.861 -0.5746 0.0704 2.8534 -0.437
2.3367 -10.5728 -7.0102 0.4901 1.5005 -0.4455
1.418 -14.0198 -2.3756 0.6818 -0.2795 -0.2165
-1.5706 -11.224 -3.1412 -0.5795 -0.058 0.8884
-0.9577 -12.6414 8.8107 1.909 0.7857 -0.9045
0.2682 -9.1171 -5.5545 0.1577 -0.776 -0.3836
-1.7615 -6.0519 1.3402 -0.1629 -0.9347 -0.5998
-4.6729 -5.6306 -2.2607 -1.4391 -4.4149 0.3302
-4.4047 -4.6729 1.6466 -1.5531 2.3729 -0.1253
-8.2738 -18.9998 -14.4807 0.0618 -0.6088 2.4974
3.6392 -10.4196 -2.7198 0.7745 1.0605 -2.2377
-0.6123 -9.5762 -1.9926 2.0155 1.4877 -1.3077
-2.7958 -5.8987 1.2252 0.4102 2.4208 -0.4246
1.4563 -5.056 -5.3636 0.6211 0.8305 -0.6292
-0.4208 -12.8323 1.57 1.2848 0.1902 0.354
-2.1446 -9.8444 3.8684 -0.8671 -2.7094 -0.1286
-4.6346 -8.6951 1.3018 -0.9459 0.3106 0.5181
-3.8301 -10.5722 2.2212 2.1785 0.986 -0.9499
-1.4168 -6.9713 0.6506 -0.3685 1.2033 -0.9133
-3.3704 -7.6992 1.1869 -0.8319 0.3021 -1.1956
-7.2778 -8.6951 -1.418 -0.9107 1.3322 -0.7812
-5.0176 -9.4996 0.2676 -1.355 5.3451 1.4367
5.7467 -14.288 -3.1035 0.8331 1.541 0.7613
1.0349 -4.7112 -1.801 1.1463 2.3282 -1.0729
-2.7198 -9.7683 -2.7581 0.6531 -0.5149 0.0381
0.1921 -18.655 1.9531 0.9918 1.5932 -0.6692
-0.2676 -4.5197 2.8341 -1.3124 0.6494 -0.2143
-2.2595 -11.3383 5.0943 2.8582 4.3384 -0.8772
0.5752 -8.9633 0.076 1.0003 0.2211 -0.5619
-1.9531 -9.1165 4.9027 1.419 2.8044 -0.9283
-2.6809 -9.9593 -0.4986 -0.2002 0.3681 -0.8527
-4.4047 -13.6368 -0.1921 -1.878 2.0523 -0.9763
1.9537 -11.5305 3.1795 -2.0335 0.431 -0.8354
0.0389 -8.9633 2.1063 -0.7403 -0.0899 -0.0844
0.3071 -7.0479 1.5317 0.8874 1.5719 0.2629
0.3837 -8.0439 1.0337 0.9822 0.0838 -0.1312
-1.0337 -12.2577 -8.1217 -0.6018 1.9789 -0.4806
-1.6089 -8.5808 0.9577 0.3207 0.3874 0.0484
1.4174 -9.8833 -0.3831 0.7266 0.7091 -0.5364
1.9543 -7.5842 1.1103 -0.3589 -0.3658 -0.7506
-2.6043 -9.1548 2.566 -0.2758 1.5187 0.0697
0.6518 -10.7254 5.5923 1.4872 0.3842 -0.1721
0.1538 -9.4996 -2.414 0.6797 1.3664 -0.5183
-2.1063 -10.0359 3.0257 0.293 1.4494 -0.6944
0.3065 -8.8107 0.1149 -0.2354 -0.2146 -0.606
-2.5283 -9.6534 0.6895 -0.6966 0.2382 -0.5601
-0.3831 -15.0164 -1.0726 -3.2 -0.6268 -0.2129
0.8045 -9.9599 1.4174 -1.1717 0.0283 -0.3652
-0.2292 -7.8524 0.9954 -0.2034 -0.7962 0.1716
0.2687 -8.6568 -1.4563 0.9631 0.9455 -0.4122
0.8045 -7.6614 -0.498 0.4858 2.4273 -0.8425
-2.49 -6.4739 -3.6775 -0.0852 1.7232 -0.3142
-1.5323 -7.3933 -0.2687 0.6445 0.9562 0.0129
1.1881 -15.284 2.4894 0.0704 -0.1038 -0.0904
1.4563 -6.0136 4.5963 -0.7339 2.684 1.2529
-3.2555 -10.6105 2.9491 1.6374 1.9948 -0.5911
0.4986 -7.0096 -3.6398 0.2547 0.5887 -0.2119
-0.5357 -9.6145 2.6426 -0.5699 -1.5941 -0.3546
-3.1023 -9.5762 0.8422 -0.3142 -0.0132 -0.7541
-1.1869 -8.1205 -0.1921 -0.866 -0.32 -0.8074
-2.5283 -7.9296 1.5323 -0.8926 0.1626 -0.4388
-4.6729 -17.0461 1.1486 -0.964 0.3756 1.7056
4.5975 -4.2898 0.9954 -0.1725 0.5524 -0.3578
-3.2555 -10.8403 -2.7587 1.3306 0.5599 -1.1311
0.1915 -8.6574 0.7661 1.1069 1.964 -0.526
-2.9497 -8.1594 -1.1492 1.2219 -1.397 0.0652
1.1492 -7.9296 -3.1412 -0.2183 3.1166 -0.7231
-1.5706 -7.5465 -0.9577 0.2664 1.2311 -0.133
0.1538 -9.7677 -7.6237 -1.0034 -5.8338 0.903
2.2984 -10.8793 8.3893 1.1218 0.6494 -0.8483
2.9886 -7.7375 -7.4705 1.305 -3.4039 -1.4128
-1.0337 -9.8444 2.1063 -0.9512 -0.6236 -0.5926
-2.1446 -7.2012 0.7272 -1.2016 -2.165 0.1052
-1.4557 -6.7038 1.0726 -0.7584 1.0808 -0.6299
-9.6911 -12.8323 -4.5209 -0.0852 -1.87 2.127
4.1761 -6.933 0.2676 0.3804 0.1807 -0.305
-0.996 -7.6231 -1.5323 1.2049 0.1487 -1.8017
-2.7958 -8.1588 -0.92 1.2528 1.1991 -1.219
0.9966 -8.7718 -3.4866 0.0448 1.5624 -0.7005
-0.4214 -8.1594 -0.7661 0.6605 0.364 -0.3127
-1.3408 -8.5425 2.6049 -0.1278 0.7635 0.1911
-1.2641 -6.2824 -4.5203 -1.3528 1.588 1.3257
-0.0766 -10.4962 8.6191 0.9055 0.283 -0.4597
-0.7661 -8.9256 -0.9194 0.5337 0.0475 -0.8946
-3.8684 -10.5339 0.9188 -0.2577 -0.6226 -0.1585
-0.6123 -9.921 2.5277 -0.5379 -0.1783 -0.3502
0.7284 -8.427 5.937 0.5678 -0.9784 -0.7816
-0.1143 -10.802 -3.9846 1.5511 6.8418 -1.3368
-0.6506 -9.0016 1.4168 -0.6913 -2.4399 -0.148
-0.0377 -9.3847 2.4128 -0.1906 0.8688 -0.7275
-0.6123 -9.8061 1.3402 0.4049 0.1807 -0.3898
0.5369 -9.5379 1.8381 -0.1374 0.0454 -0.5134
0.0383 -9.5768 1.7238 -0.0191 0.1881 -0.4015
0.3831 -9.4619 1.6472 -0.1214 0.2478 -0.3976
-0.2676 -9.5379 1.8765 -0.083 -0.1016 -0.2837
-0.3442 -9.3847 1.6083 -0.2119 -0.1069 -0.3497
0.2298 -9.4619 1.6472 -0.181 -0.0547 -0.3412
-0.2682 -9.5385 1.1109 -0.2205 -0.1602 -0.3188
-0.1149 -9.3853 1.3408 -0.23 -0.1708 -0.2896
-0.076 -9.3847 1.6083 -0.0628 0.0284 -0.3343
0.0006 -9.9976 0.4591 0.244 0.2446 -0.4046
-0.4597 -9.4236 1.1109 0.0256 -0.1261 -0.4238
-0.4974 -9.6145 0.8805 0.0246 0.1093 -0.4101
-0.2292 -9.423 0.9954 -0.0393 -0.0164 -0.3888
-0.3825 -9.4613 0.8039 -0.0713 -0.0323 -0.3803
-0.2682 -9.5385 1.1492 -0.0607 -0.109 -0.376
0.0383 -9.6151 0.5363 0.015 0.039 -0.4112
-0.5363 -9.5385 0.9577 0.0384 -0.1815 -0.4026
-0.1909 -9.4996 0.9188 0.0363 -0.0046 -0.4047
-0.0377 -9.6911 0.7655 0.0192 0.0422 -0.4302
-0.2292 -9.5762 1.1103 -0.0298 -0.0036 -0.3823
-0.1149 -9.4619 1.2258 -0.0276 0.1424 -0.3812
-0.0383 -9.5385 0.9194 -0.0063 0.1072 -0.3834
-0.0766 -9.5385 0.8811 -0.0607 -0.0238 -0.3636
-0.1149 -9.4619 0.7661 -0.1416 -0.1261 -0.3242
-0.2292 -9.5762 0.7272 -0.1363 -0.1836 -0.3391
-0.3065 -9.5385 0.6129 -0.0841 -0.0877 -0.3146
0.0383 -9.4619 0.8045 -0.0063 0.0486 -0.3594
-0.0377 -9.423 0.574 0.0267 0.0593 -0.3891
-0.4591 -9.423 0.7272 0.0469 0.0242 -0.3742
-0.3442 -9.7677 0.4974 0.1045 0.0764 -0.3934
-0.3442 -9.3847 0.6889 0.1641 0.0593 -0.387
-0.3825 -9.4996 0.1526 0.0001 -0.0824 -0.3997
-0.574 -9.7294 1.0337 -0.0894 -0.125 -0.3699
-0.1143 -9.5379 0.9954 -0.0958 -0.0994 -0.3689
-0.1909 -9.6145 1.0337 -0.0212 0.0348 -0.3848
-0.1532 -9.5768 0.9194 -0.0926 -0.2134 -0.387
-0.4208 -9.5379 -0.0006 -0.0596 -0.1441 -0.3966
-0.3442 -9.5762 0.1909 0.0256 0.005 -0.4083
0.1155 -9.6528 0.3442 0.0704 0.0316 -0.4062
-0.1143 -9.5762 0.574 0.0224 -0.0419 -0.3902
