0.3837 -9.6911 1.072 0.0365 -0.2934 -0.1077
0.3837 -10.6488 -0.0772 0.1941 0.2488 -0.2611
2.9503 -13.8666 0.076 -2.0344 -0.9517 0.5261
0.5752 -7.2395 1.3018 -0.3609 -0.9901 0.3781
-1.9914 -8.8484 -2.5672 -0.7007 0.9444 0.7988
-0.5363 -10.3046 -4.9033 -0.7507 0.8677 0.7286
-0.498 -6.6272 -3.7924 0.5489 0.2627 -0.097
0.7278 -5.1332 -2.6815 2.5026 -4.2253 -0.6648
0.6512 -8.4659 3.7924 0.4125 -0.4042 -0.7426
0.5746 -16.2423 -0.5363 0.3401 1.003 -1.5095
-4.7884 -13.9821 2.7581 3.6573 -2.4985 0.0927
-4.8644 -5.6306 0.8039 -3.84 -0.6162 1.355
-2.7581 -0.6895 0.8811 -2.1324 0.9615 1.6767
-4.558 -15.8586 -8.3516 0.2794 1.59 2.2829
-0.8811 -0.8045 3.6392 0.4115 2.7469 -1.9793
3.295 -4.6729 -4.8273 -0.3725 0.4598 -1.8712
1.9543 -19.5361 3.0257 -2.3539 -0.2785 1.2244
-3.7924 -18.2342 7.8913 3.0672 4.4939 -0.5151
5.0949 -17.6596 -17.3149 -0.625 -0.6385 -1.4238
-4.8261 0.1921 -1.7244 -2.9388 -1.5398 2.5187
-10.5339 -19.6127 7.6225 -1.5166 2.2451 2.0744
12.6414 -17.9655 -4.1372 1.9838 -0.303 1.4715
2.299 -0.8039 -1.303 -0.2106 2.5679 -1.9843
-0.9954 -4.9793 2.1446 0.8557 -1.0359 1.9945
1.8777 -10.2274 1.3018 -1.0735 4.6601 -1.9076
0.1921 -19.4212 6.1286 5.7026 -0.6396 -0.4891
-5.4779 -4.0606 -7.0868 -2.8312 -0.6268 -0.456
-7.4699 -3.0263 0.0383 -3.3106 3.4979 1.1791
5.8227 -19.6133 9.5385 1.482 -1.4141 3.4577
0.0383 -1.9154 3.2561 0.5212 1.9447 -1.386
1.8777 1.916 -10.4202 -0.9467 2.6158 -0.3887
9.9222 -19.2679 9.9593 -2.4179 0.8369 -0.099
2.1841 -18.5018 4.941 1.7782 3.3051 -0.2833
-7.6614 -11.3772 -14.8632 -1.2237 -0.5853 -0.7317
-6.2052 -2.4511 -3.0269 -2.5873 0.3021 3.1948
5.5935 -19.6127 11.8746 -1.3942 -4.3425 -1.567
-3.945 -3.2938 2.2212 0.1153 2.9248 0.6776
3.8313 -1.57 -0.8434 0.2815 1.9245 -2.1241
1.992 -5.861 5.8227 -2.4882 -0.6151 1.3668
0.9583 -19.6127 3.562 0.8418 4.4534 0.0192
-2.2595 -11.6065 -17.4687 -0.9446 -3.7736 0.0053
-3.2561 -1.3408 -0.1149 -2.5223 -0.0739 0.2258
-7.5082 -5.4396 -1.2641 -2.9015 4.0987 1.2953
12.4121 -12.296 -2.414 1.1561 -0.8463 1.6234
3.295 -0.6506 2.1063 0.4637 0.5215 -1.5084
3.3716 -10.6871 -4.0229 1.8773 -4.2999 1.0312
0.422 -8.6568 5.2858 -0.967 3.0526 -0.7936
-0.7655 -14.0582 0.9188 4.3157 -0.3658 0.2141
-0.8428 -10.9559 -16.1656 -1.032 -0.0718 -0.735
-5.2475 -6.2435 0.4208 -3.2072 8.1403 0.6189
3.2561 -18.3875 10.6877 -0.5079 -5.1542 1.3412
0.8428 -8.734 0.8428 0.7918 2.2814 0.8042
4.4436 -2.7198 1.0726 0.3028 3.875 -2.8485
-2.068 -11.9896 3.2555 -1.343 -2.23 2.7824
0.0383 -4.6352 3.9073 0.0514 0.7058 0.3025
0.0766 -9.8833 -0.1915 2.7082 3.5458 0.3664
0.6895 -7.7764 -2.6432 0.8834 0.4107 -0.2712
-1.2252 -10.7637 -0.8817 -0.7507 0.1796 0.0313
0.3065 -9.0788 2.3367 -0.6229 -0.4692 -0.1253
-0.0766 -9.9599 1.9537 0.9026 0.6622 0.1932
1.4563 -10.419 0.3059 1.1305 2.5423 -0.1828
1.0349 -9.3464 -0.5369 0.0333 -0.3925 -0.1926
-0.0377 -9.5762 2.7958 -0.2692 -1.3842 0.1451
1.8393 -9.423 2.1829 0.11 -0.1166 0.0141
-0.3059 -9.8061 1.3785 0.192 0.3585 0.0034
0.4603 -9.8444 1.0337 -0.0626 -0.45 0.0407
-0.2298 -9.6917 1.3024 -0.0434 0.0795 -0.0452
0.9194 -9.9216 1.0343 0.0238 0.2765 0.0027
0.1915 -9.5768 1.1492 -0.0785 -0.1965 -0.0207
0.4214 -9.6917 1.3791 -0.0039 0.0315 -0.0048
0.3065 -9.73 1.0726 0.0365 -0.0558 -0.0186
0.3454 -9.921 1.1869 0.0184 0.1306 -0.0056
0.5752 -9.6911 1.1486 -0.0348 -0.0345 0.0104
0.2687 -9.7677 1.1486 0.0067 -0.0399 0.0018
0.3448 -9.845 1.1109 0.0152 0.1072 0.0093
0.422 -9.6911 1.2252 0.0035 0.0251 0.0008
0.422 -9.7677 1.2252 0.0227 0.121 -0.0018
0.4597 -9.73 1.1875 -0.0157 -0.0644 0.0121
0.5369 -9.6911 1.2635 -0.004 0.0539 0.0014
0.4597 -9.73 1.3024 -0.0199 -0.0825 0.011
0.5363 -9.845 1.1492 -0.005 0.0528 -0.0114
0.4597 -9.8067 1.1109 -0.0529 -0.1464 -0.0009
0.3837 -9.7677 1.1486 -0.0209 0.0411 -0.0137
0.4603 -9.7294 0.9571 0.0217 -0.0548 0.0289
0.2304 -9.8061 1.1103 0.0131 -0.0441 0.0225
0.4986 -9.8061 1.1103 0.0089 0.0592 0.0161
0.498 -9.8067 1.1109 0.0153 0.0198 0.0031
0.3831 -9.8067 1.1492 0.0174 -0.0196 0.0159
0.4603 -9.8061 1.1103 0.0142 0.0507 -0.0012
0.422 -9.8444 1.1869 0.0057 -0.0132 0.0159
0.3071 -9.7294 1.1486 0.0067 0.0017 0.0095
0.4986 -9.7294 1.1103 0.0142 0.0571 -0.0043
0.4597 -9.8067 1.1109 0.0035 -0.0335 0.0158
0.4214 -9.8067 1.2258 0.0131 0.0326 0.0051
0.3837 -9.7294 1.2252 0.011 0.0006 0.0126
0.3837 -9.8061 1.2252 0.0099 -0.0036 0.0136
0.4214 -9.8067 1.1492 0.0099 0.023 0.0072
0.3448 -9.8067 1.1492 0.0152 0.0187 0.0114
