0.2687 -9.3081 2.0297 -0.0331 0.0946 -0.0112
0.0006 -9.1548 2.1446 -0.146 -0.0609 -0.0112
0.6135 -9.3081 2.1829 -0.0203 -0.1493 0.0165
0.6901 -9.3464 1.8765 -0.0831 -0.1781 -0.0826
0.6901 -9.4996 2.1829 -0.0575 -0.3837 -0.0432
1.3408 -9.9216 1.2641 -0.0245 -0.4167 -0.008
1.5323 -10.5345 -0.8045 -1.0387 -1.3329 -0.0389
-0.996 -11.0325 -1.992 -1.1814 -0.9355 0.253
1.1109 -10.1131 0.0383 -1.4616 -0.0961 0.5182
1.1498 -8.6568 -3.1035 -1.1249 -0.2303 0.8889
-1.3018 -9.0782 -2.5672 -1.1867 0.4227 0.8975
-1.6466 -7.0096 -2.9503 -0.5976 0.4483 0.8367
-0.574 -4.7878 -3.4099 0.408 -0.0705 0.335
-7.8913 -15.706 -14.0971 1.2452 0.1681 -0.2648
-1.9154 -13.9055 -1.8387 1.617 -0.3943 -0.6024
1.8771 -8.0828 -0.4214 1.2325 0.0158 -0.5566
-1.9154 -9.0022 -0.2298 0.6689 -0.4401 -0.4959
-3.2944 -8.4659 -0.0766 0.5645 1.1013 -0.1849
-1.6849 -9.8444 -1.0732 -0.0522 -1.3467 0.4341
-0.8805 -13.3303 2.3361 0.5486 0.8232 -0.9934
-0.9571 -12.5642 -1.4563 -0.5731 1.6041 -0.3478
-0.4591 -12.296 0.2292 -2.873 -1.7249 0.3009
-0.3825 -9.0016 -0.7667 -1.5947 -2.7859 1.3609
0.2298 -6.9719 0.996 -1.4392 -0.1579 1.4504
-0.4597 -5.5162 -2.1835 -1.0099 0.2703 1.0061
-1.6089 -3.486 -1.3408 0.0959 0.0935 -0.204
-8.849 -14.5567 -10.3046 1.6448 -1.6056 -1.1478
-1.7232 -8.0439 -1.2647 1.6363 0.1745 -0.6834
1.1115 -10.6488 1.0337 0.7638 -0.2239 -0.8645
-2.4128 -10.4956 -0.2687 0.4463 0.1234 -0.7026
-2.2978 -7.7375 -0.1921 0.669 0.9756 -0.2243
-4.1749 -9.5762 1.1869 0.1449 -0.486 0.3883
2.6438 -14.0582 2.2212 0.9683 0.4824 -0.84
-0.7655 -13.5602 -4.4442 -1.387 0.1734 -0.0602
-0.7661 -9.4236 6.9719 -1.877 -0.8322 0.4852
-0.996 -10.6494 -4.4053 -1.6021 -0.6628 1.379
-0.3831 -7.3167 -0.0383 -1.6075 0.4813 1.4472
-0.8805 -4.6729 -1.418 -0.4442 0.6251 0.7111
-10.1125 -14.6711 -12.6037 0.9162 -0.7992 -0.4405
0.3454 -9.3081 -1.6478 1.7684 -1.4948 -1.0828
0.6129 -10.2663 0.8811 0.8309 -0.111 -0.8133
-3.7152 -9.3847 -0.1155 0.8469 0.6773 -0.6439
-1.3402 -8.2355 -0.92 0.8288 0.771 -0.1933
-2.5277 -9.8061 0.2292 0.4559 -0.0535 -0.057
-0.3059 -12.6408 4.443 0.9556 -0.0152 -0.8996
-0.6123 -13.79 -4.4442 -2.0975 1.57 -0.3116
0.3454 -9.8827 3.2172 -3.2277 -1.9539 0.6589
-2.6043 -11.2617 -3.9079 -1.9665 -1.5523 1.624
-1.8765 -7.2012 -1.916 -1.6597 0.6581 1.5505
1.1875 -2.7581 -2.0303 -0.6998 0.8605 0.7111
-5.3624 -6.7798 -11.8375 1.061 -1.3116 0.2168
-0.6123 -5.4773 -0.7284 1.876 -0.9356 -1.0306
-1.1492 -11.6454 -0.4597 0.9481 -0.7321 -0.9326
-2.988 -9.4619 0.5363 0.8149 0.2384 -0.4341
-2.6049 -8.4276 -1.0343 0.5699 0.8062 -0.3116
-1.9537 -9.1171 -1.0343 0.9385 1.2919 -0.1624
-1.8387 -10.6111 -0.3831 0.3388 0.4674 -0.7995
-0.6889 -14.9775 -2.3756 0.9843 1.2664 -0.5151
-1.3791 -13.714 -1.4174 -3.7305 -2.069 0.2615
-0.0383 -7.8147 -2.9497 -1.6788 -1.3489 1.4429
-0.9954 -7.0479 -0.4603 -1.5723 0.5068 1.6783
-0.0766 -3.1029 -1.494 -0.7403 0.8179 0.7303
-0.7661 -1.6855 -1.3408 0.9481 -0.7907 -0.5204
-1.1492 -12.0668 -2.9497 1.2624 -0.6607 -1.1766
-2.375 -11.6837 -1.0726 1.1868 -0.7449 -0.857
-1.7621 -10.1897 0.9577 0.7575 0.2383 -0.824
-0.4208 -8.5802 0.0377 0.6893 1.5039 -0.1422
0.1149 -8.9256 -0.3448 0.8086 0.2948 -0.1773
-2.2978 -9.4996 0.6506 -0.0895 -0.4359 -0.2221
-0.2682 -10.228 1.4557 0.3665 -0.175 -0.6439
0.2687 -13.0239 -0.7667 0.5263 0.7273 -0.1347
0.5752 -12.0279 0.2292 -2.024 0.0008 -0.2817
1.3797 -6.3967 3.1023 -0.8895 -0.1345 0.1177
-0.0377 -7.2395 0.2292 0.2621 -0.7811 0.449
0.8817 -6.933 1.3018 0.6999 0.3172 -0.2487
0.498 -9.5768 -0.3831 1.4499 2.2517 -0.6013
1.6478 -13.5985 -4.6741 1.4072 -1.7025 0.1124
0.2304 -8.427 2.566 -1.5222 0.2139 -0.2786
-1.0337 -9.6145 0.7655 0.5273 0.967 0.1081
1.3797 -9.2698 0.4208 -0.0468 -0.126 0.0858
0.3454 -9.3081 2.1063 -0.1321 0.0349 -0.0506
0.7284 -9.5762 1.072 0.3186 0.69 0.0059
0.7284 -9.3847 1.6849 0.015 0.0882 0.008
0.4986 -9.4619 1.3018 0.1109 -0.0493 -0.008
0.2687 -9.5379 1.4551 0.0842 -0.0056 -0.0346
0.4214 -9.5768 1.3024 0.0193 -0.0046 0.0091
0.3454 -9.423 1.4551 -0.0084 0.053 -0.0239
0.3837 -9.3464 1.6466 0.0278 0.0657 -0.0218
0.422 -9.5379 1.3018 0.0629 0.134 -0.0389
0.5369 -9.4613 1.6083 0.0277 -0.0109 -0.0112
0.5363 -9.4236 1.4174 -0.0244 -0.126 0.0229
0.3454 -9.423 1.6849 0.032 -0.0589 -0.0069
0.5752 -9.4613 1.3018 -0.0244 -0.0163 -0.0026
0.3448 -9.347 1.5323 0.0256 0.0147 0.0016
0.4214 -9.3853 1.6089 0.0032 -0.0301 0.0027
0.6135 -9.423 1.3402 -0.0117 0.0019 -0.0005
0.3454 -9.423 1.6466 0.0075 0.0104 0.0219
