2.2224 9.6157 0.8039 0.0288 0.2157 -0.2272
1.0343 9.2703 0.7661 -0.3973 0.5491 -0.3071
0.7667 10.4585 0.1143 -0.1991 0.2658 -0.29
0.9194 9.6917 0.3448 -0.2258 0.5577 -0.175
0.9577 8.5808 1.1109 -0.5837 0.2743 -0.1825
0.2687 10.152 0.6506 -0.4921 0.2253 -0.1259
1.303 13.4464 2.3361 -0.507 0.1198 0.6624
1.4563 14.0977 4.7112 -0.5943 -0.4213 0.4791
3.1418 6.3979 4.941 0.9119 -2.245 -0.4413
3.7541 6.3973 3.4093 -1.1238 -0.3329 0.2927
1.3791 7.355 1.6089 -1.4391 0.6855 -0.1878
-0.0766 6.5122 2.2218 0.994 -1.787 -0.3443
7.9679 18.1193 2.2601 0.1641 2.1098 -0.4626
-2.4511 10.4968 4.6729 0.8619 4.1817 -0.5297
-4.2138 6.2824 2.6815 -1.274 -4.6057 -0.1846
1.0726 6.857 -3.7924 0.6083 0.8251 -0.0056
0.4986 7.4322 3.4471 -0.2875 0.3851 0.6604
0.8811 17.9278 4.1372 -2.0484 -0.0112 0.7414
2.9119 12.3738 5.8987 0.6361 -0.9358 0.4836
3.1035 6.781 3.5237 0.3644 -1.477 0.0425
0.6895 5.7461 1.9537 -1.4923 0.2019 -0.2919
0.2682 6.1292 1.3408 -0.0767 -0.1987 -0.4138
6.5128 18.4647 2.1063 0.5689 -0.3084 0.3755
3.2178 12.8329 5.0566 1.2762 0.9625 -0.2988
-4.6729 6.8193 4.8261 -0.0948 1.0115 0.1657
1.0349 6.2064 -1.7244 -0.8777 -1.934 -0.1422
1.3414 7.0491 2.6809 0.5082 1.1713 0.6079
0.9583 19.001 3.6386 -1.6032 0.7047 0.8508
1.9543 10.7649 5.0943 1.7194 -1.2831 -0.1943
4.9422 6.4362 2.7958 0.6627 -1.9425 -0.3029
1.3414 5.4402 2.3361 -1.7001 1.233 0.1626
1.0349 8.6197 1.7615 0.3633 -0.5513 -0.2262
6.1675 15.3995 1.992 -0.0852 0.4458 -0.5554
0.0772 11.7992 5.1326 0.734 2.0778 -0.3274
-3.7918 6.5894 3.8301 -0.0095 0.5268 0.0667
-2.9113 6.5505 1.9537 -0.8681 -1.8189 -0.0089
1.7244 4.789 0.3059 0.1481 1.2863 -0.059
1.1109 13.3309 4.6735 -0.9651 0.0059 1.0585
0.4986 11.7609 2.9491 0.7117 -0.4085 0.5578
3.5632 8.3133 4.558 0.7426 -1.5803 -0.2625
2.5289 5.1338 2.2978 -0.4644 0.7473 0.1647
0.7284 7.0491 1.9914 -1.6639 -0.139 -0.0482
3.6015 11.4928 2.8341 0.5807 -1.4493 0.0221
6.1292 14.3269 1.7621 0.6211 0.4597 -0.5552
1.5706 13.4075 5.2098 0.341 3.5298 -0.6128
-4.4436 6.7038 5.0566 -0.3621 -0.5715 0.3172
0.9966 6.9725 -0.3454 -0.7435 -1.8594 -0.2804
0.2304 6.6277 3.2555 0.831 1.8914 0.5004
2.1452 19.1153 2.4134 -1.8237 0.4661 0.7273
1.6089 10.3046 5.5929 1.8526 -1.2597 0.1829
4.5592 6.6277 3.562 0.5924 -0.6471 -0.0376
1.9537 6.1675 2.49 -1.6511 -0.0857 0.2096
0.8045 5.8227 0.3065 -0.2279 0.0985 -0.6959
4.3287 10.228 2.2984 -0.0084 0.2445 0.0253
5.5929 16.0507 3.371 -0.3653 0.0368 -1.1092
3.3327 11.6454 3.9456 1.0387 1.4685 -0.4456
-2.2212 7.1641 3.7535 -0.0777 -1.1095 0.3587
1.0343 8.2361 -5.0182 -0.1789 0.1337 -0.0792
-1.2641 3.6009 2.1835 1.6629 1.9691 0.2703
3.0269 12.4121 -3.295 -1.8322 0.3851 -0.0823
1.4557 12.4498 0.996 0.5348 0.0527 0.527
1.9543 10.7649 6.0519 0.0725 -0.873 0.1445
3.9079 9.6157 5.7455 0.032 -0.6557 -0.2337
0.2687 6.283 0.9571 -1.6894 0.1081 -0.2177
0.9966 4.5209 2.2978 0.6872 -0.9614 -0.1634
7.1251 19.2302 3.7541 -0.7957 1.0008 -0.1229
4.4053 11.9902 2.7581 1.3743 -0.6035 -0.7461
-2.6432 10.0365 5.4779 -0.4292 9.2023 -0.2965
-3.3327 3.7158 3.0646 -0.9171 -4.7697 -0.7077
4.6352 9.4236 -2.7581 0.3292 3.534 0.6622
-3.486 14.212 6.2058 -0.3973 -0.4053 0.3735
2.7198 11.4156 3.1029 1.3008 -0.7995 0.5463
1.9537 6.9719 5.2481 0.4336 -1.8871 -0.422
1.4563 5.0188 2.9108 -0.5357 -0.2413 -0.1482
2.299 9.8072 1.4934 -0.9299 -0.8687 0.0339
3.2184 13.638 3.3704 0.7468 -0.596 -0.1259
1.6472 10.9176 3.7924 0.3314 2.881 -0.5852
-4.8644 6.3979 6.0136 0.1141 1.8978 0.2894
2.6055 7.2024 -3.8313 -1.2953 -2.179 0.2031
0.6135 9.8456 3.2172 0.8523 2.0086 0.5973
0.8811 17.7362 3.9456 -1.7395 -0.6077 0.4663
3.1418 10.9182 4.6729 0.9577 0.0538 0.1233
4.1378 7.0491 3.562 0.5647 -1.1031 -0.4221
1.4174 6.2441 2.0686 -1.4583 -0.6056 -0.1206
3.295 10.7649 2.9874 -0.2396 -1.0051 -0.4583
3.6781 11.0331 2.566 0.5231 0.2764 -0.8237
-1.2252 9.3476 5.7072 -0.1341 3.5745 -0.7129
-2.6043 7.3556 3.4087 -0.3781 -1.4418 0.1745
2.797 6.1681 -3.793 -0.0106 1.6272 -0.0929
0.5746 8.1211 3.2944 0.815 1.4397 0.64
1.1881 12.6037 2.566 -0.4218 -0.4309 0.2778
2.7964 11.7986 3.869 1.6939 0.1316 -0.1781
4.4053 6.359 3.6775 0.3452 -1.0786 -0.5457
1.7627 6.0148 2.068 -1.3752 0.2679 0.4759
0.9966 7.777 1.6083 -1.4721 -0.0506 -0.469
7.662 14.4807 0.3442 1.4584 0.6024 -0.2314
3.4093 13.2543 4.4819 0.6126 0.955 -0.4189
-3.0263 8.0828 6.0142 -0.1917 1.2192 0.2608
0.3837 7.7004 0.8422 -0.5112 -1.7508 -0.1983
1.1115 4.4442 0.7272 0.6318 1.7881 0.281
1.1881 12.1057 4.558 -0.8543 0.0804 0.6198
1.3797 13.8678 1.6466 0.5721 0.1646 0.7721
3.1418 10.3819 5.3624 0.7543 -0.6258 0.0082
4.7507 6.8959 3.5237 0.6094 -1.2117 -0.0376
3.1035 7.1641 2.1829 -1.3049 0.0783 0.5312
1.1875 6.3973 1.8004 -0.605 -0.7143 -0.6565
5.1338 12.5654 3.6003 -0.1991 0.0847 -0.1409
5.0188 12.9484 3.3321 1.1357 -0.5609 -0.6021
-2.6432 7.6998 5.7461 0.3367 1.2181 0.2352
-0.3065 7.3933 1.494 -0.1917 -1.2192 -0.0971
1.0349 9.4625 2.7958 -0.8649 -0.2029 0.2235
2.414 12.9867 1.072 -0.3717 0.138 0.4812
2.2984 13.1011 4.8267 0.505 -0.3393 0.379
2.9113 6.6272 3.6775 0.766 -2.4144 -0.257
4.3676 6.6661 2.1829 -0.2471 -0.0357 0.4748
2.7587 8.773 2.566 -0.5485 0.1241 0.4993
3.6781 7.777 0.6889 0.0331 -0.6077 -0.3029
4.0229 8.8496 2.0297 0.6062 0.041 -0.0174
4.6741 9.2326 0.6506 0.6531 0.1167 -0.2038
1.8393 8.9645 1.3018 0.1918 0.334 -0.4179
3.0263 8.9639 0.2298 0.5093 0.694 -0.3412
2.375 9.7683 0.4597 0.2568 0.4416 -0.1259
2.6821 9.1177 -0.1538 0.3122 0.2701 -0.0928
2.8736 9.1943 -0.422 0.1673 0.0623 -0.0534
2.5289 9.6157 -0.5752 -0.002 0.0101 -0.0023
2.4906 9.6157 -0.5752 0.0778 -0.073 -0.0758
2.5666 9.347 -0.5363 0.0427 0.1486 -0.0279
2.2218 9.5768 -0.5363 0.0267 0.1635 -0.0428
2.414 9.6157 -0.6518 -0.0052 0.2029 -0.0492
2.299 9.5774 -0.5752 0.0342 0.2264 -0.0341
2.4906 9.7306 -0.5752 0.0363 0.1017 -0.0331
2.414 9.7306 -0.6135 -0.0787 0.0005 -0.048
2.2984 9.5385 -0.6895 0.0704 -0.106 -0.0906
2.3367 9.5385 -0.498 -0.0478 -0.024 -0.0693
2.3756 9.4242 -0.6518 0.0129 0.0091 -0.029
2.4523 9.6157 -0.7667 0.0374 0.0719 -0.0023
2.4523 9.4625 -0.5369 0.0161 0.074 0.003
2.4906 9.5774 -0.5752 -0.0361 0.0112 -0.0066
2.414 9.6157 -0.5369 0.0097 0.0101 -0.0013
2.4517 9.3087 -0.498 -0.0031 -0.0431 -0.0609
2.9113 9.6917 -0.3448 -0.2108 -0.1337 -0.0716
1.992 9.6917 -0.498 0.0406 -0.1667 -0.0598
2.2218 9.6151 -0.1532 -0.0777 -0.204 -0.0843
1.8777 9.6923 -0.3837 -0.018 -0.0144 -0.0225
1.992 9.73 -0.3065 0.0533 0.0101 -0.0173
2.2601 9.4619 -0.3065 0.0235 0.0847 -0.0397
2.5666 9.5768 -0.3448 -0.0457 0.0506 -0.0109
2.375 9.6151 -0.2298 -0.0649 0.025 0.0062
2.299 9.6157 -0.1921 -0.0234 -0.024 -0.0258
2.49 9.6534 -0.2298 -0.0479 -0.0399 0.0061
2.2984 9.6534 -0.1915 -0.0138 -0.0559 0.004
2.375 9.5002 -0.0383 -0.0287 -0.0357 0.004
2.49 9.5768 -0.0766 -0.0074 -0.0133 -0.0003
2.49 9.5768 -0.0383 -0.0063 0.0112 -0.0248
2.49 9.4619 0.0766 -0.018 0.0304 -0.0259
2.414 9.5391 -0.1155 0.0075 0.0059 -0.0397
2.5283 9.6534 0.0383 -0.0212 -0.0165 -0.0387
2.3373 9.5774 0.0377 0.0214 0.008 -0.0365
2.414 9.6923 -0.0772 -0.018 -0.0027 -0.0333
2.3373 9.6157 -0.0389 -0.0106 -0.0122 -0.0173
2.3756 9.4625 -0.1155 0.031 -0.0261 -0.0535
2.2607 9.6157 -0.2304 0.0427 -0.0197 -0.0578
2.414 9.6157 -0.0772 0.0256 -0.0431 -0.029
2.3373 9.6923 -0.1921 0.0224 -0.0197 -0.0121
2.6055 9.654 -0.1155 0.0661 -0.0431 -0.0345
2.4906 9.654 -0.1921 0.0288 0.0027 -0.0281
2.2984 9.5768 -0.3448 0.0416 -0.0442 -0.0664
2.299 9.4625 -0.3071 0.0203 0.0463 -0.078
2.375 9.5385 -0.3065 0.0278 -0.0037 -0.0631
2.2601 9.6151 -0.2682 0.0278 0.0101 -0.0449
2.3373 9.5008 -0.1921 0.0267 -0.008 -0.0471
2.299 9.5008 -0.1921 -0.0084 -0.057 -0.0503
2.2224 9.5774 -0.2687 0.015 -0.0325 -0.0396
2.2607 9.5774 -0.3071 -0.0085 -0.0186 -0.0314
2.1075 9.5391 -0.3071 -0.0522 0.073 0.0037
2.2984 9.6534 -0.2298 -0.0095 0.0048 -0.0304
2.1835 9.5385 -0.3065 -0.0543 0.106 0.0335
2.49 9.6151 -0.0383 -0.0916 -0.0101 0.0144
2.2218 9.6534 -0.0383 -0.0905 0.1827 0.0561
2.3756 9.6157 -0.1155 0.0086 -0.0112 -0.0398
2.2984 9.5768 0.0383 -0.0212 0.0293 -0.0132
2.3367 9.5768 -0.0383 0.016 -0.0357 -0.0398
2.2984 9.5768 -0.0383 0.0118 -0.0218 -0.01
2.2984 9.6917 -0.0383 0.0182 -0.0208 -0.0323
2.4906 9.5774 -0.0006 0.0171 -0.2083 -0.0068
2.0692 9.3476 -0.6518 0.0927 -0.0975 0.0049
2.6438 9.5391 -0.1921 0.0437 -0.0229 -0.0409
2.3373 9.7306 -0.2687 0.0224 0.1071 -0.0142
2.3373 9.4625 -0.3071 -0.017 0.155 -0.0249
2.3373 9.654 -0.3837 0.0491 0.1443 -0.0153
2.5289 9.654 0.1909 0.0917 -0.155 -0.0408
2.873 9.73 -0.7661 0.1247 0.2658 0.038
