-1.4174 -9.0788 0.3831 -0.0142 0.3754 -0.3081
3.2944 -10.6494 0.2682 -1.0933 -0.9221 -0.9397
-1.7238 -9.1171 -2.5666 -0.1814 0.0889 0.1575
0.1532 -8.1594 -1.7238 0.0114 0.515 -0.5956
0.7661 -9.6151 -3.1029 -0.0461 -0.3532 0.2875
-1.3024 -10.726 -3.3327 0.0306 0.3136 -0.0108
1.6095 -12.9472 -3.8696 0.381 0.4692 0.0991
3.6009 -7.4699 1.5706 1.5763 -0.6302 0.3526
-1.57 -11.3766 5.3241 0.1605 -0.0315 0.0778
-1.4551 -9.0016 1.5317 -0.3913 -0.5034 0.3728
-0.8805 -9.1931 -0.0006 -0.5479 -0.2542 -0.3547
-1.5317 -9.3081 -0.3454 -0.8526 -0.2797 -0.0759
-2.7575 -11.798 0.3825 -0.1985 0.1357 0.2319
1.7627 -10.0359 3.3704 1.8074 1.3395 -0.5308
1.0349 -7.4693 1.8765 -1.1977 -0.2851 0.9499
-0.7661 -8.0445 0.0383 -0.5287 1.1051 -0.4892
1.8004 -6.1675 0.1915 -1.1647 -0.268 0.0692
-1.2641 -10.6111 -4.5586 0.4215 -0.4353 0.0298
-1.1875 -12.4882 -5.0566 -0.3007 0.8218 -0.015
2.9119 -7.2395 2.2595 1.8085 -0.4225 -0.2866
-2.4894 -12.794 7.0096 -0.1196 0.1283 0.295
-0.9954 -6.1669 1.072 -1.1743 -0.5034 0.2306
-2.0297 -9.6528 -1.0732 -0.8047 -0.2595 -0.4374
-1.6083 -11.3 -1.6861 0.1509 -0.2073 -0.1583
-2.566 -13.5219 0.2292 0.5205 0.336 0.1752
5.6318 -11.9513 3.8684 0.5536 -0.039 -0.4459
-1.7232 -7.6225 -0.5752 -0.4382 0.6577 0.6879
2.2607 -4.6346 0.8805 -0.9495 -0.3873 -0.1685
-0.4591 -10.4573 -7.5088 0.0476 -0.5333 0.4259
0.6135 -10.419 -2.9503 -0.3796 0.761 -0.0631
3.6015 -8.2355 1.9531 1.6221 -0.8262 -0.5254
-2.7192 -13.4452 7.929 0.463 -0.1167 0.5878
-1.9531 -6.6649 0.8039 -0.8952 -0.7644 0.5452
-1.3785 -9.8827 -1.7244 -1.0422 -0.5215 -0.4306
-1.6083 -11.3 -1.8393 -0.0749 -0.4949 -0.0758
-1.4168 -12.5642 0.2292 0.0977 0.4074 0.0531
7.7004 -13.7134 3.6769 -0.027 -0.6547 -0.4723
-1.8381 -6.933 -0.8434 -0.3061 0.043 0.8039
1.7627 -5.5923 0.574 -0.3167 -0.2978 0.0497
0.498 -10.8026 -5.4396 0.2244 -0.8954 0.3618
-4.1372 -11.9902 -5.3247 -0.2518 0.7717 -0.0057
8.6197 -9.8444 1.9914 1.7243 -0.6526 -0.9632
-2.068 -11.6831 8.5802 1.5145 -1.0126 0.9628
0.4603 -7.6608 2.6426 0.218 -2.2292 0.4451
-0.7661 -8.7724 5.0949 0.6101 -2.7937 0.3237
-1.3785 -8.5802 5.0176 0.9137 -2.9163 0.509
0.2682 -7.2401 7.7764 1.2364 -2.4369 0.2851
0.3071 -8.6185 4.0983 0.2606 -2.2686 0.4939
2.9119 -6.4733 3.4471 0.7379 -1.7125 0.5067
0.2682 -7.7764 3.6009 1.001 -0.8347 0.4417
4.5975 -7.6608 5.2475 0.8135 -0.7154 0.1978
3.295 -7.6225 5.439 0.8561 -0.7101 0.5912
2.9119 -7.8524 5.5923 0.3033 -0.4022 0.5625
1.916 -8.1971 6.933 0.1733 -0.5162 0.3654
0.8051 -7.0862 6.0136 -0.5457 -0.2744 0.5859
1.2264 -7.2012 5.4773 -0.0557 -0.4683 0.0916
0.6129 -7.6231 4.6735 -0.1303 -0.4225 0.0072
2.1452 -8.4276 4.9033 0.0891 -0.4235 -0.0471
1.7621 -7.2401 4.865 -0.0952 -0.3394 -0.2421
3.4866 -7.929 5.0176 0.3203 -0.2872 -0.0983
3.6775 -7.3933 4.8267 0.3459 -0.3426 -0.2027
4.865 -7.6231 5.9759 0.74 -0.2925 -0.0352
4.6352 -9.3087 6.0142 0.3374 -0.1807 -0.1141
4.7884 -7.1251 5.6312 -0.5127 -0.0731 0.3057
3.984 -6.7421 5.4396 -0.5436 -0.0816 0.5571
3.2567 -8.3504 4.8261 -0.8014 0.1783 0.7637
2.797 -9.3847 4.0983 -0.9569 0.2273 0.6497
1.9926 -9.2314 3.064 -0.8302 0.1229 0.5868
1.3414 -9.6145 2.4128 -0.9953 0.0771 0.4899
0.6518 -9.4996 1.1869 -0.876 0.0388 0.5154
0.2304 -10.1125 0.6123 -0.6022 0.0921 0.3716
0.3071 -9.7294 0.3442 -0.6821 0.0494 0.362
-0.2298 -9.8833 -0.8428 -0.6587 0.0036 0.3345
-0.8422 -9.6145 -1.4563 -0.6043 -0.0209 0.2205
-0.8422 -9.8061 -1.9543 -0.5468 -0.0358 0.2013
-1.2252 -9.5379 -2.299 -0.6768 -0.0454 0.228
-1.5323 -8.9639 -3.4477 -0.6352 -0.0326 0.2163
-1.7621 -8.8107 -4.2138 -0.2144 -0.1125 0.1587
-1.3024 -8.8107 -3.486 -0.4935 -0.1338 0.3207
-2.0686 -9.6534 -3.9073 -0.2102 -0.1072 0.1896
-2.1452 -8.8107 -4.2138 -0.1122 -0.0475 0.1108
-2.4894 -8.7718 -3.9079 -0.027 -0.0752 0.0927
-2.3361 -8.6568 -4.3676 -0.1239 0.042 0.053
-2.1835 -8.5808 -4.2904 0.0178 0.0271 -0.0727
-2.2218 -8.6191 -4.4819 -0.0227 -0.0262 -0.0056
-2.4128 -8.5419 -4.4442 -0.0312 -0.0315 -0.0077
-2.4894 -8.6185 -4.4059 -0.0312 -0.0305 -0.0109
-2.4894 -8.5802 -4.4442 -0.011 -0.0049 0.0061
-2.5277 -8.5802 -4.3676 -0.0035 0.0047 0.0007
-2.4128 -8.5419 -4.4825 -0.0014 0.0068 -0.0195
-2.4128 -8.5419 -4.4059 -0.0078 -0.0006 -0.0216
-2.4511 -8.4653 -4.4059 -0.0334 0.0047 0.0082
-2.4134 -8.6191 -4.4053 -0.0366 0.0143 0.0031
-2.566 -8.4653 -4.4825 -0.028 0.0015 0.0031
-2.566 -8.4653 -4.5209 -0.0302 0.0058 -0.0065
-2.4894 -8.5036 -4.5975 -0.0216 0.0058 -0.0044
-2.49 -8.5425 -4.6735 -0.0153 0.0026 -0.0108
-2.566 -8.4653 -4.5975 -0.0174 0.0015 -0.0054
