-0.3442 -9.1548 2.2595 0.5405 -0.4077 -0.08
-0.8805 -9.2698 2.1829 0.337 0.1207 -0.4667
-0.574 -8.8101 2.8724 0.7759 0.2006 -0.1908
-0.7655 -9.6528 3.0257 0.0292 0.0876 0.1288
0.2304 -9.6911 2.4511 0.1197 -0.1616 0.2673
-3.5237 -13.5985 6.0903 0.646 0.3934 0.9107
-1.6849 -9.3847 2.6809 -2.0449 -0.1307 0.8734
-2.6426 -5.7838 3.3321 -1.6688 -0.2372 0.4697
-3.6775 -7.6614 -0.1915 -0.1444 0.3657 0.3301
-2.8341 -6.933 -0.3071 0.3658 0.0301 0.1085
-4.5969 -8.9256 -0.996 0.2167 0.2016 -0.4912
-5.5162 -8.849 0.8811 0.7834 0.2389 -0.5008
-3.0263 -9.9216 3.8307 1.5685 -0.0093 -0.0342
-2.988 -7.5848 3.1412 1.2201 -0.0189 0.1213
-1.3408 -6.4356 3.869 1.2691 -0.6495 -0.1514
-2.7192 -9.2314 4.2898 -0.1935 -0.1542 0.4111
-2.1452 -12.9861 6.8953 1.2211 -0.4621 0.2449
-3.4093 -8.8873 5.6312 -2.2591 -0.1531 0.9352
-3.1406 -3.7535 6.6266 -1.5997 -0.7614 0.5432
-4.6352 -2.4517 -1.2258 -1.4857 0.9462 0.3823
-3.6769 -5.8604 -1.8777 0.9282 0.028 -0.3463
-4.6729 -14.4029 -1.0732 -0.7847 0.4456 -0.7639
-5.0943 -9.3464 2.7575 0.9495 0.0035 -0.4028
-2.8724 -9.3847 2.7192 1.2776 -0.0764 -0.1386
-2.5277 -8.2738 2.6809 1.5812 -0.1968 0.1277
-1.57 -6.5882 4.5963 1.3693 -0.8391 0.0808
-1.6849 -9.0016 3.9834 -0.1369 -0.3682 0.2875
-2.3361 -12.9089 6.0903 0.1262 -0.3597 0.1309
-2.3361 -8.2355 4.443 -2.2057 -0.2127 0.6646
-1.7615 -7.2395 4.8644 -1.2352 -1.0681 0.116
-3.4471 -6.5882 1.6466 -1.8265 -0.5451 0.7765
-3.6386 -6.5499 0.7272 -1.4963 -0.2532 -0.0065
-1.2252 -8.0056 -2.1075 -0.562 -1.0298 -0.3314
-2.4517 -9.5385 -2.1069 -0.2382 -0.8327 -0.2174
-4.0606 -7.5082 3.7541 0.7749 -0.9329 -0.5093
-2.4511 -9.5379 6.0519 1.4332 -1.7414 0.4462
-0.8811 -6.7038 2.9113 -0.0465 -1.1768 0.4004
-1.6849 -9.2314 3.6003 -0.3874 -0.935 0.6848
-3.2938 -11.2617 3.7152 -0.7304 -0.5824 0.704
0.1538 -11.415 3.8684 -0.8923 -0.3747 -0.2568
-1.57 -11.0319 5.3624 -1.4526 -1.7191 0.3951
-2.068 -8.5036 3.4087 -2.1365 -2.3263 0.1916
-4.4813 -6.9713 0.9571 -0.7197 -2.1079 0.2971
-3.2178 -5.9759 -1.9537 -0.1211 -1.1374 -0.9077
-0.9577 -13.216 -1.6472 -0.2649 -1.1534 0.2193
-5.056 -12.296 2.3744 1.774 0.0322 0.4345
0.7667 -5.7072 5.4013 1.8326 -1.702 -0.5519
-3.869 -7.2784 5.7844 0.3604 -1.2706 0.4462
-1.1103 -10.5339 2.8341 0.2507 -1.2493 0.4334
-1.57 -10.0359 5.056 0.0845 -0.5324 0.5176
-1.9531 -11.6065 6.5116 -0.5225 -0.5535 0.9117
-4.7878 -9.5762 3.4471 -2.5849 0.7621 0.28
-1.9914 -7.431 2.5277 -1.9116 -0.9978 0.5186
-4.06 -5.7455 -1.303 -0.1593 -0.2712 0.166
-2.7964 -5.861 -1.494 0.7121 -0.5163 -0.3677
-5.2858 -12.1428 1.1486 0.1336 0.4957 -0.4422
-5.4779 -9.1554 0.5746 0.9442 -0.1094 -0.3932
-3.6386 -8.2355 2.1063 1.4662 0.0152 0.1458
-1.0726 -6.2058 3.2178 1.8806 -0.9126 -0.1802
-1.7232 -7.4693 4.7112 0.8793 -0.9286 0.0297
-1.5706 -10.3813 4.0989 -0.3447 -0.1967 0.3876
-3.371 -11.5305 8.849 0.0016 0.1623 0.426
-2.9874 -8.5419 3.064 -2.8597 0.2454 1.0076
-3.562 -4.5197 4.2898 -1.8403 -0.2947 0.3578
-4.1366 -3.064 -3.793 -0.4107 0.1112 0.0063
-3.6386 -5.937 -0.9966 0.6204 0.0557 -0.0459
-5.2858 -16.7014 -1.1498 -0.791 0.5031 -0.6766
-5.6306 -7.9673 0.2676 0.8271 0.1527 -0.585
-3.6769 -8.0439 3.4087 1.5003 -0.103 0.0649
-2.068 -7.5842 3.1789 1.3384 -0.2543 -0.2984
-1.6466 -8.2738 4.5197 1.136 -0.773 -0.1162
-1.4168 -8.8484 3.945 -0.4086 -0.1871 0.2438
-3.1406 -10.802 7.1245 0.9752 0.0185 0.2843
-2.9491 -8.2738 5.5156 -1.5719 0.3743 0.2598
-4.1372 -7.6231 3.8307 -1.4163 0.2762 -0.1322
-4.2515 -7.0862 -0.1155 -0.8272 0.7556 0.0798
-4.3281 -7.1245 0.2292 0.3456 0.4286 -0.4795
-2.6049 -8.6957 0.2298 -0.7495 0.2304 -0.3463
-5.1332 -14.5184 -1.3791 -0.2616 1.5269 -0.0768
-1.2641 -6.1675 1.3024 0.6801 -0.5717 -0.3953
-3.8301 -10.2657 1.1486 0.3371 0.1484 0.0265
-2.1446 -8.6185 1.3018 -0.3724 -0.1872 -0.1642
-3.1412 -9.3853 1.0726 0.205 -0.1946 0.0009
-2.7964 -8.849 1.1492 -0.2137 -0.1083 -0.1865
-2.9491 -9.2314 1.6466 0.0686 -0.1904 -0.0353
-2.6809 -8.925 0.9954 0.0058 -0.0369 -0.1088
-2.7192 -9.1548 1.2252 0.0132 0.0216 -0.0225
-2.4894 -9.1548 1.1486 0.0186 0.0579 -0.0076
-2.6043 -9.2698 0.9954 -0.007 0.0504 0.0052
-2.6432 -9.347 0.8811 0.0207 0.027 0.0063
-2.566 -9.2314 0.8422 -0.023 0.0206 0.0404
-2.6043 -9.2314 0.8805 -0.0315 0.0152 0.0201
-2.4511 -9.1548 0.7655 0.0122 0.0355 0.0233
-2.4894 -9.1931 0.8039 -0.0017 0.0142 -0.0033
-2.566 -9.2314 0.8422 -0.0038 0.0206 -0.0055
-2.5277 -9.1548 0.8422 -0.0081 0.0387 -0.0182
-2.6043 -9.1931 1.0337 -0.023 -0.0242 -0.0214
-2.5283 -9.2703 0.8045 0.0047 -0.0103 -0.015
-2.6049 -9.1937 0.9194 -0.0006 -0.0242 -0.0097
-2.5666 -9.232 0.8428 -0.0145 -0.0114 -0.0023
-2.4894 -9.1931 0.9188 0.0047 -0.0146 -0.0012
-2.5277 -9.2698 0.8805 -0.0017 -0.0029 0.0073
-2.5283 -9.2703 0.9194 0.0196 -0.022 -0.0129
-2.566 -9.2314 0.9571 0.0036 -0.0082 -0.0033
-2.566 -9.2698 0.9571 0.0154 -0.0018 0.0095
-2.5277 -9.1548 0.9188 0.0079 -0.0007 0.0063
-2.5277 -9.2314 0.9954 0.0112 0.0004 0.0052
-2.4894 -9.2314 1.072 0.0176 0.0078 0.0031
-2.566 -9.1165 1.1486 -0.0144 0.0089 -0.0023
-2.566 -9.1165 1.072 0.0122 0.0046 0.0084
-2.566 -9.1931 1.072 0.0005 0.0249 -0.0044
-2.4894 -9.2698 1.072 -0.0229 0.011 -0.0076
-2.6043 -9.1931 1.072 0.0026 0.0089 -0.0033
-2.6809 -9.1548 1.0337 -0.0165 0.0174 -0.0033
-2.6049 -9.3087 0.9577 0.0005 0.0142 0.0041
-2.6426 -9.1548 0.9954 -0.0176 -0.0039 -0.0065
-2.6043 -9.1548 0.9954 0.009 -0.0017 -0.0065
-2.566 -9.1165 1.072 0.0026 0.0089 0.0052
-2.6432 -9.1554 0.9577 0.0112 -0.0007 0.0031
-2.6815 -9.1554 0.9577 -0.0037 -0.0017 0.0116
-2.566 -9.2698 0.9571 -0.0016 0.0057 0.0201
-2.6049 -9.0788 0.996 -0.0048 0.0025 0.0073
-2.5277 -9.2314 1.072 0.0112 0.0142 0.0126
-2.7198 -9.1937 0.9577 0.0016 -0.0092 -0.0151
-2.7581 -9.1554 1.0343 -0.0219 0.0121 0.0009
-2.6809 -9.2314 0.9954 0.0005 -0.0017 -0.0044
-2.566 -9.1548 0.9571 -0.0283 -0.0093 -0.0055
-2.6043 -9.2314 0.9954 0.0026 0.0078 0.002
-2.6043 -9.1548 0.9571 -0.0113 0.0025 -0.0001
-2.6426 -9.1548 0.9954 -0.0038 0.0057 0.0041
-2.6043 -9.1931 0.9188 0.0047 -0.0018 -0.0055
-2.566 -9.1548 0.9571 -0.0155 -0.0061 0.0116
-2.6432 -9.232 1.0726 -0.007 -0.0018 0.002
-2.6426 -9.1931 0.9571 -0.0027 0.0089 0.0041
-2.6043 -9.2314 1.1103 -0.0017 -0.0071 -0.0001
-2.6432 -9.1554 0.996 -0.0006 0.0131 0.0084
-2.6815 -9.1171 1.0343 0.0016 0.0068 0.0009
-2.6426 -9.2314 0.9954 0.0091 0.0121 -0.0023
-2.6432 -9.1937 1.0343 0.0037 0.0036 0.0148
-2.6043 -9.1548 0.9571 0.0112 0.0089 -0.0033
-2.6815 -9.2703 1.1875 -0.0293 -0.0209 0.002
-2.6043 -9.2698 0.9954 0.0037 -0.0156 0.0169
-2.6043 -9.1931 1.1103 -0.0368 -0.0178 -0.0001
-2.6815 -9.232 1.0726 -0.0187 -0.0284 0.0031
-2.7192 -9.1931 0.9954 -0.0187 -0.0135 0.0041
-2.7192 -9.0782 0.9954 -0.0091 -0.0092 -0.0023
