0.3454 -9.6911 1.8381 0.0025 -0.0427 0.0134
0.1921 -9.6528 1.8765 0.0366 -0.0235 -0.0207
0.1532 -9.6534 1.9537 0.0142 -0.0299 -0.0058
0.1155 -9.6911 1.9148 0.0025 -0.0363 0.0059
0.3071 -9.5762 1.9531 0.011 0.001 -0.0175
0.1921 -9.5762 1.9531 -0.021 -0.0128 0.0018
0.3454 -9.6911 1.9531 0.0046 -0.0352 0.0039
0.3065 -9.5768 1.992 -0.0028 0.0042 0.0007
0.3448 -9.5768 1.9537 -0.005 0.0244 -0.01
0.422 -9.5762 1.9914 -0.0039 0.0127 -0.0132
0.498 -9.6151 1.9537 0.0163 -0.0373 -0.0001
0.3448 -9.73 1.8387 0.0494 -0.0331 0.001
0.2682 -9.6917 2.0686 -0.0284 -0.0501 0.0265
0.1915 -9.73 1.8387 -0.0273 -0.0714 0.066
0.3065 -9.5385 1.8771 -0.0348 -0.016 0.0361
0.1915 -9.6534 1.9154 0.0057 -0.0118 0.0104
0.1915 -9.5768 1.9537 0.0099 0.0319 -0.0269
0.2682 -9.6917 1.8004 -0.0167 0.0628 -0.0109
0.0766 -9.6534 1.8387 -0.0369 0.0724 -0.0109
0.1532 -9.6917 1.8771 -0.0465 0.1533 -0.0258
0.4986 -9.5762 1.9148 -0.0615 0.0692 -0.008
0.1155 -9.3464 1.57 -0.0519 0.1331 -0.0197
0.3448 -9.8833 2.1069 -0.0093 -0.1045 0.0133
0.1915 -9.845 1.4557 0.2485 0.1331 -0.0176
0.498 -9.73 1.8771 0.3785 0.393 -0.0794
-0.1909 -9.7677 1.9148 0.2145 -0.0182 0.0389
0.3837 -9.1931 2.1446 -0.0859 -0.26 0.1689
-0.2676 -8.3504 2.9491 0.0312 0.0308 -0.27
0.5752 -10.917 2.5277 -0.3086 2.3755 -0.1944
0.0006 -9.3847 1.1486 -1.9193 -1.9399 0.0858
0.2687 -9.0782 2.6426 -0.1232 -0.4539 0.3629
0.1915 -9.347 0.5363 -0.8476 0.3845 -0.0025
-0.5746 -10.8793 -3.0263 -1.3387 0.6572 0.1775
-0.3059 -11.5682 -2.7587 0.2272 1.2399 0.1701
0.5752 -10.419 0.574 1.9445 -0.3836 -1.4822
1.7244 -7.3544 0.2292 1.0315 -0.3037 -0.8572
2.2224 -8.2355 1.0337 0.1388 -1.5181 -0.1051
3.4482 -9.7677 1.1103 0.027 -0.4635 -0.4492
3.4482 -9.0399 0.9188 0.1026 1.1249 0.1899
3.1418 -8.8867 1.9531 0.0259 -0.7575 0.5479
0.8428 -10.4196 0.8045 -0.2181 0.5848 0.8228
2.1835 -10.8793 0.3065 -0.7731 -1.5724 -0.5013
4.0223 -9.5002 0.996 -0.3075 -1.0994 -0.1796
1.7621 -8.3893 0.0766 0.0035 -0.5604 0.0462
2.7587 -9.423 0.8422 -0.2777 -0.064 0.5725
1.6478 -11.2234 0.8422 -0.2553 0.9342 0.4617
0.6135 -9.1548 0.0377 0.827 0.0905 0.3243
2.2984 -9.8833 0.4597 0.2922 -0.2877 0.5736
-0.3825 -12.6025 -1.3414 0.7002 -0.1385 0.7579
5.9765 -7.7375 0.2676 0.7929 -0.8001 0.532
10.4585 -3.8301 7.8524 -0.7059 -1.1676 -2.884
4.865 -9.347 10.726 1.6451 1.6671 -5.8913
5.7078 -7.9679 8.1977 3.4092 3.3928 -3.8385
3.9079 -0.3442 8.7718 1.7357 3.5473 -2.2342
3.5249 0.4986 9.3464 0.2826 3.2437 -0.7706
1.3414 2.6821 9.3081 0.0994 0.539 -0.3724
0.4603 3.3333 8.3121 -0.8039 -0.2259 1.0881
-0.0377 4.3293 8.5036 0.1101 0.5209 0.4596
-1.0337 4.4059 9.1931 0.0856 -0.3005 0.059
-1.6849 3.9846 9.1548 0.3465 0.132 0.1901
-1.3785 4.2144 8.5419 0.3274 -0.1609 0.0791
-1.3408 4.5586 8.2744 -0.021 -0.1055 0.0301
-0.8805 4.7124 8.3887 -0.1339 0.0138 -0.0381
-1.2252 4.5592 8.5802 0.0397 -0.1258 -0.0072
-1.2635 4.5592 8.3887 0.0035 -0.0352 -0.0072
-1.2252 4.6358 8.6568 0.0322 0.1725 -0.0672
-1.2641 4.5969 8.6191 0.0205 -0.0363 -0.0501
-1.3408 4.4819 8.351 -0.0445 -0.0384 -0.015
-1.3024 4.5969 8.3127 -0.0253 -0.1481 -0.0001
-1.3408 4.367 8.4659 0.0706 -0.3271 0.0756
-1.1109 4.7118 8.6574 -0.0039 -0.1705 0.1207
-0.5363 4.7501 8.4659 0.2325 -0.3484 0.207
0.2687 4.9805 8.5419 0.1122 -0.0405 0.1015
0.4214 5.1332 8.1977 -0.1009 0.1107 -0.1776
-0.5357 5.0188 8.5802 -0.1083 0.132 -0.2436
-0.8805 4.6358 8.427 -0.1872 0.1789 -0.1328
-1.1869 4.7507 8.3887 0.0376 -0.2824 -0.1999
-0.4597 4.5203 8.5425 -0.5003 0.0628 -0.1104
-0.0377 6.0914 11.6448 -0.4055 -0.3814 -0.8316
3.9073 5.4779 17.0467 3.0012 -1.4499 -1.9618
3.1035 2.8736 11.0702 5.447 -4.1418 -4.0231
-1.4551 2.299 3.1406 4.4691 -4.9163 -5.6989
-8.1971 2.9497 0.9188 1.0624 -2.0603 -3.5801
-8.8101 2.797 0.9188 0.4637 0.0255 -1.5241
-9.7677 3.0269 -0.1155 0.3305 0.0223 -0.6943
-8.9633 3.8313 -0.1921 -0.0593 0.0362 -0.1436
-9.2314 3.7164 -0.4986 -0.1445 0.0511 -0.0218
-9.423 3.5632 0.3059 0.0078 -0.0512 -0.0122
-9.0782 4.0229 -0.1921 0.0216 -0.0949 0.0102
-8.9633 3.8696 -0.1155 0.0131 -0.0757 -0.0282
-8.925 4.0229 -0.1921 -0.0849 0.1757 0.0347
-9.1165 3.8696 -0.0772 -0.0785 0.0489 -0.0113
-9.2314 3.9846 -0.0006 -0.0434 -0.0086 -0.0092
-9.1165 4.0229 -0.1538 -0.0263 0.0223 -0.007
-8.8873 4.0606 -0.1532 0.061 -0.0682 -0.006
-9.4619 3.1795 -0.8428 -0.1264 0.6114 0.5405
-12.1434 -0.0766 -2.0686 -3.7494 2.4 4.3523
-7.2018 -1.1109 2.3367 -6.3209 5.2272 6.1761
0.3448 4.5203 10.1514 -4.4205 2.3968 2.3028
0.9577 5.0566 14.5951 -1.2268 -0.6957 0.3714
0.1532 4.7884 12.3732 -0.3235 0.4995 0.3597
-0.7278 4.4819 9.6534 0.1633 0.4335 0.5073
-0.996 4.3287 7.853 -0.0604 0.0223 0.3486
-0.1909 4.6358 8.6951 -0.3384 -0.0384 0.1781
0.6518 4.5975 9.3847 -0.1882 -0.0384 -0.1105
0.422 4.5592 8.8867 0.2102 -0.0565 0.0535
0.7284 4.4825 8.1971 0.0302 -0.0128 -0.1369
-0.2292 4.4059 8.6951 -0.3768 0.0117 -0.0975
-0.1909 3.9846 9.1165 -0.25 0.1501 -0.1998
-0.6123 4.3676 9.1548 0.3146 -0.3942 -0.3532
-0.8039 4.8273 9.1548 0.0994 -0.0672 -0.0964
0.8051 5.3253 5.5156 0.3594 -0.1258 0.3502
2.299 2.7204 5.8604 -1.4537 -1.8536 0.983
4.7124 0.3454 4.9027 0.696 -4.0182 0.542
6.8959 -4.4047 3.3704 0.2347 -5.2752 3.3394
13.4464 -5.8604 7.2395 -0.1999 -1.5159 5.4369
16.8558 -5.056 5.439 0.3561 3.4674 4.8366
11.148 -3.562 4.9793 -0.8636 4.7798 2.6827
6.1298 -7.5076 1.7998 -0.7198 3.6985 1.953
-0.5363 -11.0708 0.0383 0.6565 0.295 0.942
-0.4597 -7.3167 5.6312 1.725 1.3912 0.3487
-3.5237 -2.2978 2.6809 0.6821 -1.6214 -1.1564
0.0772 -4.7495 3.4854 -1.8831 -1.9889 -0.464
2.2224 -7.0096 3.7918 0.0238 -0.6776 -0.9998
4.3293 -6.7032 1.57 -1.0873 0.5869 -0.1082
-0.2292 -5.2858 4.4047 -0.8881 1.0695 -0.514
-1.57 -8.5419 2.4128 -2.388 -0.3963 -0.7071
2.6821 -9.5762 2.1829 -1.6338 -1.077 0.1014
-0.1143 -2.566 -2.6055 -0.2287 -1.4786 0.0918
7.6237 -17.4675 9.4613 2.3567 -3.5442 0.3762
-0.8428 -8.6191 0.1532 -0.1392 0.4495 0.1451
0.5746 -10.0748 1.0343 -0.0423 0.1512 -0.1063
0.7661 -9.5385 1.1109 -0.0668 0.0979 -0.0346
0.6512 -9.7683 1.2258 0.0067 -0.0118 -0.042
0.6135 -9.7677 1.1869 -0.0348 0.0191 -0.0399
0.6518 -9.6911 1.3018 -0.0103 0.1118 -0.0921
0.8434 -9.7294 1.1486 0.0153 0.0031 -0.0367
0.9577 -9.7683 1.1109 0.0078 -0.0086 -0.0327
0.8051 -9.7677 1.1869 0.0078 -0.1013 0.0163
0.8051 -9.7677 1.3018 0.0131 -0.0544 0.0142
0.6135 -9.6145 1.1869 0.0227 0.0468 -0.0007
0.4603 -9.8444 1.072 -0.0082 0.0564 -0.0199
0.92 -9.7677 1.1103 0.0046 0.0607 -0.0154
0.7284 -9.8061 1.3018 0.0174 0.0266 -0.0133
0.8817 -9.6145 1.1869 -0.0178 0.0021 0.0144
0.9583 -9.7294 1.3018 0.0078 -0.0096 -0.0037
0.7278 -9.7683 1.2258 -0.0061 -0.0011 0.0027
