-1.3785 -8.6185 2.2212 0.1335 -0.0635 -0.2306
-1.9531 -9.5379 2.8724 -0.1456 -0.2297 0.1859
-1.0343 -9.1171 3.1412 -0.2926 -0.3884 0.0495
-1.3791 -9.0788 3.3327 0.3221 -0.5418 -0.123
-1.1492 -9.1171 3.4477 0.4648 1.0273 -0.825
0.3071 -9.8061 1.1869 -0.4034 -0.6057 -0.041
-2.2601 -11.7986 7.355 0.3114 0.0579 0.5342
0.6895 -13.714 -5.6312 -2.2292 0.7887 -0.1987
1.8387 -10.6877 2.2984 -2.014 2.1991 -1.2575
-1.0337 -10.4573 -3.1035 -0.2467 5.1116 -2.6967
-1.9914 -6.933 -0.0389 -0.8678 -0.7389 -2.211
-0.9571 -2.2595 -0.3837 -0.2499 -0.9349 -0.433
10.5728 -11.8369 -4.4436 1.2063 1.6985 1.3023
-2.2595 -11.415 0.2676 0.9698 0.3424 1.4908
-1.0337 -9.6145 2.1829 0.4425 -0.48 0.8538
1.992 -8.5425 1.7238 -0.153 -0.7314 0.9358
2.6815 -8.8107 -0.2298 0.6736 -0.8262 -0.1337
-1.8381 -10.917 3.6003 -0.0103 -0.0731 0.53
1.9154 -14.6334 -0.6129 -0.0593 -1.3333 0.4937
2.6821 -12.4493 -0.5369 -2.0641 0.3253 -1.183
-2.0686 -9.6534 3.869 -0.8486 4.0015 -1.9489
-1.5317 -7.5459 1.6849 -0.6324 -0.5269 -2.3793
-1.4174 -2.873 0.498 -0.1562 -0.8678 -0.6429
7.2018 -5.4396 -6.3207 1.4182 2.9991 0.6397
0.3454 -8.8484 -0.0006 0.9676 0.7429 1.739
-0.2292 -9.921 1.4551 0.2646 -0.1754 1.0935
1.0732 -9.5379 2.3361 -0.0326 -0.8593 0.8687
3.8696 -7.3927 0.6506 0.5213 -1.0702 1.0168
-0.4208 -9.2314 1.7615 -0.3757 -0.023 -0.0538
-1.8765 -14.2497 3.8301 0.0387 -0.0475 1.1532
2.3756 -12.8323 -2.6055 -0.5238 -1.8116 0.5928
2.0692 -9.9593 1.072 -1.9246 1.186 -1.1329
-1.0337 -8.427 -1.0732 -0.8198 1.1765 -1.298
-1.9531 -7.0096 2.9874 0.2774 0.4713 -1.6166
-0.2682 -5.5929 0.3448 0.825 -1.133 0.0964
4.3293 -9.6145 -1.418 0.3382 -2.9801 0.7025
-4.2132 -17.0078 -4.0229 -0.4842 1.2202 0.4117
-2.7575 -7.1245 2.3361 0.0186 -1.0989 0.8261
1.1492 -10.0748 1.992 -0.0827 -2.2569 0.8836
-0.8811 -8.0062 3.1029 0.7013 0.3648 0.8485
0.3837 -8.6951 0.7655 0.4297 -2.0949 1.2128
-1.9531 -13.0239 0.9571 0.1378 -0.1189 0.4149
6.7427 -10.2657 1.1486 -2.8353 -0.8539 -1.6304
-4.558 -12.3343 6.1286 -2.0662 1.4811 -1.0168
-2.2601 -7.8147 5.6695 0.8878 -3.2316 -1.1052
-3.0263 -8.1594 2.1835 0.2848 -2.8651 -0.6195
-2.7964 -7.2784 0.4214 0.8366 -1.5346 0.8591
10.9176 -10.2663 0.1149 0.3221 -1.0094 -0.3254
-5.7078 -17.6213 -0.2682 -1.2896 0.8697 0.0069
-4.7501 -7.2401 4.865 -0.35 -0.8848 0.7739
0.4986 -8.5036 0.1526 0.6598 -1.8393 0.123
0.4603 -9.5379 0.6889 1.4247 -1.0595 0.2327
-0.9954 -8.0822 1.6849 -0.3799 0.319 0.22
-3.1023 -13.3686 3.4854 0.5021 -0.1583 1.249
6.0914 -15.8969 -4.6741 -1.0776 -0.807 0.2519
0.1921 -12.6408 1.3018 -2.4667 0.9858 -1.7902
-3.4093 -9.347 4.4053 -0.0454 -0.1839 -1.4674
0.5746 -9.1937 1.4174 -0.6068 -0.8518 -2.032
0.0383 -5.363 0.8811 -0.6494 -1.3834 -1.6378
-1.9914 -8.2738 1.1103 0.9783 -0.088 1.9329
0.92 -12.3726 1.9914 1.0294 -0.1263 0.6035
-0.3831 -8.8107 1.4174 0.0015 -0.3735 1.069
3.5249 -8.734 0.8039 0.4351 -1.7956 1.0541
0.6135 -9.0016 0.076 0.7078 -1.1159 0.3276
-2.7575 -11.4916 2.4894 0.0057 -0.2211 0.7185
2.1069 -13.9055 -3.1412 -1.1085 -0.9295 -0.106
-1.4934 -9.7294 4.4047 -1.7924 3.4359 -1.4908
2.1841 -11.3 -1.4946 -0.8742 3.2197 -2.0427
-1.2635 -7.6225 0.6889 -0.5535 -0.3106 -2.0597
0.5752 -5.439 -0.7667 -0.3362 -0.4928 -1.395
-0.0377 -2.9491 -1.4563 0.4308 -0.5237 0.7345
-0.076 -10.4956 0.9571 0.5235 -0.3138 1.5015
0.4986 -9.4996 2.2212 0.6534 -0.1508 0.7846
1.303 -9.4613 2.7575 0.598 -0.5066 0.4011
3.1801 -8.7718 0.5357 0.1208 0.0015 0.7824
0.3837 -8.8484 0.2292 0.1783 -1.0148 0.5001
0.5746 -8.9256 -0.1532 0.1868 0.5437 0.2381
0.6895 -9.3087 1.0726 -0.4385 -0.7357 0.4597
-0.4597 -11.9135 4.6735 0.4372 1.2905 0.187
1.1498 -10.6105 -4.1378 -1.5932 0.3647 -0.0368
-3.6769 -5.8604 2.4894 -1.458 2.2844 0.0581
-2.9491 -7.2778 0.3825 0.3626 -1.6198 0.0176
0.4986 -7.929 0.9571 0.5853 0.0676 -0.0357
0.6901 -9.0782 -0.4986 0.5288 0.0516 -0.0048
-1.5317 -9.6911 0.8805 0.3498 -1.1319 0.4149
-2.8347 -10.6877 0.4597 0.2401 0.8708 0.1422
-0.3059 -9.5379 1.072 -0.0219 -0.8475 0.2839
-1.9531 -9.1931 2.3361 -0.0646 0.6417 0.1017
-0.8811 -9.5002 1.2258 0.1038 -0.2616 0.0335
-1.7621 -9.4236 1.2258 -0.007 -0.0794 -0.0229
-1.8771 -9.0788 1.7621 -0.0187 -0.1636 0.0804
-1.7232 -9.1931 1.6466 0.0888 0.1123 0.041
-1.2635 -9.4996 1.4934 0.0409 -0.0048 0.0197
-1.4168 -9.3081 1.4934 -0.0134 0.0985 -0.0719
-1.4168 -9.3464 1.6083 -0.024 0.0282 -0.0378
-1.2635 -9.3081 1.57 0.0026 0.0122 0.009
-1.3785 -9.4613 1.57 0.0143 -0.0325 -0.0059
-1.2635 -9.3464 1.5317 -0.0145 -0.0465 0.0048
-1.4174 -9.3087 1.494 0.0142 0.0164 -0.0059
-1.2635 -9.3464 1.5317 0.0046 -0.023 0.0101
-1.4168 -9.2698 1.6083 -0.022 -0.071 0.0101
-1.4174 -9.3087 1.494 -0.0305 0.0175 -0.0123
-1.4168 -9.423 1.57 -0.0912 0.0537 -0.0314
-1.4557 -9.347 1.7238 0.0302 -0.0539 -0.0325
-1.4174 -9.2703 1.4557 -0.0231 0.0835 -0.0005
-1.1492 -9.3087 1.5323 0.01 -0.022 -0.008
-1.1875 -9.3087 1.4174 -0.0103 -0.0017 -0.0101
-1.1869 -9.3081 1.4551 -0.0007 0.0047 -0.008
-1.1869 -9.3847 1.4168 -0.0017 0.0377 -0.025
-1.2258 -9.347 1.6089 -0.0081 0.0398 -0.0144
-1.1875 -9.2698 1.3791 -0.0017 -0.0028 -0.0091
-1.1492 -9.4236 1.4174 0.0036 0.0335 -0.0229
-1.1486 -9.1931 1.4168 -0.0039 -0.0592 0.0016
-1.2252 -9.3847 1.57 -0.0209 -0.0891 0.0485
-1.1492 -9.5385 2.2218 -0.5013 -1.3567 -0.0314
-1.3402 -9.2698 0.2676 0.1059 0.1453 0.0506
-0.8039 -9.2698 0.8039 -0.2681 0.8239 0.1166
-1.0337 -9.7294 1.9148 0.2795 -0.1221 -0.0336
-0.996 -9.3853 1.9154 0.3711 -0.4768 0.0613
-1.5706 -9.3853 1.2258 0.0547 0.0025 -0.0176
-1.1486 -9.2698 1.57 -0.0294 0.14 0.0154
-1.1103 -9.3847 1.9148 0.0696 -0.2734 0.0261
-1.1875 -9.5768 1.5706 0.0579 -0.4108 -0.0261
-1.0343 -9.2703 1.5706 0.0238 -0.0603 0.0186
-1.8381 -9.423 2.1829 -0.1786 -0.1881 0.0027
-0.9188 -9.0016 1.1486 0.0451 0.3115 -0.0229
-0.996 -9.1171 1.8004 -0.1125 0.1123 0.0314
-1.0726 -9.2703 1.8004 0.1975 0.058 0.058
-1.3408 -9.2703 1.8004 0.0079 -0.2456 0.0378
-1.57 -9.1165 1.6466 -0.0315 -0.0219 -0.008
-1.3402 -9.6145 1.9914 -0.4161 -0.1615 -0.0304
-1.072 -9.2698 1.3402 -0.055 0.3839 -0.0197
-1.2635 -9.5762 1.3402 0.1687 0.173 0.0495
-1.4168 -9.6528 1.7998 0.0952 0.1229 -0.0133
-1.1103 -9.2314 1.6466 0.0909 -0.1562 0.0133
-1.3018 -9.3081 1.6083 0.0206 -0.2616 -0.0005
-1.3791 -9.2703 1.3024 -0.0912 0.0696 0.0037
-1.1875 -9.2703 1.6855 -0.0251 -0.2158 0.0229
-1.4551 -9.3464 1.3402 -0.0411 0.2913 0.0122
-1.4168 -9.5379 1.4934 -0.0762 0.4735 0.0048
-1.1869 -9.4996 1.7998 0.1144 -0.2094 0.0112
-1.494 -9.5002 1.5323 0.091 -0.1774 0.008
-1.3408 -9.4236 1.3791 -0.0262 0.0218 0.008
-1.7621 -9.347 1.8771 0.1304 -0.2072 0.0016
-0.7661 -9.5385 1.5706 0.0037 0.0101 -0.0197
