-2.0686 -9.5385 -0.8811 0.2037 -0.0911 -0.0984
-1.7232 -9.7294 -0.6901 0.2197 -0.1689 -0.0494
-2.566 -9.3464 -0.5369 0.2974 -0.2051 0.1253
-1.7621 -9.2703 0.498 0.258 0.2466 -0.027
-3.1023 -9.6528 0.076 -0.0797 0.2615 -0.3423
-2.4894 -10.0359 -0.3837 -0.5548 0.3542 -0.4531
-3.9067 -9.6528 -1.0349 -0.1435 0.0175 -0.097
-4.6735 -11.7986 -0.5363 -0.3672 0.4617 -0.0214
-0.0383 -9.73 0.8811 1.0101 0.7547 -1.224
-0.076 -8.1971 1.6466 0.2282 -0.04 0.589
-0.498 -8.0062 0.2298 -0.7497 0.4852 -0.6918
0.2298 -7.0102 -0.498 -1.0352 -0.4373 0.2041
-1.4557 -10.8409 -5.5545 0.0077 -0.5279 0.1519
1.0732 -11.3383 -1.801 -0.265 0.4862 -0.2508
2.1835 -7.5082 1.7621 1.5981 -1.1394 0.4502
-5.0566 -12.9861 6.0142 -0.2512 0.2476 -0.0931
0.1915 -7.5082 1.1492 -0.8445 -0.611 0.4821
-3.7152 -9.8061 -0.8051 -1.1279 -0.4586 0.0933
-1.9148 -10.5339 -1.418 0.3859 0.0356 -0.4649
-4.1366 -11.798 -2.1841 -0.2821 -0.1305 0.2019
-1.3018 -8.8101 0.9954 1.0517 1.0615 -0.3531
2.9503 -9.9976 1.9148 -0.3342 0.0697 0.1148
-1.5317 -8.0822 -0.0006 -0.1148 1.021 -0.6501
1.1115 -7.7375 -1.3797 -1.2962 -0.7047 0.3065
-4.0217 -14.786 -4.1761 0.3731 0.3488 0.1595
0.2304 -11.1468 -0.0389 0.5606 -0.1412 -0.2304
3.7158 -9.9599 1.1109 1.3052 -0.464 -0.3438
-4.5197 -11.9896 6.0519 -0.2224 0.0601 -0.0062
-0.7661 -7.2018 1.4174 -0.4067 -0.676 0.3315
-3.064 -9.5379 -0.9583 -1.7905 -0.2871 0.1174
-3.4471 -11.7214 -4.4059 0.2623 0.0942 0.0769
-2.1446 -11.798 1.3785 0.7438 1.2671 -0.3204
5.2487 -12.1045 3.2938 -0.3865 -0.0379 -0.003
-2.6049 -8.1594 -0.5746 -0.3354 1.1062 -0.0658
1.8777 -8.0056 -1.2647 -1.4422 -0.9657 0.4093
-4.06 -14.3646 -3.9462 0.127 0.2892 0.2992
0.0006 -12.6408 -0.7284 0.4807 0.2593 -0.4816
1.6861 -5.7455 1.4168 2.3492 -0.3202 0.3344
-2.8341 -11.7597 5.937 -0.4077 -0.253 -0.0118
-1.6849 -6.8181 0.8422 -0.6485 -1.0381 0.6625
-2.4128 -10.1508 -1.6095 -1.6701 -0.7963 -0.2366
-2.9108 -11.0319 -1.8393 -0.1989 -0.6419 0.0063
-1.3024 -13.2926 0.8811 1.008 0.286 -0.5029
3.5626 -8.3127 1.494 -0.7806 -1.8147 0.9938
-1.6089 -6.7421 -0.1149 0.0013 -0.6184 -0.6275
1.1492 -8.1977 -0.8045 -1.4294 -2.5476 0.6244
-4.3287 -12.22 -4.5586 0.1515 -0.2499 0.0801
2.5666 -7.3167 3.984 2.5963 -0.6589 0.3549
-1.0343 -11.8752 5.5162 -0.0339 -2.1034 0.7981
-1.5706 -7.2784 3.6775 0.0662 -1.9213 0.2878
-2.2984 -9.1171 2.4134 0.5489 -1.6805 0.4652
-0.3825 -8.4653 4.7878 -0.0115 -2.9844 0.4705
0.2682 -12.0668 5.7461 0.5766 -2.227 0.2191
-0.1143 -7.9673 2.6043 -0.5015 -1.7082 0.168
2.7204 -4.443 3.1023 0.7086 -1.7593 0.1307
1.6478 -8.0822 5.1709 1.0399 -1.0925 0.2522
2.414 -7.2778 4.0983 1.187 -1.0882 0.5259
0.3837 -10.4956 5.3241 -0.0456 -1.4025 0.2351
2.8736 -9.5762 4.9793 -0.6336 -1.0467 0.0615
3.6015 -9.9593 2.4511 0.2112 -0.7867 0.1318
1.6855 -6.7038 4.4819 -0.6965 -0.3511 0.5608
2.2224 -5.9753 3.1406 -0.1372 -0.4459 0.6545
4.2527 -15.7054 0.0377 0.9739 0.1432 1.2724
3.1418 -9.1931 7.1245 -2.1964 0.3296 0.9528
-0.1149 -5.861 -0.1149 -0.7614 -0.1646 0.1805
0.1149 -9.9216 2.9113 -1.8213 0.0484 0.6134
0.2682 -10.6877 -0.9577 -0.4514 0.074 0.4216
-0.9194 -8.5425 -0.4597 -0.4322 -0.0634 0.0211
-0.6506 -9.7294 -2.4906 -1.2386 0.0782 0.3971
-2.0686 -8.734 -3.0263 -0.5686 0.0591 0.1319
-0.6129 -9.3853 -3.0263 -0.6634 0.0335 0.3874
-1.8771 -9.6917 -3.371 -0.5942 0.0303 0.2489
-1.4551 -9.5762 -3.9462 -0.0456 0.0037 -0.2059
-1.6472 -8.849 -2.873 -0.3534 -0.0379 0.0242
-1.992 -8.8107 -4.4819 -0.216 -0.0549 0.0657
-1.8004 -8.7724 -4.1755 -0.1511 -0.0208 0.0416
-1.7238 -8.6957 -4.6352 0.0268 0.0314 0.0565
-1.2635 -8.7718 -4.291 0.1227 -0.0347 0.0118
-2.0297 -8.5802 -4.2144 -0.0467 -0.1806 0.0736
-2.2212 -8.0439 -4.291 -0.1852 0.0111 -0.1246
-2.068 -9.1165 -4.2144 0.0024 -0.0325 -0.0052
-1.9914 -8.3504 -4.3293 0.0919 0.0175 0.0555
-2.2595 -8.8867 -4.1378 -0.0572 0.0079 -0.0372
-2.0686 -8.849 -4.2138 -0.0509 0.0037 -0.002
-2.0303 -8.6191 -4.4053 -0.021 0.0143 0.0022
-2.068 -8.6185 -4.3676 0.0077 -0.008 -0.0087
-2.0297 -8.7334 -4.4442 -0.0136 -0.0112 -0.0087
-2.1063 -8.6568 -4.2527 -0.004 0.0058 -0.0151
-2.0686 -8.7724 -4.4436 0.0045 0.0079 0.0083
-2.1452 -8.6574 -4.4053 -0.0232 0.0026 -0.0023
-2.068 -8.7334 -4.4825 -0.0115 -0.0091 0.0009
-2.1446 -8.6185 -4.4059 0.0045 -0.0048 -0.0066
-2.1452 -8.734 -4.4436 0.0003 -0.0016 -0.0023
-2.068 -8.6185 -4.4059 -0.0008 -0.0027 -0.0098
-2.1063 -8.7718 -4.4825 -0.0072 -0.0027 -0.0119
-2.1063 -8.6185 -4.4825 0.0024 -0.0048 -0.0055
