2.6815 9.5385 1.1875 -0.0905 0.211 -0.2151
2.2224 9.654 1.1486 -0.2023 0.4401 -0.4111
-0.3831 9.347 0.996 -0.2439 0.7096 -0.2396
0.5746 11.0708 0.5746 -0.3046 0.309 -0.3919
0.4597 8.1977 0.6895 -0.1938 0.488 -0.3174
-0.2298 8.0445 1.494 -0.8554 0.1418 -0.1438
0.6135 14.0977 2.5277 -0.5123 0.3815 0.5646
0.4603 13.9444 5.6306 -0.1928 -0.4313 0.5838
1.8393 7.0874 4.06 0.6903 -2.3179 -0.2982
4.4819 7.1635 2.9497 -0.2897 -0.197 0.2738
1.3024 7.0868 1.3791 -1.0482 0.2132 -0.2631
1.5323 6.6655 2.6432 0.2557 -0.508 -0.278
4.5203 15.2846 3.0646 0.1055 0.4624 -0.5464
1.1498 12.9101 4.443 0.8533 2.0284 -0.5784
-5.3624 7.2024 4.443 0.0938 1.3487 -0.2332
-0.6123 8.5048 0.9954 -0.9352 -1.9355 -0.1288
0.8817 3.5249 1.072 1.0525 1.0824 -0.2971
0.7667 14.4424 5.8604 -1.4902 0.8087 1.1239
-0.9188 12.4888 2.4128 1.0824 -0.9117 0.8352
2.2224 7.1641 5.6306 0.6946 -2.3584 -0.1785
3.2561 5.7844 3.1795 -0.0927 0.3825 0.1177
0.8811 7.6231 2.2601 -1.8173 -0.2193 -0.2168
1.2258 7.5848 2.3367 0.8192 -0.7498 -0.1231
4.367 15.3612 3.1412 0.1683 0.7852 -0.7058
-3.1023 8.6197 5.1326 0.1939 4.7203 -0.5076
-4.5963 6.5128 2.7575 -0.4527 -0.1575 -0.0932
0.5369 8.5431 -0.0389 -0.7308 -1.83 0.1998
0.4603 4.9805 1.9531 0.995 1.8196 0.1273
0.3831 16.3955 4.7501 -1.9026 1.1399 1.3321
-1.0337 11.7609 3.562 1.388 -0.5165 0.8016
1.0349 6.5511 6.0136 1.4903 -0.1117 0.5343
1.3414 5.5551 2.1446 -0.3419 -0.7861 0.2595
2.2224 7.279 -0.8051 -1.2474 2.0827 0.2914
2.4906 9.6923 1.4168 0.9566 -0.7179 0.2755
2.6055 11.4162 3.2938 1.485 0.8332 0.1423
-0.574 11.8758 2.9108 -0.2758 4.5254 -0.1235
-1.3402 9.0028 1.6083 0.8597 0.0342 0.3484
1.3408 6.8953 1.0343 0.456 1.1389 -0.001
-0.3831 8.6191 1.3408 -0.3728 1.7674 0.766
1.4563 11.7609 0.6506 0.7351 0.9834 0.5881
0.8434 10.2669 2.566 0.2461 1.7685 0.4288
1.3414 10.6117 3.1023 0.3803 0.1226 0.2136
0.996 8.849 1.1492 0.1875 0.766 -0.1603
1.6855 7.2401 1.5706 0.3409 1.0153 -0.1518
2.1452 9.5385 1.8004 0.5007 1.7834 0.1827
0.422 14.4424 2.2595 0.7127 2.3277 -0.0641
-4.6352 10.1514 2.6432 0.1577 1.3466 0.264
0.2682 7.5465 0.8428 0.0533 1.8388 -0.1366
-1.3018 7.7004 1.9914 -0.2918 1.5309 0.2917
0.8817 10.8032 1.0337 -0.3057 1.1772 0.4397
0.1155 14.3275 4.2515 0.0501 0.3026 0.8781
0.2304 6.283 3.064 0.1683 0.0757 0.2272
2.414 6.8959 4.9793 0.2578 -1.0375 -0.3331
1.8777 7.0491 0.3059 -1.4094 0.6915 -0.1051
1.6095 7.5471 2.3361 0.5848 -0.6561 0.0323
3.5249 13.7146 3.2555 0.3952 0.5892 -0.3023
1.1498 12.8335 3.9067 0.3558 2.0177 -0.4323
-4.4819 8.3127 4.9416 0.0575 1.3232 0.1845
-0.4597 8.5425 1.3791 -0.4517 -0.6444 0.1899
0.0383 4.367 1.1492 0.7563 1.3317 -0.0552
1.3797 13.7146 3.6386 -1.4732 0.0321 1.1589
0.6901 11.148 4.7495 0.8437 -0.9011 0.5005
2.375 6.5888 4.4819 -0.1086 -2.2295 -0.2239
3.6009 6.2441 2.6432 -0.2695 -0.3259 -0.1035
1.494 7.2784 2.8347 -0.8948 0.3314 -0.0886
2.8736 8.6963 2.6043 0.0788 -1.3166 -0.3383
4.4442 13.3315 1.9531 0.5997 0.4965 -0.3415
-1.1486 10.4968 4.2898 0.0224 2.9615 -1.0968
-4.6346 6.283 4.7495 -0.1246 -0.4494 0.0388
1.0349 10.3052 -0.4986 -0.5614 -0.5986 0.5224
-1.2635 5.5551 3.0257 0.7638 0.9248 -0.2148
0.92 11.646 1.6083 -0.864 -0.7743 0.5335
0.7284 11.9525 4.5197 0.377 -0.998 0.5633
1.3797 7.7004 3.7152 -0.4624 -1.4167 0.0221
3.4093 7.6614 4.6735 1.1451 -1.7789 -0.1632
2.3373 8.5814 3.6769 -0.962 -0.5144 0.281
2.0692 7.777 2.9491 0.2748 -0.9767 -0.2062
2.6055 9.3859 3.1023 0.4858 0.5019 -0.3213
2.5672 9.4625 3.5237 0.9033 0.1823 -0.154
2.0686 8.351 1.4174 -0.0064 0.2728 -0.2222
0.6512 9.1171 1.8771 -0.1534 0.1769 -0.1668
0.9583 9.9988 1.3402 0.0916 0.1216 -0.0992
1.0732 9.5391 1.8381 0.2364 -0.3088 0.0062
1.6095 9.6923 0.8039 0.2141 -0.2502 -0.0417
2.0303 9.0022 1.1875 0.0212 -0.0968 0.0094
1.7238 9.8067 0.5746 0.2162 -0.1394 -0.047
2.0692 9.4625 0.7655 0.0862 -0.1916 -0.043
1.9537 9.4619 0.6129 0.1096 -0.1746 -0.0452
2.3367 9.8067 0.3448 0.0468 -0.0947 0.0188
2.1075 9.8072 0.4591 -0.0193 -0.0958 0.0049
2.1452 9.5768 0.4214 0.1107 0.0363 -0.0057
2.0686 9.6917 0.498 -0.0319 -0.0148 0.0124
2.0686 9.3853 0.1532 0.1087 -0.1043 -0.0451
2.2601 9.5002 0.4214 -0.0458 0.0299 0.0145
2.3367 9.7683 0.2682 -0.0735 -0.0904 -0.0089
2.2984 9.5385 0.1915 0.0043 -0.1075 -0.055
2.3367 9.6151 0.3448 -0.049 -0.0233 -0.0529
2.2984 9.6534 0.2298 0.0596 -0.0286 -0.0603
2.2224 9.5391 0.1909 0.0085 -0.0137 -0.103
2.414 9.5008 0.3059 -0.0747 -0.0084 -0.0818
2.1458 9.5391 0.2676 -0.0033 0.031 -0.0765
2.2224 9.6157 0.3059 0.0105 0.0022 -0.1053
2.2601 9.6534 0.2298 -0.0204 0.0022 -0.0882
2.1452 9.5768 0.4214 -0.0342 0.0129 -0.1021
2.0686 9.6534 0.1915 -0.0449 0.0022 -0.0936
2.0303 9.4619 0.4214 -0.0405 -0.0276 -0.0831
1.9154 9.5768 0.5363 -0.0927 -0.034 -0.0948
1.9537 9.5768 0.4597 -0.0469 -0.0308 -0.0735
1.9537 9.6534 0.6129 -0.0821 -0.0649 -0.0512
2.0303 9.5385 0.6512 -0.0576 -0.05 -0.0107
2.0309 9.654 0.6506 -0.0236 -0.0446 -0.0236
1.9926 9.5774 0.6123 -0.0247 -0.0319 -0.0204
2.0692 9.5774 0.6889 -0.0204 -0.0265 -0.0268
2.1841 9.6923 0.6123 -0.0012 -0.0446 -0.03
2.1452 9.6151 0.7278 -0.0257 -0.0425 -0.0311
2.1452 9.6534 0.8045 -0.0065 -0.0276 -0.0398
2.1075 9.654 0.7655 0.0042 -0.0361 -0.0536
2.1458 9.654 0.7655 0.0042 -0.0318 -0.06
2.1452 9.6151 0.7661 0.0031 -0.0297 -0.0611
2.1835 9.6534 0.6512 -0.0001 0.0278 -0.0611
2.2984 9.6917 0.6895 -0.0224 0.014 -0.0552
2.1069 9.6151 0.7278 0.0032 -0.0095 -0.052
1.992 9.6151 0.6512 0.0287 -0.0137 -0.068
2.1075 9.6157 0.6506 -0.0043 -0.0169 -0.0531
2.2224 9.654 0.6123 0.0042 0.0033 -0.0563
2.1075 9.6923 0.574 -0.0023 -0.0063 -0.0491
2.1458 9.5391 0.6506 0.0052 0.0001 -0.0395
2.1075 9.6157 0.6506 -0.0097 -0.0244 -0.0448
2.1075 9.6157 0.574 -0.0033 0.0033 -0.0363
2.0692 9.6157 0.7272 -0.0001 -0.0137 -0.0406
2.1452 9.5768 0.5363 -0.014 0.0129 -0.0161
2.1069 9.6151 0.6129 0.0201 -0.001 -0.0416
2.1835 9.5385 0.5746 0.0094 -0.0052 -0.0352
2.2607 9.5774 0.6123 -0.0001 0.0108 -0.032
2.1835 9.5768 0.6512 0.0031 -0.0127 -0.048
2.2218 9.5385 0.498 -0.0118 0.0118 -0.0349
2.2601 9.5768 0.5746 0.0052 0.0022 -0.0573
2.1835 9.6151 0.6512 0.002 0.0129 -0.0488
2.1452 9.6151 0.5363 0.018 0.0086 -0.0509
2.2224 9.5391 0.6123 0.0297 -0.0137 -0.0669
2.1835 9.5002 0.6129 -0.0097 0.015 -0.0375
2.1452 9.6151 0.5746 0.0488 -0.002 -0.0663
2.1452 9.5002 0.5746 0.0222 -0.0105 -0.0737
2.1841 9.5774 0.4974 0.0201 0.0054 -0.0748
2.1458 9.5774 0.5357 0.0126 -0.0169 -0.0769
2.1075 9.5008 0.5357 -0.0342 -0.0137 -0.0492
2.1458 9.5391 0.5357 -0.0172 -0.001 -0.0475
