0.3837 -9.5762 1.57 -0.0336 -0.0569 -0.0053
0.3065 -9.5002 1.4557 0.0218 -0.0335 0.0064
0.2298 -9.3087 1.4174 0.0868 0.0229 0.0107
0.0766 -8.351 2.2218 0.1464 -0.8261 0.31
1.6478 -10.4573 1.1103 0.6791 0.2914 0.0874
-0.9954 -9.8827 1.7232 0.188 1.2331 -0.0287
0.1915 -8.849 2.4134 -0.1955 -1.8796 0.0661
-2.9491 -10.2657 12.6791 0.7377 5.9479 -0.6668
-0.0377 -8.3504 -2.4906 -0.971 -2.0799 0.8949
-0.7272 -8.7334 5.056 -0.1018 -0.0996 0.0267
-3.0263 -12.1051 5.2098 -0.7612 0.5737 0.0842
-0.1143 -11.1851 5.7455 0.7036 -1.575 -0.2332
1.9154 -7.2784 3.7541 0.9496 0.1859 -0.3877
-0.4591 -7.6992 3.9834 1.3385 -0.9284 -0.3589
1.916 -5.6306 5.7072 0.9954 -1.7029 -0.5666
-0.076 -4.2132 4.2898 0.1805 -0.5055 -0.0052
3.6009 -5.363 9.73 -0.8123 0.1209 1.1197
-1.0337 -8.6568 2.9491 -1.2959 1.6709 1.2187
-1.6849 -8.7718 4.7112 -1.8179 1.0903 0.1492
-0.8422 -6.2052 5.2092 -0.8432 1.9372 0.1652
1.6472 -4.7501 3.4093 -1.5697 -1.6176 0.7543
-0.9194 -10.1514 8.9639 -0.8272 -0.7655 0.0182
-0.3059 -12.2194 7.1629 -0.3617 -1.5112 -0.312
0.9583 -8.2355 5.1326 1.1414 -2.0694 -0.9863
-0.1143 -10.419 5.8221 1.2223 -1.5836 0.7287
-1.072 -4.1749 3.9834 1.9659 -2.1279 -0.6785
0.422 -4.6729 2.2595 1.1009 -0.6674 -0.2534
3.6398 -7.5459 8.925 -0.7921 0.8484 1.2475
-0.7661 -10.1514 6.359 -1.6145 0.156 0.8555
1.1109 -5.7461 4.5203 1.8317 5.4227 -0.882
-2.4128 -8.0056 1.3402 -1.6358 1.6069 1.6683
-3.0257 -11.9896 6.3201 -0.9828 -0.2711 -0.8383
0.3454 -7.3544 7.0096 0.8058 -4.1743 -1.992
-0.4591 -8.9633 6.3584 2.7947 -2.8139 -0.0148
-2.2595 -9.1931 3.6386 1.0402 -1.868 0.6627
0.6518 -5.2858 0.9571 0.5949 -0.839 0.3836
1.2264 -6.0136 3.4087 -0.5204 -0.7623 1.2134
1.6472 -6.7421 6.3207 -0.9029 -1.134 1.1506
-1.1492 -10.726 1.8771 0.7025 1.8168 0.08
-2.6432 -9.232 2.375 -1.7071 -0.6515 0.4997
1.1498 -6.5882 2.4511 0.3041 1.7944 -0.1245
0.6129 -9.347 4.5203 0.2796 -0.4139 0.2142
0.7661 -7.4316 7.0485 0.0964 -2.0992 -0.964
-1.4557 -11.3006 4.1372 1.2607 0.8676 0.9855
-3.5243 -11.224 0.6129 1.3843 1.0689 1.631
-1.5706 -6.9719 0.4214 -0.4587 -0.022 1.4414
6.2058 -6.6272 11.2623 0.156 -1.8084 0.4731
-4.4053 -18.6939 7.4316 0.8974 -1.2065 -0.7242
-3.6386 -10.6871 3.5237 -1.2768 -0.6707 0.6116
-2.2212 -6.9713 8.9633 0.7813 3.6788 0.0864
-1.1103 -7.3161 5.5923 -0.6057 1.0743 0.8108
-4.0217 -8.8101 2.4894 -0.4778 -0.3862 0.4219
-6.857 -13.5991 2.3367 -1.558 0.4298 0.1226
-1.494 -9.845 9.0022 -0.9199 -2.178 -0.7317
-2.2978 -14.3646 5.8604 2.4591 -4.6388 0.6116
-4.941 -10.2274 2.7192 1.9275 -1.7924 0.3868
3.7924 -7.5848 5.5545 1.755 -2.1493 -0.2705
-1.0343 -4.5586 4.9416 0.3339 -0.2797 0.2281
0.7667 -18.2336 8.3504 -0.5971 -0.9796 0.6467
0.4986 -9.4996 6.2052 -2.0161 0.8153 0.3059
-0.076 -6.6649 2.9491 -0.1774 1.5408 0.5115
0.3837 -3.8684 5.1709 -1.247 0.1538 0.0459
-1.6849 -12.4109 7.1245 -1.2278 -0.7858 0.291
2.299 -9.6145 5.8987 0.5949 -2.5552 -0.6656
0.6135 -9.3081 6.5882 1.2564 -1.0276 -0.8371
-0.6123 -9.423 3.6386 2.0852 -2.2431 -0.672
1.916 -7.0862 3.0257 0.8175 -1.5198 -0.72
-0.6123 -4.941 4.5963 -0.6536 0.076 0.4252
3.9846 -5.5539 10.1125 -0.4672 0.3764 1.1858
-0.4974 -7.7375 3.562 -1.1106 2.2204 0.748
-1.072 -7.8524 5.2092 -1.4877 0.7162 0.3282
0.3454 -6.7415 5.4773 -0.5098 1.9967 -0.2438
-0.7272 -8.0439 -0.9583 -1.1788 -0.3693 0.7181
-2.2978 -8.3887 7.6225 0.3765 -1.8479 0.0449
-3.0646 -12.2966 5.6312 -1.166 0.8163 0.1205
0.7278 -10.5728 4.9416 0.483 -1.4793 -1.1109
0.3065 -8.7724 3.6009 0.629 -0.9062 0.3879
-1.5323 -7.853 2.0686 0.6897 0.3945 -0.2235
-0.0377 -7.431 2.4511 -0.4469 -0.6409 0.4369
0.2682 -6.9719 2.6049 -1.6379 -0.9147 0.7469
1.6089 -13.2926 3.7924 -0.3468 1.4364 -0.3865
0.7661 -8.1211 2.9113 -0.2477 -0.6633 0.0491
-0.1909 -8.8484 1.3785 -0.3372 0.3732 0.0854
0.0006 -9.2698 2.3361 -0.6557 0.0888 -0.0414
-0.076 -9.2698 2.1446 0.0058 0.0217 -0.0936
0.0389 -9.8061 1.57 0.2838 -0.3075 0.0076
-0.1526 -9.0782 1.6466 -0.0688 0.1665 -0.0403
0.1921 -9.4613 1.7232 -0.0262 0.0163 -0.0339
0.3448 -9.5385 1.7621 -0.0038 -0.054 -0.0297
0.1538 -9.3464 1.9914 -0.0869 0.1879 -0.0542
0.4597 -9.5002 1.6089 -0.0347 0.1186 0.0033
0.6512 -9.4236 1.6855 -0.0038 0.1176 -0.0201
0.4214 -9.3087 1.6472 -0.04 -0.0944 0.0193
0.1538 -9.423 1.7232 -0.0219 -0.0422 0.031
0.3454 -9.3081 1.8765 -0.04 -0.0849 0.03
0.4597 -9.4619 1.6089 -0.0049 0.1527 0.0033
0.422 -9.4613 1.57 -0.0294 0.0345 0.0023
0.3454 -9.3081 1.6083 -0.0539 -0.0604 0.0225
0.3837 -9.423 1.6466 -0.0166 -0.022 0.0161
0.4986 -9.3081 1.6083 -0.0081 0.0121 0.0033
0.1155 -9.5762 1.6083 0.0271 0.042 0.0299
0.2687 -9.3847 1.6466 -0.0048 0.0036 -0.0063
0.3071 -9.423 1.6083 0.0015 -0.0741 0.0044
0.3454 -9.5379 1.4934 -0.0507 0.0484 -0.0137
0.0766 -9.347 1.6472 -0.0421 -0.0092 -0.0052
0.0772 -9.3847 1.6849 -0.089 0.0419 0.0087
0.7284 -9.3464 1.6083 -0.0358 -0.0838 0.0055
0.3065 -9.3087 1.4174 0.0335 -0.0188 -0.0116
0.1921 -9.4613 1.3018 -0.0464 0.0557 -0.0105
0.3454 -9.3847 1.7615 -0.04 0.1591 -0.0254
0.4986 -9.4996 1.7998 -0.0091 0.0952 -0.0105
0.422 -9.3464 1.7615 0.0122 0.0206 -0.0094
0.3837 -9.4613 1.7998 0.0378 0.0941 -0.0275
0.4603 -9.423 1.3785 -0.0304 0.0728 -0.035
0.1921 -9.2698 1.9531 0.0686 0.0131 -0.0275
0.4986 -9.4996 1.5317 0.009 0.0142 -0.0233
0.4986 -9.2314 1.7232 -0.0411 -0.0593 -0.0275
0.6895 -9.4236 1.8004 0.0708 0.0483 -0.0137
0.498 -9.3087 1.6089 -0.0645 -0.0231 -0.0116
0.5369 -9.3081 1.7998 -0.0272 0.043 -0.0073
0.7278 -9.3853 1.8004 -0.0144 -0.005 -0.0009
0.6129 -9.347 1.8771 0.009 -0.0476 0.0097
0.498 -9.4619 1.7238 -0.0262 -0.0295 0.0161
0.498 -9.3087 1.7238 -0.0081 0.06 0.0023
0.3837 -9.4613 1.6466 -0.0421 0.0185 0.0279
0.6129 -9.3853 1.6855 -0.0389 -0.0391 0.0172
0.5369 -9.3847 1.57 -0.007 -0.0103 0.0023
0.422 -9.3847 1.7998 -0.007 -0.0465 0.0055
0.422 -9.423 1.6466 -0.0006 -0.0295 0.0034
0.4214 -9.4619 1.5706 -0.008 -0.0379 0.0044
0.3831 -9.347 1.5706 -0.024 -0.0411 0.0108
0.4597 -9.4236 1.6472 0.0122 0.0537 -0.0127
0.4603 -9.3847 1.7232 -0.0283 -0.0028 0.0076
0.3837 -9.423 1.6466 0.0122 0.0324 -0.0095
0.4603 -9.3847 1.5317 -0.0144 0.0046 -0.0009
0.4214 -9.3853 1.5706 0.0037 0.0536 -0.0084
0.498 -9.347 1.6089 -0.0144 0.0121 -0.0052
0.4603 -9.3847 1.6849 -0.0049 -0.0188 0.0044
0.3837 -9.3847 1.7615 0.0005 -0.0358 0.0023
0.422 -9.3847 1.6849 -0.007 0.0366 -0.0116
0.6901 -9.3081 1.5317 -0.0219 -0.0422 0.0118
0.6135 -9.3847 1.6849 -0.0262 -0.071 0.0225
0.3837 -9.423 1.6466 -0.0251 -0.0411 0.0086
