3.6781 9.7306 0.2676 -0.0803 0.1001 -0.1061
2.6055 9.2326 0.3059 -0.0483 0.1321 -0.2617
1.1492 8.6957 0.2682 -0.2955 0.4069 -0.398
1.6472 11.722 0.2682 -0.3051 0.3377 -0.2627
1.1498 8.16 -0.0389 0.0582 0.4219 -0.2009
1.303 9.4242 -0.6135 -0.3882 0.4389 -0.0539
0.8045 9.7683 -0.0006 0.0987 0.2109 -0.0092
2.8347 11.2623 -0.7661 -0.1847 -0.0394 0.3061
1.8393 12.4121 2.6426 -0.1762 -0.2578 0.4009
3.7924 7.853 4.4053 0.4481 -1.7843 -0.0305
2.5283 8.8873 2.375 -1.0433 0.0426 -0.1138
3.9462 5.9765 0.6889 0.0156 -0.3909 -0.2672
3.0646 9.0405 0.6129 0.0688 -0.2003 -0.1116
3.7541 10.9176 1.3791 0.4332 0.3047 -0.2363
3.6392 12.3349 2.3367 0.8795 0.1949 -0.0594
-0.8428 9.8833 3.9456 -0.3061 0.7223 -0.052
2.4134 7.6231 -1.1875 0.478 0.6019 -0.3322
0.422 6.0148 1.1869 -0.1314 0.6477 0.1142
2.2984 10.8026 -1.2258 0.0817 0.2077 -0.0371
3.1412 11.4156 0.3448 -0.076 -0.572 0.5264
2.4906 10.6117 4.558 -0.7173 -0.7276 -0.0536
5.3253 7.7387 1.072 -0.0334 -1.4243 -0.2943
0.9583 8.1217 1.2252 -0.8888 0.6541 -0.4179
4.0229 6.781 0.574 -0.3668 -0.0948 -0.1548
3.2567 10.5734 0.8805 0.5877 -0.1406 -0.0696
4.5209 12.9867 2.2595 0.3874 0.3164 -0.0618
0.6135 9.3859 3.2555 0.5174 1.191 0.0139
2.2984 8.351 0.6895 -0.4201 0.5582 -0.2865
0.7278 6.7804 0.4214 0.6292 1.0056 -0.1491
3.1801 10.1137 -0.8051 -0.2869 0.0618 -0.1054
3.3333 10.6117 1.0337 0.0209 -0.7595 0.5791
3.9456 12.5648 3.6775 -0.859 -0.7467 0.0039
4.7118 7.5465 2.6049 0.5291 -1.7598 -0.2443
2.7204 7.8153 1.3018 -0.9676 -0.0415 -0.3881
3.7164 7.5854 0.9954 -0.3306 -0.0895 -0.2369
4.0606 9.9216 0.996 0.3586 -0.0831 -0.2574
4.1755 12.22 2.5666 0.1658 0.5891 -0.3299
-0.2292 8.8113 2.9108 0.2649 1.126 0.0355
2.5289 7.6237 0.076 -0.0036 0.5305 -0.3938
1.3791 8.1594 1.5323 -0.7226 -0.4442 0.0952
2.1075 9.5774 1.7998 -0.3573 -0.6754 0.0835
3.0263 10.1131 3.1029 -0.4361 -0.9236 0.288
4.2521 8.0445 3.7158 -0.3807 -0.8202 -0.0135
3.7158 8.9639 4.6352 -0.9474 -0.1587 0.0707
3.2944 6.7804 2.5283 -0.1336 0.1822 -0.1157
3.1412 6.7421 4.6352 -0.6289 1.4434 -0.0741
1.9543 6.8959 3.5237 -0.2134 0.8948 -0.3202
2.5672 6.1681 4.2515 -0.2614 0.7521 -0.349
1.4557 6.5888 5.9376 -0.4478 0.0735 -0.1881
1.3408 8.3127 4.9799 -0.4084 0.1523 -0.3426
0.4603 8.4282 7.0862 -0.0601 -0.6541 -0.365
-0.1143 8.1217 7.2012 0.0742 0.0586 -0.4194
0.3448 9.1171 7.6998 0.0891 0.4985 -0.4279
-1.4557 8.5808 7.3933 0.5205 -0.1044 0.0057
-0.3825 9.654 7.929 0.5248 0.4858 -0.0977
-0.2682 10.3046 5.7078 0.2957 0.1854 0.0152
-0.6506 8.0834 4.9793 -0.0814 0.3281 -0.1115
0.2298 6.3973 3.3327 0.1754 -0.2823 -0.0125
-0.3448 6.8953 5.1715 -0.174 -0.4602 -0.0593
-0.3059 10.3435 6.2052 -0.059 -0.0618 -0.0988
-0.1915 8.6574 5.363 -0.0153 -0.0533 -0.0302
0.1532 6.8953 3.8307 0.0998 0.0469 -0.0782
0.1149 8.0828 4.9416 -0.0195 -0.0447 -0.0142
0.1915 9.8067 5.6695 0.0582 -0.0479 -0.0281
0.2298 7.9296 5.2098 -0.1026 -0.0266 -0.0132
0.1915 7.6231 4.1372 0.1008 -0.0234 -0.07
0.2298 8.6191 5.5162 0.0358 -0.0692 -0.0328
-0.2292 9.73 5.3624 0.0134 0.0831 -0.1073
0.4986 7.662 4.6729 0.0379 -0.1204 -0.0945
0.0006 8.0834 4.558 0.0475 -0.0096 -0.1244
0.422 8.9645 5.3241 -0.076 -0.0181 -0.0837
0.0006 9.0028 5.2475 0.0284 0.0384 -0.0602
0.1155 8.0451 4.4047 0.0529 0.0788 -0.0698
0.2687 8.1983 5.0943 0.0156 -0.0501 -0.0879
0.0006 9.0411 5.2858 -0.0142 -0.0213 -0.073
0.1538 8.5814 4.9027 0.0699 0.1289 -0.0669
0.0772 7.9685 4.443 -0.0452 0.0714 -0.0456
0.1155 8.5431 5.2858 0.0209 0.0352 -0.0466
0.0389 8.9262 5.3624 -0.0398 0.0341 -0.0648
0.1921 8.0834 4.8261 -0.027 -0.016 -0.0477
0.1149 8.1594 4.7118 0.0816 -0.0351 -0.0448
0.3448 8.5425 5.2098 -0.0111 -0.0149 -0.0682
0.1921 8.4665 5.0943 -0.0121 0.0021 -0.081
0.1915 8.2744 4.8267 0.0358 -0.0522 -0.0714
0.1155 8.8113 5.056 0.0347 -0.0298 -0.082
0.1915 8.5425 5.2864 -0.0398 -0.0117 -0.0893
0.0383 8.4659 4.7884 0.0614 -0.0351 -0.0659
0.1532 8.351 4.7501 0.0262 0.0234 -0.0861
0.2682 8.6957 5.0182 -0.0004 0.017 -0.0915
0.1532 8.5425 4.9033 0.0092 -0.016 -0.0819
0.1532 8.351 4.8267 -0.0015 -0.0458 -0.0709
0.0383 8.6191 4.9033 0.0316 -0.0213 -0.0805
0.1155 8.6197 4.7878 -0.0206 0.0128 -0.0869
0.2304 8.4282 4.7878 -0.011 -0.0138 -0.0507
0.0772 8.4665 4.9793 0.0401 -0.0415 -0.0582
0.1915 8.5808 4.7884 0.0092 0.0021 -0.0815
0.1155 8.5048 4.8261 -0.011 0.0011 -0.0826
0.3071 8.5814 4.7495 -0.0046 -0.0043 -0.0581
