0.9583 -9.5762 1.5317 -0.004 0.0077 -0.0007
1.0349 -9.6528 1.6083 -0.0008 0.0183 -0.005
0.8434 -9.7677 1.57 -0.0115 0.0023 0.0185
0.8434 -9.6528 1.5317 -0.0083 0.0268 -0.0007
0.9194 -9.6534 1.5706 -0.0147 0.013 0.011
1.0726 -9.6534 1.6855 -0.0051 -0.0126 -0.0017
0.7278 -9.6917 1.5323 -0.0019 -0.0094 -0.0092
0.8428 -9.6151 1.5706 -0.1649 -0.4866 0.1218
1.1492 -9.8067 1.9154 0.0439 -0.15 -0.0573
0.6895 -9.7683 1.5706 0.0024 0.0812 -0.0232
0.8045 -10.2663 1.8004 -0.4578 0.1909 -0.9659
2.1835 -8.5808 1.0343 -0.2256 0.0066 -0.0242
2.4134 -9.5768 1.3408 0.0514 -0.2981 0.1878
2.2218 -10.5345 1.7238 -1.2525 -2.2656 -0.1944
0.4603 -9.423 -3.0269 -1.7745 -3.9839 -0.0676
0.8811 -9.3853 -1.7238 -0.2501 -0.4185 0.0645
1.9926 -8.8484 -3.5632 -0.1489 0.1334 -0.0921
2.299 -8.8101 -3.1418 -0.2234 0.2857 -0.1326
2.0309 -9.7677 -3.3716 0.1302 0.1557 0.5745
1.4946 -9.3081 -3.7164 0.2271 -0.9873 1.414
-1.7615 -9.2698 -2.4523 0.6043 0.5318 0.0888
0.2687 -9.5762 -2.3373 0.3805 0.5296 -0.511
0.9966 -9.8061 -1.8777 -0.1862 -1.3804 0.1165
0.2682 -9.9599 -1.6089 0.0962 -0.5921 0.3098
-0.7278 -10.1131 -1.9537 0.3145 -0.329 0.9223
-3.0257 -13.2154 -1.303 1.3148 1.4298 2.0845
-3.4854 -10.4956 -0.92 -0.4237 0.0716 1.5923
-4.7501 -8.734 -1.9537 -0.3523 -0.6603 1.6413
-6.2818 -7.5842 -2.1458 -0.0296 -0.9639 0.071
-7.1629 -7.3544 -0.6135 1.024 -1.5061 -0.501
-8.6185 -6.6266 1.3785 1.0496 -1.8779 0.2138
-9.2314 -4.1749 5.0176 0.2272 -1.7191 2.4061
-7.5459 -2.9491 8.1588 0.2655 -0.7487 3.7451
-5.6689 -2.1829 7.3544 0.8375 -1.9801 3.7255
-4.5586 -1.494 6.9719 1.383 -2.418 2.9905
-3.5626 1.7621 7.3933 -0.199 -2.0057 1.7995
-1.2641 0.9194 9.3087 -1.016 -1.5977 1.3404
-0.7661 1.9537 12.3349 0.8013 -1.293 0.289
0.8051 2.6438 6.0519 1.5438 1.4319 -0.2252
-0.5363 3.6775 7.8913 -0.4802 -0.5932 -0.7024
0.1538 4.2144 7.6608 -0.0061 0.209 -0.2209
-0.3059 4.4442 8.6568 -0.0487 0.5414 0.0571
-0.6889 4.3676 8.427 0.1015 0.3081 -0.0132
-0.7661 4.1755 8.5425 0.2112 0.47 -0.0168
-1.4168 4.9033 7.7758 -0.1894 -0.0414 0.0514
-0.6506 4.4825 8.6185 -0.053 -0.0211 0.142
-0.4208 4.2144 8.6185 -0.1425 -0.1777 0.0162
-0.5357 4.3676 8.8484 0.0599 0.0588 -0.0283
-0.4208 4.2527 8.5802 0.0471 0.0609 -0.0102
-0.1909 4.1378 8.3121 0.0482 0.0407 -0.0581
-0.3448 4.1372 8.6957 0.0056 0.0258 -0.0059
-0.7278 4.2138 8.8107 -0.0988 -0.0371 -0.0592
-1.3402 4.7124 9.0016 0.1494 0.1515 0.1317
-0.7278 4.4436 8.5808 0.1068 0.1611 0.1775
-1.0726 4.8267 9.5002 0.4093 0.568 0.4151
-2.1835 6.8187 10.2663 1.6781 0.9952 1.149
-2.988 7.9296 9.1171 3.6445 2.2618 2.5136
-1.5317 8.0068 5.8604 3.9066 2.9265 3.4298
1.8393 5.8999 4.6346 3.0639 2.233 3.865
6.1681 3.1801 2.1446 2.0775 1.581 3.0682
9.2709 1.6095 0.4591 1.4138 0.7629 1.5587
9.3853 2.2601 -0.4214 0.7342 -0.345 0.3187
8.9262 3.9846 -0.9966 -0.2054 0.0247 0.2836
9.0022 3.2178 -0.8045 -0.151 -0.0595 -0.0911
8.0828 3.984 -0.6129 -0.167 0.0449 0.0208
8.8873 3.9456 -0.8811 -0.0125 0.1887 0.0687
8.6574 3.9073 -0.6129 0.1441 0.1834 0.0431
8.4659 3.8307 -0.3448 0.0429 0.0567 0.0559
8.5814 3.8313 -0.3071 -0.0839 -0.0094 -0.0169
8.658 3.9462 -0.2687 -0.101 -0.0818 -0.0115
8.6197 3.8696 -0.3454 -0.0062 -0.052 0.0034
8.658 3.793 -0.4986 0.0045 -0.0168 0.014
8.5431 3.9079 -0.4986 0.0258 0.0045 -0.003
8.6197 3.7164 -0.3837 0.029 -0.0062 -0.0041
8.5814 3.6781 -0.4603 -0.0456 -0.1021 -0.1159
8.7724 3.6009 -0.8428 -0.4333 -0.3886 -0.6123
8.8496 1.9926 -0.8434 -2.3178 -2.0728 -2.3956
5.0572 4.9422 0.8039 -2.9964 -1.8715 -3.7112
2.1841 6.5894 3.9834 -3.414 -2.8345 -3.2086
-0.4591 7.2407 5.2858 -3.9817 -3.0049 -2.6291
-0.3442 6.1298 8.4653 -2.3338 -1.2675 -1.0355
-0.4208 5.8999 9.2698 -1.4709 -0.2906 -0.4069
-0.2676 5.287 11.1851 -1.3111 0.0247 0.1268
0.3065 4.0989 11.224 -0.4312 0.1376 -0.0995
0.3065 3.869 9.1554 0.0173 0.6159 -0.0643
-0.4214 3.9073 9.1937 0.0258 0.1664 0.0443
-0.3448 3.4477 9.1171 0.1856 0.0812 -0.091
-0.8039 3.9462 8.427 0.0056 0.1397 0.0645
-0.3825 3.793 9.1548 0.0003 -0.0435 -0.016
-0.1143 3.9079 8.6185 -0.0583 -0.1021 0.0117
-0.1526 3.793 8.9633 -0.0807 -0.0222 0.0149
-0.3442 3.7164 8.7334 0.0493 0.1302 -0.0671
-0.6123 3.6398 8.7334 -0.0103 0.2836 -0.1278
-1.9914 2.414 6.933 0.2346 1.4948 -0.6502
-4.2898 0.7667 7.3927 0.388 1.8293 -1.9679
-7.0862 0.3071 5.0943 -0.3502 4.665 -1.774
-8.2738 -1.4168 2.6809 -0.2799 4.2591 -3.1099
-9.5762 -4.9027 2.6043 -0.4237 2.5227 -4.4638
-11.224 -6.5122 3.0263 0.9111 0.3922 -3.5594
-11.8369 -7.4699 2.7581 1.2903 -1.6936 -1.7356
-9.8444 -6.5499 2.3744 1.1007 -0.1383 0.2415
-6.3967 -5.8221 -1.303 -1.4868 -1.0949 1.3238
-7.5459 -5.2092 1.7615 -0.7039 0.878 0.8775
-6.8564 -5.7838 0.8039 -0.4482 0.5733 0.4357
-8.3121 -5.5539 2.1063 -1.3291 -0.2619 0.1162
-7.6992 -7.3161 -0.9966 0.3401 1.2817 -4.5848
-3.7158 -9.0788 -0.8428 0.6064 -0.3694 -2.0793
-1.2252 -0.9188 -0.7667 -0.005 -0.5516 -2.775
3.7547 -10.0742 7.8907 0.7588 8.4456 -0.2473
2.7198 -8.9256 1.8387 0.4839 0.2878 0.4568
1.2258 -9.9599 -1.3408 -0.4951 -0.5804 0.1244
1.6478 -9.6145 2.1063 -0.4823 -0.5058 -0.0236
1.5712 -9.6145 1.072 0.2986 0.4338 0.0616
1.3797 -9.7294 0.4208 0.0951 -0.1447 0.058
1.6095 -9.7294 0.9188 -0.135 -0.1255 0.0004
1.1881 -9.6528 0.9188 0.0429 0.1046 -0.0155
1.1881 -9.8061 0.8039 -0.0061 -0.0286 0.0345
1.2647 -9.6145 0.9571 -0.0317 0.1451 0.0026
1.5706 -9.6151 0.7278 -0.0168 -0.0254 0.0018
1.2647 -9.8444 0.9571 -0.0242 0.0055 0.004
1.4946 -9.6145 0.8039 0.0216 0.0183 0.0103
1.3414 -9.7294 0.8422 -0.0008 -0.0137 0.005
1.303 -9.6145 0.8039 0.0024 0.0226 0.0029
1.2258 -9.6917 0.7661 0.0077 0.0108 0.0047
1.3414 -9.6911 0.8422 -0.0125 0.0087 -0.0006
1.2647 -9.6911 0.8422 0.0003 0.0023 0.0068
1.3408 -9.6917 0.7661 -0.0029 -0.003 -0.0049
1.2647 -9.7677 0.8805 0.0194 0.0066 -0.0017
1.3414 -9.7294 0.7272 -0.0147 -0.003 -0.0058
1.303 -9.6528 0.8422 0.0184 -0.0062 -0.0048
1.3414 -9.6911 0.7655 -0.0051 -0.0062 -0.0037
1.3797 -9.7677 0.8039 -0.0178 0.0354 -0.0101
1.3414 -9.6911 0.8422 0.0045 0.0215 0.0059
1.3414 -9.6911 0.8422 -0.005 0.0162 0.0021
1.3414 -9.6528 0.9188 0.0184 -0.0222 0.0127
1.3408 -9.6151 0.8045 -0.0231 -0.0041 -0.0022
1.2258 -9.6534 0.9194 0.0035 -0.0051 0.0063
1.3024 -9.6917 0.8045 -0.0008 0.0045 0.001
1.3408 -9.6917 0.8045 -0.0061 0.0098 0.0042
1.3414 -9.6528 0.8039 -0.0072 0.0045 -0.0024
1.2647 -9.6528 0.7655 0.012 -0.0222 0.0071
1.2258 -9.7683 0.8045 -0.0061 -0.0243 -0.0014
1.303 -9.6911 0.8805 0.0195 0.0045 0.0018
1.2647 -9.7294 0.8422 -0.0056 -0.0145 -0.0067
1.2647 -9.7294 0.8422 0.0051 -0.006 -0.0014
1.303 -9.6911 0.8805 -0.0035 -0.0018 -0.0057
