4.5586 -8.1594 2.1069 0.0156 -0.0286 -0.0129
4.4442 -8.1205 2.068 0.0326 -0.1213 0.0073
4.4053 -8.0445 2.2601 -0.0493 -0.1181 -0.0182
4.0223 -8.3127 2.1452 -0.0621 -0.1256 -0.0481
4.789 -8.1971 1.4551 0.1786 -0.0404 -0.0545
5.4785 -8.6185 1.2252 0.1094 -0.1852 -0.0843
5.6318 -12.3726 -9.7689 -1.334 -2.401 0.2577
5.1338 -8.3121 1.7232 -1.5662 -0.5304 0.4303
4.7507 -7.0479 -2.6055 -1.7324 -0.4335 1.1333
3.6398 -6.2818 -3.1801 -1.351 -0.5602 1.046
1.8393 -3.3321 -2.5289 -0.1856 -0.1906 0.3759
1.0732 -3.3704 -2.7204 1.9555 -0.3824 -0.3271
3.1412 -9.9982 -3.6009 0.4887 0.3996 -1.1602
2.6815 -9.5002 -1.8004 1.1757 0.2036 -0.5775
2.7198 -8.9639 0.0383 1.3014 0.2387 -0.3581
1.494 -10.228 -0.7278 0.4737 1.2593 -0.3953
2.2607 -8.8101 -0.1538 0.5568 0.5381 0.0691
3.5249 -9.0399 -1.9543 0.8732 -1.0193 0.8936
2.375 -10.343 2.0303 0.4236 0.6563 -0.7714
4.367 -14.2886 -0.5363 -1.023 0.6894 -0.6808
5.0572 -13.9432 -2.6821 -2.5261 -1.4465 -0.2782
4.6358 -7.0096 0.3825 -0.9495 -1.733 0.8531
1.9543 -7.3161 -0.0389 -1.2946 -0.7637 1.5211
2.5289 -5.3624 -2.1075 -1.6036 0.0981 1.1994
-0.076 -3.562 -2.1075 -0.3679 -0.0883 0.6603
-3.8684 -12.7557 -13.9061 1.197 0.1503 0.1298
3.9462 -10.1508 -2.1841 1.8713 -0.5314 -1.1528
3.4866 -10.1125 -0.1921 1.0617 0.6382 -0.9567
0.2304 -9.6911 -0.1538 0.9936 0.6595 -0.3868
-0.2292 -7.4693 -1.0349 0.7337 1.549 -0.113
0.9966 -9.5379 1.1486 0.6932 -1.0173 0.4431
2.4906 -10.2657 3.7152 0.6751 -0.0287 -0.9833
3.9462 -12.794 -2.2224 -1.2306 0.2792 -0.4837
3.793 -7.8907 1.4168 -1.5268 -2.6982 0.0808
3.0269 -6.5882 0.3825 -0.9825 -1.9536 0.4857
2.5672 -5.7838 -1.0732 -0.3444 -1.8567 0.8617
0.6135 -4.4813 -0.4986 0.5302 -0.3525 0.1916
-3.7918 -9.8827 -7.0108 2.3508 -1.5605 0.9906
2.4523 -10.6105 2.9491 -0.8674 -1.0779 -0.5093
6.5511 -7.6225 2.4128 1.1363 0.2419 -1.2987
-0.1909 -9.8827 2.7958 1.2951 -2.0921 1.3592
-0.1532 -9.4619 0.5363 0.8711 -0.2833 -0.1333
0.6895 -9.0405 1.4557 0.5707 -0.8905 -0.0875
-0.7278 -9.5768 0.8811 0.0295 -0.7275 -0.0235
-2.375 -11.2623 0.1915 0.0253 -2.1251 0.458
4.6358 -13.7517 -2.414 -4.6139 1.2603 1.1546
3.7158 -4.8267 -0.7278 1.3334 -2.6769 0.2886
1.2647 -4.0217 0.3825 -0.0461 -1.6415 0.0532
-0.8422 -9.423 -2.3756 0.8381 -1.0791 -0.4315
-4.558 -11.6065 -6.3596 -0.0205 -1.2069 -0.3655
2.7198 -16.0124 4.9416 0.9926 -1.3528 0.8638
7.3167 -6.5122 4.7884 -0.3262 -3.5164 -0.9119
-3.7918 -9.6528 2.7958 0.77 -0.3259 0.2002
-5.2092 -9.6528 2.1829 1.9258 -3.0061 1.2761
2.7587 -9.3847 3.7152 -0.1089 -0.9768 -0.2003
1.7627 -12.3726 6.7032 0.6528 -1.42 -0.9897
0.5752 -12.3726 -1.7244 -1.906 1.0046 0.0159
3.3716 -10.4573 2.3744 -2.7965 -2.8059 0.9917
-1.1869 -10.3424 -1.9926 -1.2689 -2.873 1.9313
-1.1486 -5.5923 0.3059 -1.4596 1.1238 1.4167
1.8393 0.5752 -0.7284 0.2225 0.1065 -0.5178
-5.3624 -17.2377 -5.5935 0.3173 0.3696 -1.2773
-2.4128 -11.5299 0.574 1.2547 -0.081 -1.2315
-1.9531 -8.6185 1.1869 0.7146 0.3696 -0.8416
-1.9531 -9.1931 0.4974 0.46 0.686 -1.0866
-1.4168 -9.6528 -1.1881 0.7796 1.3497 -0.1598
1.8777 -10.3424 0.7272 0.1341 -0.065 -0.3963
1.2264 -14.9392 1.7615 0.492 1.0407 -0.9939
-0.1143 -13.3303 -2.414 -2.0433 -1.4776 1.0258
3.1035 -7.8524 0.3059 -1.2582 -0.1002 0.9481
0.5752 -8.3887 0.2676 -0.8928 -1.4701 2.0091
-0.4591 -3.9834 -1.418 -0.879 0.2673 1.3326
-0.9188 -1.8381 0.1143 0.0307 0.1725 0.213
-6.2052 -17.0461 3.6769 0.5197 -0.6243 -1.2826
1.4563 -9.8444 -0.5752 1.651 -0.995 -1.0099
-0.2682 -9.5002 0.7661 0.6326 0.344 -0.8437
-2.2212 -9.6145 -0.0006 0.4771 0.3089 -0.5668
-0.996 -8.8873 -0.0383 0.361 1.2601 -0.2951
0.1532 -9.2703 0.7278 0.6199 -0.2856 0.0788
-0.8428 -9.3853 -0.9577 -0.2142 0.0489 -0.3388
-0.076 -11.7597 1.9531 -0.0726 -1.615 -0.3068
2.5666 -14.212 2.873 -0.3517 -0.2387 -0.6062
-1.3018 -12.2577 -2.2224 -1.2976 -0.3655 0.1939
3.9846 -6.1669 1.3018 -0.5082 -1.0291 0.2961
-2.068 -7.9673 0.8805 0.148 -1.6384 0.9768
2.3373 -6.3201 -0.3837 0.2854 0.654 0.1118
1.4946 -6.7415 0.5357 0.9725 0.7179 -1.2442
-3.8301 -11.7214 -4.0995 0.3387 -0.3623 0.1683
2.4906 -7.3544 0.8805 -0.3016 -1.173 -0.2333
-0.1915 -9.5002 1.2641 0.8489 1.6543 -0.1566
1.8777 -9.8827 0.0377 0.2588 -0.3506 -0.0202
0.498 -9.5385 1.2641 -0.0884 -0.4881 0.0853
0.92 -9.4613 1.3402 0.1246 -0.0268 -0.0735
0.3448 -9.4619 1.1492 0.0671 -0.1163 0.0256
0.7278 -9.5002 1.2258 0.0479 0.0851 -0.0234
0.7667 -9.5762 1.2252 0.0618 0.0456 0.015
0.4986 -9.5762 1.3018 0.0064 0.1234 0.0224
0.4214 -9.5002 1.1109 0.0991 0.3812 -0.0234
0.6512 -9.4619 1.0343 -0.0213 0.2725 -0.0532
0.8051 -9.4996 1.3018 0.0011 0.1383 0.0405
0.5752 -9.423 1.072 -0.0309 0.0786 0.015
0.8045 -9.347 1.4174 0.0287 -0.063 0.0032
0.5363 -9.4236 1.3408 0.0937 0.1181 -0.033
0.3448 -9.5768 1.2641 0.0628 0.1298 -0.0202
0.0389 -9.5762 1.072 0.0905 0.3301 -0.0383
0.0006 -9.5379 1.3785 0.0074 0.6177 -0.0287
1.1109 -9.4619 1.8004 0.1075 0.6571 -0.1012
1.0349 -9.3847 1.7615 0.0319 0.1554 -0.0106
0.4986 -9.3464 1.8381 -0.0469 0.1341 -0.0096
0.3071 -9.3464 1.8381 0.0937 0.0744 0.0511
0.5369 -9.3847 1.8381 -0.0224 0.0436 0.0266
0.4597 -9.3853 1.9537 0.0298 0.0308 0.032
0.3065 -9.4236 1.8771 -0.0224 0.0755 0.0075
0.4214 -9.4236 1.6472 -0.0064 0.0776 0.0075
0.3448 -9.347 1.8387 -0.0149 0.0414 0.0107
0.5746 -9.3853 1.5323 -0.0256 -0.0172 -0.017
0.1538 -9.3081 1.7615 -0.0213 -0.079 0.0107
0.3448 -9.347 1.494 -0.0075 -0.0342 -0.0043
0.2298 -9.4236 1.5706 0.0234 0.0361 -0.0192
0.2682 -9.4619 1.6472 0.0212 0.0638 -0.0224
0.3837 -9.3847 1.7615 -0.0022 -0.0086 -0.0075
0.6135 -9.3847 1.7615 0.0617 0.051 0.0064
0.5752 -9.2698 1.9531 0.0234 -0.031 0.0032
0.2687 -9.2698 1.7232 -0.0043 -0.0608 -0.0032
0.3454 -9.3847 1.7232 0.0362 0.0425 -0.0149
0.2687 -9.4613 1.7998 0.0127 0.0468 -0.0138
0.8051 -9.2698 1.8765 0.018 -0.0076 -0.0096
0.4597 -9.3853 1.9537 0.0128 -0.0918 0.0043
0.3454 -9.3847 1.8765 -0.032 -0.0641 -0.0245
0.4214 -9.4619 1.7238 0.0117 -0.0183 0.0054
0.5363 -9.5002 1.7238 -0.0107 -0.0183 -0.0053
0.5746 -9.4619 1.8004 -0.016 -0.0023 -0.0074
0.5752 -9.3847 1.7615 -0.0043 -0.0161 -0.0042
0.4603 -9.3464 1.7615 0.0063 -0.0161 0.0032
0.4603 -9.3847 1.7232 -0.0118 -0.0214 -0.0053
0.4597 -9.5002 1.7621 0.0063 -0.0012 -0.0053
0.5363 -9.4236 1.7238 0.0074 -0.015 -0.0032
0.5746 -9.4236 1.5706 -0.0033 -0.0289 -0.0064
0.5369 -9.3847 1.6466 0.0095 -0.0182 -0.0032
0.4603 -9.4613 1.7232 0.0021 0.0201 -0.0043
0.5752 -9.423 1.7615 0.0148 0.0286 -0.0011
0.6135 -9.3464 1.7232 0.0053 -0.0214 0.0
0.4603 -9.3464 1.8381 -0.0 -0.046 -0.0021
0.4603 -9.423 1.6849 0.0191 0.0414 -0.0021
0.5369 -9.423 1.6849 0.0223 0.0648 -0.0042
