-0.6512 -9.3853 2.49 -0.2977 -0.1339 0.0412
-1.1875 -9.1937 2.6049 -0.1368 -0.0977 0.1104
-1.57 -9.2314 2.8341 -0.2774 0.1217 0.283
-0.7655 -7.929 3.2938 1.0275 0.3401 0.3863
-1.5317 -11.798 2.2595 2.8257 -3.0282 0.6004
-0.3825 -6.5499 -0.92 -1.0039 1.3681 -0.2038
-3.9834 -5.0176 4.1366 -2.4559 0.4424 -0.3722
-0.4974 -4.8644 5.1326 -0.3286 -2.3273 -0.3722
-3.5626 -9.0022 4.5586 0.4193 2.541 -0.8803
-3.0646 -18.3875 5.5545 2.0512 -0.9893 1.5198
1.992 -17.8512 6.3973 0.0944 -5.1194 1.1587
0.9194 -5.3247 0.7278 -0.6832 1.9252 -0.6565
-4.1372 -6.1675 5.5162 -0.3306 2.6517 0.0625
-2.7198 -6.5122 2.6815 -0.1453 -0.4962 0.5941
3.1801 -7.7375 4.9793 -1.3224 -0.6634 0.4918
-6.5116 -18.9615 16.3949 4.8359 4.55 -0.3157
-3.6009 -16.5104 0.498 1.0797 -1.3856 -0.859
-1.4168 -2.6043 -0.7284 -1.8327 -1.229 -0.7215
-2.6809 -9.3847 3.8301 -2.8617 3.6627 -0.7674
-5.1715 -8.5808 6.6655 0.4001 -1.1747 0.7997
-1.3408 -7.3933 2.3367 0.7229 -2.4797 0.2926
1.3797 -6.8947 1.072 -0.8899 0.3379 -0.4062
-3.3327 -4.0989 3.2178 0.1743 2.2021 1.2769
-4.443 -6.2052 3.8301 -1.0028 0.4008 0.6154
-3.2944 -7.0485 4.4053 2.2036 3.2876 0.6857
0.498 -16.0124 2.1835 2.8823 -3.9222 -1.1902
-2.4511 -5.439 1.0337 -0.1143 1.9975 -0.6149
-1.4168 -1.6466 1.2635 -2.1116 -1.2686 -0.0194
-2.3744 -8.1588 6.7415 -0.5521 2.773 -0.4466
-4.2904 -11.8369 7.6231 2.4978 -3.0274 1.3601
2.414 -16.3183 2.6426 -0.0419 -0.5186 -0.2357
-0.6506 -4.0983 2.2595 -1.236 1.5331 -0.583
-5.2475 -3.1023 5.2475 -1.4555 0.6809 1.2034
-0.076 -5.4007 1.2252 -0.175 -1.6787 0.3853
-0.6889 -16.8929 16.4332 3.5523 2.7986 0.0881
-3.2172 -10.6105 0.3059 1.6434 0.6276 -0.6512
-1.4934 -3.562 1.4934 -1.302 -2.9453 -0.2751
-1.2641 -3.1795 0.9577 -3.6222 1.6598 -0.0141
-5.1326 -14.1731 7.5076 0.5558 -1.4082 0.6218
1.4946 -16.28 4.5197 -0.4871 -2.8154 0.4738
1.9543 -6.5499 -0.8051 -1.1816 1.1282 -0.3305
-1.4557 -2.9497 0.6129 -0.6895 4.4795 0.9553
-7.2395 -5.2858 6.4733 -1.4639 -0.4217 0.8019
-1.57 -4.7878 2.7192 0.5761 2.7677 1.8299
-1.2641 -14.4418 7.2784 3.0528 -1.6681 0.6506
-2.7964 -9.0405 0.3448 0.3694 -0.4345 -0.2165
-2.375 -2.7581 -0.4597 -0.9505 -1.5349 -0.7715
-2.5666 -6.7038 1.6855 -3.179 5.0569 -0.1142
-4.5203 -16.8552 8.1594 1.5646 -3.4364 1.6914
1.5323 -13.9055 2.7581 0.7539 0.2781 -0.9025
0.1149 -5.1332 0.8811 -0.5808 2.3714 -0.2016
-2.9108 -6.0519 5.3624 -1.6003 -2.3211 0.4205
-2.2978 -7.8524 2.7958 -1.0283 3.0457 1.0841
-3.4471 -18.2719 1.3785 2.7119 -2.2316 -0.0621
-4.2138 -7.7764 -3.4477 0.2607 1.5341 -1.1348
-1.8765 -6.0903 2.3361 -2.2778 2.1722 0.2543
0.9583 -11.8363 4.443 -0.8834 -1.1823 0.4716
-0.4591 -7.6992 1.7998 -0.6426 1.1155 -0.4498
-2.4128 -9.8444 2.0297 0.1648 1.0111 -0.2059
-0.3442 -10.2274 1.2252 0.1286 -2.4968 -0.0067
-1.072 -10.0742 2.0297 0.0775 1.239 -0.0738
-0.6512 -9.5768 1.1875 -0.1462 0.1557 -0.0589
-0.6123 -9.3847 1.57 -0.1026 0.4209 0.0082
-0.4208 -9.2314 1.2635 0.07 0.162 -0.0354
-0.1909 -9.4613 1.2635 0.1286 -0.1895 -0.0088
-0.3825 -9.6911 1.3018 0.037 -0.3855 0.1041
-1.0337 -9.1548 1.3402 -0.1526 0.0598 0.0754
-0.5357 -9.5379 1.2635 0.0306 -0.0925 0.0402
-0.6506 -9.5379 1.1486 0.1371 -0.0904 0.0242
-1.0337 -9.423 1.5317 0.0093 0.1013 0.0018
-0.8422 -9.4613 1.6083 0.0274 0.1024 0.0487
-0.8422 -9.4996 1.4934 0.0572 0.111 -0.0429
-0.8422 -9.423 1.57 -0.0025 -0.0456 0.0583
-0.3059 -9.8827 1.4551 0.1392 -0.1511 -0.0504
-1.4551 -9.2698 1.3018 -0.1207 0.5818 -0.0898
-1.1492 -9.232 1.5706 -0.2283 0.1418 -0.0035
-1.0343 -9.3853 1.8771 0.1467 -0.035 -0.0227
-0.9571 -9.4613 1.6083 0.0572 -0.2587 0.0274
-1.0337 -9.1931 1.3402 -0.027 0.1205 0.0008
-0.4591 -9.6145 1.3785 0.0625 -0.068 -0.0046
-0.9188 -9.4996 1.4551 0.0178 -0.0158 -0.0163
-0.4974 -9.5379 1.4168 -0.044 -0.1405 0.0231
-0.9571 -9.4996 1.6083 -0.0461 -0.003 0.0157
-0.8805 -9.3464 1.3018 0.005 0.1461 -0.094
-0.3825 -9.3464 0.9188 -0.0184 -0.1948 -0.1793
-0.7272 -9.1165 1.2635 -0.1218 0.1078 -0.0088
-0.8811 -9.3087 1.8771 -0.012 -0.0733 0.0434
-0.6123 -9.5762 1.3402 0.1808 0.1397 -0.0301
-0.3442 -9.5762 1.1103 -0.0035 0.1568 0.0061
-0.4591 -9.5379 1.3402 -0.0515 0.063 0.0647
-0.4597 -9.5385 1.4174 0.0008 0.128 -0.0003
-0.9194 -9.4619 1.6089 0.1115 -0.1767 0.0711
-0.4597 -9.5768 1.3024 0.054 0.046 -0.0141
-0.5363 -9.5768 1.494 0.0061 -0.117 -0.0152
-0.8045 -9.347 1.7998 -0.1196 -0.0723 0.0455
-0.9194 -9.3087 1.7238 0.0369 0.0322 0.0263
-0.6512 -9.347 1.1492 0.0806 0.0865 -0.0088
