1.1109 -8.5425 2.4134 0.4033 0.2951 0.2087
-0.1149 -8.9256 0.8811 0.3042 0.391 0.1267
0.4597 -8.849 3.4477 0.2169 0.7372 0.0201
0.7284 -8.2355 4.2515 -0.124 0.4762 0.035
-0.3448 -8.5808 4.5203 -0.4084 0.3675 -0.0022
-0.7278 -11.6071 3.7541 -0.5821 0.3089 0.0605
0.8428 -11.2623 3.7541 -0.5374 -0.1151 -0.0321
0.6512 -6.6655 3.4093 0.7473 -1.68 -0.079
1.4563 -14.9009 3.1023 2.1375 0.5805 -0.3688
-0.4974 -7.3927 6.6266 1.5718 -1.1835 -0.9568
0.3071 -8.2738 4.0983 -0.5182 -0.5795 -0.3005
1.6478 -2.9491 3.1406 -1.5685 -0.8469 0.6923
2.5289 -16.9312 2.7958 0.5663 2.726 -0.977
-1.9531 -11.415 0.8805 -2.1065 0.5603 0.6273
0.0006 -8.5802 2.7192 -0.6684 -0.621 0.5549
-0.9954 -6.3201 3.2938 0.7134 -1.1067 0.7404
0.3454 -7.7375 4.2132 -0.2837 0.5945 0.4176
1.1115 -11.3766 1.7232 -0.6331 0.3005 -0.8383
-2.1063 -7.8907 0.9188 0.3757 0.1184 -0.6253
1.9926 -10.1891 1.8765 1.5368 -1.846 -0.5038
-0.5357 -5.5923 2.6809 -0.4713 -0.8021 -0.8704
1.9926 -7.2012 1.3785 1.2544 0.3707 -0.3378
1.5706 -8.1977 4.4819 -1.4705 -0.6817 0.4537
0.6135 -9.3081 2.3744 0.0038 2.6983 -0.2568
0.1538 -8.8101 0.9954 -0.4063 0.9758 0.1661
1.6478 -8.0056 1.9914 -0.7109 -0.5294 0.4889
0.6129 -6.4356 1.992 0.3852 1.0749 0.4996
1.9543 -8.3121 3.6003 -0.1581 0.4379 0.2301
-0.1526 -11.1851 4.4813 -0.1911 -0.4015 0.1448
-1.0337 -13.4452 3.4854 -0.0238 -0.0244 -0.6914
0.1921 -10.8787 2.1446 0.5259 -0.3791 0.1471
2.6432 -7.6231 0.2682 1.1938 -0.2161 -0.5901
1.5329 -6.0519 3.2555 1.3185 0.0364 -0.3557
1.1498 -8.1588 4.0983 -0.5266 -0.3983 0.2504
6.3213 -14.6328 5.8987 -1.2659 -0.7604 -0.3589
-1.5317 -9.9976 3.4087 -1.1892 1.2252 0.5241
0.6901 -8.3887 1.6849 -0.142 1.1197 0.1726
1.0732 -8.6185 2.8341 -0.1825 -0.6678 0.5646
0.0766 -6.2441 2.49 0.6867 0.6723 0.5007
1.3024 -6.857 1.9537 -0.4339 0.5807 0.4283
1.4174 -10.0365 4.367 -0.1101 0.0278 -0.1407
0.1155 -13.9432 1.7232 -0.1165 -0.4537 -0.6989
0.7661 -11.3006 3.2944 0.6483 -0.8 -0.0054
1.7621 -8.8107 0.0766 1.1479 -0.7861 -0.5849
0.2682 -4.0606 3.8307 0.9424 -0.4463 -0.3196
1.5329 -8.8867 4.443 -0.5862 -0.2268 0.3452
5.861 -16.6253 6.2441 -0.7226 0.7501 -1.0194
-0.4597 -10.0365 4.0606 -1.2893 -0.4771 0.3367
1.8771 -9.8833 2.5283 -0.5788 0.6627 0.2238
1.0726 -7.355 2.1835 -0.1452 0.0119 0.489
-0.2298 -6.3973 -1.7621 -0.3807 0.8618 0.3269
2.375 -10.228 4.4819 -0.0889 -0.295 0.4569
-0.1909 -9.9593 6.7798 0.0944 -0.0202 -0.1876
-0.1915 -13.1011 1.5323 -0.1996 -0.0745 -0.7575
2.6438 -10.802 2.9491 1.3237 -1.1888 -0.2355
-0.1909 -7.7375 1.4934 1.0287 -0.524 -0.7456
0.8428 -6.1292 3.6392 1.4878 -0.2459 -0.4899
1.1498 -7.7758 4.7878 0.3608 -0.1479 -0.0947
3.7164 -6.5882 5.7072 -0.5426 -0.28 0.4528
4.2527 -12.3343 6.1286 0.3246 -0.0616 -0.4324
1.7627 -13.79 3.8684 -1.3628 1.2028 0.358
0.8045 -7.355 2.5283 -1.1231 0.9461 -0.1149
0.0006 -8.2355 2.9874 -0.3891 0.4795 0.0321
1.9926 -7.2778 1.6466 -0.093 -0.5453 0.4262
0.92 -8.3504 1.2635 0.2756 0.4753 -0.0127
0.7284 -9.1165 1.7232 -0.6491 0.1301 -0.0968
1.4563 -9.3464 2.8341 -0.3614 0.5946 -0.3578
0.1921 -9.5379 1.7998 -0.3252 -0.4515 0.0054
2.4523 -8.6185 0.3825 -0.1175 -0.0755 0.1354
0.92 -9.1165 0.9954 -0.0898 0.0108 -0.1075
1.6861 -9.6911 1.1486 -0.1611 0.0194 -0.0009
1.1115 -9.6145 1.1486 -0.1941 0.013 0.0694
1.4563 -9.3464 1.2252 -0.0706 0.0908 0.0407
1.303 -9.1548 1.3402 -0.0759 0.127 -0.0062
1.5712 -9.0399 1.1103 -0.094 0.0162 0.0002
1.2264 -9.1931 1.0337 -0.0535 -0.0637 -0.0254
1.2647 -9.3464 0.9571 0.0008 -0.053 -0.0328
1.0732 -9.347 0.9571 0.0264 -0.0562 -0.0403
0.8817 -9.3464 0.9571 -0.0099 -0.0115 -0.0147
1.0732 -9.4613 0.9571 -0.0354 0.0418 -0.0328
1.0343 -9.2703 1.1109 -0.029 0.0492 -0.0317
1.1875 -9.2703 0.996 -0.0375 0.046 -0.0477
1.2258 -9.347 0.996 -0.0088 0.0247 -0.0307
1.1492 -9.3087 0.996 -0.028 0.0428 -0.0499
1.1881 -9.3081 0.8805 -0.0322 0.0034 -0.0285
0.9966 -9.423 0.9188 -0.0269 0.0077 0.0013
1.2647 -9.3847 0.9571 -0.0046 0.0491 -0.0447
1.2264 -9.3081 1.072 0.0114 0.0108 -0.0415
1.1115 -9.2698 0.8805 -0.0067 -0.0308 -0.0361
1.1498 -9.423 0.9571 0.0369 -0.0467 -0.0319
1.0732 -9.3464 0.9954 0.0327 -0.0425 -0.0319
1.1115 -9.1548 0.9954 0.0147 0.0035 -0.0445
1.0732 -9.3464 0.9954 0.004 -0.004 -0.0253
1.2647 -9.3464 1.1486 -0.0056 0.0248 -0.0157
0.9966 -9.3081 1.072 -0.0215 0.0301 -0.0189
1.1881 -9.1931 1.1103 -0.0173 0.0471 -0.0413
1.303 -9.2698 1.1486 0.0222 0.06 -0.0498
