3.4099 -8.5036 1.4168 0.5022 0.4518 -0.0165
3.295 -8.4653 1.2635 0.777 0.276 -0.181
2.414 -10.2274 1.4551 0.4106 -0.001 -0.2609
2.6438 -12.2194 1.7232 -0.3415 -0.6263 0.0566
5.4019 -10.4573 -0.1538 -2.0864 -0.213 0.8907
6.8193 -8.3504 3.9834 -0.6366 -0.6764 0.6126
1.9926 -8.1588 4.9027 -2.0683 -4.0895 0.9471
3.4482 -5.8604 0.9188 -0.8336 0.8619 0.3729
2.49 -6.857 -0.5363 0.6471 0.5146 -0.0276
2.1069 -10.0748 -5.0949 0.8047 0.0757 -0.524
3.2561 -10.1514 -2.375 0.8868 0.5029 -0.3376
4.5203 -5.3247 1.2258 0.5959 0.0054 -0.1693
5.0182 -9.9599 3.0263 -2.2781 0.6882 -1.4274
1.8771 -8.4659 -0.498 1.8828 -0.392 -0.2055
2.6821 -8.0056 -0.1921 2.1597 1.1995 0.1737
5.785 -9.0399 1.3402 0.5384 -1.5542 -0.2971
0.8428 -11.5688 0.9577 0.2817 0.3633 0.1428
6.9342 -9.8827 -1.2264 -3.0547 0.3986 1.464
6.3979 -7.0479 5.3241 0.0484 -1.6691 0.7087
-0.4974 -7.0862 -1.6095 -1.6741 -3.0689 0.8227
3.0263 -4.0223 0.8045 0.123 0.8886 0.012
4.0223 -9.8833 -1.7238 0.8719 -0.2715 -0.5696
3.5249 -7.5459 0.1526 -0.1306 0.8927 0.2017
5.5168 -7.431 2.1829 1.5951 1.3369 -0.2947
-0.9954 -12.7557 1.5317 -2.4198 -0.3632 -0.9189
5.1721 -7.9673 0.076 0.3456 0.5252 0.3477
3.1801 -8.427 1.9148 2.4793 -1.257 -0.1626
4.0995 -10.0359 -1.5329 2.3366 2.9274 -0.4971
2.1075 -10.8787 0.0377 0.043 1.2016 -0.0358
1.4946 -13.0239 -0.0006 -2.912 -0.1491 1.1669
7.777 -11.1085 5.2092 -0.6994 1.1516 0.7141
1.9543 -5.7072 -0.4986 -0.7985 -0.6157 0.9485
3.5249 -4.1366 0.0377 -0.0496 0.9449 0.0955
4.1372 -6.8953 0.7278 1.2777 0.8938 -1.0454
-2.873 -15.6677 -5.0182 -0.693 1.909 0.5535
9.1554 -12.4498 3.9073 1.233 -1.1196 -0.0931
4.0223 -5.0182 2.4134 -0.1657 -0.2503 -1.381
2.0686 -8.1594 -0.3448 -0.5215 -1.0311 -0.9033
1.1492 -9.3853 2.7581 2.2727 0.7309 -0.2311
8.1977 -8.5425 -2.0686 -0.6802 -3.2586 -0.1512
1.2264 -10.5722 1.8765 0.4287 1.9857 -0.5411
0.6135 -13.1005 1.072 -1.6571 0.8374 0.6467
9.347 -11.4156 -0.0383 -1.8244 -0.4538 1.8369
4.9799 -7.0485 4.1755 -1.3141 -1.9974 1.2329
1.4557 -6.3207 1.0343 -0.9445 1.1548 0.7269
2.375 -3.2944 1.0343 0.6492 0.4847 -0.3873
2.1835 -14.2503 -7.2018 1.6303 -0.9587 -0.3756
5.0182 -9.1937 3.7541 -0.4203 0.2695 -1.0912
2.299 -5.6689 2.4894 -1.4973 -0.2642 -1.3011
1.8777 -9.0016 0.3442 0.7557 -1.3358 0.1477
3.7164 -7.9673 0.6123 1.6878 2.1401 -0.1261
4.5586 -8.2361 -1.5706 2.3131 2.1721 -0.4254
0.8428 -10.1514 0.3831 -0.1029 -1.5106 -0.3828
2.1835 -12.8329 -0.3448 -0.0156 0.3675 0.6036
6.0142 -10.6877 -0.4214 -2.3538 0.2407 1.5848
4.9039 -5.1709 2.9874 0.0207 -0.3377 0.3267
2.1458 -6.8947 2.6809 -0.5493 -2.6557 0.1126
3.9846 -8.2355 0.574 -0.0688 0.5177 -0.1183
2.414 -9.5762 -3.1035 0.3786 -0.3537 -0.2536
2.299 -9.3464 -0.1921 -0.626 1.2591 -0.3687
5.785 -8.5419 -0.422 0.8622 -1.1047 -0.0086
2.4523 -6.8947 0.1909 -1.5804 -0.1534 -0.2973
3.7158 -9.5768 1.9537 0.6928 0.1129 0.0644
2.7581 -8.3127 -2.1835 2.165 3.3332 0.2327
3.2178 -9.1937 -1.6472 -1.0723 0.7062 -0.2872
2.9497 -9.0022 1.3024 -0.202 -0.6434 -0.0113
3.486 -8.8107 0.6895 0.4063 1.224 0.1996
4.7118 -8.2361 1.4174 0.0196 -0.0533 -0.1415
3.3716 -9.0399 0.8805 -0.252 -0.4592 -0.1522
3.8313 -8.427 0.7655 0.157 -0.1374 0.0247
3.6015 -8.7334 0.4974 0.2124 0.3952 -0.0648
3.793 -8.6185 0.6506 -0.202 -0.049 -0.0041
3.9462 -8.5036 0.8039 0.1676 0.0969 0.0215
3.9462 -8.6951 0.7655 0.0036 0.2428 -0.0051
3.869 -8.4276 0.9194 -0.0646 -0.1748 0.0577
3.9079 -8.5419 0.8039 0.01 0.1672 0.029
3.9079 -8.5419 0.8422 0.0558 -0.0352 0.0482
3.7164 -8.6568 0.9188 -0.039 -0.0906 0.0383
3.9079 -8.6185 0.8805 0.0548 0.0319 0.0265
3.8313 -8.6568 0.9188 0.0207 -0.0863 0.0585
3.8307 -8.734 0.9194 0.0366 0.017 0.0223
3.7164 -8.6568 0.8422 -0.0134 -0.0043 0.0446
3.7547 -8.6568 0.9188 -0.0091 0.0224 0.0385
3.7164 -8.6568 0.8422 0.0122 0.0213 0.0385
3.7158 -8.6574 0.9577 -0.0464 -0.0341 0.0353
3.6398 -8.7718 0.8422 0.0228 0.0384 0.0278
3.7547 -8.7334 0.8422 -0.0219 0.0086 0.031
3.7164 -8.6951 0.9571 -0.0124 -0.0075 0.0276
3.793 -8.6185 0.8422 0.0143 0.0404 0.018
3.7158 -8.734 0.7661 -0.0166 -0.0075 0.0255
3.6781 -8.6185 0.8805 0.0079 -0.0373 0.0191
3.7158 -8.6957 0.8428 0.0217 0.0117 0.0244
3.5243 -8.6957 0.8045 -0.0315 0.0075 0.0135
3.793 -8.6951 0.8422 0.0281 0.032 0.0241
3.7541 -8.6957 0.8811 -0.0123 -0.017 0.0188
3.793 -8.6185 0.8805 0.0569 0.0394 0.023
3.6781 -8.6568 0.8805 -0.0635 -0.0479 0.022
