-0.2676 -8.6185 -1.7627 -0.0297 -0.6404 -0.0674
0.3454 -8.5419 -1.8393 0.0342 -0.3922 0.1605
2.4523 -9.1165 -0.7284 0.1866 -0.0311 -0.0674
-3.1789 -10.0359 0.5357 0.4316 -0.4433 0.1701
-1.1869 -4.9027 1.1103 0.1599 0.4323 0.1872
-0.5357 -7.929 -0.0006 -0.3983 -2.658 0.8849
-0.4214 -10.2663 1.1109 0.1184 -0.0364 -0.0142
-0.6889 -8.1588 1.0337 0.6574 -0.0566 -0.2421
-2.1063 -9.0399 0.9188 1.1144 -0.6255 0.0021
0.0772 -9.2314 0.6889 -0.6401 1.1737 0.4719
1.0349 -12.8323 0.9188 0.4103 -0.8162 -0.1278
-3.4087 -9.1165 -4.7124 -2.8409 2.4329 -1.4051
-4.3281 -10.1125 4.6729 -0.1916 -1.9475 -0.2077
-0.6506 -7.0862 -0.6518 -0.2428 -1.5768 -0.4734
0.3448 -12.6414 -4.7118 0.5594 0.884 0.1732
-5.0949 -14.3269 0.8428 -0.4761 0.8989 -0.2113
-4.0606 -7.3933 1.6089 1.1176 -1.3307 0.479
-1.6472 -7.6231 2.2984 -1.1248 -2.7752 1.4832
-0.6512 -9.1554 0.3831 2.3682 -0.0258 0.0184
-0.4208 -9.921 1.1103 -0.6966 -0.5765 0.5074
2.1841 -13.0239 -0.3071 0.1301 1.1119 -0.0668
-4.0217 -12.296 -1.1498 -2.3243 -1.8048 -1.814
-4.9416 -11.9902 3.9073 -0.2822 0.4855 -0.4441
1.4557 -5.861 0.0766 -0.2726 -1.1646 -0.7275
-2.6049 -4.6352 0.1915 0.44 -0.8184 0.0832
0.3065 -13.3692 -5.363 0.243 1.1694 -0.1799
-4.6735 -10.9176 1.5323 0.1972 1.5242 0.2182
-3.1412 -6.7804 1.3791 -0.0202 -1.5971 0.999
-1.6089 -9.1554 2.2218 -0.0095 -1.3169 0.9564
0.3837 -8.2355 -0.8434 1.1389 1.4293 0.1841
-0.6506 -9.0399 -0.5369 2.6451 1.0959 -0.2942
-0.3442 -9.7294 1.6466 -0.7818 -1.3627 0.5481
1.8393 -11.5299 1.072 -0.6167 -0.3773 0.5055
-3.2172 -13.0622 -6.3596 -2.1432 5.7394 -2.8256
-5.9753 -14.8626 4.7495 -1.0194 -3.4219 0.0336
-0.7655 -6.2818 1.3018 -1.6532 3.2893 -0.8059
-4.5203 -4.3287 0.0383 -0.3216 -1.0751 -0.1507
-2.1452 -4.9799 0.1149 2.5514 1.3218 0.9923
-0.1143 -11.2617 -3.6781 0.4507 0.5931 -0.2423
-1.2641 -6.8953 3.2944 -0.9682 -0.7182 0.2541
-3.0263 -8.849 1.8771 0.2323 -2.9968 0.906
-0.6895 -7.9679 0.5746 0.1301 -0.192 -0.0463
-0.1532 -8.4659 1.0726 1.3508 0.9191 -0.0517
-2.9497 -9.1554 -2.9113 0.0299 3.0443 0.2466
0.3448 -9.9599 0.9194 -0.4154 -2.1542 0.938
-1.8381 -13.4835 -2.8353 -2.0974 3.8081 -2.1012
-4.7495 -14.4029 3.9067 -0.8138 -2.9393 -0.193
-1.5323 -5.7078 1.6089 -2.0324 2.4978 -0.7523
-1.9537 -5.7844 0.4597 2.611 -0.1941 0.8211
-0.3442 -12.0279 -4.3293 0.1119 0.4173 -0.6617
-1.5706 -5.5162 2.988 -1.3283 -1.1933 0.6199
-1.1869 -7.7375 0.8422 0.4603 -0.323 0.1022
-0.3442 -9.2698 1.9148 0.7373 -0.1994 0.1032
-0.9577 -9.3853 0.9577 2.6132 -0.7448 -0.0523
0.2682 -8.849 2.8347 -1.5339 -2.3704 0.2843
-0.9577 -9.3087 0.498 -0.0212 -0.3561 0.3622
-0.1149 -12.3732 1.9537 -0.8788 0.804 -0.5305
-3.2178 -7.9679 3.1029 -1.6436 -1.3787 -0.1257
-3.6009 -9.0022 3.3327 0.0746 -1.4501 0.2695
-1.6855 -8.5042 -3.2561 1.664 4.4089 -0.5347
-0.0383 -9.232 -0.2682 -0.3866 -2.7774 0.4653
-3.2555 -10.4956 0.5357 0.3878 -0.9451 0.1255
-1.072 -7.8907 1.072 -0.3046 -1.2029 0.5122
-2.4511 -9.5762 1.1486 0.4187 -0.0056 -0.2995
-1.9148 -9.3464 1.4551 -0.2407 -0.3784 0.2864
-2.2212 -9.0399 1.4168 0.1503 0.2064 -0.1255
-1.57 -9.4613 1.2635 -0.05 -0.0972 0.0673
-1.8381 -9.3847 1.2635 0.0629 0.1937 -0.0754
-1.6849 -9.3464 1.2635 -0.0691 0.02 0.0013
-1.7615 -9.2698 1.3402 0.0012 0.1734 -0.0243
-1.57 -9.3081 1.1103 0.0235 0.0541 -0.0191
-1.6083 -9.3081 1.2252 -0.0031 0.0072 -0.0063
-1.494 -9.3087 1.2258 -0.0074 -0.0471 -0.0084
-1.7232 -9.3081 1.2635 -0.0031 0.02 0.0182
-1.5706 -9.3087 1.3024 0.0395 0.02 0.0012
-1.5706 -9.347 1.1875 0.0395 0.0115 0.0044
-1.6849 -9.3081 1.2635 -0.001 -0.1089 0.0246
-1.6849 -9.2698 1.3785 0.0065 -0.0493 -0.002
-1.7232 -9.3081 1.3402 0.0065 -0.0237 0.0076
-1.7238 -9.3853 1.3024 0.0011 -0.0674 0.0161
-1.6855 -9.3853 1.3408 -0.0138 0.0007 0.0211
-1.6855 -9.347 1.3408 -0.0032 -0.0025 -0.0002
-1.5706 -9.232 1.3791 -0.017 -0.0429 0.0115
-1.494 -9.232 1.3024 -0.0117 -0.0419 0.0051
-1.7238 -9.2703 1.3408 -0.0053 -0.0003 0.003
-1.57 -9.3464 1.3402 0.0054 -0.0663 -0.0089
-1.57 -9.3464 1.2252 -0.0074 -0.0717 0.0039
-1.6083 -9.3081 1.3402 -0.001 -0.0237 -0.01
-1.6466 -9.3081 1.2635 -0.0074 -0.0067 -0.0079
-1.6083 -9.3081 1.2252 0.0032 -0.0301 -0.0025
-1.5323 -9.347 1.2641 0.0107 -0.0046 -0.0038
-1.6089 -9.3087 1.2258 -0.0021 0.0103 -0.0091
-1.494 -9.3853 1.2258 -0.0117 -0.0089 0.0069
