-2.6432 -9.0405 1.0343 -0.0377 0.085 0.2394
-2.1829 -9.5762 0.076 0.0646 0.9862 0.0455
-2.3744 -9.5762 -0.0006 -0.125 1.2398 -0.4083
-3.2938 -10.0742 0.1526 -0.5202 1.0768 -0.1579
0.3837 -9.8827 0.2676 -0.7792 0.3108 -0.8711
-1.6466 -7.9673 -0.3071 -0.0878 0.413 0.9526
-0.4974 -9.1548 -1.3797 0.8517 0.1116 0.7992
-1.5317 -9.3081 -1.303 0.0176 -0.6661 0.9622
0.2298 -7.5082 -0.996 -0.1815 -0.862 0.2894
-4.4047 -9.2698 -2.8353 0.5993 1.3378 -0.2634
-2.0297 -9.5379 2.3361 -0.6374 -0.3081 0.2532
-5.2098 -18.6556 0.2682 1.2332 -1.1688 1.4026
-1.2258 -8.9639 0.0383 -0.9336 -0.356 -0.2038
-2.2595 -6.3967 0.7272 1.4462 -0.3336 0.0029
0.4603 -6.3967 -0.2687 -0.0313 0.4972 -0.2965
-2.6049 -7.9296 2.2984 -1.6015 -2.4535 1.2993
-1.5706 -15.5144 -1.4557 2.7277 4.378 -1.7144
-4.0606 -10.4579 0.5363 -1.4705 -1.122 0.4683
-1.8004 -5.9376 -0.3065 0.3873 -0.1526 0.8305
-2.1063 -8.5802 -1.1498 -0.2912 -1.8197 1.1732
1.1498 -7.5076 -0.7284 0.6686 -1.1124 1.1402
-3.4087 -8.8484 -1.9543 1.0073 1.946 -0.6143
-2.6809 -12.1811 3.1023 -1.8401 -2.9851 0.5223
-1.9914 -10.419 0.9571 -1.2447 -0.7566 0.305
-1.4934 -6.2052 -0.0006 0.7378 -0.6639 0.14
-2.6815 -7.0485 -5.5929 2.243 5.4017 -0.4651
-2.2984 -7.2784 0.8045 -1.6931 -1.9443 0.7365
0.3831 -9.1937 0.4597 -0.1229 1.293 0.1485
-5.4773 -14.786 -1.2647 -0.7077 0.2192 -0.6302
-0.6512 -8.9256 -0.3065 0.3341 0.8967 0.288
-1.9148 -4.6729 0.3825 -0.8942 -1.5321 1.1359
-1.6849 -9.4613 -2.8353 1.8904 -0.1579 0.4723
-1.6083 -13.4452 -6.5511 1.3322 3.1583 -1.4676
-10.0748 -19.2302 4.367 0.5013 -3.6136 0.2507
-3.1406 -7.8907 1.8381 -0.0804 1.0991 0.361
-3.064 -7.8141 2.068 1.591 4.118 -0.1684
-1.1492 -8.3893 2.8347 -0.8133 2.5819 1.3315
0.8811 -10.2663 -0.6512 3.5437 -1.9241 1.6457
-1.3402 -13.6368 0.4974 -0.123 2.1452 -1.4552
-7.355 -11.3389 -4.5969 -2.4591 3.4768 -1.9921
-5.7844 -6.1675 3.2944 -1.2053 -0.0088 0.5901
0.2682 -7.8913 0.6129 0.2477 1.0075 0.1299
-4.367 -4.1372 -0.3065 0.6696 -0.0354 0.8106
-3.0263 -11.4922 -3.984 3.1751 4.5921 0.1299
-2.1063 -15.7437 -0.6518 0.479 3.0465 -0.6639
-5.2858 -7.4693 2.4128 -0.9889 -1.0921 0.9873
-2.7198 -9.1171 4.367 -0.1261 -0.6457 0.7678
-0.9194 -8.1594 0.6129 1.0265 2.2912 0.5111
-0.574 -9.7294 0.8422 1.9554 1.7501 0.3354
-2.9491 -8.8101 -0.6901 -0.0047 1.8629 -0.0498
-0.9571 -10.5339 0.1143 -0.6801 -0.1025 0.3806
-9.3081 -12.0662 -2.2224 -1.7304 4.1628 -1.8873
-7.1245 -8.427 4.0217 -1.0593 -1.3595 0.207
-0.5746 -6.1675 -0.3831 1.3652 1.9162 0.7098
-2.988 -7.355 -0.3831 0.4022 -0.4563 0.7501
-1.6466 -8.9633 -3.7164 1.7401 0.8444 0.4231
-1.9531 -7.8907 -1.418 -0.0399 -1.1615 0.5072
-3.1023 -14.3646 -2.5289 -0.1486 1.2556 -0.3961
-2.8347 -14.5184 -3.371 -0.9752 2.0983 0.3485
-1.9154 -9.0405 0.8428 -0.2253 -2.1511 0.5314
-1.4551 -9.1548 -2.6821 1.4121 5.342 -0.4113
-0.8422 -6.5116 -0.5369 -1.7102 -1.3798 0.3684
-1.57 -9.1548 0.1909 -1.1382 0.4216 0.5218
-1.1109 -13.9438 -1.8004 1.5452 1.9971 -2.4758
-0.7272 -7.0862 0.2292 -0.0603 -0.5703 1.1873
-2.7198 -6.3207 -0.0383 -0.1945 -1.2638 1.1596
-0.6123 -8.7718 -1.5329 1.2149 -0.4148 0.6525
-4.6346 -10.4956 -0.4603 0.5246 3.9528 -1.1382
-3.7535 -15.3989 2.6043 -1.1543 -3.7438 0.5641
-0.8428 -5.2481 0.8045 -1.5004 -0.4574 -0.261
-2.7575 -5.8604 0.574 -0.4085 -2.5953 0.4634
-2.8724 -6.8564 -2.1841 1.8594 5.8916 -0.7116
-1.5317 -7.5459 0.3059 -1.2938 -0.8547 0.5348
-1.3402 -13.5602 -1.1115 0.3425 1.8383 -0.4122
-5.4007 -11.0702 -0.1538 -1.5719 -0.4851 -0.3275
-2.7192 -6.9713 -0.1538 -0.121 -0.2785 0.5268
-4.4436 -5.2481 0.3831 0.2156 -1.0529 1.7689
0.2687 -11.0319 0.8805 0.5512 0.8869 1.754
-6.5499 -12.4876 -4.5975 1.1712 -1.4929 -0.8794
-3.7535 -6.8181 0.8805 -1.2906 -1.7272 0.5009
-3.0257 -10.1125 1.6466 -0.2478 -1.332 0.4359
-3.1406 -8.4653 1.2252 0.0047 -0.451 0.2207
-3.0257 -9.3081 0.9188 -0.2744 0.251 0.1813
-2.9108 -9.3464 1.6849 0.2039 0.055 0.2516
-2.9113 -9.0022 1.4557 -0.0411 -0.3754 0.1621
-3.1412 -8.8107 1.3791 -0.1167 -0.0558 0.2505
-3.4477 -8.9639 1.6089 -0.2179 -0.1592 0.3517
-3.1789 -9.0016 1.0337 0.1592 0.2435 0.1972
-3.1023 -9.0016 1.2635 -0.0539 -0.2561 0.2995
-3.3327 -8.9256 1.3791 -0.055 0.0571 0.2672
-3.1789 -8.925 1.2252 0.01 0.0209 0.2768
-3.2938 -8.925 1.2635 -0.0123 -0.1315 0.2906
-3.2938 -9.0016 1.2635 0.0281 -0.0036 0.2789
-3.2178 -9.0405 1.1875 0.0239 -0.0281 0.2651
-3.2561 -8.9639 1.3408 0.0271 -0.0292 0.264
-3.1406 -9.0016 1.4168 -0.0092 -0.0644 0.2614
-3.2944 -9.0022 1.3791 -0.006 -0.0229 0.2529
-3.2178 -9.0022 1.3791 0.0132 -0.009 0.254
-3.1795 -8.9256 1.4557 0.0004 -0.025 0.2604
-3.1029 -9.1171 1.4174 -0.0262 -0.0559 0.2518
-3.2555 -8.8484 1.4551 0.0622 -0.0601 0.2529
-2.9874 -9.0399 1.4551 0.0494 0.0123 0.2572
-3.1795 -8.9639 1.4174 0.0079 -0.0175 0.2689
-3.0646 -9.0788 1.4174 0.0153 -0.0303 0.2625
-3.1412 -9.0405 1.494 0.0249 0.04 0.2657
-3.1406 -8.8867 1.4934 0.0292 -0.0505 0.27
-3.0263 -9.0022 1.5323 0.0196 -0.0505 0.2732
-3.1412 -9.0022 1.494 0.0164 -0.0037 0.2711
-3.1789 -9.0016 1.4551 0.0143 -0.0015 0.2626
-3.1023 -9.0016 1.5317 -0.0145 -0.0452 0.2636
-3.1795 -9.0022 1.5323 -0.0092 -0.0463 0.2738
-3.0257 -9.0782 1.5317 -0.0167 -0.0197 0.2589
-3.1412 -8.9639 1.5323 -0.0049 -0.0005 0.2408
-3.1406 -9.0399 1.5317 0.0089 0.0048 0.26
-3.0263 -8.9256 1.5323 -0.0039 -0.0271 0.261
-3.1412 -9.0022 1.5323 -0.0081 0.023 0.2668
-3.1023 -9.0399 1.4934 -0.0369 0.0134 0.2743
-2.9491 -8.9633 1.4551 -0.0092 0.0219 0.27
-3.1023 -8.925 1.4551 -0.0102 -0.0995 0.2732
-3.1023 -9.0399 1.4934 -0.0028 -0.0377 0.2647
-3.064 -9.0399 1.4934 -0.0326 -0.0047 0.2714
-3.1412 -8.8867 1.5323 0.0015 -0.0292 0.2597
-3.0646 -9.0022 1.494 -0.0166 -0.0367 0.2576
-3.2172 -8.9633 1.4934 0.0057 -0.0069 0.2597
-3.0257 -8.9633 1.57 0.01 -0.0026 0.2533
-3.0646 -9.0022 1.3408 -0.0049 0.0848 0.2405
-2.873 -9.1171 1.4174 0.0047 -0.0037 0.2405
-3.1029 -9.0788 1.4174 0.0643 0.0496 0.2256
-2.9874 -9.0016 1.4551 -0.0411 -0.1198 0.2885
-2.873 -9.0788 1.3791 0.0718 0.1359 0.2352
-2.988 -8.9639 1.2641 0.0025 0.0496 0.2475
-2.9874 -9.1548 1.3785 -0.087 -0.0325 0.2827
-3.0257 -9.0016 1.4168 0.0249 0.0304 0.2571
-2.988 -9.0788 1.3024 -0.0113 -0.0186 0.2816
-2.9113 -9.1171 1.3024 -0.0444 0.0176 0.2752
-2.9497 -9.0022 1.3408 0.0122 0.0496 0.2587
-2.9497 -9.0022 1.2635 -0.0049 -0.0377 0.2693
-2.988 -9.0405 1.3024 0.0058 0.0091 0.2534
-2.7581 -9.0405 1.1875 0.0399 0.0241 0.2384
-2.988 -9.0405 1.2641 -0.055 -0.107 0.2789
-2.9874 -9.0399 1.4168 -0.0059 0.0081 0.2726
-3.064 -9.0016 1.3018 0.0388 0.0124 0.2545
-2.9874 -9.0782 1.3402 -0.0166 -0.0015 0.2844
-2.873 -9.0405 1.3024 0.0207 -0.0057 0.2609
-2.9491 -9.0782 1.3018 0.0292 0.022 0.2567
-2.9874 -9.0399 1.3018 -0.0027 0.0134 0.2644
-2.9874 -9.0399 1.3402 0.0058 -0.0356 0.258
