0.6901 -9.3464 1.4551 -0.0129 0.0014 -0.0141
0.8051 -9.3847 1.4934 -0.0023 -0.0796 0.0221
0.7667 -9.3847 1.5317 0.0382 0.0279 0.0312
1.0726 -9.3087 1.6472 -0.3219 1.2114 0.1218
0.8051 -9.4996 1.1103 0.116 -0.1489 0.1164
0.9577 -9.9216 1.4174 0.4355 -0.216 0.1644
1.1109 -9.6151 1.2258 0.0254 -0.1958 0.0333
0.4214 -9.5385 1.6089 -0.1706 -0.052 -0.2114
1.2647 -9.1931 1.3018 -0.0896 -0.3332 0.0155
0.8051 -9.3081 1.1869 0.15 -0.1287 0.0198
0.6901 -9.7294 0.9188 0.1639 0.2367 0.1348
0.8045 -8.6191 1.4174 -0.1802 -0.6815 0.2403
1.5323 -9.5768 0.5363 0.6912 0.3155 0.1286
0.1532 -9.3853 1.1875 0.4036 0.0641 0.2607
-0.7272 -9.9976 2.1446 -0.3858 0.1472 0.2042
0.9583 -10.5722 0.9188 -0.1802 0.1739 -0.1313
-0.4214 -9.4236 1.7621 -0.6606 0.2015 -0.0408
0.9577 -10.9559 1.3408 0.3471 -0.5665 -0.3073
0.7278 -10.5345 1.6089 0.2491 -0.0147 0.2435
1.5706 -8.3127 0.6895 -0.3176 -0.1542 -0.2828
0.8051 -9.1165 0.4591 0.3642 0.0013 0.1039
2.1841 -9.0016 2.1063 0.1149 0.1419 2.0033
-1.3791 -8.0062 2.2218 0.4504 -0.7817 -2.1059
0.498 -9.8067 2.2218 -0.9056 -0.1819 -2.3786
3.793 -12.8323 2.8724 -1.9784 -0.1436 -2.3892
3.4099 -9.0399 2.5277 -0.4582 0.5691 0.2867
4.7507 -8.5419 5.8604 1.6957 0.862 2.7986
5.8233 -11.2617 6.5882 3.3128 1.1667 2.7911
6.2824 -11.6071 6.0142 4.5272 0.0535 1.5756
0.6512 -12.2583 6.6655 5.0066 -1.2812 1.5724
-1.1875 -5.8227 7.8913 3.7645 0.6085 2.1317
-2.5283 -0.3831 8.0439 2.3413 1.9263 3.1757
-1.8381 4.7124 5.7838 0.1149 0.4019 0.8353
-3.2938 4.6358 8.2738 -0.0236 -0.6016 -0.3775
-1.2635 3.8313 9.1165 -0.3602 -0.5749 -0.0771
-0.9571 3.6015 8.6951 -0.4689 0.0003 -0.1208
-1.5317 3.9846 9.8061 0.116 -0.5132 -0.124
-1.3402 3.6781 9.8061 0.019 -0.3257 -0.1069
-0.6123 4.0229 9.1931 -0.1205 -0.1957 -0.2942
-0.996 3.8307 9.0788 0.2577 -0.1179 -0.0513
-0.7655 3.3716 8.8101 0.5133 0.2581 0.1692
-0.6512 4.0989 9.7683 0.3844 0.1708 -0.0609
-1.5706 4.2138 9.9982 0.6156 0.583 0.3588
-2.375 5.4779 9.6534 0.3205 0.0898 0.0865
-2.6043 5.3636 8.2738 0.2747 0.1004 0.0172
-2.2218 5.2481 8.1594 -0.8971 -0.8753 -0.2459
-2.0303 4.6735 8.9639 0.3429 -0.217 -0.0105
-2.375 5.0182 8.6191 0.6209 -0.0103 -0.0083
-1.9914 5.2487 8.1205 0.4675 0.7066 -0.04
-2.2218 7.1251 8.7724 0.3407 0.2017 -0.122
-3.2944 5.9759 6.8187 0.1138 0.2602 0.2732
-2.6432 6.3207 7.1251 0.834 0.3284 -0.0869
-3.1789 6.5511 8.1971 0.8031 2.0392 -0.22
-6.8564 7.777 5.937 -1.1868 2.0669 -0.1025
-8.6185 5.9765 5.8987 0.1245 0.24 0.8722
-6.6266 7.1641 3.8301 0.9639 2.9255 1.5113
-5.2092 8.3133 4.3281 0.3525 3.309 2.339
-3.4087 8.275 1.9914 1.0023 3.6691 2.4179
2.1458 8.0834 0.1143 0.3067 2.1671 2.3891
4.1378 8.0068 -0.8051 0.2523 0.7343 1.2652
4.2904 8.6191 -0.9194 0.2214 -0.0114 0.1765
2.9497 9.0405 -1.5323 0.2886 -0.0913 -0.0887
3.4093 9.232 -1.3024 0.083 0.1782 -0.0717
2.5666 8.4276 -1.7621 0.1927 -0.2436 -0.1222
2.299 9.2709 -1.6861 -0.487 -0.1531 -0.1744
2.1458 9.654 -0.8434 -0.4305 -0.0796 0.1164
2.8736 9.0794 -0.6518 0.1927 -0.1861 0.1207
2.2984 9.2703 -1.6855 -0.1919 -0.3086 0.2006
3.1801 9.0794 -1.6095 -0.1993 -0.1136 0.2197
2.7587 8.9645 -1.3414 0.1469 -0.2116 -0.0168
2.6438 9.3093 -1.303 -0.0119 -0.1946 0.0855
2.8347 9.3087 -1.494 -0.1748 -0.0913 0.1111
2.873 9.1171 -1.1492 -0.064 0.0451 0.0567
3.1029 9.1171 -0.9577 0.0872 -0.0103 0.0373
2.8353 9.1943 -1.2647 0.0446 -0.0369 0.0607
3.0652 9.0028 -1.4563 -0.0332 -0.0476 0.0596
2.9119 9.156 -1.6861 -0.0364 -0.1008 0.0373
2.9503 9.1177 -1.5329 -0.0225 -0.0497 0.05
3.1035 8.9645 -2.1458 -0.1929 -0.5589 -0.0567
3.4866 8.8113 -1.9543 -0.2121 -0.8103 -0.4817
2.6055 8.6197 -0.9583 -1.092 -1.1331 -0.9866
1.992 8.1594 0.5746 -1.6044 -1.7573 -1.6364
0.5746 7.4699 3.2944 -1.9432 -2.5467 -2.6666
-2.8724 6.283 6.5882 -2.6058 -4.38 -2.1285
-3.6775 6.0525 7.853 -3.4803 -2.9195 -1.2091
-3.6009 4.2904 12.1051 -0.634 -0.6207 -0.8789
-2.2212 3.2184 10.7254 -0.6222 -0.2819 0.1565
-2.4134 3.486 9.6917 0.4398 -0.0859 0.1789
-1.1109 2.988 10.4962 -0.1663 -1.8553 0.479
0.422 3.5249 8.8867 -0.2015 0.1293 -0.0877
0.0389 4.0612 9.0399 -0.0672 -0.7719 -0.2496
-0.3825 3.793 9.1165 -0.4241 0.2773 -0.2081
-0.4214 3.486 10.0365 0.933 1.1935 1.05
0.1538 3.6398 10.0359 -0.5626 -1.9597 0.3075
0.6518 2.9886 10.0359 -1.222 0.2102 -0.2615
0.422 2.9119 9.4996 0.3525 -0.1764 -0.1497
1.1115 4.291 8.7334 0.5836 1.0486 0.1965
-0.3448 4.9033 6.7421 -0.4177 -0.3671 0.1518
-2.8341 -0.2292 4.8261 -1.5522 1.7261 0.5097
-5.6306 -4.6729 8.5802 -1.9453 3.7363 0.4349
-8.5802 -6.7032 8.3504 -1.4979 2.5304 -1.9236
-9.5379 -11.2234 12.5259 -2.2148 1.887 -2.2708
-12.3726 -8.5419 14.4795 -0.3122 -0.464 -2.4935
-9.1931 -5.5923 7.6608 0.2758 -3.6545 -1.2961
-5.6306 -4.8644 3.8684 0.3014 -2.537 -0.4823
-2.4894 -7.7758 3.2555 -0.456 -0.5812 -0.2756
0.0383 -9.6151 5.6695 0.8755 -0.4278 -1.2109
-1.1486 -3.6769 3.562 -0.8491 0.3392 0.0227
0.0389 -7.8141 4.7878 -0.3708 0.8143 1.0257
-3.0257 -8.5802 4.6346 -0.9748 0.2998 -0.1759
-0.5357 -8.3887 2.6043 -0.1503 0.1762 -0.4486
-2.0297 -9.3847 3.0257 0.0702 0.451 -0.0641
-0.8422 -9.4613 2.8341 0.051 0.1677 -0.0087
-2.1063 -8.8867 2.9491 -0.1077 -0.0092 0.0382
-1.4557 -9.3853 3.4093 -0.3634 -0.3202 -0.2068
-1.1109 -6.5505 2.2984 -0.1248 -0.4108 -0.2973
-0.498 -6.359 2.2218 -1.695 0.4212 -0.4038
-0.4974 -4.2515 0.2676 -0.7447 0.3658 1.4817
-5.5545 -16.9318 0.498 1.6159 -0.3426 -2.8132
-0.8811 -8.8873 0.8428 -0.1429 2.5315 1.2359
-0.1532 -7.6614 1.6472 0.2758 -1.2917 0.3123
0.3071 -9.7294 1.2635 -0.4603 0.0047 0.0183
-0.3442 -9.423 1.6083 -0.1535 0.1166 0.0726
-0.1143 -9.5762 1.57 0.0723 -0.0656 0.1452
0.0006 -9.8061 1.1103 -0.0054 -0.1509 0.1719
0.1155 -9.3847 1.6083 -0.0097 -0.3288 0.0898
-1.1869 -9.5379 1.6466 -0.0268 0.1346 -0.0284
-0.2292 -9.3847 1.3785 -0.014 0.0015 0.0472
-0.4974 -9.4996 1.4934 0.1021 -0.105 0.125
-0.2676 -9.3847 1.6083 -0.08 0.1059 0.0184
-0.3825 -9.423 1.3402 0.0617 0.0452 0.0749
-0.5357 -9.3847 1.4168 -0.0204 0.0505 0.077
0.0006 -9.5379 1.3785 0.0372 0.0356 0.06
-0.3059 -9.4613 1.3018 -0.0086 -0.0464 0.0748
-0.4591 -9.423 1.3785 -0.0076 -0.0848 0.0844
-0.4214 -9.4619 1.2641 -0.0267 0.0654 0.0631
-0.2676 -9.4996 1.2635 0.0105 -0.0336 0.0589
-0.4208 -9.3847 1.4934 -0.0278 0.0164 0.0397
-0.4974 -9.3847 1.4168 0.0287 -0.0709 0.0762
-0.4591 -9.423 1.4168 0.0127 -0.0027 0.0602
-0.4974 -9.3464 1.5317 -0.0118 0.0133 0.057
-0.4591 -9.4613 1.3402 -0.0001 0.0239 0.0442
-0.4208 -9.423 1.3402 -0.0054 -0.0123 0.0549
-0.4214 -9.4236 1.4557 0.002 -0.0336 0.0555
-0.4214 -9.5768 1.3408 -0.0054 0.0069 0.0491
-0.3448 -9.4619 1.4174 -0.0001 -0.0027 0.048
-0.4214 -9.4619 1.4174 0.0074 -0.0347 0.0598
