5.9765 -6.5116 3.6386 0.0389 -0.1173 0.3776
5.9759 -6.4356 3.9073 0.187 -0.2164 0.3201
5.861 -6.4739 3.1795 0.0687 -0.0342 0.2679
6.1675 -6.1675 3.2944 -0.0602 -0.0002 0.3177
6.3596 -6.1669 2.8724 0.1411 -0.454 0.3891
7.8536 -5.3241 1.4168 -0.6514 -0.307 -0.0977
9.5768 -6.7421 1.9537 -0.9625 -0.308 -0.5899
8.2367 -9.1554 2.4511 -1.3737 -0.3347 -1.5933
10.9182 -5.5539 -1.2264 -1.6463 -0.5796 -1.7667
4.291 -2.6809 -0.8434 -0.0016 -1.0803 -0.7622
5.6701 -0.4208 -3.793 0.334 0.002 -0.0985
16.0513 -5.3241 -10.1137 -0.1837 0.4185 -0.1912
1.801 -4.941 -2.3373 0.4032 1.944 1.7071
8.4282 -7.4693 0.3059 -0.2999 3.0838 1.2923
8.4276 -6.6655 0.8428 -0.008 1.0364 1.3839
5.7461 -6.2058 2.1069 0.7398 0.7317 1.2635
7.1635 -4.2904 -2.1835 -0.7707 1.749 0.8118
6.5505 -5.5545 1.3791 0.2765 -1.1144 0.5359
6.9336 -7.7764 1.6855 0.3276 0.6145 0.3262
9.4242 -8.925 2.4511 -0.1571 -0.3975 -0.33
7.1641 -8.0822 0.9571 -1.8349 -0.1461 -1.3122
6.4739 -7.6231 2.988 -1.1233 -1.8601 -1.5156
3.8696 -5.6306 0.9188 0.0858 -1.3658 -1.1684
3.1035 -3.4471 -0.1538 0.0954 -0.5295 -0.8373
6.0531 -3.4471 -0.2304 0.7271 0.2939 0.6786
17.5064 -12.718 0.8045 0.3308 1.8833 1.2645
4.7884 -7.3933 -0.3065 0.4374 1.2761 1.6373
4.9799 -6.2824 0.996 0.252 0.9033 1.0504
6.1675 -6.5888 2.7964 -0.1943 -0.8501 0.8641
5.5935 -3.4087 -0.6135 -0.4979 -1.616 0.667
6.8193 -6.435 1.2635 1.132 2.9572 0.0982
6.0148 -7.5076 0.9954 0.7155 -0.2663 0.5147
7.662 -9.423 1.7615 0.1562 -0.1001 -0.0733
7.4316 -8.0445 -0.6895 -1.3043 0.277 -1.2856
7.6237 -6.1669 -0.9966 -0.516 -1.0226 -1.1098
3.2184 -4.0217 1.57 -0.0568 -1.5105 -1.0928
2.6438 -3.7152 -0.0772 0.3022 0.0778 -0.0073
8.7346 -3.8301 2.1446 0.6697 1.3699 2.0221
2.2224 -5.2475 0.7272 0.5087 -1.4126 1.2678
5.6701 -8.2738 0.6506 -0.1283 0.6167 1.0036
6.8193 -7.0479 3.064 -0.3232 -0.6786 0.5988
5.287 -2.6043 -0.1155 -0.5746 -2.0518 0.716
5.9759 -8.4276 0.5363 -0.9581 1.2527 0.2132
6.8953 -7.2401 2.5283 1.0126 -0.0704 0.4307
9.8839 -13.3686 1.5317 -0.7323 0.1693 -0.1808
7.2784 -6.5122 -0.3448 -1.2596 -0.9727 -1.0223
6.6661 -7.1245 2.0297 -0.7994 0.3706 -1.0766
6.6277 -6.0519 -0.0772 -0.2487 0.6795 -1.4122
2.9503 -2.8724 -0.7284 0.1103 -0.7202 -0.8051
6.0148 -3.7535 0.3059 0.823 0.6838 0.9281
8.4659 -9.8833 -0.8045 0.7548 -0.5615 1.5864
4.9805 -8.4653 1.2252 -0.008 0.507 1.2018
6.7044 -8.0439 2.5277 -0.1794 -0.5721 0.7325
6.4739 -4.0223 1.2258 -0.4372 -2.5141 0.6281
6.2441 -4.2904 1.4174 1.3524 1.2303 0.1466
7.3933 -10.1131 -2.3367 -0.1059 1.2345 0.5919
9.4619 -11.4539 1.9154 -0.6311 0.3078 -0.1751
7.2024 -7.5076 0.4974 -1.5025 -0.9216 -1.4566
5.8999 -9.8061 1.7615 0.3116 0.019 -0.8125
5.4402 -3.9834 1.4551 0.1443 -0.6862 -1.5401
1.7244 -3.6386 -0.6135 0.1486 -0.8652 -0.3779
4.789 -3.0257 -0.7284 0.6748 2.2518 1.5929
8.16 -7.8141 -2.9119 0.5598 -0.8481 1.5108
8.1211 -11.0708 2.1835 0.1039 0.2609 1.0623
5.9376 -7.5848 1.6855 0.1316 -0.1684 0.8673
7.6231 -6.2824 2.49 -0.3904 -1.9069 0.715
4.865 -3.2561 0.9194 1.9191 1.9131 -0.1127
4.6358 -9.5379 0.4208 -0.7472 0.0052 0.1994
6.5894 -6.7798 2.1446 0.302 -0.406 0.704
8.3899 -12.0662 1.2252 0.1071 -0.3058 0.2332
6.8187 -7.3167 0.5746 -1.4354 -0.3751 -1.5394
5.5545 -8.5808 1.6472 -0.744 -0.7703 -1.1484
2.0686 -6.3207 1.2641 0.5321 -1.337 -0.701
3.9079 -6.5499 0.4974 0.3713 -0.1759 -0.0427
2.8353 -6.8947 0.3059 0.6546 1.3133 1.0593
12.1823 -9.8827 -5.1721 -0.3467 -1.7418 0.5384
5.7844 -4.865 -0.6512 0.433 0.5666 0.206
6.5894 -6.2052 1.3785 1.4685 -0.3847 0.1581
5.5551 -8.3887 0.9188 0.775 1.5157 -0.2233
5.5551 -6.8181 2.8724 -0.563 -0.9834 0.3361
6.4739 -6.7421 2.1835 0.2657 0.1884 0.2519
6.0531 -7.0862 1.6849 -0.0389 0.1841 0.1464
5.9765 -6.7415 2.068 -0.057 0.0936 0.1624
6.1675 -6.9719 1.992 -0.0869 0.1457 0.1496
6.1675 -6.7421 1.8771 -0.0591 0.0978 0.1469
6.0908 -6.8953 1.9154 -0.089 0.0115 0.1597
6.1681 -6.8181 1.9531 0.0261 0.0648 0.166
6.0908 -6.857 1.8387 -0.0112 0.0233 0.1575
6.0525 -6.8187 1.992 -0.0229 -0.0321 0.1565
6.1292 -6.8953 2.0303 0.0026 -0.0066 0.1398
5.9759 -6.8953 1.8771 -0.0155 -0.0269 0.1547
6.1292 -6.7804 1.8771 -0.0059 -0.0077 0.1696
6.0914 -6.7798 1.8381 0.0026 -0.0247 0.1494
5.9376 -6.9336 1.9154 -0.0443 -0.0173 0.1643
6.1675 -6.9336 1.9154 -0.0464 0.036 0.1512
6.1298 -6.8564 1.7615 -0.0208 0.0126 0.1565
6.0914 -6.8947 1.7998 -0.0166 -0.0162 0.1501
6.0914 -6.8564 1.7615 -0.0571 0.0371 0.1342
