0.6518 -9.6528 -2.2607 -0.1933 0.099 -0.1489
0.2687 -8.3504 -2.3373 -0.2955 -0.1023 0.0769
2.1452 -9.3853 -1.2258 0.3032 -0.0224 -0.1447
1.4174 -8.5808 -3.0646 -0.0335 -0.0469 -0.0669
0.8045 -6.857 -2.0303 0.4011 -0.1077 -0.6814
1.4174 -5.5929 -2.1835 1.1085 1.3528 -0.3235
-0.2292 -5.3624 -0.8817 -0.27 -1.9122 -0.2106
5.5551 -6.9713 2.7958 -2.8 2.4873 -2.0237
4.9799 -8.2744 5.7844 1.5879 -5.7205 -0.8487
2.6821 -4.06 -2.7204 1.6646 3.3353 0.2463
0.4603 -6.4733 -2.1841 -0.3115 -4.3484 0.4338
1.9543 -9.6911 -2.8353 -1.3192 1.7843 0.1248
-1.0337 -4.6346 -2.2607 -1.7688 -4.6382 0.0545
-1.1109 -4.9799 -3.2178 0.0294 2.0016 -0.3545
1.2258 -6.1675 -8.2744 -0.0804 1.6074 0.5377
2.375 -7.6614 -2.2984 0.0603 0.3855 -0.453
1.1498 -7.0479 -2.3373 0.3671 0.6028 -0.1856
2.2224 -4.6346 -2.0309 0.4459 0.2353 -0.1633
0.6895 -12.8329 -3.2561 -0.8282 -0.618 1.686
4.5586 -13.7906 -0.5363 -2.5731 0.8458 -0.227
1.6861 -4.6346 -3.7547 2.3335 -0.4134 -0.1045
1.5712 -5.937 -0.1921 1.6177 0.7968 0.1064
-0.9188 -4.9027 -1.1115 0.317 -2.3138 0.8937
8.0068 -17.6207 -5.9382 -2.719 3.1862 -1.9644
3.8696 -18.5018 -14.8638 -1.6761 -1.9313 0.5552
1.2264 -6.1669 -2.5289 0.4672 1.6107 0.7449
1.801 -1.2635 -4.4825 -0.0121 0.5188 -0.2267
6.3979 -3.9834 -2.4523 0.5759 1.6544 0.2389
0.9966 -16.5098 -7.279 2.684 1.8472 -2.6267
0.92 -13.1388 1.8381 -5.2618 8.3198 -0.845
5.785 -7.0862 -2.3373 1.6795 3.1106 -1.5544
-2.9491 -5.2858 -3.3333 0.578 0.4933 1.9535
0.7667 -11.3766 -2.5672 -0.4319 4.6808 0.1947
7.3167 -17.1616 0.8428 -2.2577 -2.4778 -2.2256
-5.5923 -6.8564 4.4047 0.0592 0.0863 2.2076
0.0006 -8.1971 -1.0349 0.2105 -1.4658 0.7908
0.3071 -9.6528 -2.8353 -0.8558 2.1135 0.1644
2.2607 -8.0439 -5.5551 -0.1549 1.7492 0.5564
0.2682 -9.8067 -2.375 -0.2124 1.1942 -0.2808
-2.068 -10.2657 -1.6861 1.2289 -0.6465 -0.5287
0.422 -11.2617 -0.6901 -2.883 3.8681 -0.4776
1.8777 -6.7032 -1.916 1.2087 0.8768 -0.0483
0.1921 -7.6225 -3.6398 -0.4947 1.7109 0.4279
3.1801 -8.3121 -2.2607 0.3905 1.7993 0.5365
3.7164 -10.3807 -0.7284 -0.0196 -0.2493 -0.253
-1.8765 -4.2515 1.2252 -3.551 0.3483 0.4554
-0.3448 -10.4579 -1.5323 0.2392 -3.2278 0.6205
1.3791 -8.6574 -3.1029 -0.4734 2.0623 -0.0197
1.3024 -7.355 -2.6049 0.7772 1.3241 -0.0123
0.8045 -5.2481 -2.0686 -0.0175 -0.311 -0.8561
1.8387 -6.3207 -1.1492 0.2616 1.1601 -0.6494
0.3837 -12.296 -1.1115 0.1988 -2.139 -0.3597
3.9846 -12.5259 -0.5369 -1.969 4.4102 -2.1003
3.6392 -7.0102 -2.9113 2.3357 0.3505 0.0153
2.2218 -2.49 -0.6129 1.639 0.57 0.168
0.1532 -6.0908 -4.9033 -0.5011 0.0012 0.2298
15.2846 -19.0387 -3.4093 -3.2058 -3.0625 -2.1895
0.5746 -14.6717 -11.0325 -0.7844 -2.8516 1.5549
1.4946 -5.6689 -2.0309 0.6558 0.6286 0.6836
2.2218 -2.9113 -1.6472 0.6643 -0.2214 -1.1852
2.8347 -6.6655 -1.5323 0.2563 0.9504 -0.284
3.3327 -8.1977 -2.0303 -0.0622 -0.2289 0.0345
4.367 -17.5064 -4.0989 -2.5837 3.0606 -1.4409
3.8696 -5.8604 -4.1378 1.6902 -0.6177 -0.7836
2.8347 -4.4436 -0.4597 1.9245 1.4051 0.1819
1.3797 -6.8947 -1.418 0.1434 -3.0498 1.0842
5.9765 -12.2577 -4.3293 -1.5078 1.2475 -0.5424
0.5752 -5.7072 -1.7244 -0.1964 -0.1278 0.265
1.916 -5.1709 4.2515 -0.1144 2.4629 0.1649
2.4523 -7.0096 -8.2367 -0.1496 0.7234 0.411
3.2184 -5.5923 -1.4563 0.9999 0.2664 -0.8513
3.1801 -6.7032 -1.801 0.1082 1.0345 -0.3571
3.9846 -14.3646 -1.7627 -0.5725 -1.2004 1.064
6.1298 -12.5642 -0.1538 -1.9999 2.8582 -1.1688
2.9886 -8.6951 -1.0732 1.7072 -1.4913 0.2985
4.5592 -6.9713 -0.9966 2.1599 0.0555 -0.1649
2.1841 -9.8827 -3.793 -0.0899 0.1449 1.0719
1.0349 -5.1326 -0.6518 -1.3235 -1.6245 -0.1201
5.3253 -11.5682 -0.1538 0.8102 0.6435 0.2921
1.7627 -8.2738 -1.7627 0.5738 0.1769 0.2562
3.6009 -9.0405 -0.5363 -0.6161 -0.0904 -0.0261
1.6472 -9.232 -1.0343 0.2904 0.3133 0.0304
3.1795 -9.0788 -0.7661 0.0273 -0.4388 -0.1763
2.4134 -9.0788 -0.8428 0.0614 -0.1224 -0.0548
2.7581 -9.1171 -0.9577 0.1498 -0.0265 -0.0572
3.0263 -8.8873 -0.9577 0.0262 0.0673 -0.0327
2.873 -8.8107 -0.7661 0.0614 0.079 -0.0711
2.6821 -8.9633 -0.6901 -0.027 0.1983 -0.0455
2.6821 -9.0016 -0.6901 -0.0569 0.0673 -0.054
2.7204 -9.0399 -0.4986 -0.043 -0.0617 -0.0894
2.9497 -9.0022 -0.6129 0.1008 0.2004 0.0246
2.5672 -9.2698 -0.6901 -0.0036 0.0353 -0.0276
2.6821 -9.0399 -0.6518 -0.0718 0.0587 -0.0116
2.6821 -9.1548 -0.5752 0.0262 0.0566 -0.0478
2.5666 -8.9639 -0.6512 -0.0345 0.0012 -0.0504
2.7581 -9.0405 -0.498 0.0944 -0.0787 -0.0706
2.7581 -9.0788 -0.6129 0.0124 -0.0308 -0.0419
2.873 -9.0022 -0.7278 -0.042 0.0406 -0.027
2.3756 -9.0399 -0.5752 -0.0111 -0.0595 -0.0802
2.6815 -9.0405 -0.7278 0.0358 -0.0979 -0.0659
2.873 -8.849 -0.7661 0.0774 -0.133 -0.1032
2.797 -9.0016 -0.8434 0.0017 -0.0158 -0.0276
2.9503 -8.9633 -0.6518 -0.0015 0.129 -0.0105
2.6432 -9.0022 -0.8428 -0.0697 -0.0148 -0.0361
2.7964 -9.0788 -0.5363 0.0199 -0.003 -0.0341
2.7581 -9.0405 -0.7278 0.023 -0.003 -0.0373
2.7581 -8.9639 -0.6129 0.006 -0.0402 -0.0437
2.7581 -9.0788 -0.6512 0.0124 -0.0573 -0.0543
2.797 -9.1165 -0.6135 0.0071 -0.0402 -0.0469
2.6815 -9.0405 -0.6129 0.039 0.0205 -0.038
2.7198 -9.0788 -0.6895 0.0113 0.0023 -0.0359
2.7587 -9.0782 -0.7284 0.006 0.0045 -0.0295
2.7204 -9.1165 -0.6518 0.0071 0.013 -0.038
2.6821 -9.0399 -0.6518 0.0241 0.0311 -0.0338
2.797 -9.0016 -0.6135 -0.0143 0.0087 -0.0426
2.7964 -9.0788 -0.6129 0.0081 0.0012 -0.0448
2.7587 -8.925 -0.5752 -0.0164 -0.0244 -0.048
2.797 -8.9633 -0.5752 0.0071 0.0097 -0.0426
2.7587 -8.925 -0.5752 -0.0121 0.0076 -0.048
2.8736 -9.0016 -0.6518 0.0134 0.0268 -0.0341
2.6055 -9.0782 -0.6518 -0.0079 -0.0062 -0.0399
2.797 -9.0016 -0.6135 -0.0079 -0.0296 -0.0367
2.8736 -8.925 -0.6135 0.0326 0.0204 -0.0314
2.797 -9.0782 -0.6901 -0.0281 -0.0222 -0.0441
2.797 -9.0399 -0.6901 0.0039 -0.0094 -0.0335
2.797 -9.0782 -0.6901 0.022 -0.0019 -0.0408
2.797 -9.0016 -0.6518 -0.011 -0.0168 -0.0323
2.8353 -9.0016 -0.6135 0.0241 0.0226 -0.0354
2.797 -9.0016 -0.6901 -0.0068 -0.004 -0.0333
2.797 -9.0782 -0.5752 0.0188 -0.0019 -0.0365
2.9119 -9.0399 -0.6901 -0.0164 -0.0147 -0.0262
2.6821 -9.0399 -0.6518 0.039 0.029 -0.0283
2.7964 -9.0405 -0.6895 -0.0259 -0.0104 -0.0347
2.8347 -9.0405 -0.5363 0.0305 -0.0125 -0.0389
2.7204 -9.0016 -0.5752 0.0081 0.0098 -0.0272
2.6438 -9.0782 -0.7284 0.0007 0.0066 -0.0282
2.7198 -8.9639 -0.6129 0.0262 -0.003 -0.0473
2.7198 -9.0788 -0.5363 -0.0153 -0.0201 -0.0388
2.7581 -9.1171 -0.5363 0.0252 -0.0169 -0.0473
2.7964 -9.0022 -0.5363 -0.0164 -0.0179 -0.0473
2.8353 -9.0782 -0.6135 0.0017 -0.003 -0.0446
2.8353 -8.925 -0.6135 0.0156 -0.0104 -0.0552
2.7964 -9.0022 -0.6129 -0.011 0.0056 -0.0361
2.7964 -9.0788 -0.6129 -0.0089 0.0045 -0.0393
2.8736 -9.0399 -0.6901 0.0017 -0.003 -0.0371
2.7581 -9.0788 -0.498 -0.0366 -0.0477 -0.0479
