-8.1211 0.6895 -4.2904 -0.1634 -0.0919 -0.2678
-7.9296 0.8428 -3.984 -0.6651 -1.1849 -0.1645
-8.9256 0.8428 -4.2521 0.4534 -0.5425 0.0869
-10.8787 2.1458 -1.1498 -0.6736 -0.8728 0.4768
-9.4619 -0.3831 -0.8045 -0.0132 -0.175 0.1711
-9.3081 0.6901 -1.3414 0.8081 -0.4691 0.1869
-8.7718 0.6901 -3.2567 0.4001 -0.1569 0.0431
-8.3504 1.0349 -2.7587 -0.4467 0.6388 -0.2211
-6.5499 1.4563 -1.5712 -0.402 0.6921 -0.1977
-7.5076 2.2224 -2.6821 0.2883 0.6772 -0.1732
-11.4156 0.2682 -4.1372 0.512 2.436 -0.2846
-10.7643 -1.3024 -3.8307 0.1765 0.6985 -0.0343
-8.0056 1.1498 -2.4523 -1.1775 -1.6206 0.2448
-5.5923 2.4906 -2.7204 0.5312 -0.7588 0.3258
-8.0062 -2.4517 -5.0566 0.8497 -0.5809 0.1681
-8.2361 0.3065 -4.1372 -1.2159 -0.141 -0.2785
-14.3652 7.853 0.6512 0.0752 -2.166 0.1497
-8.849 0.1532 -2.4517 0.3959 1.0106 -0.139
-5.9759 1.4174 -4.1372 0.0784 0.2841 -0.3936
-7.3933 1.9154 -2.7198 -0.3914 0.6857 -0.1795
-7.8907 0.6135 -1.7244 0.2936 0.6931 -0.2056
-17.8889 -2.6426 -9.0411 0.6142 0.9626 -0.816
-9.1548 0.1155 -6.283 -0.1176 -0.1207 -0.1918
-5.4779 0.0383 -1.992 -0.2348 -1.0262 0.4506
-5.6312 1.9154 -2.873 -0.8473 -0.4148 -0.1172
-7.2395 -1.1869 -4.0995 0.9807 -0.8131 0.3657
-11.2234 0.0772 -3.1035 -0.3466 -0.6714 0.354
-14.7477 3.4099 -0.5752 -1.2404 -1.0059 0.3369
-10.343 1.0726 -1.1875 -0.1815 0.7028 -0.1744
-4.2904 0.3831 -3.6775 0.9733 -0.3156 -0.1254
-6.4356 0.6512 -3.371 -0.2198 0.7613 -0.4225
-6.8187 1.8387 -3.0646 -0.1059 0.7038 -0.2627
-19.6127 -0.6889 -8.658 1.3631 1.3004 -0.4736
-9.423 -0.1909 -6.0148 -0.5703 -0.2251 -0.0252
-5.4396 0.2298 -2.5666 -0.3903 -0.3188 -0.1466
-7.0479 1.3797 -3.0269 -0.745 -0.6139 0.0837
-6.4739 -0.5363 -3.6009 -0.1794 -0.371 0.12
-9.845 0.0766 -3.2561 -0.4947 -0.5596 -0.4169
-13.1771 6.4362 0.8805 -1.2926 -0.9303 0.4768
-9.2314 -0.574 -1.4563 -0.0185 1.2642 -0.3168
-5.6306 1.5329 -4.5209 0.2159 -0.076 -0.3424
-7.0096 0.8817 -2.797 -0.6438 0.7805 -0.4094
-7.1245 2.6821 -2.2607 -0.0771 0.4747 -0.1005
-13.4458 1.7238 -5.363 1.378 1.6764 0.0764
-9.7294 -0.4591 -4.5975 -0.1591 0.1285 0.1424
-4.9793 0.3071 -1.7627 -0.9847 -1.0806 -0.0973
-5.937 2.0309 -1.7627 -0.2923 0.0455 0.198
-6.5505 0.6129 -3.7924 1.5272 -1.1178 0.5815
-7.9296 0.2298 -3.6775 -0.5778 -0.1271 0.0574
-12.4493 6.4745 -1.916 -1.3426 -0.011 0.1
-6.8181 -0.3442 -2.2607 0.2105 -0.0195 -0.3517
-5.439 0.7667 -4.2144 0.3117 0.2702 -0.3202
-6.1292 1.992 -2.2218 -0.6246 1.0319 -0.2169
-7.6614 3.0263 -2.7581 1.034 0.5547 0.0888
-18.3109 -1.8387 -9.0788 1.4335 0.9989 -0.4246
-9.73 0.996 -5.861 -0.925 -0.7908 0.0931
-3.2561 0.1532 -1.4557 -0.6949 0.3608 -0.2067
-6.359 0.8428 -3.1795 0.5578 -0.9186 0.2109
-9.0022 0.9194 -5.6695 0.8209 -0.2911 0.1747
-8.9256 -0.7661 -7.5465 -0.6342 0.6282 -0.1822
-15.6677 0.0383 -2.6049 -2.083 -1.0432 -0.0202
-8.8101 1.303 0.1143 0.3447 -0.4861 -0.1429
-6.3584 0.92 -2.0692 0.0305 0.0817 -0.226
-11.1474 1.6855 -3.6392 -0.1197 -0.1229 -0.2526
-10.228 1.3408 -2.3367 -1.1541 0.6431 -0.2899
-9.6145 1.5329 -1.4563 -0.3605 -0.0739 -0.2015
-9.4236 0.498 -1.992 0.0635 -0.2422 -0.1783
-9.5768 1.7238 -3.2944 0.5173 -0.1729 -0.0824
-9.3853 0.8045 -2.7198 -0.2145 0.0241 -0.1858
-9.6151 1.4557 -2.5289 0.1381 -0.0707 -0.1165
-9.5379 1.0732 -2.6055 -0.059 -0.0025 -0.1613
-9.3847 1.418 -2.3756 0.0411 -0.0259 -0.1081
-9.5379 1.1881 -2.5289 0.0379 -0.0557 -0.0996
-9.4613 1.1498 -2.5289 -0.0025 -0.0004 -0.1092
-9.4613 1.1115 -2.4523 0.0316 -0.0227 -0.1166
-9.4613 1.1881 -2.4906 0.0049 -0.0025 -0.1187
-9.4619 1.1875 -2.5666 -0.0281 0.0157 -0.1143
-9.4996 1.1881 -2.5289 -0.0036 0.0018 -0.1037
-9.423 1.2264 -2.4523 -0.0047 0.0146 -0.1037
-9.3847 1.2264 -2.414 -0.026 -0.0025 -0.109
-9.4613 1.2264 -2.4523 -0.0174 -0.0195 -0.1111
-9.4613 1.2647 -2.5672 0.0049 -0.0057 -0.1172
-9.4613 1.1498 -2.5289 0.007 -0.0195 -0.1161
-9.423 1.2264 -2.5289 -0.0004 -0.0206 -0.1087
-9.3847 1.1115 -2.5672 -0.0185 -0.0078 -0.114
-9.4613 1.2264 -2.4523 -0.026 -0.0046 -0.1161
-9.3847 1.1881 -2.4906 -0.01 -0.0163 -0.1129
-9.4996 1.1881 -2.414 -0.0185 -0.0078 -0.1065
-9.4236 1.1492 -2.5283 -0.0292 -0.0025 -0.1087
-9.5002 1.2641 -2.4517 0.006 -0.0408 -0.0916
-9.4236 1.1109 -2.5283 -0.0047 -0.0131 -0.0969
-9.4996 1.0732 -2.6055 -0.0047 -0.0142 -0.1065
-9.4613 1.0349 -2.299 -0.0377 -0.0004 -0.116
-9.5002 1.1109 -2.49 -0.0249 -0.0132 -0.1107
-9.4996 1.1498 -2.4523 -0.0089 0.0081 -0.1054
-9.4619 1.1875 -2.375 -0.0228 -0.0014 -0.1022
-9.4236 1.1875 -2.4134 0.0049 -0.0057 -0.1054
-9.5762 1.1115 -2.3373 0.0113 -0.0121 -0.1038
-9.4236 1.1875 -2.4134 0.0198 -0.0121 -0.1038
