9.8839 -0.0377 3.0257 0.707 -0.8316 0.8055
9.9982 -0.498 1.5323 -0.6587 -1.0884 0.4263
8.773 0.8051 1.6466 -0.1271 -0.6665 0.2324
8.4282 -0.574 0.1526 -0.3838 -0.1872 0.0641
9.2326 -0.4591 0.1526 0.3938 -0.0178 -0.0211
9.5391 0.0006 -0.8434 0.5078 -0.6953 0.1355
9.156 -1.9914 -1.1115 0.4407 -2.7683 -0.33
12.3738 -0.7272 -6.5894 -0.5394 1.8827 -0.3247
10.0365 1.4174 2.1069 -1.2296 3.1684 -1.0139
8.1977 2.1452 2.5283 -0.3849 0.3146 -0.2991
8.5048 1.1115 1.1103 0.4673 0.811 -0.0935
9.0411 2.0309 -0.3071 -1.3458 -0.4801 -0.2011
9.8839 2.9886 1.4168 -0.4999 -0.0732 0.0087
11.2246 4.5209 1.6849 -0.175 -0.2915 -0.1085
9.7689 1.5329 0.9188 0.9776 -0.397 0.0439
9.0794 -2.2212 4.3281 1.3387 0.9271 1.3733
8.5808 0.9194 2.3367 1.8415 -0.7539 1.1954
7.662 0.9583 1.0337 -0.338 -1.4527 0.6607
5.9759 -1.5706 1.9154 0.5845 0.8462 -0.9521
12.1051 0.5746 0.3831 1.589 -3.6567 -0.0232
9.1943 -1.072 -2.9886 -1.0837 2.0957 0.0726
7.6237 -1.4168 1.9914 -1.6792 3.1567 -0.8573
8.4659 2.7581 3.371 0.0401 0.6331 0.0524
7.2407 1.1881 1.6083 0.1318 0.9708 -0.0829
9.5774 1.5329 -2.1458 -1.0017 -1.0223 -0.2629
9.4242 3.3333 0.3442 -0.9303 -0.397 0.0503
10.4968 3.0652 0.8039 -0.5308 -0.1009 0.1387
11.7992 3.2567 -0.2304 0.3981 -0.1168 -0.0243
8.658 -2.2595 1.7232 1.5102 2.7722 1.1113
7.662 -0.8039 3.3321 0.6772 -1.1288 1.434
6.1681 0.2687 0.2676 -0.3295 -0.8711 0.8109
7.5471 -3.1023 -0.2687 0.4428 -0.6367 -1.5253
9.6157 0.422 -7.662 1.3824 -4.8168 0.5989
8.2744 -1.494 -5.0566 -2.1074 2.9884 1.4575
3.0646 -5.1332 8.6957 -0.6075 -2.3528 0.079
4.3293 0.0772 -5.0955 -1.5609 -4.9191 -2.4478
6.3596 0.5752 -4.0995 -0.3338 -1.7829 0.046
6.5505 0.2298 -5.5929 -0.2421 -1.556 -0.1074
6.5894 0.2304 -6.9342 0.6069 -2.1622 0.3059
0.7667 -1.2635 -10.4585 0.2362 -2.0546 0.2324
0.6129 -1.494 -11.5688 -0.142 -1.4825 0.1941
-0.996 -2.1452 -12.4882 0.0391 -0.5238 0.0588
-1.2258 -2.1069 -11.6071 0.0657 0.0973 0.0279
-1.5323 -0.9577 -9.1171 -0.0248 0.3497 -0.0168
-1.6466 -0.8422 -8.5048 -0.2507 0.2485 -0.0424
-1.2641 -0.6895 -9.5768 -0.1995 -0.1126 -0.0105
-1.2641 -0.8045 -10.0365 -0.0781 -0.1382 -0.0243
-1.494 -0.9577 -10.0365 -0.0536 0.1303 -0.0307
-1.8387 -0.3831 -9.5002 -0.0973 0.0451 -0.0158
-1.7232 0.0389 -10.0371 -0.0323 -0.0561 0.0396
-1.3791 -0.8428 -9.2703 0.0135 0.0408 0.0684
-1.8004 -0.8428 -9.1937 -0.044 -0.0433 0.0481
-1.5323 -0.5746 -9.5002 -0.1431 0.0525 0.0236
-1.4168 -0.6889 -9.8456 -0.0653 0.0621 -0.069
-1.5323 -0.3448 -9.5385 -0.0547 0.0983 -0.0967
-1.2252 -0.3442 -9.7306 -0.0419 0.0419 -0.0573
-1.1103 0.0006 -9.6923 -0.0408 0.0898 -0.0339
-1.0726 -0.0766 -9.73 -0.077 0.0706 -0.0062
-0.9571 0.1538 -9.6157 -0.0291 0.0003 0.0002
-0.9954 0.2687 -9.6923 -0.0259 0.0003 -0.0254
-1.1103 0.1155 -9.6923 -0.0174 -0.0039 -0.0467
-1.0726 0.0383 -9.6151 -0.0152 -0.0252 -0.035
-1.2635 0.0389 -9.654 0.005 -0.0465 -0.0328
-1.1869 0.0389 -9.5774 0.0007 0.0344 -0.019
-1.1869 0.0006 -9.5774 -0.0057 -0.0359 0.0045
-1.3018 0.1538 -9.7689 0.0093 -0.0327 0.0066
-1.3791 0.2298 -9.6534 -0.0014 0.0067 -0.0222
-1.3024 0.2682 -9.5385 -0.0248 0.0706 -0.019
-1.2641 0.2298 -9.6917 -0.0206 0.0632 -0.0477
-1.1103 0.1921 -9.7689 -0.0387 0.0877 -0.0584
-1.0343 0.1532 -9.6534 -0.0184 0.0184 -0.0531
-1.0343 0.2298 -9.6534 -0.0046 -0.0039 -0.0413
-1.0343 0.3065 -9.4619 -0.0035 0.0067 -0.0275
-1.0726 0.1915 -9.6917 -0.0344 -0.0242 -0.0062
-1.1492 0.3831 -9.6534 -0.0099 0.0302 -0.0275
-1.1109 0.4597 -9.7683 -0.0067 -0.0316 -0.02
-0.9954 0.2687 -9.654 -0.0131 0.0152 -0.0073
-1.072 0.422 -9.5774 -0.011 -0.0061 -0.019
-1.1109 0.498 -9.6151 0.0007 -0.0327 0.0002
-1.2258 0.4597 -9.7683 0.0401 -0.0721 0.0098
-1.3024 0.3831 -9.6534 0.0199 -0.0284 0.0364
-1.3408 0.3448 -9.5385 0.0338 -0.0455 0.0449
-1.3408 0.2682 -9.5768 -0.0025 0.0131 0.0428
-1.4174 0.2298 -9.73 -0.0174 0.0323 0.0268
-1.3408 0.4597 -9.6151 -0.0664 0.093 0.0013
-1.2258 0.4214 -9.6917 -0.0142 0.0184 -0.0254
-1.2252 0.3454 -9.5391 -0.0142 0.0174 -0.036
-1.2635 0.422 -9.654 -0.0344 0.044 -0.0286
-1.1869 0.4603 -9.654 -0.0025 0.0174 -0.0147
-0.996 0.6129 -9.6534 -0.0057 -0.0029 -0.0105
-1.0726 0.5746 -9.7306 0.0167 -0.0338 -0.0264
-1.1869 0.4986 -9.6157 0.0167 -0.0071 -0.0318
-1.1875 0.5363 -9.73 0.0061 -0.0061 0.0087
-1.1875 0.498 -9.7683 0.0082 0.0014 0.0034
-1.1875 0.5746 -9.6917 0.022 -0.0156 -0.0019
-1.2258 0.5746 -9.73 0.0156 -0.0018 -0.0211
