0.6135 -11.3766 1.8381 0.7599 -0.3279 -0.3129
1.2264 -8.6951 1.8765 0.0323 -0.5154 -0.0993
2.6055 -8.1588 2.4128 0.0526 1.2721 -0.7768
1.6861 -8.427 3.064 -0.104 -0.9788 0.0318
1.4563 -8.5036 2.4894 -0.1594 0.2058 0.1404
3.4099 -8.2355 2.8724 -0.299 -0.15 -0.3347
3.1412 -12.22 1.3791 0.9762 1.3265 -0.493
0.9966 -9.6911 0.7655 0.4169 -1.5092 -0.0477
0.1921 -8.0822 1.8765 -2.1301 0.3401 0.2058
0.9194 -7.9296 4.0223 0.6875 1.2243 -0.0253
0.9194 -10.3046 -2.5666 -0.5279 0.6022 0.2626
-0.4591 -9.0782 2.9491 0.0377 0.3092 0.3361
1.2647 -9.2698 4.7112 -0.2967 0.0632 -0.0911
-0.3825 -8.1588 1.8381 -0.366 0.1761 -1.4418
-2.3367 -13.9055 0.7661 3.3976 -0.6133 0.4554
0.9966 -8.8867 3.7918 -2.4496 0.1005 -0.4883
-0.8039 -6.7415 3.1789 0.1272 -0.2021 -0.0505
2.0692 -9.0399 1.7998 -0.285 -1.1896 0.6931
2.0692 -8.8101 2.9491 -0.6887 0.3721 -0.222
4.4442 -16.0118 2.6043 0.9507 -0.4311 -1.8465
-0.3442 -12.6791 -0.5752 -0.628 -1.9086 0.1051
-1.3785 -8.427 2.1829 -2.2291 2.8243 -0.0464
0.8051 -8.7334 2.0297 1.592 -1.7478 0.4202
0.3071 -7.8141 2.7575 -1.036 0.567 0.0964
0.2304 -9.0016 2.3361 -0.2083 0.3306 0.0868
0.6901 -8.6568 4.5197 -0.2648 0.3316 -0.0911
0.0383 -9.5385 2.1069 -0.0954 0.5192 -1.0164
-1.9537 -11.722 0.4214 2.8075 -0.5919 0.4111
5.861 -7.3167 -0.4597 -2.0991 0.2379 -0.8758
-1.7232 -7.6608 2.9108 0.0016 -0.5482 0.1213
2.1452 -8.4659 1.8004 -0.4117 -1.1203 0.4888
2.2224 -8.7334 3.2555 -0.5001 0.0068 0.2408
3.371 -10.4962 4.2904 0.0954 -1.0712 -0.8469
-2.7581 -5.4013 -5.0949 2.0107 -1.0862 0.163
-0.6506 -7.2778 1.57 -1.445 1.2457 -0.2269
0.9966 -9.423 2.3361 0.3883 -0.3959 0.0064
2.0686 -8.849 1.1109 -0.2487 0.2294 -0.3704
1.4174 -8.1977 2.2984 -0.2818 0.4894 -0.1978
-0.076 -9.0782 1.1103 -0.53 0.6513 -0.7762
-0.3059 -11.3766 1.9914 0.8709 0.582 0.1058
2.2607 -11.4916 1.5317 1.3598 -0.7368 -0.0018
1.4563 -7.8907 2.2212 -2.2472 -0.0422 -0.3746
0.8434 -6.8564 2.3744 -0.9774 -0.0869 0.1804
0.0383 -8.0062 0.9577 1.3737 -0.5354 0.6597
3.1029 -9.347 -2.0303 -0.7462 0.7578 -0.5504
-1.9148 -6.8181 3.2172 -0.9774 1.7336 0.06
1.1115 -7.6225 4.6729 0.8997 0.254 -0.3292
2.1458 -8.925 1.1486 0.4949 -0.1497 -0.2131
1.7621 -7.853 4.8267 0.8081 -0.5833 -0.2727
1.6472 -8.6574 4.0606 0.5098 -0.2232 -0.7286
2.3367 -8.3893 4.1755 0.4874 0.1922 -0.8543
3.4477 -7.4316 5.0949 0.5908 0.0197 -0.7903
3.2561 -6.9719 5.7078 0.6867 -0.0836 -0.7743
3.5632 -7.6608 7.1245 0.6739 0.1571 -0.5346
5.0949 -8.8107 6.8953 0.381 0.0772 -0.556
4.4819 -6.6272 7.2018 0.4214 0.0197 -0.2619
5.0188 -6.7032 7.0096 0.2307 -0.1114 -0.0198
4.0995 -5.056 7.0862 0.2126 -0.1881 0.01
3.9073 -5.2098 6.8953 0.1742 -0.0304 -0.0784
3.7158 -4.8267 6.7421 0.2403 0.0782 -0.2115
4.7124 -5.3624 7.431 0.2882 0.2253 -0.1764
3.9079 -5.0176 7.6225 0.0645 0.0037 -0.1934
3.8696 -4.2132 7.2395 0.0102 0.058 -0.2222
4.0223 -4.3287 7.4699 0.0922 0.0697 -0.154
3.984 -4.5586 7.7381 0.0294 0.026 -0.1306
3.9073 -4.2521 7.6614 0.0081 0.0111 -0.1231
3.9073 -4.2904 7.5465 0.0315 0.0229 -0.1053
3.984 -4.2521 7.7764 0.0347 0.0069 -0.1256
3.7158 -4.3287 7.5465 0.0464 0.0154 -0.1405
3.8307 -4.4819 7.6614 0.0571 0.0186 -0.1841
3.8313 -4.3281 7.7758 0.0017 -0.0315 -0.1884
3.8313 -4.1749 7.6608 0.0263 -0.008 -0.1833
4.0229 -4.06 7.6992 0.1179 0.0485 -0.1801
3.9079 -4.1366 7.9673 0.0571 -0.0069 -0.1652
3.9462 -3.945 7.7758 0.0582 0.0038 -0.1875
3.9079 -3.9067 7.7375 0.0785 0.0613 -0.211
3.9462 -3.6769 7.9673 0.0135 -0.0069 -0.2102
3.9846 -3.6769 7.929 -0.0089 -0.0218 -0.19
4.0995 -3.6386 7.9673 -0.0046 -0.0079 -0.1612
3.9462 -3.6769 7.929 -0.0132 -0.0154 -0.1239
4.0606 -3.7541 7.8147 0.005 -0.0143 -0.1005
4.0989 -3.7541 7.9296 0.0091 -0.0081 -0.0948
3.9079 -3.8301 7.8141 -0.0047 0.0026 -0.1193
4.1378 -3.8301 7.929 -0.0165 -0.0123 -0.1236
4.0229 -3.7535 7.8907 -0.0133 -0.0017 -0.1161
3.9846 -3.8684 7.8141 -0.0026 -0.007 -0.1193
4.0612 -3.7918 7.8524 0.0028 -0.0101 -0.1266
3.9846 -3.7918 7.8141 -0.0089 -0.0186 -0.1298
4.0995 -3.8684 7.8141 -0.0111 -0.0176 -0.1235
3.9846 -3.8301 7.8141 -0.0015 0.0005 -0.1213
4.0229 -3.8684 7.8141 0.0092 0.0112 -0.1277
4.0229 -3.8684 7.8141 -0.0057 -0.0048 -0.1256
3.9079 -3.7918 7.7758 -0.0079 -0.0027 -0.132
4.0612 -3.8301 7.8524 -0.0004 -0.0016 -0.1224
3.9846 -3.8301 7.8524 -0.0036 0.0005 -0.1149
3.9846 -3.8301 7.8524 0.0092 0.0069 -0.1213
4.0229 -3.8301 7.8524 0.0167 0.0219 -0.1217
3.9456 -3.8307 7.853 -0.0004 0.0006 -0.1174
