-4.3281 -8.8867 0.8422 0.0099 0.8529 -0.1734
-4.5203 -8.351 0.0766 -0.2628 1.5059 -0.5367
-5.6306 -8.5036 0.4208 0.3699 0.6921 -0.3109
-2.8341 -8.8101 1.0337 0.9516 2.6266 -0.134
-3.5237 -7.929 -0.7284 -0.2809 -0.7652 -0.0404
-3.1029 -8.351 -1.0726 -0.0018 -0.094 0.177
-1.8771 -9.5385 -1.1109 -0.2553 -0.4317 0.1322
-3.486 -9.0405 -0.498 0.1868 -0.1505 0.0811
-7.7758 -8.7334 2.1829 1.6025 0.2564 0.2377
-4.0606 -7.8913 1.3024 -1.2621 -1.5141 0.8492
-2.988 -8.3893 1.4174 0.1398 0.5493 -0.231
-3.6392 -7.9679 1.4557 0.7662 -1.4917 0.0567
-5.2858 -8.3887 -0.0772 0.5862 0.0849 0.1525
-3.2555 -9.5379 1.9914 0.0695 0.2244 0.1302
-2.3361 -12.9856 -1.303 -0.2191 1.6615 -0.1779
-7.6608 -9.3464 -1.0349 -2.4807 1.2918 -1.1622
-7.3927 -8.5419 2.7575 -0.5547 0.5057 -0.8117
-1.4934 -6.4733 0.4591 0.0387 1.3547 -0.8682
-4.2132 -3.5237 0.4208 0.4807 -1.1508 0.2205
1.0343 -18.2342 -7.0868 0.5553 0.185 -0.617
-8.5036 -10.7254 2.4894 -1.2866 -0.2731 -0.2687
-8.3504 -8.6568 3.4087 1.2914 -3.9259 1.1332
-3.3327 -7.6998 2.2984 -1.114 0.61 0.7412
-2.49 -8.8107 0.4597 1.4916 3.042 0.3406
-2.1069 -9.1554 0.3831 1.9881 -1.3543 0.0127
-2.6049 -9.3087 1.3791 -1.5678 -1.9423 0.6593
-1.57 -13.79 -0.4603 -1.9193 0.2085 -0.455
-5.2858 -10.419 3.7918 -2.8663 -2.6241 -0.8598
-1.7232 -7.8524 3.4087 -2.1867 -1.8486 -0.8097
-2.4894 -7.3927 1.1103 0.3338 -1.009 -1.1308
-5.4007 -6.1286 3.2555 -0.9445 -3.8639 0.1997
-3.4471 -10.802 -7.0108 -3.3147 -5.6099 0.1475
-8.0439 -8.3504 2.8724 -0.6398 -2.7199 -0.9039
-5.7844 -6.9336 3.2561 -0.1732 -3.8086 1.0072
-2.6815 -13.7523 -0.3831 -0.5003 -1.4799 -0.1441
-4.8267 -8.4276 -0.498 -0.8018 -0.3859 -0.1824
-5.1332 -8.849 2.375 -1.099 -3.4059 0.3726
-6.2818 -6.7415 3.562 -1.034 -1.1784 0.3885
-4.9033 -6.7038 1.3024 -1.0702 4.1032 -0.681
-5.8987 -6.8564 -3.1801 -1.6529 -0.6522 -0.1328
-4.5969 -5.4773 -2.9113 -0.5834 0.4855 -0.4492
-3.3327 -10.0748 -6.8953 -0.2244 1.8522 -1.6156
-1.1109 -3.8307 -2.5666 -0.1285 1.2323 -1.3802
-1.57 -7.6608 -4.2144 -0.6132 0.5984 -1.4122
0.8051 -7.5842 -4.7507 -0.6729 0.6773 -1.3766
2.6049 -8.0062 -5.4013 -0.43 0.5899 -1.2179
3.6009 -7.8913 -5.7078 -0.2446 0.3843 -1.1635
4.2521 -7.4699 -5.3247 -0.1871 0.3854 -1.1848
6.0908 -5.8993 -5.2864 -0.0124 0.0722 -0.437
6.2824 -5.5929 -4.7118 0.0344 -0.0248 -0.4178
6.1292 -4.5969 -5.2481 0.0717 0.0274 -0.2548
6.2441 -5.3247 -5.2481 -0.07 0.0381 -0.0918
6.4362 -4.5963 -5.1338 -0.1957 0.0711 -0.0258
6.3213 -4.2898 -4.6741 -0.1893 0.0658 0.0222
6.5511 -5.1326 -5.0572 -0.136 -0.0812 0.1108
5.861 -4.9416 -5.363 0.0174 -0.111 0.016
5.8999 -4.8261 -5.5935 0.0451 -0.062 -0.0213
5.9765 -4.7112 -5.6318 0.0068 -0.0301 0.0054
5.8999 -4.8644 -5.4785 0.0249 -0.0013 0.0043
5.9382 -4.9027 -5.5935 0.0089 0.0349 0.0163
5.9382 -4.8644 -5.5168 -0.005 0.0317 0.0153
6.0531 -4.7878 -5.4402 -0.0092 0.0242 0.0217
5.9765 -4.7878 -5.4785 0.0004 0.0061 0.0068
5.9759 -4.8267 -5.4396 -0.0103 0.0008 0.0046
5.9376 -4.7884 -5.363 -0.0039 -0.0088 -0.0007
5.8993 -4.7884 -5.4779 0.0035 -0.0121 0.0028
5.9376 -4.865 -5.5162 -0.0029 0.0007 0.006
5.8999 -4.8261 -5.4785 -0.004 0.0082 0.0049
6.0148 -4.8644 -5.4785 -0.004 0.0135 0.0049
5.9382 -4.7878 -5.5168 -0.0029 0.0018 0.003
6.0142 -4.865 -5.363 0.0003 -0.0056 0.0019
5.9759 -4.865 -5.2864 -0.005 0.0008 -0.0002
6.0148 -4.7878 -5.5168 0.0083 -0.0077 -0.003
5.9382 -4.9027 -5.3253 0.0093 -0.0088 -0.0051
5.9382 -4.7495 -5.3636 0.0061 -0.0077 -0.0051
6.0148 -4.8261 -5.5551 0.0008 -0.0013 -0.0009
5.8233 -4.7878 -5.6318 0.0061 -0.0056 -0.0051
6.0148 -4.7878 -5.4019 0.0115 -0.0067 -0.0051
6.0142 -4.7884 -5.363 0.0019 -0.0003 -0.003
5.9759 -4.9416 -5.4779 0.0061 -0.0045 -0.0041
5.9376 -4.7884 -5.4396 0.0072 -0.0067 -0.0041
5.8993 -4.9033 -5.4396 0.0061 -0.0045 -0.0062
5.9382 -4.7495 -5.5168 0.0051 -0.0035 -0.0062
5.9765 -4.8644 -5.4785 0.004 -0.0067 -0.0051
5.8999 -4.8644 -5.4402 0.0061 -0.0056 -0.0051
5.9765 -4.8261 -5.4785 -0.0029 0.0025 0.002
5.9382 -4.7495 -5.4785 0.0024 0.0036 -0.0012
5.8999 -4.7495 -5.4785 0.0013 -0.0007 -0.0012
5.9376 -4.8267 -5.4396 -0.0008 -0.0017 -0.0002
5.8993 -4.7884 -5.363 0.0003 0.0004 -0.0002
5.9382 -4.7878 -5.5168 -0.0008 -0.0003 0.001
5.8616 -4.7878 -5.4402 0.0035 0.0029 0.001
5.9382 -4.8261 -5.4785 -0.0029 0.0019 0.001
5.8999 -4.7878 -5.4785 0.0024 0.0019 -0.0001
5.9382 -4.8644 -5.4785 0.0013 0.0008 0.001
5.9376 -4.865 -5.4396 -0.0008 -0.0003 -0.0011
5.9382 -4.8261 -5.4785 0.0003 0.0008 -0.0001
