-2.9874 -9.3847 0.7272 0.0081 -0.0759 -0.0154
-2.8724 -9.423 0.6506 0.0763 -0.0503 -0.0185
-2.8341 -9.4613 0.6506 0.1242 0.0008 -0.0303
-2.7575 -9.5379 0.6889 0.0241 -0.0898 0.0187
-2.566 -9.4613 0.8422 -0.1123 -0.2218 0.0035
-2.7575 -9.5379 0.9571 -0.1326 -0.3113 0.0376
-3.1023 -9.423 1.1103 -0.1411 -0.077 -0.0093
-3.486 -9.4236 1.2641 -0.0292 -0.2069 0.044
-3.486 -9.1554 1.0343 0.3393 -0.3007 0.0685
-3.2178 -9.0788 1.2258 0.4544 -0.2751 0.0131
-3.0646 -9.3853 0.8045 0.3426 -0.257 -0.2849
-4.2132 -8.925 0.7272 0.1221 -0.3539 -0.385
-5.5539 -10.5722 1.1869 0.1412 -0.4956 0.1125
-5.363 -11.6071 -4.0606 -1.8689 2.5958 0.2222
-0.4597 -10.726 3.2178 -0.711 -1.6568 0.9263
-3.2172 -7.2395 -0.8051 -2.7116 1.8426 1.8953
-1.0337 -5.6306 -0.4603 0.3756 0.5036 0.3219
-7.2778 -9.0016 -7.777 0.5321 -0.0407 0.063
-1.7998 -8.7718 -2.7204 0.6259 -0.1941 -0.3077
-3.2944 -8.8107 0.0383 0.8794 -0.9675 -0.8978
-3.562 -9.7677 1.8765 0.9284 -0.5617 -0.1987
-2.7575 -7.3544 1.2635 0.2158 -0.9228 0.271
-2.375 -9.1937 -0.6129 1.3663 -0.3582 -0.6664
-5.8987 -9.5379 1.072 -0.6918 -1.1337 -0.0997
-6.1292 -8.9639 -1.6089 -2.2801 1.5966 0.8455
-0.574 -17.3143 3.7152 -0.6716 -1.4032 0.8391
-2.873 -7.2401 0.1149 -1.1477 2.8568 2.3411
-1.3791 -5.3247 -0.2298 0.6302 0.118 -0.4456
-3.7158 -9.3087 -5.2864 -0.0942 -0.7651 0.2372
-2.2212 -10.5722 -1.0732 0.741 -1.1529 -0.7023
-1.6083 -6.8181 0.9188 0.5354 0.4759 -0.1155
-3.1406 -9.7677 1.9914 0.7111 -0.7342 -0.0644
-3.3327 -7.4316 0.5746 0.0517 -1.3521 0.3851
-2.7958 -9.7677 1.57 -0.3211 -0.6799 -0.7643
-6.3584 -9.1165 0.4974 -0.2252 -0.0589 0.383
-8.0439 -10.4956 -0.422 -0.7142 0.738 0.7125
-2.6432 -11.1091 1.3791 -1.1722 0.2948 1.3506
-3.2172 -6.3201 0.076 -2.1778 2.9239 2.5777
-1.1869 -5.5539 0.3059 0.9029 0.4727 -0.5999
-4.8261 -10.4956 -5.8616 0.2819 -1.1444 -0.3762
-4.0606 -7.8913 -2.49 0.4161 0.2064 -0.1188
-2.3367 -11.3772 2.2601 1.9319 -2.2618 -0.7122
-2.1452 -12.5648 3.7924 0.4928 -1.9454 -0.8048
-1.9154 -7.2784 0.6129 -0.7845 -2.0349 0.2604
-3.562 -10.1891 1.6466 -1.4428 -3.8682 0.2956
-3.8684 -9.3847 1.9148 -1.4535 -2.4248 -0.3062
-5.0176 -9.7294 1.4551 -1.135 -1.3691 -0.6588
-6.7421 -8.3127 1.2641 0.2041 -1.7857 -0.3765
-3.1406 -8.8867 -4.4059 -2.7776 -3.1897 0.855
1.418 -8.2738 -1.2647 -1.3491 -2.9777 -0.042
-3.2555 -8.0056 0.8039 -0.0399 -3.6158 -0.2241
-4.4053 -9.845 -1.3024 -1.1349 -1.3606 0.3235
-2.9874 -9.0399 -2.0692 -0.2582 -1.5374 -0.5287
-2.7958 -8.8101 -2.1458 -0.2209 -1.3318 -0.2858
-4.6352 -9.0022 -1.9537 -0.3914 0.1904 0.4716
-1.1492 -7.5465 -0.8428 -0.304 -1.0645 0.5812
-6.0903 -9.4996 -0.5752 -0.3935 -0.3422 1.1842
-3.6386 -8.1971 -1.0349 -0.6705 -0.3625 0.5557
-6.1669 -7.8141 -1.4563 -0.6524 -0.1995 0.9328
-5.439 -7.7758 -3.5249 -0.7291 0.2096 0.643
-5.9753 -5.7455 -4.5209 -0.9645 0.282 0.4288
-5.937 -5.5539 -5.1721 -0.7717 0.6762 0.5854
-6.1286 -5.1709 -5.8233 -0.7887 0.4983 0.677
-6.0142 -4.2904 -6.8953 -0.7738 0.478 0.6994
-6.2052 -3.4854 -6.9725 -0.646 0.3076 0.7654
-6.3584 -3.0257 -7.5854 -0.5906 0.1052 0.691
-6.6266 -1.7998 -8.1217 -0.3712 0.184 0.5174
-6.435 -0.8422 -7.7387 -0.4074 0.2192 0.3277
-6.8564 -0.3442 -8.16 -0.157 0.3832 0.1403
-5.9753 -0.5357 -7.9685 -0.2273 0.282 0.0859
-6.0136 -0.2676 -8.1983 -0.3871 0.1403 0.0362
-5.861 0.1532 -8.1211 -0.3818 0.1201 0.0618
-5.7455 0.6518 -8.0834 -0.2561 -0.0557 0.0149
-5.6695 0.8811 -8.1594 -0.1964 0.0178 0.1364
-5.8227 1.3791 -8.2361 -0.1964 -0.0951 0.1726
-5.8604 1.4946 -8.275 -0.205 0.0381 0.1159
-5.5539 1.5712 -7.9685 -0.1506 -0.0088 0.0254
-5.7455 1.7244 -8.0451 -0.1506 0.0615 0.0211
-5.8221 2.1075 -7.6237 -0.0356 0.0839 -0.0183
-5.5539 2.1458 -7.8153 0.0369 0.0168 -0.0087
-5.8221 1.1115 -7.9302 0.089 -0.0727 0.0561
-5.8221 1.4563 -8.0451 0.0635 -0.0386 -0.0589
-6.1286 1.6478 -7.8536 -0.0047 -0.1153 -0.044
-6.0136 1.418 -7.5088 0.0187 -0.094 -0.0376
-6.2052 1.4563 -7.8153 -0.0249 -0.0237 -0.0163
-6.1675 1.494 -7.6614 -0.0004 -0.0248 -0.0099
-6.2052 1.6095 -7.777 0.0134 -0.0525 -0.017
-6.1286 1.4563 -7.777 0.0209 -0.0482 -0.0053
-6.1286 1.5329 -7.6237 0.0188 -0.0312 0.0065
-6.2052 1.5712 -7.7004 0.0081 -0.0205 0.0086
-6.3207 1.494 -7.6231 -0.0068 -0.0162 -0.0085
-6.3207 1.494 -7.6231 -0.0089 -0.0109 -0.0021
-6.2824 1.5323 -7.6614 -0.0047 0.0029 -0.0031
-6.3201 1.4563 -7.6237 -0.0015 -0.0013 0.0011
-6.2824 1.5323 -7.6998 -0.0004 -0.0141 0.0043
-6.3207 1.4557 -7.5848 -0.0015 -0.0056 0.0086
-6.3207 1.4557 -7.6231 0.0038 -0.0152 0.003
-6.2058 1.4557 -7.6231 0.0017 -0.0013 -0.0001
-6.3201 1.3797 -7.6237 0.0038 -0.0024 0.002
-6.2818 1.3797 -7.5854 0.0049 -0.0141 0.002
-6.2818 1.418 -7.662 0.0017 -0.0056 0.002
-6.3201 1.4563 -7.662 -0.0004 -0.0003 0.0008
-6.3201 1.4563 -7.662 -0.0047 -0.0003 0.0071
-6.2818 1.4563 -7.6237 0.0017 -0.0045 0.0008
-6.3201 1.4563 -7.5854 -0.0058 0.0051 -0.0078
-6.3967 1.5712 -7.5854 0.0038 -0.0099 0.0029
-6.2435 1.5329 -7.6237 0.006 -0.0035 -0.0022
-6.3201 1.418 -7.6237 0.0038 0.0072 -0.0022
-6.3967 1.4946 -7.5854 -0.0015 0.0072 -0.0043
-6.2441 1.5323 -7.5848 -0.0132 -0.0035 -0.0065
-6.3207 1.494 -7.6231 0.0046 -0.0015 0.0012
-6.359 1.494 -7.6231 0.0089 -0.0036 0.0002
-6.3201 1.4563 -7.6237 0.0025 -0.0047 0.0034
-6.2818 1.5329 -7.6237 0.0025 0.007 0.0034
-6.3207 1.494 -7.5848 0.0014 -0.0036 0.0002
-6.3584 1.5329 -7.6237 0.0003 -0.0068 -0.003
-6.3201 1.4946 -7.6237 -0.0007 -0.0036 0.0012
-6.2818 1.4563 -7.6237 0.0078 -0.0004 0.0087
-6.359 1.4557 -7.6614 -0.0007 0.0006 0.0012
-6.3207 1.5323 -7.5848 0.0035 0.0017 0.0044
-6.3973 1.4174 -7.6231 0.0057 0.0081 0.0034
-6.3207 1.4557 -7.5848 -0.0007 0.0028 -0.002
-6.3584 1.4946 -7.6237 0.0039 -0.0051 0.0016
-6.3584 1.418 -7.5854 -0.0057 0.0055 -0.0016
-6.3201 1.5712 -7.6237 -0.0025 -0.003 -0.0059
-6.3584 1.4563 -7.5854 -0.0014 -0.003 -0.0027
-6.3201 1.5329 -7.7004 0.0018 -0.0009 0.0016
-6.3584 1.5329 -7.662 0.0018 -0.003 0.0027
-6.2818 1.418 -7.6237 -0.0004 0.0023 -0.0016
-6.2824 1.4557 -7.6231 -0.0034 0.0035 -0.0018
-6.3207 1.4174 -7.6231 0.0062 -0.0061 0.0057
-6.3584 1.4946 -7.6237 0.0041 -0.0061 -0.0028
-6.3967 1.4946 -7.5854 -0.0023 0.0035 -0.0028
-6.3201 1.4946 -7.6237 -0.0023 0.0003 0.0004
-6.3973 1.494 -7.5465 0.0061 -0.0032 0.0029
-6.3207 1.4557 -7.6231 -0.0014 0.0075 -0.0014
-6.3201 1.418 -7.662 0.0018 0.0 0.0007
-6.3201 1.4563 -7.5854 0.0008 0.0021 0.0029
-6.2824 1.494 -7.5465 0.004 -0.0053 0.0007
-6.3207 1.5323 -7.5848 -0.0056 0.0 -0.0014
-6.3201 1.5329 -7.5854 -0.0014 0.0 0.0029
-6.3201 1.4946 -7.6237 0.0009 0.0067 0.0007
-6.3201 1.4946 -7.5854 0.002 -0.0029 0.0007
-6.3584 1.4563 -7.6237 -0.0012 0.0045 0.0007
-6.3584 1.418 -7.5471 0.0009 0.0035 -0.0004
-6.2818 1.418 -7.662 0.002 0.0003 -0.0025
-6.3201 1.418 -7.6237 -0.0012 0.0013 -0.0014
