2.3367 -9.5002 -0.4597 -0.2393 0.1612 -0.0483
2.2984 -9.4236 -0.996 -0.3543 0.206 -0.0664
2.2984 -9.6534 -1.1875 -0.6174 0.4819 -0.0398
2.6815 -9.6534 -1.992 -1.0563 0.892 0.0391
3.1412 -9.347 -2.5666 -1.1746 0.7855 0.0305
2.7587 -9.3081 -2.8353 -0.9328 0.6619 0.0827
3.3716 -7.6608 -3.8313 -0.6654 0.3562 -0.0057
2.7198 -7.1251 -4.8267 -0.3107 0.37 0.1839
3.5243 -6.7038 -5.5162 -0.0347 0.2837 0.0454
4.367 -7.2018 -5.2481 0.566 0.0387 0.3636
1.1875 -3.9456 1.494 1.5503 -0.9861 0.4019
2.6815 -10.5345 -0.5746 2.6049 -1.3536 0.0717
1.6472 -8.6957 2.1069 2.2023 -2.3752 0.5148
-0.3825 -12.7557 -1.5329 -0.0784 -1.7435 -0.1083
-0.4208 -12.0279 0.1909 -1.6178 0.7184 0.0941
4.6741 -13.79 5.439 -0.9924 1.1519 0.8867
2.5289 -4.443 -3.1035 -4.7454 1.6707 0.5032
1.1115 -4.0983 -1.303 -0.2073 0.9261 -0.0934
7.4705 -11.415 -8.8879 -1.0052 1.0401 -0.4656
2.4517 -10.9942 -1.6089 3.9739 -1.3493 -0.7223
3.7541 -11.8369 2.5283 0.8761 -0.9658 0.8703
1.9154 -10.7643 1.494 3.1621 -1.7104 0.6913
2.5289 -7.7758 -1.303 1.1829 0.403 -0.3218
-0.4208 -13.5602 -1.5329 0.4393 -1.165 0.4579
0.0772 -10.2657 1.4934 -1.868 0.4052 -0.1194
5.6318 -15.8586 3.7535 -3.2795 3.4412 -0.5146
0.9583 -2.8724 -1.3797 -4.0188 2.54 0.7179
1.916 -4.2132 -0.3071 1.2692 0.9634 -0.1993
5.1721 -5.2475 -5.1338 -0.5876 1.8774 0.164
2.7204 -13.1388 2.8724 3.8929 -0.822 -0.2621
2.797 -8.0445 -0.422 4.1752 -0.8944 -0.2057
-0.2676 -7.2012 3.6769 1.5802 -2.9259 1.4796
0.6901 -12.296 -3.5632 0.0995 2.6316 -0.3995
-1.072 -13.1771 -1.9543 0.0058 -0.397 0.8617
-0.4597 -11.3772 0.6895 -1.6188 0.9623 -0.2515
5.9759 -15.3612 4.7884 -4.6281 1.7794 -1.1389
-2.4128 1.303 -2.3373 -1.4377 2.0201 0.1916
2.6432 -4.865 -1.4557 1.3203 0.8174 0.0254
6.5511 -7.2395 -6.3596 -0.7495 2.3141 -0.4379
2.797 -12.5642 1.6083 3.7118 -0.5791 -0.2387
3.5632 -10.3424 -3.0652 4.2093 -0.805 -0.5264
-0.2292 -6.933 3.6769 1.6569 -3.6183 1.161
2.414 -7.6992 0.574 1.3672 0.1037 -0.1056
-0.5357 -13.6368 -1.303 0.6791 -2.029 0.9082
1.6095 -11.6448 2.9491 -1.82 1.0241 -0.5661
6.781 -13.8283 5.3624 -5.0158 2.8553 -0.8463
-1.7232 1.0349 -2.3756 -1.6709 2.7456 0.317
1.6478 -5.0943 -1.1115 1.7156 0.2156 0.284
3.9079 -5.3624 -6.2064 -0.1529 0.762 0.269
2.6055 -11.3766 4.558 1.6538 1.1477 0.972
3.4093 -12.22 -1.494 4.3084 -1.4963 0.7664
-0.6123 -6.2052 2.566 0.857 -2.6884 1.1542
2.0692 -10.6488 -4.4825 0.6663 2.9032 -0.3702
-0.3448 -13.6374 -0.7278 0.4543 -1.1778 1.1211
-0.1532 -9.232 0.8045 -1.4696 1.2755 -0.496
5.7467 -7.7758 5.0176 -5.7211 0.5969 -0.7495
1.7627 -2.4128 -2.8736 0.0665 1.3447 0.2401
5.8999 -11.2234 -8.16 0.2444 -0.8561 -1.1
4.2527 -5.2475 -4.4825 0.6577 -0.6399 0.1739
3.6015 -2.8341 -2.9503 0.2316 -1.017 0.0364
0.92 -10.3424 4.5963 3.3401 -1.6029 1.122
0.8051 -7.0096 1.3018 1.2074 -0.6846 -0.0509
0.3837 -11.0702 0.076 0.5001 -1.5176 -0.1095
-1.3024 -13.8289 -0.996 -0.6632 0.4691 0.5845
4.8273 -13.3303 3.3704 -1.7572 -0.4492 -0.2752
1.4563 -8.3504 0.6506 -5.7445 1.4257 1.5144
3.0269 -5.9753 -1.6095 0.4245 0.8078 0.137
6.2441 -14.4801 -12.4498 -1.5942 1.9104 -0.5724
3.4866 -9.9593 2.2212 3.4657 -0.9147 0.0182
3.3327 -12.0285 -1.7621 4.7334 -1.4601 -0.4367
-0.1149 -5.7078 2.9497 1.7017 -2.9248 1.0845
1.8004 -9.1937 -1.1109 0.1879 2.3759 -0.3781
-0.9954 -13.0239 -0.6518 0.8228 -0.8156 0.9151
0.2298 -10.6111 1.2641 -2.0821 0.8281 -0.5947
8.351 -14.8632 4.4819 -5.1777 0.9303 -0.9175
-1.3408 -2.1452 -3.6775 -1.6102 2.328 0.4673
2.0692 -4.5197 -1.7244 1.412 0.6385 0.1158
4.4825 -7.8524 -6.283 -1.3087 1.7037 0.2127
6.283 -14.1731 3.064 4.465 -0.6899 -0.7698
1.4563 -10.1891 -3.4482 3.7864 -0.7815 -0.3608
0.0006 -6.8947 3.0257 1.1659 -2.535 1.284
1.7627 -10.419 -1.5712 0.1102 3.4273 -0.3682
-1.7232 -13.9049 -1.0732 0.2668 -0.5067 1.0209
1.3414 -12.296 2.4894 -2.4954 0.9453 -0.819
1.8777 -7.2395 -0.3454 -5.2757 1.757 1.5693
0.6518 -1.3785 -2.4523 -0.776 1.4097 0.0843
4.5203 -9.6534 -5.4013 0.2147 -0.2521 -1.0523
3.9079 -4.9027 -5.1721 -0.1316 0.7961 0.3858
2.414 -7.1629 3.7918 0.6737 0.4488 0.5121
2.5666 -12.1817 -0.0383 3.5574 -2.144 0.8924
2.0692 -6.8181 1.6466 0.8133 -0.4364 0.0146
0.7284 -11.7597 -0.0389 0.2242 -0.593 -0.0333
-2.2595 -13.5602 -2.0309 -1.3907 0.9815 0.3842
3.7541 -15.5527 4.9033 -1.3513 -1.2034 0.3421
0.2304 -4.8644 -3.0652 -4.9242 1.9754 1.3829
2.3373 -3.9834 -2.4523 0.3947 1.006 -0.0595
8.0834 -13.8666 -13.2932 -0.514 0.1154 -0.6827
5.4402 -14.2114 -3.4099 1.8328 -0.8178 -0.6518
2.1458 -4.1749 0.3442 0.8452 -1.4729 -0.6082
1.8393 -9.921 1.8765 2.9651 -2.1302 1.1441
1.3414 -7.2012 1.3018 0.8282 -0.2809 -0.1565
0.8045 -11.5305 -2.1835 0.1315 -0.8561 -0.1193
-1.6089 -13.2543 -2.9113 -1.8904 1.1168 0.1439
6.0531 -16.3566 6.933 -1.2938 -1.0873 0.6326
0.92 -5.439 -2.6055 -4.4395 2.6827 1.4827
1.2641 -2.7964 -2.4134 0.7281 0.9186 -0.1812
8.5042 -13.8672 -11.9902 -0.5342 0.6992 -1.0004
0.8045 -5.2481 -4.7118 2.1108 -1.8063 0.0233
4.5969 -10.0365 4.4819 0.2424 -1.2726 0.3322
2.1835 -10.8026 0.0766 3.5682 -1.8468 0.9383
2.8736 -6.9713 1.9914 1.1149 -0.8923 -0.1685
-0.1526 -11.5299 -0.9583 0.9849 -3.2689 0.0776
-2.9108 -12.9856 -1.2264 -1.593 1.0401 0.3801
4.3676 -16.28 4.7112 -1.6335 -0.7251 -0.0565
2.6438 -7.6225 1.1869 -5.298 1.0177 1.3784
0.0772 -1.2252 -1.916 -0.5097 1.1466 -0.0331
3.7164 -8.7334 -4.8656 0.2872 -0.3618 -1.109
2.7964 -4.1755 -3.984 0.9072 0.1026 0.49
3.0646 -10.4579 3.7541 0.6142 0.8185 0.5901
2.5666 -11.9135 -2.6432 3.9867 -1.3738 0.4105
1.0732 -6.7415 1.4934 0.7323 -0.56 -0.3
0.5369 -11.6448 0.4591 0.8378 -2.2527 0.0696
-1.9148 -13.6751 -1.6861 -1.6166 0.9698 0.0132
4.0995 -14.7477 5.3624 -1.6282 -1.3685 0.3551
2.414 -6.3201 0.9954 -5.5718 1.5365 1.4214
-0.0766 -2.1835 -3.1029 0.0453 1.2616 0.1112
4.7884 -8.0062 -4.865 0.334 -0.0092 -1.3823
2.4134 -8.5042 -6.2058 0.3148 0.2166 0.2848
4.7501 -15.1314 5.2481 -0.2775 1.1455 0.7684
3.3333 -11.9513 2.2595 4.9839 -1.311 0.2389
0.4603 -7.3161 1.1486 0.6919 -1.4058 0.257
0.5369 -10.419 -0.8817 -0.1742 -0.7624 -0.1382
-0.5357 -11.3383 -0.8434 -0.1422 0.0249 0.3146
0.5363 -11.9902 2.7198 -1.4056 -0.3011 0.5436
6.3207 -6.7804 1.494 -3.3081 3.0396 0.3698
0.1532 -8.5042 -0.6895 -1.0519 1.2073 0.0598
4.6352 -6.9336 -4.5203 0.8496 0.6907 -0.1607
3.0263 -7.6231 -1.3791 1.3546 -0.8018 0.0779
2.2984 -11.224 0.9577 0.9541 -0.8976 0.077
1.3791 -9.6534 1.8004 0.6611 0.2912 -0.1424
1.8387 -10.0748 0.6895 0.1604 -0.2084 0.2368
1.7621 -9.1554 0.7278 0.4544 -0.413 0.0238
1.5329 -9.6911 0.574 0.1658 0.5277 -0.1072
2.1069 -10.0748 0.7661 0.0871 -0.2106 -0.013
2.414 -8.6185 1.6466 -0.1356 -0.7656 0.0275
2.414 -9.7294 0.4974 -0.0109 0.369 -0.0631
2.4134 -9.3853 0.2298 -0.0781 -0.054 -0.0524
2.2607 -9.3847 0.4591 0.0402 -0.0763 -0.0247
2.1458 -9.6145 0.4591 0.0594 -0.0486 -0.029
2.3367 -9.4619 0.4214 0.0859 -0.1211 -0.0108
2.2984 -9.5385 0.4214 0.0497 -0.0657 -0.0204
2.2224 -9.4613 0.3442 0.0156 -0.0412 -0.0162
2.299 -9.6145 0.4591 0.0326 -0.0465 -0.0162
2.2224 -9.5379 0.3825 0.0188 -0.0582 -0.0172
2.2218 -9.5002 0.4597 0.0283 -0.0241 -0.0138
2.2601 -9.5002 0.498 0.0113 -0.0018 -0.0149
2.3373 -9.4613 0.5357 0.0091 -0.0103 -0.0223
2.2224 -9.4996 0.3825 0.0166 -0.005 -0.0159
2.1452 -9.4619 0.5363 0.0166 0.0291 -0.0042
2.2984 -9.5002 0.498 0.0348 -0.0103 -0.0095
2.2218 -9.5768 0.4214 0.038 -0.0327 0.0022
2.2607 -9.5379 0.4974 0.021 -0.0039 0.0022
2.2984 -9.5002 0.6129 0.0284 0.0025 0.0001
2.1452 -9.4619 0.5746 0.0401 0.0068 -0.0042
2.2224 -9.5379 0.6889 0.0401 0.0494 -0.0076
2.0686 -9.5385 0.6895 0.0263 0.0291 -0.0097
2.0686 -9.5002 0.7278 0.0018 0.0504 0.002
2.1458 -9.5379 0.6506 0.0071 0.0132 -0.0119
2.1841 -9.5379 0.6889 -0.0078 0.0313 -0.0129
2.1841 -9.5379 0.7272 -0.0046 0.0174 -0.0136
2.1841 -9.4996 0.6123 0.0018 0.0014 -0.0178
2.2218 -9.5002 0.6895 0.0348 -0.0444 -0.0104
2.1069 -9.5385 0.7278 0.0252 -0.0177 -0.0146
2.1452 -9.6151 0.7278 0.0231 0.0004 -0.0115
2.1835 -9.5002 0.7278 0.0124 0.0835 -0.0051
2.1835 -9.5385 0.7661 0.0092 0.0259 -0.0051
2.1069 -9.5002 0.8811 0.007 0.0345 -0.0147
2.1835 -9.5385 0.8045 0.0177 0.0068 -0.004
2.1835 -9.4619 0.8428 0.0219 -0.0071 -0.0083
2.1069 -9.5002 0.7661 0.0368 -0.0103 -0.0105
2.1075 -9.5379 0.8039 0.0102 -0.005 -0.0052
2.1835 -9.5002 0.8045 0.0028 0.0185 -0.0084
2.1075 -9.5762 0.8805 -0.0015 0.0281 -0.0105
2.0303 -9.4619 0.8045 -0.0036 0.0046 -0.0116
2.1841 -9.5379 0.8805 0.0049 -0.0028 -0.0109
2.1075 -9.5379 0.6889 -0.0122 0.0238 -0.0141
2.1075 -9.5379 0.8422 0.0038 -0.0007 -0.0109
2.1075 -9.4996 0.8422 0.0038 0.0121 -0.0034
1.9926 -9.4996 0.8422 0.0123 -0.0092 -0.0066
2.0692 -9.4996 0.8422 -0.0026 0.0227 -0.013
1.9926 -9.4996 0.8805 0.0049 0.0078 -0.0109
1.992 -9.5385 0.8428 0.0102 -0.0103 -0.0109
2.1075 -9.5762 0.7655 0.0144 -0.0156 -0.0151
1.992 -9.5385 0.7661 0.0134 -0.0209 -0.0066
