-2.7192 -9.5379 1.3018 0.0582 -0.0131 0.037
-2.7192 -9.3847 1.3785 0.0731 0.0092 0.036
-2.7581 -9.5385 1.3024 0.0954 0.1008 0.0222
-2.7964 -9.6151 1.3791 0.0965 0.185 0.036
-2.5277 -9.4613 1.6849 0.0624 0.2095 0.0126
-2.6043 -9.4996 1.7998 0.1156 0.25 0.0797
-2.3367 -9.3087 1.2641 0.1891 0.3523 0.0414
-2.1835 -8.8873 1.4557 0.3063 0.153 0.1314
-2.873 -9.5002 1.2641 0.4543 0.1296 0.239
-2.0303 -9.6917 1.4174 0.448 0.1477 0.1368
-1.4174 -10.8026 0.498 0.3148 0.0582 0.1464
-0.6123 -12.3726 0.2292 -0.4895 -0.1857 -0.0262
-4.4047 -10.4573 -0.3454 -3.1877 1.7765 0.4101
-3.4854 -9.3081 -0.9583 -3.9494 -0.4254 -2.0229
-2.4511 -2.9491 -0.2687 -2.6839 -1.3682 -0.9971
-0.9571 -5.1709 -5.4402 0.7388 -0.9932 0.0852
-5.2092 -10.7637 -9.0028 0.0432 -0.6555 -0.1161
-3.945 -11.0319 1.9148 1.9128 0.5728 0.2975
-3.1406 -13.5985 1.3018 3.1527 1.703 1.4736
-1.7232 -8.0439 2.2595 1.0275 0.2393 -0.1967
-2.5277 -9.921 1.8381 1.704 -2.3706 -0.2436
-1.992 -11.7986 3.2561 0.8092 0.316 0.0962
-3.1029 -11.6454 -1.3024 -2.2343 0.6282 -0.075
-6.2435 -19.6127 5.5539 -4.253 -1.6558 -2.376
0.5752 4.3293 -0.8817 -2.6433 -1.0102 -1.103
-2.6043 -0.6506 -5.5551 0.2307 -1.1956 0.138
-0.9571 -6.1669 -5.2487 3.287 0.6835 -0.0618
-3.3704 -6.7032 -2.299 2.1461 -0.598 0.6508
-4.8644 -13.3686 0.0377 3.2146 1.0074 1.9153
-0.7655 -7.8907 -0.2687 1.7168 -0.5916 0.147
-4.1366 -9.6911 -1.6861 0.9903 0.4417 -0.0607
-3.3704 -15.284 -1.2264 0.3191 -0.451 0.4903
-6.0136 -10.6105 -2.9886 -4.6141 1.5848 0.289
-4.7495 -16.663 -0.6901 -4.8794 1.0617 -2.3998
-1.8765 0.8051 -1.0732 -2.3739 -0.4414 -0.6527
-1.5706 -1.8771 -6.5122 0.7484 -0.5468 0.2006
-1.6849 -13.8283 -6.8193 3.7004 0.5014 0.3226
-2.4894 -2.8341 -1.801 2.6266 -0.5479 0.9255
-4.0217 -13.5602 -0.6518 1.1395 -0.5905 0.4142
-2.6426 -8.3504 0.2292 0.2181 -0.223 -0.127
-2.7575 -13.1388 -0.8817 0.691 0.0593 -0.0577
-4.0217 -12.4493 -2.0309 -1.0358 0.854 0.2783
-4.7878 -14.4412 -3.5632 -3.5285 2.2079 -1.3185
-2.0686 -0.2682 -4.3287 -3.0065 0.0369 -0.8349
-0.7272 -0.6889 -6.2447 -0.19 -0.6438 -0.2607
-0.4597 -5.4396 -10.5345 3.1038 0.1669 -0.0637
-6.435 -17.9272 -3.295 2.8151 -0.8153 0.5287
-2.2978 -6.8181 -1.0349 3.7643 1.0873 1.382
-2.4894 -8.2355 -0.8051 1.0628 -1.1519 0.37
-3.8684 -7.7758 -3.2184 0.724 0.071 0.0589
-1.7621 -13.5225 0.8045 0.985 -0.1378 -0.1435
-5.7078 -12.5265 -3.486 -1.1125 1.8266 0.3158
-4.4819 -12.7946 -5.8227 -2.965 2.0748 -1.167
-4.4047 -2.4128 -3.793 -5.4279 -1.0731 -1.1489
0.5363 0.1149 -4.4819 -0.2336 -0.7705 -0.1103
0.7661 -4.0989 -9.5768 2.3273 0.1669 0.0932
-5.9753 -6.8181 -3.3716 1.9373 -0.9005 0.5476
-4.3664 -13.7517 1.9914 3.0388 0.6122 1.7333
-3.0257 -6.435 -1.5712 0.6867 -1.2052 0.2419
-2.5277 -7.5459 -1.5329 0.8369 -0.1793 0.0864
-3.869 -14.3652 -1.5706 1.1288 -0.1378 0.0246
-3.8684 -12.4493 -1.7244 -0.2209 0.25 0.1599
-5.7072 -13.3303 -3.8696 -3.6617 3.6226 -0.9713
-3.2555 -3.4854 -4.9039 -5.7389 -0.7471 -1.1896
0.5369 1.0349 -1.801 -2.6124 -0.8259 0.1622
-1.6855 -1.0726 -5.5545 1.0692 -0.0888 -0.5111
1.494 -7.6231 -13.6757 1.8585 -1.0773 -0.5253
-1.3402 -3.2938 -1.4563 2.9365 -0.2603 -0.032
-4.9027 -11.5299 -1.4946 3.7121 0.6292 1.3049
-2.3744 -8.3887 0.0377 3.5682 0.3586 1.03
-1.1869 -8.9633 -1.2647 0.6899 -0.4382 -0.831
-5.5156 -8.7718 -3.7164 0.8071 -0.3689 0.2769
3.1418 -12.6025 -0.6518 -0.6012 0.4471 -0.9467
-5.4773 -18.8849 1.7998 -3.5019 -0.843 -0.8412
-10.1508 -11.5682 0.9571 -5.8742 -0.7876 -2.5659
0.0389 1.6861 -0.5752 -3.2633 -1.414 -0.5888
-2.9108 -5.0943 -9.156 0.316 -0.4392 -0.5304
-8.0822 -12.4493 -13.3315 0.8273 -0.2795 0.3815
-2.1829 -6.6649 -0.6518 3.6833 0.8242 0.863
-3.8301 -8.8101 -1.7244 2.1536 -0.7034 0.7543
-2.1446 -7.7375 -1.1498 2.4529 0.6431 0.3005
-2.8341 -11.4533 -0.6518 1.3952 1.3717 -0.0227
-2.6809 -14.9392 0.2292 0.3832 0.2841 -0.2006
-1.9531 -11.3383 0.3442 -1.9444 0.5493 0.0327
-4.2132 -13.3303 2.8724 -3.5839 -1.0337 -2.1084
-2.2212 -0.1143 -1.6095 -2.9383 -0.4765 -0.7907
-1.6083 -2.7958 -4.4059 -0.0653 -1.0997 0.1936
-2.0297 -3.7535 -5.6701 3.5662 -0.0121 0.1217
-5.4396 -16.2806 -0.8428 1.9705 -0.8483 -0.0594
-2.5666 -5.8227 0.0766 3.807 0.4939 2.3141
-4.5969 -11.0325 0.498 1.1161 0.6548 -0.2948
-2.0303 -8.0062 0.3831 0.8583 0.4076 0.1175
-1.1103 -13.5219 1.9531 0.935 0.5813 -0.6028
-5.2858 -12.5259 -1.7627 -1.1348 1.7009 0.2388
-1.6849 -14.5561 -0.7667 -3.0672 0.3373 -2.075
-6.0142 -5.6695 -2.375 -4.7844 -1.2435 -1.3112
0.3065 0.0766 -2.6432 -1.0336 -0.7279 -0.5143
0.6901 -4.2898 -8.773 2.2335 0.2521 -0.1788
-6.3584 -19.6127 -3.1418 2.5893 -0.9378 0.1951
-2.6815 -3.984 0.1532 3.4916 0.8881 2.3885
-2.375 -8.6957 -1.1109 1.1821 -0.6235 0.096
-2.2595 -8.427 -2.5672 0.4375 0.43 0.2633
-4.2132 -13.1388 -0.422 1.1832 0.1328 0.054
-3.6386 -11.8363 -1.3797 -0.7396 1.3792 0.1776
-4.2904 -13.5608 -2.7964 -3.7277 2.8652 -1.0795
-4.2521 -8.0828 -2.2984 -5.1083 -0.7908 -1.5301
-0.5363 0.6512 -1.9537 -1.6643 -0.2752 -0.5745
-0.5746 -3.7541 -4.9033 1.4208 -0.435 0.0165
-5.3624 -19.2679 -3.6015 4.3002 0.6484 0.8336
-2.2212 -2.566 -0.8817 2.6832 -0.4989 1.3737
-3.5237 -10.9553 -1.5329 1.2035 -0.1644 0.2477
-1.8381 -7.2778 0.2676 -0.1153 -0.2294 0.0953
-2.1452 -11.1857 -0.1532 0.6537 -0.1601 0.0772
-5.6306 -12.0279 -1.801 -0.0738 0.6697 0.1966
-4.1366 -13.4835 -4.2144 -3.325 2.5637 -1.1158
-6.8181 -6.7032 -1.9543 -5.4172 -0.8664 -1.9137
-0.5357 -1.2635 -1.6861 -2.3599 0.1051 -1.0636
-1.6849 -2.8341 -4.0229 0.2096 -0.6459 0.1984
0.2304 -7.0479 -7.5088 3.2562 -0.0291 0.1643
-8.3504 -15.5904 -4.2527 1.8373 -1.0827 0.2133
-5.7838 -17.7356 1.4168 2.5287 1.4463 2.2384
-1.2641 -7.1635 -0.3065 0.3353 0.0721 -0.7135
-1.6089 -9.1171 0.9194 0.3885 0.3597 0.1109
-2.7964 -10.7643 -0.6129 0.6676 0.2756 0.5115
-3.5243 -12.9095 -0.7278 0.8817 0.3682 0.4294
-5.7455 -10.802 0.4974 -1.4534 1.1682 -0.6326
-4.5197 -8.3121 0.2292 -1.7112 0.8678 -0.7775
-5.056 -7.2395 -0.2687 -2.3918 -0.9005 -0.6505
-3.4087 -6.933 -0.3454 -1.2828 -1.447 -0.8987
-4.5963 -5.5156 -4.2527 1.1023 -0.2177 0.2529
-2.9108 -9.4613 -0.7284 1.2589 -0.4733 0.1197
-4.8644 -8.5802 -0.6518 0.9755 -0.8632 0.3807
-2.7192 -12.6408 0.8039 1.3579 0.4897 -1.0545
-3.1023 -11.9896 1.8765 0.1062 -0.1367 0.0534
-1.8381 -9.3847 1.8765 0.1041 0.4577 -0.1682
-4.06 -9.1931 -0.3454 0.0104 -0.0611 0.1567
-2.375 -9.73 0.9577 0.07 -0.0035 -0.0254
-2.3361 -9.5762 1.0337 0.0412 0.0124 0.0251
-2.5283 -9.5768 0.9577 0.1019 -0.0813 0.0635
-3.0263 -9.4236 0.8045 0.0529 0.1147 0.0422
-2.566 -9.5762 0.8039 0.0284 0.0486 0.0635
-2.7198 -9.5002 0.9577 0.0263 0.0806 0.0549
-2.566 -9.4996 0.9571 0.022 0.0721 0.0613
-2.566 -9.5762 0.8805 0.0103 0.0359 0.0572
-2.6809 -9.5762 0.8422 -0.0035 0.0124 0.0519
-2.6043 -9.4996 0.8805 -0.0216 0.006 0.037
-2.6809 -9.6145 0.8805 -0.0344 -0.0174 0.0274
-2.6043 -9.6528 0.8422 -0.0259 -0.011 0.0189
-2.4511 -9.6528 0.9954 0.0049 -0.0025 0.0222
-2.4134 -9.6151 1.0726 0.1253 -0.0824 0.0147
-2.5283 -9.6151 0.8045 -0.0121 -0.0323 0.0669
-2.4517 -9.5385 0.9577 0.0049 -0.0131 0.0445
-2.3744 -9.6528 0.9954 -0.0036 0.0071 0.0477
-2.3744 -9.6145 1.0337 0.0017 -0.0398 0.0448
-2.4517 -9.5385 0.996 0.0176 -0.0185 0.0459
-2.4134 -9.6151 1.0343 0.0059 -0.0227 0.0619
-2.49 -9.6534 1.0726 0.0059 -0.0174 0.0555
-2.49 -9.5768 0.9577 0.0166 0.0241 0.0502
-2.4511 -9.6528 1.072 -0.0037 -0.0089 0.0566
-2.4894 -9.5379 1.072 -0.0123 -0.0163 0.0534
-2.4511 -9.5379 1.1486 -0.0133 0.0018 0.0566
-2.4128 -9.5762 1.072 -0.0187 0.0028 0.0545
-2.4517 -9.5768 1.0726 -0.0165 -0.0046 0.0492
-2.375 -9.5768 1.0726 -0.0155 0.0028 0.0466
-2.4134 -9.5768 1.0726 -0.0251 -0.0259 0.0445
-2.4517 -9.6151 1.0343 -0.0091 -0.0142 0.0498
-2.3744 -9.6528 0.9954 -0.0134 0.005 0.0477
-2.375 -9.5768 1.0343 -0.0134 0.0071 0.0423
-2.3361 -9.6528 1.072 0.009 -0.0291 0.0597
-2.3361 -9.5379 0.9954 -0.0016 -0.027 0.0501
-2.2978 -9.6145 0.9954 0.0069 -0.0057 0.0523
-2.2978 -9.5379 0.9954 -0.0027 -0.0089 0.0555
-2.4128 -9.5762 1.0337 -0.0197 -0.0195 0.0565
-2.3744 -9.6528 0.9571 -0.0017 0.0178 0.0454
-2.2978 -9.6145 1.1486 -0.0144 -0.0089 0.056
-2.2978 -9.5762 1.072 -0.0038 0.0039 0.0496
-2.4511 -9.6528 1.072 0.0101 -0.0046 0.0571
-2.3361 -9.6528 1.1103 -0.007 -0.0057 0.0454
-2.3744 -9.5379 1.1486 0.0164 0.006 0.0523
-2.4134 -9.6534 0.996 0.0132 0.0391 0.0587
-2.4517 -9.6534 1.0343 0.0207 0.0423 0.0651
-2.2984 -9.6917 1.0726 0.01 0.021 0.0704
-2.2984 -9.6534 1.0726 0.0068 0.0124 0.0597
-2.4894 -9.5762 1.1486 0.01 0.0114 0.0683
-2.3361 -9.6145 1.1103 0.0143 0.0018 0.0587
-2.4894 -9.5379 1.1103 -0.0081 -0.0067 0.0651
-2.49 -9.5768 1.1875 -0.0006 0.0028 0.0598
-2.49 -9.5768 1.2258 -0.0006 0.0146 0.0577
-2.566 -9.6145 1.1486 0.0005 0.0188 0.059
-2.4894 -9.6528 1.1869 0.009 0.0082 0.0516
-2.4517 -9.4619 1.1109 0.0037 0.006 0.0516
-2.49 -9.5002 1.1109 0.0037 0.0018 0.0526
-2.49 -9.5385 1.1109 -0.0006 0.0082 0.0462
-2.4134 -9.5385 1.1492 -0.0113 0.0071 0.0442
-2.4134 -9.6151 1.1109 -0.0049 -0.0003 0.0379
