-1.4934 -9.3081 -0.3071 -0.1393 -0.2441 -0.2031
-2.3367 -9.232 -0.0383 0.273 -0.0907 -0.2052
-1.4174 -9.1171 -0.5746 -0.3704 -0.3197 -0.0763
-1.6083 -8.925 -0.0006 -0.5398 -0.3464 -0.0539
-2.566 -9.7677 0.9571 -0.2373 -0.2228 -0.1605
-4.6729 -12.7174 -2.1075 -0.1361 0.2097 -0.4762
0.2298 -6.2441 -2.49 2.037 0.0627 0.8703
-1.9537 -8.1594 -1.2258 1.7025 0.4611 2.0922
-4.2521 -8.8107 1.494 0.8919 0.7285 1.1984
-4.2132 -6.7798 2.3744 0.1899 0.5644 0.2035
-8.6951 -12.7174 2.566 -0.3086 0.6987 -0.5162
-3.9456 -10.8409 0.1532 -0.9936 0.4153 -1.0627
0.4597 -8.5425 -1.2258 -0.8253 -0.1301 -0.9252
-0.7661 -6.9719 -0.8045 -1.0671 -0.1099 -0.6461
-1.0726 -7.0102 -0.7661 -0.3331 -0.2622 -0.5119
-3.2172 -9.8444 0.1909 -0.3546 -0.8206 -0.4759
-1.2252 -15.3223 -1.9543 -0.5645 -0.5287 -0.2171
0.5369 -5.9753 -1.8393 1.664 -0.2485 0.274
-7.2784 -9.6917 -1.0349 0.6829 0.8562 1.1188
-0.2298 -3.2944 0.8045 0.4667 0.6112 0.7235
-3.2555 -9.2698 1.57 0.3486 0.5037 -0.1709
-5.439 -13.6751 2.7958 -0.4823 -0.112 -0.8996
-0.4591 -8.8484 -0.3071 -0.9925 -0.3112 -0.5012
0.9966 -12.1045 -0.3837 -0.5302 0.1288 -0.3137
-0.4208 -5.2092 -0.3837 -0.3033 -0.5125 -0.3723
-0.3442 -8.8484 0.2676 -0.0242 -0.0971 -0.5133
-4.8644 -15.8586 0.0377 0.0791 -0.0183 -0.2906
-0.5357 -8.2355 -3.6015 0.257 0.5154 -0.02
-2.9874 -10.1508 -3.5632 1.1902 -0.7831 1.1773
-0.5363 -5.6695 -0.6512 0.8823 0.6379 0.9728
-3.6009 -7.2784 0.7278 0.6331 0.2833 0.6859
-3.6392 -10.3046 2.2601 -0.2852 0.3834 -0.6542
1.0349 -7.5076 -0.6135 -1.4186 -0.5444 -0.6734
-1.0343 -12.8329 -0.3065 -0.494 -0.0427 -0.3783
1.2258 -4.5203 0.3065 -0.6111 -1.3274 -0.4252
-1.6849 -7.5842 0.6506 0.127 -0.2452 -0.4749
-5.0176 -14.0965 0.1909 -0.1627 0.1266 -0.2789
0.0383 -10.8026 -3.0646 0.1164 -0.2164 0.2324
-1.5323 -11.7986 -2.6432 1.1891 -1.255 1.0655
-1.9537 -5.6312 -1.1492 0.8961 0.7647 1.1613
-3.4087 -7.4693 0.8422 0.7343 0.4931 0.6957
-5.2092 -11.3766 2.1446 -0.169 0.6039 -0.3195
-3.2938 -16.3949 -0.5369 -0.8412 0.4686 -0.8766
-0.8039 -5.5539 -1.2264 -0.6931 -0.3324 -0.6902
2.1458 -5.4773 -0.1921 -0.3416 -0.7255 -0.361
-0.4974 -7.5076 -0.0006 0.304 -0.3026 -0.3373
-2.8341 -13.6751 0.2676 -0.2628 -0.4549 -0.5237
-3.371 -15.1314 -0.5746 -0.7783 0.2748 -0.1893
1.2264 -7.929 -1.801 1.9061 0.018 0.8441
-4.8644 -5.7838 -2.1841 0.7524 0.6796 1.2094
-0.3825 -5.2092 0.8805 0.5596 0.3312 0.9335
-4.2138 -8.5042 1.2258 -0.0231 0.475 -0.1406
-8.5419 -15.5521 0.8039 -0.6591 0.1363 -0.6285
3.371 -9.6534 0.996 -0.9382 -0.668 -0.7745
-1.6472 -12.7563 -0.1538 -0.3661 -0.2781 -0.4251
-1.7998 -3.9067 0.1526 -0.1509 -1.0526 -0.3302
-1.072 -6.8181 0.8805 -0.0785 -0.7788 -0.303
-4.6352 -13.1777 0.4597 -0.2639 0.1447 -0.6396
-0.3442 -11.9129 -2.0692 -1.3483 -0.1865 -0.2966
0.422 -6.8564 -0.4986 1.2839 0.9522 0.5023
-1.0337 -7.8907 -1.1881 0.698 1.1461 1.0882
-0.6129 -4.4819 0.4597 0.8856 0.3514 0.9863
-0.6506 -9.0016 1.072 0.061 0.6902 0.0127
-5.3624 -8.6568 0.4208 0.0632 -0.0491 -0.4635
-0.4974 -5.9753 -2.3756 -1.3504 0.2417 0.3195
-2.2218 -7.8913 -0.8811 0.208 0.6966 0.1469
-0.1909 -7.431 0.0377 -0.5035 -1.1388 -0.184
-2.4128 -9.9593 -1.1881 -0.9009 -0.4187 -0.2831
-1.3402 -9.6145 -0.3071 -0.5088 -1.0707 -0.0615
-2.9874 -10.9553 -1.4946 0.2315 -0.3537 -0.3193
1.7627 -7.929 -2.797 1.251 -0.2856 0.1579
-5.5923 -11.6831 -2.797 1.2221 -0.3826 0.0374
-1.1486 -10.0359 -0.3837 0.4786 0.3769 0.3857
-2.0303 -8.8873 -0.1149 -0.15 0.4323 -0.0638
-1.0337 -9.3464 0.1143 -0.4205 0.4792 -0.3333
-0.2676 -14.786 -2.4906 -0.1713 -0.1099 -0.1267
-3.1029 -5.5929 -0.2682 -0.3184 -0.1686 -0.0192
-0.1149 -11.4156 -1.8004 -0.5112 -0.143 -0.2025
-2.4134 -8.8873 -1.5323 0.0417 0.0285 0.0042
-1.2258 -9.6151 -0.8811 -0.1138 0.3321 -0.0118
-1.2252 -9.1548 -0.9966 0.0918 0.3311 -0.0171
-1.072 -9.5379 -1.1881 0.0161 0.4397 0.0207
-0.9188 -9.5379 -1.1498 0.0938 0.1105 -0.023
-1.2252 -9.3464 -1.0732 0.0182 -0.0504 0.0462
-1.3402 -9.423 -0.9583 -0.0382 -0.2559 -0.0145
-1.2635 -9.1931 -0.8434 -0.0106 -0.1984 0.0185
-1.5317 -9.4613 -1.0732 -0.0307 -0.1941 -0.0295
-1.5323 -9.347 -0.9577 -0.0424 -0.1472 -0.0103
-1.494 -9.1554 -1.0343 0.0002 -0.1376 0.0205
-1.5323 -9.347 -1.1109 -0.0296 -0.0418 0.0035
-1.5323 -9.1937 -0.996 -0.0041 0.0285 0.0003
-1.3402 -9.3464 -0.9966 0.0151 -0.0013 0.0232
-1.4168 -9.3464 -1.0349 -0.0136 -0.0162 0.0029
-1.4934 -9.3081 -1.0349 -0.0104 0.0041 0.0008
-1.4168 -9.423 -1.0732 0.0098 0.0232 0.0093
-1.3402 -9.3464 -1.1115 -0.0008 0.0019 0.005
-1.494 -9.347 -1.0343 -0.0072 -0.013 0.0008
-1.3791 -9.347 -1.0343 -0.002 -0.0269 -0.0046
