4.3287 -10.1897 -0.0766 -2.1128 -1.2443 -0.7719
3.8307 -9.845 2.2984 -1.756 -2.5003 -1.1991
2.8347 -7.2784 -1.7238 -0.7088 -1.8505 -1.279
2.7581 -2.7581 -2.49 0.2723 -0.3527 -0.317
8.351 -4.4819 -6.1675 0.9807 0.1618 0.2476
3.5626 -6.3973 -6.9719 0.6378 1.8566 0.8239
2.5666 -4.6735 0.3831 1.0191 1.454 1.4258
5.785 -6.8564 1.6849 0.6697 1.1504 0.5064
2.5672 -8.3887 -0.0772 -0.1058 2.7824 -0.3298
8.351 -7.7764 -0.0383 -0.468 1.5733 -0.3511
10.5728 -12.1434 0.3065 -1.1338 -0.2355 -0.0137
5.3247 -11.4922 0.0766 -3.2483 -1.2262 -1.6617
4.0606 -9.0022 -1.8387 -2.5378 -2.3938 -2.4276
2.1835 -2.7198 -1.494 -0.7428 -1.271 -1.5179
1.1875 1.2641 -5.5929 2.1579 1.5094 0.7022
13.9438 -11.9519 -2.2601 2.3124 1.5701 0.7324
3.3327 -10.0748 0.6129 1.1768 2.2146 2.7831
3.7547 -3.945 -0.8434 0.397 1.6234 0.6781
8.0068 -5.8987 -2.0309 0.2138 1.3048 0.0091
11.4545 -14.3646 -1.1498 0.2372 1.1408 0.3223
6.5894 -10.0359 -2.1841 -2.6731 -0.0587 -1.2737
3.3716 -10.1891 0.6123 -0.0302 -4.601 -1.637
1.7627 -2.0297 -2.6055 -1.2424 -0.8662 -2.0013
4.1372 -2.2601 -6.6272 0.4716 0.5261 0.0792
9.7306 -7.1629 -5.7467 1.8298 2.4095 2.8766
0.3071 -2.9491 -3.2184 1.0649 0.0095 1.3659
6.0914 -10.9936 0.6889 0.6356 1.0854 0.7448
5.287 -6.3584 0.6889 0.071 -0.0001 0.2325
8.3516 -9.3464 -0.0006 0.478 0.2896 0.3635
6.5511 -12.7557 -1.801 -1.2275 -0.3985 0.2463
5.6701 -10.0742 -1.1498 -3.3101 -0.1375 -2.5081
1.6472 -9.6917 -2.8347 -2.1947 -1.9687 -2.6956
2.49 -0.4214 -1.1492 -0.6725 -1.1953 -1.8902
4.1372 -2.3367 -4.0223 1.4485 0.8553 0.8283
17.2772 -19.4212 3.1023 1.5869 -1.2177 0.9881
0.8051 -5.3624 0.1143 1.1172 2.0729 2.228
5.7078 -6.2441 -0.3448 0.5717 0.85 0.236
7.9302 -15.0158 -1.1881 0.0732 0.4888 0.2296
5.2098 -10.3813 -0.1915 -1.7889 -0.4688 -0.4714
6.8193 -13.4069 -0.6901 -2.5665 -0.8331 -2.8385
2.0686 -2.1452 -3.1795 -0.9378 -1.157 -2.1429
3.6392 -1.6472 -3.9073 0.283 0.1906 0.0654
5.7844 -2.2218 -3.984 1.359 3.7709 2.3408
7.5082 -10.9176 -1.4174 1.3025 -0.1727 1.3246
5.8999 -12.5259 1.3018 1.0607 1.2335 1.5728
5.0572 -5.9753 -0.1155 0.6474 0.2747 0.4915
7.3556 -9.423 -1.1498 0.6633 0.3759 0.3179
7.0108 -13.4069 -1.916 -0.5926 -0.2845 0.5735
9.0411 -8.6185 -1.4946 -2.9138 0.2364 -2.9003
0.6135 -7.5842 -1.9543 -1.9998 -1.7748 -3.3124
2.6821 -0.4208 -1.1881 -0.1644 -1.6353 -2.3387
3.5249 0.5752 -3.6781 1.2727 -0.0864 0.5098
17.4298 -5.0949 -5.5929 1.6274 -1.5916 0.5716
-2.1063 -1.3402 0.6123 1.2045 2.1198 2.2867
10.2669 -2.2212 -1.6861 1.1043 0.1117 1.7537
3.1412 -5.861 0.0766 1.1906 -2.3693 0.8652
3.3327 -8.0445 -2.4517 1.0489 -0.0363 0.0141
2.7198 -8.8107 -0.4597 0.8061 0.5645 1.0751
9.7689 -6.3201 0.1526 -0.0717 -3.2651 0.1856
7.7387 -9.6528 2.0297 0.0977 -3.0297 -2.4219
4.7507 -9.1931 2.4894 0.674 -5.0942 -3.3359
1.4557 -7.4316 0.1149 1.5869 -3.2556 -2.1844
1.5712 -9.1165 -1.6095 1.8714 -1.4403 1.3331
8.7346 -2.1446 -1.303 0.6815 2.1954 -0.4299
1.8387 -10.8026 2.2984 2.1068 -0.8118 0.4598
4.2904 -10.343 0.5363 0.0828 0.4888 0.1477
3.2561 -7.3933 0.498 0.6729 0.9267 -0.173
4.9033 -7.2401 1.1109 0.8817 1.9227 0.4055
10.6111 -10.9559 0.5746 -0.1367 0.0585 0.4289
6.7427 -12.9472 -2.414 -1.4618 -3.3035 -1.3298
8.0068 -14.2114 4.2132 -2.1063 -3.8968 -3.3464
1.1875 -4.1755 -2.2984 -0.4648 -1.4233 -3.3911
1.3408 1.1109 -3.7924 1.066 -0.6936 0.2233
8.6197 -6.6649 -3.5249 1.8501 3.5472 1.361
1.2641 -3.7541 -2.2984 2.2506 -0.3165 2.0308
4.0606 -13.7523 1.1875 0.7006 0.8617 0.4915
4.5586 -6.3207 0.6895 0.3256 -0.4166 0.3498
8.1217 -9.7294 0.7272 0.968 0.2225 0.2486
6.3596 -11.3766 -1.2264 -1.1934 0.0446 -0.0582
6.8959 -9.921 -1.4946 -3.0225 -1.1208 -2.3048
1.9543 -9.8827 -2.6821 -1.9614 -2.6132 -2.7924
2.2224 -0.8422 -1.8393 -0.6917 -0.9684 -2.1927
4.1378 -1.1869 -5.3636 1.6114 0.4686 0.8604
10.3052 -11.5682 -3.4099 2.3571 2.662 2.1046
1.0726 -1.992 -2.1452 1.6935 0.4739 1.7893
3.9073 -9.1171 -0.9194 0.5589 0.3078 0.7526
6.2447 -6.7415 -1.1881 0.6271 0.5698 0.0207
7.9685 -10.4956 -0.0389 0.5344 0.7488 0.499
7.5088 -10.0359 -1.418 -1.4533 -0.5157 -0.3383
6.9719 -8.1594 -0.8428 -2.0446 -0.4038 -3.0494
-0.1915 -9.5768 -3.0646 -1.6163 -2.0348 -2.3316
3.7158 -0.6129 -2.9113 -0.3849 -0.9514 -1.7308
4.0606 -1.8387 -5.1332 2.2388 1.5648 1.3212
11.8375 -15.6671 0.9954 1.8234 0.1714 1.2658
3.9073 -8.734 0.6895 1.0191 2.0026 1.9656
3.4099 -6.0519 -0.6901 0.3352 0.0212 0.7501
5.5551 -6.6649 -0.422 0.3927 0.7136 0.2015
9.8072 -10.1891 -0.1538 0.8955 0.4526 0.8023
3.3333 -11.6831 -3.1801 -2.2449 -0.2302 -0.7487
7.0108 -11.7597 2.9491 -1.3607 -2.4758 -2.5181
1.801 -4.0983 -2.9503 -1.3926 -1.0004 -2.7668
2.6432 -0.7661 -4.4819 -0.0248 0.3525 0.1467
7.2024 -0.9571 -6.2447 1.5475 3.2543 1.0053
0.0772 -3.6386 -3.4866 1.5529 -0.6478 1.3419
7.4699 -14.7483 2.49 0.3736 1.3379 0.8828
4.9039 -4.2515 -0.1155 0.6453 -0.5327 0.5249
2.4906 -6.9713 -0.3454 0.2426 1.1184 -0.2421
8.16 -10.8403 1.7232 0.4077 0.9 0.8615
8.4665 -10.4956 0.1909 0.0306 0.0372 1.2588
2.7581 -9.1554 -0.6895 -1.2733 -1.647 -1.1156
1.3414 -15.6287 2.2595 -1.073 -0.9599 -0.2868
4.6741 -4.2515 -0.1155 -0.5425 -1.7131 -3.0874
0.3837 -4.7112 -2.6055 0.1382 0.0734 -0.1228
6.781 -5.4007 -2.4523 1.2131 -0.4273 1.3675
6.1292 -10.6877 -7.4699 0.4493 0.2385 -0.4956
2.2601 -4.7501 2.0686 0.6975 1.2654 0.2439
6.6277 -8.5036 -1.4563 1.3569 2.6556 -0.3175
3.6781 -8.1588 1.0337 -0.2133 0.8169 -0.0437
5.8227 -7.4316 0.498 -0.3838 0.1235 0.1736
6.7038 -7.1251 1.1492 -0.0472 0.4686 -0.0269
5.8993 -9.3087 0.4214 -0.8418 -0.814 -0.3476
2.3756 -9.3081 1.2635 -1.464 1.0162 -0.665
5.1338 -7.2395 -0.92 0.3726 -1.0217 -0.1835
5.0188 -6.5882 -1.2647 0.4716 0.0127 -0.0962
4.9805 -9.0399 -0.9583 0.5014 0.2417 -0.0366
5.4785 -8.6951 0.6889 0.1169 0.3546 0.3714
5.287 -7.0479 0.3825 0.2362 -0.243 0.12
5.4402 -7.6992 0.8039 0.1456 0.0308 0.1722
4.9805 -8.3504 0.8805 0.0125 0.2492 -0.0717
5.3636 -7.8907 0.9188 0.0903 0.0116 0.0467
5.3636 -8.0439 0.9954 0.0732 0.0105 0.0562
5.287 -8.0056 0.9188 0.0626 -0.0523 0.0083
4.9416 -8.1977 0.9194 0.0487 -0.0619 0.0328
5.0188 -8.1971 0.9188 0.0455 -0.0395 0.0254
5.0572 -8.0822 0.9571 0.0253 -0.0235 0.0264
5.0566 -8.1977 0.9577 0.0093 0.0095 0.0029
5.1715 -8.0445 0.9194 0.0018 0.0084 -0.0205
5.0955 -8.0439 0.9188 0.0008 -0.0342 -0.0184
5.1338 -8.1205 0.9571 0.0008 0.0084 -0.0098
5.0955 -8.0439 0.8805 -0.0131 -0.0225 -0.0311
5.1721 -8.0822 0.9571 0.0231 -0.0161 -0.0398
5.1338 -8.0439 0.8422 -0.0078 -0.0118 -0.0131
5.1338 -8.0439 0.8805 0.004 -0.0012 -0.0408
5.1721 -8.0056 0.8805 -0.0056 -0.0076 -0.0291
5.287 -8.0822 0.9188 0.0168 -0.0214 0.005
5.2864 -8.0062 0.9194 -0.0046 0.0031 -0.0068
5.2481 -7.9296 0.8811 0.0231 -0.0129 0.0135
5.2104 -8.1205 0.8422 0.0263 -0.0065 0.0039
5.1715 -8.0828 0.8811 0.0199 -0.0022 -0.0014
5.1338 -8.1588 1.0337 0.005 -0.0086 -0.0023
5.0949 -8.0828 0.9577 -0.0013 0.0095 -0.0119
5.1715 -8.0062 0.9577 0.0136 0.0063 0.003
5.2864 -8.0062 0.9577 0.0072 -0.0033 -0.0162
5.2104 -7.9673 0.9954 0.0061 -0.0161 -0.0162
5.1721 -8.0822 0.9571 0.0082 0.002 -0.0141
5.2104 -8.0056 0.9571 0.0061 0.002 -0.0216
5.2104 -7.9673 0.8805 -0.012 0.0127 -0.0248
5.1721 -8.0822 0.9954 -0.0173 0.0169 -0.0141
5.2104 -8.0056 0.9188 -0.0056 -0.0118 -0.0301
5.1338 -8.0439 0.9571 0.004 0.0084 -0.029
5.2487 -8.0056 0.9188 -0.0216 0.0287 -0.0279
5.3253 -8.0439 0.9571 0.0082 0.0159 -0.0225
5.2481 -7.9679 1.0726 0.0125 -0.0022 -0.0119
5.3247 -7.9296 1.0343 0.0125 0.0137 -0.0151
5.363 -8.0062 0.9194 0.0093 -0.015 -0.0161
5.2864 -7.9679 0.9194 -0.0013 -0.0097 -0.0108
5.2104 -8.0056 0.9188 -0.0024 -0.0012 -0.0087
5.1721 -8.0822 0.9954 -0.0152 0.0148 0.002
5.2487 -7.9673 0.9954 -0.0152 0.0329 0.0031
5.3636 -7.8907 0.9954 -0.0163 0.0318 -0.0065
5.287 -8.0056 0.9954 0.0018 -0.0012 -0.0025
5.3636 -7.9673 0.9954 0.0136 0.0042 0.0124
5.2104 -8.0822 0.9571 0.0072 0.002 0.0039
5.2487 -8.0439 0.9188 0.0008 0.0137 0.0018
5.2104 -8.0056 1.0337 0.0082 0.0201 0.0199
5.2487 -8.0439 1.0337 0.0061 0.0042 0.0052
5.2104 -8.0439 0.9954 -0.0099 -0.0076 0.0116
5.0955 -8.0056 1.072 0.0072 0.018 0.017
5.1715 -8.0445 1.1109 0.0051 0.0116 0.0052
5.1332 -8.0445 1.1109 -0.0077 -0.0022 -0.0001
5.2481 -8.0445 1.1109 0.0093 0.018 0.0136
5.2098 -8.1211 1.0726 0.0008 -0.0108 -0.0024
5.0955 -8.0439 1.1486 0.0168 -0.0267 0.0008
5.0572 -8.1205 1.0337 0.0104 -0.015 -0.0034
5.2098 -8.1211 1.1109 -0.0003 0.002 -0.0045
5.0949 -8.1211 1.0726 0.004 0.0073 0.0009
5.0566 -8.0828 1.1109 0.0018 -0.0044 -0.0077
5.0188 -8.0822 1.072 0.0018 -0.0033 -0.0045
5.0955 -8.0056 1.0337 -0.0131 0.0446 -0.0098
5.1721 -8.0822 1.0337 -0.0024 -0.0012 -0.0045
5.0955 -8.1205 1.0337 0.0082 -0.0182 -0.0034
5.0572 -8.0439 1.1103 -0.0013 0.001 0.0127
5.0572 -8.1588 1.1103 -0.0045 -0.0108 -0.0044
5.1338 -8.1588 1.1103 -0.0163 0.0095 -0.0023
