-0.9954 -9.8061 0.8422 -0.0421 -0.0018 -0.0013
-0.574 -9.7677 0.5357 -0.1486 -0.0156 -0.1323
-0.7272 -10.2657 0.1909 -0.3415 0.4552 -0.3416
-0.7655 -11.1851 -1.7627 -1.3652 0.4861 -0.5632
0.3837 -10.1508 -0.6901 -0.9647 0.4861 -0.8657
1.0349 -7.8141 -1.801 -0.2009 -0.3 -0.6953
0.5752 -7.1245 -2.2607 0.1326 -0.7283 0.0994
1.494 -8.3127 -3.6009 0.4064 -0.2596 0.6006
2.6815 -9.9982 -4.5586 0.0687 -0.413 -0.1589
-0.4214 -13.1777 -4.4053 0.6194 0.6651 0.7135
-1.9914 -7.4693 0.8039 0.8431 0.402 1.5103
-0.8039 -10.0359 0.2292 0.8453 0.5319 0.0168
0.4214 -9.3853 0.4214 0.5928 0.5596 -0.1058
-0.6129 -9.0022 1.2641 1.5707 -0.642 0.4439
1.5323 -10.1514 1.9537 -0.3138 -0.0135 -0.1196
3.1412 -12.4882 -0.5746 -0.9987 1.4054 -0.4754
-3.1023 -12.9856 0.6506 -1.362 -0.4172 -0.9623
0.3454 -8.6185 0.4591 -1.5505 -2.6511 -2.0007
-1.7998 -5.0176 -0.8434 -0.6621 -1.4026 -0.2291
-0.1143 -7.3161 -3.0269 1.1904 -1.0393 1.1472
2.5289 -9.5762 -4.4059 0.8836 -0.2457 -0.1567
-3.4471 -14.4412 1.3018 1.3683 1.137 0.1618
-1.8381 -11.2234 1.57 0.3829 -0.0923 1.1568
0.1149 -7.0868 0.2682 1.1297 1.0177 -0.147
-1.1103 -9.6528 1.2635 1.4099 0.9559 0.5135
0.8045 -10.8409 -0.8811 -0.5353 1.0731 0.2748
3.8696 -12.0279 -1.0732 -0.9252 0.8227 -0.5806
-1.4934 -13.8666 1.3018 -0.8155 -0.4545 -0.6104
0.2298 -8.6191 1.7238 -1.5526 -4.201 -1.9527
-1.0726 -5.5545 -0.2298 -0.3446 -1.0287 -0.0885
-1.9154 -6.1292 -1.6472 0.5885 -1.1821 0.8809
5.2481 -13.6757 -7.6614 0.76 -0.3395 -0.5189
-2.566 -11.2234 2.3744 1.3651 0.0185 0.197
-3.1795 -12.9478 1.3024 0.6685 1.0156 0.2847
-0.1532 -7.6998 0.8428 0.3436 1.3011 -0.0242
0.1155 -9.0782 1.1869 1.4131 0.8036 0.3284
2.3373 -10.6105 1.4551 -0.4128 0.5564 0.2986
3.9079 -11.8363 1.7998 0.2733 -0.7677 -0.5857
-0.9194 -12.2583 0.2676 -1.0424 -0.6612 -0.5463
1.1115 -8.925 1.3402 -1.0051 -4.3022 -2.2965
1.3797 -8.0822 0.6123 -0.6301 -1.8138 -0.8808
-2.2601 -6.8187 -1.0343 0.5769 -1.981 0.2729
4.4436 -11.1091 -3.9073 0.2999 -3.3648 -0.1756
-1.6855 -7.2018 -0.2682 1.7198 -0.4939 -0.026
0.2304 -12.0662 0.4208 1.0913 0.5277 0.2488
2.7198 -6.6272 2.9497 -0.2935 -4.0583 -1.1051
0.6512 -7.8147 0.8811 0.1432 -3.0367 -0.108
0.5752 -10.4956 1.1869 0.238 -1.8148 -0.2476
1.3024 -9.8067 1.8004 -0.1358 -4.2927 -0.1468
-1.1492 -9.4619 2.375 -0.2178 0.288 -0.0616
-1.8381 -13.1771 -2.9886 -2.4272 -1.9342 -0.901
-2.9108 -7.2012 -5.2104 -0.2264 0.5564 -0.7391
2.5672 -9.423 -0.3837 0.9305 -1.1618 -0.6891
-2.8341 -8.4653 -4.5592 0.5363 -0.5397 0.4565
-0.4974 -9.921 -1.4563 0.3861 -0.1094 0.3287
-0.4591 -10.802 -1.8777 -0.0688 -0.5344 -0.2178
-2.2212 -6.0136 -2.9886 0.0047 -0.2841 -0.2966
2.3373 -12.7174 0.076 -0.5982 -0.8806 -1.0114
0.8817 -8.8867 -1.2264 0.0314 0.4073 -0.6288
2.5672 -9.8444 -1.3414 -0.5843 -0.1786 -0.6981
1.8004 -8.0445 -2.3367 -0.5875 -0.0881 -0.4861
3.2944 -9.1937 -2.7198 -0.7218 -0.5568 -0.5617
2.2601 -8.351 -3.9073 -0.5183 -0.2787 -0.2485
2.6821 -8.1971 -4.0995 -0.4054 -0.0604 -0.3829
3.1795 -8.2361 -4.865 -0.677 -0.1179 -0.4596
3.5249 -7.7758 -5.4785 -0.6472 -0.0849 -0.5054
3.869 -7.1251 -5.8227 -0.5034 -0.0422 -0.5608
3.9073 -5.9759 -5.8993 -0.6184 0.1761 -0.58
5.2481 -6.0908 -7.2018 -0.5098 -0.0966 -0.4235
4.9039 -4.8261 -6.9725 -0.2541 -0.1466 -0.2254
5.0572 -4.558 -6.9342 -0.2914 -0.1189 -0.2126
4.5586 -4.865 -7.1635 -0.3308 0.0611 -0.1253
5.363 -3.9456 -7.0102 -0.2733 -0.0273 -0.2275
5.1332 -4.1755 -7.6614 -0.0368 0.0004 -0.3204
5.4396 -3.3327 -7.3167 -0.2637 0.0803 -0.0946
5.6695 -3.0263 -7.0868 -0.3724 -0.0273 0.1025
5.1332 -3.6775 -7.4699 -0.1327 -0.0209 -0.0722
5.4779 -2.8347 -7.5848 -0.0518 -0.0007 -0.0477
5.2098 -3.1029 -7.6614 -0.0634 -0.0167 -0.0229
5.1721 -3.0257 -7.7004 -0.0549 -0.006 0.0026
5.3253 -2.9874 -7.7387 -0.0475 0.0057 0.0016
5.287 -3.064 -7.5854 -0.0326 0.0142 0.0261
5.2481 -2.988 -7.6231 -0.0592 -0.0422 0.0399
5.0949 -2.8347 -7.7381 -0.0283 0.027 0.0301
5.2104 -2.9491 -7.7004 -0.023 -0.0156 0.0311
5.0188 -2.9108 -7.777 -0.105 -0.0444 0.0642
4.9805 -2.8724 -8.0451 -0.0581 -0.005 0.045
5.2487 -2.9491 -7.8153 -0.0315 -0.0071 0.0333
4.9422 -2.8724 -7.9302 -0.0241 -0.0018 0.014
5.1338 -2.8341 -7.7004 -0.0145 -0.0007 0.0098
5.1332 -2.9113 -7.8147 0.0047 -0.0135 -0.0051
5.0949 -2.873 -7.8913 -0.0059 -0.0092 0.0002
5.2487 -3.0257 -7.9302 -0.0336 -0.0327 0.029
4.7507 -2.6043 -8.1217 -0.007 -0.0092 0.0045
5.0572 -3.0257 -7.7387 0.0068 0.0206 -0.0115
5.0566 -2.988 -7.7764 -0.0901 -0.0454 0.046
4.9805 -2.7192 -7.9302 -0.056 0.0014 0.046
5.0572 -2.8341 -7.8153 -0.0198 0.0057 -0.0051
5.0182 -2.9113 -8.0062 -0.0187 -0.0124 -0.0145
5.0182 -2.7581 -8.0828 -0.0059 -0.0018 -0.007
4.9416 -2.6815 -7.9296 -0.0272 -0.0114 0.0111
4.9033 -2.7581 -7.9679 -0.023 -0.0082 0.0154
4.9039 -2.6809 -8.0451 -0.0176 0.0004 0.0132
4.9039 -2.7575 -8.0068 -0.0155 -0.006 0.0122
4.9039 -2.7575 -7.9685 -0.0177 -0.0071 0.0109
4.9039 -2.6809 -7.9302 -0.0081 -0.0028 0.0066
4.8656 -2.7575 -8.0451 0.0004 0.0004 0.0066
4.865 -2.6815 -7.9679 -0.0123 0.0036 0.0066
4.8656 -2.7958 -8.0451 0.0004 -0.0007 -0.0019
4.8656 -2.7192 -8.0068 0.0015 -0.0039 -0.0027
4.8656 -2.7958 -8.0068 -0.0123 -0.0018 0.0047
4.9033 -2.7198 -8.0445 -0.0134 0.0014 0.0079
4.9422 -2.7192 -8.0068 -0.0134 0.0025 0.009
4.8267 -2.6049 -7.9296 -0.0081 -0.0028 0.0068
4.865 -2.7198 -7.9679 -0.0049 -0.0039 0.0164
4.865 -2.7198 -8.0445 -0.0081 -0.005 0.0068
4.8656 -2.7575 -8.0451 -0.007 -0.0007 -0.0017
4.9033 -2.7964 -8.0445 0.0022 0.0008 -0.0065
4.9033 -2.7581 -8.1211 0.0033 0.0008 -0.0075
4.9033 -2.7581 -8.0445 0.0065 -0.0024 -0.0118
4.9039 -2.7192 -8.0834 0.0129 -0.0024 -0.0075
4.9422 -2.7575 -8.1217 0.0161 0.0008 -0.0033
4.8273 -2.7958 -7.9302 -0.0031 -0.0024 -0.0054
4.8273 -2.7192 -8.0068 0.0108 0.0008 -0.0097
4.9039 -2.7958 -8.0068 0.0108 0.0094 -0.0074
4.9039 -2.7192 -8.0068 0.0033 0.003 -0.0021
4.9033 -2.7198 -8.0445 0.0076 0.0008 -0.0032
4.8656 -2.6809 -7.9302 0.0076 -0.0002 -0.0021
4.9422 -2.6809 -8.1217 0.0076 -0.0024 -0.0053
4.9033 -2.7964 -7.9679 0.0139 -0.0045 -0.0043
4.8267 -2.7198 -8.0445 0.0076 -0.0013 -0.0054
4.8267 -2.7198 -8.0062 0.0033 0.0008 -0.0086
4.8656 -2.7192 -8.0068 0.0076 -0.0013 -0.0075
4.865 -2.7198 -8.0062 0.0076 -0.0013 -0.0075
4.9039 -2.7575 -8.0451 0.0033 0.0051 -0.0106
4.8656 -2.7575 -8.0451 0.0022 -0.0002 -0.0063
4.9033 -2.7198 -7.9679 0.015 0.003 -0.0021
4.8267 -2.7198 -8.0062 0.0076 0.0008 -0.0042
4.9039 -2.6809 -8.0068 0.0001 0.0062 -0.0138
4.8273 -2.7958 -8.0068 0.0001 0.0008 -0.0042
4.9033 -2.8347 -8.0062 0.0001 -0.0024 -0.0074
4.865 -2.7581 -8.0062 0.0022 -0.0056 -0.0074
4.7501 -2.6815 -8.0828 0.0044 -0.0024 -0.0063
4.9033 -2.7198 -7.9296 0.0044 -0.0056 -0.0085
4.9416 -2.6815 -8.0445 0.0076 -0.0024 -0.0022
4.8273 -2.7575 -8.0451 0.0054 -0.0024 -0.0011
4.8273 -2.7192 -8.0834 0.0065 -0.0013 -0.016
