1.8393 -8.8867 -1.916 0.2526 -0.1791 0.1036
0.9577 -8.0445 -1.1109 0.9567 -0.2143 0.2997
0.6901 -9.4613 -0.5752 0.2537 0.1969 0.3082
-0.076 -9.0399 0.1143 0.0427 0.083 0.0387
-0.498 -9.0788 0.3831 -0.1085 0.1394 -0.0785
-0.5746 -9.6534 -0.4597 -0.1799 0.0563 -0.0348
1.6855 -10.6494 -0.6129 -0.2652 0.3886 -0.0502
1.8004 -8.0828 -0.7278 -0.6402 1.0043 0.2193
1.5329 -8.3121 -0.7667 -0.1022 0.4227 0.0563
1.3791 -8.5042 -0.9194 -0.3121 -0.4348 0.3269
1.3024 -5.3247 1.1109 0.1215 -0.4231 0.263
-0.4597 -7.6614 -0.0383 0.4506 0.0467 0.0735
1.3797 -18.8466 -2.9503 2.1199 0.8776 -0.0266
-1.2635 -13.0622 1.9914 0.4325 -0.1877 0.4229
-1.2252 -5.2092 0.5357 -1.3113 0.329 -0.6796
0.3071 -5.5923 0.1909 -0.5017 0.4994 -0.5412
-0.9194 -8.7724 -0.8051 -0.2972 0.2022 -0.1434
5.8616 -14.7094 -1.9926 0.5348 0.298 0.7535
0.7667 -13.2537 1.2252 0.2482 -0.7193 0.4723
1.7238 -6.359 0.9194 -0.4783 -0.8546 -0.6633
-1.4934 -7.2395 0.9188 -0.1747 -1.1262 0.4361
-1.6083 -7.5842 1.6083 0.0693 0.4323 0.0017
0.4603 -17.0461 -4.2527 2.4086 1.4549 0.1711
2.1075 -11.5299 1.7615 -0.0596 0.1233 0.5599
-1.9531 -5.0176 1.0337 -1.1281 0.7284 -0.8356
0.0006 -4.9793 0.1909 -0.4059 1.0895 -0.3871
0.6901 -9.4613 -3.295 -0.7191 0.3524 -0.5654
8.5048 -14.4412 -0.3071 0.4016 -0.1057 0.2421
2.2601 -10.1897 -0.5363 -0.4069 -0.5638 -0.5398
-0.0766 -4.9416 0.8045 -0.1481 -1.0921 0.3177
-0.8045 -8.5808 1.1109 0.0618 0.199 0.0759
2.6438 -10.6488 -1.801 2.1412 0.5111 0.306
-1.1109 -19.2685 -0.7661 0.4623 -0.1132 0.4626
-2.3361 -8.6185 -0.0772 -0.6733 0.4344 -0.5068
-0.1915 -3.4093 0.4214 -1.4839 0.8754 -0.8594
0.7661 -8.2361 -0.3448 0.3643 0.2362 -0.3077
1.3024 -8.6191 0.1915 0.3398 -0.535 0.4412
3.4477 -14.0588 0.7278 -0.0597 -0.5872 0.2388
1.6095 -7.431 0.3442 -0.6392 -0.5137 -0.3642
-0.6123 -2.9108 1.2252 -0.1587 -1.0059 0.1514
-0.1915 -8.0062 1.494 1.0642 -0.0088 0.1003
1.5706 -16.7403 -2.988 1.7023 1.3207 -0.1138
0.9583 -11.8363 1.0337 -0.3175 -0.0461 0.3186
-0.9571 -5.0943 0.4974 -1.5233 0.3278 -0.5581
-0.3059 -5.6306 0.076 -0.4964 1.1087 -0.4984
1.1875 -7.7764 -2.5283 -0.2376 0.1276 -0.2353
6.1681 -12.5259 -1.5712 0.7499 -0.7907 0.4507
1.8777 -10.1891 1.0337 -0.1033 -0.7236 0.1653
-0.3065 -9.3853 0.3831 -0.4815 -0.3529 -0.3621
0.1155 -5.0943 1.1486 -0.3302 -0.8301 0.4699
1.418 -5.2858 1.57 0.1885 -0.2943 -0.4377
2.3373 -9.3847 -3.4866 2.6408 0.5644 -0.1017
-0.1143 -14.4029 1.7998 0.0746 -0.0194 0.7728
-0.3059 -6.2435 0.7655 -1.2453 0.5377 -0.6024
-0.9571 -4.941 0.3059 -0.8969 0.8584 -0.6493
-0.574 -8.3887 0.6889 0.4836 0.0584 -0.1252
0.422 -9.2314 -3.1418 0.0575 -0.1771 0.1332
4.5975 -12.2577 0.4208 -0.0203 -0.926 0.1427
1.801 -7.8524 0.5357 -0.8725 -1.7366 -0.7542
-0.9571 -4.4813 0.7655 0.1385 -1.2637 -0.0895
-1.3785 -13.9049 0.0377 -0.4315 -0.4775 -0.033
3.7164 -9.9593 -4.6741 1.2623 0.4195 -0.4918
6.5128 -10.9936 -3.9846 1.3369 -0.0173 0.1389
-3.2938 -6.5499 -1.1115 0.4155 0.6336 0.8196
3.0269 -9.4996 -0.4603 0.1023 1.0192 0.0846
0.6129 -8.6191 0.8811 -0.4314 0.5217 -0.2276
1.3791 -9.1937 0.0766 -0.6818 0.5814 -0.492
4.2904 -12.0285 -2.1069 -0.6722 -0.3017 -0.0478
1.2641 -7.8913 -2.0303 -0.3175 0.3534 -0.1682
2.7587 -8.2738 -0.3071 -0.1406 0.0221 -0.0478
2.0309 -9.8061 -1.0349 0.0394 0.1894 -0.0798
1.9926 -9.1548 -0.3837 0.0468 0.1766 -0.0204
1.7621 -9.3087 -1.8387 -0.0639 0.3438 -0.1589
2.6055 -9.2698 -0.9966 0.0064 0.2767 -0.0204
2.0692 -9.0399 -1.1498 -0.0373 0.0519 -0.0225
2.6432 -8.734 -1.2258 -0.0671 0.0296 -0.0129
2.6438 -9.1165 -1.0349 0.0437 -0.1675 -0.0126
2.1452 -8.9639 -0.9194 0.0319 -0.2208 -0.0063
1.6861 -9.3081 -0.92 0.0106 -0.1153 -0.0041
1.9926 -9.1548 -0.9583 -0.0075 0.0221 0.0182
2.2224 -9.0399 -1.0349 0.0362 0.0285 0.0108
2.0692 -9.1165 -0.92 -0.0011 -0.0301 -0.0015
1.9543 -9.1165 -0.9966 -0.0256 0.0189 0.0017
2.3756 -9.1931 -0.92 -0.0128 0.0359 0.0167
2.2984 -9.1171 -0.8428 -0.0054 -0.028 -0.0121
1.9543 -9.0399 -1.0349 0.0095 -0.0237 0.0198
2.0303 -9.1554 -1.0726 -0.0118 -0.0035 0.0208
1.992 -9.1937 -0.996 -0.0118 0.004 -0.0027
1.9926 -9.1548 -1.1115 -0.0107 0.004 0.0176
2.1069 -9.1171 -0.996 -0.0224 0.0061 0.0176
2.0303 -9.0405 -1.1492 -0.0203 0.0136 -0.0208
1.9926 -9.0782 -1.1115 -0.0182 0.0317 -0.0113
2.1069 -9.1171 -1.1109 -0.0075 0.0104 -0.0092
2.0303 -9.1937 -1.1109 -0.0075 0.0114 -0.0039
2.0692 -9.1548 -1.1115 -0.0011 -0.0014 -0.0092
2.0692 -9.0399 -1.1115 -0.016 -0.0131 -0.0134
2.0692 -9.2698 -1.1498 -0.0097 -0.0014 -0.0201
