-2.7198	-9.5002	-1.2258	-41.0897	-98.3101	-81.5629	-6.4227	21.8383	11.7385	-0.3745	-0.0382	-0.1576	-0.6365	0.3865	-0.1990	-0.6371	-0.1278	0.0045	0.1033	-2.3453	-9.4620	-1.0683	0.034920434093267616	6	0	1	Upright	Normal
-2.0686	-8.9256	-1.5323	-40.7949	-99.2548	-82.3286	-6.0838	21.8806	12.8545	0.2448	0.5293	-0.3383	-0.6400	0.3890	-0.1997	-0.6318	-0.0767	-0.0232	-0.2013	-2.3134	-9.4549	-1.1940	-0.668171937859583	6	0	1	Upright	Normal
-2.4134	-9.8067	-2.1069	-42.0325	-99.5031	-83.3891	-6.5953	21.7653	12.4628	-0.2230	-0.3237	-0.9043	-0.6469	0.3779	-0.1968	-0.6324	0.1737	-0.1723	-0.0093	-2.1904	-9.4830	-1.2026	1.027305191703043	6	0	1	Upright	Normal
-2.0297	-8.8484	-1.1881	-41.3832	-99.1929	-83.4117	-7.0646	21.3777	11.4396	0.1100	0.6496	-0.0126	-0.6449	0.3795	-0.2025	-0.6317	0.2579	-0.0061	-0.1232	-2.1397	-9.4979	-1.1756	-1.1611046239900187	6	0	1	Upright	Normal
-0.0383	-11.4156	0.1532	-43.8877	-92.2651	-80.5227	-6.6518	22.2935	11.0739	1.8402	-1.7945	0.4326	-0.6298	0.3429	-0.2098	-0.6646	0.7468	-0.9361	0.4360	-1.8786	-9.6211	-0.2794	2.261068140868403	6	0	1	Upright	Normal
-1.3785	-8.5419	-0.8817	-42.9428	-92.8477	-79.0715	-5.7106	22.9176	9.9863	0.8045	1.0121	-0.5249	-0.6237	0.3593	-0.2038	-0.6635	-0.2535	0.5702	-0.0306	-2.1829	-9.5541	-0.3567	-2.7194678996911463	6	0	1	Upright	Normal
0.0006	-10.3424	-1.7244	-40.1932	-92.5722	-79.0027	-5.8113	23.5752	9.9754	2.1483	-0.7796	-1.3882	-0.6150	0.3727	-0.2212	-0.6587	0.3335	0.1015	0.2283	-2.1477	-9.5627	-0.3362	1.787945668931492	6	0	1	Upright	Normal
-1.4551	-9.6911	-1.3030	-40.3069	-92.2134	-78.3308	-4.9177	23.5048	9.8597	0.7669	-0.1438	-1.0141	-0.6125	0.3737	-0.2186	-0.6614	-0.0224	0.1238	0.4237	-2.2220	-9.5473	-0.2890	-0.5991925052470268	6	0	1	Upright	Normal
-1.5706	-10.4962	-1.0726	-39.0162	-90.9392	-76.1467	-4.2606	23.8074	9.5837	0.8755	-1.0002	-0.9477	-0.5987	0.3846	-0.2202	-0.6672	0.3111	0.2581	0.2331	-2.4461	-9.4960	-0.1249	0.7811433050595191	6	0	1	Upright	Normal
-1.6089	-12.8712	0.1915	-38.3762	-90.8209	-77.3177	-4.1407	23.9556	8.3969	0.6291	-3.3239	0.3018	-0.6003	0.3811	-0.2314	-0.6640	-0.0618	0.1153	-0.0333	-2.2380	-9.5473	-0.1103	2.3056590246887243	6	0	1	Upright	Normal
-5.4013	-8.2744	1.2258	-39.8374	-90.3254	-76.0215	-4.8795	23.5956	8.1751	-2.9978	1.2332	1.2686	-0.5998	0.3773	-0.2179	-0.6711	-0.2812	-0.2533	-0.0972	-2.4035	-9.5075	-0.0428	-3.0157560391497906	6	1	2	PT	Normal
-4.8650	-9.8450	-0.1149	-39.7018	-95.9798	-79.3605	-5.1902	22.5216	9.7001	-2.4228	-0.3798	0.6711	-0.6211	0.3928	-0.2077	-0.6456	-0.4676	0.6820	-0.5233	-2.4422	-9.4652	-0.7860	1.0250279305970018	6	1	2	PT	Normal
-3.6009	-6.1675	-1.0726	-37.6158	-98.8442	-81.1716	-6.3611	21.2024	10.9911	-1.2043	3.2666	0.1218	-0.6270	0.4096	-0.2146	-0.6269	-0.3835	0.5872	-0.2121	-2.3966	-9.4341	-1.1944	-3.760209098541263	6	1	2	Jump	Normal
-1.2635	-7.0862	-3.5249	-35.4219	-101.8865	-85.1686	-7.0707	20.3514	11.2882	0.7114	2.3774	-1.8788	-0.6417	0.4149	-0.2322	-0.6018	0.1577	0.5521	-0.6190	-1.9749	-9.4637	-1.6460	0.7928681855608195	6	1	2	PT	Normal
-0.9571	-15.3989	-4.2144	-32.3404	-101.6087	-86.7392	-9.1702	19.5417	9.8216	0.6433	-5.8683	-2.5471	-0.6391	0.4202	-0.2599	-0.5894	-0.0660	0.1814	0.1043	-1.6004	-9.5306	-1.6673	7.979142248108028	6	1	2	Jump	Normal
-6.6655	-10.9559	-0.0766	-30.3661	-98.4284	-79.6732	-9.7168	20.1124	9.4602	-4.2116	-1.5425	1.1636	-0.5995	0.4515	-0.2516	-0.6111	1.0142	0.1174	1.1972	-2.4539	-9.4134	-1.2402	-3.169403172650963	6	1	2	PT	Normal
-3.6003	-9.3464	3.4854	-25.1437	-87.5107	-74.5018	-8.7747	22.2474	5.2183	-1.1567	0.1432	3.0999	-0.5337	0.4421	-0.3069	-0.6523	2.7644	0.4807	-0.9610	-2.4436	-9.4896	0.3855	-2.21948047567232	6	1	2	PT	Normal
-1.6849	-8.6568	3.1789	-21.1738	-84.0881	-74.1791	-10.4031	22.7212	1.8599	0.6235	0.8276	2.2371	-0.5058	0.4428	-0.3421	-0.6565	-1.1771	1.1337	0.2451	-2.3085	-9.4845	0.9418	-1.2302966910380952	6	1	2	PT	Normal
0.4603	-6.9713	-1.8010	-14.7154	-93.6558	-77.2232	-10.6482	22.3131	3.8566	2.7797	2.5380	-1.1962	-0.5198	0.5105	-0.3505	-0.5885	-0.3611	1.2061	0.2781	-2.3194	-9.5093	-0.6048	-2.1597918598483528	6	1	2	PT	Normal
-2.0680	-9.4613	-0.1155	-14.4332	-91.5842	-76.1010	-9.8537	22.6754	3.3872	0.3524	0.0385	0.1471	-0.5073	0.5060	-0.3554	-0.6002	0.0480	0.1324	0.0927	-2.4204	-9.4997	-0.2626	2.4704774057763306	6	1	2	PT	Normal
-3.4854	-13.3303	-1.2264	-12.4539	-91.3536	-75.0949	-9.5252	22.7708	2.4605	-0.9153	-3.8690	-1.0002	-0.4935	0.5177	-0.3618	-0.5980	0.2877	0.2644	-0.0415	-2.5700	-9.4613	-0.2263	4.147536700493482	6	2	3	Jump	Normal
-3.7924	-13.2160	2.4134	-12.0230	-90.4937	-75.8828	-10.0415	22.3760	2.0553	-1.3834	-3.7101	2.4961	-0.4924	0.5116	-0.3719	-0.5979	-0.1278	0.1995	-0.1917	-2.4090	-9.5059	-0.0827	0.1266697843457365	0	2	3	Upright	Normal
-5.0943	-9.2698	0.2676	-12.7610	-94.9843	-76.9199	-10.0862	21.5076	2.5721	-2.6999	0.2038	1.0986	-0.5145	0.5270	-0.3535	-0.5768	-1.4317	0.4541	-0.6966	-2.3944	-9.4736	-0.8311	-3.378794434592285	0	0	3	Upright	Normal
-4.0217	-6.0136	-1.3030	-10.5307	-97.6111	-75.9571	-10.4806	20.2192	4.7519	-1.4326	3.3586	-0.0260	-0.5087	0.5534	-0.3491	-0.5594	0.2312	0.9952	0.0693	-2.5890	-9.3723	-1.2770	-3.2299019419046644	0	0	3	Upright	Normal
-0.5357	-6.1669	-3.1418	-4.7962	-99.9539	-78.5452	-11.2156	20.5586	3.0174	1.5215	3.2717	-1.4525	-0.5052	0.5753	-0.3819	-0.5177	-0.1789	1.3840	-0.6625	-2.0572	-9.4385	-1.6893	-0.40907163035989136	0	0	3	Upright	Normal
-0.8039	-17.5441	-7.2407	-2.6101	-101.6682	-79.0137	-12.3833	20.5820	2.1114	1.1151	-8.1333	-5.2593	-0.5042	0.5889	-0.3881	-0.4984	-0.2705	-0.3300	0.4048	-1.9190	-9.4109	-1.9814	12.054767027374723	0	0	3	Upright	Normal
-6.2052	-10.7254	0.6123	-2.2165	-97.7385	-76.2202	-12.0414	20.7730	2.0757	-3.8409	-1.2999	1.9318	-0.4748	0.5847	-0.3944	-0.5264	1.2997	0.0865	0.6669	-2.3643	-9.4255	-1.3195	-6.590370521480152	0	0	3	Upright	Normal
-3.2938	-10.5722	3.7918	2.9642	-87.8927	-75.5734	-10.7830	22.0501	-0.6697	-0.8341	-1.0858	3.4318	-0.4104	0.5597	-0.4552	-0.5578	2.3063	-0.0125	-0.5444	-2.4597	-9.4864	0.3600	-0.7015667697169281	0	0	3	Upright	Normal
-2.2595	-7.8141	2.6809	5.2101	-85.4906	-75.9905	-11.4891	21.3683	-3.7333	0.1751	1.6545	1.9131	-0.3911	0.5549	-0.4759	-0.5591	-1.2825	0.9025	0.2130	-2.4346	-9.4686	0.7678	-3.1400059320174325	0	0	3	Upright	Normal
0.7661	-7.9296	0.1149	10.9864	-93.9803	-76.8314	-11.8789	21.8298	-2.1023	2.8687	1.6258	0.7832	-0.4011	0.6109	-0.4767	-0.4885	-0.4453	0.4519	-0.1588	-2.1026	-9.5554	-0.6683	-0.5972704716594901	0	0	3	Upright	Normal
-1.4557	-10.2663	-0.4597	8.9124	-91.6442	-75.4937	-11.2203	21.7190	-1.9938	0.9575	-0.7652	-0.1817	-0.3949	0.5985	-0.4694	-0.5153	0.2632	-0.2426	0.6093	-2.4132	-9.5011	-0.2780	2.4118267342781223	0	1	4	PT	Normal
-4.4053	-12.5265	-3.2561	11.9254	-92.2290	-72.6345	-10.3056	22.5359	-2.8549	-1.5558	-3.1503	-2.8829	-0.3665	0.6202	-0.4687	-0.5112	0.3271	0.7577	-0.1726	-2.8495	-9.3761	-0.3732	3.2927673945021496	0	1	4	PT	Normal
-3.4854	-11.3766	2.4128	14.0372	-88.7778	-76.4569	-10.2135	22.8431	-4.1701	-1.1399	-1.8567	2.2098	-0.3610	0.5994	-0.5060	-0.5043	0.2706	-0.0296	-0.4741	-2.3454	-9.5199	0.2029	-1.5312417439820472	0	1	4	PT	Normal
-6.8187	-11.5305	0.7661	11.9413	-91.8163	-75.5313	-11.0159	21.8484	-3.3768	-4.4320	-2.0235	1.0704	-0.3803	0.6090	-0.4829	-0.5013	-1.7886	0.4509	-0.3218	-2.3867	-9.5069	-0.3042	1.2769732897222568	0	1	4	PT	Normal
-2.3750	-5.4013	-1.9154	12.3592	-98.4696	-74.8913	-12.7585	21.3889	-0.2923	-0.1451	4.0438	-0.5044	-0.4020	0.6406	-0.4594	-0.4658	-0.1331	0.1590	0.0713	-2.2299	-9.4451	-1.4109	-7.214174618639615	0	1	4	Jump	Normal
-1.9154	-6.2441	-1.6472	13.9654	-100.1685	-74.6659	-12.7633	20.8191	-0.3563	0.2343	3.1755	0.0331	-0.3997	0.6526	-0.4604	-0.4499	-0.1118	0.5553	-0.5061	-2.1497	-9.4195	-1.6803	0.5322849494220518	0	1	4	PT	Normal
-0.1149	-9.8450	-2.1069	18.4132	-100.4915	-77.3243	-14.0391	20.7019	-0.7979	1.4507	-0.3135	-0.4126	-0.3942	0.6565	-0.4904	-0.4161	0.1758	0.2367	0.3142	-1.5657	-9.5315	-1.6943	3.3327919903915326	0	1	4	PT	Normal
-4.9027	-8.0056	1.6466	17.9700	-100.6438	-76.1785	-13.9259	20.3578	-0.9089	-3.1428	1.4868	3.3697	-0.3905	0.6598	-0.4836	-0.4222	1.2017	-0.3204	1.0355	-1.7599	-9.4924	-1.7231	-0.5377127547733682	0	1	4	PT	Normal
-3.3710	-8.8490	2.1835	22.2372	-93.3178	-75.0939	-12.7147	20.3917	-3.6085	-1.0602	0.6671	2.7089	-0.3300	0.6465	-0.5216	-0.4485	1.7045	0.6234	-0.4527	-2.3109	-9.5161	-0.5254	0.18695948405868634	0	1	4	Upright	Normal
-3.0257	-9.0016	3.4087	24.3862	-85.4187	-79.5922	-14.1657	20.2707	-6.6111	-0.9415	0.5546	2.6954	-0.3051	0.6087	-0.5698	-0.4601	0.5337	0.4232	-0.0798	-2.0842	-9.5562	0.7133	0.37191794209243056	1	1	5	Upright	Normal
0.1155	-8.2738	1.1103	29.4570	-89.6527	-78.1932	-13.6638	19.9018	-7.3448	2.1507	1.3194	1.0587	-0.2900	0.6428	-0.5717	-0.4193	-0.9949	1.0645	-0.1416	-2.0352	-9.5931	0.0516	-1.7409778787007877	1	0	5	Upright	Normal
0.1915	-8.6574	-2.6815	29.4942	-93.9732	-75.8659	-12.8669	20.8418	-6.2828	2.2561	0.9113	-2.0900	-0.2977	0.6645	-0.5523	-0.4059	0.0533	-0.4067	0.4507	-2.0646	-9.5687	-0.5915	0.7164265539862225	1	0	5	Upright	Normal
-4.1366	-11.3000	-1.5712	29.1732	-92.8859	-73.4549	-11.7032	21.2121	-6.9573	-1.5781	-1.8428	-1.1401	-0.2803	0.6659	-0.5451	-0.4253	0.3186	0.3699	0.6020	-2.5585	-9.4572	-0.4311	3.070299467825807	1	0	5	Upright	Normal
-1.2252	-12.7174	1.8765	32.0872	-93.6094	-74.7416	-11.0419	21.2905	-7.3739	1.0341	-3.1888	2.3996	-0.2749	0.6716	-0.5594	-0.4005	-0.1417	0.2293	-0.3197	-2.2594	-9.5286	-0.5231	0.7778597979150241	1	0	5	Upright	Normal
-5.8604	-8.6951	1.4934	29.5732	-93.8405	-75.2085	-12.0652	20.4448	-7.2041	-3.6757	0.8481	2.0647	-0.2928	0.6659	-0.5507	-0.4094	-0.8895	-0.3619	-0.1119	-2.1847	-9.5433	-0.5713	-2.321877703158931	1	0	5	Upright	Normal
-1.0337	-9.9210	-2.2224	27.4793	-101.6008	-73.7767	-13.1595	19.6101	-5.1590	0.7765	-0.4429	-0.4729	-0.3318	0.6922	-0.5157	-0.3805	-0.3100	-0.2458	-0.7724	-1.8102	-9.4780	-1.7496	-0.37218565280337934	0	0	5	Upright	Normal
-3.2555	-4.5197	-0.9966	24.4397	-100.9207	-74.7733	-13.7935	19.4637	-4.0722	-1.4681	4.9734	0.6949	-0.3506	0.6807	-0.5075	-0.3952	-0.1949	-0.3726	-0.0374	-1.7874	-9.4930	-1.6915	-4.560737743871308	0	0	5	Upright	Normal
-0.2676	-7.7375	-3.1418	27.6563	-102.8818	-75.5475	-13.7107	18.8008	-3.1832	1.1357	1.7732	-1.2052	-0.3473	0.6914	-0.5185	-0.3639	0.7660	0.8557	-0.4475	-1.4033	-9.5107	-1.9366	2.696773842364018	0	0	5	Upright	Normal
-0.3442	-16.6247	-7.5854	28.9512	-103.3201	-75.0766	-14.8859	19.2832	-5.3434	1.0566	-7.1220	-5.6083	-0.3398	0.6967	-0.5214	-0.3568	-0.6455	-0.1670	-0.0673	-1.4008	-9.5027	-1.9772	9.921367876486652	0	0	5	Upright	Normal
-5.2475	-13.1771	-0.9583	27.9627	-100.6574	-75.3847	-14.3035	18.0653	-5.4631	-3.6384	-3.6368	0.6436	-0.3346	0.6853	-0.5259	-0.3765	0.6988	-0.8711	0.7274	-1.6091	-9.5403	-1.6019	-4.060835007153557	0	1	6	Jump	Normal
-2.0680	-7.3544	1.3018	31.7454	-95.2725	-75.0283	-13.4240	18.6566	-6.8465	-0.0033	2.2019	2.0683	-0.2866	0.6760	-0.5550	-0.3910	1.9143	0.3646	-0.2548	-2.0647	-9.5563	-0.7664	-6.466113537369776	0	1	6	Jump	Normal
-2.4511	-10.4573	3.6769	34.7967	-84.5992	-81.1695	-14.1121	17.5233	-10.0842	-0.4317	-0.8906	2.9190	-0.2498	0.6316	-0.6120	-0.4051	0.3100	0.4999	0.0840	-2.0194	-9.5666	0.7579	3.602905261976825	0	1	6	Jump	Normal
-0.3825	-9.0399	0.5740	36.5727	-89.4352	-78.3652	-12.6801	17.2430	-10.3010	1.6517	0.5532	0.4965	-0.2493	0.6587	-0.5974	-0.3835	-0.9481	0.2367	0.2523	-2.0342	-9.5931	0.0775	-2.2864704766394564	0	1	6	PT	Normal
-1.3402	-9.5379	-1.8393	36.8913	-93.3468	-74.2567	-11.5500	18.1852	-9.6596	0.9854	-0.0218	-1.3815	-0.2434	0.6812	-0.5764	-0.3800	0.1097	0.0173	0.3332	-2.3255	-9.5161	-0.4579	0.7394688328046506	0	1	6	PT	Normal
-1.7621	-9.8833	-0.2682	37.5108	-91.9989	-74.4623	-10.7595	18.1524	-10.2705	0.6626	-0.3849	0.0033	-0.2343	0.6775	-0.5821	-0.3838	0.4922	-0.1840	0.2959	-2.4247	-9.4984	-0.2714	0.23708968797598118	0	1	6	Upright	Normal
-1.8771	-10.2280	0.1532	40.3212	-93.5072	-73.1074	-10.8301	18.2909	-10.8890	0.5959	-0.7492	0.6107	-0.2176	0.6899	-0.5847	-0.3671	-0.6178	1.0155	-0.2016	-2.4729	-9.4788	-0.4574	0.3572137897174361	0	1	6	Upright	Normal
-4.3281	-9.4996	1.1486	46.8882	-96.1186	-70.8384	-8.9055	18.3311	-11.7523	-1.8483	-0.0385	1.8630	-0.1788	0.7102	-0.5965	-0.3282	0.1587	0.5318	-0.0152	-2.4798	-9.4611	-0.7144	0.10215212859923106	0	1	6	Upright	Normal
-6.1286	-8.0056	-0.1155	48.0411	-100.1549	-65.9802	-8.3121	19.2679	-12.4781	-3.3736	1.3349	1.0406	-0.1623	0.7298	-0.5810	-0.3217	-1.2687	0.9515	-0.0034	-2.7550	-9.3405	-1.1561	-0.4193089538196233	0	0	6	Upright	Normal
-2.5277	-8.6185	-0.0389	50.5271	-100.8290	-65.5027	-7.7566	19.6144	-11.6757	0.1721	0.7362	1.1325	-0.1483	0.7333	-0.5884	-0.3067	0.2621	-0.1244	0.1748	-2.6998	-9.3547	-1.1714	-1.1011827958316776	0	0	6	Upright	Normal
-1.8381	-8.3504	-3.7164	49.9139	-105.2644	-61.2167	-6.4596	19.1858	-11.9032	0.9860	0.8926	-2.0538	-0.1465	0.7505	-0.5688	-0.3028	-0.7297	0.3901	0.0150	-2.8241	-9.2430	-1.6626	0.3414484743418331	0	0	7	Upright	Normal
-3.1023	-11.5299	-1.2647	50.7304	-102.3834	-65.8115	-6.8892	20.0973	-11.9805	-0.6627	-2.1252	0.0664	-0.1571	0.7370	-0.5879	-0.2941	0.1822	-0.0349	-0.3174	-2.4395	-9.4047	-1.3312	2.6837027744729856	0	0	7	Upright	Normal
-2.8724	-7.9290	-1.2264	50.0804	-104.6179	-64.4242	-7.8047	19.2753	-12.2505	-0.4880	1.4500	0.3618	-0.1632	0.7445	-0.5787	-0.2901	-0.3451	0.1846	-0.0329	-2.3845	-9.3790	-1.5883	-3.4848026492741493	0	0	7	Upright	Normal
-2.0297	-9.2314	-1.2264	49.1763	-102.8213	-66.0744	-7.3251	19.5286	-12.4210	0.3430	0.1770	0.1963	-0.1699	0.7373	-0.5819	-0.2982	0.3090	-0.4003	0.0150	-2.3727	-9.4085	-1.4228	1.0091733671441467	0	0	7	Upright	Normal
-2.3361	-9.7677	-0.8817	47.2367	-99.9866	-69.5751	-8.3013	18.9570	-12.1039	-0.1357	-0.2810	0.2731	-0.1889	0.7233	-0.5881	-0.3087	0.1587	-0.2799	-0.2037	-2.2004	-9.4867	-1.1548	0.5506697348681815	0	0	7	Upright	Normal
-2.1063	-9.4613	-1.5712	46.7895	-100.0924	-69.6222	-9.2756	18.7202	-12.7150	0.0816	0.0256	-0.3944	-0.1923	0.7232	-0.5864	-0.3101	-0.1033	0.1015	-0.0599	-2.1879	-9.4869	-1.1768	-0.2623635662199142	0	0	7	Upright	Normal
-1.9914	-9.8061	-0.7667	46.1279	-98.6375	-72.0419	-9.9009	18.1726	-11.7553	-0.0120	-0.2556	0.2541	-0.2038	0.7145	-0.5930	-0.3104	-0.0106	-0.2352	-0.0674	-1.9794	-9.5505	-1.0208	0.21615342175705266	0	0	7	Upright	Normal
-1.9154	-9.5768	-1.3408	45.5390	-98.5299	-72.2586	-9.3625	18.9285	-12.0569	0.0512	-0.0235	-0.3219	-0.2080	0.7132	-0.5916	-0.3131	0.1300	-0.0381	-0.0748	-1.9665	-9.5533	-1.0189	-0.1775183773714577	0	0	7	Upright	Normal
-1.6472	-9.8450	-0.7278	45.4272	-97.6982	-73.4604	-9.5176	18.8806	-12.3269	0.2224	-0.2623	0.1942	-0.2118	0.7086	-0.5960	-0.3126	-0.0192	-0.0477	-0.0321	-1.8696	-9.5826	-0.9221	0.15027287861759753	0	0	7	Upright	Normal
-1.8381	-9.8061	-1.0343	45.5386	-97.6089	-73.5824	-10.4108	18.3423	-11.7837	0.0202	-0.2201	-0.1248	-0.2114	0.7083	-0.5969	-0.3119	0.0448	0.0205	-0.0289	-1.8583	-9.5859	-0.9095	0.022007019669990413	1	0	8	Upright	Normal
-1.7621	-9.6151	-1.0726	45.8394	-97.6343	-73.7201	-9.9829	18.2461	-11.8249	0.0655	-0.0230	-0.1649	-0.2106	0.7085	-0.5983	-0.3094	0.0309	0.0386	0.0009	-1.8277	-9.5921	-0.9077	-0.19645185580674784	1	0	8	Upright	Normal
-1.8004	-9.7300	-1.0726	46.0764	-97.7250	-73.6221	-9.7673	18.2493	-12.0480	0.0287	-0.1389	-0.1582	-0.2091	0.7091	-0.5987	-0.3081	0.0213	0.0471	0.0169	-1.8292	-9.5912	-0.9144	0.11922903927548845	1	0	8	Upright	Normal
-1.4940	-9.7300	-0.9577	46.1194	-97.7613	-73.7683	-9.8500	17.8290	-13.2902	0.3056	-0.1336	-0.0397	-0.2100	0.7090	-0.5992	-0.3069	-0.0010	-0.0402	-0.0086	-1.7995	-9.5964	-0.9180	-0.06262389467662643	1	0	8	Upright	Normal
-1.7238	-9.7300	-0.9577	45.7953	-97.5563	-74.1465	-9.4646	18.3478	-11.8750	0.0426	-0.1257	-0.0585	-0.2131	0.7074	-0.5995	-0.3079	0.0192	-0.0519	-0.0150	-1.7665	-9.6043	-0.8992	0.03731144797774988	1	0	8	Upright	Normal
-1.9531	-9.6145	-0.9966	45.8679	-97.5185	-74.1793	-9.6709	18.2243	-12.8125	-0.1885	-0.0093	-0.1031	-0.2127	0.7073	-0.5999	-0.3076	0.0522	0.0397	-0.0193	-1.7645	-9.6052	-0.8935	-0.06645776553962968	1	0	8	Upright	Normal
-1.7621	-9.8067	-0.9577	46.1977	-97.2689	-74.3069	-9.9777	18.1346	-12.5639	0.0070	-0.1992	-0.0988	-0.2103	0.7068	-0.6018	-0.3067	0.0160	0.0343	0.0148	-1.7692	-9.6075	-0.8589	0.1483125532953622	1	0	8	Upright	Normal
-1.5706	-9.7683	-1.0726	46.2150	-97.4013	-74.2305	-9.8812	17.8145	-12.8700	0.1947	-0.1615	-0.1984	-0.2104	0.7073	-0.6014	-0.3062	0.0107	-0.0264	0.0265	-1.7653	-9.6069	-0.8742	-0.05794204253795776	1	0	8	Upright	Normal
-1.6855	-9.5768	-1.0343	46.0443	-97.6724	-74.0914	-10.1144	18.2183	-12.5216	0.0721	0.0283	-0.1254	-0.2120	0.7081	-0.6000	-0.3061	-0.0170	-0.0189	-0.0193	-1.7576	-9.6051	-0.9089	-0.172886479657528	1	0	8	Upright	Normal
-1.8381	-9.7677	-0.9966	46.0629	-97.7267	-74.0238	-9.7354	18.0669	-12.6455	-0.0762	-0.1640	-0.0817	-0.2117	0.7084	-0.5997	-0.3061	-0.0063	0.0216	0.0163	-1.7620	-9.6037	-0.9149	0.21013934979883153	1	0	8	Upright	Normal
-1.8771	-9.7300	-0.9577	46.2142	-97.8905	-73.8753	-9.3980	18.1689	-12.1309	-0.1128	-0.1284	-0.0260	-0.2108	0.7093	-0.5996	-0.3050	-0.0127	0.0354	0.0014	-1.7642	-9.6016	-0.9316	-0.03340284977298502	2	0	9	Upright	Normal
-1.8381	-9.6911	-0.9966	46.5478	-98.1335	-73.6283	-9.1961	18.6134	-12.9738	-0.0681	-0.0928	-0.0423	-0.2086	0.7107	-0.5996	-0.3030	-0.0085	0.0610	-0.0018	-1.7701	-9.5984	-0.9542	-0.041487358633871096	2	0	9	Upright	Normal
-1.7998	-9.6528	-1.0732	46.9057	-98.3056	-73.4577	-9.9064	18.2141	-13.1012	-0.0286	-0.0561	-0.1053	-0.2064	0.7119	-0.6001	-0.3008	0.0043	0.0610	-0.0018	-1.7713	-9.5967	-0.9679	-0.03646301306791955	2	0	9	Upright	Normal
-1.6849	-9.7677	-0.9966	47.1080	-98.4994	-73.3484	-9.5470	18.0117	-13.2160	0.0771	-0.1712	-0.0100	-0.2056	0.7128	-0.6002	-0.2991	-0.0095	0.0237	0.0035	-1.7620	-9.5966	-0.9866	0.08430066244120127	2	0	9	Upright	Normal
-1.7232	-9.6911	-1.0732	47.1151	-98.7084	-73.2301	-9.4372	18.5431	-12.6960	0.0320	-0.0958	-0.0627	-0.2059	0.7135	-0.5995	-0.2984	-0.0032	-0.0051	-0.0097	-1.7552	-9.5954	-1.0105	-0.0604866440280869	2	0	9	Upright	Normal
-1.7615	-9.6911	-1.1115	47.0902	-98.7493	-73.2240	-9.5382	18.0306	-12.4711	-0.0100	-0.0956	-0.0958	-0.2062	0.7136	-0.5994	-0.2983	-0.0106	-0.0179	-0.0161	-1.7515	-9.5955	-1.0157	0.01095891307365271	2	0	9	Upright	Normal
-1.7998	-9.6911	-1.0349	46.9548	-98.8781	-73.1399	-9.3619	18.2174	-12.5969	-0.0482	-0.0976	-0.0018	-0.2071	0.7140	-0.5984	-0.2987	-0.0319	-0.0093	-0.0023	-1.7517	-9.5936	-1.0331	-0.001413303662641141	2	0	9	Upright	Normal
-1.8004	-9.7300	-1.1109	46.9390	-99.0309	-73.0282	-10.0497	18.4658	-12.4536	-0.0489	-0.1384	-0.0599	-0.2073	0.7146	-0.5978	-0.2984	-0.0128	0.0152	-0.0087	-1.7515	-9.5916	-1.0511	0.04634063585846526	2	0	9	Upright	Normal
-1.7615	-9.7294	-0.9966	47.0344	-99.2174	-72.9580	-9.6093	18.9990	-11.9943	-0.0235	-0.1375	0.0741	-0.2073	0.7153	-0.5976	-0.2971	-0.0096	0.0184	-0.0119	-1.7380	-9.5919	-1.0707	-0.019659124379607817	2	0	9	Upright	Normal
-1.8004	-9.6534	-1.1492	47.0449	-99.3243	-72.8842	-9.4171	18.5032	-12.6326	-0.0637	-0.0625	-0.0664	-0.2073	0.7157	-0.5973	-0.2967	-0.0192	0.0130	-0.0109	-1.7367	-9.5909	-1.0828	-0.050799224766963746	3	0	10	Upright	Normal
-1.7615	-9.6911	-1.1498	47.0884	-99.4964	-72.7627	-9.5575	18.2730	-13.0842	-0.0271	-0.1021	-0.0482	-0.2072	0.7164	-0.5968	-0.2961	-0.0181	0.0194	-0.0045	-1.7344	-9.5891	-1.1016	0.02989870285844276	3	0	10	Upright	Normal
-1.7621	-9.6917	-1.1492	47.2071	-99.7409	-72.6012	-8.9712	18.1379	-12.8429	-0.0338	-0.1046	-0.0220	-0.2068	0.7174	-0.5964	-0.2947	-0.0128	0.0216	-0.0077	-1.7283	-9.5871	-1.1272	6.232541023809546E-4	3	0	10	Upright	Normal
-1.8004	-9.6917	-1.1109	47.2437	-99.8005	-72.5627	-9.1768	18.1049	-12.3229	-0.0739	-0.1049	0.0224	-0.2067	0.7177	-0.5963	-0.2944	-0.0042	0.0141	-0.0119	-1.7265	-9.5868	-1.1334	0.002514567555101266	3	0	10	Upright	Normal
-1.7998	-9.7294	-1.2264	47.2429	-99.8173	-72.5540	-9.3213	18.6549	-12.1417	-0.0739	-0.1428	-0.0911	-0.2067	0.7177	-0.5962	-0.2943	-0.0096	-0.0051	-0.0034	-1.7259	-9.5867	-1.1353	0.050274662703500894	3	0	10	Upright	Normal
-1.7998	-9.6528	-1.2647	47.1539	-99.8306	-72.5745	-9.1332	18.3921	-11.7930	-0.0774	-0.0658	-0.1260	-0.2074	0.7177	-0.5960	-0.2946	0.0085	-0.0338	-0.0109	-1.7225	-9.5870	-1.1387	-0.06991631627489525	3	0	10	Upright	Normal
-1.8004	-9.7300	-1.2641	46.9452	-99.7861	-72.6235	-9.1207	18.5393	-12.2836	-0.0766	-0.1434	-0.1261	-0.2087	0.7173	-0.5954	-0.2958	0.0139	-0.0274	-0.0066	-1.7238	-9.5867	-1.1380	0.07531719547846549	3	0	10	Upright	Normal
-1.7232	-9.6911	-1.2264	46.8527	-99.7105	-72.6563	-9.5719	18.7893	-12.2247	0.0064	-0.1046	-0.0952	-0.2090	0.7169	-0.5953	-0.2966	0.0053	-0.0168	0.0083	-1.7297	-9.5865	-1.1313	-0.05636564317076598	3	0	10	Upright	Normal
-1.7998	-9.6911	-1.2264	46.8514	-99.7165	-72.6443	-9.6552	18.0094	-12.0867	-0.0690	-0.1049	-0.0944	-0.2090	0.7170	-0.5953	-0.2966	-0.0010	0.0003	0.0019	-1.7309	-9.5862	-1.1320	0.013593675457014953	3	0	10	Upright	Normal
-1.7621	-9.6534	-1.1109	46.8494	-99.7223	-72.6281	-9.9992	18.3329	-12.0884	-0.0292	-0.0676	0.0218	-0.2089	0.7170	-0.5952	-0.2966	0.0000	0.0120	0.0019	-1.7330	-9.5858	-1.1328	-0.05722439879226293	3	0	10	Upright	Normal
-1.8387	-9.6534	-1.1492	46.8479	-99.7232	-72.6148	-9.5432	18.0745	-12.6357	-0.1037	-0.0681	-0.0165	-0.2089	0.7170	-0.5951	-0.2967	0.0075	0.0152	0.0062	-1.7350	-9.5853	-1.1328	0.01833041231187771	4	0	11	Upright	Normal
Total time: 11 seconds.
