-0.3059	-9.8444	0.6506	84.0588	-1.4458	-38.5044	11.2656	23.5007	10.3871	-0.3314	-0.0902	-0.3629	-0.6290	-0.2296	0.2529	0.6984	-0.2978	-0.3904	-0.1142	0.0256	-9.7541	1.0135	0.1788279276710707	6	0	1	Upright	Normal
-1.7232	-8.5802	-0.1538	86.5745	11.9364	-53.8318	11.9864	22.8939	11.5255	-1.6020	1.2091	-0.7266	-0.6423	-0.2412	0.2642	0.6778	0.0676	-0.3063	-0.1440	-0.1212	-9.7893	0.5728	-1.117736745734419	6	0	1	Upright	Normal
1.5712	-13.9815	-0.0389	83.6231	-49.1202	6.5253	10.9189	23.5914	9.9231	0.7482	-4.2355	-0.7513	-0.6230	-0.2748	0.2381	0.6926	-0.2711	-0.0911	-0.7651	0.8230	-9.7460	0.7124	5.316679919542846	6	0	1	Upright	Normal
-0.6889	-7.8907	-0.5752	84.2442	-66.9354	23.6847	9.2312	23.6367	10.3453	-1.5930	1.8667	-0.9601	-0.6316	-0.2855	0.2351	0.6814	0.0868	0.2530	-0.1376	0.9041	-9.7574	0.3849	-6.127986843756393	6	0	1	Upright	Normal
1.2647	-6.3584	-0.1538	82.0204	-63.6723	25.2176	7.7084	23.4917	10.6648	0.0450	3.3534	-0.7573	-0.6309	-0.2667	0.1979	0.7012	-0.1529	1.5270	-0.3241	1.2197	-9.7118	0.6035	-1.4567932176359504	6	0	1	Upright	Normal
-0.5740	-11.8363	-3.0652	81.2564	-93.5290	53.1915	6.3734	23.1321	10.6495	-2.0608	-2.1434	-2.9734	-0.6464	-0.2947	0.1915	0.6772	-0.2051	-0.2094	0.0094	1.4868	-9.6929	-0.0917	5.755437595717473	6	0	1	Upright	Normal
2.2990	-10.1891	-2.2224	83.3221	-94.4252	55.9732	6.6509	22.5436	10.4917	1.1634	-0.4488	-2.1344	-0.6560	-0.2722	0.1927	0.6770	0.4756	0.6482	0.3140	1.1356	-9.7404	-0.0880	-1.5611619104731904	6	0	1	Upright	Normal
3.1035	-11.1085	-1.3414	84.0013	-124.1049	84.9470	7.4814	22.5418	10.6729	2.2559	-1.3554	-0.7673	-0.6746	-0.2724	0.2008	0.6560	-1.0797	-0.7207	0.5665	0.8475	-9.7531	-0.5740	0.9325691405662404	6	0	1	Upright	Normal
2.0303	-2.6815	2.1452	82.1754	-69.3969	27.0185	8.1330	23.2704	9.7799	0.7816	7.0340	1.6758	-0.6256	-0.2909	0.2191	0.6899	2.5326	-0.9859	-0.1611	1.2487	-9.7155	0.4694	-7.622333647101746	6	0	1	Upright	Normal
-2.1835	-12.9478	7.1251	73.2018	-17.9062	-32.2897	8.6395	25.8558	2.9658	-3.0549	-3.5596	4.4284	-0.5310	-0.2838	0.3096	0.7359	0.4958	-0.3020	-0.0430	0.8713	-9.3883	2.6968	10.949927203664773	6	0	1	Upright	Normal
2.2984	-18.5407	3.1795	80.9666	-35.1791	-19.7431	7.4027	25.9344	1.4542	1.4114	-8.8556	1.9210	-0.5703	-0.3325	0.3176	0.6807	-2.8736	-1.5250	0.9945	0.8871	-9.6851	1.2585	4.012020616186449	6	1	2	Jump	Normal
-5.8227	-7.0485	-5.8227	86.4350	155.9756	138.0236	11.7802	23.8376	6.4868	-5.5744	2.7393	-5.2659	-0.6145	-0.3884	0.3815	0.5710	0.2945	1.1670	0.4768	-0.2482	-9.7878	-0.5568	-8.112003428221497	6	1	2	Jump	Normal
0.4220	0.0006	1.6849	84.0477	106.5651	-167.5499	13.0838	22.6518	6.9098	1.3967	9.7544	1.9749	-0.6354	-0.3333	0.3833	0.5816	-0.6024	0.3329	0.4470	-0.9747	-9.7538	-0.2900	-9.102291968066966	6	1	2	Jump	Normal
-1.3402	-19.6127	4.5963	83.4705	18.8308	-69.1130	12.1886	22.4483	6.7437	-0.9801	-9.8696	3.5409	-0.6101	-0.2720	0.3279	0.6681	2.2961	4.0751	-1.8721	-0.3600	-9.7431	1.0554	18.451669507356144	6	1	2	Jump	Normal
-0.5740	-8.0056	-2.6438	80.9893	162.6845	148.4437	8.2956	23.1332	8.4596	-0.1170	1.6801	-1.1779	-0.6969	-0.2985	0.2847	0.5867	-4.8678	-1.2000	0.9540	-0.4570	-9.6857	-1.4658	-11.738241031902897	6	1	2	Jump	Normal
-3.8301	-0.3059	5.3624	76.6490	129.9745	-177.4162	12.0012	18.8286	12.6744	-2.0951	9.2359	6.8170	-0.7167	-0.2461	0.3189	0.5693	0.8911	0.2157	0.9401	-1.7350	-9.5418	-1.4546	-1.8535108722285445	6	1	2	PT	Normal
0.0772	-7.7375	1.5700	78.2540	175.3732	141.8413	11.0813	17.9879	12.2085	0.2382	1.8640	3.5593	-0.7242	-0.2774	0.2357	0.5857	-0.0709	4.0581	-1.1819	-0.1610	-9.6015	-1.9893	1.298692718207148	6	1	2	PT	Normal
-3.5620	-19.4978	2.9108	82.6708	158.7541	163.9808	6.2069	17.7400	14.0403	-3.1087	-9.7712	4.0766	-0.7138	-0.2234	0.2275	0.6235	0.6961	0.5523	-0.2849	-0.4533	-9.7266	-1.1658	12.137539805339557	6	1	2	Jump	Normal
0.0389	-6.3201	2.1446	85.6577	-170.5233	134.7566	3.8463	18.8470	12.0299	-0.0832	3.4586	2.8766	-0.6962	-0.2293	0.2047	0.6487	0.8666	0.1337	-0.8079	0.1221	-9.7787	-0.7320	-13.358928160782344	6	1	2	Jump	Normal
0.6901	1.9926	2.8341	86.1462	-148.3245	120.1984	1.4522	19.3358	11.4993	0.3446	11.7772	3.3941	-0.7021	-0.1887	0.1547	0.6690	-0.3191	1.4716	0.2659	0.3455	-9.7847	-0.5599	-3.1416287113555406	6	1	2	PT	Normal
4.3293	-19.6127	2.4511	80.8713	-157.2261	133.3839	1.8829	17.0626	13.2639	3.7272	-9.9301	3.8855	-0.7359	-0.1776	0.1136	0.6434	-1.8115	5.3279	-1.0998	0.6021	-9.6826	-1.4344	16.701313942579088	6	2	3	Jump	Normal
-0.4591	-7.2012	-4.4825	74.4785	-174.6165	152.0424	-1.3992	14.5881	14.9895	-0.7052	2.2482	-1.8706	-0.7785	-0.1645	0.1097	0.5956	-0.3201	-0.5268	0.6207	0.2462	-9.4493	-2.6119	-11.739095708167218	6	2	3	Jump	Normal
-0.0760	-0.2676	3.4087	79.3328	170.4634	164.1395	0.2880	14.9953	14.4063	0.2246	9.3699	5.1983	-0.7524	-0.1584	0.1511	0.6212	0.9848	-0.7803	-0.2720	-0.3006	-9.6374	-1.7895	-5.0747225646260095	6	2	3	Jump	Normal
-0.7278	-15.6677	-2.9113	72.3358	-159.6544	147.6725	-1.5714	14.3206	14.3232	-1.7623	-6.3232	-0.1214	-0.7922	-0.1211	0.0248	0.5976	-0.6834	4.3894	-0.0228	1.0344	-9.3444	-2.7900	12.532465172415783	6	2	3	Jump	Normal
-0.5746	-18.5024	1.1875	81.0853	-128.8090	127.9511	-6.3761	14.8253	12.4772	-1.7582	-8.8141	2.1397	-0.7391	-0.0483	-0.0378	0.6708	-0.2967	3.2293	-0.1944	1.1836	-9.6883	-0.9521	2.596871902005354	6	2	3	PT	Normal
0.2687	-1.4168	1.9914	76.8901	-117.2755	117.0029	-9.9018	14.6844	11.2123	-1.7077	8.1344	3.0106	-0.7393	-0.0735	-0.0701	0.6657	-0.7495	-0.5950	-0.8601	1.9764	-9.5512	-1.0192	-16.09067141628905	6	2	3	Jump	Normal
1.8777	-4.3281	4.1749	75.3164	-137.5694	137.1137	-9.3634	13.3018	12.9289	0.2008	5.1585	6.0094	-0.7677	-0.0640	-0.0584	0.6349	-0.6344	-0.1209	0.8752	1.6768	-9.4866	-1.8346	3.841143167886795	6	2	3	Jump	Normal
0.6901	-18.4252	0.3825	73.1366	-145.8504	151.7680	-9.1683	12.5227	14.1958	-0.9064	-9.0399	2.7363	-0.7872	-0.0176	-0.0898	0.6098	-1.9127	0.9582	0.1902	1.5965	-9.3853	-2.3538	12.14224440722921	6	2	3	Jump	Normal
-0.0766	-7.8147	-3.0646	73.0511	-165.7848	170.3604	-9.1015	10.5911	15.1182	-0.7786	1.5661	-0.2934	-0.8008	0.0064	-0.0495	0.5969	0.8783	-1.0285	1.0946	0.7020	-9.3808	-2.7711	-10.047612491760946	6	2	3	Jump	Normal
-0.3065	-0.9577	0.4980	78.4368	179.8787	-175.9950	-6.3705	12.4327	14.7763	-0.3023	8.6501	2.4635	-0.7743	0.0264	-0.0213	0.6319	-0.0208	0.0836	0.3086	-0.0042	-9.6078	-1.9655	-7.27236101055584	6	2	3	Jump	Normal
-1.2635	-18.4635	-3.6015	74.9289	-155.8839	173.7073	-8.5936	12.1957	14.0589	-2.3052	-8.9940	-1.2743	-0.7820	0.0843	-0.1329	0.6031	-0.7878	3.8578	-0.3040	1.0416	-9.4695	-2.3272	17.73174778920606	6	3	4	Run	Normal
1.1115	-16.8929	-1.2264	81.6836	-124.8023	152.0487	-12.8314	11.8601	11.5103	-0.0525	-7.1892	-0.4172	-0.7237	0.1321	-0.2001	0.6471	0.6844	1.9734	-0.1932	1.1640	-9.7037	-0.8092	-1.8800690446013313	6	3	4	Walk	Normal
-0.1532	-5.4779	0.8045	80.3710	-109.2473	137.2318	-15.2192	12.0493	8.8586	-1.7011	4.1908	1.3451	-0.7162	0.1207	-0.2200	0.6512	0.2562	-0.4096	-0.3157	1.5479	-9.6687	-0.5406	-11.435011265143899	6	3	4	Run	Normal
2.7198	-2.4134	2.3367	81.1688	-130.0784	155.1773	-15.2914	11.7654	8.9078	1.5688	7.2773	3.3053	-0.7314	0.1202	-0.1862	0.6449	-0.8656	-1.1596	1.0692	1.1510	-9.6907	-0.9686	-1.21651419984516	6	3	4	Walk	Normal
4.3287	-19.6133	-2.2218	82.8925	-149.7420	171.4340	-11.9831	12.2369	11.0802	3.7177	-9.8818	-1.1744	-0.7345	0.1182	-0.1473	0.6518	-0.6259	-1.0445	0.3813	0.6110	-9.7315	-1.0475	15.885544735336095	6	3	4	Run	Normal
-2.8347	-11.1857	-5.8227	80.6650	174.1498	-155.5629	-11.7489	11.2834	11.8234	-2.6725	-1.5088	-4.2407	-0.7510	0.1288	-0.0988	0.6400	0.6301	-0.5545	1.0865	-0.1622	-9.6769	-1.5820	-7.282669721788441	6	3	4	Run	Normal
-0.9571	-0.6889	0.4208	83.3999	126.3542	-110.4275	-9.4103	13.3226	10.7306	-0.0497	9.0529	1.0886	-0.7185	0.1336	-0.0620	0.6798	0.1454	-0.1785	0.0936	-0.9074	-9.7419	-0.6678	-11.673063633138733	6	3	4	Run	Normal
-1.2258	-19.1536	-1.3791	82.5190	-175.2508	-161.2148	-10.9192	12.1599	10.5541	-1.3313	-9.4302	-0.1076	-0.7365	0.1495	-0.1383	0.6450	-0.8986	2.7350	-0.4401	0.1055	-9.7235	-1.2715	17.9901923916173	6	3	4	Run	Normal
2.6815	-17.0850	-4.4436	83.9715	-138.4571	164.3278	-13.7465	10.3952	9.3210	1.9999	-7.3324	-3.6742	-0.7208	0.1403	-0.1758	0.6556	0.4799	0.2136	-0.5860	0.6816	-9.7526	-0.7694	-1.3863676501450222	6	3	4	Walk	Normal
-1.5700	-2.1446	1.9914	86.0951	-115.0814	139.5791	-15.5416	9.7184	7.7992	-2.1744	7.6394	2.2743	-0.7052	0.1308	-0.1691	0.6760	-0.7441	0.2690	0.1246	0.6044	-9.7841	-0.2830	-14.53477474093022	6	4	5	Run	Normal
0.6895	-7.9679	-0.0383	85.5773	170.9820	-134.0004	-16.4616	9.8033	7.8901	0.8079	1.8097	0.7069	-0.6943	0.2366	-0.2115	0.6460	0.7739	4.9380	0.1065	-0.1184	-9.7776	-0.7452	4.676641952273914	6	4	5	Run	Normal
-2.4894	-5.4390	-0.7284	79.1228	158.5291	-121.0314	-17.7588	10.8526	4.7808	-1.8120	4.1915	0.9936	-0.7177	0.2695	-0.1830	0.6154	-2.0458	0.2839	1.7757	-0.6774	-9.6305	-1.7220	-1.9719574876547084	6	4	5	Walk	Normal
1.0732	-2.2978	-0.3837	75.0603	146.8408	-108.0304	-17.0579	12.1167	5.9500	2.4559	7.1775	1.7324	-0.7171	0.3059	-0.1600	0.6054	1.4141	-0.3606	-0.2525	-1.3827	-9.4754	-2.1160	-3.460880608359163	6	4	5	Walk	Normal
-2.0680	-2.8341	2.4128	83.0026	139.3254	-93.9905	-17.5986	12.8418	3.4563	-1.2899	6.8996	3.3181	-0.6706	0.3105	-0.2335	0.6319	1.0338	1.2916	0.0021	-0.7781	-9.7338	-0.9053	1.6930444194881065	6	4	5	Walk	Normal
0.5369	-15.7437	3.0257	88.6551	-171.2645	-129.5604	-19.5160	12.3956	-1.6851	0.5028	-5.9396	3.2486	-0.6225	0.3519	-0.3461	0.6073	-1.1660	3.0546	-1.5066	0.0341	-9.8041	-0.2230	11.782823364352588	6	4	5	Run	Normal
-2.1446	-5.0560	-2.2607	82.9556	-156.8943	-145.8786	-20.9839	11.3614	-3.5283	-2.6164	4.6768	-1.1546	-0.6628	0.3422	-0.3338	0.5763	0.6439	-2.4368	0.2351	0.4718	-9.7327	-1.1061	-10.101672907004922	6	4	5	Run	Normal
-0.4974	0.1155	0.5740	82.7807	177.7253	-113.6134	-20.7567	11.5041	-3.4394	-0.4485	9.8445	1.8051	-0.6349	0.3996	-0.3494	0.5614	-0.5811	2.5529	0.5292	-0.0489	-9.7290	-1.2311	-5.170865769268455	6	4	5	Run	Normal
-1.3785	-18.5018	6.6649	86.9929	-142.9171	-142.0351	-18.8966	13.4071	-7.6134	-1.6873	-8.7085	7.0738	-0.5791	0.4306	-0.4303	0.5422	3.0056	0.5928	-1.4927	0.3089	-9.7933	-0.4090	18.945638296538515	6	4	5	Run	Normal
-2.6426	-7.6225	0.3059	80.5475	172.4635	-91.8042	-17.9167	13.8626	-10.3223	-2.4313	2.0511	1.9023	-0.5763	0.4993	-0.4129	0.4981	-1.8009	1.1616	1.5135	-0.2113	-9.6736	-1.5965	-11.640521073547724	6	4	5	Run	Normal
2.6432	-3.2178	-4.8267	74.3955	168.9410	-86.6600	-14.3052	16.2049	-9.4451	3.1493	6.2275	-2.2377	-0.5864	0.5368	-0.3851	0.4688	0.8059	-0.6600	0.5134	-0.5061	-9.4453	-2.5890	-1.6986003233866809	6	5	6	Walk	Normal
-1.3408	0.8045	0.9960	81.4549	160.0582	-69.7603	-12.6310	15.5938	-11.3829	-0.8438	10.5023	2.3653	-0.5195	0.5477	-0.4521	0.4751	0.4927	2.1715	0.1342	-0.4969	-9.6979	-1.3693	-4.520866974323559	6	5	6	Run	Normal
-7.0102	-19.6133	6.3973	88.7308	-58.8590	160.0076	-9.9689	14.2796	-15.3015	-7.1953	-9.8089	6.2855	-0.4516	0.5388	-0.5535	0.4465	-0.8730	3.3156	-2.1849	0.1851	-9.8044	0.1118	19.934846589193352	6	5	6	Run	Normal
1.6089	-11.1857	0.1149	78.7625	-142.3410	-115.5201	-9.8974	14.0406	-14.4678	0.4416	-1.5670	1.6278	-0.5095	0.5635	-0.5314	0.3749	-1.4216	-1.7050	0.3664	1.1673	-9.6187	-1.5128	-10.487355663434984	6	5	6	Run	Normal
-0.9954	-0.1915	-0.6901	78.6296	166.5026	-66.2060	-8.6253	16.4332	-10.5906	-0.5441	9.4227	1.1899	-0.4820	0.6029	-0.4774	0.4198	0.1891	0.7185	1.5073	-0.4513	-9.6142	-1.8800	-10.075133283901643	6	5	6	Run	Normal
-3.1795	-16.5487	5.0566	83.4189	151.6283	-39.8016	-5.0926	18.5652	-10.9599	-2.6454	-6.8066	6.0452	-0.3997	0.6250	-0.5443	0.3916	3.8333	0.3062	-2.9051	-0.5341	-9.7422	-0.9887	16.367422152735386	6	5	6	Run	Normal
1.9926	-3.0640	1.9914	83.6195	-116.8896	-127.1369	-6.2169	17.5701	-12.8427	1.0207	6.6821	2.4843	-0.4135	0.5951	-0.6022	0.3351	-0.3968	0.4032	0.2449	0.9719	-9.7460	-0.4929	-13.431451589519213	6	5	6	Run	Normal
-0.9571	-10.3807	-1.1115	77.9867	173.4713	-53.3115	-5.6583	19.3200	-10.8582	-0.7248	-0.7887	0.9164	-0.3801	0.6774	-0.5416	0.3214	-2.2184	1.0519	0.3408	-0.2322	-9.5919	-2.0279	6.321578604742642	6	5	6	Run	Normal
0.0389	0.3454	-1.3414	81.4207	157.2783	-42.9385	-4.3525	21.3036	-8.3306	0.6041	10.0423	0.0081	-0.3916	0.6446	-0.5404	0.3730	1.2458	-0.5023	-0.2611	-0.5652	-9.6970	-1.3494	-9.098115041942254	6	5	6	Run	Normal
-1.6849	-18.6167	2.4128	87.6941	144.4720	-15.1169	-3.9845	22.1458	-9.9261	-1.4557	-8.8178	2.7337	-0.2999	0.6530	-0.6250	0.3049	3.5447	1.3310	-0.4134	-0.2292	-9.7989	-0.3210	17.462162713910686	6	5	6	Run	Normal
-0.0377	-8.0056	1.9531	85.6478	-25.3328	155.2427	-4.3423	20.7108	-14.4937	-0.3558	1.7729	1.2809	-0.2993	0.6133	-0.6670	0.2990	-0.8804	-0.6461	-0.1576	0.3181	-9.7785	0.6722	-10.607375565495682	6	6	7	Run	Normal
-1.7998	-5.6306	-0.8434	83.0329	-163.9963	-74.5758	-6.0339	21.0056	-13.0097	-2.1277	4.1038	0.3000	-0.3758	0.6458	-0.5854	0.3147	-2.0171	-1.4706	0.7713	0.3279	-9.7344	-1.1434	-2.269369753229202	6	6	7	Walk	Normal
-2.7581	-11.6071	-1.5323	80.8820	159.8920	-35.0263	-6.3358	23.5235	-8.0877	-2.2238	-1.9243	-0.0729	-0.3335	0.6806	-0.5691	0.3189	0.9625	1.3087	-0.6743	-0.5344	-9.6827	-1.4594	6.057173615486959	6	6	7	Run	Normal
3.8307	-6.7038	1.6472	82.4685	-106.5835	-123.5938	-7.3755	22.5539	-11.2843	2.5991	3.0183	2.0141	-0.3451	0.6321	-0.6459	0.2533	0.9412	0.1752	0.1950	1.2317	-9.7221	-0.3669	-4.133454438079905	6	6	7	Run	Normal
1.4180	-6.4350	1.3018	83.5003	-85.7289	-142.0894	-8.1084	21.7341	-13.1373	0.3111	3.3086	1.2192	-0.3215	0.6265	-0.6643	0.2508	0.2562	0.6471	0.3974	1.1069	-9.7437	0.0826	-1.1780953611526765	6	6	7	Walk	Normal
2.2984	-11.0325	0.8045	85.1634	-109.4873	-106.2641	-6.5135	22.4376	-13.8216	1.5193	-1.2607	1.0802	-0.2467	0.6732	-0.6715	0.1870	-0.7047	-0.1018	-0.1746	0.7792	-9.7718	-0.2758	4.581306967162629	6	6	7	Run	Normal
2.9503	-9.9593	-0.9200	83.1213	-124.6732	-85.6947	-6.3674	23.5270	-11.5204	1.9843	-0.2231	-0.2517	-0.2249	0.6953	-0.6670	0.1449	-0.1806	-0.6195	0.4060	0.9659	-9.7362	-0.6683	-0.8702824626465091	6	6	7	Walk	Normal
-2.7958	-8.8867	-0.1538	87.1830	156.9634	-1.6852	-6.0044	24.5689	-11.7720	-2.6071	0.9082	0.2897	-0.1481	0.7076	-0.6734	0.1545	0.4309	-0.0783	0.8821	-0.1887	-9.7948	-0.4435	-1.1103864321887524	6	6	7	Walk	Normal
-1.8765	-9.8827	-0.6518	86.5273	120.0084	39.1474	-3.8906	24.4826	-12.0075	-1.3620	-0.0940	-0.3546	-0.1115	0.7090	-0.6812	0.1442	0.0868	0.3499	-0.2183	-0.5145	-9.7887	-0.2972	0.7629890443979725	6	6	7	Walk	Normal
-1.7998	-10.0359	-1.0349	84.8885	128.5436	35.0109	-3.7975	23.9648	-12.3250	-1.1164	-0.2682	-0.4904	-0.0794	0.7221	-0.6762	0.1226	0.0037	0.1986	0.2004	-0.6834	-9.7677	-0.5445	0.1680247289487351	0	6	7	Upright	Normal
-1.6855	-10.4962	-0.8045	84.6762	118.7905	48.2924	-3.3899	25.1339	-11.8717	-0.8879	-0.7317	-0.3662	-0.0526	0.7208	-0.6829	0.1063	-0.0091	0.4298	0.0830	-0.7976	-9.7645	-0.4383	0.4126719287539764	0	0	8	Upright	Normal
-1.1103	-9.9976	-1.7244	82.3258	121.7929	50.1335	-2.6187	25.3614	-12.6926	0.0028	-0.2786	-1.0344	-0.0113	0.7315	-0.6761	0.0880	0.1997	0.6439	0.1895	-1.1132	-9.7190	-0.6900	-0.4552680828486757	0	0	8	Upright	Normal
-0.1526	-10.1891	-0.1921	83.5062	112.6197	62.4091	-1.1808	25.3342	-13.1630	0.8712	-0.4453	0.2345	0.0057	0.7223	-0.6883	0.0669	0.1742	0.3478	-0.0256	-1.0238	-9.7438	-0.4266	-0.013744872956683807	0	0	8	Upright	Normal
-1.1103	-9.6911	-0.6135	82.9510	113.7629	61.1743	-0.2870	24.5596	-13.7258	-0.0088	0.0414	-0.1285	0.0078	0.7243	-0.6858	0.0701	-0.0613	0.0538	0.0543	-1.1015	-9.7326	-0.4850	-0.4182839677779189	0	0	8	Upright	Normal
-0.4980	-9.9599	-0.4597	83.3253	114.2856	60.0775	0.1952	24.8646	-13.8714	0.5411	-0.2197	0.0091	0.0019	0.7238	-0.6863	0.0714	0.0836	-0.0794	-0.0139	-1.0391	-9.7402	-0.4688	0.2091626657744765	0	0	8	Upright	Normal
-1.1875	-9.7300	-0.3831	83.4470	115.2843	57.4644	-0.2791	24.1016	-13.5945	-0.1755	0.0126	0.0950	-0.0093	0.7241	-0.6850	0.0800	-0.1379	-0.2956	-0.0573	-1.0120	-9.7426	-0.4781	-0.17325258730405402	0	0	8	Upright	Normal
-1.4174	-9.7300	-0.9194	83.3234	115.1455	56.0707	-0.8436	24.9216	-13.6321	-0.3852	0.0102	-0.4348	-0.0182	0.7241	-0.6835	0.0899	0.0954	-0.1508	-0.0221	-1.0322	-9.7402	-0.4845	0.06590701967201085	0	0	8	Upright	Normal
-1.1492	-9.8833	-0.5746	83.5392	112.7254	57.6037	-0.9118	25.1351	-13.6655	-0.1314	-0.1389	-0.1483	-0.0242	0.7219	-0.6850	0.0948	-0.0218	-0.1060	-0.0370	-1.0178	-9.7444	-0.4263	0.09087925791870077	0	0	8	Upright	Normal
-1.3024	-9.6917	-1.0343	83.3344	116.7778	53.0973	-0.5516	24.9517	-13.5144	-0.2861	0.0488	-0.5213	-0.0274	0.7248	-0.6815	0.0972	0.0506	0.0058	-0.0562	-1.0163	-9.7405	-0.5130	-0.13310065470937715	0	0	8	Upright	Normal
-0.8428	-9.8833	-0.4597	83.8844	114.8257	54.7278	-1.2135	24.9634	-13.7076	0.1055	-0.1323	-0.0209	-0.0316	0.7221	-0.6843	0.0969	-0.0176	-0.0229	-0.0125	-0.9483	-9.7510	-0.4387	0.09645110715266902	1	0	9	Upright	Normal
-0.9954	-9.7294	-0.9583	83.8009	118.7077	50.6209	-1.3713	24.5331	-14.5614	-0.0666	0.0199	-0.4495	-0.0340	0.7244	-0.6816	0.0973	-0.0325	0.0186	-0.0701	-0.9288	-9.7493	-0.5088	-0.10279342791261215	1	0	9	Upright	Normal
-0.9954	-9.8061	-0.6518	83.8419	119.8489	49.6549	-0.9442	25.3467	-14.0988	-0.0829	-0.0560	-0.1281	-0.0335	0.7250	-0.6813	0.0957	-0.0187	0.0527	0.0052	-0.9125	-9.7501	-0.5237	0.05099614952738207	1	0	9	Upright	Normal
-1.2252	-9.9210	-0.9583	83.3429	121.4430	48.3464	-1.1662	24.9675	-13.9454	-0.2553	-0.1803	-0.3651	-0.0298	0.7276	-0.6787	0.0958	-0.0016	0.1560	0.0894	-0.9700	-9.7407	-0.5932	0.16417625591276064	1	0	9	Upright	Normal
-0.9194	-9.1171	-0.6129	82.4354	119.3596	52.1000	-0.4022	24.4055	-14.6192	0.2059	0.6042	0.0201	-0.0137	0.7294	-0.6778	0.0914	0.0676	0.1614	0.0425	-1.1253	-9.7214	-0.6330	-0.8583806500951141	1	0	9	Upright	Normal
-0.5363	-10.3813	-0.7278	83.2743	119.9001	51.8679	0.0076	24.3424	-14.7894	0.4594	-0.6421	-0.1552	-0.0163	0.7273	-0.6809	0.0850	0.0261	-0.0560	-0.1311	-0.9957	-9.7392	-0.5727	1.2367755670347638	1	0	9	Upright	Normal
-0.7278	-9.5002	-0.7661	83.7621	124.8456	46.0419	-0.6117	24.5941	-14.2927	0.1468	0.2484	-0.1573	-0.0264	0.7282	-0.6794	0.0858	-0.0516	-0.2030	-0.0291	-0.8746	-9.7486	-0.6089	-0.8618032654381764	1	0	9	Upright	Normal
-1.4174	-9.8450	-0.6895	83.2304	124.9835	44.2232	-0.9373	24.0944	-13.1230	-0.4702	-0.1065	-0.0266	-0.0346	0.7298	-0.6757	0.0982	-0.0644	-0.2349	-0.0046	-0.9472	-9.7384	-0.6629	0.41159237948295235	1	0	9	Upright	Normal
-0.7655	-9.7677	-0.7667	83.0548	125.8447	42.7226	-0.6845	24.2835	-13.7000	0.1957	-0.0329	-0.0723	-0.0383	0.7307	-0.6739	0.1023	0.0400	-0.0826	-0.0120	-0.9613	-9.7348	-0.6945	-0.14277600881699293	0	0	9	Upright	Normal
-0.6506	-9.9593	-0.7284	83.2656	125.6732	41.8383	-1.8229	24.9220	-14.7063	0.2837	-0.2203	-0.0578	-0.0459	0.7294	-0.6740	0.1077	-0.0186	-0.2317	-0.0238	-0.9343	-9.7390	-0.6707	0.17946942700046797	0	0	9	Upright	Normal
-1.6083	-9.8827	-0.6135	83.6724	123.0432	43.4502	-1.5238	23.9425	-14.9490	-0.7022	-0.1357	-0.0241	-0.0530	0.7261	-0.6762	0.1130	0.2030	0.0165	-0.1058	-0.9061	-9.7469	-0.5894	0.024416195147651365	1	0	10	Upright	Normal
-1.4940	-9.5385	-0.0383	83.7408	119.7806	47.7550	-1.9515	24.4176	-13.7752	-0.5659	0.2098	0.4928	-0.0454	0.7246	-0.6792	0.1079	-0.1539	0.2455	-0.0043	-0.9281	-9.7483	-0.5311	-0.3766206100071372	1	0	10	Upright	Normal
-0.9188	-9.7294	-0.8817	83.5214	119.5345	49.3785	-1.7402	25.0682	-14.1868	0.0440	0.0147	-0.3361	-0.0355	0.7256	-0.6797	0.1009	0.1934	0.3989	0.0255	-0.9628	-9.7441	-0.5456	0.15751196781792842	1	0	10	Upright	Normal
-0.3825	-10.1508	-0.3454	84.0409	117.0864	53.4734	-0.9125	24.4037	-14.8386	0.5240	-0.3971	0.1182	-0.0269	0.7231	-0.6844	0.0893	-0.0495	0.1997	0.0277	-0.9065	-9.7537	-0.4636	0.3514941450636506	1	0	10	Upright	Normal
-0.4974	-9.7677	-0.6518	84.1132	121.4936	49.4320	-0.3149	23.6962	-14.3908	0.3603	-0.0127	-0.1263	-0.0265	0.7253	-0.6826	0.0852	-0.0186	0.0090	-0.0331	-0.8577	-9.7550	-0.5255	-0.36182273274469523	1	0	10	Upright	Normal
-1.1492	-9.7683	-0.4980	84.0373	120.9271	49.5930	-1.0290	24.7242	-14.4467	-0.2753	-0.0147	0.0256	-0.0285	0.7252	-0.6823	0.0882	0.0123	-0.0762	0.0447	-0.8739	-9.7537	-0.5236	0.046214696353548135	1	0	10	Upright	Normal
-1.1486	-9.7677	-0.4986	83.8498	120.3258	49.8354	-0.9430	25.0501	-15.0288	-0.2417	-0.0175	0.0320	-0.0296	0.7254	-0.6816	0.0915	-0.0569	-0.0900	-0.0213	-0.9070	-9.7502	-0.5306	-6.346271750157229E-4	1	0	10	Upright	Normal
-1.0726	-9.8450	-0.6129	83.8794	118.3162	51.6358	-0.7303	24.6541	-14.1810	-0.1520	-0.0941	-0.1169	-0.0303	0.7241	-0.6826	0.0934	0.0848	0.0005	-0.0243	-0.9206	-9.7508	-0.4960	0.07457302309926561	1	0	10	Upright	Normal
-0.9954	-10.0359	-0.4986	84.1407	117.2917	52.3816	-1.1233	24.7932	-14.7892	-0.1056	-0.2804	-0.0395	-0.0331	0.7227	-0.6839	0.0940	-0.0164	-0.0496	-0.0275	-0.8897	-9.7555	-0.4591	0.17525601572468474	1	0	10	Upright	Normal
-0.9960	-9.8450	-0.4214	84.4154	116.4644	53.1070	-1.0407	24.6271	-14.2570	-0.1416	-0.0848	0.0040	-0.0349	0.7214	-0.6853	0.0935	0.0731	0.0165	-0.0456	-0.8544	-9.7601	-0.4254	-0.19323823963480358	1	0	10	Upright	Normal
-0.8811	-9.8067	-0.2298	84.5365	115.9620	53.6635	-1.3253	24.2945	-14.4673	-0.0414	-0.0444	0.1790	-0.0350	0.7208	-0.6860	0.0927	-0.0409	0.0580	-0.0093	-0.8396	-9.7622	-0.4088	-0.0553390904917066	2	0	11	Upright	Normal
Total time: 11 seconds.
