-2.2978	-9.5379	0.8805	72.2560	65.1154	19.2673	-1.5460	28.6285	-2.4671	0.4133	-0.1977	-0.3769	-0.4172	0.5117	-0.4268	0.6180	0.0820	0.1438	0.1739	-2.7111	-9.3402	1.2574	-0.019281450151401813	6	1	1	Upright	Normal
-2.1063	-9.6528	1.4934	71.5662	64.6729	19.0175	-0.6116	29.1196	-2.8478	0.6964	-0.3491	0.1671	-0.4156	0.5096	-0.4217	0.6243	0.0522	-0.1864	0.2154	-2.8027	-9.3037	1.3262	0.14194786276275728	6	1	1	Upright	Normal
-0.7655	-9.8444	2.1063	70.5535	63.4491	16.9832	0.3367	28.7018	-2.9190	2.1549	-0.5969	0.6472	-0.4225	0.4971	-0.4029	0.6419	-0.2355	-1.0898	0.3965	-2.9205	-9.2475	1.4591	0.10411095089071587	6	1	1	Upright	Normal
-2.0297	-8.5419	1.1486	69.8138	56.4516	19.0797	1.5479	29.8249	-2.3202	0.7905	0.6626	-0.7213	-0.4329	0.4661	-0.3867	0.6677	0.4687	0.3867	0.0001	-2.8202	-9.2045	1.8699	-1.2417244098420674	6	0	1	Upright	Normal
-3.1789	-9.8444	1.1486	67.8150	54.3759	20.8172	1.9196	29.6003	-3.2426	-0.1688	-0.7636	-1.0081	-0.4195	0.4626	-0.3841	0.6800	0.3632	-0.8171	0.5050	-3.0101	-9.0808	2.1567	1.5539539812533114	6	0	1	Upright	Normal
-7.1251	-8.9256	9.6534	61.6583	61.9107	33.6328	2.6259	30.3861	-6.4137	-3.0179	-0.2943	7.4615	-0.2929	0.5499	-0.4654	0.6286	1.2974	3.3822	1.3253	-4.1073	-8.6312	2.1919	4.545478691688917	6	0	1	Upright	Normal
4.8650	-14.9015	2.9113	57.7178	57.2913	36.5782	5.0247	30.5236	-10.4318	9.2721	-6.6105	0.0813	-0.2704	0.5316	-0.4609	0.6572	-0.6946	1.2986	-0.4995	-4.4071	-8.2910	2.8301	0.9896260580382634	6	0	1	Upright	Normal
5.4013	-7.5465	3.1795	74.8562	56.4632	38.4579	1.9806	30.4921	-7.9120	7.5366	1.9197	1.7644	-0.3819	0.5311	-0.5019	0.5659	-0.9172	-0.9353	-1.6894	-2.1353	-9.4662	1.4151	-6.133768096198267	6	0	1	Upright	Normal
-6.3207	-19.6133	4.0606	79.6455	20.6857	79.9333	-4.3590	28.7023	-6.0788	-5.6981	-9.9663	2.4117	-0.3943	0.5104	-0.5734	0.5052	1.5861	3.0658	-1.1538	-0.6226	-9.6470	1.6489	11.193048906597399	6	0	1	Upright	Normal
-6.0908	-8.8107	1.5323	83.3829	-51.3066	150.0646	-9.2773	25.8551	-9.4390	-6.9724	0.9307	0.8261	-0.4672	0.4957	-0.5759	0.4520	-3.6838	-3.6421	0.0978	0.8815	-9.7414	0.7061	-10.182802759759548	6	1	2	Jump	Normal
-4.1755	5.2864	-2.7581	79.5384	-62.7602	159.8747	-11.2079	24.5946	-3.3488	-5.7584	14.9301	-3.5730	-0.4895	0.4678	-0.5879	0.4426	1.4274	1.7822	-1.2305	1.5829	-9.6437	0.8149	-3.540802982448718	6	1	2	Jump	Normal
-2.3750	-3.5626	7.7764	71.6019	-35.2877	142.3832	-13.3142	23.1352	-10.2438	-4.1629	5.7429	5.2500	-0.4124	0.4484	-0.6745	0.4170	-1.8472	-4.4017	-1.3051	1.7879	-9.3055	2.5263	1.5979445322856085	6	1	2	PT	Normal
-1.9154	-15.2463	-1.9537	80.9386	2.8041	97.7807	-9.8830	25.3453	-6.2237	-1.8396	-5.5619	-3.4960	-0.4126	0.5011	-0.5835	0.4881	1.6330	-0.1246	-0.0385	-0.0757	-9.6844	1.5423	6.6126208926579135	6	1	2	Jump	Normal
6.3979	-5.1326	-0.3837	72.4249	14.3741	93.6655	-8.3377	26.0977	-8.4744	7.1331	4.2165	-3.2519	-0.3274	0.4966	-0.6344	0.4937	2.0452	3.4983	0.6196	-0.7352	-9.3491	2.8683	-7.278639153172293	6	1	2	Jump	Normal
4.8273	0.0389	-5.1721	67.3353	24.5533	109.1882	-5.4997	25.3402	-16.0743	6.3976	9.0884	-8.6091	-0.1696	0.5441	-0.7311	0.3751	-0.5988	8.0161	-1.4066	-1.5703	-9.0495	3.4370	-1.1362548520859317	6	1	2	PT	Normal
-0.6506	-19.6127	2.6426	69.0042	-28.5483	177.4714	-7.9685	20.4255	-19.4072	-2.3297	-10.4571	-0.4438	-0.2153	0.5443	-0.7954	0.1572	2.5416	0.6274	1.3589	1.6791	-9.1556	3.0864	12.725668255548644	6	1	2	Jump	Normal
-6.1286	-4.9410	-3.5249	61.7285	-32.3079	-178.4265	-10.6185	15.5949	-20.5149	-8.6110	3.6959	-7.4506	-0.2320	0.4960	-0.8264	0.1314	-2.5706	-4.4571	0.5003	2.4825	-8.6369	3.9257	-11.175185496709794	6	1	2	Jump	Normal
-2.9874	1.1498	-2.7204	63.7275	-22.1425	172.0759	-10.5129	17.8440	-17.6266	-4.6234	9.9436	-6.7410	-0.1985	0.5056	-0.8245	0.1587	2.4521	1.3998	0.1146	1.6360	-8.7938	4.0206	-4.424581481817205	6	1	2	Jump	Normal
-7.8907	-17.1610	6.8947	62.3715	-32.7032	-177.4187	-9.9451	16.4614	-19.7944	-10.3476	-8.4725	3.0680	-0.2296	0.5022	-0.8240	0.1273	-2.0102	-3.7039	2.6543	2.4569	-8.6886	3.8267	15.906356736270359	6	1	2	Jump	Normal
1.2264	-19.6127	3.1406	67.2397	-18.2030	162.6667	-10.5841	17.8314	-17.1625	0.0413	-10.5697	-0.4634	-0.2126	0.5206	-0.7997	0.2105	0.7936	-0.0501	0.5568	1.1851	-9.0430	3.6040	-0.20682378530584344	0	1	3	Upright	Normal
7.9302	-9.6911	-5.7467	63.5362	6.5196	157.0918	-6.6261	19.0042	-21.1007	8.4265	-0.9120	-10.0886	-0.0570	0.5248	-0.8378	0.1392	0.9737	5.5735	-0.9058	-0.4963	-8.7791	4.3419	-6.122504331768171	0	0	3	Upright	Normal
14.0977	5.8233	1.9148	57.7860	37.0194	144.1467	0.4277	18.4742	-26.1919	15.0033	14.6510	-2.2592	-0.1234	-0.5215	0.8371	-0.1096	0.0767	3.1702	-2.1330	-0.9056	-8.8277	4.1740	1.5948993182768785	0	0	3	Upright	Normal
10.5351	-19.6127	2.7192	76.6196	8.2134	154.0109	-4.2142	17.8390	-24.3081	7.6567	-10.5110	0.4732	0.0843	-0.6151	0.7726	-0.1327	-2.3308	-0.8490	3.8090	2.8784	-9.1017	2.2461	7.055779197130697	0	0	3	Upright	Normal
-7.2012	1.4946	0.9954	73.3518	-24.0783	-173.3464	-8.2618	16.9003	-23.2500	-10.1812	10.4785	-1.5697	0.1331	-0.5929	0.7903	-0.0789	-1.9569	-3.8243	-0.6132	2.9800	-8.9839	2.5651	-15.006841003758367	0	0	3	Upright	Normal
-4.8267	2.6432	-3.7541	70.1376	-43.4680	-150.6426	-11.8437	15.6666	-20.4145	-7.4250	11.7850	-6.1723	0.1579	-0.5931	0.7894	-0.0132	0.1086	-2.0410	0.4670	2.5983	-9.1418	2.4181	-0.7601282749814393	0	0	3	Upright	Normal
-2.1829	-19.3446	9.1931	67.2840	-38.2306	-156.2092	-10.5613	12.8491	-21.9765	-4.8694	-10.3944	6.2185	0.1589	-0.5684	0.8071	-0.0154	-0.0661	-1.9068	2.5134	2.6864	-8.9501	2.9746	14.867265704215821	0	0	3	Upright	Normal
4.0612	-18.8083	1.8381	70.1456	-21.6571	174.8325	-11.2772	14.8895	-18.9409	2.8320	-9.5844	-1.2573	-0.1790	0.5569	-0.7982	0.1441	1.4999	-1.4711	0.9751	1.2291	-9.2238	3.0954	-2.1994990235196425	0	0	3	Upright	Normal
3.4093	-5.0182	-1.3024	63.0681	23.5533	161.3229	-6.1729	15.3105	-22.3521	4.5553	3.8294	-5.3741	-0.0886	-0.5334	0.8407	-0.0301	1.1164	9.3275	-2.3869	-1.1459	-8.8476	4.0716	-13.124368504712542	0	0	3	Upright	Normal
12.0668	2.5666	-2.3367	59.2787	50.0170	125.4372	5.3793	14.3418	-26.4826	12.0101	11.8298	-5.5557	-0.1211	-0.5667	0.7959	-0.1752	0.2631	-1.3731	-3.0484	0.0567	-9.2632	3.2190	6.351094698863852	0	0	3	Upright	Normal
1.4557	-19.6133	8.2361	67.1563	18.5609	146.1144	-0.9544	13.3429	-24.4489	-0.7295	-10.7606	4.6271	0.0305	-0.5613	0.8125	-0.1543	3.1627	3.1830	-1.3003	2.1852	-8.8527	3.6090	8.766062248737482	0	1	4	Jump	Normal
-5.1326	1.7627	0.1526	76.3303	-29.1674	-166.2668	-2.6106	11.6467	-23.9423	-7.8000	10.9801	-1.8709	0.1251	-0.6174	0.7740	-0.0635	-1.2304	-1.4583	0.6161	2.6674	-9.2174	2.0235	-15.893152855287436	0	1	4	Jump	Normal
-1.2641	-1.4174	-0.7278	69.2070	12.6151	153.7207	-2.7208	12.2994	-24.0478	-3.3047	7.5530	-4.1251	0.0403	-0.5702	0.8109	-0.1252	1.3188	4.5806	-1.6518	2.0406	-8.9703	3.3972	-3.395115152679762	0	1	4	PT	Normal
-1.6089	-7.3550	0.9960	70.7651	-31.8513	-157.6068	-1.3315	11.2500	-25.3954	-3.3975	1.8884	-1.7482	0.1113	-0.5897	0.7999	-0.0036	0.1544	-2.7537	1.8966	1.7886	-9.2434	2.7442	5.560632065178618	0	1	4	Jump	Normal
1.8387	-17.8512	0.9194	70.7510	-18.0891	-178.1420	-5.6705	11.7316	-24.3057	0.8350	-8.5926	-2.1537	-0.1189	0.5737	-0.8066	0.0779	1.1568	1.8227	0.6606	1.0038	-9.2585	3.0731	10.374669623753714	0	1	4	Jump	Normal
4.0989	-3.2944	-1.8387	68.3781	21.4003	157.4128	0.4615	12.3614	-27.8511	4.1426	5.9170	-5.2030	-0.0425	-0.5715	0.8175	-0.0569	0.6966	4.7404	-1.4369	-0.0437	-9.2114	3.3643	-12.398286007943234	0	1	4	Jump	Normal
5.6318	-11.8746	8.1971	37.9522	59.5832	112.6854	15.1249	11.8135	-27.2115	6.0762	-2.8943	4.2822	-0.2347	-0.4953	0.7726	-0.3204	0.9811	1.9984	-4.9789	-0.4444	-8.9804	3.9150	9.918319220908074	0	1	4	Jump	Normal
-5.7455	-17.6973	10.1125	44.6705	55.8526	98.1660	12.9318	16.1529	-27.3613	-8.4233	-9.1138	6.1978	-0.1074	-0.5375	0.7341	-0.4008	1.2207	4.3527	-1.0875	2.6778	-8.5835	3.9147	5.687845657291582	0	1	4	Jump	Normal
-5.9753	1.6861	-0.3071	51.1775	58.6844	102.3098	11.9406	16.7052	-27.9639	-8.0688	10.7182	-3.5023	-0.1081	-0.5704	0.7451	-0.3283	-0.6967	-0.8693	1.6950	2.0934	-9.0321	3.1952	-14.960834810604442	0	1	4	Jump	Normal
-0.1909	-2.0297	2.7192	37.6866	52.3712	108.8980	14.2722	15.4529	-28.3556	-1.1384	6.5040	-2.0189	-0.1713	-0.4786	0.7738	-0.3778	1.5126	1.2922	-1.0143	0.9475	-8.5337	4.7381	-2.817670314029283	0	2	5	PT	Normal
-3.8301	-3.7918	0.7272	40.9053	51.9126	111.7090	13.6607	13.7076	-28.4219	-4.6552	4.8445	-3.8448	-0.1631	-0.4902	0.7831	-0.3463	-0.2973	1.1239	1.3048	0.8251	-8.6363	4.5720	2.039849029881413	0	2	5	PT	Normal
-0.7655	-18.7699	4.7495	46.7283	53.2252	122.0843	13.0787	14.3536	-27.6806	-0.2149	-9.8439	0.7253	-0.1881	-0.5093	0.8041	-0.2419	1.6394	-0.1470	1.1227	-0.5507	-8.9260	4.0242	13.938202424943892	0	2	5	Jump	Normal
11.6843	-2.1829	-4.3293	37.3144	66.3168	113.4792	17.5295	14.1132	-25.9346	13.0723	7.0057	-7.4621	-0.2864	-0.5082	0.7592	-0.2887	0.2492	1.9399	0.7690	-1.3880	-9.1886	3.1328	-6.726279289020926	0	2	5	Jump	Normal
2.9886	-4.8644	4.5963	2.4360	65.3834	102.4927	24.0724	12.6223	-21.6555	4.7477	3.8776	0.5152	-0.4099	-0.3520	0.6633	-0.5177	1.1174	1.0727	-4.7469	-1.7591	-8.7420	4.0811	-5.320927617496572	0	2	5	Jump	Normal
-6.5882	-7.1245	4.4813	-3.4732	67.4673	75.1972	19.0064	24.4898	-19.2762	-8.6823	1.6911	0.7304	-0.3586	-0.4244	0.4938	-0.6689	0.2130	1.9356	-0.7348	2.0940	-8.8156	3.7510	3.3591427138911225	0	2	5	PT	Normal
-6.7798	3.9079	-0.0006	15.1343	75.2228	78.8206	14.6133	26.4865	-20.3173	-9.2588	13.0837	-2.4150	-0.3035	-0.5337	0.5606	-0.5557	-0.9545	-0.6413	1.4106	2.4790	-9.1758	2.4144	-2.8631108040730036	0	2	5	PT	Normal
1.3797	-9.3847	7.3161	12.3826	69.7778	80.0122	13.3435	26.0640	-21.8607	-0.9321	-0.4480	4.0052	-0.2978	-0.4924	0.5715	-0.5850	-0.3058	-1.0993	-2.1196	2.3118	-8.9367	3.3109	4.1537794528124	0	2	5	Jump	Normal
-0.3059	-11.1468	1.8765	18.1451	73.4321	85.6649	10.8262	27.0182	-23.4725	-1.8847	-1.8399	-0.7808	-0.3087	-0.5189	0.6073	-0.5164	-1.2038	0.4144	2.1329	1.5788	-9.3069	2.6573	-0.6714265092081249	0	2	5	PT	Normal
2.5289	-17.0461	2.8724	26.0352	72.5682	94.7110	13.9367	27.2221	-23.3647	2.0123	-7.6155	0.2328	-0.3011	-0.5242	0.6680	-0.4340	0.6285	0.2418	0.9142	0.5165	-9.4306	2.6396	6.162635689212671	0	2	5	Jump	Normal
5.1338	-5.2475	-4.7890	4.9484	74.0544	95.1496	17.0487	25.8477	-24.1382	5.7488	4.1647	-7.4731	-0.4209	-0.4313	0.6063	-0.5189	0.9491	6.3809	-0.6368	-0.6150	-9.4122	2.6840	-8.705336672589365	0	3	6	Run	Normal
8.1983	0.7667	1.2252	-20.7079	77.3882	84.9085	23.9615	26.5761	-17.5196	8.1033	10.3663	-0.7775	-0.5186	-0.3591	0.4354	-0.6423	-1.4648	-3.3226	-3.4566	0.0950	-9.5996	2.0027	-0.44035638624874807	0	3	6	Walk	Normal
5.6695	-18.8855	-0.0766	-17.7695	84.4584	58.4396	12.6393	35.1850	-12.3599	0.8070	-10.4170	-0.9783	-0.4240	-0.5237	0.2665	-0.6891	1.9547	8.3410	2.4045	4.8625	-8.4684	0.9017	11.393569598597587	0	3	6	Run	Normal
-10.6877	-3.5243	-6.3973	0.0587	89.2898	71.4437	14.9922	37.8884	-15.6857	-13.8084	5.7718	-6.5188	-0.4100	-0.5707	0.4157	-0.5774	-0.2834	-3.6347	1.4948	3.1207	-9.2961	0.1215	-6.773294358903916	0	3	6	Run	Normal
1.1109	-3.9456	-6.1675	7.7297	88.7569	77.2117	17.6473	36.9005	-20.3358	-1.0871	5.6092	-6.3782	-0.3978	-0.5754	0.4818	-0.5278	0.9704	1.0642	-0.7061	2.1980	-9.5548	0.2107	-5.53960414342242	0	3	6	Run	Normal
-1.3402	-7.4693	2.8724	-7.1225	84.7896	71.3354	17.4259	36.3310	-18.8386	-4.3609	1.8187	1.9888	-0.4296	-0.5199	0.3958	-0.6232	-0.9524	0.4804	0.4061	3.0207	-9.2880	0.8836	0.7086184086339911	0	3	6	Walk	Normal
-0.9571	-7.5076	2.1063	4.7899	89.3903	83.2912	20.7350	36.8291	-17.0348	-2.1112	2.2303	2.0025	-0.4448	-0.5449	0.4939	-0.5112	0.4751	-2.1007	1.4671	1.1542	-9.7380	0.1038	-0.2580250291101134	0	3	6	Tilt	Normal
2.5666	-7.1635	0.5363	7.9498	84.9993	88.1848	22.8908	34.1658	-20.6981	2.1391	2.5973	-0.3102	-0.4322	-0.5196	0.5454	-0.4957	0.9321	0.2695	0.7843	0.4275	-9.7607	0.8465	-0.22770269899265738	0	3	6	Upright	Normal
2.6049	-9.1171	-2.3750	3.1832	80.0966	91.8057	26.3551	31.3358	-21.8794	2.8157	0.5417	-4.0589	-0.4471	-0.4628	0.5620	-0.5197	1.6309	2.2221	0.6895	-0.2108	-9.6588	1.6839	2.1465587579176377	0	0	6	Upright	Normal
5.9759	-11.1091	-0.2298	-8.6056	85.5692	90.7159	29.5847	29.9942	-17.0790	6.2115	-1.3339	-0.9788	-0.5206	-0.4368	0.4849	-0.5505	-2.0443	1.1079	-1.3633	-0.2355	-9.7752	0.7489	2.841661945467319	0	0	6	Upright	Normal
2.0686	-16.0124	1.9920	13.1724	99.1076	80.0636	24.1081	33.2860	-13.8606	0.7462	-6.4135	3.5035	-0.4293	-0.6267	0.4814	-0.4373	-1.1462	-6.0933	0.1031	1.3223	-9.5990	-1.5115	3.6513768613407915	0	1	7	Jump	Normal
-5.4773	-3.0257	2.5660	4.9674	96.4801	84.0046	21.5920	33.8124	-15.1414	-6.3997	6.6752	3.6687	-0.4772	-0.5731	0.4693	-0.4728	-0.1236	1.7598	-0.4743	0.9224	-9.7009	-1.1027	-9.504748051808125	0	1	7	Jump	Normal
-2.9491	-6.1669	0.1526	12.6365	89.3373	88.4279	22.0208	33.4851	-15.6314	-3.2428	3.6348	0.0420	-0.4312	-0.5554	0.5484	-0.4527	1.6267	-2.0645	0.6954	0.2937	-9.8017	0.1106	0.07434229364702905	0	1	7	Tilt	Normal
1.9154	-13.9055	-8.9256	15.1774	79.3293	91.1029	20.8162	30.2395	-22.7356	1.6257	-4.2611	-10.6780	-0.3805	-0.5156	0.6038	-0.4742	-0.6871	3.8467	-1.1294	0.2897	-9.6444	1.7524	9.796762670540875	0	0	7	Tilt	Normal
1.4174	-11.2623	1.8387	13.9157	82.1595	90.4739	22.8574	30.6102	-20.6231	1.1762	-1.5450	0.5403	-0.3988	-0.5241	0.5873	-0.4704	0.6147	-1.8972	0.3705	0.2412	-9.7173	1.2984	-5.135145864092301	0	0	7	Tilt	Normal
-0.5357	-10.1508	0.7272	20.1142	80.5576	93.4838	21.0101	29.2683	-22.3235	-0.5001	-0.4612	-0.7834	-0.3723	-0.5333	0.6244	-0.4325	0.0096	0.5998	0.2052	-0.0356	-9.6896	1.5106	-1.308192714851872	0	0	7	Tilt	Normal
0.4603	-10.4190	1.5317	17.9916	81.8515	94.5258	22.2020	29.3310	-23.1426	0.7983	-0.7076	0.2098	-0.3950	-0.5259	0.6176	-0.4312	-0.1683	-0.1300	0.3959	-0.3380	-9.7113	1.3219	0.35013624422122014	0	0	7	Upright	Normal
0.1155	-9.9976	1.3402	18.0528	80.9954	95.2307	23.1499	28.7274	-22.6033	0.5249	-0.3087	-0.1191	-0.3933	-0.5205	0.6234	-0.4310	0.3590	-0.2695	0.0795	-0.4094	-9.6889	1.4593	-0.4533512900662515	0	0	7	Upright	Normal
0.1538	-9.8444	1.3018	18.0522	79.3543	95.6881	22.5720	28.2457	-22.8601	0.5505	-0.1983	-0.4205	-0.3864	-0.5127	0.6307	-0.4359	0.2642	-0.1342	0.0827	-0.3967	-9.6461	1.7223	-0.15639741490276293	0	0	7	Upright	Normal
-0.1143	-9.9210	0.8805	20.6459	78.0054	96.7612	22.4817	27.2950	-24.0696	0.3015	-0.3105	-1.0265	-0.3704	-0.5153	0.6465	-0.4235	0.2823	-0.3579	0.1093	-0.4158	-9.6105	1.9070	0.029359591334104707	0	0	7	Upright	Normal
-0.8422	-10.0742	1.6083	20.3042	78.4623	96.9187	21.4798	26.5709	-24.1297	-0.3603	-0.4536	-0.2312	-0.3754	-0.5150	0.6446	-0.4222	-0.0980	0.2045	0.0134	-0.4818	-9.6207	1.8395	0.27582400171420574	1	0	8	Upright	Normal
-0.1149	-9.6151	1.6472	21.1635	78.6267	96.8624	21.6262	27.2645	-24.0502	0.3407	0.0136	-0.1562	-0.3717	-0.5195	0.6462	-0.4176	0.0042	-0.3728	0.0420	-0.4556	-9.6287	1.8034	-0.480625056450652	1	0	8	Upright	Normal
-0.3059	-9.7294	1.7232	21.7994	78.6572	96.4427	21.4803	26.5355	-24.9183	0.0614	-0.0946	-0.0675	-0.3666	-0.5237	0.6463	-0.4167	0.0916	0.0650	-0.0060	-0.3672	-9.6349	1.7907	0.12970533005480078	0	0	8	Upright	Normal
-0.3825	-9.8827	1.4168	22.3223	78.0390	97.0227	21.7170	26.7983	-24.9834	0.0244	-0.2665	-0.4633	-0.3631	-0.5218	0.6517	-0.4137	0.0788	-0.1736	0.0558	-0.4069	-9.6162	1.8800	0.10550968826014007	0	0	8	Upright	Normal
-0.3059	-9.8444	1.4934	22.1686	78.3034	96.8854	21.8065	26.4441	-25.0530	0.1007	-0.2206	-0.3476	-0.3647	-0.5226	0.6500	-0.4140	-0.0256	0.1662	-0.0102	-0.4066	-9.6238	1.8410	-0.029336719156530577	0	0	8	Upright	Normal
-0.3442	-9.7677	1.6466	21.5550	78.8658	96.6070	22.6360	25.7620	-24.0827	0.0718	-0.1294	-0.1146	-0.3698	-0.5229	0.6455	-0.4160	-0.0309	0.1502	-0.0070	-0.4160	-9.6383	1.7612	-0.050233689172999973	0	0	8	Upright	Normal
-0.3059	-9.7677	1.5700	21.0765	78.9998	96.3984	21.7760	26.7261	-24.4050	0.0983	-0.1261	-0.1760	-0.3721	-0.5220	0.6431	-0.4189	0.0255	0.0629	-0.0123	-0.4042	-9.6416	1.7460	-0.013695098156022212	0	0	8	Upright	Normal
-0.1909	-9.6528	1.3785	20.8842	79.2143	96.1667	21.3260	26.5460	-25.2326	0.1936	-0.0048	-0.3361	-0.3733	-0.5227	0.6410	-0.4202	-0.0181	0.0788	-0.0134	-0.3846	-9.6480	1.7145	-0.1451978871391919	0	0	8	Upright	Normal
-0.1143	-9.7677	1.5700	20.8013	79.5604	96.0042	21.6931	26.9318	-24.6927	0.2670	-0.1103	-0.0910	-0.3749	-0.5242	0.6390	-0.4199	-0.0320	-0.0202	0.0154	-0.3813	-9.6575	1.6610	0.14112996930913546	0	0	8	Upright	Normal
-0.2298	-9.7300	1.5323	20.8915	79.6451	95.7440	21.8109	27.0288	-24.0796	0.1103	-0.0685	-0.1145	-0.3737	-0.5257	0.6381	-0.4205	0.0149	0.0224	-0.0251	-0.3401	-9.6615	1.6468	-0.04113622367248482	0	0	8	Upright	Normal
-0.2682	-9.8067	1.3024	21.0514	79.7572	95.6001	21.9611	26.4830	-24.7157	0.0503	-0.1411	-0.3249	-0.3728	-0.5273	0.6376	-0.4200	-0.0011	0.0245	-0.0134	-0.3184	-9.6655	1.6273	0.04384490490659232	1	0	9	Upright	Normal
-0.3065	-9.8067	1.4557	20.8312	79.9547	95.5149	22.6685	26.6409	-24.4130	0.0162	-0.1365	-0.1429	-0.3747	-0.5274	0.6360	-0.4207	-0.0139	0.0139	0.0111	-0.3226	-9.6702	1.5986	0.022448672989781926	1	0	9	Upright	Normal
-0.1149	-9.7683	1.3791	20.6442	80.2262	95.2027	22.2855	27.1917	-24.4700	0.1770	-0.0905	-0.1787	-0.3757	-0.5286	0.6335	-0.4221	-0.0181	0.0352	-0.0208	-0.2919	-9.6778	1.5577	-0.05304900269935686	1	0	9	Upright	Normal
-0.2292	-9.7677	1.4551	20.3586	80.5475	95.0004	22.0767	26.8982	-24.5309	0.0558	-0.0822	-0.0548	-0.3780	-0.5293	0.6308	-0.4231	-0.0000	0.0320	-0.0006	-0.2851	-9.6856	1.5098	0.012308111502109753	1	0	9	Upright	Normal
-0.1915	-9.8450	1.3408	20.0620	80.6918	94.8334	22.1183	26.8257	-24.6148	0.0817	-0.1559	-0.1490	-0.3796	-0.5291	0.6289	-0.4248	0.0032	0.0384	-0.0059	-0.2732	-9.6890	1.4898	0.05958007040491076	1	0	9	Upright	Normal
-0.2682	-9.6917	1.3791	19.8101	80.9553	94.7563	22.2923	26.2899	-24.0566	0.0144	0.0030	-0.0712	-0.3819	-0.5293	0.6270	-0.4252	-0.0352	-0.0213	0.0122	-0.2825	-9.6947	1.4503	-0.1447260515130413	1	0	9	Upright	Normal
-0.1915	-9.8450	1.4557	19.6816	81.0839	94.6965	22.5113	26.1369	-23.9131	0.0916	-0.1474	0.0247	-0.3830	-0.5294	0.6260	-0.4256	0.0000	-0.0096	0.0031	-0.2831	-9.6976	1.4310	0.1608794867536929	1	0	9	Upright	Normal
-0.2292	-9.7294	1.3402	19.7223	81.1533	94.5104	22.5186	26.6863	-24.5916	0.0254	-0.0293	-0.0795	-0.3823	-0.5305	0.6252	-0.4261	0.0032	0.0533	-0.0299	-0.2547	-9.7001	1.4196	-0.12993735278398866	1	0	9	Upright	Normal
-0.4214	-9.7300	1.3791	19.7083	81.4089	94.4795	22.7824	27.2681	-24.1962	-0.1565	-0.0244	0.0000	-0.3837	-0.5315	0.6242	-0.4251	-0.0394	0.0064	-0.0011	-0.2649	-9.7056	1.3791	0.012334502567169281	1	0	9	Upright	Normal
-0.1915	-9.6917	1.3791	19.6130	81.4722	94.3633	22.4786	26.2360	-24.3552	0.0597	0.0156	0.0093	-0.3840	-0.5317	0.6232	-0.4259	0.0085	0.0341	-0.0278	-0.2512	-9.7073	1.3698	-0.04507701592183011	2	0	10	Upright	Normal
-0.2682	-9.7683	1.3024	19.4065	81.6110	94.2139	22.7194	27.1522	-23.7731	-0.0293	-0.0579	-0.0468	-0.3851	-0.5319	0.6216	-0.4271	-0.0287	0.0202	-0.0139	-0.2388	-9.7104	1.3493	0.06718844076090669	2	0	10	Upright	Normal
-0.2298	-9.7683	1.3024	19.2160	81.7818	94.0478	22.9594	27.0699	-24.4815	-0.0049	-0.0540	-0.0211	-0.3862	-0.5323	0.6198	-0.4282	-0.0042	0.0043	-0.0138	-0.2249	-9.7143	1.3235	-9.699426012037549E-4	2	0	10	Upright	Normal
-0.1909	-9.8061	1.1486	19.1044	81.6434	94.0765	22.8317	26.6409	-24.2312	0.0335	-0.0949	-0.1980	-0.3862	-0.5312	0.6200	-0.4292	0.0512	0.0160	-0.0064	-0.2245	-9.7112	1.3466	0.017564003838609565	2	0	10	Upright	Normal
-0.2292	-9.8061	1.2635	18.8116	81.8033	93.8863	22.0925	27.0372	-23.8126	-0.0211	-0.0913	-0.0599	-0.3877	-0.5313	0.6179	-0.4309	-0.0458	0.0895	-0.0255	-0.2081	-9.7148	1.3234	0.014836477916578161	2	0	10	Upright	Normal
0.0006	-9.8444	1.3402	18.4992	82.2302	93.7117	22.3506	27.3214	-23.5001	0.2099	-0.1208	0.0829	-0.3907	-0.5322	0.6148	-0.4314	-0.0426	0.0490	0.0000	-0.2093	-9.7236	1.2573	0.04538685413424659	2	0	10	Upright	Normal
-0.1526	-9.8061	1.2252	18.3828	82.2041	93.5956	23.0499	26.8069	-23.6786	0.0382	-0.0827	-0.0370	-0.3907	-0.5320	0.6141	-0.4327	0.0245	-0.0021	-0.0192	-0.1908	-9.7233	1.2622	-0.051686390413030026	2	0	10	Upright	Normal
-0.2676	-9.7294	1.1103	18.4016	82.1579	93.5697	22.6931	26.9318	-23.9823	-0.0841	-0.0070	-0.1592	-0.3902	-0.5320	0.6142	-0.4329	-0.0160	-0.0064	-0.0056	-0.1835	-9.7224	1.2695	-0.08731845522732229	2	0	10	Upright	Normal
-0.1909	-9.7677	1.2252	18.3322	82.3421	93.4808	22.6049	28.0800	-23.9577	-0.0111	-0.0414	-0.0151	-0.3911	-0.5327	0.6131	-0.4329	-0.0106	0.0149	-0.0035	-0.1799	-9.7263	1.2403	0.049888835156242095	2	0	10	Upright	Normal
-0.1526	-9.8061	1.2252	18.3105	82.3253	93.4703	22.2771	27.3183	-23.9953	0.0250	-0.0801	-0.0181	-0.3911	-0.5326	0.6130	-0.4331	0.0053	0.0085	-0.0120	-0.1776	-9.7260	1.2433	0.037429620071080194	2	0	10	Upright	Normal
-0.1526	-9.8061	1.1869	18.2741	82.3847	93.4374	22.9737	27.4634	-23.7724	0.0235	-0.0789	-0.0470	-0.3914	-0.5328	0.6126	-0.4332	-0.0138	0.0011	-0.0088	-0.1761	-9.7272	1.2339	-0.004674719239091019	3	0	11	Upright	Normal
Total time: 11 seconds.
