-1.1109	-8.8873	2.5283	78.2389	19.9411	112.5206	-14.4738	16.4974	-17.8292	-0.4292	0.7136	0.6494	-0.2334	0.5914	-0.6961	0.3335	-0.5675	0.0515	0.1262	-0.6817	-9.6009	1.8788	-0.5903283289958328	5	0	1	Upright	Normal
0.5369	-9.3464	2.7958	77.4622	20.6033	109.7521	-13.5537	16.9136	-17.0963	1.2861	0.2266	0.8033	-0.2401	0.5838	-0.6921	0.3501	0.2006	-0.8987	0.2167	-0.7492	-9.5729	1.9926	0.4638852756915526	5	0	1	Upright	Normal
-2.9108	-10.3424	4.0600	78.5726	22.2819	112.8148	-14.0460	16.8202	-17.3070	-2.1739	-0.7301	2.2622	-0.2192	0.6003	-0.7003	0.3182	-0.0966	2.1373	-0.2284	-0.7368	-9.6123	1.7977	1.7153510873721771	5	0	1	Upright	Normal
-1.1103	-9.1548	2.2978	74.9914	26.3361	110.1867	-11.4850	16.4004	-18.3322	0.0165	0.3174	0.0220	-0.1909	0.5895	-0.7129	0.3283	0.5660	-1.2119	0.5194	-1.1268	-9.4722	2.2758	-1.981869760023324	5	0	1	Upright	Normal
0.2687	-8.2738	1.7615	75.3195	27.1425	111.3991	-12.2263	15.9974	-18.3285	1.4026	1.2128	-0.4500	-0.1812	0.5953	-0.7165	0.3152	-0.4428	2.5953	-0.3189	-1.1338	-9.4866	2.2115	-1.0403416206639804	5	0	1	Upright	Normal
-3.5620	-11.4533	4.3664	75.7731	43.4042	104.1281	-9.1000	16.3918	-18.5960	-1.9058	-1.9472	2.6155	-0.1206	0.6294	-0.7179	0.2717	-0.9254	1.8869	0.2276	-1.6562	-9.5060	1.7509	4.3009569495115905	5	0	1	Upright	Normal
0.5752	-8.3504	6.0136	77.6692	25.6480	120.0136	-7.1920	17.6118	-17.6165	1.4817	1.2302	4.1258	-0.1559	0.6160	-0.7274	0.2591	-0.2404	-0.7517	-0.6161	-0.9065	-9.5805	1.8878	-2.4579832261723915	5	0	1	Upright	Normal
-2.9108	-13.1005	3.4087	71.0676	5.1385	130.1377	-10.9859	16.4981	-16.7141	-2.6257	-3.8243	0.2399	-0.2117	0.5419	-0.7482	0.3191	1.6941	-1.0042	0.8443	-0.2851	-9.2762	3.1689	3.539647451999439	5	0	1	Upright	Normal
-3.8690	-11.9519	1.8771	58.2179	3.8462	124.4635	-12.8801	12.9547	-17.3736	-3.5225	-3.6155	-3.2763	-0.2006	0.4439	-0.7802	0.3924	3.3272	-1.2119	0.0858	-0.3466	-8.3363	5.1534	-1.144131341009917	5	0	1	Upright	Normal
0.6895	-6.2058	0.2298	52.6537	4.2515	127.3090	-12.6704	9.3186	-19.2407	1.1307	1.5905	-5.7027	-0.1669	0.4119	-0.8099	0.3827	-0.2585	-0.4588	-0.2710	-0.4411	-7.7963	5.9325	-6.453777133788669	5	0	1	Upright	Normal
-2.1835	-7.6998	5.4396	56.3802	-0.8341	124.5171	-14.5448	10.0465	-18.2589	-2.2625	0.4666	0.0105	-0.2256	0.4151	-0.7785	0.4133	0.5351	1.0901	0.3767	0.0790	-8.1663	5.4292	3.4287612227961004	5	1	2	PT	Normal
3.7158	-9.3853	5.2864	58.5772	-4.2858	120.0802	-15.8435	11.9125	-16.8300	3.3338	-1.0168	0.1881	-0.2724	0.4073	-0.7460	0.4511	-1.4825	-0.4780	-0.4031	0.3820	-8.3685	5.0983	1.7176311155270039	5	1	2	PT	Normal
-2.3367	-14.0588	3.1029	60.4721	-1.7562	126.5676	-14.3010	13.0802	-16.7360	-2.4847	-5.5257	-1.7279	-0.2382	0.4438	-0.7682	0.3953	0.4839	1.7804	-0.7326	0.1480	-8.5331	4.8308	3.190935084314109	5	1	2	PT	Normal
-4.6735	-10.9559	1.1109	62.6197	4.5186	128.3113	-11.9374	12.7457	-18.7012	-4.3181	-2.2477	-3.3850	-0.1960	0.4820	-0.7772	0.3537	-0.5004	1.9082	-0.4546	-0.3554	-8.7082	4.4959	-2.622788333877594	5	1	2	PT	Normal
-1.4174	-6.4739	2.3367	69.2304	15.3111	124.3389	-9.3013	14.1909	-19.2262	-0.4990	2.6956	-1.0172	-0.1659	0.5491	-0.7566	0.3139	-1.4250	0.0760	0.2389	-0.9183	-9.1695	3.3540	-4.935621744518461	5	1	2	Jump	Normal
0.1532	-7.3550	5.5929	71.4162	16.9020	126.0186	-7.6260	16.7701	-17.9399	1.0620	1.9404	2.6026	-0.1557	0.5686	-0.7546	0.2881	-0.7731	0.5085	0.0014	-0.9087	-9.2953	2.9902	2.2140824266984582	5	1	2	PT	Normal
-0.4980	-9.0788	3.0263	74.9693	29.4853	119.0167	-5.6869	17.6825	-17.9987	0.7539	0.3923	0.8125	-0.1246	0.6096	-0.7398	0.2559	-0.7358	0.6459	0.4839	-1.2519	-9.4712	2.2137	0.3416416010948726	0	1	2	Upright	Normal
-0.6889	-7.1629	5.7838	75.6713	25.7227	126.3331	-4.0128	19.2296	-16.5008	0.3645	2.3388	3.5974	-0.1131	0.6130	-0.7487	0.2257	0.0302	-0.1328	-0.7985	-1.0534	-9.5017	2.1864	-0.35062534080598873	0	1	2	Upright	Normal
-1.2641	-14.3269	1.9537	70.9432	10.6324	139.6645	-5.8806	17.9566	-16.4027	-0.6732	-5.0576	-1.1932	-0.1284	0.5684	-0.7797	0.2291	2.3897	0.6896	1.2213	-0.5909	-9.2693	3.1469	5.282416201920032	0	0	2	Upright	Normal
-0.8428	-12.0285	0.3448	47.9502	7.1688	137.4678	-6.7341	12.1520	-20.3258	-0.0230	-4.7464	-6.1721	-0.0939	0.3986	-0.8591	0.3071	3.7852	-0.0231	0.3851	-0.8197	-7.2821	6.5169	-2.4517273318739523	0	1	3	PT	Normal
-0.6123	-4.9027	2.9108	47.9694	5.4631	142.3477	-5.6480	6.6362	-22.6359	0.0129	2.3816	-3.6251	-0.0898	0.3984	-0.8700	0.2762	-1.5901	-2.7906	-0.7015	-0.6252	-7.2844	6.5359	-6.328449466659358	0	1	3	Jump	Normal
-0.5740	-8.2738	3.6003	58.6111	4.4785	135.4401	-9.2509	11.0792	-20.8123	-0.1751	0.0977	-1.4917	-0.1539	0.4655	-0.8136	0.3127	-0.6548	-0.2585	0.6801	-0.3989	-8.3715	5.0920	3.3069579659292794	0	1	3	PT	Normal
4.1372	-6.7038	6.4739	59.5278	-4.6270	140.7332	-10.1276	12.4973	-19.2576	3.7362	1.7484	1.5170	-0.1997	0.4554	-0.8102	0.3103	-0.0518	1.1945	-0.0534	0.4010	-8.4521	4.9569	1.1550792689622238	0	1	3	PT	Normal
-2.2984	-9.1937	0.8811	53.6480	4.4309	149.4821	-5.7886	11.1991	-20.8945	-1.8492	-1.2954	-4.9142	-0.0854	0.4441	-0.8649	0.2179	1.9232	1.8369	-1.2837	-0.4492	-7.8983	5.7953	-0.678990993991226	0	1	3	PT	Normal
-4.1755	-9.5768	1.1109	59.2543	13.8408	152.2466	-2.0781	8.3498	-21.4516	-2.9760	-1.1485	-3.7570	-0.0160	0.5015	-0.8520	0.1491	-1.4814	1.5258	-0.0491	-1.1995	-8.4283	4.8679	0.9888639454049866	0	1	3	PT	Normal
-1.5317	-6.5116	2.2978	68.7338	17.3485	149.9209	-0.1925	12.4311	-20.5481	-0.4711	2.6273	-1.0971	-0.0246	0.5712	-0.8101	0.1295	-2.3784	-0.8742	-0.2206	-1.0606	-9.1390	3.3950	-3.4334077425762546	0	1	3	PT	Normal
0.7284	-7.0479	7.0096	75.7522	21.8689	159.2455	2.2919	15.9329	-18.5219	1.6275	2.4572	4.7698	0.0387	0.6199	-0.7833	0.0250	-0.8476	1.1636	-0.8385	-0.8990	-9.5051	2.2398	2.8938715105007207	0	1	3	PT	Normal
-2.2978	-10.4190	4.5197	78.3921	20.5647	160.8788	2.1633	17.1480	-17.0050	-1.6046	-0.8128	2.6722	0.0331	0.6362	-0.7707	0.0154	-0.6846	1.9168	-0.1656	-0.6933	-9.6061	1.8474	1.6203537794895109	0	1	3	PT	Normal
0.3454	-7.9673	4.5580	76.0645	18.0596	162.4260	3.0690	17.3291	-16.7109	0.5115	1.5775	2.3126	-0.0292	-0.6202	0.7835	-0.0233	0.3849	0.0770	-0.5587	-0.1661	-9.5448	2.2453	-2.4017444036113798	0	1	3	PT	Normal
-3.2172	-16.1267	1.5700	62.2390	13.2514	171.1233	3.4166	14.8683	-17.8867	-2.1700	-7.4488	-2.8760	0.0588	0.5195	-0.8524	0.0064	4.3839	-1.9374	1.4163	-1.0472	-8.6779	4.4460	7.333800430617465	0	2	4	Jump	Normal
0.7278	-11.9902	-8.3510	47.0351	13.9383	173.6494	2.6539	5.8394	-20.8326	2.3379	-4.8138	-14.8378	0.0891	0.4016	-0.9114	0.0021	2.3034	3.3005	-0.2082	-1.6101	-7.1763	6.4868	-1.8893591008264234	0	2	4	PT	Normal
-2.1452	-5.4013	1.3408	53.3753	4.3608	176.0940	1.4669	4.7239	-20.4451	-1.7003	2.4692	-4.4926	0.0187	0.4497	-0.8929	0.0133	-2.3848	-0.7112	0.5300	-0.4449	-7.8705	5.8333	-8.665527037255556	0	2	4	Jump	Normal
-0.5746	-7.0485	4.2521	57.7632	6.9648	169.0847	-0.0199	7.1435	-20.0283	0.0599	1.2465	-0.9403	0.0071	0.4850	-0.8728	0.0539	-0.9659	-0.2180	0.7835	-0.6345	-8.2950	5.1924	2.2874133548186535	0	2	4	PT	Normal
2.0692	-7.2778	4.9410	61.3858	-3.5995	173.4172	-0.8200	9.3082	-19.2528	1.7744	1.3312	0.2539	-0.0563	0.5078	-0.8572	0.0654	-0.3107	-1.6455	-0.1720	0.2948	-8.6090	4.6871	0.7848921941143132	0	2	4	PT	Normal
-2.2218	-6.7421	-0.1149	51.5346	14.3553	167.4284	1.3191	8.5534	-19.1336	-1.4678	1.0476	-6.0246	-0.0646	-0.4410	0.8941	-0.0438	2.2204	2.5570	-0.9219	-0.7540	-7.7897	5.9096	-1.936988584922017	0	2	4	PT	Normal
-2.3361	-7.2012	1.7998	55.6230	37.0264	147.6936	6.7775	7.6840	-19.3517	-0.7983	1.4165	-2.6208	-0.1467	-0.5031	0.8468	-0.0910	-1.5784	-0.5973	-0.4266	-1.5378	-8.6176	4.4206	0.6819567048306245	0	2	4	PT	Normal
-2.0297	-9.8061	3.4087	61.7265	56.6902	128.4640	6.6973	11.5064	-16.9696	-0.6455	-0.4386	0.8579	-0.1708	-0.5838	0.7862	-0.1091	-1.4868	3.6478	-0.5725	-1.3841	-9.3675	2.5509	2.7965690671083205	0	2	4	PT	Normal
0.8428	-8.6574	3.8307	56.4645	64.8605	116.7708	10.2062	14.7495	-13.5949	1.7412	0.8330	1.5291	-0.1931	-0.5877	0.7663	-0.1738	0.1878	-1.6029	-0.2203	-0.8984	-9.4905	2.3016	-1.0737287816234033	0	2	4	PT	Normal
-2.0680	-9.6145	7.2012	53.1319	70.9797	110.7336	10.3180	15.1518	-13.1669	-1.1769	-0.0385	5.2837	-0.2203	-0.5947	0.7468	-0.2002	-0.3502	0.4637	-0.3172	-0.8911	-9.5761	1.9175	2.684552089024402	0	2	4	PT	Normal
-0.0760	-7.9673	3.1023	51.2482	69.7389	107.7475	10.7584	15.6664	-12.6293	0.2061	1.6022	0.9767	-0.2072	-0.5905	0.7433	-0.2364	-0.1211	0.7322	-0.3896	-0.2821	-9.5695	2.1256	-3.638716334099991	0	3	5	Run	Normal
-3.5620	-14.9392	1.1486	49.6015	48.9168	130.0137	10.5818	15.2933	-13.9190	-2.5681	-6.1223	-3.0279	-0.1793	-0.5049	0.8223	-0.1917	3.8630	-2.8876	1.3883	-0.9939	-8.8169	4.1765	6.850554916504889	0	3	5	Run	Normal
-0.4597	-11.8369	-6.7038	38.3340	33.8162	141.3534	8.8185	8.3040	-18.7200	0.6469	-4.4816	-13.0948	-0.1553	-0.3873	0.8844	-0.2089	2.3641	4.4159	-0.9819	-1.1066	-7.3553	6.3910	-1.789682562562625	0	3	5	Walk	Normal
-2.5277	-8.1971	3.2172	43.8829	36.8567	136.5006	9.4065	6.8012	-18.8279	-2.0048	-0.2026	-2.4382	-0.1410	-0.4379	0.8611	-0.2164	-2.4008	-1.4260	0.4924	-0.5228	-7.9945	5.6554	-4.449743023583784	0	3	5	Run	Normal
0.5752	-9.0016	1.9914	51.1954	34.9513	141.8643	6.4032	8.4479	-18.9964	1.1260	-0.6054	-3.0456	-0.1213	-0.4780	0.8554	-0.1584	-0.9542	-0.0572	0.8632	-0.5508	-8.3962	5.0370	0.07572579978745075	0	3	5	Tilt	Normal
2.1452	-7.1251	8.1977	56.8974	32.8247	140.6795	5.0142	10.2974	-18.4877	1.8833	1.5839	3.6971	-0.0802	-0.5139	0.8395	-0.1570	-0.2735	1.3969	0.3177	0.2619	-8.7091	4.5007	1.8340169653405258	0	0	5	Tilt	Normal
-1.5323	-8.8873	0.6895	44.4507	41.8953	130.1148	8.0466	10.7651	-18.0019	-1.2222	-0.5854	-4.5213	-0.1511	-0.4599	0.8409	-0.2420	2.0893	1.4310	-0.9403	-0.3100	-8.3019	5.2108	-2.0264415100481283	0	0	5	Tilt	Normal
-3.6769	-9.8827	1.3785	37.9598	50.3471	123.6289	10.6900	9.2185	-17.6421	-2.7005	-1.4641	-3.5555	-0.2155	-0.4494	0.8197	-0.2823	-0.5930	1.3884	-0.1094	-0.9764	-8.4186	4.9340	1.589519115635202	0	0	5	Tilt	Normal
-1.4168	-8.0056	2.9874	38.7034	61.2619	115.8960	12.2639	10.4136	-16.3023	-0.3135	1.0174	-0.6922	-0.2561	-0.4968	0.7777	-0.2877	-1.3888	0.3956	-0.3318	-1.1033	-9.0230	3.6796	-1.9727700544393585	0	0	5	Tilt	Normal
0.2687	-8.1588	4.6346	36.9113	65.2868	111.8075	13.4641	12.2193	-14.6525	1.2921	1.0270	1.3565	-0.2743	-0.5076	0.7572	-0.3064	-0.6633	-0.5429	-0.0601	-1.0234	-9.1858	3.2781	0.7256089044981895	0	0	5	Tilt	Normal
-0.3831	-8.6957	5.6695	32.1590	72.7040	106.5300	14.5291	14.0204	-12.4851	0.7932	0.7222	3.2013	-0.3230	-0.5194	0.7184	-0.3313	-0.4769	1.3618	-0.0506	-1.1763	-9.4179	2.4681	1.000637308397888	0	1	6	PT	Normal
-0.4980	-5.8227	6.8953	28.9823	71.5620	103.2649	15.5572	14.6655	-10.7849	0.1740	3.5772	4.1822	-0.3178	-0.5105	0.7066	-0.3728	0.5884	-1.3515	-1.0104	-0.6720	-9.3999	2.7131	-1.349102876416156	0	1	6	PT	Normal
-2.7192	-19.5361	2.7958	33.6392	64.7264	110.3423	13.7373	13.7754	-11.7195	-1.8111	-10.4149	-0.6898	-0.2810	-0.4933	0.7522	-0.3346	2.4931	-1.4495	1.2384	-0.9082	-9.1212	3.4857	10.882951093959587	0	1	6	Jump	Normal
1.6861	-9.9593	-1.3414	21.6731	43.5079	124.3082	13.3483	7.7171	-15.7255	3.3218	-2.9018	-7.9510	-0.2403	-0.3244	0.8391	-0.3645	2.6124	2.6656	0.1009	-1.6357	-7.0575	6.6096	-9.731892433054934	0	1	6	Jump	Normal
-1.0337	-7.6225	6.0519	37.1764	45.8201	121.7084	12.0863	5.1721	-17.5460	-0.8505	0.5312	0.6065	-0.1793	-0.4361	0.8230	-0.3168	-1.7541	-1.6284	0.1787	-0.1832	-8.1538	5.4455	-0.40212760214924437	0	1	6	PT	Normal
-0.9194	-6.3973	2.1452	38.5140	50.4450	124.2026	9.5226	7.2034	-17.6715	0.1146	2.0421	-2.7412	-0.2159	-0.4519	0.8205	-0.2754	-0.8487	-0.4375	0.6112	-1.0340	-8.4394	4.8864	-2.977825598922321	0	1	6	PT	Normal
4.5975	-10.5339	11.0319	48.2156	50.2695	124.8065	9.1693	7.9933	-16.5372	5.0648	-1.6734	6.8553	-0.1723	-0.5073	0.8127	-0.2290	0.1793	-2.6149	-0.5755	-0.4673	-8.8605	4.1765	9.12144747606105	0	1	6	Jump	Normal
-1.9531	-11.4150	1.6466	43.8479	51.1626	122.5418	9.1144	7.8059	-17.2031	-1.4355	-2.6838	-2.7885	-0.1894	-0.4879	0.8112	-0.2608	0.9261	-0.0795	-0.9984	-0.5176	-8.7312	4.4351	-4.233837186693936	0	1	6	Jump	Normal
-4.6735	-10.3813	1.4174	34.9925	53.8378	120.2461	11.4043	5.8924	-15.8706	-3.5519	-1.8700	-3.3232	-0.2409	-0.4475	0.8052	-0.3056	-0.3437	1.2606	-0.1836	-1.1215	-8.5112	4.7405	-0.22469124944013785	0	1	6	Tilt	Normal
-2.5660	-7.5842	1.7998	38.4654	62.5459	115.9941	12.3490	7.5611	-14.9369	-1.2799	1.4703	-1.7401	-0.2664	-0.4985	0.7750	-0.2827	-2.0684	0.0312	0.0656	-1.2861	-9.0546	3.5400	-3.2663415862133753	0	0	7	Tilt	Normal
0.1921	-8.8484	5.3624	36.6203	72.9412	107.4419	13.2911	9.5887	-13.4747	1.3651	0.6102	3.0535	-0.3054	-0.5376	0.7259	-0.3012	-0.4385	1.4853	-0.5522	-1.1730	-9.4586	2.3089	2.141934708859621	0	0	7	Tilt	Normal
0.2304	-9.0782	1.4551	41.0183	72.9856	104.6807	13.4496	10.9974	-12.0523	0.7853	0.4705	-0.7099	-0.2689	-0.5633	0.7234	-0.2951	-0.0859	-1.1203	-0.4478	-0.5549	-9.5487	2.1650	-1.1512942866535347	0	0	7	Tilt	Normal
-2.8341	-7.8907	5.2475	34.6518	76.8051	99.6974	12.9527	12.0813	-11.4937	-2.4804	1.7350	3.4061	-0.3028	-0.5608	0.6911	-0.3410	-0.0625	0.3221	-0.1804	-0.3537	-9.6257	1.8414	0.6940192569073691	0	0	7	Tilt	Normal
-1.2258	-10.8026	2.1835	34.4309	75.7655	100.4015	13.7382	12.0603	-11.2104	-0.8505	-1.2071	0.1947	-0.3011	-0.5549	0.6956	-0.3429	0.0057	0.6608	-0.1389	-0.3753	-9.5955	1.9888	1.198040738398337	0	0	7	Tilt	Normal
-1.1109	-9.5768	1.6472	30.9425	67.6512	106.6594	14.2688	10.5942	-10.8343	-0.3475	-0.3377	-1.5510	-0.2980	-0.4981	0.7309	-0.3590	2.4824	-0.7347	0.3714	-0.7635	-9.2391	3.1982	-1.3083032533021495	0	0	7	Tilt	Normal
2.0303	-11.2240	-3.7158	26.9902	59.8686	108.4116	13.3988	7.6923	-12.4671	2.5893	-2.4710	-8.1023	-0.2753	-0.4478	0.7516	-0.3984	1.1253	3.3421	-0.1474	-0.5590	-8.7531	4.3865	2.215424299268479	0	0	7	Tilt	Normal
-1.6089	-7.8147	1.6472	28.2167	63.9786	107.1998	14.7966	7.2708	-11.8528	-0.9462	1.2053	-2.1437	-0.2909	-0.4713	0.7387	-0.3842	-2.1952	-1.4282	0.2819	-0.6627	-9.0200	3.7909	-3.849281404256354	0	0	7	Tilt	Normal
0.6895	-9.0405	3.3710	38.4462	75.1801	102.7443	13.8319	9.6900	-11.5851	1.2598	0.5505	1.4066	-0.2871	-0.5634	0.7099	-0.3102	-1.3579	-0.7134	0.0795	-0.5703	-9.5910	1.9644	1.5262802423594337	0	0	7	Tilt	Normal
-0.6129	-10.7260	2.9880	33.4539	78.8740	99.5617	13.1942	11.1699	-10.5701	-0.0431	-1.0641	1.4091	-0.3210	-0.5626	0.6828	-0.3380	0.0163	0.9772	0.0348	-0.5698	-9.6620	1.5788	1.4781292637797048	0	0	7	Tilt	Normal
-0.2298	-9.1171	0.6895	31.8810	74.5135	101.7232	14.7206	10.3161	-9.8903	0.3364	0.4175	-1.5339	-0.3135	-0.5370	0.6985	-0.3541	0.5074	-0.6100	-0.1376	-0.5662	-9.5346	2.2235	-2.0052493489868812	0	1	8	PT	Normal
-0.4980	-10.5728	0.8811	29.9969	79.8011	97.3518	14.6602	10.9792	-9.6405	-0.1239	-0.8893	-0.6226	-0.3342	-0.5582	0.6661	-0.3646	-0.4939	1.2872	-0.2612	-0.3741	-9.6835	1.5037	1.4751090677711503	0	1	8	PT	Normal
-0.8422	-9.4613	1.3402	29.3563	81.1946	97.1313	15.6953	10.8315	-8.6354	-0.3693	0.2463	0.0319	-0.3446	-0.5608	0.6598	-0.3625	-0.3906	-0.2979	0.0925	-0.4729	-9.7076	1.3083	-1.0283408507387168	0	1	8	PT	Normal
-0.0383	-9.7300	1.3024	30.2754	81.4140	96.9120	15.2539	11.4494	-9.4177	0.3959	-0.0148	0.0382	-0.3399	-0.5657	0.6606	-0.3578	0.0536	0.0206	-0.0215	-0.4342	-9.7152	1.2643	0.22406239692474195	0	1	8	Tilt	Normal
-0.8811	-9.9982	1.0726	29.9299	81.0392	97.1762	14.9475	11.3740	-8.7691	-0.4271	-0.2918	-0.2511	-0.3409	-0.5624	0.6618	-0.3600	0.0835	-0.0913	0.0137	-0.4540	-9.7064	1.3237	0.27724520775171513	0	1	8	Tilt	Normal
-0.7661	-9.7300	1.1875	29.9380	81.5651	97.2197	15.0405	11.4813	-8.6584	-0.2592	-0.0160	-0.0590	-0.3441	-0.5640	0.6603	-0.3571	-0.0668	-0.0444	0.0070	-0.5070	-9.7140	1.2465	-0.2620101470005629	0	1	8	Tilt	Normal
-0.4597	-9.9599	1.1875	29.5594	81.6427	96.9138	14.7959	11.3100	-8.7766	0.0103	-0.2432	-0.0522	-0.3451	-0.5637	0.6582	-0.3604	0.0515	0.2272	-0.0218	-0.4700	-9.7167	1.2397	0.20888228446583312	0	1	8	Tilt	Normal
-0.4208	-9.8444	1.2635	29.5895	81.9676	96.9986	15.7631	11.1321	-8.2408	0.0908	-0.1238	0.0720	-0.3472	-0.5645	0.6576	-0.3582	-0.1296	-0.0092	0.0304	-0.5116	-9.7206	1.1916	-0.10690152783985596	0	1	8	Tilt	Normal
-0.5357	-9.6911	1.4168	29.4606	82.5465	96.9460	15.7333	10.7730	-9.0700	0.0193	0.0370	0.3092	-0.3509	-0.5660	0.6554	-0.3563	-0.0764	-0.0401	0.0762	-0.5550	-9.7281	1.1076	-0.12531163490269037	0	1	8	Tilt	Normal
-0.4591	-9.7677	1.4168	29.4278	82.6169	96.8863	14.9044	11.4888	-8.7307	0.0923	-0.0383	0.3192	-0.3512	-0.5663	0.6549	-0.3565	-0.0050	0.1431	-0.0143	-0.5514	-9.7294	1.0976	0.071832947663383	0	1	8	Tilt	Normal
-0.4591	-9.8444	1.1486	29.4211	82.4032	97.0329	15.8163	11.4117	-7.9783	0.0991	-0.1188	0.0195	-0.3507	-0.5652	0.6560	-0.3567	-0.0060	-0.0135	0.0177	-0.5581	-9.7255	1.1292	0.04121782902026894	1	1	9	Tilt	Normal
-0.4208	-9.6911	1.1869	29.4951	82.6032	96.9709	15.6628	11.2651	-8.2535	0.1426	0.0376	0.0881	-0.3512	-0.5663	0.6554	-0.3557	-0.0508	-0.0582	0.0145	-0.5634	-9.7287	1.0988	-0.14923281503492625	1	1	9	Tilt	Normal
-0.6889	-9.7294	1.3402	29.3807	82.6091	96.9293	15.9057	11.5891	-8.3393	-0.1300	-0.0006	0.2409	-0.3516	-0.5660	0.6549	-0.3565	0.0195	0.0003	0.0059	-0.5589	-9.7288	1.0992	0.07282664312511677	1	1	9	Tilt	Normal
-0.6123	-9.8061	1.1103	29.4777	82.5692	96.9841	15.4944	11.6190	-7.8942	-0.0492	-0.0780	0.0063	-0.3511	-0.5660	0.6555	-0.3559	-0.0103	0.0121	-0.0026	-0.5631	-9.7281	1.1040	0.04233159358180316	1	1	9	Tilt	Normal
-0.6129	-9.7683	0.9960	29.5340	82.6088	97.0148	15.9152	11.8139	-8.4933	-0.0423	-0.0400	-0.1016	-0.3512	-0.5663	0.6556	-0.3552	-0.0060	-0.0071	-0.0005	-0.5706	-9.7284	1.0976	-0.049677297036311074	1	1	9	Tilt	Normal
-0.6512	-9.6917	1.0726	29.5010	82.7021	96.9543	15.6439	11.2868	-8.9007	-0.0823	0.0383	-0.0115	-0.3516	-0.5666	0.6550	-0.3553	-0.0209	-0.0082	-0.0021	-0.5689	-9.7300	1.0841	-0.06546278161739849	1	1	9	Tilt	Normal
-0.5363	-9.6917	1.1109	29.3511	82.7102	96.8308	15.5598	11.3693	-8.5517	0.0151	0.0392	0.0263	-0.3519	-0.5665	0.6542	-0.3568	0.0153	0.0249	-0.0213	-0.5514	-9.7309	1.0846	-0.002702604631640071	1	1	9	Tilt	Normal
-0.5363	-9.8450	1.0343	29.0649	82.4637	96.8365	16.0978	11.6631	-8.1259	0.0006	-0.1176	-0.0898	-0.3520	-0.5646	0.6543	-0.3594	0.0313	0.0525	-0.0213	-0.5369	-9.7273	1.1241	0.1438080809149085	1	1	9	Tilt	Normal
-0.4597	-9.8450	1.0343	29.0235	82.4247	96.8382	15.3254	11.4599	-7.7693	0.0751	-0.1184	-0.0961	-0.3520	-0.5643	0.6543	-0.3598	0.0036	-0.0114	0.0032	-0.5348	-9.7266	1.1304	-0.003848635500709463	1	1	9	Tilt	Normal
-0.6123	-9.7677	1.1486	28.9174	82.5014	96.7781	15.8255	11.1568	-8.4040	-0.0793	-0.0398	0.0284	-0.3527	-0.5643	0.6536	-0.3604	0.0014	-0.0007	0.0011	-0.5330	-9.7279	1.1202	-0.05580734899010942	1	1	9	Tilt	Normal
-0.5363	-9.8450	1.2258	28.9609	82.5464	96.7388	15.6289	11.0354	-8.2611	-0.0069	-0.1160	0.1128	-0.3525	-0.5648	0.6535	-0.3601	-0.0039	-0.0082	-0.0058	-0.5294	-9.7290	1.1130	0.08146085569172534	2	1	10	Tilt	Fall
-0.4597	-9.8833	1.1492	29.0115	82.5137	96.7487	15.9718	11.2252	-7.9598	0.0676	-0.1547	0.0319	-0.3521	-0.5648	0.6537	-0.3600	0.0217	0.0078	-0.0090	-0.5273	-9.7285	1.1173	0.024998305664327702	2	1	10	Tilt	Normal
-0.5740	-9.8061	1.1486	28.8936	82.4119	96.7377	16.1002	11.5481	-8.5024	-0.0549	-0.0789	0.0150	-0.3521	-0.5641	0.6537	-0.3612	0.0078	0.0035	-0.0090	-0.5191	-9.7272	1.1337	-0.0706914364632727	2	1	10	Tilt	Normal
-0.4980	-9.7683	1.1492	28.8454	82.3325	96.7084	15.2156	11.0324	-8.5671	0.0105	-0.0420	0.0031	-0.3518	-0.5637	0.6538	-0.3620	0.0270	0.0376	-0.0175	-0.5085	-9.7263	1.1461	-0.04154419223282879	2	1	10	Tilt	Normal
-0.4597	-9.8450	1.2641	28.8754	82.2402	96.7517	15.5892	11.0440	-8.8539	0.0477	-0.1203	0.1047	-0.3513	-0.5634	0.6543	-0.3620	-0.0050	-0.0018	-0.0036	-0.5074	-9.7246	1.1594	0.08819693369887993	2	1	10	Tilt	Normal
-0.5746	-9.8450	1.1875	28.8693	82.1758	96.7790	15.2754	11.4485	-8.5111	-0.0678	-0.1214	0.0186	-0.3511	-0.5631	0.6545	-0.3622	0.0238	0.0035	-0.0059	-0.5068	-9.7236	1.1690	-0.0034702201744547523	2	1	10	Tilt	Normal
-0.5363	-9.8067	1.0726	28.8685	82.1396	96.8041	15.5230	11.6229	-8.1187	-0.0283	-0.0838	-0.1018	-0.3510	-0.5629	0.6547	-0.3623	0.0035	0.0067	-0.0101	-0.5080	-9.7229	1.1744	-0.05324367061263047	2	1	10	Tilt	Normal
-0.5363	-9.6917	1.2641	28.8450	81.9907	96.8236	15.8327	11.5899	-8.4436	-0.0370	0.0289	0.0673	-0.3504	-0.5623	0.6552	-0.3630	0.0089	0.0067	-0.0123	-0.4993	-9.7206	1.1968	-0.0912554083037378	2	1	10	Tilt	Normal
-0.5363	-9.8067	1.2258	28.8534	81.9171	96.8365	15.6065	11.1491	-8.6073	-0.0412	-0.0872	0.0183	-0.3500	-0.5621	0.6555	-0.3632	0.0121	-0.0135	-0.0123	-0.4952	-9.7194	1.2076	0.10905940107532963	2	1	10	Tilt	Normal
-0.4597	-9.7683	1.2641	28.8204	81.7212	96.8323	15.6248	11.3914	-8.4703	0.0190	-0.0518	0.0271	-0.3490	-0.5613	0.6560	-0.3644	0.0366	-0.0007	-0.0218	-0.4787	-9.7166	1.2371	-0.037078836915421576	3	1	11	Tilt	Normal
Total time: 11 seconds.
