-1.5706	-9.0022	0.5746	56.9703	84.2677	104.2821	9.7363	28.4062	-18.1248	0.0409	0.6565	0.0409	-0.2485	-0.6411	0.7110	-0.1474	0.3684	-0.1151	-0.3045	-1.6114	-9.6587	0.5338	-0.4953424646552449	3	0	1	Upright	Normal
0.0006	-10.3807	1.4934	59.9525	75.6501	108.7727	8.5141	27.7427	-19.4839	1.0662	-0.7082	0.2765	-0.2020	-0.6302	0.7347	-0.1493	0.1937	-0.6264	-0.0211	-1.0656	-9.6724	1.2169	1.331342095183535	3	0	1	Upright	Normal
0.2687	-8.8484	0.8805	60.9166	74.1017	109.7442	6.1533	26.9507	-20.6876	1.2454	0.8218	-0.4253	-0.1920	-0.6297	0.7384	-0.1461	0.3183	-0.1044	-0.0818	-0.9767	-9.6702	1.3057	-1.5914124781863492	3	0	1	Upright	Normal
-0.6506	-7.5842	0.9571	61.3722	71.2268	112.5412	5.8976	26.6782	-20.9312	0.3503	2.0533	-0.5550	-0.1861	-0.6231	0.7465	-0.1411	0.0147	-0.0299	0.1611	-1.0009	-9.6376	1.5121	-1.2241715120951788	3	0	1	Upright	Normal
-0.5740	-6.9713	0.0377	61.1872	77.9286	107.5243	6.6002	26.3172	-20.2310	0.6000	2.7146	-0.9506	-0.2027	-0.6392	0.7290	-0.1375	-0.5052	0.2631	0.1323	-1.1741	-9.6859	0.9884	-0.6769959019275538	3	0	1	Upright	Normal
0.7661	-8.8107	0.1149	59.6207	86.8245	100.4017	6.8848	27.6044	-17.4094	2.0731	0.9047	-0.1597	-0.2270	-0.6591	0.7029	-0.1410	-0.1249	-0.1087	0.4679	-1.3069	-9.7154	0.2746	1.8496979797601378	3	0	1	Upright	Normal
-6.9713	-17.6590	2.9874	65.4415	81.1098	110.8804	7.8875	27.6539	-16.1171	-4.8059	-8.1151	2.3575	-0.2175	-0.6485	0.7258	-0.0732	-0.3858	-0.7415	1.4596	-2.1654	-9.5439	0.6298	10.374151115187399	3	0	1	Upright	Normal
-2.1063	-9.6145	-1.8010	67.7635	101.3696	92.7581	9.2594	27.9659	-14.1148	0.1438	-0.0974	-1.0693	-0.2213	-0.6988	0.6783	-0.0506	-0.9962	0.3185	0.0322	-2.2501	-9.5171	-0.7317	-9.212907929761261	3	0	1	Upright	Normal
-1.7615	-4.6346	-0.5752	70.0244	99.9245	95.1831	10.4385	27.8502	-12.4173	0.6931	4.8424	0.0022	-0.2141	-0.6954	0.6853	-0.0310	0.6901	-0.2098	0.2686	-2.4547	-9.4770	-0.5775	-5.014615793848246	3	0	1	Upright	Normal
-1.7998	-5.6689	-0.8434	71.4390	98.1311	95.0775	10.1649	27.8082	-12.6666	0.3692	3.8847	-0.4018	-0.1943	-0.6963	0.6902	-0.0337	0.1277	-0.0490	-0.9138	-2.1690	-9.5536	-0.4416	1.0159301526130813	3	1	2	PT	Normal
-0.8422	-9.7294	-1.3797	73.4125	95.1276	93.3030	7.6037	27.6545	-13.0640	0.5593	-0.0266	-1.1293	-0.1534	-0.6994	0.6962	-0.0506	0.4792	-0.1747	-0.2619	-1.4015	-9.7028	-0.2503	3.855514629833868	3	1	2	Jump	Normal
-4.2132	-9.4230	3.2172	73.3519	87.8190	102.5747	7.3831	27.1240	-12.8870	-2.4286	0.2194	3.1104	-0.1649	-0.6836	0.7099	-0.0381	0.8744	-0.8213	1.0047	-1.7846	-9.6423	0.1068	0.9490069677910942	3	1	2	PT	Normal
-0.7272	-8.5419	3.0257	75.9148	61.4157	125.5810	7.6263	24.9044	-13.3013	0.5821	1.1097	1.8839	-0.1163	-0.6544	0.7465	-0.0306	0.2970	-0.9417	0.2484	-1.3093	-9.6516	1.1417	-1.720690061681232	3	1	2	PT	Normal
-0.8428	-8.3121	-0.2298	78.9556	80.8381	107.1812	6.6474	24.9744	-13.6161	0.5531	1.3903	-0.5290	-0.1155	-0.6866	0.7176	-0.0170	-1.1250	0.4976	-0.2438	-1.3958	-9.7024	0.2991	-0.7332012416526421	3	1	2	PT	Normal
-0.9577	-6.3207	-0.1915	78.0439	89.0842	100.4204	6.8981	25.5505	-11.5576	0.6651	3.3508	-0.2240	-0.1315	-0.6936	0.7081	-0.0150	-0.4624	0.3601	0.3389	-1.6228	-9.6715	0.0325	-1.9621680557044234	3	1	2	PT	Normal
0.2298	-6.6655	-0.6129	76.4220	98.5695	91.3265	8.6546	26.0568	-11.1250	1.8745	2.9963	-0.2698	-0.1440	-0.7048	0.6943	-0.0229	0.2822	0.0959	0.2484	-1.6447	-9.6618	-0.3431	0.30185230693771814	0	1	2	Upright	Normal
-1.5706	-14.9398	1.6472	77.8701	95.6798	96.1582	9.7070	25.5647	-10.7064	0.4800	-5.3521	1.8512	0.1472	0.6991	-0.6997	0.0022	-0.2760	-0.8159	1.0580	-2.0506	-9.5877	-0.2040	8.414607308477748	0	0	2	Upright	Normal
-0.0377	-8.3121	-3.7164	73.9321	122.2855	70.8246	10.7344	25.4915	-9.5612	1.9935	1.1718	-2.2666	-0.1690	-0.7385	0.6527	-0.0091	-0.6137	0.4635	-0.7657	-2.0312	-9.4839	-1.4498	-6.007003248501665	0	0	2	Upright	Normal
-1.2252	-4.1366	-1.3030	73.9612	117.8489	73.9334	10.2382	27.2412	-7.2724	0.6059	5.4142	-0.0373	-0.1634	-0.7334	0.6596	-0.0196	0.5538	-0.3344	0.1291	-1.8311	-9.5508	-1.2658	-4.5984625003144375	0	0	2	Upright	Normal
-0.5746	-4.5586	-1.6855	76.7643	105.7528	83.5899	10.1098	26.1750	-9.5823	0.9472	5.1101	-1.0759	-0.1372	-0.7157	0.6844	-0.0228	0.3738	-0.3014	-0.6432	-1.5218	-9.6687	-0.6096	0.3873644354355976	0	0	3	Upright	Normal
-3.6775	-8.0828	-2.2218	78.8926	97.3922	91.9037	8.5036	25.5516	-11.1636	-2.1169	1.5959	-1.9787	-0.1254	-0.7047	0.6982	-0.0113	0.4580	-0.4260	0.3826	-1.5606	-9.6787	-0.2432	4.259731351075841	0	0	3	Upright	Normal
-3.6386	-13.9815	5.7072	75.5454	89.6481	103.4521	10.1740	24.7009	-11.7837	-1.4139	-4.4305	5.6922	-0.1683	-0.6862	0.7076	-0.0083	0.7477	0.3175	-0.3716	-2.2247	-9.5511	0.0150	6.379836824428875	0	0	3	Upright	Normal
-3.4087	-12.2577	0.4974	78.3274	78.0728	112.8883	9.1911	25.6289	-11.9983	-1.5054	-2.6462	0.0874	-0.1358	-0.6787	0.7217	-0.0014	-0.3058	0.1343	0.1919	-1.9034	-9.6115	0.4100	-2.8010860920233522	0	0	3	Upright	Normal
-1.9914	-5.2858	-0.1538	76.6364	78.7625	112.0156	9.8595	25.7961	-12.2831	-0.1094	4.3286	-0.5954	-0.1448	-0.6757	0.7227	-0.0129	0.9160	-0.0841	0.4785	-1.8820	-9.6144	0.4416	-7.081974774617115	0	0	3	Upright	Normal
0.5363	-5.1715	-0.8428	75.1323	99.3173	92.0357	10.6993	26.5670	-11.7728	2.4137	4.4453	-0.4353	-0.1607	-0.7035	0.6919	-0.0219	-0.9066	0.5317	0.2409	-1.8774	-9.6168	-0.4075	-0.38347591670825487	0	0	3	Upright	Normal
-1.6466	-10.0742	1.5317	71.5747	97.9842	93.8996	12.5348	27.1177	-10.2752	0.3033	-0.4729	1.9623	-0.1854	-0.6983	0.6902	-0.0409	0.2141	-0.6870	0.3453	-1.9499	-9.6013	-0.4307	5.055055425427457	0	0	3	Upright	Normal
-11.4533	-14.0198	-4.8656	68.6627	109.9516	88.6099	13.8791	26.6963	-9.7681	-8.5608	-4.7288	-3.6480	-0.2407	-0.7100	0.6615	-0.0166	-1.1814	1.3637	-0.7189	-2.8925	-9.2910	-1.2176	8.423696062182671	0	0	3	Upright	Normal
-1.6466	-6.3967	-0.3837	62.6205	110.3295	85.5928	13.9488	28.2841	-7.0531	0.6632	3.0044	1.1832	-0.2586	-0.7162	0.6446	-0.0683	0.1427	0.2995	-0.3354	-2.3098	-9.4011	-1.5669	-12.129486546678589	0	0	3	Upright	Normal
-2.2212	-4.4813	-1.2647	62.7201	102.1793	90.9391	12.2149	28.4159	-7.3570	-0.2255	5.0732	-0.3163	-0.2444	-0.6990	0.6663	-0.0875	1.2570	-0.3322	-0.4366	-1.9957	-9.5545	-0.9484	-1.4573686526390075	0	1	4	PT	Normal
-1.4934	-6.2818	-0.9583	63.1438	92.7535	96.1155	11.0417	28.2734	-10.0813	-0.0319	3.4131	-0.7453	-0.2173	-0.6809	0.6905	-0.1110	0.4388	-0.2396	-0.3492	-1.4615	-9.6949	-0.2129	1.3686058063906383	0	1	4	PT	Normal
-1.8381	-10.3807	0.9188	60.6408	93.2574	97.5870	10.4775	28.8669	-11.2252	-0.0640	-0.7397	1.1920	-0.2437	-0.6742	0.6877	-0.1144	0.3110	1.7908	-0.1862	-1.7741	-9.6410	-0.2732	4.054540249470054	0	1	4	Jump	Normal
0.3454	-10.1125	3.9067	61.8047	84.0825	104.0563	11.0447	29.4423	-11.3200	1.8501	-0.4336	3.4291	-0.2183	-0.6542	0.7140	-0.1210	0.5006	-1.1706	-0.3609	-1.5048	-9.6789	0.4776	0.2642516269487949	0	1	4	Upright	Normal
-0.9960	-10.8409	-3.1795	63.0229	92.9791	96.7291	10.1305	29.6233	-10.3322	0.6027	-1.1682	-2.9482	-0.2230	-0.6797	0.6905	-0.1067	0.5155	0.0502	-0.1340	-1.5987	-9.6727	-0.2313	0.4949620110459598	0	0	4	Upright	Normal
0.1538	-3.7918	0.8805	60.3225	81.9484	106.4516	10.4973	27.9299	-11.7051	1.7593	5.8586	0.2005	-0.2270	-0.6433	0.7201	-0.1269	-0.8278	0.3974	-0.0403	-1.6055	-9.6504	0.6800	-7.445629992020333	0	0	4	Upright	Normal
-0.1526	-6.3201	-0.5752	60.0903	93.6080	96.6418	11.3993	29.2634	-10.4410	1.5107	3.3396	-0.2674	-0.2434	-0.6756	0.6853	-0.1214	-0.8193	0.4208	0.4817	-1.6634	-9.6597	-0.3078	2.4523289749024166	0	0	4	Upright	Normal
-2.7198	-12.8329	2.4900	62.2171	89.9763	103.6430	11.9658	29.9480	-8.7748	-0.4102	-3.3021	2.4882	-0.2499	-0.6614	0.7018	-0.0872	0.0457	-0.9310	1.3797	-2.3097	-9.5309	0.0018	7.0041258224876195	0	0	4	Upright	Normal
-4.9799	-12.4498	-4.9799	57.7783	106.1625	91.0659	13.9033	29.9330	-7.1438	-2.4957	-3.0754	-3.5244	-0.2963	-0.6974	0.6459	-0.0928	-0.6520	0.5370	-0.9809	-2.4843	-9.3745	-1.4555	0.951535863771527	0	0	4	Upright	Normal
-2.0686	-6.1675	-1.1875	56.8961	104.4915	91.8600	13.6584	31.0841	-4.3301	0.2942	3.2555	0.1528	-0.2966	-0.6931	0.6488	-0.1038	0.5773	-0.2332	0.2388	-2.3628	-9.4230	-1.3403	-7.6910533065515105	0	0	4	Upright	Normal
-1.7238	-3.2178	-0.6129	56.9883	96.2580	97.8669	12.9534	30.7271	-5.9961	0.4984	6.3161	-0.0305	-0.2842	-0.6700	0.6756	-0.1175	0.6210	-0.5187	-0.7434	-2.2223	-9.5339	-0.5824	-2.9111274734608026	0	1	5	PT	Normal
-4.2515	-9.5379	-3.4866	58.2115	93.5408	97.5877	11.1823	31.3247	-7.3754	-2.4487	0.0964	-3.1674	-0.2595	-0.6700	0.6837	-0.1276	0.4654	0.8565	0.0652	-1.8028	-9.6343	-0.3192	7.307695028659753	0	1	5	Jump	Normal
-5.0943	-15.1691	1.3785	54.5267	92.0526	100.6823	10.9486	31.2689	-7.3782	-2.9965	-5.5915	1.5824	-0.2895	-0.6531	0.6855	-0.1401	-1.0526	0.5572	0.8556	-2.0978	-9.5776	-0.2040	5.0517073314500305	0	1	5	Jump	Normal
-1.5317	-13.6368	0.3825	57.1890	91.6226	98.7002	11.2816	31.9234	-5.6663	0.1818	-3.9820	0.5330	-0.2604	-0.6632	0.6879	-0.1383	-0.7139	-0.5443	0.5105	-1.7135	-9.6548	-0.1505	-2.333057248221232	0	1	5	PT	Normal
-0.4214	-7.7764	-1.6089	55.4814	87.5732	102.8283	10.9993	31.3055	-6.1529	1.4205	1.8530	-1.8441	-0.2692	-0.6446	0.7003	-0.1467	1.3602	0.3665	0.0598	-1.8419	-9.6293	0.2352	-5.775615076877819	0	1	5	Jump	Normal
1.1109	-5.7844	0.0383	53.5677	88.0254	102.8526	11.5896	30.0667	-7.2524	3.0261	3.8315	-0.1624	-0.2829	-0.6401	0.6972	-0.1555	-1.4787	0.5124	0.1333	-1.9152	-9.6159	0.2007	-2.06203269548753	0	1	5	PT	Normal
0.8045	-9.0022	-1.8387	48.9770	96.4462	96.8080	12.9136	30.4856	-3.3558	2.7845	0.5754	-1.1160	-0.3242	-0.6571	0.6586	-0.1713	-0.2622	0.0448	0.0013	-1.9800	-9.5776	-0.7227	3.332978948938207	0	1	5	PT	Normal
-7.4699	-15.8209	1.4174	50.4963	97.9687	101.3885	13.4847	30.0016	-2.0403	-4.5238	-6.5071	2.2823	-0.3507	-0.6489	0.6632	-0.1270	-1.7291	0.3665	1.6748	-2.9461	-9.3137	-0.8649	8.329830347370438	0	1	5	Jump	Normal
0.4214	-9.8067	-1.9920	41.3789	103.6582	93.9548	12.8744	29.5875	1.5566	2.6058	-0.4055	-0.2544	-0.3887	-0.6614	0.6122	-0.1914	-0.1077	0.2333	-0.3556	-2.1844	-9.4011	-1.7376	-7.5372050974117375	0	1	5	Jump	Normal
-2.4128	-4.4430	-2.6438	40.0386	100.7836	95.6684	12.0343	29.5590	1.5805	-0.2866	5.0268	-1.2390	-0.3900	-0.6477	0.6210	-0.2066	0.7221	-0.3046	0.0460	-2.1262	-9.4698	-1.4048	-4.310442712546476	0	1	5	Jump	Normal
-1.2252	-6.0519	-1.1115	39.9345	95.4684	96.7868	11.5367	29.5846	-0.4587	0.5242	3.5708	-0.3949	-0.3676	-0.6336	0.6405	-0.2308	0.4089	-0.2876	-0.8158	-1.7494	-9.6227	-0.7166	0.5685225935657447	0	2	6	PT	Normal
-2.5666	-11.4156	-3.6009	36.6553	97.4064	94.3510	8.8763	29.1073	-0.3439	-1.0762	-1.7759	-2.5866	-0.3820	-0.6370	0.6201	-0.2526	-0.5605	1.1239	-0.2501	-1.4904	-9.6397	-1.0142	5.968216186430903	0	2	6	Jump	Normal
-3.6775	-19.2685	1.1109	34.4426	94.0695	95.9782	8.0880	28.2098	0.4795	-2.2672	-9.5807	1.6849	-0.3843	-0.6177	0.6287	-0.2747	1.2878	-1.0514	-0.9426	-1.4103	-9.6878	-0.5740	7.405593302937993	0	2	6	Jump	Normal
-3.0263	-10.1897	1.1492	38.0985	86.7133	101.2445	7.7422	27.3939	-0.7235	-1.4573	-0.5194	0.7069	-0.3511	-0.5951	0.6734	-0.2628	0.1501	0.1417	0.1696	-1.5690	-9.6703	0.4423	-8.956181638840736	0	2	6	Jump	Normal
-1.6089	-5.8610	0.3448	34.9645	85.6702	102.2512	8.4105	26.5872	-1.3766	0.0515	3.7851	-0.2619	-0.3666	-0.5785	0.6727	-0.2800	0.1501	0.1801	0.0321	-1.6604	-9.6461	0.6066	-4.603953990009444	0	2	6	Jump	Normal
-0.0766	-11.0708	-1.4557	32.8732	87.8238	100.9858	9.4409	26.2720	-1.3532	1.5924	-1.4121	-1.7684	-0.3836	-0.5805	0.6580	-0.2882	0.4387	0.6179	0.3997	-1.6691	-9.6587	0.3127	5.078766165427524	0	2	6	Jump	Normal
-2.3367	-11.4156	2.9497	34.8596	85.1198	102.1379	9.5339	26.4881	-1.9033	-0.7483	-1.7626	2.2652	-0.3633	-0.5771	0.6740	-0.2840	-0.4422	-0.7648	-0.4984	-1.5884	-9.6530	0.6844	0.8534934852603779	0	2	6	PT	Normal
-1.6466	-10.1125	-1.4563	35.9822	85.2610	102.8678	9.2075	25.8333	-1.8807	0.0658	-0.4787	-2.1118	-0.3620	-0.5793	0.6775	-0.2727	-0.3634	0.4837	0.4657	-1.7125	-9.6338	0.6556	-1.6711910617921202	0	2	6	PT	Normal
-0.6895	-9.3470	2.2984	33.0535	83.9570	104.1288	10.2644	25.0518	-1.9500	1.1450	0.2477	1.4332	-0.3757	-0.5610	0.6791	-0.2881	-0.1717	-0.2237	-0.0318	-1.8346	-9.5946	0.8652	-0.6985581400875436	0	2	6	PT	Normal
-1.8387	-8.5042	0.2298	33.8841	84.6573	103.7845	10.1940	24.9499	-2.2014	-0.0066	1.1000	-0.5281	-0.3739	-0.5671	0.6776	-0.2820	0.3461	-0.1938	0.1376	-1.8322	-9.6042	0.7579	-0.9463644302850849	0	3	7	Walk	Normal
-2.4900	-9.4236	1.3791	33.0656	83.7867	105.2969	10.4271	24.6692	-2.4874	-0.4764	0.1329	0.4896	-0.3804	-0.5568	0.6826	-0.2819	-0.0811	0.2280	-0.0307	-2.0135	-9.5565	0.8894	1.1403602775818182	0	3	7	Walk	Normal
-1.6855	-9.1171	0.5363	32.9388	84.0662	104.7453	10.8476	24.8366	-2.4481	0.2641	0.4561	-0.3144	-0.3800	-0.5588	0.6800	-0.2845	0.1010	-0.1247	0.0716	-1.9496	-9.5732	0.8507	-0.5570078394656086	0	3	7	Walk	Normal
-1.9537	-9.3087	0.7661	33.6885	83.8771	105.0390	10.5753	25.0820	-2.2533	0.0162	0.2587	-0.1041	-0.3764	-0.5603	0.6828	-0.2795	0.0296	-0.1726	-0.0009	-1.9698	-9.5674	0.8703	0.2552234384169374	0	3	7	Upright	Normal
-1.8004	-9.3853	0.9577	34.3516	83.3560	105.4447	10.1793	24.9032	-2.6950	0.1766	0.1743	0.0209	-0.3719	-0.5603	0.6867	-0.2760	0.0541	-0.0799	0.0460	-1.9770	-9.5596	0.9367	0.06198166329802035	0	3	7	Upright	Normal
-1.9537	-9.2703	0.7278	34.5647	83.3762	105.6232	10.4453	24.9039	-3.2097	0.0518	0.2839	-0.2037	-0.3718	-0.5606	0.6875	-0.2736	0.0126	-0.0586	-0.0094	-2.0054	-9.5542	0.9315	-0.10244783604011509	0	3	7	Upright	Normal
-2.0680	-9.3464	0.7272	34.9698	83.4750	105.5335	10.0846	24.7981	-2.6695	-0.0741	0.2120	-0.1858	-0.3699	-0.5627	0.6877	-0.2714	-0.0343	-0.0181	0.0354	-1.9939	-9.5584	0.9131	0.09818641559550301	0	3	7	Upright	Normal
-2.0297	-9.3464	0.6889	34.9734	83.9118	105.4746	11.0047	25.3964	-2.5482	-0.0024	0.2107	-0.1633	-0.3722	-0.5639	0.6861	-0.2696	-0.0108	0.0362	0.0151	-2.0273	-9.5571	0.8522	-0.011005158466259601	0	3	7	Upright	Normal
-1.7998	-9.3464	0.5740	34.5521	84.1130	105.3534	10.2633	24.7537	-3.3146	0.2330	0.2116	-0.2544	-0.3750	-0.5632	0.6844	-0.2717	0.0531	0.0831	0.0034	-2.0328	-9.5580	0.8284	-0.053622988345340517	0	3	7	Upright	Normal
-1.8381	-9.3847	0.6889	34.0597	84.2630	105.2012	11.0577	24.5527	-2.8645	0.1906	0.1755	-0.1232	-0.3776	-0.5621	0.6826	-0.2746	-0.0034	0.0873	0.0023	-2.0288	-9.5602	0.8121	0.0523882736441319	0	3	7	Upright	Normal
-1.6849	-9.3081	0.6123	33.6450	84.7628	104.7759	11.0965	25.2609	-2.3099	0.3262	0.2613	-0.1329	-0.3806	-0.5631	0.6792	-0.2770	-0.0396	0.0597	0.0045	-2.0111	-9.5693	0.7452	-0.10863113495897991	1	3	8	Upright	Normal
-1.9148	-9.6145	0.5357	33.5102	84.9755	104.6110	10.1493	24.9580	-2.3758	0.0907	-0.0417	-0.1803	-0.3818	-0.5637	0.6778	-0.2777	-0.0077	0.0490	0.0194	-2.0054	-9.5728	0.7160	0.3387826158378573	1	3	8	Upright	Normal
-1.9531	-9.1931	0.6123	33.0440	85.3765	104.7016	10.9473	25.6270	-2.4765	0.1107	0.3711	-0.0503	-0.3870	-0.5626	0.6757	-0.2778	-0.0695	0.0714	0.0481	-2.0638	-9.5642	0.6626	-0.39973938048318836	1	3	8	Upright	Normal
-2.1063	-9.3081	0.6123	32.7364	85.5662	104.7678	11.1113	25.2097	-2.1697	-0.0103	0.2508	-0.0253	-0.3900	-0.5616	0.6746	-0.2782	0.0371	0.0586	0.0268	-2.0960	-9.5589	0.6376	0.14485516205482085	1	3	8	Upright	Normal
-1.8381	-9.3081	0.4974	32.2882	85.8239	104.8021	11.6955	24.9820	-2.1126	0.2918	0.2456	-0.1062	-0.3939	-0.5604	0.6729	-0.2792	-0.0087	0.0831	0.0492	-2.1299	-9.5536	0.6036	-0.062179860703746925	1	3	8	Upright	Normal
-1.9914	-9.5762	0.6123	32.0029	85.7704	105.0726	11.8070	25.1077	-2.3821	0.1818	-0.0329	-0.0009	-0.3964	-0.5582	0.6732	-0.2795	0.0307	0.0309	0.0673	-2.1732	-9.5433	0.6132	0.29933243711249347	1	3	8	Upright	Normal
-2.0686	-9.3470	0.4980	31.7855	85.7380	105.4599	11.6003	25.0332	-2.2497	0.1683	0.1811	-0.1214	-0.3992	-0.5560	0.6738	-0.2786	0.0190	0.0149	0.0780	-2.2369	-9.5280	0.6194	-0.21410256362829294	1	3	8	Upright	Normal
-2.1452	-9.2703	0.4980	31.9235	85.5955	105.6806	12.0341	24.8735	-2.0771	0.1142	0.2511	-0.1411	-0.3987	-0.5554	0.6751	-0.2772	0.0446	-0.0458	0.0322	-2.2594	-9.5214	0.6391	-0.05781888419204684	1	3	8	Upright	Normal
-2.2601	-9.3087	0.7661	32.0880	85.3590	105.9783	11.7436	24.3685	-1.8260	0.0254	0.2043	0.0940	-0.3979	-0.5544	0.6770	-0.2757	-0.0332	-0.0224	0.0077	-2.2856	-9.5129	0.6722	0.08143484238354937	1	3	8	Upright	Normal
-2.3361	-9.2698	0.5740	32.2073	85.4084	106.0363	11.8111	25.2218	-1.8398	-0.0379	0.2408	-0.0902	-0.3979	-0.5548	0.6772	-0.2744	0.0318	-0.0053	0.0077	-2.2983	-9.5105	0.6642	-0.03287787873076553	1	3	8	Upright	Normal
-2.1069	-9.0788	0.5746	32.2726	85.2274	106.0206	11.8760	24.3721	-2.0582	0.1715	0.4345	-0.1152	-0.3964	-0.5547	0.6779	-0.2750	0.0116	-0.0575	-0.0222	-2.2784	-9.5134	0.6898	-0.23908656458340083	2	3	9	Upright	Normal
-1.9920	-9.2703	0.5746	33.0322	85.1454	105.9407	11.2488	24.7313	-2.2212	0.2568	0.2497	-0.1211	-0.3917	-0.5577	0.6795	-0.2717	-0.0289	-0.1747	0.0204	-2.2488	-9.5201	0.6957	0.16153707046837162	2	3	9	Upright	Normal
-2.5666	-9.7683	0.9960	33.7530	84.7404	106.3868	11.5865	25.0871	-2.6086	-0.2907	-0.2587	0.2487	-0.3878	-0.5581	0.6833	-0.2669	-0.0375	-0.0501	0.0247	-2.2758	-9.5096	0.7473	0.6495496730629924	2	0	9	Upright	Normal
-2.0686	-9.2320	0.4597	34.0830	84.6670	106.1322	11.9489	24.5119	-2.9984	0.1538	0.2897	-0.2951	-0.3845	-0.5601	0.6835	-0.2669	0.0882	-0.0661	-0.0424	-2.2224	-9.5217	0.7548	-0.6767711681173942	2	0	9	Upright	Normal
-2.2595	-9.2698	0.6889	34.3187	84.2374	106.5348	11.8381	24.7416	-2.3305	-0.0148	0.2420	-0.1242	-0.3827	-0.5586	0.6863	-0.2653	0.0200	-0.0629	0.0172	-2.2447	-9.5117	0.8131	0.09396195636992744	0	0	9	Upright	Normal
-2.1829	-9.2314	0.9188	34.4265	83.8721	106.6567	11.5452	24.3655	-3.2669	0.0450	0.2797	0.0554	-0.3805	-0.5578	0.6880	-0.2657	0.0499	-0.0213	-0.0243	-2.2280	-9.5111	0.8634	-0.03566827382903348	0	0	9	Upright	Normal
-2.0686	-9.3087	0.9194	34.4712	83.6769	106.7345	11.3033	23.8564	-2.7674	0.1526	0.2017	0.0290	-0.3795	-0.5573	0.6889	-0.2660	0.0392	-0.0277	0.0109	-2.2212	-9.5104	0.8903	0.04962267031694978	0	0	9	Upright	Normal
-2.4900	-9.3087	0.8045	34.1020	83.7594	106.8810	11.1235	24.7492	-2.5435	-0.2310	0.1935	-0.0781	-0.3826	-0.5555	0.6884	-0.2668	0.0179	0.0959	-0.0275	-2.2589	-9.5021	0.8826	0.08950460307896435	0	0	9	Upright	Normal
-1.9537	-9.4236	0.8811	33.4266	83.8985	106.6103	10.9389	25.1803	-3.0802	0.2836	0.0848	0.0112	-0.3856	-0.5541	0.6860	-0.2715	-0.0779	0.0629	-0.0499	-2.2372	-9.5084	0.8698	-0.005259577894390688	0	0	9	Upright	Normal
-1.8387	-9.5768	0.8428	33.6575	83.5792	106.0039	11.3196	24.6079	-3.4526	0.2638	-0.0417	-0.0700	-0.3795	-0.5563	0.6861	-0.2754	-0.0460	-0.0884	-0.0584	-2.1026	-9.5351	0.9128	0.1238266240670427	1	0	10	Upright	Normal
-2.1069	-9.0022	0.9194	34.1401	83.2774	106.1650	10.8886	24.9531	-2.9887	-0.0142	0.5314	-0.0307	-0.3760	-0.5569	0.6883	-0.2732	0.1138	-0.0916	0.0428	-2.0927	-9.5336	0.9500	-0.4969986633727643	1	0	10	Upright	Normal
-2.0303	-9.4619	0.9960	34.1712	83.0479	106.3231	10.9173	24.8063	-3.3076	0.0658	0.0678	0.0139	-0.3753	-0.5560	0.6895	-0.2732	-0.0076	0.0181	-0.0030	-2.0961	-9.5297	0.9821	0.4373283204339362	1	0	10	Upright	Normal
-2.1063	-9.3464	0.8039	34.3933	83.2515	106.1655	10.9227	24.4731	-3.2154	-0.0201	0.1885	-0.1469	-0.3746	-0.5578	0.6889	-0.2719	-0.0353	-0.0213	-0.0318	-2.0862	-9.5349	0.9508	-0.11392975511821923	0	0	10	Upright	Normal
-1.8765	-9.5762	0.8039	34.7471	83.1824	106.0249	10.5798	24.3907	-2.3428	0.1739	-0.0340	-0.1526	-0.3717	-0.5595	0.6894	-0.2711	-0.0683	-0.1193	-0.0147	-2.0503	-9.5422	0.9565	0.17691328322035815	0	0	10	Upright	Normal
-1.6855	-9.3087	0.7661	34.8233	82.6045	106.7310	10.9883	25.0450	-3.2896	0.4239	0.2123	-0.2701	-0.3712	-0.5562	0.6931	-0.2692	0.0340	0.1726	0.0801	-2.1094	-9.5210	1.0362	-0.3003460879611186	0	0	10	Upright	Normal
-2.4128	-9.4613	1.1103	33.6267	82.7557	106.8866	11.5706	24.6843	-3.5534	-0.2421	0.0467	0.0807	-0.3790	-0.5512	0.6909	-0.2742	0.0084	0.1353	0.0662	-2.1706	-9.5080	1.0297	0.3359993780202082	0	0	10	Upright	Normal
-2.1835	-9.2320	0.9577	32.4655	83.0460	106.8509	11.0879	23.8668	-3.4386	0.0284	0.2693	-0.0440	-0.3864	-0.5473	0.6877	-0.2795	-0.0672	0.1385	0.0290	-2.2119	-9.5014	1.0017	-0.2921127791522711	0	0	10	Upright	Normal
-1.6849	-9.3464	0.6889	32.2131	83.4057	106.5012	11.3688	24.4096	-2.5681	0.5065	0.1648	-0.2638	-0.3882	-0.5484	0.6852	-0.2813	0.0297	-0.0010	-0.0115	-2.1914	-9.5111	0.9527	-0.012909900928585571	0	0	10	Upright	Normal
-3.1789	-9.3464	1.5700	31.7865	82.7581	106.8146	11.0685	24.4937	-3.0195	-0.9881	0.1546	0.5192	-0.3880	-0.5440	0.6873	-0.2849	0.1714	-1.0855	0.4497	-2.1908	-9.5009	1.0508	0.47426474277097164	0	0	10	Upright	Normal
-2.5277	-9.2698	0.9571	32.5515	82.5608	108.1809	11.7317	23.9673	-3.4750	-0.1426	0.1821	-0.1131	-0.3894	-0.5420	0.6927	-0.2733	-0.0044	0.0906	0.0162	-2.3851	-9.4519	1.0702	-0.3404729538260831	0	0	11	Upright	Normal
Total time: 11 seconds.
