1.1881	10.6883	-0.7284	38.4459	-105.9287	99.5291	-10.8173	-35.8596	-12.4842	1.2775	1.1114	1.3795	0.7035	0.3355	0.2644	-0.5680	0.1384	-0.1182	0.1769	-0.0893	9.5770	-2.1079	0.7670288786395645	3	0	1	Upright	Normal
0.4597	8.5808	-1.0726	37.7383	-105.3205	100.1293	-11.1142	-36.0184	-11.7101	0.3575	-1.0087	0.9765	0.7028	0.3325	0.2750	-0.5656	-0.0150	0.3910	0.0064	0.1022	9.5895	-2.0491	-2.1189833815890964	3	0	1	Upright	Normal
1.0343	8.3893	-0.7278	37.8313	-105.5055	101.0673	-11.7953	-35.8529	-11.3761	0.7985	-1.1934	1.3428	0.7061	0.3272	0.2780	-0.5632	0.1820	-0.3419	0.0192	0.2358	9.5826	-2.0707	-0.17569504603198105	0	0	1	Upright	Normal
0.2687	4.0995	-0.6518	40.7638	-105.5714	101.1504	-11.3668	-36.1321	-11.0213	0.1284	-5.5013	1.3421	0.7104	0.3114	0.2618	-0.5743	-0.1365	-0.7275	-0.1140	0.1404	9.6007	-1.9939	-4.324411906219331	0	0	1	Upright	Normal
0.2304	9.1943	-0.5369	43.5452	-103.1875	96.7895	-11.9053	-35.4815	-12.0022	0.6322	-0.4690	1.0847	0.6972	0.3109	0.2384	-0.6004	-0.2345	-0.1203	-0.8969	-0.4018	9.6633	-1.6216	5.053163066084424	0	0	1	Upright	Normal
-1.1103	17.8135	-8.7346	46.6190	-104.3412	93.8386	-9.4811	-34.6551	-12.6005	0.0153	8.2156	-7.0662	0.6956	0.3182	0.1979	-0.6130	-0.5061	-0.8234	-0.8351	-1.1256	9.5979	-1.6685	10.65790764762364	0	0	1	Upright	Normal
-3.3704	14.1360	-2.1841	50.0439	-112.0540	97.7675	-8.4154	-34.9089	-12.2145	-1.8021	4.7489	0.1806	0.7216	0.3161	0.1508	-0.5972	1.1664	-0.2119	-0.2226	-1.5684	9.3871	-2.3647	-5.1752973093313415	0	0	1	Upright	Normal
-1.6466	8.3133	-1.1115	48.6241	-106.5046	94.0890	-8.4467	-34.8892	-11.9058	-0.2318	-1.2145	0.7301	0.7023	0.3173	0.1742	-0.6130	-0.9887	-0.2524	0.2451	-1.4148	9.5277	-1.8416	-6.148075515764871	0	0	1	Upright	Normal
-0.7655	4.1761	-2.1458	51.8632	-102.4232	92.9825	-9.7045	-34.8787	-13.8905	0.3934	-5.4742	-0.8429	0.6970	0.2839	0.1739	-0.6351	-0.3389	-0.7478	0.3686	-1.1589	9.6503	-1.3029	-3.7902516733544935	0	0	1	Upright	Normal
-1.4934	5.8616	-1.8393	50.6579	-101.1375	90.5702	-10.4079	-34.4906	-15.2286	-0.1242	-3.7743	-0.6384	0.6873	0.2981	0.1755	-0.6387	-0.4720	0.9204	-0.6561	-1.3692	9.6359	-1.2010	1.5651843788476176	0	0	1	Upright	Normal
-0.8811	10.8409	-0.5746	45.1666	-101.4638	89.8607	-8.5859	-34.1176	-14.6887	0.5246	1.2335	0.7997	0.6769	0.3344	0.2023	-0.6237	0.1203	0.3015	0.4229	-1.4057	9.6075	-1.3743	4.569503128595911	0	1	2	Jump	Normal
5.3247	13.1394	1.6855	40.0564	-106.9933	98.8488	-8.9346	-34.6695	-12.6930	5.7046	3.5889	3.8794	0.7061	0.3365	0.2454	-0.5726	0.4537	-2.6674	0.3121	-0.3799	9.5505	-2.1938	3.3853405930414375	0	1	2	PT	Normal
0.0006	5.5935	-0.5369	40.3472	-104.4276	96.4143	-9.7494	-34.9900	-12.6308	0.5116	-4.0211	1.3253	0.6939	0.3368	0.2472	-0.5865	-0.1642	0.9119	-0.0714	-0.5110	9.6145	-1.8622	-8.65794650753418	0	1	2	Jump	Normal
0.6135	3.1801	-0.3454	39.4271	-103.4213	95.3597	-8.3187	-34.8903	-13.5626	1.1619	-6.4519	1.4129	0.6871	0.3429	0.2530	-0.5885	-0.0832	-0.1214	-0.0416	-0.5484	9.6320	-1.7582	-2.362105756283364	0	1	2	PT	Normal
-1.2635	7.4705	-0.5752	44.4652	-103.5075	94.2405	-9.0740	-33.7228	-14.2178	-0.3684	-2.1573	1.0596	0.6921	0.3230	0.2177	-0.6077	0.1032	-0.6764	-0.5774	-0.8951	9.6278	-1.6348	4.3412954599459646	0	1	2	Jump	Normal
-1.1492	18.6173	-9.7683	43.8402	-105.3146	91.9969	-6.9269	-32.4805	-14.7852	0.3142	9.1022	-7.9001	0.6878	0.3495	0.1986	-0.6044	0.5186	0.4443	-0.5310	-1.4635	9.5152	-1.8682	13.45734213465387	0	1	2	Jump	Normal
-2.7958	10.6117	-1.2264	49.2913	-112.8590	97.6854	-7.1868	-34.2649	-12.8232	-1.1423	1.2703	1.2582	0.7219	0.3248	0.1497	-0.5924	-0.7671	0.4155	0.2829	-1.6535	9.3414	-2.4846	-10.01360605595258	0	1	2	Jump	Normal
-2.2601	7.1251	-1.1492	52.3230	-106.2555	93.4044	-8.4451	-33.5969	-14.1653	-0.6503	-2.4018	0.5287	0.7040	0.2999	0.1501	-0.6260	-0.6936	-0.7691	0.3862	-1.6098	9.5270	-1.6779	-3.4793463119179506	0	1	2	PT	Normal
-1.3402	2.3756	-1.8393	61.5047	-100.2029	90.6895	-11.7030	-32.1175	-16.0528	0.0703	-7.2935	-1.0105	0.6995	0.2301	0.1164	-0.6665	-0.6585	-1.2740	0.1529	-1.4105	9.6691	-0.8288	-4.27301055619445	0	1	2	Jump	Normal
-3.6392	9.6151	-0.8428	58.0377	-96.9970	84.2520	-12.2574	-31.0630	-18.1225	-1.6559	0.0320	-0.2104	0.6777	0.2701	0.1192	-0.6734	0.2832	1.8920	-0.8473	-1.9833	9.5831	-0.6324	7.025465270551765	0	2	3	Jump	Normal
4.0606	18.3109	-1.4174	51.6714	-111.8149	100.4340	-11.8438	-31.6921	-16.9255	5.2234	8.8394	0.8428	0.7291	0.2892	0.1568	-0.6002	1.1120	-0.5145	1.8610	-1.1628	9.4715	-2.2601	8.493971476286863	0	2	3	Jump	Normal
-1.4557	10.9176	-1.9537	65.0950	-107.2359	96.1629	-13.6208	-32.9849	-15.4590	0.1592	1.3225	-0.7301	0.7182	0.2159	0.0827	-0.6563	-0.7820	-1.4423	-0.3590	-1.6149	9.5951	-1.2236	-7.6230626474484495	0	2	3	Jump	Normal
-0.2298	4.1372	-0.0383	63.6445	-107.1846	95.9765	-13.9911	-32.0360	-16.3191	1.3768	-5.4510	1.2480	0.7176	0.2251	0.0907	-0.6528	-0.1940	0.3431	-0.2152	-1.6067	9.5882	-1.2863	-7.0423975867045945	0	2	3	Jump	Normal
-1.7998	9.4625	-0.1921	66.0777	-103.0152	92.6540	-14.1858	-30.9287	-17.6721	-0.2255	-0.1754	0.7034	0.7089	0.2076	0.0827	-0.6689	0.3131	-1.2335	0.0458	-1.5743	9.6379	-0.8956	5.490304352101394	0	2	3	Jump	Normal
-2.1446	10.8032	-3.0652	71.4295	-97.5545	85.4306	-15.7714	-30.2959	-17.7065	-0.1517	1.2100	-2.6546	0.6969	0.1877	0.0403	-0.6910	-1.1975	-1.4327	-0.5241	-1.9929	9.5933	-0.4106	1.798521588038808	0	2	3	PT	Normal
-3.8690	15.7826	-0.9577	81.7657	-136.9871	122.1063	-18.0361	-29.7297	-17.3663	-1.4132	6.3442	0.0693	0.7317	0.1305	-0.0522	-0.6670	1.8034	-2.4810	0.0541	-2.4559	9.4384	-1.0270	4.845528773438051	0	2	3	Jump	Normal
-2.0680	5.5168	-1.1881	84.9840	121.7440	-132.9332	-20.5442	-30.9035	-14.2719	-0.1507	-4.0899	-0.7377	0.7218	0.0443	-0.0934	-0.6843	-0.6137	-2.1049	0.8317	-1.9173	9.6067	-0.4504	-10.267843618349055	0	2	3	Jump	Normal
-3.7918	10.5351	-3.3716	71.5804	89.4491	-98.7365	-25.0390	-30.1257	-12.1721	-2.2139	0.8564	-3.4014	0.7038	-0.0564	-0.1694	-0.6876	-0.4188	-0.4410	-0.0215	-1.5779	9.6787	0.0298	5.6830562238579825	0	2	3	Jump	Normal
-1.8381	12.7186	0.1909	70.6351	98.6601	-108.6010	-24.9146	-30.0149	-11.9744	-0.0660	3.0858	0.6806	0.7224	-0.0552	-0.1759	-0.6664	0.9394	-1.1877	0.3683	-1.7722	9.6328	-0.4896	1.1588320198851534	0	2	3	PT	Normal
0.7284	10.7649	-4.8273	66.4012	86.8180	-96.0361	-25.2664	-30.1349	-11.8056	2.2541	1.0802	-5.0452	0.6935	-0.0889	-0.2002	-0.6863	-0.5892	0.0118	0.0797	-1.5257	9.6847	0.2179	-1.0319812832041837	0	3	4	Walk	Normal
0.6518	8.1600	0.0760	57.3865	99.2590	-105.0952	-26.2603	-29.6945	-10.4357	1.8892	-1.5309	0.9264	0.7197	-0.1595	-0.2286	-0.6359	1.7789	-3.5228	-0.0704	-1.2374	9.6910	-0.8504	-3.6338288169042787	0	3	4	Run	Normal
-1.7998	6.7810	-0.2304	44.6529	99.5858	-105.1180	-26.0707	-30.2643	-4.6846	-0.3859	-2.8533	0.9313	0.7100	-0.2348	-0.2977	-0.5934	-0.6712	-1.1398	0.0840	-1.4139	9.6343	-1.1618	-1.1667758547606821	0	3	4	Walk	Normal
-1.5706	9.8067	-0.9960	38.4253	99.0684	-104.2541	-26.2672	-29.4542	-3.7699	-0.1172	0.1842	0.2149	0.6982	-0.2725	-0.3301	-0.5739	1.1919	-2.0421	0.1724	-1.4534	9.6224	-1.2109	2.9619234441187468	0	3	4	Walk	Normal
-2.3744	10.4968	-2.3756	29.1451	94.6308	-101.8673	-25.3363	-30.3613	-2.2149	-0.7416	0.8519	-1.6840	0.6599	-0.3159	-0.3929	-0.5571	-0.6425	-1.7619	-0.0811	-1.6328	9.6449	-0.6916	1.0395830014833454	0	3	4	Walk	Normal
-3.6386	8.9645	-3.2184	15.8862	93.3539	-101.2090	-23.3832	-29.7951	-1.2313	-1.8896	-0.6690	-2.6665	0.6170	-0.3840	-0.4613	-0.5090	0.2875	-3.5164	0.4792	-1.7490	9.6335	-0.5519	-0.8250071427761156	0	3	4	Walk	Normal
-1.3018	8.0068	-2.1075	7.7647	94.6674	-99.9745	-23.3194	-29.0541	1.3920	0.2851	-1.6382	-1.3168	0.5914	-0.4365	-0.4859	-0.4729	-0.1162	-0.2311	0.2696	-1.5869	9.6450	-0.7907	-1.8148328800539417	0	3	4	Walk	Normal
-2.3750	8.5042	-1.1875	-0.5866	94.1038	-97.9582	-22.5765	-29.0048	3.0378	-1.0136	-1.1820	-0.4857	0.5500	-0.4830	-0.5165	-0.4444	0.5261	-2.6141	0.6297	-1.3614	9.6862	-0.7018	0.527873745917347	0	3	4	Walk	Normal
-2.7198	8.0828	-2.0686	-8.4348	94.7871	-96.4846	-22.5648	-27.5349	5.1952	-1.4968	-1.6134	-1.2589	0.5144	-0.5260	-0.5397	-0.4092	-0.3900	-0.8181	0.0768	-1.2230	9.6962	-0.8097	-0.13368329182223349	0	3	4	Tilt	Normal
-2.2218	10.8409	-1.9920	-12.9559	95.3917	-96.6141	-21.6186	-28.0027	5.8304	-0.8920	1.1666	-1.0939	0.4982	-0.5455	-0.5549	-0.3825	0.0478	-0.3430	0.1205	-1.3298	9.6744	-0.8981	2.46866663193504	0	0	5	Tilt	Normal
0.3837	11.6460	-3.1418	-11.1792	93.9078	-95.3247	-22.4789	-27.9102	5.6060	1.4207	1.9164	-2.4861	0.4929	-0.5390	-0.5501	-0.4049	-0.6222	0.7159	0.4720	-1.0370	9.7296	-0.6557	0.8243574221687222	0	0	5	Tilt	Normal
2.5289	10.0371	-3.6781	-11.1140	96.1230	-91.4145	-24.0299	-27.5711	4.2666	2.9712	0.2943	-2.6516	0.4847	-0.5633	-0.5264	-0.4130	0.4963	-0.5720	-0.0510	-0.4423	9.7428	-1.0265	-1.083589333193622	0	0	5	Tilt	Normal
-1.6083	8.4665	-0.7284	-22.6638	103.2571	-87.6419	-22.4402	-26.7132	6.9325	-1.1352	-1.1063	1.3469	0.4443	-0.6391	-0.5326	-0.3325	0.9948	-1.9995	0.4022	-0.4732	9.5728	-2.0753	-2.336227805947832	0	0	5	Tilt	Normal
0.0772	5.8233	-2.0309	-24.5075	100.6517	-88.6133	-20.6697	-26.6149	8.6926	0.5957	-3.8297	-0.3814	0.4284	-0.6329	-0.5527	-0.3323	-1.0313	0.4965	-0.1283	-0.5185	9.6530	-1.6495	-2.480865342167669	0	0	5	Tilt	Normal
-1.3785	7.7387	-1.6095	-32.9656	101.7825	-88.9676	-19.5758	-26.2687	8.4070	-0.4619	-1.8793	0.0706	0.3937	-0.6563	-0.5809	-0.2773	0.3759	-1.2687	-0.5150	-0.9165	9.6180	-1.6801	1.8558385864165432	0	0	5	Tilt	Normal
1.0726	10.5345	-3.1795	-35.0930	98.3658	-93.4287	-17.7335	-26.1427	9.6033	2.4717	0.8987	-2.0120	0.3902	-0.6382	-0.6101	-0.2612	-0.6628	-0.8586	-0.4692	-1.3991	9.6358	-1.1675	3.032406751283821	0	0	5	Tilt	Normal
-5.8604	12.6803	-0.4603	-39.9948	106.1304	-89.5617	-16.3521	-25.4967	9.8436	-4.1813	3.2467	1.6270	0.3832	-0.6779	-0.5918	-0.2083	2.0889	-1.1259	0.2728	-1.6791	9.4336	-2.0873	2.920618132425288	0	0	5	Tilt	Normal
-0.9188	8.1600	-1.9543	-37.6877	105.4882	-90.8201	-15.2944	-24.8419	10.3912	0.8173	-1.2665	0.1182	0.3992	-0.6681	-0.5885	-0.2191	-1.0952	1.2709	0.1823	-1.7361	9.4266	-2.0725	-5.535712381894578	0	0	5	Tilt	Normal
-0.5357	4.4059	-1.9926	-38.1495	102.1751	-90.8440	-17.1613	-26.0668	9.4996	0.8830	-5.1603	-0.3660	0.3797	-0.6624	-0.6013	-0.2355	-0.2749	-0.9544	0.2185	-1.4187	9.5662	-1.6266	-3.5757978787659024	0	0	5	Tilt	Normal
-3.0640	7.6620	-0.9200	-39.7149	99.9655	-93.7532	-16.8380	-26.5666	10.0827	-1.3496	-1.9049	0.3856	0.3764	-0.6518	-0.6192	-0.2235	-0.1024	0.1886	-0.4792	-1.7144	9.5669	-1.3056	3.43793708097086	0	1	6	PT	Normal
-1.3402	15.5533	-6.0531	-35.8546	97.6601	-96.5236	-17.5162	-26.6878	9.5399	0.5248	5.9842	-4.9936	0.3995	-0.6280	-0.6216	-0.2441	-1.3061	0.9119	-0.1288	-1.8649	9.5692	-1.0596	8.440339364481746	0	1	6	Jump	Normal
1.1881	10.5351	1.5700	-30.8857	108.6274	-87.8000	-21.3303	-25.6368	9.2535	2.4382	1.1874	4.2582	0.4309	-0.6718	-0.5457	-0.2552	0.3237	-2.2679	-0.0299	-1.2501	9.3477	-2.6882	-6.02589522270662	0	1	6	Jump	Normal
-2.7192	5.2870	-2.0692	-35.9966	101.1223	-91.4429	-19.5965	-25.0597	10.0697	-1.3653	-4.3043	-0.5385	0.3888	-0.6533	-0.5992	-0.2509	-0.1844	0.1673	0.1299	-1.3539	9.5913	-1.5306	-4.422422273711461	0	1	6	Jump	Normal
0.8434	4.2910	0.0377	-31.9851	102.7865	-92.6537	-19.2663	-25.8321	10.4070	2.4346	-5.2089	1.8787	0.4246	-0.6431	-0.5825	-0.2585	0.2907	0.5242	-0.5199	-1.5912	9.4999	-1.8410	-1.9218155580553837	0	1	6	PT	Normal
-0.8805	8.4665	-0.6901	-36.6061	102.7247	-93.9898	-18.5148	-26.3154	11.3638	1.0701	-0.9864	1.0440	0.4086	-0.6492	-0.6008	-0.2249	-0.2068	-0.5784	-0.3868	-1.9505	9.4529	-1.7342	4.166827975168196	0	1	6	Jump	Normal
-3.7918	19.1542	-6.3979	-37.3261	100.9667	-98.0186	-16.2256	-26.5950	11.2220	-1.3286	9.7787	-4.9142	0.4181	-0.6331	-0.6170	-0.2091	0.4483	0.2035	-0.4507	-2.4632	9.3755	-1.4837	12.007275181682333	0	1	6	Jump	Normal
-3.2178	9.8833	-0.9960	-40.1538	109.5179	-91.6810	-14.8820	-25.4984	12.6637	-0.8347	0.7061	1.5083	0.4123	-0.6765	-0.5841	-0.1764	-0.3485	0.3537	0.3292	-2.3831	9.1771	-2.5043	-10.1058203855638	0	1	6	Jump	Normal
-1.9154	6.0908	-2.5666	-39.3048	101.3630	-96.2816	-15.1963	-26.2020	13.0333	0.3533	-3.3318	-1.0714	0.4004	-0.6449	-0.6181	-0.2044	-0.8278	0.7798	0.3857	-2.2687	9.4227	-1.4952	-3.560118416817213	0	1	6	Jump	Normal
-0.6129	2.3750	-1.0343	-40.5324	98.2358	-97.0002	-15.8604	-27.8925	11.8792	1.4762	-7.1468	0.0335	0.3810	-0.6398	-0.6334	-0.2107	-0.4848	-0.9853	-0.1161	-2.0891	9.5219	-1.0678	-4.2194636964823236	0	1	6	Jump	Normal
-3.0640	11.8375	0.3059	-36.6950	99.0281	-99.1572	-15.6631	-28.5644	11.2664	-0.6147	2.4222	1.5398	0.4171	-0.6237	-0.6244	-0.2173	0.6209	1.7023	-0.2737	-2.4493	9.4153	-1.2339	9.569474506526175	0	2	7	Jump	Normal
6.8953	14.2120	2.5666	-28.3720	110.8441	-86.1616	-20.2123	-26.6679	11.6772	7.9363	4.9567	5.6370	0.4436	-0.6780	-0.5232	-0.2641	0.5560	-1.8855	0.8842	-1.0410	9.2552	-3.0704	3.772109998177198	0	2	7	Jump	Normal
-3.3710	9.7683	-2.2218	-37.2221	104.4215	-89.8599	-18.9967	-26.0417	14.2923	-1.9169	0.2673	-0.2768	0.3905	-0.6683	-0.5887	-0.2330	-0.6808	-0.5390	0.3950	-1.4542	9.5011	-1.9450	-5.433792558974785	0	2	7	Jump	Normal
-0.1532	3.8690	-1.4557	-30.9386	104.9968	-89.7478	-18.3235	-26.8369	13.8521	1.1097	-5.6092	0.7210	0.4244	-0.6564	-0.5639	-0.2665	-0.0502	1.6363	-0.1972	-1.2629	9.4782	-2.1766	-6.433126825435691	0	2	7	Jump	Normal
-0.4591	7.2790	-0.5369	-32.5989	104.6461	-90.5336	-19.9091	-26.8431	12.7588	0.9652	-2.1961	1.5522	0.4189	-0.6565	-0.5731	-0.2551	0.2886	-1.5893	-0.2761	-1.4243	9.4751	-2.0891	3.176570239615077	0	2	7	PT	Normal
0.3837	11.7992	-2.6438	-34.3967	103.9974	-94.1583	-17.5939	-27.5233	13.9712	2.4102	2.4060	-0.6865	0.4273	-0.6459	-0.5894	-0.2299	-0.3282	0.4805	-0.9280	-2.0265	9.3932	-1.9573	4.784653615001232	0	2	7	Jump	Normal
-2.7575	12.2972	-1.7244	-36.8207	107.3708	-93.7902	-16.1287	-27.6152	14.4218	-0.3880	3.0743	0.6194	0.4304	-0.6590	-0.5841	-0.1982	1.5914	-0.1246	0.0510	-2.3695	9.2229	-2.3438	0.6221515697690734	0	2	7	PT	Normal
-1.6466	7.8919	-2.2607	-39.2706	108.3376	-93.7165	-14.1698	-25.3898	15.4451	0.9058	-1.2706	0.1279	0.4227	-0.6657	-0.5886	-0.1782	-1.2699	-0.2769	0.1282	-2.5524	9.1625	-2.3887	-4.347182039749548	0	2	7	Jump	Normal
-2.1446	8.2367	-4.1761	-36.8528	102.0394	-96.9688	-14.6535	-27.6255	14.3362	0.2369	-1.1346	-2.5392	0.4204	-0.6377	-0.6097	-0.2116	-0.6755	-0.4527	-0.0678	-2.3815	9.3712	-1.6369	1.107808377735088	0	2	7	PT	Normal
-3.8684	11.2629	-2.9886	-38.1299	103.2308	-98.3402	-14.0474	-29.0721	13.6717	-1.1124	2.0186	-1.2230	0.4280	-0.6379	-0.6115	-0.1900	0.1309	0.3164	-0.6409	-2.7560	9.2443	-1.7656	2.7973654670326464	0	3	8	Walk	Normal
0.2304	9.2709	0.6123	-30.0516	107.5409	-96.4087	-15.8987	-27.9957	13.8051	2.7451	0.1440	3.1707	0.4787	-0.6335	-0.5649	-0.2245	0.1246	0.5764	0.2976	-2.5147	9.1270	-2.5584	-2.9840416667905263	0	3	8	Walk	Normal
-0.8811	8.3510	-3.5243	-32.0502	101.1940	-95.4580	-17.3812	-28.6596	13.8566	1.0397	-1.1293	-1.9106	0.4317	-0.6292	-0.5949	-0.2525	-0.9056	-0.8660	0.2933	-1.9207	9.4803	-1.6137	-0.18702095605193492	0	3	8	Tilt	Normal
-1.1875	11.2623	-0.1915	-31.8111	105.6841	-92.1351	-17.7077	-28.8773	12.9133	0.5607	1.8794	2.0614	0.4371	-0.6510	-0.5699	-0.2457	1.1110	0.2770	0.2837	-1.7482	9.3829	-2.2529	2.219417778505882	0	0	8	Tilt	Normal
-1.0720	9.5008	-2.6055	-31.8852	101.5940	-92.8994	-17.9553	-28.6472	13.8449	0.4537	-0.0407	-0.9319	0.4204	-0.6392	-0.5871	-0.2645	-0.2174	0.1055	-0.0147	-1.5257	9.5415	-1.6735	-1.4166071066712274	0	0	8	Tilt	Normal
-0.9188	10.7649	-0.4220	-31.6077	102.1823	-92.6825	-17.3019	-28.6862	13.4183	0.6134	1.2405	1.3406	0.4236	-0.6406	-0.5835	-0.2639	-0.0225	-0.0063	-0.1021	-1.5321	9.5244	-1.7626	0.9025343661490357	0	0	8	Tilt	Normal
-1.0337	9.1943	-2.0692	-32.7486	99.9405	-93.3403	-17.9230	-29.0397	12.9337	0.4434	-0.3952	-0.6454	0.4100	-0.6360	-0.5970	-0.2664	-0.1887	-0.0596	-0.0797	-1.4771	9.5895	-1.4238	-1.3314935996260395	0	0	8	Tilt	Normal
-0.7661	10.1897	-0.7661	-32.9892	99.6594	-93.5759	-16.9020	-29.3008	12.9867	0.7311	0.5969	0.6141	0.4086	-0.6352	-0.5993	-0.2654	-0.0257	-0.1938	-0.0744	-1.4973	9.5928	-1.3803	0.7663522054435852	0	0	8	Tilt	Normal
-1.0343	9.7683	-1.3791	-33.8809	98.7890	-94.1273	-16.2494	-29.4552	13.4589	0.4965	0.1622	-0.1350	0.4025	-0.6336	-0.6065	-0.2622	-0.0534	-0.0958	-0.1010	-1.5308	9.6061	-1.2441	-0.32789365870774745	0	0	8	Tilt	Normal
-0.9960	10.0365	-1.1875	-34.3728	98.7433	-94.3126	-16.6293	-29.2030	13.3790	0.5722	0.4345	0.0429	0.4008	-0.6341	-0.6086	-0.2586	0.0106	-0.1171	-0.0817	-1.5682	9.6019	-1.2305	0.23622383537640168	0	0	8	Tilt	Normal
-0.8811	9.7683	-1.1875	-34.9049	98.6357	-94.3460	-16.4574	-29.2068	13.1830	0.6939	0.1646	0.0202	0.3977	-0.6352	-0.6107	-0.2559	0.0063	-0.0500	-0.0934	-1.5749	9.6037	-1.2077	-0.27588273481951653	1	0	9	Tilt	Normal
-0.9577	10.0365	-1.0343	-35.0695	98.6165	-94.3519	-15.4559	-28.7605	13.1569	0.6198	0.4326	0.1683	0.3968	-0.6355	-0.6113	-0.2550	-0.0075	-0.0308	-0.0625	-1.5775	9.6039	-1.2026	0.2554196068720813	1	0	9	Tilt	Normal
-0.9960	9.7683	-1.0726	-35.2092	98.2625	-94.4464	-15.7224	-29.3474	13.6185	0.5665	0.1558	0.0790	0.3947	-0.6348	-0.6131	-0.2557	-0.0395	-0.0063	-0.0657	-1.5625	9.6126	-1.1516	-0.25764701141753577	1	0	9	Tilt	Normal
-1.0726	9.9982	-0.9194	-35.2370	97.8685	-94.6798	-15.9714	-29.3405	13.7545	0.4920	0.3795	0.1773	0.3937	-0.6332	-0.6151	-0.2565	-0.0608	-0.0181	-0.0529	-1.5646	9.6187	-1.0967	0.22015692206361237	1	0	9	Tilt	Normal
-1.2258	9.8833	-1.0343	-35.3525	97.4967	-94.9355	-15.2997	-29.8261	12.9486	0.3484	0.2602	0.0093	0.3925	-0.6318	-0.6173	-0.2565	-0.0363	-0.0255	-0.0626	-1.5742	9.6230	-1.0436	-0.08492253365410463	1	0	9	Tilt	Normal
-1.0726	9.8833	-0.8811	-35.6517	97.3720	-94.9952	-15.3560	-29.3201	12.9623	0.5049	0.2586	0.1414	0.3906	-0.6321	-0.6187	-0.2551	0.0137	-0.0617	-0.0595	-1.5775	9.6247	-1.0225	-0.03228918318221652	1	0	9	Tilt	Normal
-1.0343	9.9599	-0.8428	-35.8349	97.4339	-94.9456	-15.5012	-28.8213	13.4914	0.5441	0.3359	0.1860	0.3897	-0.6329	-0.6189	-0.2540	0.0042	-0.0245	-0.0669	-1.5784	9.6239	-1.0288	0.06856355512846513	1	0	9	Tilt	Normal
-1.1492	9.8067	-1.0726	-36.0211	97.3581	-95.0607	-15.7940	-28.9543	12.9814	0.4446	0.1839	-0.0567	0.3890	-0.6328	-0.6200	-0.2527	0.0116	0.0043	-0.0818	-1.5938	9.6227	-1.0159	-0.11697268946395312	1	0	9	Tilt	Normal
-1.0726	9.9216	-0.9577	-36.1308	97.5952	-95.0337	-15.3781	-29.9627	13.2667	0.5417	0.3056	0.0893	0.3896	-0.6337	-0.6194	-0.2509	0.0137	0.0182	-0.0840	-1.6143	9.6160	-1.0470	0.09336613354105161	1	0	9	Tilt	Normal
-1.1486	9.9222	-1.1498	-36.0900	97.7149	-95.0494	-15.4155	-29.5851	13.6078	0.4793	0.3103	-0.0859	0.3905	-0.6338	-0.6189	-0.2504	0.0489	0.0245	-0.0916	-1.6279	9.6118	-1.0639	0.029162081855458766	1	0	9	Tilt	Normal
-1.2252	9.8072	-0.9966	-35.8588	97.6662	-95.1752	-15.3328	-28.9556	13.9451	0.4146	0.1971	0.0637	0.3921	-0.6327	-0.6187	-0.2513	-0.0076	0.0309	-0.0725	-1.6399	9.6102	-1.0603	-0.12086625314286437	2	0	10	Tilt	Fall
-1.2635	9.8839	-1.0732	-35.7753	97.7610	-95.2052	-15.2588	-29.0290	13.4660	0.3891	0.2774	0.0013	0.3932	-0.6326	-0.6182	-0.2511	0.0478	0.0288	-0.0757	-1.6526	9.6064	-1.0745	0.08840446266701107	2	0	10	Tilt	Normal
-1.2252	9.8456	-0.9583	-35.7262	97.7519	-95.2745	-15.7580	-29.1499	12.9036	0.4372	0.2408	0.1157	0.3938	-0.6322	-0.6182	-0.2511	-0.0204	-0.0053	-0.0799	-1.6625	9.6048	-1.0739	-0.05424638924905878	2	0	10	Tilt	Normal
-1.1486	9.8456	-0.9200	-35.4428	97.6855	-95.4271	-15.6650	-29.3863	13.7238	0.5278	0.2426	0.1486	0.3958	-0.6307	-0.6180	-0.2523	-0.0023	0.0373	-0.0810	-1.6764	9.6030	-1.0686	-0.012737845190788022	2	0	10	Tilt	Normal
-1.1486	9.8839	-1.1115	-35.4043	97.4769	-95.5805	-15.2953	-29.7978	13.8347	0.5327	0.2786	-0.0714	0.3957	-0.6297	-0.6189	-0.2528	-0.0118	0.0277	-0.0723	-1.6813	9.6052	-1.0401	0.05732696895348077	2	0	10	Tilt	Normal
-1.3402	9.8456	-1.0349	-35.2582	97.3748	-95.6267	-15.7352	-29.0812	13.4422	0.3367	0.2382	-0.0069	0.3961	-0.6289	-0.6189	-0.2540	-0.0118	0.0043	-0.0542	-1.6768	9.6073	-1.0280	-0.022156868996253465	2	0	10	Tilt	Normal
-1.1486	9.9222	-1.0349	-35.0370	97.4555	-95.5944	-15.9381	-28.6506	14.2890	0.5264	0.3160	0.0070	0.3975	-0.6286	-0.6180	-0.2550	-0.0065	0.0416	-0.0616	-1.6750	9.6061	-1.0419	0.051785000361741496	2	0	10	Tilt	Normal
-1.1869	9.8839	-1.1115	-34.8679	97.5628	-95.5603	-15.8938	-28.7737	13.6281	0.4895	0.2798	-0.0525	0.3988	-0.6284	-0.6170	-0.2555	0.0052	0.0309	-0.0701	-1.6764	9.6040	-1.0590	-0.025162135729489776	2	0	10	Tilt	Normal
-1.2252	9.8456	-1.0349	-34.7297	97.7271	-95.5220	-15.8657	-29.0100	12.9292	0.4576	0.2454	0.0488	0.4002	-0.6286	-0.6159	-0.2557	0.0137	0.0309	-0.0765	-1.6828	9.6002	-1.0837	-0.04139938022242262	2	0	10	Tilt	Normal
-1.2252	9.8072	-1.0349	-34.4373	97.8190	-95.5134	-15.9471	-29.1796	13.3167	0.4592	0.2093	0.0655	0.4021	-0.6280	-0.6147	-0.2569	0.0020	0.0384	-0.0691	-1.6845	9.5979	-1.1004	-0.03789824191889579	2	0	10	Tilt	Normal
-1.2252	9.8072	-1.1498	-34.2056	97.9439	-95.5068	-15.7604	-29.5999	13.7731	0.4652	0.2128	-0.0289	0.4040	-0.6277	-0.6136	-0.2576	0.0137	0.0373	-0.0680	-1.6905	9.5945	-1.1209	0.012622059819094034	3	0	11	Tilt	Normal
-1.2258	9.8833	-1.1492	-34.0608	98.0342	-95.4778	-15.6131	-29.1758	13.0994	0.4654	0.2906	-0.0136	0.4050	-0.6276	-0.6128	-0.2581	0.0169	0.0299	-0.0659	-1.6912	9.5927	-1.1356	0.07501932819869417	3	0	11	Tilt	Normal
-1.2641	9.8450	-1.1492	-33.8933	98.2015	-95.4253	-16.0500	-29.0740	13.8620	0.4302	0.2559	0.0121	0.4065	-0.6277	-0.6116	-0.2584	0.0350	0.0256	-0.0701	-1.6943	9.5891	-1.1613	-0.03298268110723157	3	0	11	Tilt	Normal
-1.2641	9.8067	-1.2258	-33.7114	98.3751	-95.3615	-16.6797	-29.0125	13.7356	0.4317	0.2212	-0.0376	0.4080	-0.6278	-0.6103	-0.2589	0.0372	0.0118	-0.0595	-1.6958	9.5855	-1.1883	-0.02860066375576409	3	0	11	Tilt	Normal
-1.1109	9.8833	-1.2258	-33.4747	98.4796	-95.2923	-16.2309	-29.2208	13.5069	0.5781	0.2988	-0.0196	0.4094	-0.6276	-0.6090	-0.2600	0.0105	0.0107	-0.0596	-1.6890	9.5844	-1.2062	0.05726517386661811	3	0	11	Tilt	Normal
-1.2635	9.8072	-1.1498	-33.3919	98.4731	-95.3229	-15.9074	-28.9494	14.1508	0.4281	0.2233	0.0567	0.4099	-0.6273	-0.6088	-0.2604	0.0201	-0.0010	-0.0607	-1.6917	9.5840	-1.2065	-0.06591255451043843	3	0	11	Tilt	Normal
-1.2635	9.8839	-1.2264	-33.3531	98.4423	-95.3602	-15.9337	-29.0119	14.0838	0.4308	0.2999	-0.0238	0.4102	-0.6270	-0.6089	-0.2606	-0.0022	-0.0085	-0.0607	-1.6943	9.5840	-1.2026	0.08463918742705445	3	0	11	Tilt	Normal
-1.2635	9.9605	-1.1881	-33.2088	98.5779	-95.3393	-16.2175	-29.0873	13.7081	0.4365	0.3802	0.0358	0.4115	-0.6270	-0.6079	-0.2608	0.0595	0.0118	-0.0692	-1.7000	9.5802	-1.2239	0.07084937352103537	3	0	11	Tilt	Normal
-1.2635	9.8072	-1.2264	-33.1462	98.4808	-95.4140	-15.7364	-28.3138	13.0788	0.4389	0.2258	-0.0154	0.4117	-0.6263	-0.6083	-0.2613	-0.0054	0.0032	-0.0692	-1.7024	9.5814	-1.2110	-0.14635065179999174	3	0	11	Tilt	Normal
-1.1869	9.8456	-1.1115	-33.0002	98.5548	-95.4150	-15.3762	-28.8820	13.4141	0.5192	0.2664	0.1121	0.4128	-0.6260	-0.6076	-0.2617	0.0062	0.0235	-0.0771	-1.7062	9.5792	-1.2236	0.014959453975301074	4	0	12	Tilt	Normal
-1.2641	9.9216	-1.2641	-32.8419	98.4309	-95.5955	-15.1850	-28.5396	13.6138	0.4579	0.3433	-0.0561	0.4140	-0.6247	-0.6079	-0.2623	-0.0161	0.0427	-0.0931	-1.7220	9.5783	-1.2080	0.10239327459497183	4	0	12	Tilt	Normal
-1.2258	9.7300	-1.2641	-32.7085	98.2410	-95.7368	-15.6427	-29.6766	13.1135	0.5001	0.1492	-0.0813	0.4144	-0.6234	-0.6085	-0.2634	-0.0300	-0.0127	-0.0654	-1.7259	9.5808	-1.1829	-0.19332689586277851	4	0	12	Tilt	Normal
-1.2641	9.8067	-1.1492	-32.6341	98.2920	-95.7901	-16.0341	-28.4542	13.1530	0.4738	0.2291	0.0419	0.4153	-0.6231	-0.6082	-0.2633	0.0041	-0.0042	-0.0739	-1.7379	9.5776	-1.1911	0.06634989625658072	4	0	12	Tilt	Normal
-1.3024	9.9599	-1.1109	-32.5896	98.1755	-95.8732	-16.0500	-29.0915	13.4423	0.4381	0.3808	0.0642	0.4154	-0.6224	-0.6087	-0.2637	-0.0236	0.0075	-0.0771	-1.7406	9.5791	-1.1751	0.15154193814896466	4	0	12	Tilt	Normal
-1.3018	9.8072	-1.1881	-32.4316	98.0115	-96.0283	-16.0685	-29.2054	13.6258	0.4470	0.2270	-0.0344	0.4162	-0.6210	-0.6092	-0.2647	0.0095	0.0160	-0.0758	-1.7488	9.5802	-1.1537	-0.14162784623874458	4	0	12	Tilt	Normal
-1.4168	9.9222	-1.1498	-32.3320	97.8067	-96.1882	-16.0632	-29.2752	13.6344	0.3389	0.3398	-0.0242	0.4164	-0.6196	-0.6100	-0.2655	-0.0342	-0.0032	-0.0768	-1.7557	9.5823	-1.1256	0.12427008175144394	4	0	12	Tilt	Normal
-1.2635	9.7689	-1.1498	-32.2642	97.7443	-96.2821	-15.9178	-29.4262	13.3680	0.5010	0.1873	-0.0323	0.4170	-0.6190	-0.6102	-0.2657	-0.0097	-0.0095	-0.0672	-1.7645	9.5816	-1.1175	-0.17142796076039168	4	0	12	Tilt	Normal
-1.3018	9.8072	-1.1498	-32.2666	97.6652	-96.3172	-17.0223	-29.6096	13.3508	0.4618	0.2242	-0.0437	0.4167	-0.6187	-0.6106	-0.2660	-0.0182	-0.0106	-0.0672	-1.7636	9.5831	-1.1061	0.042663746218728704	4	0	12	Tilt	Normal
-1.1869	9.7306	-1.0732	-32.1994	97.6768	-96.3236	-16.2169	-28.8689	13.5064	0.5775	0.1480	0.0355	0.4172	-0.6185	-0.6104	-0.2663	-0.0150	-0.0106	-0.0630	-1.7644	9.5826	-1.1087	-0.09852277185988001	4	0	12	Tilt	Normal
-1.3402	9.9222	-1.1115	-32.1254	97.7684	-96.2672	-15.6493	-29.3109	13.5379	0.4214	0.3406	0.0112	0.4177	-0.6187	-0.6097	-0.2665	0.0329	0.0043	-0.0630	-1.7615	9.5816	-1.1227	0.21251720740757563	5	0	13	Tilt	Normal
-1.2635	9.8072	-1.1498	-32.0844	97.8328	-96.2365	-15.4943	-29.1730	13.0047	0.4975	0.2269	-0.0174	0.4181	-0.6188	-0.6093	-0.2665	0.0095	-0.0095	-0.0651	-1.7611	9.5804	-1.1325	-0.11892803277986985	5	0	13	Tilt	Normal
-1.2635	9.9605	-1.0349	-32.0278	97.9616	-96.2247	-16.2983	-29.3085	13.6144	0.5056	0.3838	0.1167	0.4190	-0.6190	-0.6086	-0.2662	0.0254	0.0096	-0.0651	-1.7692	9.5767	-1.1516	0.13863221377132362	5	0	13	Tilt	Normal
-1.3018	9.7689	-1.2264	-32.0303	97.9236	-96.1997	-15.8373	-29.3440	13.6323	0.4600	0.1902	-0.0804	0.4187	-0.6190	-0.6087	-0.2666	-0.0108	0.0043	-0.0545	-1.7618	9.5788	-1.1461	-0.16224193630885608	5	0	13	Tilt	Normal
-1.3402	9.8456	-1.1115	-31.9674	98.0572	-96.1154	-16.4280	-29.1828	13.6809	0.4179	0.2686	0.0546	0.4192	-0.6194	-0.6078	-0.2667	0.0286	-0.0085	-0.0588	-1.7581	9.5770	-1.1661	0.06709926080073814	5	0	13	Tilt	Normal
-1.2252	9.8072	-1.2647	-31.8665	98.0547	-96.1226	-15.9265	-28.6106	13.5847	0.5318	0.2301	-0.0977	0.4198	-0.6191	-0.6075	-0.2672	0.0020	0.0192	-0.0632	-1.7570	9.5771	-1.1670	-0.03434700154952175	5	0	13	Tilt	Normal
-1.2635	9.8839	-1.1498	-31.7840	98.0304	-96.1105	-16.4774	-29.3285	13.6291	0.4877	0.3054	0.0148	0.4200	-0.6189	-0.6073	-0.2679	-0.0076	0.0011	-0.0611	-1.7512	9.5785	-1.1646	0.06642752473307567	5	0	13	Tilt	Normal
-1.2252	9.8839	-1.1115	-31.6784	98.0679	-96.0948	-16.0882	-29.0427	13.4586	0.5245	0.3060	0.0599	0.4206	-0.6187	-0.6068	-0.2684	0.0041	-0.0010	-0.0600	-1.7497	9.5779	-1.1714	-0.009072719036748111	5	0	13	Tilt	Normal
-1.2635	9.7689	-1.1115	-31.6148	98.0532	-96.0955	-16.0806	-29.2742	14.0179	0.4836	0.1905	0.0585	0.4209	-0.6185	-0.6067	-0.2688	-0.0023	0.0086	-0.0632	-1.7472	9.5785	-1.1700	-0.10859500993638171	5	0	13	Tilt	Normal
-1.3018	9.9222	-1.1881	-31.5798	98.0350	-96.1115	-16.1430	-29.2081	14.1252	0.4458	0.3434	-0.0204	0.4210	-0.6183	-0.6067	-0.2690	0.0084	0.0011	-0.0664	-1.7476	9.5788	-1.1678	0.16473248553575992	5	0	13	Tilt	Normal
-1.3402	9.8456	-1.1881	-31.5642	97.9970	-96.1427	-16.3011	-28.8524	13.1548	0.4091	0.2665	-0.0256	0.4211	-0.6180	-0.6069	-0.2692	-0.0023	-0.0032	-0.0664	-1.7493	9.5791	-1.1625	-0.07034025836510693	6	0	14	Tilt	Normal
-1.2635	9.7689	-1.1498	-31.5045	98.0069	-96.1657	-15.7254	-28.1879	13.9139	0.4892	0.1908	0.0150	0.4216	-0.6178	-0.6067	-0.2693	-0.0055	0.0000	-0.0621	-1.7527	9.5782	-1.1648	-0.09002470863083722	6	0	14	Tilt	Normal
-1.2258	9.8833	-1.1109	-31.4436	98.0404	-96.1226	-15.8344	-29.5835	13.7352	0.5213	0.3048	0.0594	0.4218	-0.6179	-0.6063	-0.2697	0.0073	0.0075	-0.0610	-1.7472	9.5785	-1.1703	0.1036427034969929	6	0	14	Tilt	Normal
-1.3402	9.8839	-1.2264	-31.4600	98.0118	-96.1052	-15.9223	-29.1995	13.6451	0.4021	0.3039	-0.0605	0.4215	-0.6179	-0.6064	-0.2699	0.0158	0.0032	-0.0642	-1.7422	9.5799	-1.1660	0.028667590676562327	6	0	14	Tilt	Normal
-1.3402	9.9222	-1.1498	-31.3792	98.0492	-96.0828	-15.9795	-29.1712	13.9817	0.3998	0.3427	0.0226	0.4220	-0.6178	-0.6060	-0.2703	0.0137	0.0022	-0.0674	-1.7400	9.5795	-1.1724	0.028645623154149646	6	0	14	Tilt	Normal
-1.2252	9.7689	-1.1498	-31.3216	98.0023	-96.1560	-16.5220	-28.3635	13.5500	0.5218	0.1899	0.0165	0.4224	-0.6173	-0.6061	-0.2705	-0.0129	-0.0053	-0.0674	-1.7470	9.5791	-1.1663	-0.16576274724510398	6	0	14	Tilt	Normal
-1.3018	9.9222	-1.1115	-31.2477	98.0528	-96.1661	-16.1900	-28.6344	13.5973	0.4497	0.3451	0.0630	0.4231	-0.6172	-0.6057	-0.2706	0.0190	-0.0085	-0.0664	-1.7515	9.5771	-1.1745	0.15642828743878212	6	0	14	Tilt	Normal
-1.3018	9.8072	-1.2264	-31.1819	98.0371	-96.2079	-15.8537	-29.6211	13.4565	0.4540	0.2307	-0.0533	0.4236	-0.6168	-0.6057	-0.2708	0.0052	0.0128	-0.0728	-1.7558	9.5765	-1.1732	-0.099824324472646	6	0	14	Tilt	Normal
-1.3018	9.8839	-1.1115	-31.1639	97.9473	-96.2838	-16.0744	-29.0462	14.0573	0.4588	0.3066	0.0488	0.4236	-0.6162	-0.6061	-0.2710	-0.0278	-0.0170	-0.0589	-1.7606	9.5773	-1.1603	0.0620834672877546	6	0	14	Tilt	Normal
-1.3018	9.7689	-1.1881	-31.1036	97.7729	-96.4026	-15.8965	-29.3011	13.8517	0.4627	0.1894	-0.0524	0.4236	-0.6152	-0.6069	-0.2716	-0.0278	0.0022	-0.0728	-1.7645	9.5795	-1.1357	-0.10441703631355281	7	0	15	Tilt	Normal
-1.3402	9.8072	-1.1498	-31.0752	97.5901	-96.5174	-15.9069	-28.7577	13.1919	0.4275	0.2254	-0.0403	0.4234	-0.6143	-0.6077	-0.2722	-0.0353	-0.0010	-0.0663	-1.7677	9.5819	-1.1096	0.038291978856985764	7	0	15	Tilt	Normal
-1.3402	9.8839	-1.0732	-31.0958	97.5540	-96.5791	-15.7637	-29.4290	13.7751	0.4351	0.3027	0.0308	0.4234	-0.6140	-0.6081	-0.2719	0.0009	-0.0213	-0.0684	-1.7753	9.5811	-1.1040	0.06701119509465592	7	0	15	Tilt	Normal
-1.3785	9.8456	-1.0732	-31.1331	97.4539	-96.7074	-15.6990	-29.5344	12.9736	0.4106	0.2652	0.0159	0.4234	-0.6134	-0.6089	-0.2716	-0.0023	-0.0138	-0.0748	-1.7891	9.5804	-1.0891	-0.03252432551221318	7	0	15	Tilt	Normal
-1.2635	9.8839	-1.1498	-31.1910	97.4217	-96.7300	-15.5633	-28.9589	13.5338	0.5276	0.3033	-0.0661	0.4230	-0.6134	-0.6092	-0.2713	-0.0087	-0.0202	-0.0673	-1.7912	9.5805	-1.0837	0.031057797970946766	7	0	15	Tilt	Normal
-1.3024	9.7300	-1.1875	-31.1980	97.3435	-96.7598	-15.9729	-29.3927	13.0452	0.4872	0.1480	-0.1152	0.4228	-0.6131	-0.6096	-0.2715	-0.0310	-0.0053	-0.0599	-1.7897	9.5820	-1.0723	-0.1421096242106863	7	0	15	Tilt	Normal
-1.3024	9.8450	-0.9960	-31.1532	97.3161	-96.7937	-16.1324	-29.2242	13.3465	0.4898	0.2629	0.0727	0.4230	-0.6128	-0.6097	-0.2717	-0.0246	-0.0053	-0.0556	-1.7922	9.5820	-1.0687	0.09225450237791932	7	0	15	Tilt	Normal
-1.3024	9.7300	-1.0726	-31.0891	97.3721	-96.7466	-16.2570	-29.9106	13.2230	0.4854	0.1481	0.0051	0.4234	-0.6129	-0.6091	-0.2720	0.0116	0.0139	-0.0620	-1.7879	9.5819	-1.0777	-0.10539412394867576	7	0	15	Tilt	Normal
-1.3408	9.7300	-1.1109	-31.0360	97.4138	-96.7408	-16.1426	-29.3267	13.3881	0.4486	0.1492	-0.0266	0.4238	-0.6129	-0.6088	-0.2722	0.0063	0.0107	-0.0620	-1.7894	9.5808	-1.0843	0.009368891302589333	7	0	15	Tilt	Normal
-1.3402	9.8456	-1.0732	-31.0129	97.4833	-96.7011	-15.6876	-29.7558	13.0193	0.4480	0.2658	0.0215	0.4241	-0.6131	-0.6084	-0.2721	0.0169	0.0032	-0.0695	-1.7882	9.5798	-1.0947	0.10961456882492726	7	0	15	Tilt	Normal
-1.2641	9.8450	-1.1109	-31.0010	97.5047	-96.6826	-15.9169	-29.2352	13.3779	0.5225	0.2652	-0.0130	0.4242	-0.6132	-0.6082	-0.2722	-0.0087	-0.0032	-0.0631	-1.7867	9.5798	-1.0979	-0.006388662267269751	8	0	16	Tilt	Normal
Total time: 16 seconds.
