-1.7232	-9.3081	2.3744	-49.7869	73.5437	81.8446	10.7761	16.8868	8.1832	-0.9572	0.3029	0.5810	-0.6105	-0.1894	0.2855	-0.7141	-0.0730	0.0501	0.0903	-0.7660	-9.6109	1.7934	-0.04657467527558801	6	0	1	Upright	Normal
-1.7998	-8.2355	2.8724	-48.8991	72.9711	83.3970	11.0388	16.9044	9.2618	-0.7281	1.3280	0.9846	-0.6085	-0.1828	0.3031	-0.7102	0.1027	-0.3345	0.4567	-1.0717	-9.5635	1.8878	-0.8536951080302604	6	0	1	Upright	Normal
-2.1069	-9.6151	3.4477	-46.9654	63.5906	78.9583	12.3937	17.2828	7.2900	-0.6598	-0.3838	0.4711	-0.5687	-0.1577	0.3336	-0.7352	2.1459	2.5055	0.6666	-1.4471	-9.2313	2.9766	1.5237555245833736	6	0	1	Upright	Normal
-3.1412	-12.0285	0.6512	-30.6317	54.5465	78.4948	14.3629	17.5891	3.2625	-1.8944	-3.6224	-4.2431	-0.4614	-0.1937	0.4486	-0.7404	0.6503	-4.6392	0.1936	-1.2468	-8.4060	4.8943	2.019371587942002	6	0	1	Upright	Normal
-2.8730	-6.7421	3.0646	-45.3980	53.1362	78.0535	14.2456	17.0612	1.4677	-0.3989	1.8010	-1.0663	-0.5279	-0.1032	0.3855	-0.7497	-0.9977	2.7250	-0.0589	-2.4741	-8.5431	4.1309	-4.505270957886652	6	0	1	Upright	Normal
-2.0303	-6.6655	5.7461	-41.8919	52.1764	79.4544	15.0811	16.9038	4.0575	0.4999	1.6851	1.2695	-0.5094	-0.1107	0.4152	-0.7456	0.4766	-0.5859	0.1252	-2.5302	-8.3505	4.4766	1.087872964745796	6	0	1	Upright	Normal
-5.7072	-8.0439	5.6689	-41.7757	46.2803	75.6002	14.6755	16.8628	3.5539	-3.0960	-0.0560	0.6146	-0.4841	-0.0892	0.4158	-0.7647	0.9847	0.0000	0.0038	-2.6112	-7.9880	5.0543	2.3444403941589247	6	0	1	Upright	Normal
-3.5237	-11.8363	4.3281	-37.8329	44.3766	76.2164	15.6421	16.7532	0.6864	-0.9822	-4.1509	-1.2079	-0.4567	-0.0958	0.4443	-0.7648	-0.2669	-0.0511	-0.8911	-2.5414	-7.6854	5.5360	1.7101560212496967	6	0	1	Upright	Normal
0.3454	-6.5499	1.9531	-43.2564	52.9736	80.4627	14.8962	17.1227	1.4961	3.0391	1.8416	-2.3477	-0.5196	-0.1034	0.4119	-0.7414	-1.4036	-0.4027	-0.4213	-2.6938	-8.3915	4.3007	-6.2425173657995545	6	0	1	Upright	Normal
1.0343	-11.2240	3.7924	-41.7862	65.5746	82.7369	15.1508	17.5772	3.9302	2.5860	-2.0250	0.7688	-0.5594	-0.1815	0.3741	-0.7171	-1.3844	-0.7297	-0.5108	-1.5517	-9.1990	3.0236	5.048828195837927	6	0	1	Upright	Normal
-1.6089	-9.3470	3.1412	-42.6098	70.8594	84.8064	14.9224	17.6060	4.8495	-0.2795	0.0766	0.7748	-0.5828	-0.1992	0.3564	-0.7026	-1.0893	-0.2194	-0.3009	-1.3294	-9.4236	2.3664	-1.901343579740784	6	1	2	PT	Normal
-1.1869	-6.9330	6.0519	-31.3601	74.5383	86.1940	14.6770	16.7101	5.6008	-0.4567	2.5883	3.8196	-0.5554	-0.2788	0.4040	-0.6713	0.4574	-3.0296	-0.0463	-0.7302	-9.5213	2.2323	-0.7120543873193963	6	1	2	PT	Normal
-0.9571	-10.2657	0.3059	-32.3650	70.4915	80.1365	14.4388	17.7060	3.2897	-0.8133	-0.8583	-2.4602	-0.5309	-0.2776	0.3818	-0.7038	0.3360	1.9143	-1.3001	-0.1438	-9.4074	2.7661	1.0357102611255122	6	1	2	PT	Normal
-3.0646	-6.9719	5.2481	-23.6376	75.4098	80.3060	12.8138	19.7954	2.9505	-3.6862	2.5498	2.9851	-0.5099	-0.3531	0.4036	-0.6727	-0.7325	-0.1150	0.2222	0.6216	-9.5217	2.2630	-1.0658809557139133	6	1	2	PT	Normal
-3.6009	-5.5162	5.0566	-30.7294	72.9163	89.2792	14.1911	18.4229	3.7952	-2.2468	3.8756	2.5802	-0.5542	-0.2580	0.4329	-0.6625	0.5491	2.2637	2.8012	-1.3541	-9.3919	2.4764	-0.9444108216984528	6	1	2	PT	Normal
2.3756	-13.1005	0.0760	-23.2364	63.8383	91.1725	18.2141	15.0953	1.7198	4.2614	-4.3352	-3.8970	-0.4896	-0.2403	0.5194	-0.6579	2.6349	0.1001	-0.8760	-1.8857	-8.7653	3.9730	5.009900937905373	6	1	2	Jump	Normal
-1.5317	-6.3201	0.4974	-33.9974	50.6972	80.6886	16.8939	16.2811	-1.4687	0.6681	1.7304	-4.6524	-0.4664	-0.1410	0.4641	-0.7397	0.2945	0.6573	0.6442	-2.1998	-8.0505	5.1498	-6.792313621155249	6	1	2	Jump	Normal
-0.8428	-7.3167	1.9920	-38.9356	52.6728	81.6742	17.4496	15.8549	-0.1594	1.7258	0.9405	-2.6333	-0.4995	-0.1211	0.4407	-0.7360	-0.4842	2.0602	-0.6917	-2.5685	-8.2572	4.6253	1.1076571202973344	6	1	2	PT	Normal
-0.4214	-8.3510	1.5706	-38.7462	54.5208	76.0831	17.4081	16.4788	1.2782	1.1158	0.2574	-2.8686	-0.4985	-0.1586	0.3971	-0.7541	-0.9945	0.8533	-1.0390	-1.5372	-8.6084	4.4391	0.8781428964968709	6	1	2	PT	Normal
-4.7878	-10.7254	3.3704	-43.2262	55.5889	86.6793	16.7957	15.9096	4.3369	-1.4670	-2.4285	-0.6677	-0.5345	-0.0917	0.4395	-0.7160	0.1464	-1.2698	-0.0142	-3.3208	-8.2970	4.0381	3.71167360979665	6	2	3	Jump	Normal
-0.9188	-7.7758	0.8422	-35.4524	57.7344	81.0851	18.0988	15.2816	2.4336	0.7962	0.8871	-3.4224	-0.5015	-0.1761	0.4305	-0.7294	-0.2648	-0.5784	-1.4057	-1.7150	-8.6628	4.2645	-4.3444669072601245	6	2	3	Jump	Normal
4.4825	-12.1045	3.0640	-36.3872	60.9581	80.3511	16.4932	16.0274	2.3820	5.8299	-3.1788	-0.7684	-0.5165	-0.1946	0.4072	-0.7277	-0.7282	-1.5617	-0.4341	-1.3473	-8.9257	3.8324	5.391432722650383	6	2	3	Jump	Normal
0.2298	-7.0485	4.3287	-31.6110	72.0074	83.1349	16.0805	16.7095	2.3849	0.6915	2.4015	1.7491	-0.5401	-0.2770	0.3967	-0.6886	-0.9647	-0.3888	-0.1795	-0.4616	-9.4501	2.5796	-4.991723099465174	6	2	3	Jump	Normal
-0.8039	-10.4956	1.8381	-27.0614	73.6705	81.6446	16.4232	16.5481	2.6320	-0.9301	-1.0021	-0.6171	-0.5227	-0.3187	0.4025	-0.6805	-1.2598	-1.7939	-1.3630	0.1263	-9.4935	2.4553	2.410851071434335	6	2	3	PT	Normal
-1.0337	-7.5842	6.4733	-21.2546	77.2161	78.4180	15.2965	17.8626	3.4553	-2.1831	1.9426	4.4510	-0.4994	-0.3841	0.3963	-0.6678	-0.6526	-1.1505	-1.5314	1.1494	-9.5268	2.0224	-0.6610386646858828	6	2	3	PT	Normal
0.0000	-11.0325	4.7118	-14.4238	82.6662	79.8991	12.3557	18.4749	3.2281	-1.3988	-1.4021	3.4996	-0.4930	-0.4418	0.4148	-0.6243	-0.4768	-0.4591	0.3723	1.3988	-9.6304	1.2122	-0.6610386646858828	6	2	3	PT	Normal
4.2144	-11.1851	0.8805	-22.4290	70.6763	91.0683	18.1787	13.5758	3.7615	5.6249	-1.9555	-2.1190	-0.5160	-0.2842	0.4923	-0.6408	1.4130	-1.8120	-1.5282	-1.4105	-9.2296	2.9995	1.9605299506249327	6	2	3	PT	Normal
-0.9188	-7.2395	0.1143	-31.8993	57.7149	82.8986	16.6078	14.5474	1.8356	0.8031	1.3298	-4.3326	-0.4876	-0.1885	0.4580	-0.7190	1.2042	4.2078	0.6333	-1.7219	-8.5693	4.4469	-4.686644680601337	6	2	3	Jump	Normal
-2.0686	-8.2744	2.7198	-37.1940	57.7196	84.4485	16.8476	13.7380	4.5783	0.2807	0.2842	-1.4521	-0.5143	-0.1511	0.4438	-0.7181	0.1400	-0.7467	-0.2275	-2.3493	-8.5585	4.1719	1.653745641137509	6	2	3	PT	Normal
0.6512	-6.0525	2.2218	-33.3567	58.2513	79.4170	16.7434	14.4040	3.5826	1.9088	2.6659	-2.0882	-0.4908	-0.1985	0.4272	-0.7330	-0.6483	0.6860	-0.7260	-1.2576	-8.7185	4.3100	-2.471995663904883	6	3	4	Walk	Normal
-8.8490	-11.6454	6.9336	-48.0732	58.9190	82.2853	15.3430	14.2459	5.6283	-6.2438	-2.8169	3.5509	-0.5626	-0.1049	0.3723	-0.7306	0.5256	1.7747	1.8232	-2.6052	-8.8285	3.3827	9.7060412349081	6	3	4	Run	Normal
-5.3247	-11.7603	2.1069	-40.4865	60.0289	85.9343	16.6971	12.2885	7.3126	-2.7541	-3.0608	-1.6189	-0.5391	-0.1392	0.4271	-0.7124	0.1517	-1.0152	-0.7526	-2.5706	-8.6995	3.7258	-3.105887116190573	6	3	4	Walk	Normal
4.5203	-10.7643	1.1492	-38.5198	64.2511	79.9354	15.0520	13.2616	5.4531	5.5891	-1.6035	-2.1840	-0.5366	-0.2053	0.3791	-0.7254	-0.6685	-0.6349	-0.8687	-1.0689	-9.1608	3.3332	-1.349048214589537	6	3	4	Walk	Normal
0.9583	-8.5036	4.9027	-36.4376	72.2566	76.8481	13.5971	14.4308	6.6972	0.5617	0.9955	2.4985	-0.5459	-0.2818	0.3324	-0.7156	-0.0741	-0.1438	0.0176	0.3965	-9.4991	2.4042	-1.8689690558227632	6	3	4	Walk	Normal
-1.9148	-10.0359	1.9531	-33.8507	72.1795	80.0351	13.8004	13.5839	6.8955	-1.8836	-0.5513	-0.5393	-0.5425	-0.2803	0.3658	-0.7023	-0.5194	-0.3920	0.3457	-0.0311	-9.4846	2.4924	0.5395860071039795	6	3	4	Walk	Normal
-2.2212	-8.9633	3.6769	-34.8521	73.4402	80.2766	13.9235	13.7938	6.9119	-2.2344	0.5715	1.3832	-0.5513	-0.2814	0.3561	-0.7001	-0.0742	0.2312	-0.7124	0.0132	-9.5348	2.2936	-0.46241936600320876	6	3	4	Walk	Normal
0.5369	-6.6649	2.9874	-28.5974	76.5198	77.3952	12.6848	14.5064	6.3559	-0.4763	2.8807	0.9803	-0.5265	-0.3471	0.3564	-0.6895	-0.5855	-0.8224	-0.2437	1.0132	-9.5455	2.0071	-2.6160163809880768	6	3	4	Walk	Normal
-2.4900	-7.5082	3.7158	-27.6184	78.1217	82.3661	12.8788	14.6733	7.2165	-2.8373	2.1278	1.9273	-0.5424	-0.3385	0.3833	-0.6665	-0.0997	0.2791	1.3020	0.3473	-9.6361	1.7885	1.416080679148786	6	3	4	Walk	Normal
-3.9456	-12.5648	4.4436	-33.1821	76.7184	96.6617	16.4102	11.6970	8.5353	-1.6137	-3.2278	2.5582	-0.5931	-0.2282	0.4435	-0.6320	-0.7293	-1.3412	1.5577	-2.3320	-9.3369	1.8854	5.159607695882075	6	4	5	Run	Normal
5.0949	-10.1897	-2.2218	-24.0091	70.3487	86.5006	17.0764	11.4704	6.1577	5.8706	-0.8894	-5.2343	-0.5099	-0.2939	0.4606	-0.6644	2.6401	0.7148	-0.9734	-0.7757	-9.3003	3.0125	-2.2921086589788064	6	4	5	Walk	Normal
-1.7615	-9.4613	0.1143	-34.4348	62.2616	83.5067	16.2427	13.5569	5.6862	-0.1785	-0.5453	-3.6501	-0.5179	-0.1997	0.4303	-0.7119	0.1219	0.0416	0.1038	-1.5830	-8.9160	3.7644	-1.9825243452739887	6	4	5	Walk	Normal
-0.9194	-7.8913	1.9537	-36.9521	69.0144	84.6089	16.1566	12.7646	7.1168	0.3225	1.4229	-0.8529	-0.5548	-0.2216	0.3933	-0.6989	-1.4941	0.1960	-0.6834	-1.2418	-9.3142	2.8066	-1.4431866750097466	6	4	5	Walk	Normal
-3.9456	-9.8450	4.7884	-47.0467	74.0087	85.8771	14.6284	12.8509	9.9188	-2.6511	-0.2999	2.9476	-0.6093	-0.1869	0.3229	-0.6997	-0.1807	1.7098	-0.4427	-1.2945	-9.5451	1.8408	3.4556615842995626	6	4	5	Walk	Normal
-1.2258	-11.5305	2.4517	-48.1639	68.0018	80.3338	12.8323	12.6538	12.0578	-0.0545	-2.1072	0.0016	-0.5878	-0.1719	0.3138	-0.7256	1.0668	-0.9523	-0.3297	-1.1714	-9.4233	2.4500	0.21479507196982972	0	4	5	Upright	Normal
-0.1915	-10.8793	0.1149	-48.8049	63.6504	75.3081	13.2216	13.9376	10.1603	0.7479	-1.5480	-2.7517	-0.5713	-0.1658	0.3002	-0.7457	0.4052	0.6168	-0.2829	-0.9394	-9.3313	2.8666	-0.9702372811995694	0	0	5	Upright	Normal
2.4134	-10.3046	3.1029	-52.2296	73.0413	78.8962	12.1304	13.7433	11.6182	2.8258	-0.6645	1.3511	-0.6127	-0.1879	0.2562	-0.7236	-1.0435	-0.5997	-0.1807	-0.4124	-9.6401	1.7518	0.14733647123268234	0	0	5	Upright	Normal
0.4220	-8.5419	1.7998	-52.6818	72.5067	76.2763	11.8802	13.4970	12.5706	0.4806	1.1004	0.0129	-0.6087	-0.1958	0.2399	-0.7304	0.0867	0.4847	-0.2723	-0.0587	-9.6423	1.7870	-2.289282388587333	0	0	5	Upright	Normal
0.3837	-8.2738	2.9108	-53.4284	69.1127	74.6911	10.5812	13.8329	13.0649	0.6731	1.3048	0.8276	-0.6017	-0.1782	0.2436	-0.7395	0.4713	-0.6019	0.5650	-0.2894	-9.5786	2.0831	0.0396332876826726	0	0	5	Upright	Normal
-1.8771	-6.3973	2.6049	-47.1759	59.8479	73.0497	13.3918	13.7221	10.9487	-0.8933	2.7674	-0.7434	-0.5508	-0.1610	0.3123	-0.7571	1.1211	0.7894	0.9378	-0.9837	-9.1647	3.3483	-1.6214548738992498	0	0	6	Upright	Normal
-2.7964	-8.0062	4.2904	-38.6406	51.9949	76.0923	14.9660	13.2613	9.1454	-0.9937	0.4009	-0.4259	-0.4891	-0.1425	0.4085	-0.7573	2.2801	-3.2000	1.1339	-1.8027	-8.4071	4.7163	2.3462073237252383	0	0	6	Upright	Normal
-3.2172	-7.4310	5.1709	-31.2578	42.8117	78.2433	17.8360	12.1146	4.5729	-0.9204	-0.1456	-0.9788	-0.4164	-0.1144	0.4894	-0.7576	1.3352	-0.3185	1.2966	-2.2968	-7.2854	6.1497	0.103691388594223	0	0	6	Upright	Normal
-3.1789	-5.3624	7.5076	-31.4238	33.8639	81.4359	19.2597	11.2833	3.3198	0.2056	0.6735	0.5589	-0.3792	-0.0435	0.5410	-0.7494	1.3842	0.2983	1.2710	-3.3845	-6.0359	6.9487	0.15059601312532678	0	0	6	Upright	Normal
-4.8644	-4.5197	8.2738	-30.9072	22.5849	83.4276	21.2323	8.8395	2.5388	-0.6750	-0.2457	0.5050	-0.3206	0.0330	0.5900	-0.7403	1.6366	0.1385	1.2060	-4.1894	-4.2739	7.7687	0.8504431434610851	0	0	6	Upright	Normal
-6.0903	-3.4087	11.1085	-30.6504	13.7155	85.4478	23.5174	7.3708	1.8270	-1.4331	-0.7054	2.9125	-0.2709	0.0934	0.6265	-0.7248	1.2191	0.1268	0.9567	-4.6572	-2.7034	8.1960	2.510298250304425	0	0	6	Upright	Normal
-7.0479	-5.7455	12.8706	-30.1720	11.6542	87.0508	24.5669	5.9283	1.3682	-2.3290	-3.5187	4.5674	-0.2552	0.1072	0.6423	-0.7146	-0.0166	0.0543	0.2249	-4.7190	-2.2268	8.3032	2.6396196938102623	0	0	6	Upright	Normal
-5.3241	-2.9491	8.8867	-30.9636	15.0082	86.9194	24.5456	5.5460	0.7889	-0.5942	-0.1513	0.7645	-0.2787	0.0907	0.6319	-0.7175	-0.4363	0.0884	-0.3619	-4.7299	-2.7978	8.1222	-4.987577199274243	0	0	6	Upright	Normal
-3.5620	-0.9954	5.6306	-31.7152	16.7126	85.4446	23.2928	5.9415	1.9798	1.1362	2.2081	-2.3592	-0.2935	0.0807	0.6165	-0.7261	-0.1317	-0.0149	-0.2042	-4.6982	-3.2034	7.9898	-4.034462923828584	0	0	6	Upright	Normal
-4.4430	-1.1869	6.7032	-31.9776	13.9282	84.5362	23.6339	6.3033	1.4731	0.3502	1.6429	-1.3707	-0.2807	0.0976	0.6171	-0.7286	0.5203	-0.0234	0.2752	-4.7932	-2.8298	8.0738	1.3924352227923444	0	0	6	Upright	Normal
-5.5156	-2.5660	9.6528	-31.3536	9.5641	84.3364	24.5855	5.6393	1.0066	-0.6693	-0.4479	1.3948	-0.2535	0.1213	0.6274	-0.7262	0.5085	-0.0075	0.3220	-4.8463	-2.1181	8.2581	3.2806897456010873	0	1	7	PT	Normal
-6.1669	-3.6386	10.6105	-31.2769	8.9861	83.9027	24.8337	4.8132	0.8239	-1.3291	-1.5814	2.3321	-0.2503	0.1235	0.6261	-0.7281	-0.1168	0.0341	-0.0508	-4.8378	-2.0572	8.2784	1.3907342378668837	0	1	7	PT	Normal
-4.7878	-1.6083	7.9673	-31.7661	9.7989	83.6195	24.9182	5.3922	1.2432	0.0827	0.6158	-0.2485	-0.2580	0.1206	0.6214	-0.7299	-0.1540	0.0778	-0.1284	-4.8706	-2.2241	8.2159	-3.367179530207199	0	1	7	PT	Normal
-4.4430	-1.1486	6.7415	-32.1600	9.8890	83.4308	23.8850	5.8474	1.6339	0.4730	1.1129	-1.4371	-0.2611	0.1218	0.6192	-0.7305	-0.0198	-0.0266	0.0325	-4.9160	-2.2615	8.1786	-1.278116016288191	0	1	7	PT	Normal
-4.7501	-1.8004	7.7764	-32.1249	7.8962	83.1650	24.5124	5.7386	1.6550	0.2185	0.1520	-0.4500	-0.2504	0.1337	0.6220	-0.7297	0.2955	-0.0160	0.1806	-4.9686	-1.9525	8.2263	1.1333530466804866	0	1	7	PT	Normal
-5.4390	-1.9914	9.4996	-31.8026	6.8278	82.8936	24.7482	4.6962	1.5791	-0.4913	-0.1996	1.2245	-0.2429	0.1381	0.6232	-0.7304	-0.0017	-0.0053	-0.0176	-4.9478	-1.7918	8.2751	1.8375746664875923	0	1	7	PT	Normal
-5.1326	-1.7615	8.4653	-31.7068	7.2558	82.8124	24.5548	4.5294	1.0546	-0.2147	0.1071	0.1891	-0.2447	0.1347	0.6220	-0.7315	-0.1061	-0.0192	-0.0613	-4.9178	-1.8687	8.2762	-1.0708961112880164	0	1	7	PT	Normal
-4.4047	-1.0337	7.3927	-31.7563	7.2220	82.7435	24.6120	4.4131	1.0249	0.5191	0.8360	-0.8796	-0.2449	0.1350	0.6215	-0.7318	0.0250	-0.0021	-0.0064	-4.9238	-1.8697	8.2723	-1.3879445495441924	0	1	7	PT	Normal
-5.0182	-1.4940	8.3127	-31.4414	6.0744	82.7285	24.7101	4.8257	1.3134	-0.1037	0.1793	-0.0070	-0.2368	0.1405	0.6245	-0.7309	0.1826	-0.0607	0.1118	-4.9145	-1.6732	8.3197	1.1569317861667567	0	1	7	PT	Normal
-5.3247	-1.8771	9.2703	-31.1764	5.5592	82.5958	24.9238	5.2530	0.5775	-0.4363	-0.2837	0.9195	-0.2325	0.1420	0.6252	-0.7314	0.0399	-0.0106	0.0149	-4.8884	-1.5933	8.3508	1.0300111794388567	0	2	8	PT	Normal
-5.1332	-1.6089	8.5808	-31.0946	5.8097	82.5129	24.5750	5.4018	0.7431	-0.2667	0.0319	0.2264	-0.2334	0.1398	0.6243	-0.7323	-0.0709	0.0032	-0.0309	-4.8665	-1.6408	8.3544	-0.7266264545240464	0	2	8	PT	Normal
-4.6735	-1.2258	7.8530	-31.1603	5.5453	82.3922	25.0400	4.7117	1.5017	0.2072	0.3822	-0.4995	-0.2326	0.1416	0.6239	-0.7325	0.0431	0.0085	-0.0075	-4.8807	-1.6080	8.3525	-0.9073146045998257	0	2	8	PT	Normal
-4.9799	-1.6089	8.5425	-30.9300	4.6279	82.2969	25.1837	4.6650	1.3914	-0.1071	-0.1513	0.1579	-0.2262	0.1460	0.6256	-0.7322	0.1219	-0.0319	0.0192	-4.8728	-1.4576	8.3846	0.7978037980530406	0	2	8	PT	Normal
-5.1332	-1.6855	8.7340	-30.8626	4.3051	82.1288	25.4843	4.7065	1.2982	-0.2647	-0.2692	0.3398	-0.2243	0.1474	0.6252	-0.7328	-0.0027	-0.0064	-0.0266	-4.8685	-1.4163	8.3942	0.2519283777253687	0	2	8	Upright	Normal
-4.9033	-1.2258	8.3893	-30.9250	4.5145	82.1222	25.0732	4.0657	0.6581	-0.0323	0.2274	0.0030	-0.2258	0.1464	0.6247	-0.7330	-0.0208	0.0245	-0.0223	-4.8710	-1.4533	8.3863	-0.4758790618035391	0	0	8	Upright	Normal
-4.7118	-1.0726	8.1594	-30.7234	4.1922	82.1354	25.2822	4.2039	0.7199	0.1401	0.3213	-0.2481	-0.2228	0.1473	0.6258	-0.7329	0.0474	-0.0319	0.0267	-4.8518	-1.3939	8.4075	-0.3111433175027063	0	0	8	Upright	Normal
-4.7884	-1.3024	8.5808	-30.5549	3.7559	82.0631	25.4429	4.8697	0.9177	0.0500	0.0208	0.1541	-0.2194	0.1490	0.6264	-0.7330	0.0633	-0.0011	-0.0010	-4.8384	-1.3232	8.4267	0.4293710192440052	0	0	8	Upright	Normal
-4.9027	-1.3785	8.5419	-30.5841	3.7900	82.0008	24.7277	4.9426	0.7329	-0.0625	-0.0437	0.1181	-0.2199	0.1489	0.6259	-0.7333	-0.0336	0.0181	-0.0393	-4.8402	-1.3348	8.4238	0.03251342583257433	0	0	8	Upright	Normal
-4.8644	-1.0720	8.4270	-30.5253	3.9058	81.9614	24.9063	4.6533	0.8604	-0.0371	0.2843	-0.0007	-0.2202	0.1477	0.6255	-0.7337	-0.0154	0.0000	0.0028	-4.8273	-1.3563	8.4277	-0.1558166335783504	0	0	8	Upright	Normal
-4.6729	-1.3785	8.3504	-30.5351	3.7397	81.9298	25.0175	4.4445	0.4675	0.1600	-0.0471	-0.0783	-0.2194	0.1488	0.6256	-0.7337	0.0229	-0.0032	0.0103	-4.8328	-1.3313	8.4286	-0.12131796431337705	1	0	9	Upright	Normal
-4.8644	-1.3402	8.5036	-30.5820	3.4405	81.8798	24.7473	4.5709	0.8897	-0.0171	-0.0540	0.0763	-0.2181	0.1509	0.6258	-0.7335	0.0336	0.0181	0.0039	-4.8474	-1.2861	8.4273	0.22010559151770437	1	0	9	Upright	Normal
-5.0176	-1.1486	8.4270	-30.6294	3.4867	81.7993	24.8619	4.8296	0.8437	-0.1665	0.1531	0.0043	-0.2188	0.1507	0.6251	-0.7339	0.0186	0.0192	-0.0281	-4.8511	-1.3017	8.4227	-0.013146840425131145	1	0	9	Upright	Normal
-4.8261	-1.2252	8.4653	-30.6199	3.1626	81.6603	24.5843	4.6156	1.0477	0.0301	0.0335	0.0389	-0.2171	0.1524	0.6249	-0.7343	0.0474	-0.0085	-0.0046	-4.8562	-1.2588	8.4264	-0.05362919115950149	1	0	9	Upright	Normal
-4.8261	-1.3402	8.5419	-30.6060	2.9623	81.5927	25.5584	4.9092	0.8775	0.0325	-0.1097	0.1128	-0.2160	0.1535	0.6248	-0.7344	0.0368	0.0021	-0.0036	-4.8586	-1.2305	8.4291	0.0810099557021573	1	0	9	Upright	Normal
-4.9410	-1.1486	8.4653	-30.6501	2.9300	81.5130	25.2513	5.0786	0.6089	-0.0768	0.0841	0.0398	-0.2162	0.1538	0.6243	-0.7347	-0.0101	0.0245	-0.0185	-4.8643	-1.2327	8.4255	-0.033249102829511656	1	0	9	Upright	Normal
-4.8261	-0.9954	8.3887	-30.6396	2.7964	81.4730	24.6436	4.1264	0.7635	0.0398	0.2180	-0.0388	-0.2155	0.1545	0.6243	-0.7348	0.0304	-0.0032	-0.0046	-4.8659	-1.2134	8.4274	-0.13989943292145313	1	0	9	Upright	Normal
-4.9410	-1.1869	8.5036	-30.6177	2.5730	81.4079	24.8349	5.0255	0.5177	-0.0732	-0.0061	0.0727	-0.2142	0.1557	0.6244	-0.7349	0.0474	0.0107	-0.0100	-4.8679	-1.1808	8.4309	0.1772882840738017	1	0	9	Upright	Normal
-4.7878	-1.1869	8.3504	-30.5895	2.4123	81.1934	24.5455	5.1998	0.7247	0.0763	-0.0157	-0.0839	-0.2135	0.1562	0.6233	-0.7359	0.0229	-0.0032	-0.0196	-4.8641	-1.1712	8.4343	-0.20772987786361874	1	0	9	Upright	Normal
-4.9799	-1.1492	8.5042	-30.5969	2.1553	81.1318	24.4524	4.4786	1.0993	-0.1083	-0.0159	0.0690	-0.2122	0.1578	0.6234	-0.7358	0.0378	0.0160	-0.0046	-4.8716	-1.1334	8.4352	0.22326615068731037	1	0	9	Upright	Normal
-4.9410	-0.9954	8.3887	-30.4449	1.8754	81.0830	25.1503	3.7940	0.5924	-0.0842	0.0916	-0.0612	-0.2098	0.1586	0.6238	-0.7360	0.0431	0.0011	-0.0120	-4.8568	-1.0870	8.4499	-0.1353191351006977	2	0	10	Upright	Normal
-4.8644	-1.0337	8.5419	-30.3481	1.7682	81.0886	25.2550	3.9723	1.0730	-0.0184	0.0325	0.0832	-0.2086	0.1588	0.6242	-0.7359	0.0304	-0.0021	-0.0312	-4.8460	-1.0662	8.4587	0.09762781587959424	2	0	10	Upright	Normal
-4.8644	-1.1486	8.4270	-30.2657	1.5062	80.9304	24.9407	4.6726	0.1459	-0.0257	-0.1152	-0.0400	-0.2068	0.1598	0.6238	-0.7366	0.0325	-0.0170	-0.0056	-4.8387	-1.0334	8.4669	-0.08632195345739824	2	0	10	Upright	Normal
-4.8261	-1.0720	8.5419	-30.1199	1.3771	80.8946	24.7944	4.8824	0.3383	-0.0057	-0.0608	0.0619	-0.2052	0.1597	0.6240	-0.7368	0.0272	-0.0032	-0.0088	-4.8204	-1.0113	8.4800	0.07161575501555717	2	0	10	Upright	Normal
-4.8267	-0.9577	8.5808	-30.0027	1.1622	80.8611	24.7641	4.6168	0.0881	-0.0177	0.0175	0.0901	-0.2034	0.1604	0.6244	-0.7369	0.0346	-0.0085	0.0095	-4.8091	-0.9752	8.4907	0.022259988213347626	2	0	10	Upright	Normal
-4.9033	-0.8811	8.5808	-29.9347	0.9382	80.8297	25.2656	4.2922	0.3835	-0.0983	0.0573	0.0836	-0.2018	0.1614	0.6247	-0.7369	0.0336	-0.0128	0.0105	-4.8050	-0.9384	8.4972	0.030507169337374407	2	0	10	Upright	Normal
-4.8267	-0.8428	8.5808	-29.8281	0.7649	80.6902	25.6726	4.5819	0.6613	-0.0347	0.0756	0.0742	-0.2003	0.1617	0.6243	-0.7376	0.0400	-0.0053	-0.0395	-4.7920	-0.9183	8.5066	-0.04096989892295255	2	0	10	Upright	Normal
-4.7878	-0.8422	8.5419	-29.7745	0.4982	80.3567	25.1944	4.9213	0.1584	-0.0012	0.0578	0.0302	-0.1990	0.1625	0.6227	-0.7391	0.0464	-0.0064	-0.0374	-4.7866	-0.8999	8.5117	-0.052822114537312004	2	0	10	Tilt	Normal
-4.7884	-0.9960	8.5808	-29.6341	0.3452	80.1547	25.3569	4.7159	0.1833	-0.0209	-0.1086	0.0572	-0.1976	0.1624	0.6218	-0.7402	0.0123	-0.0128	-0.0246	-4.7675	-0.8874	8.5237	0.048441367798600865	2	0	10	Tilt	Normal
-4.7118	-0.8428	8.5808	-29.5046	0.2112	80.1180	24.9194	5.0011	-0.0101	0.0401	0.0217	0.0461	-0.1960	0.1625	0.6220	-0.7404	0.0368	-0.0170	0.0107	-4.7519	-0.8645	8.5347	-0.051233515030540744	2	0	10	Tilt	Normal
-4.8267	-0.8045	8.6574	-29.4989	0.1533	80.0483	25.0428	4.8003	0.2046	-0.0750	0.0560	0.1223	-0.1958	0.1627	0.6217	-0.7408	0.0048	0.0171	-0.0021	-4.7517	-0.8604	8.5352	0.11903458132556466	3	0	11	Tilt	Normal
Total time: 11 seconds.
