-1.1875	-9.5002	1.0726	82.0831	31.8761	-45.2115	5.1979	22.6237	17.7889	-0.4748	0.2132	-0.0733	-0.6625	-0.0515	0.1123	0.7388	0.1354	-0.1206	-0.1838	-0.7127	-9.7134	1.1459	0.14479130652769356	6	0	1	Upright	Normal
-0.8428	-9.9599	0.7278	82.5909	23.2224	-36.9486	5.4921	23.0767	17.8510	-0.3445	-0.2349	-0.4334	-0.6611	-0.0614	0.1072	0.7401	-0.0010	-0.0534	-0.3532	-0.4983	-9.7249	1.1612	0.38793171975484597	6	0	1	Upright	Normal
0.9966	-10.3424	-0.0389	84.4019	-37.2876	28.0339	4.1426	23.5504	17.4835	0.4173	-0.5824	-0.7997	-0.6749	-0.0756	0.0383	0.7330	-1.3517	0.9767	-1.4195	0.5792	-9.7600	0.7608	0.36842152392779326	6	0	1	Upright	Normal
1.0732	-8.3121	-3.2184	80.1718	-131.3253	122.9777	-0.2352	20.7755	20.7270	-0.1836	1.3508	-2.1132	-0.7392	-0.0995	0.0030	0.6661	-0.2843	0.1969	-0.0443	1.2568	-9.6628	-1.1052	-1.4125792306545932	6	0	1	Upright	Normal
2.6049	-8.5808	0.2682	78.2195	-111.1962	107.3367	-2.4126	19.5831	22.4611	0.7388	1.0195	0.9919	-0.7269	-0.0922	-0.0448	0.6790	-0.0873	0.0510	-0.2222	1.8661	-9.6003	-0.7238	-0.006312550099794478	0	0	1	Upright	Normal
2.6821	-6.8564	-1.1115	77.7439	-109.7383	105.9896	-3.4485	19.9624	21.5614	0.7236	2.7270	-0.4087	-0.7258	-0.0948	-0.0488	0.6795	0.2440	-0.2239	0.0708	1.9585	-9.5834	-0.7028	-1.5257280466711878	0	0	1	Upright	Normal
1.3030	-9.6145	-2.5672	78.4322	-116.2981	109.3432	-1.9329	20.2245	20.6018	-0.4594	-0.0069	-1.6961	-0.7298	-0.1083	-0.0230	0.6746	-0.1213	-0.6575	0.3371	1.7624	-9.6076	-0.8710	2.590522833489472	0	0	1	Upright	Normal
3.9462	-9.7677	-0.9966	78.5947	-124.4810	114.1073	0.6007	19.7294	20.0792	2.3481	-0.1546	0.1010	-0.7351	-0.1249	0.0023	0.6664	1.1038	-0.2239	0.1923	1.5981	-9.6132	-1.0976	0.5454803345385884	0	0	1	Upright	Normal
0.6518	-7.5459	0.8422	83.3516	-85.6223	74.2748	2.3915	21.2758	19.4336	-0.4797	2.1949	0.7557	-0.6953	-0.1101	0.0294	0.7096	1.0473	-0.0162	0.4533	1.1316	-9.7408	0.0865	-2.961082272904526	0	0	1	Upright	Normal
1.6861	-8.9250	1.6849	79.3408	-32.2140	17.6625	3.6677	22.9821	16.4407	0.7195	0.7126	0.1507	-0.6388	-0.1169	0.0615	0.7579	1.6044	-0.5339	0.5278	0.9667	-9.6376	1.5342	1.6171480873032307	0	0	1	Upright	Normal
-0.2682	-8.4276	2.4517	72.7425	-8.6888	-11.3877	5.5742	25.0469	11.6680	-0.7076	0.9378	-0.4241	-0.5823	-0.1194	0.1244	0.7944	1.9677	-0.4221	0.9912	0.4395	-9.3654	2.8757	-0.4567563261934602	0	1	2	PT	Normal
-2.9880	-7.5082	5.4013	67.5190	6.2700	-28.7376	8.7809	25.3154	8.8308	-2.5784	1.5534	1.6741	-0.5488	-0.0937	0.1766	0.8117	-0.2395	0.3992	0.1869	-0.4096	-9.0616	3.7272	0.938767402569761	0	1	2	PT	Normal
-1.4551	-8.6951	3.0640	67.6484	9.5362	-33.2040	8.9218	24.3487	8.4742	-0.8372	0.3748	-0.6135	-0.5513	-0.0923	0.1922	0.8066	0.0598	-0.0993	0.3286	-0.6179	-9.0700	3.6775	-0.38655513609091585	0	1	2	Upright	Normal
-1.7238	-11.4156	3.8690	68.9470	11.0584	-36.3378	9.4085	24.0773	8.5474	-1.0481	-2.2634	0.4120	-0.5601	-0.1002	0.2040	0.7966	-0.4846	-0.2537	-0.0623	-0.6758	-9.1521	3.4571	2.8427822472642816	0	0	2	Upright	Normal
-1.9531	-14.1348	5.0176	71.2208	10.7472	-37.1124	9.6535	23.5226	8.9775	-1.3644	-4.8501	1.9163	-0.5738	-0.1123	0.2059	0.7847	-0.6795	-0.1238	-0.1316	-0.5887	-9.2847	3.1014	2.949524923309614	0	0	2	Upright	Normal
1.7627	-9.0399	2.4128	76.8629	-3.9998	-23.0452	8.6712	22.5964	10.0908	1.6074	0.5103	0.1897	-0.6032	-0.1509	0.1776	0.7627	-1.4593	0.4770	-0.8038	0.1553	-9.5502	2.2230	-5.604639421246594	0	0	2	Upright	Normal
2.1841	-7.3161	2.4894	82.5337	-40.9447	17.7424	6.0987	22.0128	13.3668	1.3491	2.4075	1.5269	-0.6511	-0.1645	0.1193	0.7313	-0.5890	0.4760	-0.1263	0.8350	-9.7236	0.9625	-1.490214516988349	0	0	2	Upright	Normal
1.9160	-7.8141	0.6123	80.9141	-70.8416	50.1309	3.6344	21.0113	14.9879	0.4533	1.8696	0.1041	-0.6658	-0.1754	0.0780	0.7210	-0.6443	-0.1824	-0.8549	1.4627	-9.6836	0.5082	0.0381002339232932	0	0	2	Upright	Normal
1.7238	-4.9033	0.2298	78.6976	-88.4704	66.2564	2.8816	21.2602	15.4906	-0.1972	4.7133	0.1787	-0.6753	-0.2035	0.0676	0.7057	-0.5879	-0.4008	-0.4405	1.9210	-9.6166	0.0512	-2.866275296165001	0	0	2	Upright	Normal
2.1075	-10.8020	-2.2990	78.0266	-98.6662	73.4095	3.4899	20.1545	14.8491	0.0967	-1.2086	-1.9924	-0.6811	-0.2273	0.0802	0.6913	-0.0265	-0.5190	0.2285	2.0108	-9.5934	-0.3066	6.0406661887025015	0	0	2	Upright	Normal
3.9840	-8.1594	-0.2682	79.0961	-100.3945	72.8847	5.8895	19.9683	14.2675	2.1599	1.4703	0.0666	-0.6798	-0.2344	0.1003	0.6877	1.2476	-0.0631	0.5672	1.8241	-9.6298	-0.3347	-2.1591757227280457	0	1	3	PT	Normal
1.1109	-7.5082	1.3791	79.0115	-41.1222	11.6613	7.9236	20.6227	11.1423	-0.1179	2.1189	-0.0284	-0.6201	-0.2091	0.1489	0.7413	2.5142	-0.3656	0.6013	1.2288	-9.6271	1.4075	-1.3698384844617522	0	1	3	PT	Normal
-0.1532	-8.3510	5.7078	68.0136	-6.6876	-25.5248	9.7408	21.9880	5.3561	-0.5807	0.7427	2.0617	-0.5339	-0.1705	0.2146	0.7999	1.1240	0.0232	0.9763	0.4275	-9.0936	3.6461	2.402191701754578	0	1	3	PT	Normal
-1.4940	-6.0908	2.9497	68.7809	3.8279	-34.0118	11.5642	21.4957	4.0619	-1.2570	3.0511	-0.5915	-0.5479	-0.1388	0.2232	0.7942	-0.4793	0.5484	0.2125	-0.2370	-9.1420	3.5412	-3.1859930183579594	0	1	3	PT	Normal
-1.1103	-9.3081	2.5277	68.6752	8.8284	-38.5343	12.1255	20.1433	6.0567	-0.5629	-0.1727	-0.9961	-0.5519	-0.1256	0.2307	0.7915	0.1855	-0.2697	0.2924	-0.5474	-9.1354	3.5238	2.7784888659701528	0	1	3	PT	Normal
-1.9537	-13.3692	4.4819	70.6386	10.6721	-41.3192	13.2536	18.5658	6.1972	-1.3515	-4.1171	1.2872	-0.5654	-0.1321	0.2363	0.7791	-0.4963	-0.1898	-0.3297	-0.6021	-9.2521	3.1948	4.52626257482172	0	1	3	Jump	Normal
1.9154	-12.2583	4.7118	74.0386	-5.2554	-26.5955	12.3414	19.2842	5.9129	1.6685	-2.8296	2.0265	-0.5769	-0.1740	0.2103	0.7699	-1.0833	0.0595	-0.6962	0.2469	-9.4287	2.6852	-0.9635495591834786	0	1	3	PT	Normal
0.9194	-10.6877	1.9920	78.5120	-34.6643	6.6264	9.3520	19.9654	7.5395	-0.1914	-1.0774	0.3856	-0.6164	-0.1954	0.1455	0.7488	-0.9032	0.0935	-0.9795	1.1108	-9.6103	1.6064	-2.361054787214586	0	1	3	PT	Normal
0.9577	-7.5848	1.4557	76.9934	-53.8412	27.3572	6.3835	21.8267	9.0189	-0.8238	1.9704	0.1538	-0.6231	-0.2130	0.1088	0.7447	-0.5165	-0.1302	-0.9369	1.7814	-9.5553	1.3018	-3.128178922729645	0	1	3	PT	Normal
2.3756	-4.5963	-0.0006	73.8990	-73.5212	44.1887	3.8405	22.9167	9.1826	-0.2319	4.8258	-0.7718	-0.6261	-0.2620	0.0925	0.7285	-0.4622	-0.6703	-0.5971	2.6076	-9.4221	0.7712	-2.6084597844507833	0	1	3	PT	Normal
2.6049	-8.2361	-2.2601	74.5377	-86.7179	54.2301	4.6814	23.1508	9.6729	-0.0051	1.2158	-2.4098	-0.6409	-0.2856	0.1064	0.7045	-0.0180	-0.2814	0.7132	2.6100	-9.4519	0.1496	3.7550719033316424	0	2	4	Jump	Normal
5.3247	-17.9278	0.7661	76.3835	-88.9978	55.7483	6.5631	22.0254	10.0383	3.0171	-8.3965	0.7259	-0.6474	-0.2807	0.1210	0.6981	1.3125	-0.5339	0.4160	2.3076	-9.5313	0.0403	9.788521624573328	0	2	4	Jump	Normal
2.4134	-4.1755	0.7661	78.0735	-49.4107	12.2832	8.7362	23.3757	6.7900	0.8745	5.4196	-0.5523	-0.6036	-0.2616	0.1862	0.7298	2.0177	-0.6415	1.1286	1.5389	-9.5951	1.3185	-13.834255877290072	0	2	4	Jump	Normal
0.4603	-8.3504	6.2818	68.6826	-9.6508	-34.3574	13.3407	23.9406	0.7528	-0.1374	0.7854	2.7675	-0.5165	-0.2324	0.2884	0.7720	1.1676	-0.7618	1.5494	0.5977	-9.1358	3.5142	5.576286250113541	0	2	4	Jump	Normal
-0.8428	-6.8570	2.7581	70.6134	3.3656	-53.4485	17.5422	22.3530	-2.0923	-0.6517	2.3938	-0.4913	-0.5268	-0.2384	0.3517	0.7362	-0.5145	-0.8545	0.5075	-0.1911	-9.2507	3.2494	-3.020735473402251	0	2	4	PT	Normal
-0.1915	-8.9639	2.2984	71.3443	2.9473	-64.7000	19.2094	21.9765	-3.6857	-0.0302	0.3277	-0.8341	-0.5037	-0.2943	0.4219	0.6941	0.1055	-1.0963	0.2103	-0.1613	-9.2916	3.1325	1.817044077805134	0	2	4	PT	Normal
-1.4940	-9.6151	1.7238	74.2210	6.9204	-82.8648	21.0660	23.3081	-5.0878	-1.1727	-0.1778	-0.9231	-0.4834	-0.3625	0.4995	0.6209	-0.9054	-1.5853	0.5257	-0.3213	-9.4373	2.6469	0.6261342822414449	0	2	4	PT	Normal
-0.6895	-10.4579	0.4980	79.7603	9.2906	-98.2799	22.4583	21.5142	-5.7306	-0.4081	-0.8073	-1.2224	-0.4651	-0.4427	0.5445	0.5397	-0.7669	-1.3659	0.0356	-0.2815	-9.6506	1.7204	0.6104429501101283	0	2	4	PT	Normal
3.6015	-10.0742	4.4430	80.4931	-9.7884	-89.3051	21.3573	23.3765	-4.4186	3.3261	-0.4021	2.8476	-0.4122	-0.4988	0.5737	0.5022	-0.3642	-1.0591	-0.7857	0.2753	-9.6721	1.5954	1.0920660554707382	0	2	4	PT	Normal
0.0772	-7.8141	-1.0349	84.7413	-100.4399	-6.2079	18.4418	25.3002	-2.9817	-0.8061	1.9514	-0.8721	-0.3998	-0.5903	0.5428	0.4439	-2.3722	-1.8197	0.6375	0.8833	-9.7655	-0.1628	-3.7017850354489417	0	2	4	Jump	Normal
3.4866	-4.3664	-0.1155	82.9634	-109.9406	-2.0885	18.0877	26.0333	-1.4389	2.3577	5.3665	0.2942	-0.3690	-0.6203	0.5502	0.4200	0.4315	-1.1741	-0.7164	1.1289	-9.7329	-0.4097	-2.2938680258443753	0	3	5	Walk	Normal
0.8817	-8.3887	-1.1115	82.5824	-115.8418	-4.9348	17.5602	26.9105	-2.8526	-0.2574	1.3360	-0.5598	-0.3227	-0.6511	0.5758	0.3746	-0.4335	-1.6972	0.2913	1.1390	-9.7246	-0.5517	2.918983211269917	0	3	5	Walk	Normal
-1.4551	-11.9129	-4.5209	83.3448	-159.2807	29.9057	19.7379	26.2984	-5.8696	-1.8572	-2.1723	-3.4578	-0.3051	-0.6790	0.5972	0.2985	-0.2833	-1.2764	0.3211	0.4021	-9.7407	-1.0630	4.316877934766939	0	3	5	Run	Normal
5.0188	-13.7900	1.3402	82.3605	-149.4387	15.3786	21.2892	25.3901	-6.8025	4.3561	-4.0703	2.4627	-0.2691	-0.6963	0.6029	0.2816	1.2347	-1.2497	-0.5087	0.6627	-9.7197	-1.1226	1.9112581856181095	0	3	5	Walk	Normal
1.4180	-7.2395	3.2172	85.3037	-51.7176	-89.7425	21.1050	24.6559	-9.2684	0.7878	2.5344	2.7200	-0.2058	-0.6575	0.6764	0.2605	2.0006	-1.9411	0.9102	0.6301	-9.7739	0.4972	-6.687890461536979	0	3	5	Run	Normal
-0.3059	-6.5116	3.2555	78.5159	6.3119	-160.6151	21.6821	20.6070	-17.1439	-0.0911	3.0988	1.3150	-0.1484	-0.6157	0.7562	0.1645	0.4720	-1.5927	0.1571	-0.2147	-9.6105	1.9405	-0.7615919082039051	0	3	5	Walk	Normal
-3.2555	-9.3081	0.6506	79.6415	7.3183	-174.7468	19.1426	19.1305	-20.8269	-3.0309	0.3388	-1.0982	-0.0783	-0.6362	0.7638	0.0760	-0.5112	-2.1296	0.6716	-0.2246	-9.6468	1.7488	2.595942912190405	0	3	5	Walk	Normal
-0.9577	-10.8026	0.3831	82.4540	15.1616	178.1758	14.6793	18.2514	-21.1174	-0.6208	-1.0808	-0.8598	-0.0888	-0.6548	0.7468	0.0751	-0.3472	-0.7118	-0.2999	-0.3368	-9.7218	1.2429	0.9693106044400146	0	3	5	Walk	Normal
-0.6129	-12.7180	1.3791	83.8674	10.4086	-176.4798	11.5785	18.7246	-20.8431	-0.4236	-2.9675	0.3488	-0.0879	-0.6631	0.7386	0.0833	0.2419	-0.6180	-0.1913	-0.1893	-9.7505	1.0303	1.9554948477914191	0	3	5	Walk	Normal
3.4093	-7.8530	4.0989	81.1676	-38.3908	-124.4548	7.7180	19.0911	-20.2677	2.4743	1.8374	2.9188	-0.0653	-0.6600	0.7343	0.1449	-0.5549	0.5431	-1.5836	0.9351	-9.6904	1.1800	-3.3154467013661613	0	4	6	Walk	Normal
1.2258	-8.6574	0.8045	79.2756	-102.9278	-59.6497	3.0481	23.5875	-17.4679	-0.5528	0.9780	1.2128	-0.0452	-0.7203	0.6715	0.1680	-0.5677	-0.9014	-0.3234	1.7786	-9.6355	-0.4084	-0.7110992577053743	0	4	6	Walk	Normal
2.2224	-5.7455	0.3825	76.4305	-94.1289	-72.1393	-0.2082	24.6964	-17.1457	-0.0724	3.7875	0.5483	-0.0019	-0.7131	0.6812	0.1659	0.3686	-1.4116	-0.2733	2.2948	-9.5330	-0.1658	-2.6084753930035003	0	4	6	Walk	Normal
0.6901	-7.9673	-3.8696	77.1521	-101.7472	-69.3698	-3.2849	24.1127	-17.4188	-1.4448	1.5939	-3.4257	0.0216	-0.7226	0.6785	0.1304	-0.0766	-0.6713	0.3265	2.1349	-9.5612	-0.4440	2.711931182361484	0	4	6	Walk	Normal
2.8353	-14.9009	-1.0732	79.5846	-119.2366	-55.0665	-4.1094	24.1990	-17.0212	1.2884	-5.2557	-0.2072	0.0194	-0.7374	0.6692	0.0894	-0.4399	-0.3176	0.1198	1.5470	-9.6452	-0.8660	6.322028398617743	0	4	6	Run	Normal
2.7198	-6.5122	1.1109	81.0621	-73.9274	-107.9953	-4.8477	22.9767	-17.7081	1.2559	3.1755	0.6892	0.0645	-0.6887	0.7210	0.0409	1.6970	-1.1251	0.6333	1.4639	-9.6877	0.4217	-8.061927053413402	0	4	6	Run	Normal
0.3837	-8.5036	5.1326	70.2174	-34.3914	-148.4342	-6.0674	19.0348	-21.4234	-0.3497	0.8842	2.3938	-0.0833	0.5945	-0.7983	-0.0489	2.0220	-1.1336	1.1126	0.7334	-9.3878	2.7388	2.795681099388813	0	4	6	Walk	Normal
-1.6089	-6.9336	4.7501	63.2886	-34.4870	-141.6462	-6.5959	15.8948	-24.4789	-1.4828	2.1744	1.1167	-0.0738	0.5562	-0.8190	-0.1202	-0.1597	0.0073	0.3755	-0.1261	-9.1080	3.6334	-1.382653604414207	0	4	6	Walk	Normal
-0.4980	-8.1977	2.0686	62.3908	-37.4893	-136.8133	-6.2463	15.9069	-24.1431	-0.1308	0.9144	-1.5375	-0.0751	0.5572	-0.8144	-0.1433	0.2355	-0.4167	0.1720	-0.3672	-9.1122	3.6061	-0.08794663343323705	0	4	6	Upright	Normal
-1.4934	-14.0582	4.7878	60.8701	-42.9056	-131.6014	-7.3359	15.7954	-24.2914	-1.2339	-4.8997	1.2912	-0.0944	0.5593	-0.8079	-0.1600	-0.4750	-0.5594	-0.1295	-0.2595	-9.1584	3.4966	6.456705712983181	0	0	6	Upright	Normal
0.9966	-13.1771	5.8221	59.6688	-53.2136	-124.1987	-9.6644	17.3869	-22.7999	0.7745	-3.8322	2.8566	-0.1352	0.5749	-0.7897	-0.1660	-0.9981	-0.5008	-0.6632	0.2221	-9.3449	2.9655	-0.485595655105751	0	1	7	PT	Normal
0.5752	-9.4230	1.4551	60.7490	-66.5150	-116.6291	-12.1684	20.0145	-20.3203	-0.4081	0.1456	-0.4544	-0.1805	0.6083	-0.7596	-0.1430	-1.0151	0.9000	-0.9987	0.9833	-9.5686	1.9095	-4.88840935721036	0	1	7	Jump	Normal
0.7284	-6.4350	1.3785	62.7318	-72.6570	-117.0387	-12.7071	22.9760	-19.0802	-1.2124	3.0840	0.0392	-0.2124	0.6218	-0.7477	-0.0963	-0.6966	0.2640	-0.8794	1.9408	-9.5190	1.3393	-2.930838926038845	0	1	7	PT	Normal
2.0303	-7.5082	0.9577	62.4282	-82.0028	-113.2296	-14.1412	22.8753	-17.4891	-0.6886	1.8929	0.3262	-0.2533	0.6353	-0.7260	-0.0713	-0.7445	-0.7725	-0.8485	2.7189	-9.4011	0.6315	1.2154227802302167	0	1	7	PT	Normal
2.3367	-5.6312	-2.1069	59.1096	-90.1932	-107.5881	-16.8355	23.9593	-15.1911	-0.6535	3.7085	-2.0898	-0.2915	0.6449	-0.7019	-0.0808	0.0832	-0.5509	0.3637	2.9902	-9.3396	-0.0171	-1.386054111040088	0	1	7	PT	Normal
3.8313	-16.2417	-2.9886	55.4618	-97.8586	-97.3646	-16.1144	24.4332	-14.8641	1.4907	-6.7488	-2.2283	-0.2993	0.6702	-0.6684	-0.1205	-0.9395	-0.4519	-0.5034	2.3406	-9.4929	-0.7603	10.502424834732675	0	1	7	Jump	Normal
3.9462	-5.7838	-0.6135	52.1676	-91.4336	-100.9345	-15.5444	24.5482	-15.0717	1.8965	3.8051	-0.4630	-0.3005	0.6460	-0.6840	-0.1564	1.3892	-0.3911	1.0903	2.0497	-9.5889	-0.1505	-9.924375524057378	0	1	7	Jump	Normal
1.0343	-8.6191	4.2138	45.3212	-70.6225	-110.6741	-13.3665	22.8248	-19.2931	-0.0672	0.8532	1.9260	-0.2599	0.5620	-0.7460	-0.2451	3.0169	-0.6532	1.0285	1.1015	-9.4724	2.2878	2.6209990714746736	0	1	7	PT	Normal
-0.7272	-7.0862	4.4813	38.7084	-60.4448	-112.1060	-13.7468	19.5606	-23.0118	-1.1349	1.9558	0.7067	-0.2341	0.5028	-0.7694	-0.3169	0.6307	-0.0439	0.3808	0.4076	-9.0420	3.7746	-1.2338340996919719	0	1	7	PT	Normal
-1.1486	-7.9673	2.8341	39.5098	-58.8350	-111.0084	-12.9812	18.1707	-24.0115	-1.1428	1.0238	-1.0811	-0.2142	0.5045	-0.7697	-0.3275	0.0459	0.2427	0.0793	-0.0058	-8.9911	3.9153	0.11824176126123298	0	1	8	Tilt	Normal
-0.5746	-9.0405	3.1795	39.8017	-57.9594	-111.1926	-12.0292	17.9491	-24.5968	-0.4745	-0.0859	-0.8175	-0.2076	0.5031	-0.7719	-0.3287	0.0384	-0.0396	0.0814	-0.1001	-8.9546	3.9970	1.066515034411072	0	0	8	Tilt	Normal
-1.9148	-12.8706	4.1749	40.4713	-62.1508	-107.4944	-11.4624	17.5690	-23.8242	-1.6854	-3.7070	0.6900	-0.2154	0.5253	-0.7536	-0.3312	-0.4686	-0.0044	-0.4299	-0.2294	-9.1637	3.4849	4.065076795087704	0	0	8	Tilt	Normal
0.5363	-12.4882	5.8993	41.1497	-67.0746	-106.2148	-12.1405	20.1440	-22.9505	0.4280	-3.1134	3.0230	-0.2378	0.5448	-0.7407	-0.3132	-0.9320	-0.0130	-0.5364	0.1083	-9.3748	2.8763	0.15628625009341235	0	0	8	Tilt	Normal
1.6089	-8.3510	2.2218	44.9482	-72.5189	-107.4182	-12.2030	23.1042	-19.9379	0.7947	1.1970	0.1371	-0.2581	0.5719	-0.7344	-0.2588	-1.1685	1.4209	-0.8219	0.8142	-9.5479	2.0848	-5.031881931023639	0	0	8	Tilt	Normal
1.4940	-6.4739	2.3367	49.6040	-80.7551	-104.7493	-11.9565	24.9606	-18.1214	0.1902	3.1919	1.3158	-0.2707	0.6121	-0.7136	-0.2069	-0.5293	0.5601	-0.3383	1.3038	-9.6658	1.0210	-1.747021981287042	0	0	8	Tilt	Normal
1.7238	-8.4276	1.0343	54.3884	-83.6938	-107.5975	-14.2574	26.6382	-16.3466	-0.3882	1.1284	0.4072	-0.2778	0.6252	-0.7147	-0.1453	-0.4420	0.1884	-0.8741	2.1120	-9.5560	0.6271	1.6210655372157268	0	0	8	Tilt	Normal
2.3756	-6.3967	-1.9926	54.6763	-89.8628	-105.1848	-15.5512	26.9420	-14.3324	-0.1745	3.0727	-2.0060	-0.3008	0.6394	-0.6966	-0.1244	-0.6007	-0.4125	-0.1849	2.5501	-9.4694	0.0135	-1.5554812988950317	0	0	8	Tilt	Normal
1.5329	-7.2012	-1.9926	54.2535	-91.3844	-103.3839	-14.8307	27.2130	-13.5676	-0.9234	2.2920	-1.8542	-0.3023	0.6447	-0.6901	-0.1293	0.2025	0.0147	0.3478	2.4563	-9.4932	-0.1384	0.5188535979190316	0	0	8	Tilt	Normal
4.0612	-12.9472	0.1526	54.3112	-97.9012	-95.5512	-13.5378	28.7483	-12.2164	2.0318	-3.3851	0.9391	-0.2955	0.6729	-0.6640	-0.1378	-0.3909	-0.2505	0.1869	2.0294	-9.5621	-0.7865	5.942644385478356	0	0	8	Tilt	Normal
2.0309	-9.6911	1.6083	54.2231	-88.3620	-101.5317	-12.6125	28.0036	-12.4319	0.2942	-0.0409	1.4445	-0.2738	0.6455	-0.6953	-0.1577	1.3604	0.1820	0.8346	1.7367	-9.6503	0.1639	-3.5386822291256994	0	1	9	Jump	Normal
1.8010	-7.0862	3.2555	51.8109	-70.9219	-111.6168	-10.2287	25.4255	-16.6297	0.7289	2.4581	1.2739	-0.2317	0.5876	-0.7485	-0.2021	1.8196	-0.0705	0.5076	1.0722	-9.5443	1.9817	-2.0278745655337502	0	1	9	PT	Normal
-0.9571	-8.8484	4.1749	47.6317	-59.7193	-114.3462	-8.5567	22.1739	-20.4242	-1.1197	0.3733	0.8426	-0.1929	0.5412	-0.7757	-0.2612	0.5093	0.0414	0.3861	0.1627	-9.2217	3.3323	1.8270589133808972	0	1	9	PT	Normal
-1.7615	-8.2738	4.0983	50.7800	-58.8076	-112.1061	-7.3135	22.5439	-20.3110	-1.2728	0.9794	0.8869	-0.1593	0.5576	-0.7704	-0.2649	-0.4239	0.4504	0.3403	-0.4887	-9.2531	3.2114	-0.4308467702810628	0	1	9	PT	Normal
0.0006	-9.5379	2.2212	54.7825	-60.9934	-110.3726	-5.0588	23.3559	-19.7863	0.6569	-0.1453	-0.5210	-0.1436	0.5827	-0.7614	-0.2451	-0.6679	0.4313	-0.2147	-0.6563	-9.3926	2.7423	0.3934047867046253	0	1	9	Tilt	Normal
-1.0720	-9.4230	2.3361	55.7748	-68.4795	-103.4469	-5.4991	24.6084	-18.3999	-0.3005	0.1417	0.3129	-0.1509	0.6116	-0.7366	-0.2460	-0.8394	-0.1813	0.6652	-0.7715	-9.5647	2.0233	-0.02585748854360581	0	1	9	Tilt	Normal
-1.0720	-7.9290	1.8765	57.7663	-75.5916	-95.1784	-3.9822	25.5498	-15.3526	0.1264	1.7168	0.5751	-0.1388	0.6437	-0.7105	-0.2481	-0.7904	0.5559	0.0239	-1.1984	-9.6458	1.3014	-1.54902546469709	0	0	9	Tilt	Normal
-0.5740	-9.3847	0.4208	59.4510	-85.3083	-87.4560	-3.1962	26.8932	-13.9241	0.5499	0.3490	0.0132	-0.1432	0.6773	-0.6843	-0.2293	-0.8106	-0.1152	0.2295	-1.1239	-9.7336	0.4076	1.1934087013082841	0	0	9	Tilt	Normal
-1.1869	-9.4996	-0.7284	59.4925	-92.6180	-80.5067	-2.6673	27.6098	-11.9802	0.0482	0.2264	-0.5010	-0.1441	0.7006	-0.6613	-0.2259	-0.3856	0.0797	0.0303	-1.2351	-9.7260	-0.2274	0.18948133095852882	0	0	9	Tilt	Normal
-1.0337	-9.6528	-0.4603	60.3451	-91.4161	-81.4572	-2.1202	28.1234	-11.6706	0.2144	0.0735	-0.3403	-0.1378	0.6979	-0.6665	-0.2228	0.1141	0.2011	0.0676	-1.2481	-9.7263	-0.1200	0.117766182225985	0	0	9	Tilt	Normal
-1.2635	-9.4230	-0.7284	60.2648	-92.6758	-80.1459	-2.3177	27.5270	-11.9588	0.0214	0.2966	-0.5013	-0.1376	0.7019	-0.6623	-0.2231	-0.0500	-0.0929	0.0847	-1.2849	-9.7196	-0.2271	-0.18370214976532928	1	0	10	Tilt	Normal
-1.3785	-9.3847	-0.2687	60.5634	-93.1701	-79.2678	-2.3938	27.5204	-10.8885	-0.0190	0.3237	-0.0021	-0.1332	0.7042	-0.6607	-0.2234	-0.0468	0.0392	0.0143	-1.3595	-9.7083	-0.2667	-0.0459873292579136	1	0	10	Tilt	Normal
-1.2252	-9.6145	-0.6135	61.0016	-93.7698	-78.8367	-2.7140	27.8460	-11.0479	0.1161	0.0950	-0.3009	-0.1314	0.7062	-0.6602	-0.2197	0.0033	0.0744	-0.0144	-1.3414	-9.7095	-0.3126	0.22244092065666266	1	0	10	Tilt	Normal
-1.2252	-9.4613	-0.5752	61.3117	-93.8668	-79.0814	-2.4025	27.1816	-11.7622	0.0585	0.2559	-0.2577	-0.1316	0.7063	-0.6612	-0.2159	0.0065	-0.0322	-0.0357	-1.2837	-9.7172	-0.3175	-0.15402463879812345	1	0	10	Tilt	Normal
-1.3402	-9.4613	-0.5369	61.0695	-93.5140	-79.5421	-2.4342	27.0200	-11.2140	-0.0807	0.2599	-0.2460	-0.1339	0.7049	-0.6620	-0.2168	0.0364	-0.1025	-0.0368	-1.2595	-9.7212	-0.2909	0.01319643438949214	1	0	10	Tilt	Normal
-1.3402	-9.4996	-0.6135	60.9491	-93.1464	-79.9656	-2.2090	27.5082	-11.8382	-0.0973	0.2246	-0.3521	-0.1351	0.7036	-0.6629	-0.2173	0.0768	-0.0631	-0.0261	-1.2429	-9.7242	-0.2614	0.04244835006584324	1	0	10	Tilt	Normal
-1.3408	-9.4619	-0.4597	61.0035	-92.7423	-80.3830	-2.7005	27.2724	-11.5412	-0.1088	0.2646	-0.2322	-0.1350	0.7024	-0.6643	-0.2170	0.0726	-0.0215	-0.0197	-1.2320	-9.7264	-0.2274	-0.045791247017184844	1	0	10	Tilt	Normal
-1.3402	-9.4613	-0.5752	61.1357	-92.7060	-80.4532	-2.6366	27.4848	-11.7568	-0.1152	0.2661	-0.3516	-0.1344	0.7024	-0.6648	-0.2161	0.0225	-0.0279	-0.0304	-1.2249	-9.7273	-0.2236	0.005567811955973667	1	0	10	Tilt	Normal
-1.2641	-9.4619	-0.3831	61.2875	-92.4528	-80.7207	-3.7513	27.5028	-11.8244	-0.0474	0.2670	-0.1814	-0.1336	0.7017	-0.6659	-0.2152	0.0236	-0.0055	-0.0176	-1.2167	-9.7288	-0.2017	-0.019393069823973264	1	0	10	Tilt	Normal
-1.3018	-9.3847	-0.4603	61.3394	-92.6087	-80.5627	-3.6128	27.3290	-12.0524	-0.0819	0.3436	-0.2462	-0.1332	0.7023	-0.6655	-0.2149	0.0225	0.0179	-0.0016	-1.2200	-9.7282	-0.2141	-0.0679176967486601	2	0	11	Tilt	Fall
-1.2252	-9.4230	-0.2304	61.3491	-92.7851	-80.3556	-3.5981	27.2517	-11.6279	0.0036	0.3038	-0.0019	-0.1329	0.7028	-0.6650	-0.2149	-0.0042	0.0254	0.0048	-1.2288	-9.7267	-0.2285	0.0193769452447885	2	0	11	Tilt	Normal
-1.1492	-9.4619	-0.1915	61.3099	-92.7607	-80.3797	-3.2084	27.1882	-12.1794	0.0793	0.2650	0.0353	-0.1332	0.7027	-0.6649	-0.2152	-0.0010	-0.0055	0.0058	-1.2285	-9.7269	-0.2269	0.028245191791215873	2	0	11	Tilt	Normal
-1.2258	-9.5002	-0.3448	61.3717	-92.7199	-80.3822	-3.3055	27.6601	-12.4955	0.0081	0.2261	-0.1218	-0.1326	0.7027	-0.6651	-0.2150	0.0299	0.0169	0.0048	-1.2339	-9.7263	-0.2230	0.05180308862262173	2	0	11	Tilt	Normal
-1.2252	-9.4996	-0.4220	61.3999	-92.7578	-80.3300	-3.2330	27.9877	-12.1716	0.0118	0.2263	-0.1960	-0.1323	0.7029	-0.6650	-0.2149	0.0182	0.0062	0.0111	-1.2371	-9.7258	-0.2260	0.0024164085928859436	2	0	11	Tilt	Normal
-1.2635	-9.3847	-0.2304	61.6113	-92.5320	-80.4765	-2.9402	27.6202	-12.7341	-0.0184	0.3406	-0.0244	-0.1306	0.7025	-0.6660	-0.2142	0.0203	0.0243	-0.0070	-1.2451	-9.7252	-0.2061	-0.1154002503340994	2	0	11	Tilt	Normal
-1.2635	-9.5379	0.1143	61.6504	-91.7122	-81.1215	-3.2193	26.9058	-12.4617	-0.0054	0.1867	0.2535	-0.1296	0.7002	-0.6683	-0.2153	0.0576	-0.0236	0.0218	-1.2582	-9.7246	-0.1392	0.14972837488328494	2	0	11	Tilt	Normal
-1.1486	-9.6145	-0.0389	61.7301	-91.4867	-81.4445	-3.2617	27.8374	-12.4108	0.0883	0.1131	0.0817	-0.1297	0.6995	-0.6693	-0.2143	0.0192	0.0126	-0.0368	-1.2369	-9.7276	-0.1206	0.0610403010151046	2	0	11	Tilt	Normal
-1.3785	-9.6145	0.1143	61.7983	-91.2775	-81.5946	-3.1093	26.9887	-12.3699	-0.1359	0.1127	0.2177	-0.1290	0.6990	-0.6699	-0.2143	0.0406	0.0243	-0.0006	-1.2426	-9.7272	-0.1034	0.03054847540905037	2	0	11	Tilt	Normal
-1.1869	-9.4613	0.1526	62.0649	-91.1654	-81.7236	-2.7441	26.9150	-13.1774	0.0501	0.2667	0.2462	-0.1275	0.6989	-0.6708	-0.2127	0.0331	0.0520	-0.0091	-1.2371	-9.7279	-0.0935	-0.17681525433106948	2	0	11	Tilt	Normal
-1.2252	-9.4230	0.0760	62.2472	-91.3280	-81.6121	-3.1316	27.2545	-12.8724	0.0060	0.3056	0.1820	-0.1267	0.6995	-0.6708	-0.2112	0.0213	0.0329	-0.0123	-1.2312	-9.7285	-0.1059	-0.03405522574409936	3	0	12	Tilt	Normal
-1.2258	-9.5768	-0.0766	62.3839	-91.5017	-81.4585	-3.1548	27.3509	-12.9468	0.0051	0.1516	0.0426	-0.1260	0.7001	-0.6706	-0.2103	-0.0138	0.0382	0.0047	-1.2309	-9.7284	-0.1193	0.15261266876124502	3	0	12	Upright	Normal
-1.1486	-9.4230	-0.1921	62.4687	-91.5843	-81.3739	-2.7935	26.8571	-12.7292	0.0841	0.3051	-0.0667	-0.1254	0.7005	-0.6705	-0.2098	0.0022	0.0137	0.0079	-1.2327	-9.7281	-0.1254	-0.16054573086472956	3	0	12	Upright	Normal
-1.1103	-9.5379	-0.1921	62.5975	-91.6327	-81.3431	-2.5827	26.9510	-12.6449	0.1200	0.1905	-0.0634	-0.1247	0.7007	-0.6707	-0.2089	0.0000	0.0276	0.0015	-1.2303	-9.7284	-0.1287	0.10953943232878771	3	0	12	Upright	Normal
-1.1869	-9.4996	-0.1538	62.6655	-91.6977	-81.2554	-2.6568	26.7516	-12.7159	0.0483	0.2282	-0.0204	-0.1242	0.7010	-0.6706	-0.2086	-0.0085	-0.0225	0.0079	-1.2353	-9.7278	-0.1335	-0.029532948937051273	3	0	12	Upright	Normal
-1.3408	-9.4619	-0.2298	62.7839	-91.7578	-81.1768	-2.9955	27.1203	-12.3532	-0.1016	0.2653	-0.0922	-0.1233	0.7013	-0.6706	-0.2080	-0.0074	0.0115	0.0090	-1.2391	-9.7272	-0.1377	-0.015506220089473999	3	0	12	Upright	Normal
-1.1492	-9.5002	-0.1149	62.8744	-91.8663	-81.0755	-2.7960	26.3836	-12.6782	0.0905	0.2267	0.0308	-0.1228	0.7017	-0.6705	-0.2074	-0.0244	0.0041	0.0058	-1.2397	-9.7269	-0.1457	0.01095531820330109	3	0	12	Upright	Normal
-1.3018	-9.4996	-0.1921	62.9688	-91.9155	-81.0183	-3.2459	27.2053	-12.5243	-0.0600	0.2270	-0.0431	-0.1221	0.7019	-0.6705	-0.2069	-0.0116	-0.0119	0.0133	-1.2418	-9.7266	-0.1490	0.0201626704896416	3	0	12	Upright	Normal
-1.1486	-9.4996	-0.2304	63.0179	-92.1006	-80.8502	-3.3039	26.9872	-12.4344	0.0935	0.2269	-0.0673	-0.1219	0.7025	-0.6701	-0.2064	0.0022	0.0254	-0.0048	-1.2421	-9.7264	-0.1631	-0.01874658604726953	3	0	12	Upright	Normal
-1.3018	-9.5379	-0.3071	62.9884	-92.0351	-80.8571	-3.0778	26.7930	-12.0908	-0.0509	0.1875	-0.1489	-0.1217	0.7023	-0.6701	-0.2070	0.0097	0.0126	-0.0102	-1.2510	-9.7254	-0.1582	0.05966610335465283	3	0	12	Upright	Normal
-1.1875	-9.4619	-0.2298	63.1022	-92.0414	-80.9141	-2.4434	26.7222	-12.5563	0.0525	0.2649	-0.0717	-0.1214	0.7024	-0.6705	-0.2059	0.0203	-0.0076	-0.0027	-1.2400	-9.7267	-0.1582	-0.09233213434760223	4	0	13	Upright	Normal
-1.3024	-9.5002	-0.1915	63.1687	-91.9832	-80.9654	-3.5295	26.8967	-12.1127	-0.0624	0.2266	-0.0383	-0.1210	0.7023	-0.6708	-0.2056	0.0086	0.0244	-0.0134	-1.2400	-9.7267	-0.1532	0.05207626140272481	4	0	13	Upright	Normal
-1.2635	-9.4613	-0.1921	63.2319	-91.8742	-81.0196	-2.2272	26.9378	-12.4616	-0.0163	0.2647	-0.0476	-0.1203	0.7021	-0.6711	-0.2056	0.0128	0.0329	-0.0027	-1.2472	-9.7260	-0.1445	-0.04374460426439697	4	0	13	Upright	Normal
-1.1875	-9.5002	-0.2298	63.2607	-91.8014	-81.0983	-2.3534	26.9066	-12.6831	0.0573	0.2263	-0.0911	-0.1202	0.7019	-0.6714	-0.2054	0.0107	0.0158	-0.0081	-1.2448	-9.7264	-0.1387	0.029660938985227148	4	0	13	Upright	Normal
-1.2252	-9.4230	-0.2687	63.3648	-91.8359	-81.0650	-2.2930	26.9405	-12.3228	0.0198	0.3033	-0.1278	-0.1196	0.7021	-0.6715	-0.2048	0.0149	0.0126	-0.0027	-1.2450	-9.7263	-0.1410	-0.07077079231506822	4	0	13	Upright	Normal
-1.2252	-9.4996	-0.1921	63.4919	-91.8625	-81.0402	-2.2885	27.0493	-12.5262	0.0196	0.2267	-0.0498	-0.1188	0.7022	-0.6717	-0.2040	0.0054	-0.0140	0.0037	-1.2448	-9.7263	-0.1423	0.07409363696664784	4	0	13	Upright	Normal
-1.1869	-9.3847	-0.1921	63.5950	-91.8873	-81.0136	-2.7248	27.2635	-12.1928	0.0584	0.3416	-0.0485	-0.1182	0.7024	-0.6718	-0.2034	0.0075	-0.0087	-0.0016	-1.2453	-9.7263	-0.1437	-0.11880297327725842	4	0	13	Upright	Normal
-1.1492	-9.4236	-0.2682	63.6926	-91.9214	-80.9915	-2.6624	26.6791	-12.8390	0.0944	0.3029	-0.1224	-0.1176	0.7026	-0.6719	-0.2027	0.0012	-0.0076	-0.0027	-1.2436	-9.7264	-0.1457	0.03579417049630962	4	0	13	Upright	Normal
-1.3024	-9.5385	-0.1149	63.7782	-91.9413	-80.9648	-2.7417	26.4925	-12.4962	-0.0575	0.1878	0.0319	-0.1171	0.7027	-0.6720	-0.2023	0.0012	-0.0076	-0.0027	-1.2450	-9.7263	-0.1468	0.1304893298428471	4	0	13	Upright	Normal
-1.3402	-9.4613	-0.1921	63.8480	-91.9615	-80.9397	-2.2210	27.1607	-11.8026	-0.0943	0.2649	-0.0441	-0.1166	0.7028	-0.6721	-0.2019	-0.0031	0.0105	0.0058	-1.2459	-9.7261	-0.1480	-0.0700113037416159	4	0	13	Upright	Normal
-1.1869	-9.4613	-0.2304	63.8727	-91.9882	-80.9078	-3.3648	27.4370	-12.6807	0.0603	0.2647	-0.0805	-0.1164	0.7029	-0.6721	-0.2018	0.0001	0.0147	0.0058	-1.2472	-9.7260	-0.1499	-0.019439886609445622	5	0	14	Upright	Normal
-1.3402	-9.4996	-0.2687	63.9300	-92.0882	-80.7828	-2.4234	27.3654	-11.9189	-0.0871	0.2255	-0.1116	-0.1159	0.7033	-0.6718	-0.2015	0.0139	0.0212	0.0037	-1.2531	-9.7251	-0.1571	0.05919478082708096	5	0	14	Upright	Normal
-1.2258	-9.4236	-0.2298	63.9700	-92.1510	-80.7164	-2.2168	26.6663	-11.8374	0.0287	0.3012	-0.0682	-0.1156	0.7035	-0.6717	-0.2013	0.0117	0.0116	0.0037	-1.2546	-9.7248	-0.1616	-0.09166573453520677	5	0	14	Upright	Normal
-1.2635	-9.4230	-0.2687	64.0199	-92.1870	-80.6806	-2.6283	26.9924	-12.6403	-0.0085	0.3017	-0.1047	-0.1153	0.7036	-0.6717	-0.2010	0.0139	0.0020	0.0058	-1.2550	-9.7246	-0.1640	0.005360115452646141	5	0	14	Upright	Normal
-1.2635	-9.4613	-0.2687	64.0413	-92.2226	-80.6072	-2.7670	27.5792	-11.9296	-0.0016	0.2625	-0.1022	-0.1149	0.7038	-0.6716	-0.2011	0.0053	0.0137	-0.0017	-1.2619	-9.7238	-0.1665	0.037946101038617286	5	0	14	Upright	Normal
-1.2258	-9.5002	-0.1532	64.0330	-92.0996	-80.7093	-2.7951	26.9320	-12.2649	0.0376	0.2236	0.0042	-0.1149	0.7034	-0.6719	-0.2013	0.0011	0.0158	0.0026	-1.2634	-9.7238	-0.1574	0.031105945102893884	5	0	14	Upright	Normal
-1.2635	-9.4613	-0.3071	64.0245	-91.9903	-80.7988	-3.0262	26.8949	-12.3243	0.0015	0.2623	-0.1579	-0.1148	0.7031	-0.6722	-0.2015	0.0150	0.0062	0.0037	-1.2650	-9.7236	-0.1492	-0.029948273950610727	5	0	14	Upright	Normal
-1.2635	-9.4230	-0.1155	64.0268	-91.9170	-80.8553	-2.6947	26.8805	-11.6725	0.0030	0.3006	0.0283	-0.1147	0.7030	-0.6723	-0.2016	0.0203	0.0148	0.0015	-1.2665	-9.7236	-0.1438	-0.042198516314417844	5	0	14	Upright	Normal
-1.1869	-9.4613	-0.1921	63.9932	-91.9234	-80.8598	-2.7240	26.8752	-12.5763	0.0780	0.2625	-0.0477	-0.1150	0.7029	-0.6723	-0.2017	0.0171	-0.0066	0.0111	-1.2649	-9.7238	-0.1444	0.029357288173548213	5	0	14	Upright	Normal
-1.2635	-9.4230	-0.1921	64.0064	-91.9264	-80.8591	-2.2891	26.6006	-12.3429	0.0010	0.3008	-0.0476	-0.1149	0.7030	-0.6723	-0.2016	0.0043	0.0020	0.0069	-1.2646	-9.7238	-0.1445	-0.0281183030240566	6	0	15	Upright	Normal
-1.2635	-9.4230	-0.0772	64.0328	-91.9312	-80.8539	-2.8800	27.3725	-12.1262	0.0010	0.3008	0.0676	-0.1148	0.7030	-0.6723	-0.2015	0.0033	0.0052	0.0058	-1.2646	-9.7238	-0.1448	-0.0016271075000293678	6	0	15	Upright	Normal
-1.2635	-9.4996	-0.1921	64.0807	-91.9375	-80.8399	-2.0137	27.0209	-12.2048	0.0024	0.2240	-0.0471	-0.1144	0.7031	-0.6724	-0.2012	-0.0020	0.0019	0.0016	-1.2659	-9.7236	-0.1450	0.07753775962404141	6	0	15	Upright	Normal
-1.2635	-9.5379	-0.1538	64.1172	-91.9600	-80.8169	-2.5598	27.5329	-12.2522	0.0027	0.1857	-0.0073	-0.1142	0.7032	-0.6724	-0.2010	0.0097	0.0083	-0.0016	-1.2662	-9.7236	-0.1465	0.037270586940145733	6	0	15	Upright	Normal
-1.1869	-9.4230	-0.1155	64.2021	-91.9196	-80.8486	-2.3761	26.7853	-12.3605	0.0799	0.3005	0.0275	-0.1136	0.7031	-0.6727	-0.2006	0.0203	0.0307	0.0058	-1.2668	-9.7235	-0.1431	-0.12429598108245266	6	0	15	Upright	Normal
-1.2635	-9.4230	-0.0772	64.2499	-91.8655	-80.9197	-2.6562	27.2264	-12.5708	-0.0006	0.3011	0.0615	-0.1135	0.7030	-0.6729	-0.2002	0.0097	0.0307	-0.0091	-1.2629	-9.7241	-0.1387	0.009487634518265509	6	0	15	Upright	Normal
-1.1103	-9.4996	-0.1921	64.2786	-91.7391	-81.0558	-2.4802	26.7419	-12.6023	0.1489	0.2251	-0.0628	-0.1134	0.7027	-0.6734	-0.2000	0.0225	0.0243	-0.0006	-1.2592	-9.7246	-0.1293	0.05854872286729318	6	0	15	Upright	Normal
-1.1486	-9.3847	-0.1921	64.2856	-91.6578	-81.1739	-2.3505	26.4743	-12.0500	0.1030	0.3410	-0.0690	-0.1136	0.7024	-0.6737	-0.1998	0.0107	0.0148	-0.0112	-1.2516	-9.7257	-0.1232	-0.10951559384188592	6	0	15	Upright	Normal
-1.2635	-9.4613	-0.1538	64.3436	-91.4785	-81.3091	-2.3696	26.3823	-12.5301	-0.0076	0.2641	-0.0441	-0.1130	0.7020	-0.6742	-0.1997	0.0171	0.0009	-0.0049	-1.2559	-9.7254	-0.1097	0.0898536175044029	6	0	15	Upright	Normal
-1.1875	-9.3853	-0.2298	64.4009	-91.5220	-81.2739	-2.4736	26.7325	-12.9194	0.0676	0.3401	-0.1172	-0.1127	0.7022	-0.6742	-0.1993	0.0128	-0.0087	0.0005	-1.2552	-9.7254	-0.1127	-0.08361461807127668	6	0	15	Upright	Normal
-1.2641	-9.5385	-0.1532	64.4310	-91.5725	-81.2215	-2.4759	26.7453	-12.6166	-0.0079	0.1867	-0.0370	-0.1125	0.7023	-0.6741	-0.1992	-0.0106	-0.0183	0.0005	-1.2562	-9.7252	-0.1163	0.1602000332839566	7	0	16	Upright	Normal
Total time: 16 seconds.
