-1.9148	-9.7677	1.1103	38.6471	-78.3420	-87.4715	-8.8333	18.1776	-12.0627	-0.2547	-0.2273	-0.4372	-0.2267	0.6080	-0.6568	-0.3841	0.1617	0.1955	-0.0110	-1.6601	-9.5404	1.5476	0.4651823954463836	3	0	1	Tilt	Normal
-1.0337	-9.4996	1.1103	40.7902	-78.4786	-87.2617	-8.2960	18.4349	-12.7013	0.7036	0.0374	-0.3726	-0.2138	0.6154	-0.6605	-0.3733	-0.0119	-0.0293	0.0741	-1.7373	-9.5370	1.4829	-0.395383720974257	0	0	1	Upright	Normal
-0.9194	-9.7300	0.9960	38.8585	-78.5462	-87.3520	-8.6908	18.3088	-12.6002	0.7452	-0.1853	-0.5203	-0.2260	0.6096	-0.6565	-0.3826	0.0872	-0.0080	0.0336	-1.6646	-9.5448	1.5163	0.20399656145293577	0	0	1	Upright	Normal
-1.5323	-8.8490	1.4557	37.7190	-77.3101	-88.2048	-8.5328	17.9924	-12.7161	0.0848	0.6722	-0.2482	-0.2301	0.6001	-0.6593	-0.3902	0.1447	-0.4266	-0.0026	-1.6171	-9.5211	1.7039	-0.72605946474593	0	0	1	Upright	Normal
-1.1875	-9.5385	2.2984	37.0139	-77.3394	-87.4490	-9.0729	18.1682	-13.1418	0.5311	-0.0373	0.5822	-0.2304	0.5995	-0.6551	-0.3980	-0.2686	-0.5779	0.2989	-1.7186	-9.5012	1.7162	0.7852044486450094	0	0	1	Upright	Normal
-1.4940	-9.6151	1.5706	33.2969	-76.9030	-87.7115	-9.0995	18.4352	-12.4834	0.1064	-0.1199	-0.2867	-0.2510	0.5851	-0.6483	-0.4176	0.2182	0.0069	-0.0058	-1.6004	-9.4953	1.8573	-0.026688129768590585	0	0	1	Upright	Normal
-0.0377	-9.5762	1.7998	31.2991	-73.4270	-87.6658	-9.5317	18.2725	-13.2108	1.7971	-0.2439	-0.5902	-0.2427	0.5650	-0.6509	-0.4451	0.6421	-0.1433	0.4380	-1.8349	-9.3323	2.3900	-0.1124810100634992	0	0	1	Upright	Normal
-0.6512	-9.5002	1.7238	35.3913	-68.2882	-90.1588	-8.6229	17.7582	-13.1997	1.4247	-0.3834	-1.2336	-0.2010	0.5557	-0.6788	-0.4360	0.9042	1.0796	0.3230	-2.0759	-9.1168	2.9574	-0.06667694652254141	0	0	1	Upright	Normal
-1.1109	-12.3349	3.2178	39.5052	-63.9661	-91.7155	-7.2086	16.4469	-15.4000	1.3622	-3.4453	-0.1031	-0.1581	0.5529	-0.6975	-0.4275	0.5708	-0.5577	0.6021	-2.4731	-8.8897	3.3209	3.118758974440226	0	0	1	Upright	Normal
2.6049	-14.3652	-0.1915	37.6855	-72.3043	-90.8566	-6.9382	17.1873	-15.6064	4.2873	-4.9963	-2.5504	-0.2147	0.5776	-0.6781	-0.4006	-1.4500	0.1422	-0.8776	-1.6824	-9.3690	2.3589	1.8047056762815732	0	0	1	Upright	Normal
-1.0726	-14.4035	1.6855	39.1887	-91.9749	-87.0140	-9.2055	19.5572	-12.1373	-0.7753	-4.6048	1.9475	-0.2974	0.6518	-0.6256	-0.3087	-2.3481	0.5907	-0.7572	-0.2973	-9.7987	-0.2620	-0.05932876544318333	0	0	2	Upright	Normal
-4.5580	-6.4350	8.2738	56.0791	-107.5680	-78.3835	-8.6211	21.4484	-9.9172	-5.0812	3.2174	9.9256	-0.2347	0.7274	-0.6235	-0.1645	-0.2356	1.0306	-1.0979	0.5233	-9.6524	-1.6518	-3.111594334034205	0	0	2	Upright	Normal
-0.8428	-7.3167	-5.5545	50.4396	-89.1300	-99.4188	-11.0028	18.2470	-11.0544	-2.3340	2.3755	-5.6493	-0.2879	0.6421	-0.6850	-0.1887	0.4376	-1.6251	-0.2521	1.4913	-9.6922	0.0947	-2.2050040070015804	0	0	2	Upright	Normal
-1.7238	-5.5545	2.7964	43.1872	-86.4451	-97.2534	-12.9808	17.2653	-11.0432	-2.5467	4.2075	2.3532	-0.3006	0.6221	-0.6750	-0.2587	0.5665	-0.1443	-0.3267	0.8229	-9.7621	0.4432	-2.7715955112883863	0	0	2	Upright	Normal
4.8650	-7.6998	-1.2641	48.4026	-84.0483	-105.8065	-13.8623	15.8130	-11.9200	2.9399	1.8925	-1.9392	-0.3033	0.6112	-0.7060	-0.1898	-0.1866	1.3449	0.6843	1.9251	-9.5922	0.6750	2.7420739035848376	0	0	2	Upright	Normal
-5.5929	-8.3893	2.6432	53.3894	-79.4535	-99.3054	-11.2818	15.7272	-13.4478	-5.7298	1.3578	1.5728	-0.2115	0.6330	-0.7096	-0.2260	0.5122	1.2320	0.3689	0.1369	-9.7471	1.0704	1.2281305674217915	0	0	2	Upright	Normal
-0.3448	-9.6151	2.0303	50.8209	-81.2219	-92.1938	-10.1831	16.6808	-13.2425	0.4435	0.1140	1.0849	-0.1977	0.6424	-0.6877	-0.2742	-0.7033	-1.6560	0.7610	-0.7883	-9.7291	0.9454	-0.5902402129726507	0	0	2	Upright	Normal
0.1921	-8.9250	2.9874	46.9297	-74.4409	-92.0880	-10.6319	17.7942	-13.1291	1.7683	0.5861	1.1911	-0.1793	0.6134	-0.6930	-0.3336	0.6198	1.2267	0.7375	-1.5761	-9.5111	1.7962	-0.4195008037845884	0	0	2	Upright	Normal
-0.7272	-9.4996	1.3785	45.7898	-66.8066	-93.4265	-8.0895	15.9301	-15.1931	1.4976	-0.3361	-1.3146	-0.1465	0.5841	-0.7067	-0.3714	0.9053	-1.1787	1.0315	-2.2248	-9.1635	2.6930	0.21293817904389556	0	0	2	Upright	Normal
-0.3831	-13.1011	-0.1532	47.2758	-68.6486	-90.9037	-8.1103	15.3294	-14.8323	2.0955	-3.9272	-2.5756	-0.1358	0.5984	-0.6978	-0.3696	-0.2718	1.2288	0.1953	-2.4786	-9.1738	2.4223	3.480992122578499	0	0	3	Upright	Normal
4.0229	-11.0319	-1.4946	48.9979	-81.3414	-88.9979	-7.3261	15.9238	-14.5104	5.3064	-1.3580	-2.4632	-0.1913	0.6434	-0.6765	-0.3029	-1.6343	0.1262	-1.6444	-1.2836	-9.6739	0.9686	-1.270349858746128	0	0	3	Upright	Normal
-7.6225	-16.7397	4.9793	49.6359	-96.5364	-87.8346	-9.4222	16.6745	-12.5299	-8.1044	-6.9715	5.7024	-0.2686	0.6817	-0.6447	-0.2179	-1.1357	1.4077	-1.0795	0.4818	-9.7682	-0.7230	7.218291768958219	0	0	3	Upright	Normal
-3.7158	-4.6735	4.1372	55.3057	-103.7728	-84.9154	-7.7601	17.4153	-11.7753	-4.7836	4.9840	5.4661	-0.2591	0.7075	-0.6385	-0.1569	0.8222	-3.3348	-0.8153	1.0678	-9.6575	-1.3289	-11.791571714864602	0	0	3	Upright	Normal
-2.8730	-5.5545	-2.9880	44.6244	-89.4606	-96.9560	-11.5445	15.5218	-11.3735	-3.9962	4.1875	-3.0537	-0.3087	0.6335	-0.6692	-0.2356	1.1556	-0.3638	0.2532	1.1232	-9.7420	0.0657	-0.3332553967815066	0	0	3	Upright	Normal
10.4968	-18.0421	-0.8051	42.6792	-83.2872	-100.9098	-12.6787	12.2784	-12.5106	9.4165	-8.3315	-1.6477	-0.3041	0.6038	-0.6907	-0.2567	2.2891	-0.1124	-1.8188	1.0802	-9.7106	0.8426	13.95824410237654	0	0	3	Upright	Normal
-5.3241	-12.8323	2.6426	48.0477	-83.8304	-100.5546	-12.6567	10.6053	-13.8896	-6.3394	-3.1038	1.9381	-0.2757	0.6230	-0.6966	-0.2252	-0.7299	-1.3193	1.9310	1.0153	-9.7285	0.7045	-6.746913954478233	0	0	3	Upright	Normal
-5.0560	-9.8444	2.0297	47.0252	-83.7063	-93.9399	-11.0191	12.3765	-13.8815	-4.9409	-0.0657	1.2969	-0.2445	0.6347	-0.6809	-0.2715	0.1979	0.0644	0.3507	-0.1151	-9.7787	0.7328	-2.8905941828284707	0	0	3	Upright	Normal
-0.3059	-9.8827	2.7192	44.6148	-80.3285	-90.6030	-10.8355	12.3980	-13.8934	0.7495	-0.2037	1.5465	-0.2201	0.6259	-0.6748	-0.3233	0.1415	-1.4408	0.6022	-1.0554	-9.6790	1.1727	-0.9969163228399882	0	0	3	Upright	Normal
1.1881	-8.4653	2.6426	43.6221	-74.1939	-92.3109	-11.5361	12.1076	-14.4325	2.6490	1.0373	0.7090	-0.1986	0.6016	-0.6893	-0.3513	0.6198	0.4426	0.6799	-1.4609	-9.5026	1.9336	-1.3071159848676075	0	0	3	Upright	Normal
-0.7272	-9.1548	0.8805	44.8348	-68.4911	-92.9406	-9.7134	11.3799	-15.1851	1.3366	0.0869	-1.6692	-0.1601	0.5868	-0.7018	-0.3707	0.6837	0.3393	0.8962	-2.0638	-9.2418	2.5497	0.27833659525305876	0	0	4	Upright	Normal
-0.6123	-11.1085	1.6083	46.0366	-66.1583	-91.7533	-8.1006	10.7006	-16.7028	1.9652	-2.0556	-1.1434	-0.1325	0.5849	-0.7022	-0.3837	0.2459	0.3521	0.3902	-2.5775	-9.0529	2.7517	2.0152594061531595	0	0	4	Upright	Normal
0.4597	-12.2966	0.6895	54.3749	-71.1641	-91.1310	-6.1283	10.7413	-17.3736	2.8497	-2.9661	-1.1546	-0.1094	0.6277	-0.7027	-0.3166	-1.2082	0.8293	-0.7952	-2.3900	-9.3305	1.8441	1.0834826332441878	0	0	4	Upright	Normal
1.9154	-12.8329	-1.5323	56.3060	-90.8931	-87.8761	-6.0528	13.1929	-16.5078	2.1518	-3.0294	-1.4474	-0.1976	0.6821	-0.6713	-0.2121	-2.9169	-0.2285	-2.6563	-0.2364	-9.8035	-0.0848	0.7407294789229102	0	0	4	Upright	Normal
-8.3510	-11.0325	2.7198	71.8585	-119.7686	-65.2523	-5.5241	15.9642	-15.4196	-8.9893	-1.3647	4.2359	-0.1297	0.7487	-0.6465	-0.0685	-1.5555	4.4107	-0.7388	0.6384	-9.6678	-1.5161	1.0362876437558324	0	0	4	Upright	Normal
-4.4436	-5.0949	2.4517	68.3596	-109.1501	-77.5483	-2.9423	18.2832	-14.8730	-5.3660	4.5960	3.6381	-0.1683	0.7295	-0.6572	-0.0872	1.8757	-2.9950	-0.7132	0.9224	-9.6908	-1.1865	-6.91023551473069	0	0	4	Upright	Normal
-2.4128	-8.6951	2.2212	64.0410	-84.0340	-96.0554	-8.2242	14.1720	-15.8822	-2.5302	1.1007	1.7752	-0.1585	0.6724	-0.7057	-0.1574	0.6656	-0.0399	0.7814	0.1175	-9.7959	0.4461	2.101739154664383	0	0	4	Upright	Normal
11.4928	-8.3887	-1.3414	67.1951	-68.5638	-119.9934	-7.5555	11.3567	-17.9522	9.7909	1.1688	-2.7304	-0.1777	0.6306	-0.7519	-0.0742	-0.2505	1.0509	-1.0672	1.7018	-9.5575	1.3891	4.998735456996171	0	0	4	Upright	Normal
-6.2435	-17.7740	-2.3756	64.0152	-80.3789	-104.0265	-8.8896	10.8262	-17.4330	-7.1575	-8.0363	-3.0936	-0.1821	0.6559	-0.7211	-0.1291	-0.4274	1.1052	0.1739	0.9140	-9.7377	0.7180	4.696138332017892	0	0	4	Upright	Normal
-3.7152	-9.5762	4.3664	68.3052	-84.4573	-93.1260	-7.0595	13.4524	-16.9250	-3.3686	0.2182	4.0164	-0.1180	0.6843	-0.7044	-0.1473	-0.7448	-1.0967	0.4945	-0.3466	-9.7944	0.3500	-7.826715247473816	0	0	4	Upright	Normal
-2.1452	-9.6917	1.2258	62.1531	-82.0913	-91.7234	-8.2329	14.2307	-15.9276	-1.2447	0.0533	0.5956	-0.1325	0.6710	-0.6996	-0.2066	0.6112	-0.8027	0.4434	-0.9005	-9.7450	0.6303	-1.1594960306366566	0	1	5	PT	Normal
1.1115	-10.1125	1.0720	57.0467	-75.5196	-96.0903	-8.8990	13.5897	-16.2173	2.1501	-0.4527	-0.2617	-0.1477	0.6404	-0.7121	-0.2469	0.1830	-0.6503	0.3049	-1.0386	-9.6599	1.3337	0.2280494135069695	0	1	5	Upright	Normal
-2.8341	-9.9976	0.9188	55.2867	-75.7881	-94.6116	-9.4638	12.0957	-16.1851	-1.6257	-0.3627	-0.4522	-0.1516	0.6380	-0.7070	-0.2646	-0.1195	0.5662	0.2537	-1.2085	-9.6349	1.3710	0.20235586308569609	0	1	5	Upright	Normal
-1.5317	-9.3847	2.2212	54.7630	-78.8869	-90.6733	-9.1033	13.0522	-16.5700	-0.1010	0.2556	1.1308	-0.1516	0.6492	-0.6931	-0.2742	-0.3454	-0.3073	0.1738	-1.4307	-9.6403	1.0904	-0.6672243713077304	0	0	5	Upright	Normal
-2.0297	-8.2738	0.9188	54.2909	-78.4807	-90.8580	-9.0224	14.0473	-15.9046	-0.5836	1.3581	-0.2242	-0.1530	0.6468	-0.6935	-0.2781	0.1191	0.1571	-0.0627	-1.4461	-9.6319	1.1429	-1.196330481563999	0	0	5	Upright	Normal
-1.1103	-9.5379	0.5357	55.5561	-79.6958	-89.7139	-8.0634	13.8434	-16.2917	0.3846	0.1032	-0.4564	-0.1462	0.6542	-0.6908	-0.2709	-0.0737	0.3318	-0.1298	-1.4949	-9.6412	0.9921	1.048712346940329	0	0	5	Upright	Normal
-1.9914	-8.0822	0.6506	60.6995	-80.0417	-90.5207	-7.6976	13.7697	-16.7004	-0.6002	1.5897	-0.1793	-0.1218	0.6655	-0.6981	-0.2344	-0.0013	1.0487	-0.2470	-1.3912	-9.6720	0.8299	-1.2679324191575851	0	0	5	Upright	Normal
-0.3059	-8.8484	0.9954	66.0750	-74.7888	-97.6087	-5.8979	13.2017	-17.4852	0.7724	0.8429	-0.0480	-0.0978	0.6612	-0.7192	-0.1895	0.4334	0.8325	-0.5462	-1.0783	-9.6913	1.0434	0.5601597075391727	0	0	5	Upright	Normal
0.3071	-8.8484	0.9188	74.5161	-56.7149	-120.0144	-3.4711	12.6158	-18.4714	0.6975	0.8447	-0.5179	-0.0611	0.6504	-0.7504	-0.1011	0.7923	0.3542	-0.6527	-0.3904	-9.6931	1.4367	-0.008191245998512287	0	0	5	Tilt	Normal
0.9577	-9.5768	1.2258	76.3157	-30.1059	-150.2643	-1.9193	11.1585	-19.7278	0.7750	0.0206	-0.7811	-0.0443	0.6291	-0.7751	-0.0398	0.8232	1.4557	-0.9414	0.1827	-9.5975	2.0069	0.8010385812867984	0	0	5	Tilt	Normal
1.1115	-9.1548	3.0257	73.5419	-19.8746	-162.5846	-0.7858	9.2347	-19.8397	0.1670	0.2500	0.4129	0.0474	-0.6038	0.7956	0.0173	0.3172	0.1518	-0.7294	0.9445	-9.4049	2.6128	0.003389530939971408	0	0	6	Tilt	Normal
1.8393	-8.4653	3.2172	71.0677	-31.6722	-149.4225	-1.1402	8.1236	-20.4173	0.1688	0.8109	0.5094	0.0668	-0.5979	0.7970	0.0534	0.0871	-0.2360	-0.8732	1.6706	-9.2762	2.7078	-0.46477747490382093	0	0	6	Tilt	Normal
2.3756	-9.3847	2.7192	68.4471	-41.8295	-138.8650	-2.3147	8.2765	-20.9501	-0.0269	-0.2637	0.0349	0.0918	-0.5956	0.7937	0.0834	0.0083	-0.2029	-0.8414	2.4026	-9.1210	2.6843	0.8144273587945356	0	0	6	Tilt	Normal
4.1378	-10.0742	2.2595	65.0603	-53.9655	-127.9545	-4.3071	7.8720	-20.3170	0.7940	-1.1820	-0.1730	0.1335	-0.5985	0.7822	0.1104	-0.2463	-0.3286	-0.6997	3.3438	-8.8922	2.4325	1.067427246998145	0	0	6	Tilt	Normal
4.0229	-8.2355	2.3361	62.6883	-63.4041	-120.6046	-5.3324	7.8091	-20.2895	-0.0006	0.4781	0.3217	0.1706	-0.6068	0.7666	0.1225	-0.2367	-0.3894	-0.7007	4.0235	-8.7135	2.0144	-1.664209346984883	0	0	6	Tilt	Normal
4.6358	-8.5036	1.8765	59.5664	-69.2700	-115.9289	-6.6690	8.7344	-19.9948	-0.0100	-0.0480	0.1182	0.2014	-0.6081	0.7551	0.1395	-0.2772	-0.2605	-0.7519	4.6458	-8.4556	1.7582	0.40667704437027474	0	0	6	Tilt	Normal
5.3636	-8.1205	1.1869	56.7595	-76.5047	-110.2291	-7.7297	9.1231	-20.0009	0.1365	0.0816	-0.0675	0.2333	-0.6177	0.7351	0.1538	-0.4157	-0.3095	-0.6177	5.2271	-8.2021	1.2544	-0.06119484203697745	0	0	6	Upright	Normal
5.5545	-8.4659	0.7278	54.0452	-84.3152	-104.0602	-9.1225	8.5966	-19.4515	-0.1751	-0.5275	0.1576	0.2641	-0.6334	0.7082	0.1659	-0.6522	-0.3574	-0.6530	5.7296	-7.9384	0.5703	0.34748094870473345	0	0	6	Upright	Normal
5.8999	-6.0519	0.4208	51.2578	-89.3380	-99.5898	-10.4497	9.7697	-19.0430	-0.2367	1.5971	0.3500	0.2855	-0.6441	0.6860	0.1817	-0.5126	-0.1539	-0.5188	6.1366	-7.6490	0.0708	-1.6891825736180532	0	0	6	Upright	Normal
6.4362	-7.3927	-0.1538	48.2102	-92.4190	-96.8773	-11.7790	10.2996	-18.5522	-0.0931	-0.0808	0.1221	0.3055	-0.6486	0.6682	0.1985	-0.3741	-0.2615	-0.6594	6.5293	-7.3119	-0.2759	1.3407272205267091	0	1	7	PT	Normal
7.4705	-6.7798	-0.1921	44.3554	-95.1860	-94.6855	-13.2247	9.8017	-17.8517	0.4874	0.0762	0.4417	0.3303	-0.6505	0.6481	0.2182	-0.3187	-0.1635	-0.4964	6.9831	-6.8559	-0.6339	0.2870634759806112	0	1	7	Upright	Normal
8.0834	-6.7032	-0.7667	41.5073	-96.5078	-94.1104	-14.3787	9.6441	-17.6099	0.7869	-0.2041	0.0657	0.3500	-0.6480	0.6359	0.2307	-0.1281	-0.1454	-0.3472	7.2965	-6.4991	-0.8324	0.43896410227896787	0	0	7	Upright	Normal
7.3556	-6.7032	-1.4563	40.7985	-98.0266	-93.3243	-14.9897	9.6813	-17.2340	0.0046	-0.2954	-0.4196	0.3577	-0.6518	0.6277	0.2305	-0.1185	-0.0591	0.0096	7.3509	-6.4078	-1.0367	-0.47134523974077247	0	0	7	Upright	Normal
7.5465	-6.7421	-1.2641	40.9498	-98.7056	-92.7312	-15.0595	9.3749	-17.0337	0.2251	-0.3147	-0.1431	0.3572	-0.6554	0.6248	0.2290	-0.1184	-0.0698	0.0273	7.3215	-6.4274	-1.1211	0.14045119400570982	0	0	7	Upright	Normal
7.0874	-5.8604	-1.3030	40.6088	-99.9855	-91.6659	-15.5215	10.4326	-16.8880	-0.2447	0.5227	-0.0120	0.3599	-0.6605	0.6177	0.2294	-0.0332	0.0229	-0.0579	7.3321	-6.3831	-1.2911	-0.9098675868550838	0	0	7	Upright	Normal
6.9342	-5.8987	-1.5329	40.2842	-100.4066	-91.3864	-15.5325	11.3071	-16.9356	-0.4236	0.4422	-0.1815	0.3622	-0.6616	0.6148	0.2304	0.0009	-0.0005	-0.0313	7.3578	-6.3409	-1.3514	-0.05646604949712142	0	0	7	Upright	Normal
7.3933	-6.3590	-1.3791	40.2504	-100.3086	-91.3582	-15.4890	10.7690	-16.4282	0.0295	-0.0226	-0.0397	0.3617	-0.6614	0.6150	0.2313	-0.0012	0.0176	0.0188	7.3638	-6.3364	-1.3394	0.616963732556437	0	0	7	Upright	Normal
7.0874	-6.0519	-1.4563	40.3502	-100.4601	-91.0785	-15.1791	10.5670	-17.0830	-0.2620	0.2975	-0.0994	0.3604	-0.6628	0.6142	0.2314	-0.0033	0.0389	0.0138	7.3495	-6.3494	-1.3569	-0.41605116031087164	0	0	7	Upright	Normal
7.2024	-6.1286	-1.4563	40.3237	-100.5727	-90.9231	-15.2676	10.1967	-17.4173	-0.1472	0.2174	-0.0844	0.3602	-0.6635	0.6135	0.2317	-0.0268	-0.0112	-0.0267	7.3496	-6.3460	-1.3719	0.1356531582617837	0	0	7	Upright	Normal
7.2018	-6.2058	-1.5323	40.1949	-100.5961	-90.7673	-15.6647	10.2392	-17.1271	-0.1613	0.1235	-0.1547	0.3601	-0.6637	0.6127	0.2332	-0.0215	0.0314	0.0127	7.3631	-6.3292	-1.3776	0.060980782398072364	1	0	8	Upright	Normal
7.2407	-6.1286	-1.2647	40.1357	-100.2891	-90.7282	-15.0248	10.7061	-16.9933	-0.1360	0.1929	0.0745	0.3586	-0.6631	0.6134	0.2355	0.0318	0.0666	-0.0033	7.3767	-6.3214	-1.3393	-0.059318124469170286	1	0	8	Upright	Normal
7.1257	-6.0136	-1.1498	40.0477	-99.6332	-91.3493	-14.8888	10.2217	-17.1028	-0.2755	0.2963	0.1065	0.3591	-0.6596	0.6165	0.2365	0.0915	0.0218	-0.0405	7.4012	-6.3099	-1.2564	-0.17537268722091426	1	0	8	Upright	Normal
7.5088	-6.3584	-1.1498	39.8543	-99.1751	-91.8534	-15.0318	10.2820	-16.9944	0.0769	-0.0739	0.0507	0.3606	-0.6566	0.6184	0.2375	0.0233	-0.0336	-0.0312	7.4319	-6.2845	-1.2005	0.5114948483759836	1	0	8	Upright	Normal
7.0485	-6.0142	-1.2641	39.8005	-99.3213	-91.9948	-15.1122	10.0556	-16.9403	-0.3862	0.2632	-0.0437	0.3625	-0.6564	0.6181	0.2362	0.0158	-0.0101	-0.0238	7.4347	-6.2774	-1.2204	-0.5547632352122278	1	0	8	Upright	Normal
7.5465	-6.2058	-1.1492	39.4061	-99.1257	-92.2694	-15.9116	10.2350	-17.2833	0.0652	0.0196	0.0527	0.3651	-0.6542	0.6181	0.2381	0.0328	-0.0048	-0.0770	7.4813	-6.2254	-1.2019	0.48633310149336495	1	0	8	Upright	Normal
7.2024	-6.0136	-1.2647	39.2392	-99.1838	-92.3353	-15.5335	9.6106	-17.2645	-0.2955	0.1897	-0.0524	0.3667	-0.6537	0.6175	0.2384	-0.0098	0.0144	-0.0227	7.4979	-6.2034	-1.2124	-0.37009458015087837	0	0	8	Upright	Normal
7.3939	-5.8987	-1.1498	38.9914	-99.0870	-92.3476	-15.5957	9.9477	-17.4453	-0.1324	0.2717	0.0540	0.3675	-0.6529	0.6171	0.2404	0.0009	-0.0037	-0.0344	7.5263	-6.1705	-1.2038	0.060488956636582714	0	0	8	Upright	Normal
7.2401	-5.9376	-1.1875	38.8759	-98.9392	-92.4940	-15.1858	9.3676	-17.8611	-0.3017	0.2174	-0.0012	0.3682	-0.6519	0.6176	0.2411	0.0265	0.0250	-0.0236	7.5417	-6.1550	-1.1863	-0.08974504883576984	0	0	8	Upright	Normal
7.2790	-5.8221	-1.1881	38.7102	-98.7546	-92.7700	-14.9895	9.5425	-16.7744	-0.2842	0.3109	-0.0233	0.3696	-0.6502	0.6183	0.2416	0.0382	0.0037	-0.0226	7.5631	-6.1330	-1.1648	-0.04205122322444588	0	0	8	Upright	Normal
7.2401	-5.9376	-1.1875	38.6331	-98.7595	-92.6002	-15.1253	9.7064	-17.2953	-0.3311	0.1850	-0.0208	0.3691	-0.6506	0.6177	0.2429	0.0073	-0.0197	-0.0130	7.5712	-6.1226	-1.1667	0.04205122322444588	1	0	9	Upright	Normal
7.3939	-6.0519	-1.1881	38.6094	-98.9557	-92.5933	-15.4464	9.7297	-17.6084	-0.1757	0.0675	0.0049	0.3702	-0.6510	0.6169	0.2420	0.0318	0.0176	-0.0353	7.5696	-6.1194	-1.1931	0.1899907356708237	1	0	9	Upright	Normal
7.3167	-6.0142	-1.1875	38.5977	-98.9259	-92.6308	-14.6587	10.0032	-17.8144	-0.2548	0.1037	0.0018	0.3703	-0.6508	0.6171	0.2420	-0.0012	0.0069	-0.0130	7.5715	-6.1179	-1.1893	-0.08302824499579664	1	0	9	Upright	Normal
7.2401	-5.9759	-1.2641	38.5412	-98.9675	-92.5178	-15.2465	9.7721	-16.8765	-0.3365	0.1344	-0.0685	0.3702	-0.6511	0.6165	0.2427	-0.0289	0.0080	0.0011	7.5766	-6.1103	-1.1956	-0.07290392630218889	1	0	9	Upright	Normal
7.4316	-5.8993	-1.1492	38.3970	-99.0447	-92.3253	-15.7752	9.8826	-17.8241	-0.1585	0.1917	0.0591	0.3703	-0.6515	0.6154	0.2442	-0.0236	-0.0005	-0.0276	7.5901	-6.0910	-1.2083	0.08526956576154454	1	0	9	Upright	Normal
7.4699	-5.9376	-1.1492	38.3444	-99.0971	-92.1897	-15.3604	9.7532	-17.2245	-0.1246	0.1463	0.0669	0.3701	-0.6519	0.6148	0.2449	-0.0214	-0.0165	-0.0117	7.5946	-6.0840	-1.2161	0.053423914830155184	1	0	9	Upright	Normal
7.2784	-5.8610	-1.2641	38.1475	-99.2391	-92.1304	-15.1609	9.7547	-17.0242	-0.3337	0.1965	-0.0259	0.3716	-0.6520	0.6136	0.2456	-0.0246	-0.0186	-0.0287	7.6121	-6.0575	-1.2383	-0.1812276948433169	1	0	9	Upright	Normal
7.6237	-5.9753	-1.2647	37.9608	-99.6007	-91.8722	-15.5178	9.5349	-17.1111	0.0001	0.0570	0.0248	0.3730	-0.6532	0.6113	0.2460	-0.0566	-0.0634	-0.0447	7.6236	-6.0323	-1.2896	0.33857312247698346	1	0	9	Upright	Normal
7.3556	-5.7838	-1.3030	37.8172	-100.2767	-91.2964	-15.2562	9.6167	-17.0869	-0.2671	0.2291	0.0792	0.3741	-0.6562	0.6075	0.2460	-0.0779	-0.0091	-0.0266	7.6227	-6.0129	-1.3822	-0.3210587813284551	1	0	9	Upright	Normal
7.5082	-5.8227	-1.3791	37.6282	-100.6403	-90.7482	-15.6720	10.1276	-16.5551	-0.1249	0.1646	0.0551	0.3738	-0.6583	0.6045	0.2479	-0.0481	-0.0165	-0.0007	7.6332	-5.9873	-1.4341	0.153493699064283	2	0	10	Upright	Normal
7.3167	-5.6312	-1.4557	37.4619	-100.8798	-90.5784	-15.9624	10.5720	-17.1382	-0.3274	0.3337	0.0136	0.3750	-0.6590	0.6028	0.2484	-0.0257	-0.0218	0.0067	7.6441	-5.9649	-1.4693	-0.25413198190342	2	0	10	Upright	Normal
7.4705	-5.7838	-1.4563	37.4434	-101.0696	-90.4150	-15.9649	10.7078	-16.6738	-0.1706	0.1785	0.0388	0.3751	-0.6599	0.6018	0.2483	-0.0161	-0.0197	-0.0146	7.6411	-5.9623	-1.4950	0.21252009405700356	2	0	10	Upright	Normal
7.5471	-5.9370	-1.4563	37.4199	-101.2317	-90.3944	-16.1418	10.5111	-16.7625	-0.0922	0.0220	0.0608	0.3760	-0.6603	0.6011	0.2476	0.0063	-0.0261	-0.0156	7.6393	-5.9590	-1.5170	0.15286595740868592	2	0	10	Upright	Normal
7.3939	-5.8987	-1.5329	37.4776	-101.4226	-90.3924	-15.4981	10.4458	-16.6834	-0.2343	0.0682	0.0085	0.3767	-0.6608	0.6007	0.2462	-0.0022	-0.0208	0.0046	7.6282	-5.9669	-1.5414	-0.13026153068006074	2	0	10	Upright	Normal
7.2407	-5.7455	-1.6095	37.4353	-101.6375	-90.3168	-15.9021	10.6510	-16.5543	-0.3861	0.2158	-0.0386	0.3776	-0.6614	0.5997	0.2456	-0.0214	-0.0272	0.0059	7.6267	-5.9613	-1.5709	-0.1995959834766392	2	0	10	Upright	Normal
7.5088	-5.8221	-1.4946	37.3840	-101.8611	-90.1075	-16.2206	11.1761	-16.7171	-0.1170	0.1321	0.1071	0.3778	-0.6625	0.5983	0.2457	-0.0321	-0.0218	-0.0208	7.6258	-5.9542	-1.6017	0.23597841940198272	2	0	10	Upright	Normal
7.3939	-5.8987	-1.6478	37.3292	-102.0780	-89.8736	-16.2215	10.1835	-16.0013	-0.2313	0.0480	-0.0160	0.3779	-0.6636	0.5969	0.2459	-0.0385	-0.0080	0.0027	7.6252	-5.9467	-1.6318	-0.017331064465119894	2	0	10	Upright	Normal
7.1641	-5.6689	-1.6478	37.1928	-102.3460	-89.5723	-16.3711	10.4863	-16.6117	-0.4673	0.2593	0.0226	0.3782	-0.6649	0.5949	0.2467	-0.0299	-0.0005	0.0005	7.6314	-5.9282	-1.6704	-0.317921065949216	2	0	10	Upright	Normal
7.3939	-5.6306	-1.6478	37.1477	-102.4928	-89.3979	-16.0555	10.2413	-16.2499	-0.2376	0.2915	0.0431	0.3782	-0.6657	0.5939	0.2471	-0.0171	-0.0091	-0.0037	7.6315	-5.9221	-1.6909	0.15557565468155587	2	0	10	Upright	Normal
7.4322	-5.7455	-1.6861	37.1497	-102.5220	-89.4203	-15.7471	10.9625	-16.0086	-0.1983	0.1769	0.0087	0.3785	-0.6657	0.5939	0.2468	0.0116	-0.0197	0.0020	7.6305	-5.9224	-1.6948	0.10549750512477907	3	0	11	Upright	Normal
Total time: 11 seconds.
