-0.3825	-9.7677	0.9188	43.4262	81.4241	98.3274	14.5197	14.7450	-15.6046	0.0274	-0.0274	-0.1432	-0.2751	-0.6084	0.6906	-0.2779	0.2151	0.0292	-0.0802	-0.4099	-9.7404	1.0620	-0.18257038343435994	6	0	1	Upright	Normal
-0.4597	-9.8067	0.9577	43.2650	79.8218	98.9517	14.8271	14.8206	-15.4110	-0.1309	-0.0869	-0.3042	-0.2696	-0.6025	0.6957	-0.2835	0.2598	0.0260	-0.0929	-0.3288	-9.7197	1.2619	0.04579773376866392	6	0	1	Upright	Normal
-0.4974	-9.6528	1.0337	42.9156	78.4162	99.5947	15.1663	14.5544	-15.3113	-0.2182	0.0432	-0.4084	-0.2664	-0.5963	0.7001	-0.2889	0.2694	0.0484	-0.0780	-0.2792	-9.6961	1.4421	-0.14334543188219584	6	0	1	Upright	Normal
-0.4591	-9.6145	1.4551	42.1013	76.4306	100.7286	14.2263	13.9624	-15.5159	-0.2001	0.0391	-0.2520	-0.2646	-0.5856	0.7064	-0.2966	0.4004	0.0867	-0.0407	-0.2590	-9.6536	1.7071	0.01409456792194419	6	0	1	Upright	Normal
-1.3402	-9.9593	1.9914	40.8376	73.6972	102.6443	14.2811	12.8735	-15.9882	-1.0362	-0.3811	-0.0913	-0.2643	-0.5692	0.7162	-0.3053	0.3408	0.1773	-0.1473	-0.3039	-9.5782	2.0827	0.5096657629706343	6	0	1	Upright	Normal
-1.1486	-9.8444	1.6849	40.1180	73.5105	102.8047	14.8638	13.0849	-15.8408	-0.8134	-0.2773	-0.4437	-0.2679	-0.5654	0.7162	-0.3091	0.0564	0.1475	-0.1611	-0.3352	-9.5671	2.1286	-0.19110770385256437	0	0	1	Upright	Normal
-1.8765	-9.3081	1.5700	39.3853	72.7074	103.4252	14.2255	13.6640	-15.9356	-1.5016	0.2289	-0.6829	-0.2699	-0.5588	0.7189	-0.3130	0.3131	0.1070	-0.2517	-0.3748	-9.5370	2.2529	-0.42909141439596077	0	0	1	Upright	Normal
-0.9954	-9.8061	1.7232	39.3223	72.1795	102.6338	14.7639	13.2204	-16.6880	-0.8091	-0.2800	-0.5984	-0.2631	-0.5589	0.7179	-0.3209	-0.0022	-0.0613	-0.3540	-0.1863	-9.5261	2.3216	0.3817043231845041	0	0	1	Upright	Normal
-1.7998	-10.8020	1.1103	41.0889	74.9697	100.1519	14.3283	13.8465	-16.5154	-1.7756	-1.1845	-0.8064	-0.2583	-0.5793	0.7069	-0.3131	-0.4209	-0.3372	-0.0781	-0.0242	-9.6175	1.9167	1.0010646824195977	0	0	1	Upright	Normal
-2.1835	-11.7603	1.2258	41.9930	77.7692	99.3919	13.2701	14.2609	-16.1232	-1.9908	-2.0779	-0.3181	-0.2665	-0.5918	0.6997	-0.2985	-0.1599	0.0622	0.0157	-0.1927	-9.6825	1.5440	1.016875982338684	0	0	1	Upright	Normal
1.5706	-9.8450	3.7924	38.8450	76.4214	97.4138	12.7250	14.7074	-16.2975	1.3687	-0.2058	1.9993	-0.2659	-0.5813	0.6925	-0.3345	-0.1663	0.5459	-1.1103	0.2019	-9.6392	1.7931	-1.3574826528036201	0	1	2	PT	Normal
3.4093	-8.1977	1.9537	40.2391	81.8147	88.9046	11.8093	16.2517	-15.4371	2.3221	1.4901	0.8879	-0.2450	-0.6210	0.6578	-0.3488	-1.0909	-0.3298	0.3534	1.0873	-9.6878	1.0657	-1.5756532283881715	0	1	2	PT	Normal
0.5369	-6.8947	0.6506	37.8631	84.2782	88.6513	12.1564	16.9184	-14.3317	-0.2927	2.8464	-0.1212	-0.2713	-0.6221	0.6458	-0.3497	0.1863	0.1826	-0.4775	0.8296	-9.7411	0.7718	-2.1446856714437104	0	1	2	PT	Normal
1.0349	-7.3544	0.0760	38.8700	86.7070	84.8599	11.7285	17.3410	-13.7407	-0.1942	2.3652	-0.3624	-0.2582	-0.6411	0.6312	-0.3520	-1.0685	-0.5929	0.2704	1.2291	-9.7196	0.4384	0.48113780047110843	0	1	2	PT	Normal
0.2304	-12.2577	-6.7427	41.6654	100.5914	78.6239	11.3269	18.9297	-12.7032	-0.4962	-2.5711	-5.3961	-0.2798	-0.7003	0.5900	-0.2886	-1.0472	-0.6419	0.3598	0.7266	-9.6866	-1.3466	6.5644756174199905	0	1	2	Jump	Normal
2.8347	-11.1857	-3.3710	38.3519	102.8601	77.2781	12.0622	18.9244	-11.5019	2.0505	-1.5615	-1.6593	-0.3011	-0.7047	0.5683	-0.2996	0.3749	0.3744	-0.1781	0.7843	-9.6242	-1.7117	-1.970114415652354	0	1	2	PT	Normal
2.1458	-5.2092	2.2212	43.9030	89.5781	82.9424	11.6429	18.6840	-12.9361	0.8912	4.5168	2.1693	-0.2339	-0.6653	0.6333	-0.3188	2.1219	-1.2363	0.2624	1.2546	-9.7260	0.0519	-5.965705862751079	0	1	2	Jump	Normal
-2.5277	-12.0662	6.9330	46.7461	73.2859	101.4492	11.3217	16.2548	-16.9307	-2.6766	-2.4529	5.0004	-0.2226	-0.5932	0.7200	-0.2830	-0.3442	-0.0145	0.3210	0.1489	-9.6133	1.9326	8.087963838797302	0	1	2	Jump	Normal
0.8434	-7.3161	0.8805	50.2245	79.3008	95.7671	11.1694	15.7871	-17.2964	0.4196	2.4120	-0.2843	-0.2095	-0.6299	0.6988	-0.2667	-0.6159	-0.4661	0.0355	0.4238	-9.7281	1.1648	-6.726863600916356	0	1	2	Jump	Normal
-1.8381	-8.8867	0.1143	56.0421	80.0767	97.2383	9.6292	17.1342	-17.0889	-2.0116	0.8730	-0.8296	-0.1883	-0.6453	0.7069	-0.2200	-0.1663	-0.7293	0.0504	0.1734	-9.7597	0.9439	1.6585199989563124	0	2	3	PT	Normal
-1.1103	-12.2194	-0.5752	59.1188	85.8985	92.8569	8.9898	17.7977	-17.1522	-1.2239	-2.4199	-0.9351	-0.1805	-0.6701	0.6930	-0.1953	-0.4039	-0.1593	-0.0582	0.1136	-9.7995	0.3599	3.2076924469664103	0	2	3	PT	Normal
-0.9188	-13.0622	-0.5752	59.9475	92.7351	88.4267	8.5836	18.6622	-16.1195	-0.7828	-3.2593	-0.3407	-0.1901	-0.6898	0.6760	-0.1763	0.2023	0.4074	0.0622	-0.1360	-9.8029	-0.2345	0.8238865235651378	0	2	3	PT	Normal
3.6398	-10.3807	4.5963	54.4813	78.2633	96.9257	9.3780	18.0317	-16.4838	3.1858	-0.6533	3.4375	-0.1846	-0.6378	0.7078	-0.2411	1.0129	0.5949	-0.7090	0.4540	-9.7273	1.1588	-1.1851445730900103	0	2	3	PT	Normal
-0.2298	-7.6998	0.7278	54.8806	84.6758	93.1935	9.8263	18.6291	-16.2342	-0.4290	2.0910	0.2044	-0.2002	-0.6582	0.6899	-0.2253	-0.8182	0.4777	0.9400	0.1992	-9.7908	0.5234	-4.184423537433529	0	2	3	Jump	Normal
0.9194	-4.9416	0.4980	50.2592	90.0866	86.4340	10.6841	19.4636	-14.4484	0.3208	4.8468	0.5076	-0.2200	-0.6724	0.6570	-0.2604	-0.2984	0.5693	-0.5471	0.5986	-9.7884	-0.0096	-2.6865225480385186	0	2	3	PT	Normal
0.8045	-8.4276	-1.0726	51.4645	98.8247	80.0755	10.6674	20.6398	-13.6998	0.2936	1.3209	-0.1353	-0.2238	-0.7055	0.6295	-0.2366	-1.7589	-0.7303	0.1592	0.5109	-9.7484	-0.9373	3.4825776866884794	0	2	3	PT	Normal
1.0349	-13.8283	-6.4362	49.2227	107.0376	74.1749	10.1709	21.1339	-12.0608	0.5715	-4.2139	-4.5595	-0.2433	-0.7325	0.5931	-0.2293	-0.0459	1.0561	-0.3127	0.4634	-9.6144	-1.8768	6.754236293342785	0	2	3	Jump	Normal
4.7124	-8.6951	2.0297	50.6816	92.9397	81.8000	9.9447	21.5110	-12.8293	3.7007	1.0540	2.3484	-0.2062	-0.6883	0.6421	-0.2673	2.6535	-0.0336	-0.4203	1.0117	-9.7492	-0.3187	-5.19172859379929	0	2	3	Jump	Normal
-1.7998	-12.0279	8.7334	53.7945	70.3568	103.3140	9.0095	18.1526	-18.0792	-2.2615	-2.4276	6.7862	-0.1736	-0.6088	0.7334	-0.2478	1.1791	-0.0113	1.0210	0.4616	-9.6003	1.9472	4.876610188911089	0	2	3	Jump	Normal
0.9966	-6.7032	1.1486	58.3088	75.1052	100.5894	8.8378	17.6776	-18.0123	0.6300	3.0068	-0.1755	-0.1628	-0.6372	0.7223	-0.2139	-1.1410	-0.7740	-0.1156	0.3666	-9.7100	1.3241	-8.099178688723434	0	3	4	Run	Normal
-1.4940	-7.9296	-0.5363	65.1152	85.2002	93.5697	7.2486	19.2102	-16.0342	-1.6284	1.8702	-0.8815	-0.1445	-0.6793	0.7016	-0.1594	-0.7863	-0.5620	0.1965	0.1344	-9.7998	0.3452	1.2133881136119298	0	3	4	Walk	Normal
-1.3785	-11.5299	-2.1841	66.4905	98.3744	82.1845	7.0652	19.8508	-15.4517	-1.4002	-1.7397	-1.6143	-0.1460	-0.7126	0.6720	-0.1392	-0.3080	-0.2509	0.0153	0.0217	-9.7902	-0.5698	3.7287154194796415	0	3	4	Run	Normal
-1.0343	-14.5567	0.1532	65.4828	95.4066	86.7349	7.5768	20.4609	-15.5254	-0.7509	-4.7616	0.5368	-0.1626	-0.7022	0.6795	-0.1368	0.5943	0.5949	0.1516	-0.2834	-9.7951	-0.3835	2.778571620407435	0	3	4	Walk	Normal
3.9840	-10.0748	3.2561	59.3402	77.2010	97.5842	8.2685	19.1289	-15.5245	3.3938	-0.3488	2.1483	-0.1530	-0.6482	0.7143	-0.2150	0.9512	0.9081	-0.7379	0.5902	-9.7260	1.1078	-3.2815537264626045	0	3	4	Walk	Normal
0.2298	-7.3933	0.7278	58.9356	81.3265	96.4216	8.2053	18.1956	-15.9178	0.0554	2.3821	-0.0352	-0.1743	-0.6563	0.7060	-0.2011	-0.3389	0.6300	0.8014	0.1745	-9.7754	0.7630	-3.880059542639434	0	3	4	Run	Normal
1.9543	-5.0176	1.2635	54.3118	85.1313	90.3974	9.4547	18.6752	-15.2333	1.3461	4.7582	0.7781	-0.1902	-0.6626	0.6825	-0.2427	-0.6404	0.0026	-0.0987	0.6081	-9.7758	0.4854	-1.9015831490786033	0	3	4	Walk	Normal
1.2258	-10.7643	-1.5323	57.4596	101.7705	76.7582	9.8293	19.9732	-13.1351	0.6684	-1.0328	-0.4562	-0.1847	-0.7216	0.6358	-0.2021	-1.7781	-0.8784	-0.0745	0.5574	-9.7315	-1.0760	5.410688720373056	0	3	4	Run	Normal
-0.1149	-12.6797	-5.2481	53.5017	107.2396	72.7007	9.6677	20.9239	-12.0354	-0.6693	-3.0424	-3.5193	-0.2111	-0.7373	0.6058	-0.2118	0.3876	1.4844	-0.5848	0.5544	-9.6373	-1.7288	2.78166250467968	0	3	4	Walk	Normal
4.0229	-8.9250	2.1063	54.8362	88.1435	85.7850	9.2128	20.1519	-12.3940	3.0435	0.8309	1.9234	-0.1779	-0.6775	0.6687	-0.2492	2.4297	0.2817	0.2174	0.9794	-9.7559	0.1829	-3.7095743795771146	0	3	4	Run	Normal
-0.8045	-11.5688	7.7764	54.9765	69.7645	103.8010	9.1334	17.2342	-16.2329	-1.3069	-1.9704	5.8297	-0.1656	-0.6110	0.7355	-0.2413	-0.9919	-0.5300	-0.0340	0.5025	-9.5984	1.9466	3.948908215971784	0	4	5	Run	Normal
-0.3059	-6.6649	0.7272	60.7566	78.2193	97.8124	8.2975	17.8503	-15.7385	-0.7316	3.0837	-0.2508	-0.1522	-0.6534	0.7142	-0.1996	-0.6308	-1.0169	0.7095	0.4257	-9.7486	0.9780	-7.251262030122318	0	4	5	Run	Normal
-1.3785	-10.2657	-0.6518	65.9505	81.9650	96.4444	7.6911	18.7842	-15.2815	-1.5323	-0.4761	-1.2104	-0.1365	-0.6730	0.7101	-0.1557	-0.6926	-0.6515	-0.3920	0.1538	-9.7896	0.5586	3.666899431609963	0	4	5	Run	Normal
-1.1492	-11.1091	-1.1492	69.0806	98.5424	81.1105	7.4689	19.0746	-14.5268	-1.3035	-1.3174	-0.6291	-0.1248	-0.7148	0.6759	-0.1290	-0.5488	-0.6163	0.0596	0.1543	-9.7917	-0.5201	0.849023126513357	0	4	5	Walk	Normal
-0.0383	-12.9478	0.0000	70.7477	94.6388	84.6910	6.9249	19.4552	-13.9209	-0.1971	-3.1458	0.2616	-0.1137	-0.7074	0.6869	-0.1219	1.0363	0.3776	-0.2290	0.1588	-9.8020	-0.2616	0.849023126513357	0	4	5	Walk	Normal
4.9039	-9.9976	4.4047	68.1770	71.7241	101.6404	5.7853	18.2215	-15.9908	3.9866	-0.3011	3.2617	-0.0891	-0.6586	0.7277	-0.1695	0.9852	-0.0283	-1.2336	0.9173	-9.6965	1.1431	0.7476893906151165	0	4	5	Walk	Normal
-0.4591	-9.7294	-0.5752	73.6992	85.3851	89.4530	5.4819	17.1037	-16.5970	-1.3096	0.0379	-0.7965	-0.0687	-0.6957	0.7028	-0.1317	-0.8960	-0.5482	0.7073	0.8505	-9.7673	0.2213	-2.2178467492242557	0	4	5	Walk	Normal
3.5632	-5.6306	0.6506	75.3085	90.4786	82.5400	4.8201	18.8159	-15.8371	2.3686	4.1031	0.6714	-0.0475	-0.7063	0.6937	-0.1329	-0.0886	-0.8720	-0.0939	1.1946	-9.7336	-0.0208	-3.0621717489100426	0	4	5	Walk	Normal
0.8434	-10.3040	-2.9886	84.2150	145.3083	29.9365	2.9813	19.1651	-14.8428	0.0100	-0.5667	-2.1757	0.0102	-0.7358	0.6754	-0.0484	-0.3325	-2.3453	0.4131	0.8333	-9.7374	-0.8128	4.066736672426831	0	4	5	Run	Normal
-2.1063	-11.2234	-3.2950	85.2086	171.8545	2.1616	0.8293	18.0778	-15.3601	-1.9902	-1.4510	-2.4841	-0.0342	0.7350	-0.6761	0.0395	0.4100	-0.7570	1.0725	-0.1161	-9.7724	-0.8109	1.1234513017786316	0	4	5	Walk	Normal
7.4705	-8.5036	3.3321	83.5466	-35.0400	-152.0805	0.0054	17.3454	-16.9843	6.8377	1.2409	2.4298	-0.0646	0.6707	-0.7386	0.0231	2.2593	-1.0712	-0.3954	0.6328	-9.7446	0.9023	-0.08595341214128105	0	4	6	Tilt	Normal
0.8817	-10.1508	7.1629	73.1065	-11.3539	175.3516	-2.1352	14.7844	-20.0381	0.3207	-0.7673	4.3690	-0.1034	0.5889	-0.7963	0.0913	1.1407	-1.6954	0.6102	0.5610	-9.3835	2.7939	0.655591722127074	0	0	6	Tilt	Normal
-1.1869	-7.3544	3.3321	72.1348	-7.0271	155.4357	-5.7147	11.8284	-19.1151	-1.5549	1.9794	0.3464	-0.1734	0.5636	-0.7807	0.2069	0.1617	-2.1823	0.7431	0.3680	-9.3338	2.9857	-4.294038909792077	0	0	6	Tilt	Normal
-0.8811	-9.6534	2.1069	70.3319	-8.2843	147.5123	-9.5888	11.3456	-18.0044	-1.3565	-0.4188	-1.1591	-0.2174	0.5350	-0.7712	0.2680	0.9266	-1.7604	0.2979	0.4754	-9.2346	3.2660	1.759043848243202	0	0	6	Tilt	Normal
0.3448	-8.8107	4.0606	65.1895	-11.7148	139.6498	-13.0351	10.3349	-16.8707	-0.4907	0.0910	0.0314	-0.2655	0.4734	-0.7677	0.3407	0.7444	-2.0353	0.2361	0.8354	-8.9016	4.0291	-0.21234151598654627	0	0	6	Tilt	Normal
-0.4591	-7.8524	7.0096	63.6331	-18.3860	125.9342	-16.5178	9.5005	-14.8743	-1.8328	0.9342	2.8768	-0.3575	0.4019	-0.7089	0.4563	0.2011	-2.9024	0.9274	1.3737	-8.7866	4.1328	0.8283998727814179	0	0	6	Tilt	Normal
1.0726	-8.0828	6.8953	63.2384	-23.9649	120.5575	-18.6453	9.7276	-10.5846	-0.7208	0.6735	2.8603	-0.4078	0.3577	-0.6694	0.5075	-0.0684	-1.9809	0.1040	1.7934	-8.7563	4.0350	0.14244355343564408	0	0	6	Upright	Normal
2.7970	-9.8827	1.0720	65.0482	-38.1789	124.6872	-20.2528	9.4921	-7.1531	0.2402	-0.9912	-2.1798	-0.4801	0.3221	-0.6241	0.5256	-0.1973	-1.6582	-0.2263	2.5569	-8.8915	3.2518	-0.3516841217158664	0	0	6	Tilt	Normal
1.3791	-8.4276	1.6472	66.7826	-47.9405	120.9020	-21.2561	9.3977	-3.8067	-1.4911	0.5849	-0.9426	-0.5431	0.2702	-0.5534	0.5708	-0.1259	-1.7253	0.3292	2.8702	-9.0125	2.5898	-1.6295674540959748	0	0	6	Tilt	Normal
2.0686	-8.3510	1.4940	66.9296	-49.2436	116.0725	-20.9612	9.4205	-0.9818	-0.8422	0.6714	-1.0147	-0.5602	0.2413	-0.5218	0.5964	0.5527	-0.7378	0.0480	2.9108	-9.0224	2.5087	0.03503966770908207	0	0	7	Tilt	Normal
3.4477	-8.5042	1.5706	66.8010	-49.6875	111.0248	-21.1727	9.8472	-0.1549	0.5020	0.5097	-0.9285	-0.5720	0.2131	-0.4935	0.6196	0.4824	-0.7378	0.3846	2.9456	-9.0139	2.4991	0.5777881285763016	0	0	7	Tilt	Normal
2.5289	-8.6568	1.4934	67.3550	-46.0518	103.0404	-20.2127	10.4465	0.6563	-0.1894	0.3938	-1.1269	-0.5724	0.1970	-0.4646	0.6463	0.3833	-0.5801	0.5018	2.7183	-9.0507	2.6203	-0.1685007216996155	0	0	7	Tilt	Normal
1.8393	-10.8403	1.8765	67.9991	-36.8525	91.5909	-19.2492	12.0161	0.9954	-0.3638	-1.7476	-1.0629	-0.5577	0.1976	-0.4406	0.6751	0.4813	0.1251	0.6040	2.2031	-9.0927	2.9393	2.0127772724937483	0	0	7	Tilt	Normal
0.4220	-9.9210	3.7918	66.3365	-24.7716	77.7062	-18.5738	12.5805	-0.2382	-1.2272	-0.9388	0.2180	-0.5288	0.1954	-0.4215	0.7103	0.6496	-0.3245	0.8712	1.6492	-8.9821	3.5738	-0.5249066389795161	0	0	7	Tilt	Normal
0.0772	-9.4613	4.9793	66.5763	-16.5789	68.1803	-16.6054	14.2026	0.0150	-1.0349	-0.4625	1.2433	-0.5173	0.2046	-0.3981	0.7294	0.0030	-0.1146	0.3194	1.1121	-8.9988	3.7360	0.06254453174335417	0	0	7	Tilt	Normal
1.3030	-9.2698	3.7152	67.4089	-15.3089	64.8989	-15.6803	14.4219	0.2754	0.3086	-0.2155	0.0819	-0.5236	0.2016	-0.3800	0.7354	-0.1376	-0.5428	0.2715	0.9945	-9.0543	3.6334	-0.6206145729066375	0	0	7	Tilt	Normal
0.1538	-8.6185	3.7535	68.8023	-15.3861	63.4828	-15.3752	14.4514	0.5046	-0.7868	0.5248	0.3349	-0.5343	0.2006	-0.3658	0.7352	-0.3421	-0.1657	-0.1227	0.9406	-9.1433	3.4186	-0.6695856753125042	0	0	7	Tilt	Normal
1.1115	-7.9673	3.1023	70.1733	-20.3298	68.3703	-16.1544	14.3695	1.7514	-0.0438	1.2583	-0.0162	-0.5492	0.1985	-0.3686	0.7233	-0.1664	-0.0922	-0.1195	1.1554	-9.2256	3.1184	-0.7797228421085549	0	0	7	Tilt	Normal
1.9920	-8.0445	2.7198	70.9474	-28.3211	76.5456	-16.9834	14.1026	2.2628	0.4733	1.2251	-0.0982	-0.5652	0.1921	-0.3776	0.7079	-0.6052	-0.0528	-0.5796	1.5187	-9.2696	2.8180	0.10042487769305453	0	0	7	Tilt	Normal
0.7278	-8.2361	3.2178	71.3756	-36.1843	83.0371	-17.0771	13.1251	3.3187	-1.1211	1.0572	0.6901	-0.5824	0.1787	-0.3761	0.6982	-0.2026	-0.3181	-0.3719	1.8489	-9.2932	2.5277	0.14992725387330985	1	0	8	Tilt	Normal
3.0646	-8.0828	2.4900	68.9381	-44.8955	89.5964	-17.1577	11.9345	4.1125	0.5773	1.0689	-0.0064	-0.5930	0.1452	-0.3835	0.6929	-0.2068	-0.7580	-0.4922	2.4873	-9.1517	2.4964	0.12347486052592416	1	0	8	Tilt	Normal
0.9583	-5.9753	0.8422	71.4527	-54.3810	94.3930	-17.1439	11.6197	5.5719	-1.5773	3.3221	-0.9744	-0.6251	0.1290	-0.3485	0.6864	-0.8439	-0.8795	0.4186	2.5356	-9.2974	1.8166	-2.885771165576462	1	0	8	Tilt	Normal
-0.0760	-19.6127	0.9188	73.3150	-47.8221	85.4934	-15.9325	11.0103	7.5647	-2.1621	-10.2188	-0.9713	-0.6215	0.1317	-0.3201	0.7028	1.2739	0.7898	0.2034	2.0861	-9.3939	1.8901	13.524377042946217	1	0	8	Tilt	Normal
1.6855	-5.8610	-1.4940	82.7530	-85.0587	124.0002	-15.0507	11.7208	7.7404	0.4542	3.8675	-1.6004	-0.6765	0.1920	-0.2784	0.6541	-1.5448	0.0697	0.9874	1.2314	-9.7285	0.1064	-13.35548167116903	1	0	8	Tilt	Normal
1.5706	-9.2703	0.7661	84.2863	-93.1556	132.3562	-13.8510	11.9790	9.5713	0.5969	0.4878	0.8199	-0.6789	0.2044	-0.2694	0.6517	-0.2132	-0.1189	0.1778	0.9737	-9.7582	-0.0537	3.154690557211606	1	0	8	Tilt	Normal
0.1149	-10.9942	-1.1109	80.3394	-158.0260	-163.9828	-13.5918	10.7436	9.7294	-0.5008	-1.3265	0.4152	-0.7257	0.2262	-0.2324	0.6068	-1.6598	-0.5215	0.3056	0.6158	-9.6676	-1.5262	1.6172142795079196	1	0	8	Tilt	Normal
-0.8428	-9.3087	-2.6432	77.9878	-176.6489	-145.2806	-12.7396	9.5907	11.7036	-0.9619	0.2836	-0.6065	-0.7360	0.2493	-0.2093	0.5936	-0.1717	-0.0485	0.2843	0.1191	-9.5922	-2.0367	-1.3374533596364273	1	0	8	Tilt	Normal
-0.2292	-8.9250	-3.2950	73.9695	177.3348	-139.6381	-12.3983	9.6055	12.1778	-0.1032	0.5005	-0.5903	-0.7544	0.2624	-0.1900	0.5709	-0.9866	-0.0922	0.4036	-0.1260	-9.4255	-2.7047	-0.19675190372383966	0	0	8	Tilt	Normal
-1.4551	-9.1548	-4.3293	68.6141	168.9106	-131.3070	-11.7601	8.8034	13.1129	-0.7672	-0.0233	-0.8202	-0.7715	0.2893	-0.1586	0.5440	-0.3155	-0.0486	0.4107	-0.6879	-9.1315	-3.5092	0.714287077469768	0	0	8	Tilt	Normal
-0.2676	-10.6488	-2.7587	67.3844	165.6676	-128.6712	-10.9428	8.4289	13.4996	0.6660	-1.5960	0.8947	-0.7741	0.2951	-0.1448	0.5411	-0.1046	-0.2765	0.1944	-0.9336	-9.0528	-3.6534	0.7727277610897563	0	1	9	PT	Normal
-1.9920	-9.0022	-3.8690	65.3033	161.2566	-124.6493	-10.5810	8.7998	13.7783	-0.6753	-0.0923	0.0109	-0.7765	0.3080	-0.1258	0.5351	-0.1919	-0.0922	0.1763	-1.3167	-8.9099	-3.8800	-1.0047476266042974	0	1	9	PT	Normal
-1.4557	-8.8873	-3.4860	65.4489	160.2878	-124.1425	-9.9701	8.5875	14.6577	-0.0813	0.0329	0.3497	-0.7757	0.3064	-0.1222	0.5380	0.0541	-0.0667	0.0006	-1.3744	-8.9202	-3.8357	-0.341960444081721	0	1	9	Tilt	Normal
-1.5317	-9.3464	-3.8313	65.5793	159.9675	-124.0848	-10.4677	8.3520	13.3501	-0.1428	-0.4170	-0.0221	-0.7754	0.3049	-0.1209	0.5396	-0.0130	-0.0390	-0.0112	-1.3889	-8.9293	-3.8092	0.559779955450713	0	0	9	Tilt	Normal
-1.5706	-9.0788	-3.7924	65.7063	159.9199	-124.1258	-9.9652	8.3264	14.1724	-0.1853	-0.1405	-0.0030	-0.7751	0.3040	-0.1209	0.5405	-0.0311	0.0164	-0.0248	-1.3853	-8.9383	-3.7894	-0.2530424895932484	0	0	9	Tilt	Normal
-1.3791	-9.0405	-3.9073	65.6707	160.5727	-124.7340	-9.4295	8.0173	14.6627	-0.0352	-0.1046	-0.0973	-0.7762	0.3031	-0.1223	0.5392	0.0105	0.0175	-0.0450	-1.3439	-8.9359	-3.8101	-0.01879352706538029	0	0	9	Tilt	Normal
-1.3024	-9.1171	-3.8307	65.8017	161.1822	-125.2913	-10.2888	8.5075	14.6263	-0.0058	-0.1719	-0.0260	-0.7765	0.3017	-0.1243	0.5390	0.0137	0.0090	-0.0429	-1.2966	-8.9452	-3.8047	0.029743432316324814	0	0	9	Tilt	Normal
-1.3018	-9.1165	-3.7164	65.9634	161.4552	-125.5512	-10.2356	9.1434	14.1828	-0.0314	-0.1600	0.0703	-0.7763	0.3007	-0.1256	0.5396	-0.0012	0.0058	-0.0216	-1.2704	-8.9566	-3.7867	-0.04396514198381318	0	0	9	Tilt	Normal
-1.2635	-9.0782	-3.7164	66.0879	161.7404	-125.9055	-9.5008	9.3228	13.3655	-0.0181	-0.1131	0.0584	-0.7765	0.2993	-0.1264	0.5400	0.0158	-0.0123	-0.0248	-1.2454	-8.9651	-3.7748	-0.04011383823011272	0	0	9	Tilt	Normal
-1.3402	-9.0782	-3.7930	66.2091	161.8831	-126.1689	-10.2437	8.4563	14.4165	-0.1100	-0.1047	-0.0332	-0.7765	0.2978	-0.1266	0.5406	0.0126	-0.0113	-0.0278	-1.2302	-8.9735	-3.7598	0.03909794646068576	0	0	9	Tilt	Normal
-1.3018	-9.0782	-3.6781	66.2704	161.8547	-126.1791	-9.7944	8.8125	14.6161	-0.0727	-0.1006	0.0721	-0.7764	0.2974	-0.1266	0.5411	0.0116	-0.0070	-0.0140	-1.2291	-8.9777	-3.7502	-0.04845260423202902	1	0	10	Tilt	Normal
-1.3402	-9.1165	-3.7164	66.2754	161.8174	-126.1446	-10.6638	8.4861	14.2060	-0.1089	-0.1384	0.0320	-0.7763	0.2974	-0.1265	0.5412	-0.0023	0.0015	-0.0119	-1.2312	-8.9781	-3.7484	0.05457526262708434	1	0	10	Tilt	Normal
-1.2635	-9.0399	-3.7547	66.2564	161.8567	-126.1860	-9.9362	8.4454	14.0660	-0.0340	-0.0630	-0.0028	-0.7764	0.2974	-0.1265	0.5410	-0.0215	0.0026	-0.0065	-1.2296	-8.9769	-3.7519	-0.06585735018782479	1	0	10	Tilt	Normal
-1.3402	-9.0782	-3.7164	66.1931	161.9320	-126.2713	-10.1076	8.6029	13.9353	-0.1124	-0.1058	0.0465	-0.7768	0.2974	-0.1263	0.5405	-0.0236	0.0026	-0.0108	-1.2278	-8.9724	-3.7629	0.03072734257112053	1	0	10	Tilt	Normal
-1.2252	-9.1165	-3.7930	66.1301	161.9803	-126.3325	-10.0563	8.7279	14.2011	0.0024	-0.1484	-0.0196	-0.7771	0.2974	-0.1261	0.5401	-0.0204	-0.0006	0.0006	-1.2276	-8.9681	-3.7734	0.04922066270782288	1	0	10	Tilt	Normal
-1.3402	-9.0782	-3.8696	66.0416	162.0385	-126.3934	-10.4921	8.3875	14.1895	-0.1121	-0.1163	-0.0819	-0.7776	0.2975	-0.1259	0.5395	-0.0055	0.0005	-0.0026	-1.2281	-8.9619	-3.7878	0.009298727201391799	1	0	10	Tilt	Normal
-1.3402	-9.1165	-3.7930	66.1307	161.9889	-126.4032	-10.0486	8.5078	14.7063	-0.1131	-0.1483	-0.0196	-0.7773	0.2969	-0.1259	0.5401	0.0168	-0.0059	-0.0261	-1.2270	-8.9682	-3.7734	0.005515702751932139	1	0	10	Tilt	Normal
-1.3018	-9.1165	-3.7930	66.1697	162.0242	-126.4648	-10.1966	8.2273	15.1006	-0.0790	-0.1456	-0.0247	-0.7773	0.2966	-0.1260	0.5404	0.0094	-0.0049	-0.0122	-1.2228	-8.9709	-3.7683	-0.00509194547100833	1	0	10	Tilt	Normal
-1.3408	-9.1171	-3.7541	66.2319	162.0480	-126.5389	-10.6169	8.0644	13.7078	-0.1226	-0.1420	0.0057	-0.7772	0.2960	-0.1260	0.5408	-0.0034	0.0005	-0.0197	-1.2182	-8.9751	-3.7598	-0.009019691847782951	1	0	10	Tilt	Normal
-1.3024	-9.0788	-3.7930	66.2003	161.9947	-126.4881	-9.9058	8.7023	13.6110	-0.0792	-0.1058	-0.0299	-0.7773	0.2962	-0.1258	0.5406	-0.0151	0.0058	-0.0049	-1.2233	-8.9730	-3.7631	-0.025398597042460835	2	0	11	Tilt	Fall
Total time: 11 seconds.
