0.3837	-9.5762	1.5700	80.9238	-11.7904	-111.1449	20.2163	37.6803	-40.9957	0.0676	0.1077	0.0558	-0.3005	-0.5766	0.6619	0.3729	-0.0336	-0.0569	-0.0053	0.3160	-9.6839	1.5142	0.13375071922850523	7	0	1	Upright	Normal
0.3065	-9.5002	1.4557	80.8830	-11.8196	-111.1957	21.4554	37.5974	-41.4158	-0.0118	0.1827	-0.0649	-0.2999	-0.5767	0.6623	0.3726	0.0218	-0.0335	0.0064	0.3183	-9.6829	1.5206	-0.09566184078582651	0	0	1	Upright	Normal
0.2298	-9.3087	1.4174	80.7443	-11.6849	-111.3959	20.3002	38.0446	-41.2500	-0.0895	0.3704	-0.1272	-0.2991	-0.5760	0.6632	0.3726	0.0868	0.0229	0.0107	0.3193	-9.6790	1.5446	-0.197170353888664	0	0	1	Upright	Normal
0.0766	-8.3510	2.2218	79.2360	-5.4537	-119.1938	19.9452	37.0531	-41.8355	-0.0974	1.2833	0.3989	-0.2907	-0.5679	0.6790	0.3632	0.1464	-0.8261	0.3100	0.1740	-9.6343	1.8229	-0.7769524249293784	0	0	1	Upright	Normal
1.6478	-10.4573	1.1103	77.8022	-7.2875	-121.3324	19.1784	36.5458	-41.1327	1.3850	-0.8719	-0.9448	-0.2639	-0.5706	0.6966	0.3457	0.6791	0.2914	0.0874	0.2628	-9.5853	2.0551	2.002551036034676	0	0	1	Upright	Normal
-0.9954	-9.8827	1.7232	75.3082	0.5862	-122.5116	20.4170	35.3541	-42.4727	-0.9700	-0.3965	-0.7636	-0.2973	-0.5337	0.6926	0.3835	0.1880	1.2331	-0.0287	-0.0254	-9.4861	2.4868	-0.5633234012026112	0	0	1	Upright	Normal
0.1915	-8.8490	2.4134	75.7399	6.4061	-133.8124	22.5151	35.7147	-42.4787	0.4610	0.6556	0.0130	-0.2810	-0.5465	0.7116	0.3407	-0.1955	-1.8796	0.0661	-0.2695	-9.5045	2.4003	-0.9068698272609854	0	0	1	Upright	Normal
-2.9491	-10.2657	12.6791	75.1207	11.7070	-120.0171	24.9163	36.2619	-43.5533	-2.4380	-0.7878	10.2134	-0.3732	-0.4848	0.6519	0.4480	0.7377	5.9479	-0.6668	-0.5110	-9.4779	2.4657	7.404139010172445	0	0	1	Upright	Normal
-0.0377	-8.3504	-2.4906	71.4053	32.0050	-134.6379	34.8245	33.8037	-44.7754	1.6197	0.9445	-5.1421	-0.4229	-0.4313	0.6582	0.4494	-0.9710	-2.0799	0.8949	-1.6574	-9.2949	2.6516	-7.8643465412418525	0	0	1	Upright	Normal
-0.7272	-8.7334	5.0560	70.4789	28.6201	-130.7390	33.4990	33.0852	-45.3007	0.8423	0.5097	2.1796	-0.4165	-0.4241	0.6600	0.4595	-0.1018	-0.0996	0.0267	-1.5695	-9.2431	2.8763	1.4035275121892976	0	1	2	PT	Normal
-3.0263	-12.1051	5.2098	71.3783	28.7186	-132.3623	33.1866	33.9100	-44.8477	-1.5215	-2.8117	2.4636	-0.4125	-0.4357	0.6614	0.4501	-0.7612	0.5737	0.0842	-1.5048	-9.2934	2.7461	3.40408880817823	0	1	2	PT	Normal
-0.1143	-11.1851	5.7455	71.0994	21.4493	-128.8272	31.5905	34.4439	-44.6938	1.0473	-1.9071	2.7889	-0.3833	-0.4499	0.6743	0.4428	0.7036	-1.5750	-0.2332	-1.1616	-9.2780	2.9565	-0.9466235965687702	0	1	2	PT	Normal
1.9154	-7.2784	3.7541	61.3765	-5.4451	-112.1922	24.5520	30.4053	-45.8145	1.4696	1.3298	-0.9225	-0.2505	-0.4459	0.7265	0.4590	0.9496	0.1859	-0.3877	0.4458	-8.6082	4.6766	-4.164449763018821	0	1	2	Jump	Normal
-0.4591	-7.6992	3.9834	53.4246	-12.0867	-110.0096	20.7239	24.4626	-46.0556	-1.6827	0.1764	-1.7306	-0.1793	-0.4201	0.7548	0.4707	1.3385	-0.9284	-0.3589	1.2236	-7.8756	5.7139	0.2702426000283449	0	1	2	Upright	Normal
1.9160	-5.6306	5.7072	47.0873	-20.1570	-109.7295	16.3261	19.3072	-45.2114	-0.3849	1.5519	-0.5610	-0.0951	-0.4140	0.7784	0.4623	0.9954	-1.7029	-0.5666	2.3008	-7.1825	6.2682	-0.43779187363217353	0	0	2	Upright	Normal
-0.0760	-4.2132	4.2898	43.2516	-27.4407	-109.6630	12.3642	16.1227	-42.3337	-3.3676	2.5064	-2.0491	-0.0260	-0.4197	0.7886	0.4487	0.1805	-0.5055	-0.0052	3.2916	-6.7196	6.3389	-2.2297341943165563	0	0	2	Upright	Normal
3.6009	-5.3630	9.7300	46.3169	-20.3494	-115.4862	12.1234	16.4291	-42.3826	1.2456	1.7289	3.3797	-0.0692	-0.4140	0.8024	0.4242	-0.8123	0.1209	1.1197	2.3553	-7.0919	6.3503	5.66583643856872	0	0	2	Upright	Normal
-1.0337	-8.6568	2.9491	52.0040	-11.3043	-120.8042	13.4148	19.0234	-43.0568	-2.2170	-0.9287	-2.9708	-0.1385	-0.4231	0.7990	0.4042	-1.2959	1.6709	1.2187	1.1833	-7.7282	5.9198	-2.4755080663083007	0	0	2	Upright	Normal
-1.6849	-8.7718	4.7112	62.3075	-1.2844	-124.8850	16.9342	22.5375	-44.4036	-1.7871	-0.0883	0.1550	-0.2308	-0.4631	0.7613	0.3907	-1.8179	1.0903	0.1492	0.1022	-8.6835	4.5562	0.8948721557882191	0	0	2	Upright	Normal
-0.8422	-6.2052	5.2092	70.2475	13.4207	-130.1448	22.1215	27.9089	-44.7102	-0.0729	3.0246	1.9855	-0.3275	-0.4779	0.7083	0.4033	-0.8432	1.9372	0.1652	-0.7693	-9.2298	3.2236	-1.9529291521613743	0	1	3	PT	Normal
1.6472	-4.7501	3.4093	66.0140	19.7508	-118.1516	33.7571	28.5317	-45.6300	2.9944	4.2098	-0.3425	-0.3992	-0.3865	0.6607	0.5047	-1.5697	-1.6176	0.7543	-1.3472	-8.9599	3.7519	-2.070983957103275	0	1	3	PT	Normal
-0.9194	-10.1514	8.9639	64.7091	19.8001	-118.5103	35.9713	26.4532	-45.3789	0.4996	-1.2845	5.0223	-0.3943	-0.3789	0.6682	0.5045	-0.8272	-0.7655	0.0182	-1.4190	-8.8669	3.9416	7.4992466623626886	0	1	3	Jump	Normal
-0.3059	-12.2194	7.1629	70.0118	25.6664	-124.2030	35.0190	29.0554	-44.3914	1.1461	-3.0034	4.1417	-0.4225	-0.4092	0.6462	0.4863	-0.3617	-1.5112	-0.3120	-1.4519	-9.2160	3.0212	0.5935854933342046	0	1	3	PT	Normal
0.9583	-8.2355	5.1326	66.4319	2.1541	-110.6301	29.1058	27.8973	-44.2118	1.1057	0.7533	1.2143	-0.3246	-0.4414	0.6820	0.4845	1.1414	-2.0694	-0.9863	-0.1474	-8.9887	3.9183	-4.416199423689024	0	1	3	Jump	Normal
-0.1143	-10.4190	5.8221	60.0709	-9.6301	-108.2674	22.3996	23.8105	-43.1036	-0.9328	-1.9200	0.9984	-0.2333	-0.4468	0.7237	0.4714	1.2223	-1.5836	0.7287	0.8185	-8.4990	4.8237	2.1847163984022178	0	1	3	PT	Normal
-1.0720	-4.1749	3.9834	46.8053	-20.6723	-108.5537	17.9352	18.6772	-40.9444	-3.4415	2.9745	-2.2968	-0.0945	-0.4134	0.7746	0.4693	1.9659	-2.1279	-0.6785	2.3695	-7.1494	6.2801	-6.06678005958308	0	1	3	Jump	Normal
0.4220	-4.6729	2.2595	39.8273	-29.9447	-109.5997	13.7932	13.7608	-37.7435	-3.3374	1.6082	-4.2663	0.0088	-0.4089	0.7929	0.4517	1.1009	-0.6674	-0.2534	3.7593	-6.2810	6.5258	-0.661478891941659	0	1	3	PT	Normal
3.6398	-7.5459	8.9250	44.5245	-24.6435	-115.0399	12.9738	13.3504	-35.5302	0.7245	-0.6693	2.5702	-0.0322	-0.4183	0.8061	0.4173	-0.7921	0.8484	1.2475	2.9152	-6.8766	6.3548	7.033462814018127	0	1	3	Jump	Normal
0.0000	-8.9256	3.2561	53.9211	-10.7503	-124.6829	14.2177	16.5435	-36.4849	-1.0771	-0.9997	-2.4175	-0.1356	-0.4386	0.8057	0.3743	-1.7732	1.0423	0.6744	1.0771	-7.9259	5.6737	7.033462814018127	0	1	3	Jump	Normal
-0.7661	-10.1514	6.3590	65.0464	-3.8551	-128.7399	15.9836	21.0274	-37.5164	-1.0443	-1.2601	2.2312	-0.2069	-0.4967	0.7676	0.3482	-1.6145	0.1560	0.8555	0.2782	-8.8913	4.1278	-0.23798143080472656	0	1	4	Upright	Normal
1.1109	-5.7461	4.5203	64.6425	9.5291	-128.6704	20.1439	24.4250	-39.0978	1.8063	3.1159	0.3784	-0.2940	-0.4499	0.7398	0.4048	1.8317	5.4227	-0.8820	-0.6954	-8.8620	4.1418	-4.608190151815903	0	0	4	Upright	Normal
-2.4128	-8.0056	1.3402	67.6978	30.8347	-142.1595	26.4800	23.8487	-39.0858	-0.5052	1.0675	-1.8552	-0.3830	-0.4364	0.7094	0.3997	-1.6358	1.6069	1.6683	-1.9076	-9.0731	3.1954	1.0730982603495454	0	0	4	Upright	Normal
-3.0257	-11.9896	6.3201	67.6090	35.5907	-148.5815	27.7888	26.5936	-38.3848	-0.8516	-2.9221	3.2825	-0.3879	-0.4412	0.7156	0.3779	-0.9828	-0.2711	-0.8383	-2.1741	-9.0674	3.0376	5.418989100237836	0	0	4	Upright	Normal
0.3454	-7.3544	7.0096	70.0670	9.1740	-132.2480	25.4480	26.7549	-36.9186	0.8784	1.8649	3.7092	-0.2915	-0.4967	0.7278	0.3723	0.8058	-4.1743	-1.9920	-0.5330	-9.2193	3.3004	-3.7213321788737908	0	0	4	Upright	Normal
-0.4591	-8.9633	6.3584	62.5664	-10.0189	-125.4526	19.7588	25.2263	-34.3832	-1.2451	-0.2593	1.9092	-0.1707	-0.4940	0.7775	0.3498	2.7947	-2.8139	-0.0148	0.7860	-8.7040	4.4492	0.8334481935546769	0	0	4	Upright	Normal
-2.2595	-9.1931	3.6386	57.2980	-7.9582	-139.4451	16.8056	24.1555	-31.1836	-2.9931	-0.9408	-1.6085	-0.1086	-0.4698	0.8327	0.2722	1.0402	-1.8680	0.6627	0.7335	-8.2524	5.2470	-0.8572402650690716	0	0	4	Upright	Normal
0.6518	-5.2858	0.9571	52.3168	-16.4046	-145.8838	14.4570	25.0078	-28.4592	-1.0412	2.4753	-4.7935	-0.0056	-0.4547	0.8678	0.2005	0.5949	-0.8390	0.3836	1.6930	-7.7611	5.7506	-4.7307334317656675	0	0	4	Upright	Normal
1.2264	-6.0136	3.4087	52.7603	-10.2277	-156.4466	14.1685	25.4245	-27.2525	0.1728	1.7936	-2.4313	-0.0122	-0.4495	0.8816	0.1433	-0.5204	-0.7623	1.2134	1.0536	-7.8072	5.8401	1.6092950870607732	0	0	4	Upright	Normal
1.6472	-6.7421	6.3207	58.4890	-10.6720	-164.3946	14.5419	26.9647	-24.4270	0.6981	1.6186	1.2839	0.0144	-0.4929	0.8669	0.0729	-0.9029	-1.1340	1.1506	0.9492	-8.3607	5.0368	2.366801141256876	0	0	4	Upright	Normal
-1.1492	-10.7260	1.8771	61.9326	-11.1456	-165.3148	15.2552	28.4192	-22.5738	-2.0411	-2.0726	-2.6499	0.0171	-0.5185	0.8528	0.0595	0.7025	1.8168	0.0800	0.8918	-8.6534	4.5270	1.562237571698338	0	1	5	PT	Normal
-2.6432	-9.2320	2.3750	69.0131	-3.5992	-172.5806	15.6614	29.5790	-23.4105	-2.8636	-0.0759	-1.1302	-0.0108	-0.5667	0.8231	0.0355	-1.7071	-0.6515	0.4997	0.2204	-9.1562	3.5053	-1.057217957534661	0	1	5	PT	Normal
1.1498	-6.5882	2.4511	74.8687	-28.2897	-151.6918	16.8766	31.4706	-20.1051	1.0111	2.9549	0.1971	-0.0440	0.6190	-0.7829	-0.0442	0.3041	1.7944	-0.1245	0.1387	-9.5431	2.2540	-2.7694654872540143	0	1	5	PT	Normal
0.6129	-9.3470	4.5203	74.7211	-23.3198	-157.9760	17.3776	32.9301	-20.3548	0.2719	0.1622	2.1472	-0.0442	0.6140	-0.7875	-0.0283	0.2796	-0.4139	0.2142	0.3410	-9.5092	2.3731	3.277926987586702	0	1	5	PT	Normal
0.7661	-7.4316	7.0485	72.0137	-26.2023	-154.2523	17.7366	33.6119	-19.6001	0.5016	1.9875	4.3316	-0.0512	0.5990	-0.7978	-0.0456	0.0964	-2.0992	-0.9640	0.2646	-9.4191	2.7170	-0.12955881100423916	0	1	5	Upright	Normal
-1.4557	-11.3006	4.1372	69.5228	-30.7680	-152.8412	15.8665	32.5602	-18.4520	-2.3159	-1.9870	1.1895	-0.0828	0.5855	-0.8055	-0.0390	1.2607	0.8676	0.9855	0.8603	-9.3136	2.9477	1.85067128946263	0	0	5	Upright	Normal
-3.5243	-11.2240	0.6129	48.4770	-24.4789	-150.8990	13.3038	32.7469	-20.4367	-3.8247	-3.4090	-5.3038	-0.0863	0.4369	-0.8844	-0.1396	1.3843	1.0689	1.6310	0.3005	-7.8150	5.9167	-0.3415822652645648	0	0	5	Upright	Normal
0.0000	-6.3207	4.2904	33.0805	-52.1602	-125.6997	13.6038	33.8858	-19.9075	-1.8527	1.8848	-0.7503	-0.2583	0.4198	-0.8233	-0.2815	-0.9135	-5.1107	0.8971	1.8527	-8.2055	5.0407	-0.3415822652645648	0	0	5	Upright	Normal
-1.5706	-6.9719	0.4214	28.2059	-50.6323	-116.0354	14.8253	36.9243	-15.0153	-2.2565	1.1307	-5.0601	-0.2351	0.4065	-0.7988	-0.3760	-0.4587	-0.0220	1.4414	0.6859	-8.1026	5.4815	-4.621226581564819	0	0	5	Upright	Normal
6.2058	-6.6272	11.2623	18.7140	-58.5261	-110.5337	16.4344	37.3075	-13.2215	4.8105	1.7816	6.4130	-0.3156	0.3914	-0.7527	-0.4251	0.1560	-1.8084	0.4731	1.3952	-8.4087	4.8493	7.307173484720139	0	1	6	Jump	Normal
-4.4053	-18.6939	7.4316	18.0291	-55.7648	-105.8134	17.4179	38.4823	-11.1222	-4.9717	-10.4278	2.1855	-0.2849	0.3890	-0.7405	-0.4681	0.8974	-1.2065	-0.7242	0.5664	-8.2661	5.2461	6.127414362940346	0	1	6	Jump	Normal
-3.6386	-10.6871	3.5237	16.6234	-63.0117	-96.6652	17.9926	39.9000	-11.7490	-3.3882	-1.8595	-0.7406	-0.3043	0.4358	-0.6804	-0.5044	-1.2768	-0.6707	0.6116	-0.2503	-8.8276	4.2642	-8.766956467966665	0	1	6	Jump	Normal
-2.2212	-6.9713	8.9633	27.5969	-63.6660	-93.6902	19.7609	40.4879	-10.0588	-0.7757	1.9291	5.1080	-0.2351	0.4982	-0.6879	-0.4725	0.7813	3.6788	0.0864	-1.4455	-8.9004	3.8553	-0.25629273845422773	0	1	6	Tilt	Normal
-1.1103	-7.3161	5.5923	32.8225	-64.3633	-90.3022	20.1956	41.1031	-11.4646	1.1429	1.5372	2.0267	-0.1936	0.5298	-0.6817	-0.4659	-0.6057	1.0743	0.8108	-2.2532	-8.8533	3.5656	-2.295032958959011	0	0	6	Tilt	Normal
-4.0217	-8.8101	2.4894	30.9718	-64.1605	-86.9651	21.3036	41.9174	-10.4612	-1.3578	-0.1127	-1.1754	-0.1881	0.5271	-0.6648	-0.4949	-0.4778	-0.3862	0.4219	-2.6638	-8.6974	3.6648	0.7241132692330137	0	0	6	Tilt	Normal
-6.8570	-13.5991	2.3367	31.6223	-72.9695	-80.6536	22.3710	41.9386	-8.4518	-3.8482	-4.5915	-0.1089	-0.2032	0.5779	-0.6241	-0.4849	-1.5580	0.4298	0.1226	-3.0088	-9.0076	2.4457	5.408797183597104	0	0	6	Tilt	Normal
-1.4940	-9.8450	9.0022	23.5208	-75.5508	-82.7858	21.7824	41.0542	-5.4438	0.6674	-0.5462	6.7585	-0.2757	0.5564	-0.6053	-0.4980	-0.9199	-2.1780	-0.7317	-2.1614	-9.2988	2.2437	-1.9845508244219605	0	0	6	Tilt	Normal
-2.2978	-14.3646	5.8604	-4.4229	-60.7779	-88.1609	23.9030	41.6368	-4.1582	-2.3921	-5.7985	1.0871	-0.3756	0.3400	-0.5856	-0.6328	2.4591	-4.6388	0.6116	0.0943	-8.5662	4.7733	2.2596022863432506	0	0	6	Tilt	Normal
-4.9410	-10.2274	2.7192	-15.1483	-49.8363	-80.6221	31.0663	47.1621	-10.0537	-5.3506	-2.5639	-3.3860	-0.3613	0.2411	-0.5392	-0.7215	1.9275	-1.7924	0.3868	0.4096	-7.6635	6.1052	-4.003949638705288	0	0	6	Tilt	Normal
3.7924	-7.5848	5.5545	-26.8832	-36.2046	-75.8194	33.2694	48.4071	-16.2511	1.7424	-1.0922	-1.5033	-0.3600	0.1027	-0.5110	-0.7738	1.7550	-2.1493	-0.2705	2.0500	-6.4926	7.0578	-1.5420950132442908	0	1	7	PT	Normal
-1.0343	-4.5586	4.9416	-33.7477	-31.5992	-73.1779	32.3488	48.4980	-20.9744	-3.9889	1.7030	-2.0035	-0.3796	0.0427	-0.4854	-0.7864	0.3339	-0.2797	0.2281	2.9546	-6.2616	6.9451	-3.3350489120145053	0	1	7	PT	Normal
0.7667	-18.2336	8.3504	-33.5793	-38.7387	-67.0265	35.9836	49.3205	-19.6029	-0.7332	-10.9322	1.9778	-0.4025	0.1143	-0.4188	-0.8059	-0.5971	-0.9796	0.6467	1.5000	-7.3014	6.3726	13.2672026409031	0	1	7	Jump	Normal
0.4986	-9.4996	6.2052	-33.6510	-49.0452	-70.0247	37.8178	49.4260	-17.3103	-0.3189	-1.3220	0.8544	-0.4436	0.1743	-0.4013	-0.7822	-2.0161	0.8153	0.3059	0.8175	-8.1775	5.3507	-8.711790117146858	0	1	7	Jump	Normal
-0.0760	-6.6649	2.9491	-29.5090	-60.1847	-71.8430	38.7452	48.8480	-12.3598	0.2933	2.1685	-1.2942	-0.4629	0.2634	-0.3875	-0.7525	-0.1774	1.5408	0.5115	-0.3693	-8.8334	4.2433	-4.069008010117963	0	1	7	Jump	Normal
0.3837	-3.8684	5.1709	-2.2651	-63.5544	-78.0046	35.4290	49.4477	-11.6466	2.0397	4.7562	0.8070	-0.3444	0.3986	-0.5268	-0.6671	-1.2470	0.1538	0.0459	-1.6560	-8.6247	4.3639	-0.8194576653344106	0	1	7	PT	Normal
-1.6849	-12.4109	7.1245	-10.4100	-65.3730	-73.3862	36.5727	48.4684	-11.2295	0.1564	-3.6573	3.1054	-0.3826	0.3856	-0.4615	-0.7014	-1.2278	-0.7858	0.2910	-1.8413	-8.7537	4.0191	7.940142788861509	0	1	7	Jump	Normal
2.2990	-9.6145	5.8987	-14.0647	-67.7070	-77.5976	36.3830	47.6699	-9.2391	3.3649	-0.5583	2.2902	-0.4257	0.3672	-0.4633	-0.6851	0.5949	-2.5552	-0.6656	-1.0659	-9.0562	3.6085	-2.897620885275858	0	1	7	PT	Normal
0.6135	-9.3081	6.5882	-24.9229	-57.7739	-80.4911	34.9864	49.3242	-11.6405	-0.1893	-0.7620	1.8458	-0.4490	0.2380	-0.4728	-0.7199	1.2564	-1.0276	-0.8371	0.8028	-8.5461	4.7425	-0.09145309784159039	0	1	7	Tilt	Normal
-0.6123	-9.4230	3.6386	-32.3689	-44.9496	-71.2310	34.7340	50.2542	-16.2969	-1.9013	-1.6676	-2.2233	-0.4232	0.1485	-0.4302	-0.7835	2.0852	-2.2431	-0.6720	1.2890	-7.7554	5.8619	-1.300575475726049	0	0	7	Tilt	Normal
1.9160	-7.0862	3.0257	-37.2550	-34.9348	-68.9508	32.3445	49.0275	-21.2048	-0.6092	-0.0971	-3.3733	-0.4122	0.0620	-0.4326	-0.7994	0.8175	-1.5198	-0.7200	2.5251	-6.9891	6.3990	-2.179864298221692	0	1	8	PT	Normal
-0.6123	-4.9410	4.5963	-37.9176	-30.3479	-67.3359	29.3065	48.0713	-24.6320	-3.5021	1.6352	-2.0800	-0.3982	0.0322	-0.4352	-0.8068	-0.6536	0.0760	0.4252	2.8898	-6.5763	6.6762	-1.1637687079009345	0	1	8	PT	Normal
3.9846	-5.5539	10.1125	-36.6031	-36.2493	-65.8355	30.8371	48.0957	-23.6342	2.0559	1.6671	3.7637	-0.4110	0.0857	-0.4083	-0.8105	-0.4672	0.3764	1.1858	1.9287	-7.2211	6.3488	5.429947584222909	0	1	8	Jump	Normal
-0.4974	-7.7375	3.5620	-34.2483	-46.1832	-67.4813	33.1254	48.4648	-20.2931	-1.3171	0.2626	-2.0503	-0.4334	0.1612	-0.3923	-0.7952	-1.1106	2.2204	0.7480	0.8197	-8.0001	5.6123	-3.673426283218257	0	1	8	Jump	Normal
-1.0720	-7.8524	5.2092	-31.1208	-58.7596	-71.8067	34.8573	49.3528	-16.7502	-0.9514	0.9340	0.8553	-0.4665	0.2457	-0.3857	-0.7571	-1.4877	0.7162	0.3282	-0.1206	-8.7864	4.3539	0.9514052842679241	0	1	8	PT	Normal
0.3454	-6.7415	5.4773	-21.3781	-65.4926	-75.0023	35.3790	48.7600	-13.2878	1.2222	2.2615	1.6894	-0.4474	0.3267	-0.4235	-0.7168	-0.5098	1.9967	-0.2438	-0.8769	-9.0029	3.7879	-0.7909584948078887	0	1	8	PT	Normal
-0.7272	-8.0439	-0.9583	-9.4537	-65.0432	-75.7546	33.1767	49.3227	-14.5547	0.8019	0.7410	-5.0398	-0.3838	0.3803	-0.4810	-0.6905	-1.1788	-0.3693	0.7181	-1.5291	-8.7849	4.0815	-0.5596262667587908	0	1	8	PT	Normal
-2.2978	-8.3887	7.6225	-8.8218	-66.3935	-74.1426	34.1957	49.5402	-14.6565	-0.4217	0.4200	3.7420	-0.3804	0.3968	-0.4693	-0.6911	0.3765	-1.8479	0.0449	-1.8762	-8.8087	3.8806	3.4317930405246333	0	1	8	PT	Normal
-3.0646	-12.2966	5.6312	-8.3450	-71.7420	-75.1815	33.8237	48.8653	-12.7342	-1.1138	-3.1794	2.5914	-0.4032	0.4271	-0.4592	-0.6664	-1.1660	0.8163	0.1205	-1.9508	-9.1173	3.0397	2.3023874044646284	0	1	8	PT	Normal
0.7278	-10.5728	4.9416	-15.4737	-67.7032	-80.3692	32.5820	48.4977	-11.7544	1.2671	-1.4611	1.3559	-0.4416	0.3495	-0.4737	-0.6771	0.4830	-1.4793	-1.1109	-0.5393	-9.1117	3.5858	-2.174239346599796	0	2	9	PT	Normal
0.3065	-8.7724	3.6009	-22.2607	-61.2294	-80.1330	30.7591	48.3583	-14.8372	0.0180	0.0030	-0.7672	-0.4488	0.2755	-0.4683	-0.7095	0.6290	-0.9062	0.3879	0.2885	-8.7753	4.3681	-2.205651222874513	0	2	9	PT	Normal
-1.5323	-7.8530	2.0686	-22.1851	-58.2765	-77.7679	30.8111	49.3927	-16.8248	-1.6679	0.7118	-2.7060	-0.4308	0.2665	-0.4651	-0.7260	0.6897	0.3945	-0.2235	0.1356	-8.5648	4.7746	-1.223466425567839	0	2	9	PT	Normal
-0.0377	-7.4310	2.4511	-25.2534	-58.5090	-76.5436	30.5828	49.5661	-18.3536	-0.2171	1.2104	-2.1819	-0.4451	0.2563	-0.4435	-0.7345	-0.4469	-0.6409	0.4369	0.1794	-8.6414	4.6329	-0.43927824630543544	0	2	9	PT	Normal
0.2682	-6.9719	2.6049	-32.7928	-66.5645	-76.1487	32.5648	49.7553	-15.6674	0.3713	2.2699	-0.6737	-0.5104	0.2689	-0.3726	-0.7269	-1.6379	-0.9147	0.7469	-0.1031	-9.2418	3.2786	-0.37743013319881147	0	2	9	Tilt	Normal
1.6089	-13.2926	3.7924	-35.8235	-75.1097	-81.0508	34.6768	48.6889	-11.9094	1.6263	-3.7011	1.7493	-0.5622	0.2824	-0.3477	-0.6952	-0.3468	1.4364	-0.3865	-0.0174	-9.5915	2.0432	6.468852600629006	0	0	9	Tilt	Normal
0.7661	-8.1211	2.9113	-34.1057	-75.6995	-82.1374	34.4210	48.4153	-9.9055	0.7207	1.4781	0.9058	-0.5600	0.2901	-0.3603	-0.6873	-0.2477	-0.6633	0.0491	0.0455	-9.5993	2.0056	-5.255212300716664	0	0	9	Tilt	Normal
-0.1909	-8.8484	1.3785	-32.7022	-77.5304	-82.8734	34.0195	48.0094	-9.4033	-0.1381	0.7950	-0.4033	-0.5622	0.3051	-0.3630	-0.6776	-0.3372	0.3732	0.0854	-0.0528	-9.6434	1.7817	0.29605844873594833	0	0	9	Tilt	Normal
0.0006	-9.2698	2.3361	-33.3840	-81.1427	-85.3418	34.7630	47.7852	-9.0123	-0.0406	0.4555	1.0754	-0.5827	0.3102	-0.3558	-0.6616	-0.6557	0.0888	-0.0414	0.0412	-9.7252	1.2607	0.6024620345688305	0	0	9	Tilt	Normal
-0.0760	-9.2698	2.1446	-33.9782	-81.1343	-85.5703	34.8836	46.9751	-8.0201	-0.1697	0.4561	0.8914	-0.5854	0.3057	-0.3540	-0.6622	0.0058	0.0217	-0.0936	0.0937	-9.7258	1.2532	-0.04468141138954351	0	0	9	Tilt	Normal
0.0389	-9.8061	1.5700	-34.1002	-79.2400	-84.3951	34.9855	47.1222	-8.1593	-0.0416	-0.1176	0.0540	-0.5768	0.3000	-0.3561	-0.6712	0.2838	-0.3075	0.0076	0.0805	-9.6884	1.5160	0.41611244977877426	0	0	10	Tilt	Normal
-0.1526	-9.0782	1.6466	-33.6494	-78.7158	-84.1157	34.7624	48.1371	-8.6262	-0.2243	0.5972	0.0494	-0.5728	0.3008	-0.3595	-0.6725	-0.0688	0.1665	-0.0403	0.0717	-9.6754	1.5972	-0.703479169796422	0	0	10	Tilt	Normal
0.1921	-9.4613	1.7232	-33.8342	-78.7151	-84.2939	33.8712	47.7127	-8.9575	0.0851	0.2144	0.1293	-0.5739	0.2989	-0.3596	-0.6723	-0.0262	0.0163	-0.0339	0.1070	-9.6757	1.5939	0.39127888746596007	0	0	10	Tilt	Normal
0.3448	-9.5385	1.7621	-33.4461	-78.8689	-84.6717	34.0637	47.8250	-8.9081	0.1995	0.1390	0.1826	-0.5740	0.3000	-0.3631	-0.6699	-0.0038	-0.0540	-0.0297	0.1453	-9.6775	1.5796	0.08715944343164672	0	0	10	Tilt	Normal
0.1538	-9.3464	1.9914	-32.4955	-79.1408	-85.3205	33.3855	47.8568	-9.2283	-0.0497	0.3337	0.4332	-0.5730	0.3036	-0.3704	-0.6650	-0.0869	0.1879	-0.0542	0.2035	-9.6801	1.5582	-0.1485889306242516	0	0	10	Tilt	Normal
0.4597	-9.5002	1.6089	-32.3298	-79.2005	-85.5782	33.8426	47.3739	-9.1952	0.2227	0.1800	0.0564	-0.5733	0.3036	-0.3725	-0.6636	-0.0347	0.1186	0.0033	0.2370	-9.6802	1.5525	0.08900093308473522	0	0	10	Tilt	Normal
0.6512	-9.4236	1.6855	-32.3354	-79.3019	-85.8583	34.0764	47.6132	-8.5930	0.3760	0.2578	0.1475	-0.5744	0.3027	-0.3736	-0.6625	-0.0038	0.1176	-0.0201	0.2752	-9.6814	1.5380	-0.05116365346396634	0	0	10	Tilt	Normal
0.4214	-9.3087	1.6472	-32.3921	-79.2237	-85.8552	34.4817	47.9510	-9.1345	0.1380	0.3710	0.0991	-0.5743	0.3020	-0.3736	-0.6628	-0.0400	-0.0944	0.0193	0.2834	-9.6796	1.5482	-0.132568051060872	0	0	10	Tilt	Normal
0.1538	-9.4230	1.7232	-32.2082	-79.0192	-85.7772	33.9173	47.3831	-9.1550	-0.1302	0.2514	0.1428	-0.5728	0.3022	-0.3752	-0.6632	-0.0219	-0.0422	0.0310	0.2840	-9.6744	1.5805	0.11779917677500507	0	0	10	Tilt	Normal
0.3454	-9.3081	1.8765	-32.3396	-79.2968	-85.8983	34.3013	47.3745	-8.2524	0.0628	0.3730	0.3377	-0.5745	0.3025	-0.3738	-0.6624	-0.0400	-0.0849	0.0300	0.2825	-9.6811	1.5387	-0.07885556623975809	1	0	11	Tilt	Normal
0.4597	-9.4619	1.6089	-32.2526	-79.3019	-85.9330	34.1323	47.9321	-8.6822	0.1742	0.2191	0.0694	-0.5743	0.3028	-0.3744	-0.6620	-0.0049	0.1527	0.0033	0.2855	-9.6810	1.5395	0.1070704875693238	1	0	11	Tilt	Normal
0.4220	-9.4613	1.5700	-32.3314	-79.3271	-85.9130	34.7110	47.4835	-8.8333	0.1401	0.2206	0.0355	-0.5746	0.3026	-0.3738	-0.6622	-0.0294	0.0345	0.0023	0.2819	-9.6819	1.5345	-0.008759077789793679	1	0	11	Tilt	Normal
0.3454	-9.3081	1.6083	-32.2059	-79.4129	-85.9233	34.2133	47.1737	-8.2271	0.0729	0.3756	0.0838	-0.5745	0.3038	-0.3741	-0.6617	-0.0539	-0.0604	0.0225	0.2725	-9.6836	1.5245	-0.14762155015158385	1	0	11	Tilt	Normal
0.3837	-9.4230	1.6466	-32.1063	-79.5572	-86.0502	33.7242	47.2065	-8.4563	0.1056	0.2635	0.1411	-0.5749	0.3045	-0.3746	-0.6606	-0.0166	-0.0220	0.0161	0.2780	-9.6865	1.5055	0.12114078119116023	1	0	11	Tilt	Normal
0.4986	-9.3081	1.6083	-32.2833	-79.5151	-86.0758	34.0332	47.6786	-8.3055	0.2077	0.3775	0.0997	-0.5755	0.3031	-0.3740	-0.6611	-0.0081	0.0121	0.0033	0.2909	-9.6856	1.5086	-0.11430363219197126	1	0	11	Tilt	Normal
0.1155	-9.5762	1.6083	-32.5974	-79.2466	-85.8849	34.2819	47.5624	-8.1077	-0.1763	0.1041	0.0669	-0.5753	0.3008	-0.3726	-0.6631	0.0271	0.0420	0.0299	0.2918	-9.6804	1.5414	0.25182945908560406	1	0	11	Tilt	Normal
0.2687	-9.3847	1.6466	-33.2532	-79.1191	-85.5449	34.1831	47.8582	-7.7096	0.0048	0.2955	0.0986	-0.5763	0.2982	-0.3679	-0.6660	-0.0048	0.0036	-0.0063	0.2640	-9.6802	1.5480	-0.1791566660606314	1	0	11	Tilt	Normal
0.3071	-9.4230	1.6083	-33.4967	-78.9914	-85.4337	34.6975	47.6310	-7.9867	0.0432	0.2550	0.0468	-0.5765	0.2966	-0.3666	-0.6672	0.0015	-0.0741	0.0044	0.2638	-9.6780	1.5615	0.03235185982531519	1	0	11	Tilt	Normal
0.3454	-9.5379	1.4934	-33.4757	-79.1626	-85.5607	34.0859	47.4156	-8.1626	0.0769	0.1438	-0.0446	-0.5773	0.2971	-0.3666	-0.6663	-0.0507	0.0484	-0.0137	0.2684	-9.6817	1.5380	0.09608612913072001	1	0	11	Tilt	Normal
0.0766	-9.3470	1.6472	-33.0523	-79.2939	-85.6299	34.6314	47.7221	-8.6649	-0.1799	0.3367	0.1203	-0.5764	0.2999	-0.3686	-0.6648	-0.0421	-0.0092	-0.0052	0.2565	-9.6836	1.5269	-0.16894305272341903	1	0	11	Tilt	Normal
0.0772	-9.3847	1.6849	-32.1849	-79.8479	-86.0365	34.6072	47.9616	-8.3689	-0.1740	0.3090	0.2221	-0.5761	0.3058	-0.3726	-0.6601	-0.0890	0.0419	0.0087	0.2512	-9.6937	1.4629	0.04372303287076207	2	0	12	Tilt	Fall
0.7284	-9.3464	1.6083	-32.7326	-79.9387	-86.2411	33.9980	47.6143	-8.3296	0.4371	0.3496	0.1673	-0.5789	0.3023	-0.3705	-0.6604	-0.0358	-0.0838	0.0055	0.2913	-9.6959	1.4410	-0.0233659441175309	2	0	12	Tilt	Normal
0.3065	-9.3087	1.4174	-32.8567	-79.5273	-86.0612	33.9254	47.7674	-8.2472	0.0042	0.3784	-0.0799	-0.5776	0.3001	-0.3709	-0.6624	0.0335	-0.0188	-0.0116	0.3023	-9.6871	1.4973	-0.09071827352375905	2	0	12	Tilt	Normal
0.0000	-9.5385	1.5706	-32.5834	-79.0494	-85.9336	34.1409	47.2919	-8.5706	-0.3178	0.1366	0.0010	-0.5747	0.2995	-0.3740	-0.6635	0.0654	0.1207	-0.0701	0.3178	-9.6751	1.5695	-0.09071827352375905	2	0	12	Tilt	Normal
0.1921	-9.4613	1.3018	-32.1084	-79.3026	-86.2263	33.7980	47.7865	-8.4829	-0.1390	0.2179	-0.2400	-0.5745	0.3021	-0.3769	-0.6607	-0.0464	0.0557	-0.0105	0.3311	-9.6792	1.5419	0.1313910314458404	2	0	12	Tilt	Normal
0.3454	-9.3847	1.7615	-31.9221	-79.6407	-86.5847	34.0443	47.6029	-8.5830	-0.0106	0.3006	0.2649	-0.5759	0.3033	-0.3782	-0.6582	-0.0400	0.1591	-0.0254	0.3560	-9.6853	1.4967	0.002459426019438382	2	0	12	Tilt	Normal
0.4986	-9.4996	1.7998	-31.9195	-79.4241	-86.5126	33.6395	47.1753	-8.1276	0.1351	0.1806	0.2722	-0.5750	0.3024	-0.3789	-0.6590	-0.0091	0.0952	-0.0105	0.3635	-9.6802	1.5277	0.12661061097626813	2	0	12	Tilt	Normal
0.4220	-9.3464	1.7615	-31.7794	-79.3437	-86.5497	33.5652	47.8298	-8.8648	0.0488	0.3313	0.2201	-0.5743	0.3026	-0.3802	-0.6588	0.0122	0.0206	-0.0094	0.3732	-9.6777	1.5414	-0.16113776664229995	2	0	12	Tilt	Normal
0.3837	-9.4613	1.7998	-31.8197	-79.1858	-86.6453	33.6988	47.5441	-8.5881	-0.0211	0.2116	0.2364	-0.5742	0.3010	-0.3814	-0.6590	0.0378	0.0941	-0.0275	0.4048	-9.6729	1.5634	0.11830202339924334	2	0	12	Tilt	Normal
0.4603	-9.4230	1.3785	-31.9953	-79.2805	-86.7462	34.0057	47.6482	-8.3075	0.0423	0.2520	-0.1683	-0.5754	0.3000	-0.3805	-0.6588	-0.0304	0.0728	-0.0350	0.4179	-9.6750	1.5468	-0.10418953217369342	3	0	13	Tilt	Normal
0.1921	-9.2698	1.9531	-31.6265	-79.0441	-86.7499	33.9146	47.7032	-7.9126	-0.2378	0.3982	0.3662	-0.5733	0.3007	-0.3837	-0.6586	0.0686	0.0131	-0.0275	0.4299	-9.6679	1.5869	-0.05914755388657156	3	0	13	Tilt	Normal
0.4986	-9.4996	1.5317	-31.2490	-78.9618	-86.9186	33.8415	48.4202	-8.1087	0.0434	0.1642	-0.0735	-0.5721	0.3015	-0.3870	-0.6573	0.0090	0.0142	-0.0233	0.4552	-9.6637	1.6052	0.15993419086016658	3	0	13	Tilt	Normal
0.4986	-9.2314	1.7232	-31.2198	-79.0406	-87.1382	33.6923	47.8970	-7.8533	0.0142	0.4326	0.1290	-0.5728	0.3010	-0.3880	-0.6563	-0.0411	-0.0593	-0.0275	0.4844	-9.6640	1.5942	-0.23111990066050225	3	0	13	Tilt	Normal
0.6895	-9.4236	1.8004	-31.1090	-78.7429	-87.1382	33.0127	48.0201	-8.5131	0.1820	0.2319	0.1615	-0.5714	0.2999	-0.3900	-0.6568	0.0708	0.0483	-0.0137	0.5076	-9.6555	1.6390	0.21470648483969335	3	0	13	Tilt	Normal
0.4980	-9.3087	1.6089	-31.0633	-78.7621	-87.2128	32.9554	47.5559	-8.5149	-0.0192	0.3466	-0.0281	-0.5715	0.2999	-0.3906	-0.6564	-0.0645	-0.0231	-0.0116	0.5171	-9.6552	1.6370	-0.15895485900137984	3	0	13	Tilt	Normal
0.5369	-9.3081	1.7998	-30.9776	-78.7944	-87.2824	32.9234	47.9553	-8.3189	0.0133	0.3475	0.1661	-0.5715	0.3002	-0.3913	-0.6559	-0.0272	0.0430	-0.0073	0.5236	-9.6555	1.6337	0.035863476503715574	3	0	13	Tilt	Normal
0.7278	-9.3853	1.8004	-30.8641	-78.6705	-87.3137	32.9921	47.8175	-8.7264	0.1914	0.2661	0.1468	-0.5707	0.3000	-0.3927	-0.6558	-0.0144	-0.0050	-0.0009	0.5365	-9.6513	1.6536	0.08840348239253615	3	0	13	Tilt	Normal
0.6129	-9.3470	1.8771	-30.9084	-78.6199	-87.3016	32.9120	47.8610	-8.3189	0.0727	0.3032	0.2170	-0.5707	0.2995	-0.3926	-0.6561	0.0090	-0.0476	0.0097	0.5402	-9.6501	1.6601	-0.030799433327169723	3	0	13	Tilt	Normal
0.4980	-9.4619	1.7238	-30.8090	-78.6285	-87.2805	33.2144	47.5981	-8.0877	-0.0350	0.1885	0.0631	-0.5703	0.3002	-0.3930	-0.6559	-0.0262	-0.0295	0.0161	0.5330	-9.6504	1.6607	0.07722521358732415	3	0	13	Tilt	Normal
0.4980	-9.3087	1.7238	-30.7525	-78.7153	-87.2801	33.1704	47.6572	-8.7152	-0.0257	0.3442	0.0748	-0.5704	0.3010	-0.3928	-0.6556	-0.0081	0.0600	0.0023	0.5237	-9.6528	1.6490	-0.15047470771788696	4	0	14	Tilt	Normal
0.3837	-9.4613	1.6466	-30.7924	-78.8207	-87.2344	32.8307	48.0204	-8.7805	-0.1242	0.1951	0.0135	-0.5707	0.3016	-0.3918	-0.6555	-0.0421	0.0185	0.0279	0.5079	-9.6564	1.6331	0.1311248480670404	4	0	14	Tilt	Normal
0.6129	-9.3853	1.6855	-31.0750	-79.0104	-87.1810	33.6703	47.8262	-8.8493	0.1227	0.2774	0.0844	-0.5723	0.3014	-0.3891	-0.6559	-0.0389	-0.0391	0.0172	0.4902	-9.6627	1.6011	-0.05605182267449926	4	0	14	Tilt	Normal
0.5369	-9.3847	1.5700	-30.9102	-78.9907	-87.0958	32.9702	47.6183	-8.0955	0.0639	0.2779	-0.0367	-0.5714	0.3026	-0.3896	-0.6559	-0.0070	-0.0103	0.0023	0.4730	-9.6625	1.6067	-0.02487005367006212	4	0	14	Tilt	Normal
0.4220	-9.3847	1.7998	-30.8282	-79.0003	-87.1367	33.6787	48.1639	-8.8139	-0.0548	0.2777	0.1932	-0.5712	0.3029	-0.3902	-0.6555	-0.0070	-0.0465	0.0055	0.4767	-9.6624	1.6067	0.03478356796742332	4	0	14	Tilt	Normal
0.4220	-9.4230	1.6466	-30.8874	-79.0469	-87.1832	33.2529	47.7270	-8.1633	-0.0602	0.2405	0.0476	-0.5717	0.3026	-0.3899	-0.6553	-0.0006	-0.0295	0.0034	0.4821	-9.6634	1.5990	0.010049881270015604	4	0	14	Tilt	Normal
0.4214	-9.4619	1.5706	-30.9965	-79.0480	-87.1541	33.3453	47.4220	-7.7070	-0.0588	0.2020	-0.0263	-0.5721	0.3022	-0.3892	-0.6557	-0.0080	-0.0379	0.0044	0.4802	-9.6639	1.5969	0.025532227435958177	4	0	14	Tilt	Normal
0.3831	-9.3470	1.5706	-31.0836	-79.1255	-87.1242	33.1625	47.5532	-8.1181	-0.0877	0.3195	-0.0138	-0.5726	0.3023	-0.3882	-0.6558	-0.0240	-0.0411	0.0108	0.4708	-9.6664	1.5844	-0.11484347134617501	4	0	14	Tilt	Normal
0.4597	-9.4236	1.6472	-30.9195	-79.0441	-87.1594	32.9592	47.5920	-8.2941	-0.0196	0.2400	0.0483	-0.5718	0.3026	-0.3896	-0.6555	0.0122	0.0537	-0.0127	0.4793	-9.6636	1.5989	0.09174024223397659	4	0	14	Tilt	Normal
0.4603	-9.3847	1.7232	-30.9472	-79.1253	-87.1402	32.7615	47.4015	-8.4895	-0.0094	0.2815	0.1366	-0.5721	0.3030	-0.3890	-0.6554	-0.0283	-0.0028	0.0076	0.4697	-9.6661	1.5866	-0.024827102467783746	5	0	15	Tilt	Normal
0.3837	-9.4230	1.6466	-31.0005	-79.0903	-87.1161	32.8927	47.5445	-8.8435	-0.0865	0.2424	0.0558	-0.5721	0.3026	-0.3887	-0.6557	0.0122	0.0324	-0.0095	0.4702	-9.6654	1.5908	0.02078658427429403	5	0	15	Tilt	Normal
0.4603	-9.3847	1.5317	-30.9915	-79.0160	-87.0649	32.7198	47.5579	-8.4672	-0.0075	0.2791	-0.0700	-0.5717	0.3025	-0.3889	-0.6561	-0.0144	0.0046	-0.0009	0.4678	-9.6637	1.6017	-0.053467495340262516	5	0	15	Tilt	Normal
0.4214	-9.3853	1.5706	-30.9406	-78.9734	-87.0808	33.0255	47.7683	-8.6857	-0.0515	0.2770	-0.0380	-0.5714	0.3024	-0.3894	-0.6560	0.0037	0.0536	-0.0084	0.4729	-9.6622	1.6086	0.005126807978411918	5	0	15	Tilt	Normal
0.4980	-9.3470	1.6089	-31.0190	-79.0076	-87.1083	32.7421	47.7783	-8.4350	0.0214	0.3162	0.0064	-0.5719	0.3021	-0.3890	-0.6560	-0.0144	0.0121	-0.0052	0.4766	-9.6631	1.6025	-0.027611186935880383	5	0	15	Tilt	Normal
0.4603	-9.3847	1.6849	-31.0657	-78.9502	-87.0914	32.6827	47.9045	-8.2920	-0.0199	0.2771	0.0750	-0.5718	0.3016	-0.3890	-0.6563	-0.0049	-0.0188	0.0044	0.4802	-9.6618	1.6100	0.048330740620810886	5	0	15	Tilt	Normal
0.3837	-9.3847	1.7615	-31.1922	-78.9423	-87.0964	33.5728	47.2376	-8.3112	-0.1016	0.2770	0.1526	-0.5723	0.3008	-0.3884	-0.6566	0.0005	-0.0358	0.0023	0.4853	-9.6617	1.6089	0.010435670280092069	5	0	15	Tilt	Normal
0.4220	-9.3847	1.6849	-31.1855	-78.9041	-87.0989	33.6394	47.8981	-8.7301	-0.0669	0.2759	0.0705	-0.5721	0.3006	-0.3886	-0.6567	-0.0070	0.0366	-0.0116	0.4889	-9.6606	1.6144	-0.012205822265864086	5	0	15	Tilt	Normal
0.6901	-9.3081	1.5317	-31.3200	-78.9096	-87.0717	33.6506	47.7645	-7.9323	0.2025	0.3530	-0.0798	-0.5726	0.3000	-0.3878	-0.6571	-0.0219	-0.0422	0.0118	0.4877	-9.6611	1.6114	-0.08559360376508174	5	0	15	Tilt	Normal
0.6135	-9.3847	1.6849	-31.5003	-78.9608	-87.1158	33.6579	47.4964	-8.0226	0.1179	0.2777	0.0839	-0.5735	0.2991	-0.3868	-0.6573	-0.0262	-0.0710	0.0225	0.4956	-9.6624	1.6010	0.09597649783991713	5	0	15	Tilt	Normal
0.3837	-9.4230	1.6466	-31.5868	-78.9546	-87.0601	33.4093	48.0255	-7.7771	-0.1055	0.2399	0.0462	-0.5737	0.2989	-0.3861	-0.6577	-0.0251	-0.0411	0.0086	0.4892	-9.6628	1.6004	0.01900839158785672	6	0	16	Tilt	Normal
Total time: 16 seconds.
