-1.4940	-9.3087	-0.3065	81.7933	99.0183	-158.7368	18.6945	12.0920	10.1551	-0.1125	0.3979	-0.0871	-0.6434	-0.3118	0.3905	0.5799	-0.2690	0.0971	-0.0446	-1.3815	-9.7065	-0.2194	-0.33826261753386255	6	0	1	Upright	Normal
-1.4934	-10.0359	-1.2264	81.8740	109.0978	-169.6292	18.5965	11.7506	9.9826	-0.1842	-0.3276	-0.7730	-0.6472	-0.3229	0.3881	0.5712	0.3159	-0.3151	-0.0154	-1.3092	-9.7083	-0.4534	0.7874460044085119	6	0	1	Upright	Normal
-1.7615	-8.5419	-0.5369	81.6987	109.8923	-171.4920	18.4218	11.2182	9.9946	-0.4304	1.1621	-0.0552	-0.6454	-0.3287	0.3935	0.5662	-0.5204	-0.1340	-0.2029	-1.3312	-9.7040	-0.4817	-1.482108077075246	6	0	1	Upright	Normal
-1.3408	-10.1514	-1.3024	81.5541	114.3327	-176.6024	19.0200	10.9341	9.7302	-0.0292	-0.4509	-0.7093	-0.6465	-0.3351	0.3941	0.5607	0.4032	-0.1031	0.0613	-1.3116	-9.7006	-0.5932	1.5839132122725115	6	0	1	Upright	Normal
-1.2641	-9.6151	-0.3831	82.1080	113.2917	-175.4091	18.9875	11.9816	9.6770	-0.0284	0.0989	0.1489	-0.6438	-0.3356	0.3922	0.5648	-0.1880	0.1600	-0.2104	-1.2357	-9.7140	-0.5320	-0.6166554490823888	6	0	1	Upright	Normal
0.7278	-9.6151	-0.0383	85.3388	103.6869	-165.4025	18.1753	12.0253	9.6140	1.5006	0.1594	0.1499	-0.6267	-0.3419	0.3828	0.5864	0.7025	-0.1724	-0.3553	-0.7727	-9.7745	-0.1882	-0.0627222049973728	0	0	1	Upright	Normal
-1.3785	-10.5339	-0.3837	85.5606	82.3503	-145.5334	18.0535	13.0750	8.2068	-0.6282	-0.7564	-0.4844	-0.6130	-0.3452	0.3951	0.5908	-0.1944	-0.0104	0.1194	-0.7503	-9.7775	0.1007	0.9879602122508064	0	0	1	Upright	Normal
0.4597	-8.7724	0.0000	85.8146	71.4351	-132.1242	18.1171	13.0067	8.0371	1.1368	1.0083	-0.2273	-0.6151	-0.3318	0.3822	0.6046	0.3425	0.2058	0.0918	-0.6771	-9.7806	0.2273	0.9879602122508064	0	0	1	Upright	Normal
0.3831	-9.9982	-0.9960	85.8470	82.8161	-143.0700	18.4608	12.2671	8.4086	1.0862	-0.2171	-1.0846	-0.6212	-0.3311	0.3782	0.6012	-0.0144	0.1983	0.1163	-0.7031	-9.7811	0.0886	-0.5756532123764231	0	0	1	Upright	Normal
0.0383	-9.6917	-0.3831	85.7732	93.0919	-151.2195	18.0678	12.0157	8.6684	0.7593	0.0884	-0.3440	-0.6315	-0.3212	0.3653	0.6038	-0.1582	0.6159	0.1450	-0.7210	-9.7802	-0.0391	-0.35564411048386724	0	0	1	Upright	Normal
1.5329	-12.7174	-0.4603	86.3374	124.7726	-179.5112	17.2134	11.7954	10.4444	2.0464	-2.9307	-0.1037	-0.6476	-0.3143	0.3354	0.6077	-0.0975	0.4039	-0.0563	-0.5136	-9.7867	-0.3566	3.1183742711500795	0	0	2	Upright	Normal
-2.1063	-10.1125	1.0337	85.8636	124.0688	-179.5201	17.2409	11.8310	10.4914	-1.5212	-0.3313	1.4293	-0.6480	-0.3167	0.3408	0.6031	-0.2243	-0.2075	0.1434	-0.5851	-9.7812	-0.3956	-2.436596537307617	0	0	2	Upright	Normal
-5.4007	-10.6105	0.4591	82.0235	103.2402	-162.1668	18.1148	11.5793	9.6871	-4.0770	-0.8986	0.7706	-0.6475	-0.3108	0.3831	0.5808	-0.6259	-0.9575	0.4481	-1.3237	-9.7119	-0.3115	1.5336188454034207	0	0	2	Upright	Normal
-0.4208	-9.2314	-0.6518	81.9617	119.1022	176.6790	19.5028	10.8331	8.7746	0.7766	0.4791	0.0148	-0.6409	-0.3511	0.3988	0.5541	0.0846	-1.0715	-0.3839	-1.1974	-9.7106	-0.6666	-2.650797220537685	0	0	2	Upright	Normal
-3.4471	-6.5499	-0.3454	80.0479	98.3446	-169.8440	19.9868	11.3408	7.4218	-1.7708	3.1093	-0.0994	-0.6144	-0.3675	0.4556	0.5291	0.2284	-0.9926	0.5408	-1.6762	-9.6593	-0.2460	-1.8542885471014667	0	0	2	Upright	Normal
-1.1869	-8.6951	-1.8777	80.3735	106.5183	-178.9244	21.0008	11.1232	6.2043	0.3850	0.9735	-1.4114	-0.6158	-0.3802	0.4521	0.5214	-0.3521	0.3081	-0.5160	-1.5719	-9.6687	-0.4663	1.5647110946699243	0	0	2	Upright	Normal
-0.8039	-11.2234	-3.4099	81.1769	134.4481	152.0735	20.4118	11.9246	6.3026	0.2692	-1.5326	-2.3572	-0.6187	-0.4134	0.4300	0.5113	-0.8303	-0.3897	-0.4582	-1.0731	-9.6908	-1.0527	2.783115735380038	0	0	2	Upright	Normal
-4.7118	-13.6374	-0.2682	81.4611	114.1991	171.6640	20.1707	11.7540	5.8759	-3.3841	-3.9392	0.3286	-0.6088	-0.3997	0.4503	0.5165	1.7423	-0.0381	0.3077	-1.3277	-9.6982	-0.5968	2.6734452461536318	0	0	2	Upright	Normal
1.4563	-9.2314	5.1326	81.7479	43.1399	-115.8874	19.2709	13.7053	3.2737	2.4180	0.4739	4.1064	-0.5586	-0.3683	0.4683	0.5771	0.4778	0.1621	-0.3155	-0.9617	-9.7053	1.0262	-3.7686982059967136	0	0	2	Upright	Normal
-1.9148	-8.2355	-0.4220	83.1924	83.2168	-155.1077	19.6076	13.6605	3.9377	-0.7606	1.5022	-0.5592	-0.5919	-0.3777	0.4510	0.5510	-1.3800	0.9515	-0.2111	-1.1542	-9.7377	0.1372	-2.1965330294136898	0	0	2	Upright	Normal
2.1458	-7.0096	-0.7284	85.1733	132.3916	159.2559	17.8525	13.0677	6.7323	2.7551	2.7623	-0.1721	-0.6134	-0.3899	0.4038	0.5555	0.0815	0.0673	-0.1301	-0.6093	-9.7719	-0.5564	-1.0989111576259987	0	1	3	PT	Normal
0.5746	-9.5385	-0.6129	85.2078	123.0280	168.0116	18.3618	13.3146	6.0271	1.2614	0.2339	-0.1664	-0.6097	-0.3886	0.4113	0.5551	-0.0197	-0.1042	0.2914	-0.6868	-9.7724	-0.4465	2.208641537622082	0	1	3	PT	Normal
-1.2258	-12.0668	-1.8387	82.9558	119.9682	172.3254	19.1425	12.7693	6.7611	-0.1845	-2.3340	-1.2383	-0.6251	-0.3740	0.4123	0.5472	-0.1869	0.9600	0.2989	-1.0413	-9.7327	-0.6005	2.6920537349010942	0	1	3	PT	Normal
0.1915	-13.0245	0.8428	83.4983	135.7706	161.1152	18.0623	12.9545	7.0534	0.9659	-3.2808	1.6382	-0.6407	-0.3607	0.3782	0.5625	0.1539	0.2782	0.0731	-0.7744	-9.7437	-0.7955	0.7856643811762698	0	1	3	PT	Normal
-3.0263	-7.4316	2.1835	82.6909	85.8807	-154.5416	18.1221	13.2011	6.1922	-1.7823	2.2954	2.0940	-0.6054	-0.3590	0.4369	0.5601	0.3872	-1.4251	0.6419	-1.2439	-9.7270	0.0895	-4.737205366210249	0	1	3	Jump	Normal
-0.6889	-7.4693	0.0760	81.4043	110.7979	172.8516	20.4250	13.2188	5.0524	0.6812	2.2274	0.5965	-0.5997	-0.4085	0.4631	0.5089	-0.4788	-1.0054	-0.0889	-1.3701	-9.6967	-0.5204	-0.8145526981203233	0	1	3	PT	Normal
-2.3367	-6.3973	-1.3024	78.9744	105.7889	172.0334	21.2209	13.3941	4.0248	-0.5323	3.2284	-0.7922	-0.5874	-0.4255	0.4997	0.4736	0.0090	-0.5836	0.0298	-1.8045	-9.6257	-0.5103	-0.5672782287291831	0	1	3	PT	Normal
-0.5740	-10.4956	-2.8353	80.0090	120.5628	157.2667	21.1980	13.2992	3.3325	0.8906	-0.8375	-1.9703	-0.5894	-0.4435	0.4823	0.4725	0.3147	0.0929	-0.3132	-1.4647	-9.6581	-0.8651	3.9528571988018015	0	1	3	Jump	Normal
-2.4894	-11.4150	-0.8817	79.5382	135.1244	141.2088	20.9723	14.0262	2.8181	-1.2330	-1.7713	0.3801	-0.5890	-0.4662	0.4731	0.4603	0.1805	0.1131	-0.2760	-1.2564	-9.6437	-1.2617	0.8295498896607985	0	1	3	PT	Normal
-2.5283	-7.2401	2.8347	81.5837	72.1568	-154.8602	21.0898	15.2618	2.1638	-1.1622	2.4611	2.3951	-0.5501	-0.4183	0.5135	0.5087	1.4919	0.3464	-0.7106	-1.3660	-9.7012	0.4396	-3.5405216352440547	0	2	4	Jump	Normal
-1.4557	-10.4962	3.7158	80.8377	49.9811	-133.1466	20.0436	16.8571	0.6720	-0.2602	-0.8145	2.7122	-0.5288	-0.4114	0.5242	0.5257	-1.0190	0.2718	0.4228	-1.1955	-9.6817	1.0036	3.053273394508201	0	2	4	PT	Normal
-0.6512	-7.3167	0.3065	83.8854	88.9963	-168.0908	20.3378	15.8574	1.7601	0.3922	2.4343	0.2882	-0.5680	-0.4201	0.4790	0.5210	-0.6206	0.9131	-0.5486	-1.0434	-9.7510	0.0183	-3.877253578238988	0	2	4	Jump	Normal
0.6518	-9.2698	-2.2224	84.8869	100.4422	-178.5986	19.8746	16.0816	3.5313	1.5113	0.4980	-2.0640	-0.5724	-0.4248	0.4658	0.5244	0.1368	-0.0957	0.2940	-0.8595	-9.7677	-0.1585	2.2027288044424926	0	2	4	PT	Normal
-0.7655	-10.3424	-0.3071	84.0318	100.0879	-178.3958	19.6666	15.7104	3.3961	0.2370	-0.5887	-0.1285	-0.5755	-0.4218	0.4698	0.5198	0.1603	-0.1383	0.4069	-1.0026	-9.7537	-0.1785	0.8204940971185657	0	2	4	PT	Normal
-1.0343	-12.5265	-4.0606	82.9710	115.2109	169.1582	20.4398	14.8408	3.4098	0.0504	-2.7933	-3.5499	-0.5962	-0.4130	0.4523	0.5190	-0.0336	0.9728	-0.2131	-1.0847	-9.7332	-0.5107	2.833527488528439	0	2	4	PT	Normal
-2.9108	-7.3544	2.0680	82.9572	85.8749	-162.2688	20.6713	15.3474	4.7227	-1.7122	2.3785	1.9817	-0.5790	-0.4005	0.4724	0.5303	0.4287	-1.1450	0.6136	-1.1986	-9.7329	0.0863	-5.033399509345237	0	2	4	Jump	Normal
-5.9753	-13.8666	-0.6518	79.8044	92.0478	-172.8556	20.7674	15.6399	3.0024	-4.2409	-4.2147	-0.5897	-0.5787	-0.4102	0.5029	0.4939	-1.2341	-0.4429	0.1579	-1.7344	-9.6519	-0.0621	6.937929380899234	0	2	4	Jump	Normal
-0.6895	-5.7078	-0.7278	79.7691	119.1994	156.2241	21.2554	14.8182	4.4565	0.8308	3.9431	0.1218	-0.5808	-0.4539	0.4939	0.4612	-0.0751	-1.0139	0.4434	-1.5203	-9.6509	-0.8496	-9.318116192139945	0	2	4	Jump	Normal
-1.4168	-7.3544	-2.2607	78.8412	124.1178	149.5948	21.8538	14.7539	2.9820	0.1546	2.2670	-1.1962	-0.5805	-0.4661	0.4964	0.4464	-0.1039	0.5201	-0.6507	-1.5713	-9.6214	-1.0645	2.0282033259905745	0	2	4	PT	Normal
-0.9571	-15.5904	-3.1035	80.7196	126.1149	147.7257	21.4321	15.5786	3.0039	0.3204	-5.9120	-2.1714	-0.5710	-0.4707	0.4921	0.4586	0.5342	-0.6123	0.1962	-1.2775	-9.6784	-0.9321	8.101703609318818	0	3	5	Run	Normal
-0.8805	-9.3847	-3.7547	79.7807	142.6347	129.7534	21.4999	16.1081	3.0232	0.1752	0.2665	-2.3721	-0.5709	-0.4946	0.4805	0.4457	-0.4671	-0.2555	-0.2640	-1.0557	-9.6512	-1.3827	-5.7788712710973265	0	3	5	Run	Normal
-3.1029	-6.7038	2.1835	80.9976	81.0265	-166.4678	20.7141	16.3169	1.5537	-1.5871	2.9821	1.9442	-0.5487	-0.4321	0.5244	0.4871	1.8168	0.6053	-0.4638	-1.5158	-9.6859	0.2393	-2.4431879569489414	0	3	5	Walk	Normal
-1.8381	-10.8020	5.0176	78.6219	40.6647	-125.5283	19.4743	17.5896	-0.5436	-0.5775	-1.1880	3.5503	-0.5109	-0.4052	0.5443	0.5278	0.1934	0.3017	0.0997	-1.2607	-9.6141	1.4673	4.348452936753855	0	3	5	Run	Normal
-0.9960	-7.8530	1.5323	80.6170	52.8660	-135.3663	19.5904	17.5395	0.6557	0.2780	1.8227	0.5677	-0.5340	-0.4070	0.5223	0.5257	-0.8016	0.7736	-0.2316	-1.2740	-9.6757	0.9646	-3.9886269151256304	0	3	5	Run	Normal
0.3831	-8.9639	0.1149	83.1947	64.9191	-143.7432	19.1634	16.8972	2.3350	1.4344	0.7739	-0.3771	-0.5557	-0.4075	0.4888	0.5350	-0.3350	0.2878	0.1530	-1.0514	-9.7378	0.4920	0.9099667724926501	0	3	5	Walk	Normal
0.6512	-8.9256	-0.4980	84.3279	91.8019	-168.9117	18.5779	16.3201	3.0971	1.6183	0.8333	-0.4675	-0.5749	-0.4135	0.4668	0.5297	-0.3531	0.0684	0.1242	-0.9671	-9.7589	-0.0305	-0.009648878776586045	0	3	5	Upright	Normal
-2.4511	-11.5682	-2.0309	82.1158	85.1746	-162.6920	19.6157	16.2905	3.6986	-1.1109	-1.8542	-2.1439	-0.5772	-0.4013	0.4819	0.5230	0.2008	0.2910	0.3202	-1.3402	-9.7140	0.1130	3.0349848626064446	0	0	5	Upright	Normal
0.1538	-13.2920	1.9914	83.4117	105.8485	-177.6779	18.5217	15.7181	4.2912	1.2354	-3.5500	2.2984	-0.6036	-0.3889	0.4392	0.5399	-0.1858	0.5659	-0.0774	-1.0816	-9.7420	-0.3071	1.443073118349206	0	0	5	Upright	Normal
-4.0989	-7.5848	1.4174	79.1641	81.2312	-156.7950	19.3057	15.8867	4.5157	-2.2769	2.0470	1.1363	-0.5887	-0.3729	0.4897	0.5240	-0.2657	-1.0491	0.9293	-1.8220	-9.6319	0.2810	-4.703997038906893	0	0	5	Upright	Normal
-1.5706	-10.4962	0.1149	79.7639	99.6790	-177.0004	19.9994	14.9251	4.5261	0.1474	-0.8456	0.4081	-0.5971	-0.3980	0.4819	0.5028	-0.0132	-0.5122	-0.2489	-1.7180	-9.6506	-0.2931	1.8764493868976526	0	1	6	PT	Normal
-3.1406	-7.8524	-0.4220	76.8093	87.3902	-168.0181	20.4754	14.9356	3.7279	-0.9050	1.6955	-0.5237	-0.5853	-0.3902	0.5187	0.4859	0.1817	-0.2352	0.1783	-2.2356	-9.5479	0.1018	-2.1459977011960696	0	1	6	PT	Normal
-1.1109	-8.0445	-0.3448	78.0931	81.8696	-163.0724	20.8476	14.1330	2.9299	0.8918	1.5513	-0.6307	-0.5734	-0.3958	0.5196	0.4946	0.3426	-0.1660	-0.3266	-2.0027	-9.5958	0.2860	-0.33952261449481824	0	1	6	Upright	Normal
-1.5700	-10.2274	-1.1115	80.3715	82.6283	-165.3590	20.2839	16.0953	2.2445	0.0564	-0.5587	-1.3219	-0.5620	-0.4165	0.5148	0.4957	0.1231	-0.3535	-0.3883	-1.6264	-9.6687	0.2104	2.278571307177552	0	0	6	Upright	Normal
-2.6809	-10.5722	1.0720	79.0079	60.2398	-146.1417	19.8519	16.1112	1.2620	-1.0576	-0.9454	0.1440	-0.5306	-0.4137	0.5455	0.4997	1.7231	-0.7178	0.3552	-1.6233	-9.6268	0.9281	0.5526407630478651	0	0	6	Upright	Normal
-3.7535	-7.0862	4.0217	70.4270	40.2554	-125.6313	19.8790	15.5215	-1.2809	-1.6306	2.1539	1.5146	-0.4974	-0.3532	0.5917	0.5270	1.7295	0.3454	-0.5971	-2.1229	-9.2401	2.5070	-1.9884701883882752	0	0	6	Upright	Normal
-1.4174	-7.6998	7.1635	61.9821	24.0916	-112.3249	19.2989	16.3954	-4.7693	0.4631	0.9577	2.9582	-0.4290	-0.3187	0.6365	0.5561	0.7942	-0.4770	0.6503	-1.8805	-8.6574	4.2053	1.6409636485639911	0	0	6	Upright	Normal
-2.7964	-7.6998	4.6352	59.3262	25.4908	-113.0815	19.9445	16.0634	-6.3310	-0.6434	0.7350	0.1196	-0.4261	-0.2970	0.6469	0.5584	0.2222	0.3304	-0.1348	-2.1530	-8.4348	4.5156	-1.1995402016027494	0	0	6	Upright	Normal
-1.6466	-6.8564	4.2515	59.3900	26.6064	-111.3531	20.2726	15.8309	-5.8299	0.5897	1.5839	-0.2129	-0.4369	-0.2854	0.6339	0.5708	-0.4437	0.3059	-0.0390	-2.2363	-8.4403	4.4644	-1.1784453569033673	0	0	6	Upright	Normal
-1.6083	-6.8181	1.3785	62.6232	30.5055	-114.8129	20.8463	15.6142	-4.8454	0.6807	1.8904	-2.5067	-0.4594	-0.3014	0.6208	0.5592	-0.5236	-0.0094	0.1793	-2.2890	-8.7085	3.8852	-1.0943148713103454	0	0	6	Upright	Normal
-2.7575	-8.1588	3.5237	61.8857	32.0513	-115.0154	20.6773	15.8901	-4.0767	-0.3053	0.4910	-0.3929	-0.4652	-0.2897	0.6190	0.5625	0.6951	0.1163	0.4414	-2.4523	-8.6498	3.9166	2.1656109908329064	0	1	7	PT	Normal
-2.6432	-9.6151	3.9840	59.5965	33.6487	-116.0445	20.7941	15.5378	-4.7636	0.1068	-1.1570	-0.1474	-0.4650	-0.2705	0.6284	0.5619	0.0559	0.0961	0.4691	-2.7500	-8.4581	4.1313	1.433023252343327	0	1	7	PT	Normal
-2.8724	-9.0016	4.4813	55.9184	34.5432	-114.7827	21.3478	14.3507	-5.3375	0.2436	-0.8793	-0.0452	-0.4622	-0.2358	0.6355	0.5718	0.8932	-0.0041	0.0331	-3.1161	-8.1223	4.5265	-0.2805918324734247	0	1	7	Tilt	Normal
-2.3744	-8.4270	5.9753	50.6584	30.4703	-108.2678	21.5234	15.2590	-6.0653	0.7780	-0.8426	0.6173	-0.4343	-0.1954	0.6409	0.6021	1.1904	0.1430	-0.0510	-3.1524	-7.5844	5.3581	0.14221937030063003	0	1	7	Tilt	Normal
-3.7535	-9.5762	8.4270	46.3530	25.9006	-103.6978	21.2838	14.0735	-7.4257	-0.7968	-2.4799	2.3384	-0.3989	-0.1744	0.6500	0.6228	0.5076	-0.4142	-0.2130	-2.9567	-7.0963	6.0886	2.697041579695318	0	0	7	Tilt	Normal
-4.1366	-8.8484	10.9553	41.0337	21.6070	-100.9538	20.8082	14.8649	-9.8616	-1.4126	-2.4101	4.0778	-0.3545	-0.1538	0.6678	0.6361	0.9358	-0.5314	0.1141	-2.7240	-6.4383	6.8775	1.3804703096308462	0	0	7	Tilt	Normal
-3.4860	-7.3167	8.8107	38.6944	21.3180	-101.7208	20.0859	14.4204	-10.9694	-0.7033	-1.1857	1.6804	-0.3409	-0.1424	0.6805	0.6328	-0.1412	-0.1308	0.2973	-2.7827	-6.1310	7.1302	-2.7059246424043284	0	0	7	Tilt	Normal
-2.6815	-5.2098	6.3590	37.5319	21.8969	-102.7903	20.3448	13.1308	-11.3996	0.2188	0.7646	-0.8567	-0.3376	-0.1346	0.6883	0.6278	-0.0197	-0.1127	0.2004	-2.9003	-5.9744	7.2157	-3.324486741591082	0	0	7	Tilt	Normal
-2.3361	-5.0560	5.3624	37.0188	21.4923	-102.8231	20.1871	12.5310	-11.9397	0.5327	0.8484	-1.9230	-0.3327	-0.1335	0.6913	0.6273	0.1124	-0.1756	0.0361	-2.8689	-5.9044	7.2854	-0.9154431252548179	0	0	7	Tilt	Normal
-2.9113	-6.3207	6.8187	37.1545	20.9439	-102.1419	20.9500	12.3872	-12.0439	-0.1175	-0.3977	-0.4808	-0.3309	-0.1355	0.6887	0.6307	0.0581	-0.1649	-0.1152	-2.7939	-5.9230	7.2995	2.0112874796232134	0	1	8	PT	Normal
-3.1412	-6.6655	9.3470	36.6687	19.8244	-100.9507	20.2801	12.2410	-12.7847	-0.4736	-0.8089	1.9474	-0.3232	-0.1350	0.6868	0.6368	0.0762	0.0109	0.0063	-2.6676	-5.8565	7.3996	2.159432290623032	0	1	8	PT	Normal
-3.1029	-5.8227	7.7381	36.1935	20.4317	-100.8918	20.5122	12.5716	-12.5184	-0.3400	-0.0316	0.3219	-0.3247	-0.1283	0.6862	0.6382	-0.0271	0.0311	0.0201	-2.7629	-5.7911	7.4162	-1.7331316549776545	0	1	8	PT	Normal
-2.2218	-5.4396	6.9719	36.5820	20.3843	-100.4735	20.8715	12.4769	-12.8252	0.5212	0.4051	-0.4096	-0.3267	-0.1300	0.6828	0.6404	-0.0506	0.0215	-0.0044	-2.7430	-5.8447	7.3815	-1.051339771860686	0	1	8	PT	Normal
-2.4134	-5.6312	6.9336	37.1087	20.1055	-100.0237	20.6787	12.6413	-12.2876	0.2750	0.2855	-0.4105	-0.3281	-0.1337	0.6795	0.6424	-0.1742	-0.0381	-0.0429	-2.6884	-5.9167	7.3441	0.1348202350487675	0	1	8	Tilt	Normal
-2.2978	-6.5116	8.0822	37.6772	18.9059	-99.1098	19.7464	13.1241	-12.2729	0.2171	-0.5176	0.7394	-0.3249	-0.1416	0.6761	0.6460	0.0900	-0.2597	-0.0557	-2.5150	-5.9940	7.3429	1.3777244265621373	0	0	8	Tilt	Normal
-3.0257	-6.3201	7.8524	37.7762	18.2404	-98.8096	20.0924	12.8785	-12.4422	-0.5994	-0.3127	0.4907	-0.3219	-0.1451	0.6760	0.6469	-0.0666	-0.0861	0.0487	-2.4262	-6.0074	7.3617	-0.10608024439581065	0	0	8	Tilt	Normal
-2.1446	-5.7072	6.6649	38.7355	17.7878	-98.3905	20.0808	12.9478	-12.0768	0.1923	0.4293	-0.6189	-0.3245	-0.1527	0.6720	0.6479	-0.1603	-0.1457	-0.0930	-2.3369	-6.1365	7.2838	-1.4913488830789952	0	0	8	Tilt	Normal
-2.0297	-6.3201	7.6608	38.6789	16.9833	-97.4441	19.2070	13.8146	-13.1328	0.2065	-0.1912	0.3391	-0.3208	-0.1542	0.6691	0.6524	-0.0250	-0.0531	0.0019	-2.2362	-6.1289	7.3218	1.1037793498625792	0	0	8	Tilt	Normal
-2.0297	-6.4350	7.6608	38.8468	16.3063	-96.5842	19.4581	13.4429	-13.4031	0.1148	-0.2837	0.3305	-0.3189	-0.1568	0.6656	0.6563	0.0102	-0.1170	-0.0547	-2.1445	-6.1513	7.3303	0.07203448805157109	0	0	8	Tilt	Normal
-2.1446	-6.0519	7.1245	39.1948	16.1465	-96.0606	19.2514	13.1846	-12.8853	-0.0310	0.1456	-0.1757	-0.3204	-0.1584	0.6620	0.6588	-0.0675	0.0098	-0.0387	-2.1136	-6.1975	7.3002	-0.6178687778263967	0	0	9	Tilt	Normal
-2.1446	-6.2435	7.3161	39.5534	16.0469	-95.7060	19.6412	13.6363	-13.1007	-0.0545	0.0015	0.0495	-0.3222	-0.1603	0.6592	0.6603	-0.0846	-0.0094	-0.0643	-2.0901	-6.2450	7.2666	0.26344146696217763	0	0	9	Tilt	Normal
-2.2212	-6.4350	7.3161	40.1301	15.9180	-95.3652	18.7654	13.9976	-13.6564	-0.1648	-0.1143	0.1056	-0.3249	-0.1637	0.6559	0.6614	-0.0494	0.0023	-0.0419	-2.0565	-6.3207	7.2104	0.13917770338263757	0	0	9	Tilt	Normal
-2.2595	-6.4350	7.0862	40.4444	16.0799	-95.3047	19.0299	13.5905	-12.7744	-0.1923	-0.0733	-0.0848	-0.3276	-0.1645	0.6541	0.6616	-0.0367	0.0311	-0.0216	-2.0672	-6.3617	7.1711	-0.15833156973397244	0	0	9	Tilt	Normal
-2.1063	-6.5499	7.0862	40.8046	16.2337	-95.2569	19.1514	13.8440	-12.7911	-0.0311	-0.1413	-0.0407	-0.3304	-0.1658	0.6523	0.6617	-0.0281	0.0141	-0.0246	-2.0752	-6.4087	7.1269	0.04175779756378084	0	0	9	Tilt	Normal
-2.1829	-6.4350	6.8947	41.2322	16.2514	-95.1880	19.2832	14.2895	-12.5671	-0.1190	0.0289	-0.1856	-0.3328	-0.1682	0.6506	0.6616	-0.0462	-0.0051	-0.0299	-2.0640	-6.4639	7.0803	-0.19638504912116517	0	0	9	Tilt	Normal
-2.3361	-6.4733	7.0479	41.2501	16.5054	-95.1082	19.3858	14.1028	-12.8095	-0.2414	-0.0072	-0.0211	-0.3344	-0.1666	0.6493	0.6624	-0.0047	0.0641	-0.0299	-2.0948	-6.4661	7.0690	0.17012458055537394	0	0	9	Tilt	Normal
-2.1446	-6.5116	7.2012	41.1428	16.6455	-94.8422	19.2660	13.8095	-12.5771	-0.0292	-0.0593	0.1257	-0.3350	-0.1643	0.6477	0.6642	0.0070	0.0727	-0.0214	-2.1154	-6.4524	7.0755	0.09213484194176225	0	0	9	Tilt	Normal
-2.0680	-6.5116	7.0096	41.3115	16.6869	-94.5787	19.5149	14.4322	-12.8527	0.0471	-0.0376	-0.0461	-0.3365	-0.1644	0.6456	0.6656	-0.0111	0.0226	-0.0384	-2.1151	-6.4741	7.0557	-0.1543489922065504	0	0	9	Tilt	Normal
-2.1829	-6.3584	6.9713	41.3771	16.6684	-94.4480	19.7050	13.8493	-12.3603	-0.0721	0.1240	-0.0781	-0.3369	-0.1645	0.6447	0.6662	0.0081	0.0183	-0.0291	-2.1108	-6.4825	7.0494	-0.10366769136580523	0	0	9	Tilt	Normal
-2.2978	-6.4733	6.9330	41.5673	16.8541	-94.3304	19.1147	14.2055	-12.7811	-0.1706	0.0335	-0.0887	-0.3391	-0.1643	0.6428	0.6669	-0.0367	0.0290	-0.0302	-2.1272	-6.5068	7.0217	0.07491455363279087	1	0	10	Tilt	Normal
-2.1069	-6.5122	7.0485	41.8869	16.9328	-94.3760	19.0729	13.9431	-12.4899	0.0195	0.0355	0.0645	-0.3411	-0.1659	0.6419	0.6664	-0.0388	0.0247	-0.0142	-2.1264	-6.5477	6.9840	0.06531377812638972	1	0	10	Tilt	Normal
-2.1063	-6.4733	6.9330	42.2311	16.9125	-94.2276	19.2073	14.4815	-12.6828	0.0061	0.1181	-0.0141	-0.3430	-0.1677	0.6400	0.6667	-0.0324	0.0109	-0.0515	-2.1124	-6.5914	6.9471	-0.10861777238007164	1	0	10	Tilt	Normal
-2.2595	-6.5116	6.8947	42.2778	16.9215	-94.1101	19.5308	14.1434	-11.9738	-0.1475	0.0856	-0.0470	-0.3435	-0.1676	0.6392	0.6674	-0.0207	0.0183	-0.0355	-2.1120	-6.5972	6.9417	0.0327023187990747	1	0	10	Tilt	Normal
-2.0303	-6.6272	7.0868	42.3808	16.9343	-93.9377	20.0272	13.9185	-13.1083	0.0798	-0.0168	0.1571	-0.3443	-0.1677	0.6378	0.6682	-0.0238	0.0183	-0.0213	-2.1100	-6.6104	6.9297	0.16384364667860218	1	0	10	Tilt	Normal
-2.1446	-6.7415	6.7798	42.7325	17.0617	-94.0811	19.4194	14.7561	-11.9407	-0.0311	-0.0868	-0.1064	-0.3466	-0.1695	0.6372	0.6672	-0.0771	-0.0019	-0.0384	-2.1135	-6.6547	6.8862	-0.11423899419732031	1	0	10	Tilt	Normal
-2.0303	-6.8570	6.9719	43.1449	16.9078	-93.9851	19.7983	14.6316	-11.9691	0.0507	-0.1507	0.1261	-0.3480	-0.1727	0.6358	0.6669	-0.0878	-0.0104	-0.0341	-2.0810	-6.7063	6.8458	0.1887767588902367	1	0	10	Tilt	Normal
-2.1446	-6.7032	6.8564	43.4815	16.7315	-93.8881	20.4582	14.1877	-12.4517	-0.0961	0.0450	0.0420	-0.3489	-0.1755	0.6347	0.6668	0.0007	-0.0168	-0.0203	-2.0485	-6.7482	6.8143	-0.1617896166350583	1	0	10	Tilt	Normal
-2.1829	-6.8181	6.8947	43.4959	16.6695	-93.8245	19.5061	14.4964	-11.7796	-0.1423	-0.0679	0.0798	-0.3488	-0.1758	0.6345	0.6670	0.0049	0.0109	-0.0298	-2.0406	-6.7502	6.8149	0.11363665311566251	1	0	10	Tilt	Normal
-2.0686	-6.7038	6.8953	43.4940	16.6292	-93.7046	19.5088	14.0741	-11.6085	-0.0326	0.0461	0.0787	-0.3487	-0.1756	0.6339	0.6676	0.0017	0.0237	-0.0319	-2.0360	-6.7499	6.8166	-0.10230620021699366	2	0	11	Tilt	Fall
Total time: 11 seconds.
