0.9577	-9.8833	1.9537	72.9781	-1.5567	-109.4927	32.1137	40.7055	-35.4666	0.8797	-0.5061	-0.9159	-0.3343	-0.4919	0.6611	0.4574	0.2636	-0.0218	-0.0415	0.0780	-9.3772	2.8696	-0.023702011601677953	0	0	1	Upright	Normal
-0.8428	-9.5768	3.0263	75.1464	-0.9942	-110.5634	33.6330	41.0468	-35.2233	-0.8863	-0.0977	0.5130	-0.3416	-0.5051	0.6545	0.4470	-1.0062	0.0879	-0.0926	0.0435	-9.4791	2.5133	-0.04108352881128674	0	0	1	Upright	Normal
-2.4894	-9.1931	3.3321	74.2727	7.9307	-106.8783	36.6441	42.2426	-33.8051	-2.1228	0.2466	0.6999	-0.4030	-0.4509	0.6139	0.5072	0.3361	-0.2604	0.2035	-0.3666	-9.4397	2.6323	0.011362946155763609	0	0	1	Upright	Normal
0.5752	-8.1971	2.1446	72.4960	7.5709	-118.0115	36.2958	41.8207	-36.4393	0.9638	1.1555	-0.7792	-0.3495	-0.4783	0.6697	0.4478	-0.5098	-0.9976	0.2866	-0.3886	-9.3526	2.9238	-1.5977442229713468	0	0	1	Upright	Normal
0.3454	-6.9713	3.1789	74.2235	3.4075	-113.3755	34.5865	41.9397	-36.9684	0.5038	2.4660	0.5174	-0.3510	-0.4910	0.6563	0.4528	-0.2946	0.4160	-0.4154	-0.1585	-9.4373	2.6615	-0.8228399101555741	0	0	1	Upright	Normal
0.4603	-5.4773	5.0176	70.9090	-5.3147	-101.2541	34.5443	42.0807	-37.0675	0.1633	3.7900	1.8241	-0.3384	-0.4719	0.6461	0.4954	0.5374	0.5193	-0.6955	0.2970	-9.2674	3.1936	-0.22728419292847502	0	0	1	Upright	Normal
0.1915	-4.9416	2.7964	61.8306	-14.1532	-92.6398	32.8224	39.8405	-39.5733	-0.9405	3.7037	-1.6924	-0.2757	-0.4417	0.6594	0.5422	0.9230	1.4514	-0.6806	1.1320	-8.6453	4.4888	-1.7611875872344038	0	0	1	Upright	Normal
0.1532	-10.7260	2.8347	48.6375	-11.2942	-96.7547	31.3145	34.2858	-43.5312	-1.1158	-3.3656	-3.5201	-0.2052	-0.3659	0.7048	0.5721	2.1076	1.5856	-0.0873	1.2691	-7.3604	6.3548	5.414126056546312	0	0	1	Upright	Normal
2.3750	-7.7764	4.1755	48.3286	-5.2348	-99.0585	32.6851	30.0492	-45.0356	1.7802	-0.4510	-2.3171	-0.2337	-0.3381	0.7055	0.5773	-0.4842	-0.7974	0.4528	0.5948	-7.3254	6.4926	-1.9548675417058305	0	0	1	Upright	Normal
-0.9194	-2.9880	2.7198	55.6853	1.9661	-102.0671	33.9103	32.1108	-43.8849	-0.7298	5.1121	-2.8051	-0.3055	-0.3536	0.6824	0.5622	-1.4163	1.1265	0.3942	-0.1896	-8.1000	5.5249	-4.996689228779885	0	1	2	Jump	Normal
2.0309	-6.2435	5.4007	67.7996	8.3126	-113.0697	35.8289	36.4162	-41.5278	2.5666	2.8364	1.7344	-0.3569	-0.4309	0.6683	0.4902	-2.3314	-2.1993	0.8331	-0.5357	-9.0799	3.6663	4.357616442677613	0	1	2	Jump	Normal
0.9966	-17.0078	6.8564	67.5387	2.8328	-113.2282	32.8917	37.7362	-39.4501	1.1818	-7.9450	3.1144	-0.3229	-0.4527	0.6863	0.4688	1.2724	0.2253	-0.7318	-0.1853	-9.0628	3.7420	9.863498804217055	0	1	2	Jump	Normal
-2.2212	-17.7740	5.3241	59.6705	-0.3341	-101.0704	32.3947	33.8774	-41.6837	-2.2501	-9.3094	0.3723	-0.3143	-0.3857	0.6706	0.5502	-0.1380	-0.0048	-0.1810	0.0289	-8.4646	4.9518	0.32188023097364393	0	1	2	Upright	Normal
-3.7152	-7.4693	3.1789	64.0405	11.9785	-104.2027	35.6974	33.5414	-41.6279	-2.8243	1.3481	-1.0202	-0.3937	-0.3618	0.6314	0.5616	-0.8411	0.9177	-0.2375	-0.8909	-8.8174	4.1991	-9.7593513344437	0	0	2	Upright	Normal
0.3454	-2.8341	2.4128	69.1035	4.9047	-102.6161	35.8237	35.7917	-40.6985	0.6445	6.3276	-1.0720	-0.3817	-0.4202	0.6271	0.5333	-1.0669	-2.0288	-0.9235	-0.2991	-9.1617	3.4848	-5.189353341142981	0	0	2	Upright	Normal
1.6478	-4.4047	4.3664	71.8562	-31.5650	-78.0163	27.7560	38.2562	-37.6091	0.0494	4.9144	1.7645	-0.3001	-0.5265	0.6145	0.5051	0.6450	0.9486	-1.6734	1.5984	-9.3191	2.6019	2.6792745296727642	0	0	2	Upright	Normal
-0.8805	-17.3143	9.0399	64.7808	-13.1665	-85.0941	26.5792	36.8647	-38.5358	-1.8322	-8.4423	4.9714	-0.3266	-0.4312	0.6125	0.5765	2.9257	0.6886	0.6190	0.9517	-8.8720	4.0685	13.134657921644902	0	0	2	Upright	Normal
2.6049	-18.2342	2.2601	48.3012	-8.2367	-94.3582	26.4365	29.1918	-42.6343	1.6704	-10.9120	-4.1960	-0.2293	-0.3439	0.6875	0.5971	2.3760	2.7425	0.1599	0.9345	-7.3222	6.4561	-0.9945166897187256	0	0	2	Upright	Normal
0.8811	-6.9336	2.2218	48.8093	-0.1686	-96.2872	30.5094	25.4588	-44.3407	0.8621	0.4462	-4.2364	-0.2747	-0.3086	0.6787	0.6072	-2.2089	0.0751	0.0779	0.0190	-7.3798	6.4582	-11.223468170516819	0	0	2	Upright	Normal
-1.6849	-1.2252	2.4128	61.6062	14.1553	-103.9913	32.6445	30.8570	-42.5751	-0.5445	7.4018	-2.1088	-0.3963	-0.3353	0.6328	0.5745	-1.7806	1.2096	0.8544	-1.1404	-8.6271	4.5216	-4.1462713389019346	0	1	3	Jump	Normal
1.9543	-10.1891	4.5580	69.2971	20.3071	-122.4409	32.3609	34.9392	-40.0731	3.1575	-1.0156	1.3068	-0.3965	-0.4207	0.6615	0.4777	-0.4842	-2.2855	0.5007	-1.2032	-9.1735	3.2512	8.144192655304478	0	1	3	Jump	Normal
1.4563	-17.8506	4.0983	69.1341	-1.9391	-95.4951	29.8721	35.8051	-39.9780	1.3382	-8.6871	0.6074	-0.3711	-0.4293	0.6159	0.5465	1.7635	4.6760	-2.1283	0.1181	-9.1635	3.4909	7.040906576762085	0	1	3	Jump	Normal
-4.1372	-12.0668	2.4900	67.9118	9.1669	-89.4142	35.2180	32.6275	-40.8564	-3.5497	-2.9797	-1.1504	-0.4423	-0.3446	0.5499	0.6190	-1.3460	1.4621	0.3697	-0.5875	-9.0870	3.6404	-5.375743051756791	0	1	3	Jump	Normal
-1.7238	-5.1715	1.5706	70.2289	21.3152	-93.6297	41.5785	33.9087	-39.1959	-0.5179	4.0571	-1.5196	-0.4972	-0.3086	0.5134	0.6277	-0.1252	0.5854	-0.1523	-1.2059	-9.2286	3.0902	-7.324105322656641	0	1	3	Jump	Normal
1.3791	-4.9416	4.6352	76.4177	5.0058	-79.6817	41.4229	35.0215	-38.2786	1.5800	4.5909	2.3411	-0.4965	-0.3695	0.4822	0.6201	-1.7625	-0.5342	-0.3142	-0.2010	-9.5325	2.2941	1.2412390967116975	0	1	3	PT	Normal
3.0646	-8.4659	5.6312	71.8204	-12.5130	-64.1943	40.4755	34.9269	-38.7880	2.4017	0.8514	2.6444	-0.4470	-0.3846	0.4820	0.6481	0.3861	-0.9571	-0.7073	0.6629	-9.3173	2.9868	3.7052764868957535	0	1	3	Jump	Normal
-3.2938	-19.0381	11.4916	68.7509	-4.5936	-60.5699	41.5126	32.5897	-39.4265	-3.5784	-9.8981	7.9490	-0.4705	-0.3131	0.4354	0.7007	0.6876	1.6613	0.9481	0.2846	-9.1400	3.5425	11.860613011874012	0	1	3	Jump	Normal
2.7581	-15.6293	1.4174	44.9186	0.3257	-67.6642	40.5713	22.6356	-42.1012	2.7976	-8.7047	-5.5266	-0.3188	-0.2105	0.5136	0.7682	1.5696	1.6954	-1.1376	-0.0395	-6.9246	6.9439	-6.5461446052655035	0	1	3	Jump	Normal
1.5323	-3.8690	3.1029	50.4016	-1.2443	-60.2578	44.1884	21.6670	-40.9447	1.3966	3.6874	-3.1463	-0.3633	-0.2222	0.4581	0.7802	-1.1244	-0.8879	-0.1001	0.1357	-7.5564	6.2492	-10.743096232060937	0	1	3	Jump	Normal
-2.6049	-6.5888	6.3590	57.2464	13.9164	-70.3718	45.9989	23.5822	-39.7107	-1.3288	1.6587	1.2092	-0.4499	-0.1871	0.4547	0.7456	-2.0682	0.7292	-0.0830	-1.2761	-8.2476	5.1498	4.3293580984445	0	2	4	Jump	Normal
4.9033	-11.3006	9.4236	64.3843	0.8438	-64.4982	45.2748	26.3946	-39.4550	4.9657	-2.4576	5.1845	-0.4539	-0.2790	0.4482	0.7178	-0.1241	-0.0389	-1.4082	-0.0624	-8.8430	4.2391	5.989454915892626	0	2	4	Jump	Normal
-3.1789	-13.6751	2.3744	53.7812	11.6361	-42.3931	50.6180	26.5301	-36.3419	-2.0101	-5.7633	-3.3009	-0.4522	-0.0784	0.2781	0.8438	3.1377	5.9063	-1.1738	-1.1688	-7.9118	5.6753	-1.2705940143907828	0	2	4	PT	Normal
-3.7535	-7.4310	-0.4603	61.9165	23.6410	-43.8657	56.7563	26.7325	-29.4180	-1.9022	1.2212	-4.6893	-0.5327	-0.0251	0.2158	0.8180	-1.5260	-0.9721	-0.7339	-1.8513	-8.6522	4.2291	-5.901195678596288	0	2	4	Jump	Normal
-3.8684	-5.5539	9.3464	69.5902	39.2871	-39.0657	57.6897	31.0558	-24.0949	-1.7029	3.6372	6.6996	-0.5988	0.0805	0.0778	0.7930	-1.5335	4.1667	-0.8489	-2.1656	-9.1912	2.6468	3.201846972436007	0	2	4	PT	Normal
3.4482	-10.2274	5.5156	72.5309	20.9330	-21.8529	56.7008	34.7861	-18.7426	4.4999	-0.8728	2.7665	-0.5989	0.0336	0.0448	0.7988	0.4575	-2.5125	-1.2090	-1.0517	-9.3546	2.7491	0.5809744795514593	0	2	4	PT	Normal
1.6095	-8.1205	0.5740	76.0861	12.9796	-6.1805	55.2235	34.7968	-20.8813	2.1391	1.3985	-1.7234	-0.6162	0.0559	-0.0274	0.7851	0.2700	4.8155	-0.6923	-0.5296	-9.5190	2.2974	-3.8223690102070407	0	2	4	Jump	Normal
0.4603	-5.3241	6.3201	72.9869	13.6795	0.9044	55.6624	34.8675	-16.2351	1.1389	4.0535	3.5325	-0.5897	0.1004	-0.0771	0.7976	-0.0592	-0.2104	-0.6764	-0.6786	-9.3776	2.7876	-0.021773957619833695	0	2	4	Upright	Normal
1.8777	-17.8506	6.3584	58.3172	-0.0871	19.8071	55.3179	35.3162	-17.6080	1.8699	-9.5053	1.2080	-0.4801	0.0831	-0.1498	0.8603	6.2728	-0.9262	-1.0237	0.0078	-8.3453	5.1504	10.765461789814722	0	0	4	Upright	Normal
4.8267	-6.8570	5.4013	46.8556	6.6584	29.9893	54.6827	34.6879	-18.6499	5.6044	0.2984	-1.2595	-0.3696	0.1542	-0.2593	0.8788	-0.9732	-4.8400	-1.6735	-0.7777	-7.1554	6.6608	-9.067586343546388	0	0	4	Upright	Normal
-2.5660	-5.6689	4.6729	55.5901	-2.8152	33.2727	54.5649	36.9848	-20.5658	-2.8380	2.4219	-0.8621	-0.4529	0.1126	-0.2422	0.8506	-0.1891	-0.7920	0.0863	0.2720	-8.0908	5.5349	-2.1926198472379426	0	1	5	PT	Normal
2.3373	-6.2818	5.5539	53.0268	7.3989	29.2768	54.2011	35.0551	-20.5051	3.0969	1.5531	-0.2949	-0.4164	0.1684	-0.2535	0.8567	-1.5388	0.2956	0.0171	-0.7596	-7.8349	5.8489	0.9227603468137673	0	1	5	PT	Normal
3.4099	-13.9049	6.0903	62.8938	0.6045	32.3945	54.4977	33.1208	-19.0046	3.4572	-5.1752	1.6224	-0.4997	0.1499	-0.2406	0.8185	-0.5066	0.2455	-0.3067	-0.0473	-8.7297	4.4679	6.85386724697228	0	1	5	Jump	Normal
-1.3791	-11.5688	2.3750	57.0490	3.1833	52.0692	53.9155	34.6048	-16.5085	-1.0828	-3.3396	-2.9507	-0.4182	0.2314	-0.3974	0.7833	1.3257	2.7574	-0.9949	-0.2963	-8.2292	5.3258	-3.6681327385551405	0	1	5	Jump	Normal
-2.4511	-7.8524	3.6003	65.1168	11.1620	55.5801	52.5361	36.8963	-10.3232	-1.6521	1.0440	-0.4477	-0.4356	0.3222	-0.4374	0.7177	-1.6826	1.7550	-0.1810	-0.7989	-8.8964	4.0480	-2.9108844958522813	0	1	5	PT	Normal
2.2990	-4.6729	4.7495	65.6765	9.6029	61.7890	50.4081	37.2665	-7.7184	2.9730	4.2633	0.7670	-0.4276	0.3378	-0.4688	0.6951	-0.6823	-2.6030	-0.1363	-0.6740	-8.9362	3.9825	-1.93109055103157	0	1	5	PT	Normal
2.0686	-5.4396	1.7621	66.9064	-2.3541	64.0697	51.1733	37.1238	-10.1471	1.9107	3.5814	-2.0807	-0.4763	0.2778	-0.4329	0.7131	0.3116	-0.5374	-0.3270	0.1579	-9.0211	3.8428	-0.9677719450547722	0	1	5	PT	Normal
1.4174	-8.5808	3.9073	67.9591	-13.4036	78.8762	51.2816	36.2441	-9.5722	0.5646	0.5094	0.3279	-0.4902	0.2779	-0.4728	0.6775	-0.7569	0.4544	-0.7893	0.8528	-9.0902	3.5795	3.4538999109432256	0	1	5	PT	Normal
-2.7581	-9.8450	4.7501	66.2151	-7.6542	82.2905	50.7329	35.2622	-7.0978	-3.2848	-0.8712	0.8303	-0.4472	0.3165	-0.5225	0.6534	1.3683	3.0579	-0.2780	0.5267	-8.9738	3.9198	1.7391525275078177	0	1	5	PT	Normal
0.6135	-15.6287	0.6123	42.7941	-2.1598	77.9945	48.4010	39.7321	-11.5423	0.3424	-8.9663	-6.5785	-0.2945	0.2159	-0.5805	0.7278	3.5063	3.2400	0.4315	0.2711	-6.6625	7.1908	4.37909353559667	0	2	6	Jump	Normal
0.7284	-3.7918	3.1406	44.4755	6.9002	77.3561	46.2296	41.5817	-13.7496	1.5692	3.0788	-3.8062	-0.2601	0.2796	-0.5952	0.7071	-2.0224	-1.4280	0.1588	-0.8408	-6.8706	6.9468	-10.675601660762025	0	2	6	Jump	Normal
-1.8771	-2.7964	4.2521	62.8291	10.0727	74.3795	46.7082	39.7668	-9.3576	-1.0937	5.9282	-0.1570	-0.3683	0.3735	-0.5503	0.6496	-2.7522	1.9393	0.1407	-0.7834	-8.7246	4.4091	0.4472469834677071	0	2	6	PT	Normal
0.6512	-10.9559	6.3973	70.2497	14.7359	60.8295	48.3032	34.4858	-2.0188	1.4943	-1.7259	3.1927	-0.4390	0.3793	-0.4743	0.6622	0.5661	-1.5686	0.0161	-0.8431	-9.2299	3.2046	7.279229373820224	0	2	6	Jump	Normal
4.6352	-10.1897	1.9154	67.4897	-1.6899	77.2689	49.9190	34.9824	-1.2731	4.5246	-1.1301	-1.8373	-0.4415	0.3372	-0.5127	0.6546	1.3246	3.4093	-0.6561	0.1106	-9.0597	3.7526	-1.3464875857626488	0	2	6	PT	Normal
-3.9067	-17.3526	4.9410	59.7154	0.4022	89.4105	45.3031	40.5722	-2.0845	-3.8719	-8.8841	-0.0040	-0.3517	0.3524	-0.6113	0.6151	-2.0491	0.6311	-0.2460	-0.0349	-8.4684	4.9451	7.103353535758208	0	2	6	Jump	Normal
-2.3744	-5.4007	0.4974	62.1531	12.7872	74.8607	46.3777	39.7953	-3.2926	-1.3605	3.2705	-3.9696	-0.3494	0.3875	-0.5630	0.6409	0.0143	-1.2224	0.5647	-1.0139	-8.6712	4.4670	-12.539922436836473	0	2	6	Jump	Normal
1.7627	-2.7575	3.1406	68.9604	-0.8346	76.5204	49.6966	39.5305	-4.7210	1.7116	6.3954	-0.3796	-0.4482	0.3458	-0.5072	0.6498	-1.8925	-2.4368	-0.6764	0.0512	-9.1529	3.5202	-1.384647135212619	0	2	6	PT	Normal
1.8771	-4.7501	3.2561	73.9373	-20.3001	96.3994	49.8750	37.9560	-3.9423	0.9358	4.6738	0.7115	-0.4995	0.3475	-0.5156	0.6032	0.3882	3.8429	-0.8223	0.9412	-9.4239	2.5446	1.5212677269246377	0	2	6	PT	Normal
0.2687	-10.2274	11.2617	65.8813	-22.3506	96.7764	46.2782	39.8673	-2.4982	-1.2549	-1.2767	7.5558	-0.4759	0.2908	-0.5456	0.6255	3.7449	-3.1942	-0.0947	1.5236	-8.9507	3.7059	9.157895010357919	0	2	6	Jump	Normal
-0.8805	-13.4069	0.7655	37.2196	2.4290	82.8503	43.9688	45.1478	-10.7678	-0.5495	-7.4751	-7.0366	-0.2259	0.2262	-0.6320	0.7060	4.3798	2.9822	1.1942	-0.3310	-5.9318	7.8021	-1.7574791321049865	0	3	7	Walk	Normal
2.2224	-4.3281	4.5963	46.6995	-5.6298	80.0327	43.2076	46.5567	-16.1208	1.5627	2.8090	-2.0969	-0.3322	0.2200	-0.5747	0.7148	-2.5178	-2.0853	0.0906	0.6598	-7.1371	6.6931	-6.7644796415575374	0	3	7	Run	Normal
-1.8004	-3.1029	3.8307	55.0017	1.1505	79.5292	43.3740	44.9061	-11.4104	-1.6875	4.9306	-1.7927	-0.3492	0.3022	-0.5709	0.6788	-1.7295	1.8892	0.0363	-0.1130	-8.0334	5.6234	-1.4448842088130451	0	3	7	Walk	Normal
-0.8811	-6.3590	5.4779	66.0585	15.9732	66.6960	42.6272	43.4314	-5.7121	0.2141	2.6040	1.6523	-0.3869	0.3940	-0.5197	0.6519	-3.0323	-1.3087	0.8363	-1.0952	-8.9630	3.8256	3.1910220564676273	0	3	7	Walk	Normal
3.9073	-7.3167	5.5545	68.3442	5.2717	64.8758	45.7963	39.9634	-0.9719	4.2400	1.7979	1.9510	-0.4531	0.3331	-0.4651	0.6837	0.5715	-1.4451	-0.5709	-0.3326	-9.1146	3.6036	1.5434327468534619	0	3	7	Walk	Normal
-1.0337	-13.7900	5.2858	60.6494	1.7253	82.4725	43.2556	43.4922	-2.4640	-0.8888	-5.2421	0.4814	-0.3711	0.3426	-0.5746	0.6440	0.0569	2.0469	-0.7168	-0.1448	-8.5479	4.8044	4.821806326645824	0	3	7	Run	Normal
-3.7152	-5.1326	2.6426	63.4271	16.6858	79.3129	38.9651	44.4813	-2.2700	-2.4556	3.6383	-1.5595	-0.3217	0.4270	-0.5959	0.5993	-0.8858	-0.0443	-0.0564	-1.2596	-8.7709	4.2021	-7.939367369014417	0	3	7	Run	Normal
-0.4980	-4.9033	3.7158	68.0962	12.5976	75.8357	38.8226	42.7617	-0.4177	0.3000	4.1955	0.1457	-0.3832	0.4137	-0.5546	0.6119	-0.9242	-2.2536	-0.5155	-0.7980	-9.0989	3.5701	-0.692782998927636	0	3	7	Walk	Normal
2.7970	-4.3664	1.4934	70.0536	-23.2266	90.4351	43.2727	43.3838	-1.6625	1.4778	4.8520	-1.5808	-0.5130	0.2829	-0.4879	0.6470	-0.2946	0.3605	-0.9640	1.3192	-9.2184	3.0742	-0.7761260824023024	0	3	7	Walk	Normal
-2.2595	-8.0822	4.3664	66.8701	-7.7320	93.2796	40.2573	44.6847	0.6868	-2.7776	0.9363	0.5495	-0.4183	0.3611	-0.5798	0.5986	0.3520	1.1456	-0.7861	0.5180	-9.0185	3.8170	4.063867502729852	0	3	7	Run	Normal
6.6277	-12.6025	8.8101	54.8254	-15.3679	83.7626	38.1755	47.6535	-1.2983	5.1308	-4.5864	3.3630	-0.4189	0.2162	-0.5415	0.6961	4.4874	-3.4233	-0.0958	1.4970	-8.0161	5.4471	7.28411057931439	0	4	8	Run	Normal
0.1532	-6.7421	1.1875	43.3259	-0.8106	84.0256	39.4517	51.2147	-12.9443	0.0524	-0.0132	-5.9457	-0.2787	0.2422	-0.6201	0.6922	0.2380	1.9456	0.2707	0.1009	-6.7289	7.1332	-9.896577670254564	0	4	8	Run	Normal
-2.9874	-6.8564	2.5660	53.5336	-6.9378	81.7777	39.3233	51.9335	-12.5786	-3.6913	1.0303	-3.2199	-0.3752	0.2534	-0.5628	0.6916	-2.0576	-0.8773	0.7192	0.7039	-7.8867	5.7859	1.059310910775043	0	4	8	Walk	Normal
1.1881	-8.8867	6.9713	65.5806	-4.5565	75.9909	42.0903	49.0282	-6.0986	0.8663	0.0428	2.9302	-0.4470	0.3068	-0.5001	0.6752	-2.9918	-2.6467	0.8033	0.3219	-8.9295	4.0411	3.4502096540408456	0	4	8	Walk	Normal
1.0349	-12.4493	1.6466	78.6017	-9.7310	72.7260	48.6922	45.1299	-1.4335	0.7075	-2.8359	-0.2632	-0.5471	0.3213	-0.4139	0.6527	-0.6536	3.3028	0.1503	0.3274	-9.6133	1.9098	1.243178679542229	0	4	8	Walk	Normal
-1.7238	-9.4619	1.6472	77.6219	0.2416	77.7126	44.0647	43.4859	2.3963	-1.7148	0.1170	-0.4546	-0.4870	0.3945	-0.4899	0.6059	0.6993	2.4516	-0.2375	-0.0090	-9.5789	2.1018	-2.84261358563659	0	4	8	Walk	Normal
-1.1875	-13.2543	3.3710	81.4023	-1.7086	77.1173	41.9118	43.5083	3.3105	-1.2311	-3.5578	1.9058	-0.5169	0.3976	-0.4649	0.5988	-1.2544	-2.6499	0.6137	0.0435	-9.6965	1.4653	3.970039927434188	0	4	8	Run	Normal
1.6089	-7.2401	1.2641	79.4061	-0.3356	63.2560	48.3835	42.2870	0.8625	1.5984	2.3996	-0.5387	-0.5451	0.3331	-0.4019	0.6561	0.0665	-1.1841	0.2952	0.0105	-9.6397	1.8028	-6.204052721497824	0	4	8	Run	Normal
-0.9577	-9.9599	1.1492	80.1336	-1.0978	69.7731	48.3123	42.8940	1.0097	-0.9897	-0.2981	-0.5303	-0.5322	0.3622	-0.4326	0.6312	0.1635	1.8072	-0.3728	0.0320	-9.6618	1.6795	2.547950063770738	0	4	8	Walk	Normal
-1.0720	-9.9593	1.7232	80.1097	-1.4132	71.7233	45.5490	43.6126	1.5404	-1.1135	-0.2982	0.0395	-0.5270	0.3693	-0.4419	0.6249	-0.0996	-0.1422	0.0107	0.0414	-9.6611	1.6837	0.09235233589103942	0	4	8	Upright	Normal
0.2682	-9.1554	1.4174	79.6517	-0.2284	68.8043	46.9608	43.4842	0.7175	0.2613	0.4919	-0.3439	-0.5293	0.3606	-0.4329	0.6344	-0.0304	0.1667	-0.0969	0.0069	-9.6473	1.7612	-0.8956188760232298	0	0	9	Upright	Normal
-0.5363	-9.4619	1.6472	80.0937	-2.4048	73.5987	46.6795	43.4193	1.0538	-0.6069	0.1987	-0.0383	-0.5247	0.3725	-0.4476	0.6209	-0.1369	0.4117	-0.0798	0.0706	-9.6606	1.6855	0.35082024173066273	0	0	9	Upright	Normal
0.3454	-9.1165	1.6083	80.1222	-1.6413	72.1025	45.9212	43.5364	1.6023	0.2973	0.5450	-0.0727	-0.5268	0.3699	-0.4429	0.6241	-0.0048	0.0271	-0.0116	0.0480	-9.6615	1.6810	-0.35545047631450366	0	0	9	Upright	Normal
0.0766	-9.6151	1.5706	80.0435	-4.0124	75.5044	46.3082	43.8009	1.2667	-0.0419	0.0440	-0.1206	-0.5246	0.3723	-0.4508	0.6189	0.0218	0.3669	-0.1288	0.1185	-9.6591	1.6912	0.4791135963380224	0	0	9	Upright	Normal
0.0006	-9.3464	1.6466	79.7252	-3.5576	75.5150	45.4938	44.0075	1.6276	-0.1077	0.3033	-0.0983	-0.5211	0.3735	-0.4541	0.6187	0.0165	0.0218	0.0182	0.1083	-9.6497	1.7449	-0.25249652050415605	0	0	9	Upright	Normal
0.4986	-9.4613	1.7232	79.9306	-4.6801	76.1914	45.3519	43.7801	1.2119	0.3588	0.1944	0.0147	-0.5244	0.3714	-0.4518	0.6188	-0.0538	-0.0603	-0.0574	0.1398	-9.6557	1.7086	0.13952397998160038	0	0	9	Upright	Normal
0.3454	-9.5379	1.9148	79.8787	-6.9485	78.9928	45.2509	44.3225	1.7974	0.1371	0.1163	0.2047	-0.5240	0.3717	-0.4567	0.6153	0.0143	-0.0762	-0.0436	0.2083	-9.6542	1.7101	0.10447530984022002	0	0	9	Upright	Normal
0.0766	-9.0788	1.7621	79.2637	-6.2872	78.3021	45.3496	44.1959	1.2375	-0.1233	0.5564	-0.0533	-0.5206	0.3694	-0.4584	0.6184	0.0356	-0.2808	0.0321	0.1999	-9.6352	1.8154	-0.48579676061697263	0	0	9	Upright	Normal
0.1155	-9.1931	2.1063	79.2336	-8.3547	80.9102	44.9809	44.1396	1.5730	-0.1505	0.4410	0.2942	-0.5203	0.3700	-0.4632	0.6147	-0.0453	0.1720	-0.0681	0.2661	-9.6341	1.8121	0.1834769115153616	0	0	9	Upright	Normal
0.2304	-9.3464	1.8381	78.8885	-7.9783	80.5283	44.8124	44.0694	1.7641	-0.0316	0.2767	-0.0328	-0.5184	0.3687	-0.4642	0.6164	0.1113	0.1656	0.0129	0.2620	-9.6230	1.8709	0.09619955503664634	1	0	10	Upright	Normal
0.3454	-9.3081	1.9531	78.9375	-7.2662	79.3773	44.8735	44.1391	0.9729	0.1074	0.3165	0.0866	-0.5194	0.3675	-0.4610	0.6186	0.0048	-0.0740	0.0384	0.2379	-9.6245	1.8664	-0.011145640644720345	1	0	10	Upright	Normal
0.5369	-9.3081	1.9531	79.1301	-5.7323	76.5371	45.2601	44.7723	1.5510	0.3522	0.3228	0.1133	-0.5233	0.3637	-0.4519	0.6242	-0.0506	-0.3606	0.1290	0.1847	-9.6308	1.8398	0.008872568250072987	1	0	10	Upright	Normal
-0.0377	-9.2698	2.1446	79.5180	-7.4331	78.7621	45.0914	43.9586	2.3548	-0.2683	0.3735	0.3763	-0.5249	0.3665	-0.4547	0.6192	-0.1028	0.1571	-0.0638	0.2306	-9.6432	1.7683	-0.01122105766619974	1	0	10	Upright	Normal
0.2304	-9.4996	1.8765	79.1159	-6.3937	76.5524	45.2001	44.0183	2.0806	0.0244	0.1308	0.0365	-0.5258	0.3601	-0.4490	0.6263	0.1241	-0.1795	0.0651	0.2061	-9.6304	1.8399	0.1711829000728784	1	0	10	Upright	Normal
0.1921	-9.3081	1.6849	78.6460	-5.4526	75.2834	45.9581	43.8903	1.3841	0.0088	0.3068	-0.2366	-0.5237	0.3575	-0.4480	0.6302	0.0367	-0.0229	0.0171	0.1833	-9.6148	1.9215	-0.22458783637322632	1	0	10	Upright	Normal
0.3831	-9.1554	1.9920	78.8599	-5.9507	75.0815	46.1398	44.4341	1.0952	0.1869	0.4666	0.1080	-0.5274	0.3547	-0.4439	0.6317	-0.0933	-0.2115	0.0001	0.1962	-9.6220	1.8839	-0.0838870962149727	1	0	10	Upright	Normal
0.3065	-9.3087	2.1069	78.8281	-7.3463	76.2741	46.1176	43.5169	1.5096	0.0636	0.3123	0.2225	-0.5289	0.3524	-0.4441	0.6315	0.0101	-0.1060	-0.0287	0.2429	-9.6209	1.8844	0.17164681193076703	1	0	10	Upright	Normal
0.2298	-9.1554	2.1835	78.3245	-6.2140	74.6108	46.9698	43.8999	1.4037	0.0151	0.4485	0.2108	-0.5271	0.3488	-0.4420	0.6366	0.0538	-0.3990	0.0747	0.2147	-9.6039	1.9727	-0.1340970237928616	1	0	10	Upright	Normal
0.3831	-9.5002	1.7238	78.4327	-7.4826	75.6304	46.1950	44.3835	0.7771	0.1272	0.1074	-0.2252	-0.5294	0.3469	-0.4414	0.6360	-0.0389	0.2210	-0.0489	0.2559	-9.6076	1.9490	0.24794249205919705	1	0	10	Upright	Normal
0.0000	-9.2320	2.1835	78.6810	-6.9862	74.2930	46.4721	44.6660	0.2645	-0.2339	0.3841	0.2737	-0.5328	0.3446	-0.4354	0.6386	-0.0048	-0.3117	0.0576	0.2339	-9.6162	1.9098	0.24794249205919705	1	0	11	Upright	Normal
0.1538	-9.2698	2.1829	78.5568	-7.7162	75.1082	47.6073	43.9518	0.1922	-0.1073	0.3421	0.2550	-0.5325	0.3437	-0.4370	0.6382	0.0005	0.0388	-0.0255	0.2611	-9.6118	1.9279	-0.13832717481529855	2	0	11	Upright	Normal
0.0006	-9.5379	2.0297	78.3224	-8.5059	75.7361	47.2140	43.2480	0.3283	-0.2928	0.0658	0.0667	-0.5325	0.3412	-0.4377	0.6392	-0.0230	0.2529	-0.0361	0.2934	-9.6037	1.9629	0.22687803959525965	2	0	11	Upright	Normal
0.3071	-9.5379	1.6083	78.0405	-7.6030	74.2824	47.1702	44.4073	0.2471	0.0385	0.0561	-0.4052	-0.5319	0.3383	-0.4348	0.6431	0.0708	-0.1625	0.0193	0.2686	-9.5940	2.0135	-0.07405174205789855	2	0	11	Upright	Normal
0.1921	-9.2314	1.9531	78.4002	-7.6915	74.6448	47.6260	44.0858	-0.1331	-0.0715	0.3751	-0.0003	-0.5330	0.3410	-0.4351	0.6405	-0.1060	-0.1391	0.0054	0.2637	-9.6066	1.9534	-0.23971781643242274	2	0	11	Upright	Normal
0.2304	-9.2698	1.9914	78.5374	-7.7921	74.6957	47.1577	43.9688	0.3151	-0.0335	0.3415	0.0611	-0.5339	0.3413	-0.4344	0.6401	-0.0304	-0.0134	-0.0191	0.2640	-9.6112	1.9303	0.04638642641459079	2	0	11	Upright	Normal
0.1921	-9.3464	2.0297	78.5485	-7.0602	74.0830	47.5665	44.1646	0.2999	-0.0468	0.2653	0.0983	-0.5331	0.3426	-0.4343	0.6402	0.0324	-0.1188	0.0374	0.2390	-9.6117	1.9314	0.08208959750125011	2	0	11	Upright	Normal
0.1921	-9.4230	1.9531	78.7083	-7.3889	74.8026	47.6298	44.4192	0.5579	-0.0548	0.1939	0.0489	-0.5330	0.3448	-0.4362	0.6378	-0.0411	0.1997	-0.0159	0.2469	-9.6169	1.9041	0.05901893871287811	2	0	11	Upright	Normal
0.4220	-9.2698	1.7998	78.7894	-7.0068	74.1014	46.9501	43.9563	1.0673	0.1896	0.3499	-0.0920	-0.5340	0.3440	-0.4338	0.6390	-0.0283	-0.0666	0.0193	0.2324	-9.6196	1.8919	-0.17286712355327083	2	0	11	Upright	Normal
0.2687	-9.3081	1.9531	78.9416	-7.5393	74.9358	47.1529	44.4719	0.6175	0.0221	0.3166	0.0887	-0.5343	0.3456	-0.4354	0.6368	-0.0315	-0.0006	-0.0148	0.2466	-9.6247	1.8643	0.06226419616371892	2	0	11	Upright	Normal
0.2304	-9.2698	1.7998	78.9038	-7.4188	75.2332	47.0891	44.1453	0.4302	-0.0132	0.3537	-0.0715	-0.5328	0.3475	-0.4378	0.6354	-0.0059	0.0837	-0.0106	0.2436	-9.6235	1.8714	-0.06887862735784012	2	0	11	Upright	Normal
0.1915	-9.3087	1.8387	79.0834	-7.5328	75.3664	46.9026	44.2889	0.2882	-0.0518	0.3207	-0.0019	-0.5337	0.3483	-0.4373	0.6345	-0.0453	0.0038	-0.0053	0.2433	-9.6293	1.8407	0.04477236546183683	3	0	12	Upright	Normal
0.1538	-9.4230	1.7998	79.2118	-7.5299	75.7401	47.1610	43.6510	0.4465	-0.0866	0.2104	-0.0196	-0.5332	0.3506	-0.4389	0.6326	-0.0059	0.0954	-0.0074	0.2405	-9.6334	1.8194	0.10408618088283639	3	0	12	Upright	Normal
0.2687	-9.4996	1.7232	79.3953	-7.3224	75.4658	46.4722	44.1676	0.7842	0.0388	0.1396	-0.0666	-0.5342	0.3512	-0.4377	0.6322	-0.0528	-0.0335	0.0128	0.2300	-9.6392	1.7898	0.0637905578400293	3	0	12	Upright	Normal
0.1921	-9.3464	1.9148	79.4919	-7.9228	76.3443	46.0019	43.7890	0.5058	-0.0542	0.2960	0.1438	-0.5343	0.3525	-0.4393	0.6303	-0.0336	0.0112	-0.0085	0.2463	-9.6423	1.7710	-0.11590471368219468	3	0	12	Upright	Normal
0.1915	-9.4236	1.7238	79.4431	-7.7009	76.3743	46.4526	44.0440	0.3214	-0.0489	0.2173	-0.0560	-0.5331	0.3536	-0.4407	0.6297	0.0111	0.0890	-0.0106	0.2405	-9.6409	1.7798	0.0394178156899212	3	0	12	Upright	Normal
0.2298	-9.3470	1.7238	79.5530	-7.5386	76.3026	46.3316	44.4638	0.8773	-0.0033	0.2972	-0.0389	-0.5332	0.3546	-0.4407	0.6290	-0.0283	-0.0069	0.0064	0.2331	-9.6441	1.7627	-0.07447601448143004	3	0	12	Upright	Normal
0.1915	-9.3853	1.7238	79.7127	-7.5933	76.5856	46.5093	44.6354	0.9098	-0.0397	0.2640	-0.0115	-0.5334	0.3564	-0.4414	0.6274	-0.0453	0.0336	-0.0053	0.2312	-9.6492	1.7353	0.036810686110497315	3	0	12	Upright	Normal
0.3065	-9.3470	1.8004	79.8098	-7.5214	76.4033	46.2738	44.4889	1.3496	0.0795	0.3051	0.0808	-0.5342	0.3564	-0.4403	0.6275	0.0080	0.0069	0.0033	0.2270	-9.6521	1.7196	-0.020464424504103462	3	0	12	Upright	Normal
0.1921	-9.4996	1.6849	79.7906	-8.0669	77.2328	46.1512	44.1225	0.7368	-0.0516	0.1519	-0.0358	-0.5336	0.3572	-0.4424	0.6261	-0.0187	0.0826	-0.0319	0.2438	-9.6515	1.7207	0.12602818978960428	3	0	12	Upright	Normal
0.3071	-9.3464	1.7232	79.7804	-7.3687	76.5553	46.2133	44.2370	1.1097	0.0839	0.3048	-0.0021	-0.5329	0.3578	-0.4420	0.6266	0.0090	-0.0857	0.0235	0.2231	-9.6512	1.7253	-0.14089041888757947	4	0	13	Upright	Normal
0.1921	-9.2314	1.8381	79.8854	-7.9024	77.3242	46.0391	44.4924	1.4422	-0.0444	0.4230	0.1329	-0.5331	0.3589	-0.4433	0.6248	-0.0219	0.0251	-0.0095	0.2366	-9.6545	1.7053	-0.09431017363425909	4	0	13	Upright	Normal
0.3454	-9.4230	1.6849	79.8794	-7.9224	77.2360	46.0432	44.0883	0.5151	0.1080	0.2312	-0.0215	-0.5335	0.3584	-0.4427	0.6253	-0.0070	0.0741	-0.0053	0.2373	-9.6542	1.7065	0.16410420562752037	4	0	13	Upright	Normal
0.2304	-9.3847	1.7232	80.0870	-7.6273	76.8659	45.9125	44.1961	0.1741	0.0064	0.2756	0.0501	-0.5345	0.3591	-0.4413	0.6250	-0.0581	-0.0367	0.0267	0.2240	-9.6603	1.6731	-0.03430579571623227	4	0	13	Upright	Normal
0.3454	-9.4230	1.8381	80.0761	-8.1735	77.4253	45.9279	43.7373	0.9221	0.1053	0.2372	0.1658	-0.5348	0.3588	-0.4418	0.6245	-0.0006	0.0251	-0.0223	0.2400	-9.6602	1.6723	0.06243763878450004	4	0	13	Upright	Normal
0.2687	-9.3847	1.6849	79.8930	-8.0258	77.3573	45.6059	44.0225	1.2470	0.0286	0.2699	-0.0189	-0.5335	0.3584	-0.4429	0.6251	0.0143	-0.0218	0.0033	0.2402	-9.6546	1.7038	-0.06827607795762347	4	0	13	Upright	Normal
0.1149	-9.4236	1.7621	79.9628	-8.1278	77.6956	46.1077	44.4819	1.0768	-0.1266	0.2331	0.0703	-0.5332	0.3597	-0.4440	0.6238	-0.0272	0.0485	-0.0063	0.2415	-9.6567	1.6918	0.04908254706667847	4	0	13	Upright	Normal
0.3065	-9.5002	1.6855	79.9760	-7.7177	77.1246	46.5693	44.2228	0.7352	0.0775	0.1570	-0.0051	-0.5335	0.3594	-0.4427	0.6246	-0.0208	0.0208	0.0001	0.2289	-9.6572	1.6906	0.06580820688635214	4	0	13	Upright	Normal
0.1915	-9.3470	1.8004	80.0852	-8.0830	77.6980	46.2657	44.0742	0.9112	-0.0456	0.3135	0.1296	-0.5337	0.3606	-0.4437	0.6231	-0.0410	0.0155	-0.0042	0.2372	-9.6605	1.6709	-0.13268549059658596	4	0	13	Upright	Normal
0.1915	-9.3853	1.8387	79.9154	-7.4165	77.1502	46.5090	44.1335	1.1079	-0.0301	0.2699	0.1360	-0.5319	0.3609	-0.4445	0.6239	0.0687	0.0027	0.0182	0.2216	-9.6552	1.7027	0.04489152690863918	4	0	13	Upright	Normal
0.1532	-9.3853	1.6089	79.8624	-7.8087	78.0294	45.6747	44.3838	0.9509	-0.0811	0.2684	-0.1009	-0.5304	0.3626	-0.4476	0.6219	-0.0506	0.1529	-0.0308	0.2343	-9.6537	1.7098	-0.042194867469124375	5	0	14	Upright	Normal
0.2682	-9.3470	1.7621	80.0500	-7.4709	77.2359	46.0301	44.3687	1.1132	0.0482	0.3124	0.0829	-0.5326	0.3616	-0.4442	0.6231	-0.0379	-0.0889	0.0214	0.2200	-9.6594	1.6792	-0.008012061389118585	5	0	14	Upright	Normal
0.0772	-9.3847	1.7615	80.0101	-8.0341	78.1473	45.4690	44.3747	0.5884	-0.1604	0.2734	0.0775	-0.5317	0.3626	-0.4467	0.6216	0.0005	0.0527	-0.0191	0.2376	-9.6581	1.6840	0.0334705801616515	5	0	14	Upright	Normal
0.1921	-9.4230	1.6083	79.8829	-7.3783	77.3737	45.6798	44.1523	0.9093	-0.0289	0.2313	-0.0995	-0.5309	0.3620	-0.4460	0.6230	0.0165	-0.0303	0.0150	0.2210	-9.6543	1.7078	0.012298930339147418	5	0	14	Upright	Normal
0.1538	-9.4230	1.7232	80.0365	-7.4985	77.5151	46.1235	44.6128	0.7941	-0.0675	0.2358	0.0412	-0.5317	0.3627	-0.4456	0.6222	-0.0410	-0.0303	0.0064	0.2213	-9.6588	1.6821	0.019305568374960558	5	0	14	Upright	Normal
0.3065	-9.3470	1.6855	80.0921	-7.3429	77.1778	45.7771	44.9455	0.7759	0.0910	0.3136	0.0126	-0.5325	0.3622	-0.4443	0.6228	-0.0123	-0.0037	-0.0021	0.2155	-9.6606	1.6729	-0.07780372704223382	5	0	14	Upright	Normal
0.1915	-9.3087	1.7621	80.0123	-7.5286	77.3933	45.9425	44.6704	0.9077	-0.0313	0.3494	0.0762	-0.5321	0.3618	-0.4449	0.6229	0.0101	-0.0282	-0.0096	0.2228	-9.6581	1.6860	-0.02675148351331913	5	0	14	Upright	Normal
0.1149	-9.4236	1.8004	79.8294	-7.5742	77.5830	45.8000	44.3554	1.1478	-0.1131	0.2291	0.0845	-0.5308	0.3617	-0.4464	0.6230	0.0367	-0.0165	-0.0096	0.2280	-9.6527	1.7159	0.1187858079503119	5	0	14	Upright	Normal
0.2298	-9.5385	1.6472	79.7362	-7.8379	78.0010	45.8106	44.1325	1.2637	-0.0084	0.1113	-0.0835	-0.5300	0.3617	-0.4478	0.6226	-0.0165	0.0475	-0.0149	0.2382	-9.6498	1.7307	0.0876775207594207	5	0	14	Upright	Normal
0.3448	-9.3853	1.8004	79.9578	-7.9854	77.8413	46.2544	44.5366	1.2874	0.1074	0.2713	0.1074	-0.5322	0.3612	-0.4454	0.6228	-0.0410	-0.0399	0.0032	0.2373	-9.6566	1.6930	-0.11976466466520641	5	0	14	Upright	Normal
0.1921	-9.4230	1.7998	79.7752	-7.5739	77.5580	45.6414	43.9707	0.9227	-0.0371	0.2280	0.0750	-0.5306	0.3613	-0.4465	0.6234	0.0250	-0.0357	0.0128	0.2292	-9.6510	1.7249	0.03262049512469822	6	0	15	Upright	Normal
0.3065	-9.4236	1.7621	79.7878	-7.6703	77.6008	45.5357	44.4665	0.9316	0.0747	0.2279	0.0398	-0.5309	0.3610	-0.4462	0.6234	-0.0442	-0.0240	0.0011	0.2318	-9.6515	1.7223	-0.003436615189066572	6	0	15	Upright	Normal
0.2682	-9.3087	1.8387	79.9083	-7.7819	77.5683	45.7643	44.5248	1.4910	0.0356	0.3464	0.1363	-0.5320	0.3608	-0.4451	0.6235	-0.0272	-0.0336	0.0001	0.2325	-9.6551	1.7024	-0.09948251481469406	6	0	15	Upright	Normal
0.2304	-9.3081	1.8381	79.6815	-7.7643	77.6658	45.5888	44.3671	1.5923	-0.0067	0.3401	0.0977	-0.5305	0.3603	-0.4466	0.6239	0.0378	0.0101	0.0033	0.2372	-9.6482	1.7404	-0.0016973626981435785	6	0	15	Upright	Normal
0.2298	-9.3853	1.7238	79.7323	-7.8175	77.7921	46.1718	44.4703	1.2214	-0.0076	0.2646	-0.0073	-0.5306	0.3609	-0.4468	0.6234	-0.0506	-0.0442	0.0022	0.2375	-9.6498	1.7312	0.054409740991646416	6	0	15	Upright	Normal
0.3065	-9.4236	1.7621	79.9166	-8.0547	77.8922	46.1778	44.6714	0.6073	0.0661	0.2318	0.0628	-0.5321	0.3609	-0.4456	0.6230	-0.0187	0.0091	0.0032	0.2403	-9.6554	1.6993	0.04677013652119122	6	0	15	Upright	Normal
0.2304	-9.3081	1.7615	79.8929	-8.0203	77.8607	46.1588	44.6233	0.5551	-0.0096	0.3466	0.0578	-0.5319	0.3608	-0.4456	0.6231	-0.0091	0.0027	-0.0085	0.2400	-9.6546	1.7038	-0.11571737323743214	6	0	15	Upright	Normal
0.1532	-9.4619	1.7621	79.9029	-7.9795	77.8160	46.0161	43.9887	1.0711	-0.0853	0.1930	0.0596	-0.5320	0.3608	-0.4455	0.6231	0.0005	-0.0175	0.0043	0.2385	-9.6549	1.7026	0.1496879725990361	6	0	15	Upright	Normal
0.2687	-9.3464	1.7615	79.8805	-7.8562	77.7202	45.9832	44.8179	1.2096	0.0334	0.3078	0.0548	-0.5317	0.3610	-0.4457	0.6232	-0.0059	0.0070	0.0053	0.2354	-9.6542	1.7068	-0.11105924258782274	6	0	15	Upright	Normal
0.1921	-9.2698	1.7615	79.9131	-7.9385	77.8866	46.1885	44.9063	1.0663	-0.0450	0.3855	0.0605	-0.5316	0.3614	-0.4461	0.6227	-0.0293	0.0368	-0.0117	0.2372	-9.6552	1.7011	-0.07710376727827573	6	0	15	Upright	Normal
0.3065	-9.4236	1.6472	79.8854	-8.3514	78.3237	45.5148	44.8096	0.5862	0.0566	0.2309	-0.0558	-0.5317	0.3611	-0.4466	0.6224	-0.0059	0.0901	-0.0309	0.2499	-9.6545	1.7030	0.13375071922850523	7	0	16	Upright	Normal
Total time: 16 seconds.
