0.3837	-9.6911	1.0720	79.7359	-33.9689	-3.1020	10.0398	26.7880	13.1344	-0.5923	-0.0412	-0.3765	-0.6068	-0.2407	0.2071	0.7287	0.0365	-0.2934	-0.1077	0.9759	-9.6500	1.4485	-0.133115549149446	6	0	1	Upright	Normal
0.3837	-10.6488	-0.0772	79.3503	-36.2997	-0.7792	9.3250	27.2030	12.6289	-0.6889	-1.0110	-1.5375	-0.6050	-0.2439	0.2039	0.7300	0.1941	0.2488	-0.2611	1.0726	-9.6379	1.4603	0.8982325951189676	6	0	1	Upright	Normal
2.9503	-13.8666	0.0760	83.3329	-120.6976	73.8000	10.8102	25.8573	13.3296	1.9722	-4.1261	0.6568	-0.6528	-0.3216	0.2402	0.6424	-2.0344	-0.9517	0.5261	0.9780	-9.7405	-0.5807	3.5211973099560936	6	0	1	Upright	Normal
0.5752	-7.2395	1.3018	82.1221	-163.4267	108.0396	16.2317	22.3439	15.4632	0.1921	2.4749	2.5892	-0.6594	-0.3617	0.2939	0.5899	-0.3609	-0.9901	0.3781	0.3831	-9.7143	-1.2873	-6.7991185964651715	6	0	1	Upright	Normal
-1.9914	-8.8484	-2.5672	78.0984	154.1484	145.8634	19.1731	20.3876	13.6648	-1.1099	0.7477	-0.7477	-0.6822	-0.3569	0.3463	0.5360	-0.7007	0.9444	0.7988	-0.8815	-9.5961	-1.8194	2.047978839615822	6	0	1	Upright	Normal
-0.5363	-10.3046	-4.9033	72.1370	156.0381	148.6361	19.4748	16.4740	16.6291	0.6852	-0.9704	-2.1549	-0.7282	-0.3314	0.3172	0.5092	-0.7507	0.8677	0.7286	-1.2215	-9.3342	-2.7484	1.9982572805865129	6	0	1	Upright	Normal
-0.4980	-6.6272	-3.7924	69.7331	160.7044	149.7076	18.2308	15.0416	18.4695	0.6244	2.5726	-0.5866	-0.7557	-0.3038	0.2800	0.5081	0.5489	0.2627	-0.0970	-1.1224	-9.1997	-3.2058	-3.7725023642339304	6	0	1	Upright	Normal
0.7278	-5.1332	-2.6815	79.8447	147.2758	153.1027	18.8387	16.3690	15.8500	1.6622	4.5201	-1.2275	-0.6736	-0.3469	0.3533	0.5487	2.5026	-4.2253	-0.6648	-0.9343	-9.6533	-1.4540	-1.8148616767753598	6	0	1	Upright	Normal
0.6512	-8.4659	3.7924	84.2415	132.3754	159.0108	19.8689	18.9302	9.2501	1.3770	1.2915	4.4546	-0.6179	-0.3898	0.4062	0.5489	0.4125	-0.4042	-0.7426	-0.7257	-9.7574	-0.6621	3.462404700457559	6	0	1	Upright	Normal
0.5746	-16.2423	-0.5363	85.8658	-98.1629	29.2778	17.7703	21.3081	7.1276	-0.1235	-6.4609	-0.4360	-0.5715	-0.4225	0.3769	0.5940	0.3401	1.0030	-1.5095	0.6981	-9.7814	-0.1003	6.961961045007591	6	1	2	Jump	Normal
-4.7884	-13.9821	2.7581	72.1070	-21.7947	-38.7720	13.1075	24.6897	5.4127	-5.9069	-4.6497	-0.0391	-0.4944	-0.3360	0.3685	0.7119	3.6573	-2.4985	0.0927	1.1185	-9.3324	2.7972	-1.226846232070148	6	1	2	PT	Normal
-4.8644	-5.6306	0.8039	78.0649	-41.6916	-38.6890	11.7538	24.9743	-0.8476	-6.2130	3.9643	-0.7100	-0.4637	-0.4558	0.4519	0.6107	-3.8400	-0.6162	1.3550	1.3485	-9.5949	1.5139	-7.5503239860435825	6	1	2	Jump	Normal
-2.7581	-0.6895	0.8811	80.5604	143.8880	152.5491	14.5761	22.3343	6.3688	-1.8106	8.9845	2.1799	-0.6571	-0.3667	0.3755	0.5411	-2.1324	0.9615	1.6767	-0.9475	-9.6741	-1.2989	-4.507752157073699	6	1	2	Jump	Normal
-4.5580	-15.8586	-8.3516	67.7813	98.5298	173.3815	20.9790	18.4504	4.8653	-0.8906	-6.7801	-7.8015	-0.6069	-0.3996	0.5652	0.3905	0.2794	1.5900	2.2829	-3.6673	-9.0785	-0.5501	15.51739214746337	6	1	2	Jump	Normal
-0.8811	-0.8045	3.6392	70.3232	121.8703	167.2965	22.6277	15.6000	5.7682	1.9230	8.4297	5.3826	-0.6792	-0.3571	0.4504	0.4563	0.4115	2.7469	-1.9793	-2.8041	-9.2341	-1.7434	-14.663980860288614	6	1	2	Jump	Normal
3.2950	-4.6729	-4.8273	81.3258	172.2838	119.7334	15.9021	20.6024	10.7526	3.4936	5.0217	-3.3616	-0.6325	-0.4179	0.3705	0.5367	-0.3725	0.4598	-1.8712	-0.1986	-9.6946	-1.4657	3.6532417965726385	6	1	2	Jump	Normal
1.9543	-19.5361	3.0257	77.8754	135.6099	140.5072	17.1967	21.3770	6.9853	3.3950	-9.9481	4.4974	-0.5976	-0.4668	0.4731	0.4484	-2.3539	-0.2785	1.2244	-1.4407	-9.5880	-1.4717	12.382343810473246	6	1	2	Jump	Normal
-3.7924	-18.2342	7.8913	79.8565	-136.1057	87.2225	13.9135	20.1780	12.2216	-4.9892	-8.5807	9.1354	-0.6643	-0.3495	0.2334	0.6181	3.0672	4.4939	-0.5151	1.1968	-9.6536	-1.2441	0.3618516856583014	0	1	2	Upright	Normal
5.0949	-17.6596	-17.3149	74.2017	-42.0123	-10.4569	7.7726	23.1637	8.6097	3.3082	-8.2232	-19.2982	-0.5347	-0.3360	0.2832	0.7217	-0.6250	-0.6385	-1.4238	1.7867	-9.4364	1.9833	5.024008676697342	0	0	2	Upright	Normal
-4.8261	0.1921	-1.7244	83.9856	-109.4816	56.9470	6.1075	23.3887	7.4237	-5.7938	9.9449	-1.3821	-0.6288	-0.3493	0.2757	0.6376	-2.9388	-1.5398	2.5187	0.9677	-9.7528	-0.3424	-20.122723408303532	0	1	3	Jump	Normal
-10.5339	-19.6127	7.6225	70.3178	143.7891	-179.9388	10.8545	16.7132	14.5733	-8.5826	-10.3789	10.2876	-0.7772	-0.1785	0.2538	0.5475	-1.5166	2.2451	2.0744	-1.9513	-9.2338	-2.6650	18.402812973795914	0	1	3	Jump	Normal
12.6414	-17.9655	-4.1372	73.3695	131.7584	-171.3333	11.5441	13.2376	16.7115	14.7347	-8.5688	-2.2682	-0.7483	-0.1881	0.2856	0.5685	1.9838	-0.3030	1.4715	-2.0933	-9.3966	-1.8690	-1.1777941906000784	0	1	3	PT	Normal
2.2990	-0.8039	-1.3030	76.5038	179.9192	157.3281	8.4466	13.5972	16.3058	2.3023	8.7321	0.9857	-0.7699	-0.1548	0.1222	0.6069	-0.2106	2.5679	-1.9843	-0.0033	-9.5360	-2.2887	-19.591388215900906	0	1	3	Jump	Normal
-0.9954	-4.9793	2.1446	76.8164	178.3973	160.0217	2.7086	13.7352	17.7197	-0.9328	4.5690	4.3800	-0.7701	-0.1445	0.1185	0.6099	0.8557	-1.0359	1.9945	-0.0625	-9.5484	-2.2354	2.7499796591678396	0	1	3	PT	Normal
1.8777	-10.2274	1.3018	74.4391	-170.9801	156.9675	3.4287	12.4601	17.8182	1.4654	-0.7799	3.8994	-0.7873	-0.1119	0.0590	0.6034	-1.0735	4.6601	-1.9076	0.4123	-9.4475	-2.5976	4.967382523649792	0	1	3	Jump	Normal
0.1921	-19.4212	6.1286	79.7065	-43.3045	31.8019	-1.7520	16.3519	14.6833	-1.0096	-9.7722	4.8535	-0.6504	-0.1092	0.0319	0.7510	5.7026	-0.6396	-0.4891	1.2017	-9.6489	1.2751	9.886628780841995	0	1	3	Jump	Normal
-5.4779	-4.0606	-7.0868	76.1261	-69.1339	64.4604	-4.0995	19.0276	10.8078	-7.6749	5.4601	-7.9242	-0.6677	-0.1071	-0.0499	0.7350	-2.8312	-0.6268	-0.4560	2.1970	-9.5207	0.8374	-10.531578373688793	0	1	3	Jump	Normal
-7.4699	-3.0263	0.0383	76.6090	-160.2021	166.9686	-3.6752	15.0882	16.3811	-8.2389	6.5140	2.1747	-0.7801	0.0182	-0.0647	0.6220	-3.3106	3.4979	1.1791	0.7690	-9.5403	-2.1364	-1.7748238999024935	0	1	3	PT	Normal
5.8227	-19.6133	9.5385	71.2865	160.3054	-156.8344	-3.5875	11.6145	19.6085	6.8829	-10.3248	12.5003	-0.8044	0.0631	0.0209	0.5904	1.4820	-1.4141	3.4577	-1.0602	-9.2885	-2.9618	14.513883623664837	0	1	3	Jump	Normal
0.0383	-1.9154	3.2561	72.2608	162.9939	-148.3189	0.6388	12.3470	19.1138	0.9123	7.4250	6.1134	-0.7923	0.1342	-0.0443	0.5936	0.5212	1.9447	-1.3860	-0.8740	-9.3404	-2.8573	-18.795736523614654	0	2	4	Jump	Normal
1.8777	1.9160	-10.4202	71.2227	-149.8551	172.5633	-5.6773	12.5588	19.3059	0.2925	11.2008	-7.6905	-0.7932	0.1002	-0.1745	0.5748	-0.9467	2.6158	-0.3887	1.5851	-9.2849	-2.7297	6.982105714806585	0	2	4	Jump	Normal
9.9222	-19.2679	9.9593	75.7885	179.2395	-164.3563	-5.3211	13.0805	18.3506	9.9542	-9.7613	12.3667	-0.7823	0.1034	-0.0784	0.6092	-2.4179	0.8369	-0.0990	-0.0320	-9.5066	-2.4074	13.091418645364335	0	2	4	Jump	Normal
2.1841	-18.5018	4.9410	73.4782	-140.8508	165.4692	-5.3782	11.3998	19.2146	0.4236	-9.0999	7.1037	-0.7743	0.1033	-0.1951	0.5930	1.7782	3.3051	-0.2833	1.7605	-9.4019	-2.1627	-4.577063267224556	0	2	4	Jump	Normal
-7.6614	-11.3772	-14.8632	72.6462	-54.5970	74.8890	-9.5107	16.8383	12.0192	-10.0452	-2.0168	-16.5574	-0.6426	0.0267	-0.2196	0.7336	-1.2237	-0.5853	-0.7317	2.3837	-9.3604	1.6942	0.9506995687868809	0	2	4	PT	Normal
-6.2052	-2.4511	-3.0269	82.1526	-137.0817	156.9957	-8.1955	15.1582	14.3745	-7.1166	7.2639	-2.0466	-0.7354	0.0957	-0.1483	0.6542	-2.5873	0.3021	3.1948	0.9114	-9.7149	-0.9803	-12.898755120117546	0	2	4	Jump	Normal
5.5935	-19.6127	11.8746	69.9818	176.9792	-143.7777	-8.4855	10.1048	18.3437	5.7705	-10.3985	15.2270	-0.7831	0.2402	-0.1577	0.5516	-1.3942	-4.3425	-1.5670	-0.1770	-9.2142	-3.3523	16.27352696454571	0	2	4	Jump	Normal
-3.9450	-3.2938	2.2212	69.2568	151.4115	-118.8589	-5.9230	7.9618	19.0408	-2.2830	5.8773	5.2708	-0.7579	0.2847	-0.1051	0.5775	0.1153	2.9248	0.6776	-1.6620	-9.1711	-3.0496	-18.00107843888309	0	2	4	Jump	Normal
3.8313	-1.5700	-0.8434	75.4734	-168.7945	-150.8220	-10.1903	8.3533	16.5756	3.3535	7.9233	1.5691	-0.7466	0.2561	-0.2281	0.5700	0.2815	1.9245	-2.1241	0.4778	-9.4933	-2.4125	-1.373210915901419	0	2	4	PT	Normal
1.9920	-5.8610	5.8227	74.1699	167.4843	-130.3344	-13.0359	7.8731	15.8559	2.5718	3.5738	8.4342	-0.7473	0.2734	-0.1728	0.5805	-2.4882	-0.6151	1.3668	-0.5798	-9.4348	-2.6115	4.272897022704855	0	2	4	Jump	Normal
0.9583	-19.6127	3.5620	71.4753	-160.0410	-154.4536	-12.2379	6.2031	17.4349	-0.1050	-10.3141	6.4905	-0.7573	0.2755	-0.2644	0.5299	0.8418	4.4534	0.0192	1.0633	-9.2986	-2.9286	11.458132314956819	0	3	5	Run	Normal
-2.2595	-11.6065	-17.4687	73.7792	-43.9993	87.6258	-17.3473	7.9531	11.0645	-4.1620	-2.1899	-19.4388	-0.6090	0.1691	-0.3511	0.6908	-0.9446	-3.7736	0.0053	1.9025	-9.4165	1.9701	1.1377946431260533	0	3	5	Walk	Normal
-3.2561	-1.3408	-0.1149	76.1120	-81.1971	124.6457	-18.5443	7.9817	11.2933	-5.5819	8.1793	-0.4751	-0.6712	0.1765	-0.3431	0.6329	-2.5223	-0.0739	0.2258	2.3258	-9.5201	0.3602	-17.571123866125742	0	3	5	Run	Normal
-7.5082	-5.4396	-1.2641	76.7823	-160.4676	-149.2969	-18.7652	6.1696	13.8559	-8.2578	4.1073	0.8492	-0.7170	0.3061	-0.2902	0.5550	-2.9015	4.0987	1.2953	0.7495	-9.5469	-2.1133	5.834136570565372	0	3	5	Run	Normal
12.4121	-12.2960	-2.4140	71.7273	161.7564	-110.7976	-19.2575	6.9257	13.5327	13.3748	-2.9836	0.5059	-0.7114	0.3779	-0.2227	0.5491	1.1561	-0.8463	1.6234	-0.9626	-9.3124	-2.9199	8.280073811612608	0	3	5	Run	Normal
3.2950	-0.6506	2.1063	74.7737	171.1733	-118.0205	-17.2362	9.7190	13.8894	3.6904	8.8119	4.6513	-0.7032	0.3678	-0.2593	0.5505	0.4637	0.5215	-1.5084	-0.3953	-9.4625	-2.5450	-13.672995388035599	0	3	5	Run	Normal
3.3716	-10.6871	-4.0229	73.5205	-159.1334	-127.4690	-22.9053	8.5794	7.4733	2.3809	-1.2831	-1.4235	-0.6586	0.4459	-0.3906	0.4636	1.8773	-4.2999	1.0312	0.9908	-9.4040	-2.5994	7.9420902121237935	0	3	5	Run	Normal
0.4220	-8.6568	5.2858	68.0386	-172.1882	-115.0255	-22.5759	9.4199	9.0713	-0.0763	0.4383	8.9191	-0.6770	0.4763	-0.3474	0.4405	-0.9670	3.0526	-0.7936	0.4983	-9.0951	-3.6334	-1.7547864622475355	0	3	5	Walk	Normal
-0.7655	-14.0582	0.9188	78.4159	-114.6784	-155.6075	-23.9167	8.4933	4.4333	-2.5548	-4.4511	1.7410	-0.5655	0.4713	-0.5212	0.4318	4.3157	-0.3658	0.2141	1.7892	-9.6070	-0.8223	3.9572282520207853	0	3	5	Run	Normal
-0.8428	-10.9559	-16.1656	76.1498	-65.9458	149.4124	-25.3934	8.2919	1.0514	-2.9863	-1.4343	-17.1224	-0.5497	0.3860	-0.5485	0.4979	-1.0320	-0.0718	-0.7350	2.1436	-9.5216	0.9568	5.437602437081775	0	3	5	Run	Normal
-5.2475	-6.2435	0.4208	73.4771	-128.8806	-129.6582	-24.7344	7.6653	1.9655	-7.4183	3.1584	2.1714	-0.5445	0.5411	-0.5424	0.3413	-3.2072	8.1403	0.6189	2.1708	-9.4019	-1.7506	-11.379899530611286	0	4	6	Run	Normal
3.2561	-18.3875	10.6877	65.8242	-169.9615	-82.5834	-21.1380	10.2509	-2.2698	2.5561	-9.4408	14.6425	-0.5161	0.6597	-0.4552	0.3020	-0.5079	-5.1542	1.3412	0.7000	-8.9467	-3.9548	13.34911443986978	0	4	6	Run	Normal
0.8428	-8.7340	0.8428	74.1472	160.9311	-48.8701	-17.5516	12.4367	-1.6228	1.7180	0.6997	3.3746	-0.4164	0.6751	-0.4866	0.3662	0.7918	2.2814	0.8042	-0.8752	-9.4338	-2.5319	-12.700839805574532	0	4	6	Run	Normal
4.4436	-2.7198	1.0726	75.4823	-144.3825	-86.3102	-15.7067	12.1862	-5.4186	3.0122	6.7738	3.0710	-0.3784	0.6773	-0.5906	0.2222	0.3028	3.8750	-2.8485	1.4314	-9.4936	-1.9984	-3.495801451092297	0	4	6	Walk	Normal
-2.0680	-11.9896	3.2555	75.3615	-139.5628	-77.0566	-12.7100	11.3154	-10.4894	-3.6752	-2.5012	5.1418	-0.2973	0.7126	-0.6191	0.1433	-1.3430	-2.2300	2.7824	1.6073	-9.4884	-1.8863	7.275507487037083	0	4	6	Run	Normal
0.0383	-4.6352	3.9073	72.6215	-176.5199	-50.0928	-12.8381	14.0950	-6.9481	-0.1393	4.7239	6.8310	-0.3247	0.7373	-0.5466	0.2284	0.0514	0.7058	0.3025	0.1776	-9.3591	-2.9236	-6.532188551606026	0	4	6	Run	Normal
0.0766	-9.8833	-0.1915	78.0418	-152.1105	-60.0799	-11.8824	14.9911	-6.1891	-0.8737	-0.2894	1.6044	-0.2461	0.7287	-0.6227	0.1438	2.7082	3.5458	0.3664	0.9503	-9.5939	-1.7960	3.822981954251823	0	4	6	Run	Normal
0.6895	-7.7764	-2.6432	83.3369	-54.7011	-148.7895	-8.5080	11.8299	-12.0546	-0.2391	1.9641	-3.3006	-0.1717	0.6611	-0.7212	0.1157	0.8834	0.4107	-0.2712	0.9287	-9.7405	0.6574	-1.6432241853521692	0	4	6	Walk	Normal
-1.2252	-10.7637	-0.8817	83.2645	-56.9029	-144.5796	-7.4519	10.4937	-13.9104	-2.1886	-1.0247	-1.5097	-0.1615	0.6647	-0.7223	0.1016	-0.7507	0.1796	0.0313	0.9634	-9.7390	0.6280	2.6267990132921515	0	4	6	Walk	Normal
0.3065	-9.0788	2.3367	84.7594	-95.1328	-105.4101	-7.5319	11.6738	-12.9628	-0.5855	0.6870	2.4169	-0.1582	0.6922	-0.6979	0.0938	-0.6229	-0.4692	-0.1253	0.8920	-9.7658	-0.0802	-1.4893291939272615	0	5	7	Walk	Normal
-0.0766	-9.9599	1.9537	84.9548	-46.4598	-156.0653	-8.5768	12.8307	-11.8284	-0.7017	-0.1911	1.3596	-0.1559	0.6674	-0.7182	0.1200	0.9026	0.6622	0.1932	0.6250	-9.7688	0.5941	0.7702985837105878	0	5	7	Walk	Normal
1.4563	-10.4190	0.3059	80.4550	-17.5736	-176.2718	-6.3049	12.2384	-12.9764	0.9653	-0.7480	-1.2444	-0.0958	0.6417	-0.7573	0.0741	1.1305	2.5423	-0.1828	0.4910	-9.6709	1.5502	0.37473394829459217	0	5	7	Upright	Normal
1.0349	-9.3464	-0.5369	77.0492	-13.8124	-174.7129	-3.9861	11.0314	-15.0375	0.5103	0.2108	-2.6710	-0.0655	0.6220	-0.7793	0.0390	0.0333	-0.3925	-0.1926	0.5246	-9.5572	2.1341	-1.1058935600086954	0	0	7	Upright	Normal
-0.0377	-9.5762	2.7958	80.5839	-25.2891	-164.3373	-4.9610	11.6037	-14.7007	-0.7230	0.0983	1.3452	-0.0794	0.6479	-0.7566	0.0388	-0.2692	-1.3842	0.1451	0.6853	-9.6745	1.4506	0.5572108198847676	0	0	7	Upright	Normal
1.8393	-9.4230	2.1829	80.5247	-26.5490	-168.6891	-6.9058	11.8420	-14.3650	1.1178	0.2499	0.7388	-0.1124	0.6432	-0.7537	0.0745	0.1100	-0.1166	0.0141	0.7216	-9.6729	1.4442	-0.13018443264108193	0	0	7	Upright	Normal
-0.3059	-9.8061	1.3785	79.2997	-20.5822	-171.2469	-6.5019	11.6285	-14.3575	-0.9459	-0.1698	-0.3261	-0.0892	0.6365	-0.7641	0.0559	0.1920	0.3585	0.0034	0.6400	-9.6362	1.7045	0.061378705424495195	0	0	7	Upright	Normal
0.4603	-9.8444	1.0337	79.9296	-17.2251	-175.6967	-5.7527	11.3326	-14.5676	-0.0474	-0.1887	-0.6041	-0.0909	0.6389	-0.7609	0.0677	-0.0626	-0.4500	0.0407	0.5077	-9.6557	1.6378	0.001978102969390605	0	0	7	Upright	Normal
-0.2298	-9.6917	1.3024	80.5661	-19.0885	-174.3418	-6.3559	11.5510	-14.5883	-0.7554	-0.0177	-0.2165	-0.0949	0.6431	-0.7567	0.0699	-0.0434	0.0795	-0.0452	0.5255	-9.6741	1.5190	-0.1277010949450137	0	0	7	Upright	Normal
0.9194	-9.9216	1.0343	80.7503	-17.1533	-175.5690	-5.8452	11.1633	-14.3598	0.4546	-0.2424	-0.4718	-0.0888	0.6445	-0.7565	0.0674	0.0238	0.2765	0.0027	0.4648	-9.6792	1.5061	0.23612733024551247	0	0	7	Upright	Normal
0.1915	-9.5768	1.1492	81.2498	-19.8043	-172.0854	-6.0798	10.9149	-14.2199	-0.3138	0.1158	-0.2544	-0.0859	0.6489	-0.7536	0.0601	-0.0785	-0.1965	-0.0207	0.5053	-9.6926	1.4036	-0.37023998726219887	1	0	8	Upright	Normal
0.4214	-9.6917	1.3791	81.5071	-18.7579	-173.6891	-5.9514	11.1307	-14.5516	-0.0443	0.0075	0.0078	-0.0878	0.6499	-0.7521	0.0651	-0.0039	0.0315	-0.0048	0.4657	-9.6992	1.3713	0.15098918220837199	1	0	8	Upright	Normal
0.3065	-9.7300	1.0726	81.3643	-18.4542	-173.3885	-5.1767	11.3132	-14.2212	-0.1595	-0.0344	-0.3241	-0.0843	0.6494	-0.7533	0.0612	0.0365	-0.0558	-0.0186	0.4660	-9.6956	1.3967	-0.004656925737625883	1	0	8	Upright	Normal
0.3454	-9.9210	1.1869	81.4801	-19.7632	-172.4658	-6.2782	11.5391	-14.3365	-0.1457	-0.2225	-0.1803	-0.0875	0.6501	-0.7522	0.0627	0.0184	0.1306	-0.0056	0.4911	-9.6985	1.3672	0.20397495526119336	1	0	8	Upright	Normal
0.5752	-9.6911	1.1486	81.7788	-19.8463	-172.7498	-6.2069	11.7478	-14.7038	0.0992	0.0148	-0.1703	-0.0892	0.6518	-0.7503	0.0655	-0.0348	-0.0345	0.0104	0.4760	-9.7059	1.3189	-0.22184683335927424	1	0	8	Upright	Normal
0.2687	-9.7677	1.1486	81.9298	-20.4192	-172.7112	-6.1974	11.3710	-14.6268	-0.2114	-0.0581	-0.1416	-0.0926	0.6524	-0.7490	0.0687	0.0067	-0.0399	0.0018	0.4802	-9.7097	1.2902	0.06280495804081099	1	0	8	Upright	Normal
0.3448	-9.8450	1.1109	81.9364	-18.6770	-173.7706	-5.9455	11.5402	-14.4258	-0.0956	-0.1351	-0.1921	-0.0872	0.6527	-0.7497	0.0657	0.0152	0.1072	0.0093	0.4404	-9.7098	1.3030	0.07480540942436242	1	0	8	Upright	Normal
0.4220	-9.6911	1.2252	82.0184	-18.3007	-174.0647	-6.8629	11.1593	-14.6776	-0.0055	0.0206	-0.0675	-0.0863	0.6532	-0.7494	0.0656	0.0035	0.0251	0.0008	0.4275	-9.7118	1.2927	-0.13612405521002735	1	0	8	Upright	Normal
0.4220	-9.7677	1.2252	81.9447	-17.6356	-174.2845	-6.1896	11.0032	-14.2018	0.0057	-0.0578	-0.0842	-0.0833	0.6529	-0.7502	0.0632	0.0227	0.1210	-0.0018	0.4163	-9.7100	1.3095	0.07592956627593139	1	0	8	Upright	Normal
0.4597	-9.7300	1.1875	82.0163	-17.7663	-174.1621	-5.8655	11.4755	-14.5138	0.0441	-0.0184	-0.1095	-0.0834	0.6534	-0.7498	0.0632	-0.0157	-0.0644	0.0121	0.4155	-9.7116	1.2971	-0.040312453752891386	1	0	8	Upright	Normal
0.5369	-9.6911	1.2635	82.0454	-17.7696	-174.0510	-6.2369	11.6958	-14.7977	0.1229	0.0212	-0.0287	-0.0827	0.6537	-0.7497	0.0626	-0.0040	0.0539	0.0014	0.4140	-9.7124	1.2923	-0.02511404971095743	2	0	9	Upright	Normal
0.4597	-9.7300	1.3024	82.1268	-18.0571	-173.8966	-5.9300	11.9817	-14.5578	0.0434	-0.0157	0.0253	-0.0836	0.6541	-0.7491	0.0633	-0.0199	-0.0825	0.0110	0.4163	-9.7143	1.2772	0.03968034959708966	2	0	9	Upright	Normal
0.5363	-9.8450	1.1492	82.1868	-18.6779	-173.1425	-6.5427	11.6170	-14.3568	0.1094	-0.1293	-0.1137	-0.0833	0.6547	-0.7487	0.0620	-0.0050	0.0528	-0.0114	0.4269	-9.7157	1.2629	0.0988083146738532	2	0	9	Upright	Normal
0.4597	-9.8067	1.1109	82.5238	-20.7669	-171.2299	-5.6620	11.5641	-14.3483	0.0073	-0.0833	-0.0822	-0.0855	0.6572	-0.7463	0.0620	-0.0529	-0.1464	-0.0009	0.4524	-9.7233	1.1931	-0.046223568254211145	2	0	9	Upright	Normal
0.3837	-9.7677	1.1486	82.6571	-21.6394	-170.7433	-5.8015	11.5361	-14.3663	-0.0784	-0.0414	-0.0163	-0.0882	0.6579	-0.7452	0.0640	-0.0209	0.0411	-0.0137	0.4621	-9.7263	1.1649	-0.03763743946127107	2	0	9	Upright	Normal
0.4603	-9.7294	0.9571	82.6931	-20.1005	-172.3294	-6.6369	11.7590	-14.6030	0.0317	-0.0024	-0.2141	-0.0872	0.6578	-0.7453	0.0656	0.0217	-0.0548	0.0289	0.4286	-9.7270	1.1712	-0.05529078253836239	2	0	9	Upright	Normal
0.2304	-9.8061	1.1103	82.7803	-19.5919	-172.7122	-6.3396	11.8671	-14.3259	-0.1827	-0.0771	-0.0507	-0.0860	0.6583	-0.7449	0.0653	0.0131	-0.0441	0.0225	0.4131	-9.7290	1.1610	0.08425357747069029	2	0	9	Upright	Normal
0.4986	-9.8061	1.1103	82.8132	-18.5752	-173.5100	-6.1742	12.0712	-14.3120	0.1079	-0.0763	-0.0525	-0.0839	0.6585	-0.7451	0.0647	0.0089	0.0592	0.0161	0.3907	-9.7297	1.1628	0.009898237488567219	2	0	9	Upright	Normal
0.4980	-9.8067	1.1109	82.7760	-18.6492	-173.4828	-6.1807	12.1849	-14.3646	0.1037	-0.0778	-0.0575	-0.0843	0.6583	-0.7452	0.0649	0.0153	0.0198	0.0031	0.3943	-9.7288	1.1684	6.324811280151721E-4	2	0	9	Upright	Normal
0.3831	-9.8067	1.1492	82.7669	-18.4388	-173.6831	-6.1371	11.6613	-14.3166	-0.0073	-0.0780	-0.0220	-0.0841	0.6582	-0.7453	0.0650	0.0174	-0.0196	0.0159	0.3904	-9.7287	1.1712	-7.426292486663044E-4	2	0	9	Upright	Normal
0.4603	-9.8061	1.1103	82.7314	-18.3408	-173.6646	-5.6671	11.3111	-14.3197	0.0700	-0.0781	-0.0673	-0.0834	0.6580	-0.7456	0.0642	0.0142	0.0507	-0.0012	0.3903	-9.7279	1.1776	-0.00174837086373536	3	0	10	Upright	Normal
0.4220	-9.8444	1.1869	82.7502	-18.2484	-173.8227	-5.7804	11.1064	-14.0579	0.0346	-0.1160	0.0117	-0.0837	0.6581	-0.7455	0.0647	0.0057	-0.0132	0.0159	0.3874	-9.7284	1.1753	0.04518233262942317	3	0	10	Upright	Normal
0.3071	-9.7294	1.1486	82.7053	-17.8129	-174.0757	-6.0890	11.6795	-14.7160	-0.0738	-0.0021	-0.0368	-0.0823	0.6579	-0.7459	0.0638	0.0067	0.0017	0.0095	0.3808	-9.7273	1.1854	-0.12289212042451325	3	0	10	Upright	Normal
0.4986	-9.7294	1.1103	82.6723	-17.6164	-174.3648	-6.1611	11.8050	-14.7135	0.1202	-0.0028	-0.0817	-0.0828	0.6575	-0.7461	0.0645	0.0142	0.0571	-0.0043	0.3784	-9.7266	1.1920	0.003456703033489106	3	0	10	Upright	Normal
0.4597	-9.8067	1.1109	82.6740	-17.3779	-174.5914	-6.0677	11.2257	-14.8964	0.0863	-0.0799	-0.0825	-0.0825	0.6575	-0.7461	0.0646	0.0035	-0.0335	0.0158	0.3733	-9.7267	1.1934	0.07488801078636342	3	0	10	Upright	Normal
0.4214	-9.8067	1.2258	82.6334	-17.3327	-174.5793	-6.1145	11.6205	-14.8120	0.0468	-0.0808	0.0256	-0.0822	0.6573	-0.7464	0.0643	0.0131	0.0326	0.0051	0.3745	-9.7258	1.2002	0.011872312609840563	3	0	10	Upright	Normal
0.3837	-9.7294	1.2252	82.5996	-17.0868	-174.8209	-5.8807	10.9759	-14.7173	0.0126	-0.0043	0.0180	-0.0820	0.6571	-0.7466	0.0644	0.0110	0.0006	0.0126	0.3711	-9.7251	1.2073	-0.07824953534671941	3	0	10	Upright	Normal
0.3837	-9.8061	1.2252	82.5970	-17.1274	-174.7808	-5.8122	11.9440	-14.2931	0.0117	-0.0811	0.0178	-0.0820	0.6570	-0.7466	0.0644	0.0099	-0.0036	0.0136	0.3720	-9.7249	1.2074	0.076046105124016	3	0	10	Upright	Normal
0.4214	-9.8067	1.1492	82.5893	-17.1271	-174.7564	-6.1381	12.2291	-14.9282	0.0489	-0.0819	-0.0596	-0.0819	0.6570	-0.7467	0.0642	0.0099	0.0230	0.0072	0.3724	-9.7248	1.2088	-0.006996425487120206	3	0	10	Upright	Normal
0.3448	-9.8067	1.1492	82.5900	-16.8761	-174.9540	-5.8551	12.1059	-15.1396	-0.0223	-0.0819	-0.0611	-0.0814	0.6570	-0.7467	0.0640	0.0152	0.0187	0.0114	0.3671	-9.7248	1.2103	-0.002969795655891616	4	0	11	Upright	Normal
Total time: 11 seconds.
