-0.6889	-9.6145	1.9531	39.9334	74.9220	106.4078	39.0972	44.9094	-21.0046	0.4151	-0.0685	-0.0030	-0.2954	-0.5595	0.7218	-0.2805	0.1366	-0.3689	0.1773	-1.1040	-9.5460	1.9561	0.2947753361245127	6	0	1	Upright	Normal
-1.1109	-9.3470	2.0303	40.9062	74.3774	106.7916	40.5931	44.2832	-20.9238	-0.0380	0.1944	0.0344	-0.2886	-0.5612	0.7252	-0.2755	-0.0327	-0.1165	0.0293	-1.0729	-9.5413	1.9959	-0.2057699698182276	6	0	1	Upright	Normal
-1.0337	-8.1205	1.9914	42.7628	72.3037	108.1083	40.3888	44.1282	-21.0339	-0.0536	1.3885	-0.1971	-0.2719	-0.5608	0.7350	-0.2673	0.2560	0.0454	-0.1359	-0.9801	-9.5090	2.1885	-1.2044904896615396	6	0	1	Upright	Normal
-6.7415	-9.8444	4.0217	40.1798	66.0005	123.0386	41.3667	43.2968	-21.0759	-4.0143	-0.9310	0.9743	-0.3122	-0.4971	0.7815	-0.2112	1.5023	-2.5880	2.6253	-2.7271	-8.9133	3.0474	4.166264477830794	6	0	1	Upright	Normal
-2.8724	-8.4653	2.3361	40.1471	48.4129	140.6675	44.3045	41.4864	-27.6500	0.1410	-0.5701	-2.6395	-0.2573	-0.4244	0.8541	-0.1558	0.5542	0.0528	0.7749	-3.0134	-7.8952	4.9756	-3.3514797470535047	6	0	1	Upright	Normal
-2.4894	-7.2778	6.9713	35.1348	53.6063	140.4157	46.8047	40.1125	-30.7433	1.4608	0.3331	2.2130	-0.3133	-0.3991	0.8468	-0.1601	0.7364	1.1266	0.8122	-3.9501	-7.6109	4.7583	1.1413191924401378	6	0	1	Upright	Normal
-1.7232	-5.7455	3.9450	31.4509	50.9076	142.9979	48.8588	39.4527	-31.3700	2.4134	1.4121	-1.3303	-0.3147	-0.3633	0.8612	-0.1653	0.6884	0.1253	-0.0102	-4.1366	-7.1576	5.2753	-3.201512114118141	6	0	1	Upright	Normal
-5.8604	-6.7032	7.6992	31.6215	50.3296	138.0690	47.2544	39.6967	-32.8004	-2.4380	0.7829	2.3685	-0.2938	-0.3767	0.8546	-0.2034	0.1249	0.2702	-0.9551	-3.4224	-7.4861	5.3307	4.591572657334663	6	0	1	Upright	Normal
-1.1103	-9.0399	2.7575	36.5090	52.1498	133.4850	46.1001	41.1173	-32.3234	1.6210	-0.9578	-2.0789	-0.2724	-0.4233	0.8381	-0.2103	-1.5561	-1.4854	-1.3301	-2.7313	-8.0821	4.8364	-2.25482233696429	6	0	1	Upright	Normal
-0.1143	-9.8827	6.5116	44.1881	61.6059	121.0479	43.8186	44.8443	-28.4336	1.5504	-0.8152	3.1678	-0.2541	-0.5147	0.7876	-0.2239	-0.9223	-1.6867	-0.6078	-1.6647	-9.0674	3.3438	2.319503376437316	6	1	2	PT	Normal
-0.9188	-7.6225	3.2172	51.8841	60.3330	119.4019	40.6339	46.3126	-27.4238	-0.0624	1.6759	0.2212	-0.1993	-0.5545	0.7822	-0.2024	-0.5228	-0.8121	-0.6877	-0.8564	-9.2985	2.9960	-3.5111274985240364	6	1	2	Jump	Normal
-3.2938	-6.3967	6.9713	60.3472	22.1324	153.4741	36.2854	45.4550	-31.2258	-3.5136	2.3168	2.4771	-0.0483	-0.5182	0.8479	-0.1007	1.3105	-4.6694	0.9336	0.2198	-8.7135	4.4942	1.6937925442111048	6	1	2	PT	Normal
-1.1486	-9.7294	6.1286	71.1575	1.3455	167.5299	29.0912	45.6690	-32.0221	-2.9272	-0.6199	2.9622	0.0537	-0.5794	0.8092	-0.0815	-1.3462	-0.4787	-0.0997	1.7786	-9.1095	3.1663	1.5376822013739133	6	1	2	PT	Normal
-1.4168	-9.2314	5.0560	74.9071	18.1636	151.7974	28.2624	47.3577	-30.3741	-2.9743	0.1419	2.6297	0.0248	-0.6129	0.7837	-0.0979	-0.0498	1.5698	0.2657	1.5576	-9.3733	2.4262	-0.9357353164886408	6	1	2	PT	Normal
-0.6512	-12.6031	4.4436	54.9820	49.7054	134.0412	34.0006	47.9414	-32.2330	0.8149	-3.6154	0.8045	-0.1797	-0.5312	0.8168	-0.1356	0.8557	6.1014	1.7901	-1.4661	-8.9877	3.6392	2.759152608335814	6	1	2	PT	Normal
0.9577	-9.8833	2.6432	43.0777	55.3712	127.1579	44.2985	46.5238	-33.1970	2.7984	-1.1531	-1.4272	-0.2424	-0.4834	0.8135	-0.2137	1.2669	-0.0473	-0.0911	-1.8407	-8.7302	4.0704	-3.1040045136248775	6	1	2	PT	Normal
-1.7998	-4.9793	5.7838	34.4987	54.2680	133.0076	48.6686	42.5664	-35.5460	1.2582	3.0546	1.0639	-0.2942	-0.4157	0.8334	-0.2148	1.0293	0.4939	1.2511	-3.0580	-8.0339	4.7199	-2.434133476715891	6	1	2	PT	Normal
-1.6083	-5.4007	5.8221	30.5120	47.2837	139.1116	51.9515	37.8137	-37.8724	1.6278	1.8693	0.0908	-0.2783	-0.3610	0.8650	-0.2098	0.5212	0.2020	-0.0666	-3.2361	-7.2700	5.7313	0.261292460839579	0	1	2	Upright	Normal
-8.3121	-17.5058	11.3383	29.0923	55.5918	128.8502	51.3101	39.2181	-37.9730	-5.3352	-9.5146	6.4959	-0.3112	-0.3953	0.8229	-0.2640	-0.2906	3.4457	-0.8635	-2.9769	-7.9912	4.8424	14.34966283855685	0	0	3	Upright	Normal
1.5329	-9.2314	2.5660	39.1895	57.6030	122.4746	50.9172	42.6289	-35.2444	3.1780	-0.4633	-1.5063	-0.2565	-0.4760	0.8014	-0.2556	-0.9361	-2.5900	-0.6280	-1.6451	-8.7682	4.0722	-12.748955340171692	0	0	3	Upright	Normal
-0.9188	-7.4693	3.7152	47.8756	61.8732	115.9807	46.2558	44.7570	-34.6495	-0.2125	1.8075	0.6144	-0.2140	-0.5442	0.7753	-0.2387	-1.1353	0.1583	-0.7857	-0.7063	-9.2768	3.1008	-1.3105446305397646	0	0	3	Upright	Normal
-4.8261	-5.6306	13.1005	60.1606	26.8802	148.6386	41.6080	45.0201	-36.2174	-4.9888	3.1560	8.7483	-0.0619	-0.5237	0.8418	-0.1153	2.1585	-7.0759	1.4706	0.1627	-8.7866	4.3522	6.661140849581031	0	0	3	Upright	Normal
0.7667	-9.9976	3.0257	67.4012	27.0308	145.2646	34.6542	43.3915	-39.9951	-0.1658	-0.8306	-0.3310	-0.0245	-0.5729	0.8107	-0.1177	-0.2564	-2.2993	-0.8294	0.9325	-9.1669	3.3567	-4.580313511844869	0	0	3	Upright	Normal
1.0343	-12.7946	6.6272	70.8894	33.7556	136.5020	33.0552	44.0754	-38.4389	-0.3157	-3.4553	3.9579	-0.0141	-0.6031	0.7865	-0.1325	-1.5433	-0.8047	-0.5875	1.3500	-9.3393	2.6692	3.9726297745921837	0	0	3	Upright	Normal
-3.5243	-8.7340	5.6695	59.5278	50.0789	129.6086	35.9982	45.1899	-36.8897	-2.9081	0.5183	2.4781	-0.1410	-0.5634	0.8011	-0.1447	1.2253	3.0558	2.0351	-0.6162	-9.2524	3.1913	-3.4531242715056063	0	0	3	Upright	Normal
0.3448	-10.0748	4.5586	44.6927	60.4840	123.4556	45.8356	42.5051	-36.6099	2.2145	-1.0814	1.1241	-0.2547	-0.5099	0.7944	-0.2098	0.9814	1.7370	0.1187	-1.8697	-8.9934	3.4345	0.07048370121127512	0	0	3	Upright	Normal
-2.4128	-5.4773	4.8261	36.1604	56.1736	131.0101	51.6137	38.0918	-35.6262	0.5025	2.7839	0.4187	-0.2938	-0.4347	0.8238	-0.2148	0.8482	-0.2412	1.1275	-2.9152	-8.2612	4.4074	-3.374971475152816	0	0	3	Upright	Normal
-1.2641	-7.1251	1.8004	32.8655	47.1887	139.7854	53.2076	32.7883	-37.2200	1.8946	0.2816	-3.7972	-0.2714	-0.3754	0.8643	-0.1958	1.6919	-0.9890	0.4745	-3.1587	-7.4068	5.5976	-0.2315682737201188	0	0	3	Upright	Normal
-3.7535	-7.3161	4.1366	34.6038	50.1245	133.3668	52.0816	31.2777	-39.1268	-1.1812	0.6069	-1.0383	-0.2648	-0.4075	0.8441	-0.2266	-1.2748	1.3621	-0.8357	-2.5723	-7.9230	5.1749	1.74767525753367	0	0	4	Upright	Normal
-0.4591	-5.5539	2.5660	34.0456	59.9916	122.6231	54.5297	34.3387	-35.2229	1.8066	3.0788	-1.4979	-0.2976	-0.4519	0.7967	-0.2691	-1.0053	-2.4154	-1.3375	-2.2657	-8.6327	4.0639	-3.0694273303815747	0	0	4	Upright	Normal
0.5752	-8.3504	3.4087	50.0993	56.1377	122.2161	51.3897	38.0062	-34.4892	1.3699	0.7741	-0.0962	-0.1927	-0.5331	0.7961	-0.2118	-1.3675	-2.4356	-0.2552	-0.7947	-9.1245	3.5050	2.9024378939044064	0	0	4	Upright	Normal
-2.2595	-6.0903	12.1045	61.2033	46.4265	129.6662	44.8277	40.7375	-36.1494	-2.2842	3.1600	8.8485	-0.1081	-0.5677	0.8013	-0.1548	2.3322	-5.5196	0.5544	0.0247	-9.2503	3.2560	4.699736177109232	0	0	4	Upright	Normal
-1.3408	-6.1675	0.5363	63.8749	24.4202	149.8688	37.2877	37.9680	-40.2445	-1.8586	2.8015	-3.3954	-0.0389	-0.5459	0.8300	-0.1076	-1.0394	3.7056	-0.9604	0.5179	-8.9690	3.9317	-7.403089702670599	0	0	4	Upright	Normal
-0.1149	-10.8026	4.7501	70.1609	19.9803	150.3891	34.1958	37.9770	-40.1499	-1.4852	-1.6097	1.6224	0.0074	-0.5835	0.8047	-0.1096	-1.0213	-0.2433	-0.4501	1.3702	-9.1930	3.1277	5.467085583908473	0	0	4	Upright	Normal
-3.7541	-8.0828	3.4860	71.4854	32.1975	140.9013	33.9105	39.7035	-38.8351	-4.6615	1.3195	0.8508	-0.0243	-0.6042	0.7891	-0.1083	0.7833	1.7008	0.7611	0.9074	-9.4023	2.6351	-2.231797090994803	0	0	4	Upright	Normal
-0.1532	-12.9095	4.7884	54.1240	55.2176	129.6788	40.9024	38.2131	-38.4207	1.5007	-3.8162	1.5100	-0.2021	-0.5404	0.8039	-0.1447	0.4701	3.5512	0.6429	-1.6539	-9.0933	3.2784	4.200208313618127	0	0	4	Upright	Normal
-0.8811	-8.0445	2.8730	38.5509	57.2452	129.7262	48.7847	35.1560	-36.2822	1.8468	0.4120	-1.2764	-0.2863	-0.4544	0.8173	-0.2088	1.4267	1.4994	1.2394	-2.7279	-8.4565	4.1495	-5.1823427660667765	0	0	4	Upright	Normal
-0.5363	-5.3630	1.4174	37.4437	49.5189	140.2504	49.8803	30.1113	-36.4673	2.7237	2.3827	-3.6372	-0.2739	-0.4090	0.8545	-0.1660	0.9324	0.2360	0.9326	-3.2600	-7.7457	5.0546	-3.014451832318331	0	0	4	Upright	Normal
-0.4214	-4.9416	6.7038	35.2501	45.4581	142.3558	49.4096	27.3858	-37.7999	2.6884	2.4710	1.0864	-0.2584	-0.3831	0.8698	-0.1729	-0.1691	-0.1315	-0.5705	-3.1098	-7.4126	5.6174	2.765933091166529	0	1	5	PT	Normal
-9.8067	-17.6979	10.3046	33.8890	54.5879	133.1384	49.5624	28.7246	-36.6940	-6.6536	-9.6992	5.5876	-0.2995	-0.4121	0.8331	-0.2154	-1.5635	1.8126	-0.7047	-3.1530	-7.9987	4.7170	14.367266588200117	0	1	5	Jump	Normal
0.6518	-9.5379	3.3321	47.0427	53.4447	128.5219	48.5302	32.3358	-35.3431	2.2137	-0.7124	-0.6481	-0.2166	-0.5002	0.8157	-0.1940	-1.0895	-1.9882	-0.3137	-1.5619	-8.8255	3.9802	-12.582014557908298	0	1	5	Jump	Normal
-0.3831	-7.9296	3.3327	56.7170	57.9904	121.4186	42.8329	35.9949	-36.4418	0.2435	1.4322	0.4802	-0.1688	-0.5710	0.7839	-0.1758	-1.0096	0.1477	-0.7782	-0.6265	-9.3618	2.8525	-1.5141860236533127	0	1	5	PT	Normal
-2.1835	-5.3247	9.2320	64.2880	29.6997	146.7896	39.7760	37.0721	-36.5357	-2.3219	3.7580	5.5364	-0.0610	-0.5548	0.8233	-0.1032	2.2874	-6.0042	0.8197	0.1384	-9.0827	3.6956	2.26886924616179	0	1	5	PT	Normal
0.3065	-10.9942	0.1532	70.6625	16.4639	156.8635	33.3431	35.4360	-39.1453	-0.6244	-1.7418	-2.9609	0.0003	-0.5841	0.8076	-0.0808	-0.9041	-3.0449	-0.6568	0.9309	-9.2524	3.1141	0.12066272136006617	0	1	5	Tilt	Normal
0.0006	-14.0582	4.6346	73.8761	26.8697	146.6256	30.5565	37.3415	-37.1680	-0.9210	-4.6020	2.2052	-0.0100	-0.6132	0.7848	-0.0895	-0.9276	0.1370	-0.0198	0.9216	-9.4562	2.4294	3.802911018394054	0	0	5	Tilt	Normal
-1.4557	-9.7683	4.0606	62.5081	47.4430	135.1459	34.7931	38.4488	-36.3074	-0.4844	-0.5026	0.9990	-0.1367	-0.5703	0.8031	-0.1056	1.2434	3.6013	1.4823	-0.9713	-9.2657	3.0616	-4.124096382176319	0	0	5	Tilt	Normal
0.9200	-8.8101	3.7152	45.9423	57.6369	127.8758	43.8273	36.6889	-35.2273	3.0279	0.0446	0.0649	-0.2485	-0.5022	0.8073	-0.1854	1.7505	0.4342	0.3328	-2.1079	-8.8547	3.6503	-1.0727833264210993	0	0	5	Tilt	Normal
-2.5660	-5.3241	3.5620	38.2850	52.6557	136.2755	46.3624	33.4624	-36.5692	0.5207	2.7283	-1.1073	-0.2794	-0.4288	0.8400	-0.1803	0.9601	-0.1975	1.0178	-3.0867	-8.0524	4.6693	-2.704972352286478	0	1	6	PT	Normal
-0.3825	-6.2435	3.9834	35.6431	44.6232	145.4271	46.3717	30.0201	-38.4172	2.9817	1.0147	-1.6888	-0.2610	-0.3777	0.8755	-0.1508	1.1167	0.3288	0.4543	-3.3642	-7.2582	5.6722	0.5152694646837981	0	1	6	PT	Normal
-7.2778	-10.0742	7.2012	36.0827	47.5378	140.3105	46.0617	29.3568	-39.5341	-4.2006	-2.4535	1.8507	-0.2643	-0.3967	0.8609	-0.1780	-0.3822	2.0247	0.0527	-3.0771	-7.6207	5.3504	6.94773858808829	0	1	6	Jump	Normal
-0.1909	-7.2395	2.4511	40.2936	55.4295	130.2309	48.3320	33.1833	-36.5210	2.2772	1.2498	-1.7931	-0.2678	-0.4603	0.8213	-0.2044	-0.8583	-2.1523	-1.3950	-2.4681	-8.4892	4.2442	-6.7180381662559165	0	1	6	Jump	Normal
0.0389	-9.6145	4.6729	48.4318	57.4208	124.5548	44.3387	36.5110	-37.2934	1.4723	-0.5679	1.1693	-0.2205	-0.5223	0.7997	-0.1977	-1.0351	-0.8036	-0.3894	-1.4334	-9.0466	3.5036	3.0444339169792327	0	1	6	PT	Normal
-1.3018	-8.4653	3.6769	53.4587	59.9596	119.0721	42.2289	39.0276	-36.8214	-0.6240	0.8710	0.7539	-0.1872	-0.5621	0.7808	-0.1985	-0.5590	-0.3072	-0.5119	-0.6779	-9.3363	2.9230	-1.3692942505261154	0	1	6	PT	Normal
-3.3321	-7.3544	9.0016	62.7704	34.6481	142.9303	38.8642	39.3116	-37.4590	-3.2075	1.7303	5.3103	-0.0830	-0.5522	0.8220	-0.1120	1.3383	-5.6857	0.6205	-0.1246	-9.0846	3.6913	2.771393966489324	0	1	6	PT	Normal
0.6135	-8.6951	3.5620	67.6365	25.9131	147.1836	31.3966	38.2811	-40.4318	-0.2056	0.4829	0.2059	-0.0255	-0.5729	0.8119	-0.1090	-0.3172	-1.9243	-0.3755	0.8191	-9.1780	3.3561	-2.6756795145441714	0	1	6	PT	Normal
0.4603	-13.0239	5.8604	69.0548	33.4015	138.8615	30.7978	39.2938	-39.1825	-0.5040	-3.7139	2.9338	-0.0309	-0.5915	0.7960	-0.1247	-1.1790	-0.5746	-0.4203	0.9643	-9.3100	2.9266	4.872670430113212	0	1	6	Jump	Normal
-1.6466	-8.1205	3.1789	69.1424	40.3905	136.9996	30.5321	41.2664	-38.3930	-1.7593	1.3180	0.5195	-0.0693	-0.5997	0.7908	-0.1010	0.2943	1.1437	1.6783	0.1127	-9.4385	2.6594	-5.414452969524534	0	2	7	Jump	Normal
-0.5740	-11.4150	2.8341	60.5422	54.0608	129.8593	36.5611	41.6480	-39.9275	0.6677	-2.1081	0.0036	-0.1653	-0.5730	0.7939	-0.1185	0.7012	2.2984	0.2753	-1.2417	-9.3069	2.8305	2.9009217843005572	0	2	7	PT	Normal
-0.3065	-8.3510	1.9537	56.2563	51.4729	132.7207	42.1246	40.7211	-41.4195	1.1667	0.7313	-1.4394	-0.1805	-0.5426	0.8098	-0.1310	0.6022	-0.2007	-0.1667	-1.4732	-9.0823	3.3930	-3.1935977027836024	0	2	7	PT	Normal
-0.5740	-8.2738	2.2978	48.6344	57.8479	126.8062	45.0942	38.4611	-42.2729	1.2643	0.7205	-1.1510	-0.2327	-0.5196	0.8024	-0.1790	-0.1030	1.0744	-0.2360	-1.8383	-8.9943	3.4488	0.024147090300102647	0	2	7	Upright	Normal
-0.0766	-8.0445	1.5323	49.4434	59.3067	123.5791	46.6957	38.3854	-41.0387	1.4190	1.0847	-1.7223	-0.2242	-0.5327	0.7934	-0.1908	-0.0977	-0.1251	-0.4735	-1.4956	-9.1292	3.2546	-0.41661672887540924	0	0	7	Upright	Normal
-0.9960	-7.7381	1.8387	48.0662	69.5151	111.2413	46.8863	40.3576	-39.6297	-0.0473	1.7494	-0.4546	-0.2408	-0.5702	0.7504	-0.2321	-1.0309	0.6558	-0.7580	-0.9487	-9.4875	2.2933	-0.17381928024086335	0	0	7	Upright	Normal
-4.1366	-10.3424	3.4471	46.2158	76.2070	106.0589	47.3345	43.9570	-37.3563	-3.1241	-0.7232	1.8293	-0.2677	-0.5881	0.7239	-0.2418	-0.7241	0.5940	-0.0133	-1.0124	-9.6192	1.6177	3.6444800271988314	0	0	7	Upright	Normal
-0.3065	-8.4659	0.5746	47.6787	75.9481	105.8467	46.4329	44.7468	-36.7670	0.5977	1.1666	-1.0285	-0.2569	-0.5935	0.7252	-0.2363	0.0972	0.2414	0.0090	-0.9041	-9.6325	1.6031	-3.1692423621568278	0	0	7	Upright	Normal
0.4980	-9.6151	2.0303	46.7727	74.8821	105.2774	46.2987	44.0835	-37.0301	1.1949	0.0087	0.2786	-0.2523	-0.5891	0.7257	-0.2504	0.0472	-0.6055	-0.2083	-0.6969	-9.6238	1.7517	1.3488176025095449	0	0	7	Upright	Normal
-0.1143	-9.3847	2.6426	48.2812	74.6248	104.7488	45.5865	44.7955	-37.9929	0.4161	0.2536	0.9123	-0.2395	-0.5953	0.7262	-0.2467	-0.1680	0.2339	-0.0943	-0.5305	-9.6383	1.7303	-0.08939622625605459	0	0	7	Upright	Normal
-1.3791	-9.0405	1.8004	43.3248	76.6271	102.6358	46.1391	45.3114	-37.4787	-0.8104	0.6096	0.1505	-0.2688	-0.5862	0.7123	-0.2771	0.1793	0.2382	-0.0272	-0.5686	-9.6501	1.6499	-0.42971098764566307	0	0	8	Upright	Normal
-0.2676	-9.6911	0.9571	46.5707	75.1967	103.8078	47.3475	46.2152	-37.6460	0.2283	-0.0495	-0.7654	-0.2478	-0.5923	0.7215	-0.2592	-0.2042	-0.0590	0.0495	-0.4959	-9.6416	1.7225	0.42130156421924525	0	0	8	Upright	Normal
-0.7272	-9.7677	0.6123	46.2645	76.8500	102.7068	47.0389	45.9874	-38.0474	-0.1992	-0.0974	-0.9300	-0.2542	-0.5973	0.7151	-0.2592	-0.1670	0.0773	0.0165	-0.5281	-9.6703	1.5423	0.07192895429205848	0	0	8	Upright	Normal
-0.3448	-9.7300	1.3024	46.7870	78.4008	101.5027	47.3393	46.6073	-36.9626	0.1628	-0.0299	-0.0476	-0.2546	-0.6053	0.7096	-0.2557	-0.1350	-0.1506	-0.0155	-0.5076	-9.7001	1.3500	0.008979403089774962	0	0	8	Upright	Normal
-1.1492	-9.0405	1.4940	46.9223	79.4375	101.0081	47.3716	46.6288	-36.7075	-0.5972	0.6734	0.2664	-0.2576	-0.6091	0.7063	-0.2525	-0.1126	-0.0846	0.0687	-0.5520	-9.7139	1.2276	-0.5879343083309188	0	0	8	Upright	Normal
-0.3442	-9.5762	0.8039	47.7920	79.8901	100.7050	47.3792	46.6650	-36.8024	0.1963	0.1471	-0.3525	-0.2538	-0.6137	0.7057	-0.2470	-0.0583	-0.0984	-0.0251	-0.5405	-9.7233	1.1564	0.38114779729949433	0	0	8	Upright	Normal
-0.6889	-9.2698	0.9571	47.8610	80.2328	100.4594	46.8166	47.2801	-37.0491	-0.1475	0.4582	-0.1591	-0.2542	-0.6152	0.7045	-0.2463	-0.0583	-0.0324	0.0037	-0.5414	-9.7279	1.1161	-0.27153782629353174	0	0	8	Upright	Normal
-0.6889	-9.5379	0.8422	48.0003	80.4286	100.4391	47.0115	46.5872	-36.5587	-0.1284	0.1918	-0.2488	-0.2545	-0.6161	0.7041	-0.2445	0.0045	0.0603	-0.0293	-0.5605	-9.7297	1.0910	0.255254021429856	0	0	8	Upright	Normal
-0.5740	-9.4996	0.8805	48.0543	80.3322	100.7815	46.6622	46.7575	-36.6057	0.0311	0.2264	-0.2203	-0.2555	-0.6153	0.7052	-0.2427	0.0056	-0.0100	0.0378	-0.6051	-9.7260	1.1007	-0.04219040542222885	0	0	8	Upright	Normal
-0.4974	-9.7677	1.0720	48.0977	80.5434	100.7239	46.6317	47.1826	-37.3316	0.1243	-0.0401	-0.0040	-0.2562	-0.6160	0.7046	-0.2416	-0.0029	0.0113	-0.0134	-0.6217	-9.7276	1.0760	0.2813596869281323	0	0	8	Upright	Normal
-0.8422	-9.4230	1.1103	48.5110	80.7700	100.6793	46.6387	46.7396	-36.2227	-0.2062	0.3075	0.0684	-0.2551	-0.6179	0.7045	-0.2383	-0.0125	-0.0452	0.0090	-0.6360	-9.7305	1.0419	-0.31343850631377457	1	0	9	Upright	Normal
-0.7655	-9.5379	1.1486	48.6417	80.7871	101.0203	46.7609	47.1000	-36.6887	-0.0718	0.1891	0.1112	-0.2563	-0.6176	0.7053	-0.2354	-0.0210	-0.0100	0.0335	-0.6937	-9.7270	1.0374	0.1117692151860652	1	0	9	Upright	Normal
-0.8428	-9.4236	1.0726	48.3330	80.7793	100.8935	46.7922	46.9151	-37.4442	-0.1661	0.3039	0.0280	-0.2573	-0.6169	0.7047	-0.2380	-0.0008	0.0443	-0.0272	-0.6767	-9.7275	1.0446	-0.11544316074087035	1	0	9	Upright	Normal
-0.7278	-9.4619	1.0343	48.2812	80.6899	101.0000	46.9651	47.2205	-36.9888	-0.0437	0.2638	-0.0214	-0.2576	-0.6163	0.7051	-0.2381	0.0205	0.0124	0.0079	-0.6841	-9.7257	1.0557	0.024228877843183838	1	0	9	Upright	Normal
-0.6889	-9.5762	1.1103	48.0438	80.5378	101.0697	46.6063	46.6662	-36.8620	-0.0082	0.1472	0.0325	-0.2584	-0.6151	0.7053	-0.2398	0.0067	0.0347	-0.0144	-0.6807	-9.7235	1.0778	0.11888671024708941	1	0	9	Upright	Normal
-0.7272	-9.4230	1.0337	47.8959	80.5499	101.0471	47.3166	46.5240	-36.8194	-0.0461	0.3003	-0.0458	-0.2591	-0.6147	0.7050	-0.2408	-0.0018	0.0273	0.0005	-0.6812	-9.7233	1.0795	-0.15755300742161538	1	0	9	Upright	Normal
-0.7655	-9.5762	1.0720	47.8029	80.5117	101.1257	47.8569	47.6378	-36.1457	-0.0742	0.1456	-0.0138	-0.2599	-0.6141	0.7052	-0.2410	0.0099	0.0262	0.0069	-0.6913	-9.7218	1.0858	0.15899239027193524	1	0	9	Upright	Normal
-0.7272	-9.4996	0.9571	47.7249	80.4872	101.1523	47.4971	46.7388	-37.0902	-0.0331	0.2216	-0.1330	-0.2603	-0.6137	0.7052	-0.2414	-0.0050	-0.0057	0.0005	-0.6942	-9.7212	1.0901	-0.09102635619872856	1	0	9	Upright	Normal
-0.6889	-9.4230	0.9954	47.7257	80.4930	101.1447	47.2287	47.2299	-36.6015	0.0046	0.2984	-0.0941	-0.2603	-0.6138	0.7052	-0.2414	-0.0061	-0.0153	-0.0006	-0.6936	-9.7214	1.0895	-0.07490797079618616	1	0	9	Upright	Normal
-0.6123	-9.4996	0.9954	47.7265	80.4151	101.2321	47.0463	46.8846	-36.5235	0.0862	0.2204	-0.1030	-0.2603	-0.6134	0.7055	-0.2413	0.0024	0.0028	0.0037	-0.6985	-9.7200	1.0983	0.0707752332144409	1	0	9	Upright	Normal
-0.6506	-9.4996	0.9954	47.7109	80.3765	101.2777	46.8573	46.5198	-36.9687	0.0509	0.2197	-0.1076	-0.2604	-0.6132	0.7057	-0.2413	0.0142	-0.0004	0.0026	-0.7015	-9.7193	1.1030	0.0025264680734196077	2	0	10	Upright	Normal
-0.7655	-9.4996	0.9571	47.6748	80.3328	101.3453	47.8200	46.9213	-36.2329	-0.0575	0.2185	-0.1517	-0.2607	-0.6128	0.7059	-0.2413	0.0195	0.0091	0.0016	-0.7081	-9.7181	1.1088	0.004591099013616429	2	0	10	Upright	Normal
-0.6889	-9.4613	1.0720	47.6469	80.3291	101.3686	47.2180	47.1168	-36.4227	0.0232	0.2563	-0.0377	-0.2609	-0.6126	0.7059	-0.2414	0.0131	-0.0026	0.0016	-0.7121	-9.7176	1.1097	-0.03160647303159081	2	0	10	Upright	Normal
-0.8045	-9.5002	1.2258	47.5866	80.2668	101.4691	47.3081	46.9418	-36.2011	-0.0822	0.2158	0.1077	-0.2614	-0.6121	0.7062	-0.2414	0.0152	0.0028	0.0133	-0.7223	-9.7160	1.1181	0.06595445806476974	2	0	10	Upright	Normal
-0.7272	-9.4230	1.1869	47.4246	80.1349	101.5605	48.1076	46.7274	-36.0444	-0.0031	0.2907	0.0503	-0.2620	-0.6111	0.7065	-0.2425	0.0280	0.0443	-0.0112	-0.7241	-9.7137	1.1366	-0.08742449912482542	2	0	10	Upright	Normal
-0.7278	-9.4236	1.1875	47.3539	80.1185	101.5636	47.3052	46.7327	-36.7331	-0.0039	0.2897	0.0474	-0.2623	-0.6108	0.7065	-0.2430	-0.0019	-0.0046	0.0015	-0.7239	-9.7133	1.1401	7.140220784442874E-4	2	0	10	Upright	Normal
-0.9577	-9.4236	1.1875	47.0350	79.9832	101.7558	47.2119	47.2836	-36.7802	-0.2120	0.2854	0.0250	-0.2643	-0.6090	0.7068	-0.2443	0.0428	0.0635	0.0069	-0.7456	-9.7089	1.1625	0.020317285236869154	2	0	10	Upright	Normal
-0.6506	-9.5379	1.1486	46.5160	79.9542	101.7885	48.1280	46.5417	-36.9366	0.1073	0.1683	-0.0284	-0.2672	-0.6071	0.7063	-0.2472	0.0077	0.0518	-0.0113	-0.7579	-9.7062	1.1770	0.08252951536826991	2	0	10	Upright	Normal
-0.8422	-9.4230	1.1869	46.2612	79.9807	101.7437	47.9925	46.6355	-36.0284	-0.0835	0.2830	0.0075	-0.2685	-0.6064	0.7059	-0.2488	0.0045	0.0241	-0.0006	-0.7587	-9.7059	1.1794	-0.09409171442378295	2	0	10	Upright	Normal
-0.7655	-9.4996	1.1869	46.2581	79.9660	101.7690	48.1192	46.9194	-36.8242	-0.0043	0.2059	0.0057	-0.2686	-0.6063	0.7060	-0.2487	0.0088	0.0145	-0.0038	-0.7612	-9.7055	1.1812	0.06929202454897165	3	0	11	Upright	Normal
Total time: 11 seconds.
