1.5706	8.1594	0.2298	10.3644	85.3309	-78.9566	-22.4981	-12.7316	-4.5754	-0.1606	-1.4611	-0.5553	0.4804	-0.4787	-0.4183	-0.6042	-0.2092	0.4380	-0.4255	1.7312	9.6205	0.7851	-1.7123963015886865	1	0	1	Tilt	Normal
1.1875	12.2966	0.8428	11.5762	83.0629	-80.4203	-21.9913	-13.1225	-5.2676	-0.1981	2.6580	-0.3175	0.4835	-0.4550	-0.4298	-0.6119	-0.3913	0.0161	-0.3808	1.3856	9.6386	1.1603	4.070157556247322	1	0	1	Tilt	Normal
0.9577	8.1594	0.0383	14.6540	84.4461	-82.4493	-21.3223	-13.1008	-6.2822	-0.0868	-1.5480	-0.8799	0.5103	-0.4391	-0.4196	-0.6089	-0.0920	0.3879	-0.0516	1.0445	9.7074	0.9182	-4.167020412999088	1	0	1	Tilt	Normal
1.4174	9.2320	-0.2298	16.1733	83.0038	-82.0160	-21.1330	-13.8181	-7.5403	0.3950	-0.4534	-1.3770	0.5100	-0.4259	-0.4162	-0.6207	-0.3530	0.3698	-0.0260	1.0223	9.6854	1.1471	1.1274991912610517	1	0	1	Tilt	Normal
1.3408	9.6917	-0.1915	18.1518	82.9372	-81.5559	-20.2643	-13.4172	-8.1541	0.2833	0.0099	-1.3373	0.5166	-0.4180	-0.4042	-0.6285	-0.0920	0.3517	0.0709	1.0575	9.6819	1.1458	0.4428802710066915	1	0	1	Tilt	Normal
2.7581	10.1897	-0.1149	18.8520	82.3076	-79.4746	-20.3535	-12.0286	-9.7407	1.4000	0.5574	-1.3571	0.5098	-0.4204	-0.3920	-0.6401	-0.2358	0.0236	0.3267	1.3581	9.6323	1.2421	0.7711217934105559	1	0	1	Tilt	Normal
1.6095	12.9484	3.0257	18.7085	81.0949	-76.6282	-20.3534	-11.3069	-10.6373	-0.1573	3.4101	1.5880	0.4946	-0.4267	-0.3819	-0.6538	0.0135	-0.2821	0.2276	1.7668	9.5384	1.4377	2.837264790878784	1	0	1	Tilt	Normal
3.9840	6.4739	4.0606	13.6766	85.0474	-75.0611	-21.5052	-11.6273	-9.0621	1.6589	-3.0174	3.2380	0.4784	-0.4787	-0.3820	-0.6293	-0.0579	-0.8318	0.3885	2.3251	9.4914	0.8226	-4.776140937759967	1	0	1	Tilt	Normal
0.8051	11.0714	1.4551	13.5337	79.6599	-72.2670	-22.2814	-11.4566	-7.8678	-1.7409	1.7570	-0.2562	0.4481	-0.4603	-0.3887	-0.6604	-0.8398	0.2292	-0.0344	2.5459	9.3143	1.7113	2.5774704745739605	1	0	1	Tilt	Normal
3.1412	5.1332	0.8045	7.5639	84.1384	-74.8382	-23.3237	-11.7177	-6.9895	0.7171	-4.3170	-0.1882	0.4451	-0.5012	-0.4150	-0.6151	-0.0153	-0.3546	-0.1484	2.4241	9.4502	0.9927	-5.124015538481956	1	1	2	Jump	Normal
3.5632	9.7306	0.1143	9.6836	80.2162	-73.5772	-23.1132	-11.5150	-6.7650	1.0998	0.3817	-1.5282	0.4361	-0.4754	-0.4128	-0.6429	-0.2443	-0.0329	-0.1750	2.4633	9.3489	1.6426	4.291528158029376	1	1	2	Jump	Normal
4.7884	11.5305	0.9194	10.2324	83.1639	-73.8327	-23.0546	-11.5249	-7.8538	2.2764	2.1210	-0.2292	0.4504	-0.4884	-0.4002	-0.6312	0.2138	0.2793	-0.2900	2.5120	9.4095	1.1486	2.1559363122604047	1	1	2	PT	Normal
2.9113	11.9519	2.1835	12.7669	84.9062	-75.3543	-23.0869	-11.8587	-7.7765	0.6279	2.4527	1.3345	0.4749	-0.4808	-0.3888	-0.6262	1.2013	0.1184	-0.2048	2.2835	9.4991	0.8490	-0.02539790825473176	0	1	2	Upright	Normal
-0.8428	9.8833	4.4053	21.9633	83.3715	-76.7213	-20.3455	-14.0782	-8.6831	-2.6680	0.3054	3.3556	0.5167	-0.4236	-0.3556	-0.6535	-0.3061	1.3648	-0.0333	1.8253	9.5779	1.0497	-1.6402340166211022	0	0	2	Upright	Normal
1.5323	8.4276	-0.3448	19.2296	83.0060	-78.4223	-20.7049	-13.4373	-9.0398	-0.0359	-1.1869	-1.4721	0.5100	-0.4271	-0.3810	-0.6421	-0.0803	-0.2310	-0.3806	1.5682	9.6145	1.1274	-2.280709086537536	0	0	2	Upright	Normal
0.1538	7.0874	1.1103	25.1165	83.0017	-77.9182	-19.9952	-13.3122	-8.9763	-1.3874	-2.5367	0.0286	0.5333	-0.4005	-0.3476	-0.6590	0.0518	1.2082	0.2509	1.5413	9.6241	1.0817	-1.3972148409533842	0	0	2	Upright	Normal
2.4523	9.7689	-0.6901	24.5737	81.1736	-76.8051	-19.9056	-13.5056	-10.6004	0.8496	0.1915	-2.0584	0.5215	-0.3978	-0.3524	-0.6675	-0.1346	0.1738	0.0485	1.6026	9.5774	1.3683	2.920123733912088	0	0	2	Upright	Normal
2.1458	11.7992	0.8039	25.5482	81.3211	-74.9247	-20.2521	-12.2629	-10.5445	0.2408	2.2725	-0.5312	0.5196	-0.4024	-0.3356	-0.6749	-0.2273	-0.0606	0.4256	1.9050	9.5267	1.3351	1.9240298651175358	0	0	2	Upright	Normal
3.6781	11.6077	2.4894	25.0609	83.4640	-72.2297	-20.4087	-12.2363	-10.7463	1.1549	2.1855	1.4783	0.5138	-0.4295	-0.3127	-0.6736	0.1104	-0.0776	0.5215	2.5232	9.4222	1.0111	0.40872059266645877	0	0	2	Upright	Normal
4.1755	8.1600	2.5666	16.7627	85.2405	-72.3729	-21.8774	-12.3669	-8.7788	1.4398	-1.2249	1.7876	0.4821	-0.4773	-0.3502	-0.6458	-0.2880	-0.6773	-0.0921	2.7357	9.3850	0.7790	-2.9095496334909683	0	1	3	PT	Normal
1.0349	7.3173	1.5700	15.3643	80.7767	-72.5528	-22.2875	-11.7832	-8.1520	-1.4700	-2.0421	0.0545	0.4620	-0.4574	-0.3768	-0.6598	-0.7258	-0.1820	-0.5063	2.5049	9.3594	1.5155	-1.9637637238185892	0	1	3	PT	Normal
3.9079	6.9342	0.5740	13.5476	82.1714	-73.9817	-22.6003	-12.2709	-7.8411	1.5279	-2.4901	-0.7245	0.4637	-0.4678	-0.3884	-0.6445	-0.1474	0.2377	-0.1845	2.3800	9.4243	1.2986	0.42519252644081185	0	1	3	PT	Normal
3.3716	10.7266	0.4974	13.6116	79.3633	-73.3260	-22.4161	-12.4995	-7.6015	1.0144	1.3716	-1.2617	0.4517	-0.4541	-0.3956	-0.6582	0.2276	0.0833	-0.1579	2.3572	9.3550	1.7591	3.274756896415308	0	1	3	PT	Normal
4.0229	11.9525	1.2635	14.8007	82.5726	-74.5536	-22.1279	-12.6521	-7.6112	1.7451	2.4931	0.0380	0.4733	-0.4620	-0.3837	-0.6444	0.3203	0.2665	-0.2943	2.2778	9.4593	1.2255	1.4194787704070375	0	1	3	PT	Normal
0.8817	10.0754	2.4894	19.9704	85.1596	-75.8255	-21.4051	-13.4708	-7.6585	-1.2371	0.5321	1.7117	0.5102	-0.4473	-0.3530	-0.6442	0.7560	1.2369	-0.1153	2.1187	9.5433	0.7777	-2.2587123089589607	0	1	3	PT	Normal
1.9543	9.2326	0.7655	25.2908	83.8753	-77.5248	-19.9952	-13.4671	-9.4190	0.2845	-0.3843	-0.1805	0.5353	-0.4065	-0.3404	-0.6576	0.2510	-0.6049	-0.2253	1.6698	9.6169	0.9460	-0.9475998863595443	0	1	3	PT	Normal
0.8434	5.7467	0.6123	28.8049	84.7700	-77.9943	-19.3628	-14.0608	-9.1568	-0.7666	-3.8951	-0.1709	0.5537	-0.3918	-0.3199	-0.6615	-0.0068	1.2242	0.0751	1.6100	9.6417	0.7832	-3.6277223265724965	0	1	3	Jump	Normal
1.5329	9.8456	-0.5369	30.1534	81.4443	-76.0191	-18.4115	-13.2849	-10.1491	-0.0988	0.2583	-1.7983	0.5432	-0.3749	-0.3169	-0.6811	-0.5554	0.0534	0.0378	1.6316	9.5873	1.2614	4.13822691058694	0	1	3	Jump	Normal
2.9503	11.9525	0.4974	31.6734	81.2372	-74.2997	-18.8783	-12.7986	-11.1799	1.0828	2.4096	-0.7739	0.5433	-0.3741	-0.2994	-0.6893	-0.3019	0.0907	0.4170	1.8675	9.5428	1.2713	2.342608467773383	0	1	3	PT	Normal
4.2527	12.1440	0.3825	31.3206	82.1073	-72.2988	-19.4028	-12.0404	-10.9867	1.9662	2.6773	-0.7678	0.5374	-0.3906	-0.2852	-0.6909	0.1520	-0.1319	0.4671	2.2865	9.4667	1.1503	0.5515013324029834	0	2	4	PT	Normal
3.2184	9.0794	5.2475	25.6156	83.2877	-72.1312	-20.6313	-11.8892	-9.7391	0.7017	-0.3422	4.2139	0.5154	-0.4263	-0.3099	-0.6758	0.6100	-1.7980	-0.1997	2.5168	9.4216	1.0335	-1.9032845606804507	0	2	4	PT	Normal
2.0309	8.7346	0.6123	20.4780	82.7453	-72.4784	-21.5044	-12.3012	-7.8781	-0.4847	-0.6725	-0.5477	0.4921	-0.4457	-0.3418	-0.6651	-1.1168	0.2292	-0.2860	2.5156	9.4071	1.1600	-1.981020584126579	0	2	4	PT	Normal
1.9160	6.1681	1.4551	18.1929	83.1068	-75.2363	-21.4673	-12.2658	-7.5798	-0.2096	-3.3399	0.3370	0.4935	-0.4466	-0.3680	-0.6493	0.7538	-0.8702	-0.2242	2.1256	9.5080	1.1181	-2.367764128225345	0	2	4	PT	Normal
3.3333	9.2326	0.4591	17.6727	81.1355	-74.3338	-21.3650	-12.4467	-7.5053	1.1586	-0.2207	-0.9807	0.4812	-0.4416	-0.3739	-0.6585	-1.0742	0.5509	-0.0708	2.1747	9.4534	1.4398	3.205913448981085	0	2	4	PT	Normal
3.9462	10.6117	1.1486	18.7898	83.7736	-75.2588	-21.0952	-12.4555	-8.2628	1.7970	1.0967	0.1419	0.4984	-0.4475	-0.3621	-0.6482	0.6345	-0.1053	-0.1167	2.1492	9.5150	1.0068	1.5531791183331318	0	2	4	PT	Normal
2.7581	12.1817	1.2641	23.0047	85.7363	-75.9142	-20.5680	-12.8211	-7.7467	0.6545	2.6269	0.5932	0.5253	-0.4357	-0.3348	-0.6497	0.6920	0.6713	-0.0826	2.1036	9.5548	0.6710	1.1740343488521585	0	2	4	PT	Normal
-1.4557	10.3430	3.4093	32.5566	85.4340	-76.4510	-19.0342	-13.4439	-8.5129	-3.3374	0.7412	2.7514	0.5647	-0.3841	-0.2870	-0.6717	-0.0920	1.8527	0.0793	1.8817	9.6018	0.6580	-1.5665714838666212	0	2	4	PT	Normal
2.2984	9.0022	-0.2298	33.2357	84.8364	-78.1868	-17.5672	-13.1198	-10.5606	0.7726	-0.6568	-0.9680	0.5715	-0.3685	-0.2964	-0.6707	0.3149	0.4508	-0.2808	1.5259	9.6590	0.7382	-1.6934492703595811	0	2	4	PT	Normal
0.3448	6.0142	1.3024	40.8224	83.8538	-76.6744	-17.0742	-12.9085	-11.0091	-1.2345	-3.6317	0.5080	0.5920	-0.3302	-0.2497	-0.6915	-0.2635	0.8641	0.3456	1.5793	9.6459	0.7944	-3.1305612261757876	0	2	4	PT	Normal
1.3024	10.4196	-0.3065	44.2665	80.7051	-73.7067	-15.4852	-12.1508	-12.3869	-0.3515	0.8203	-1.4406	0.5895	-0.3077	-0.2282	-0.7112	0.0966	0.8204	0.1581	1.6539	9.5993	1.1341	4.341896127773218	0	3	5	Run	Normal
3.6015	11.5311	0.7272	49.0428	82.0518	-71.2452	-15.1734	-11.6656	-12.7337	1.4485	2.0051	-0.1616	0.6024	-0.3031	-0.1783	-0.7166	0.2851	0.6723	0.7302	2.1530	9.5259	0.8888	1.597156387455442	0	3	5	Walk	Normal
1.5329	9.0028	3.2938	51.6326	80.5998	-65.6298	-15.6386	-11.6368	-12.9283	-1.3153	-0.3283	2.2998	0.5947	-0.3093	-0.1353	-0.7296	-0.5234	1.0899	0.3522	2.8482	9.3311	0.9940	-2.3941011844016824	0	3	5	Walk	Normal
3.2567	10.9948	3.9067	53.5582	77.1332	-62.1203	-14.6956	-10.8999	-14.2024	0.3391	1.7226	2.6097	0.5889	-0.2950	-0.1195	-0.7429	0.3778	0.3645	0.3299	2.9176	9.2721	1.2971	2.405998930392119	0	3	5	Walk	Normal
1.4946	8.7346	2.2212	60.9076	71.1981	-57.0774	-13.4146	-11.5603	-14.5399	-1.2326	-0.5589	0.6846	0.6018	-0.2439	-0.0757	-0.7567	0.9019	1.3797	0.1690	2.7271	9.2935	1.5366	-2.978519169753257	0	3	5	Walk	Normal
2.9119	5.8233	2.9491	71.1801	69.0397	-53.8034	-10.8943	-12.4272	-14.7644	0.1835	-3.5279	1.8175	0.6361	-0.1940	-0.0090	-0.7467	0.5440	1.6641	0.2564	2.7285	9.3512	1.1316	-1.9881588536597565	0	3	5	Walk	Normal
4.4059	9.6540	3.1023	79.1873	12.5304	3.6969	-7.4536	-13.3433	-15.6918	1.6765	0.4078	1.3065	0.6305	-0.1045	0.0942	-0.7633	0.2787	2.5983	0.3054	2.7294	9.2463	1.7958	3.9085071648130274	0	3	5	Run	Normal
3.2184	8.3516	3.1406	73.3809	-47.0641	62.6470	-2.7951	-13.3689	-15.6388	0.8318	-0.9664	1.2305	0.6344	-0.0113	0.1784	-0.7520	0.7506	3.3078	0.0249	2.3866	9.3179	1.9101	-1.5707486370965213	0	3	5	Walk	Normal
1.0726	11.6071	4.7501	51.1355	-64.4525	80.5596	3.4488	-14.8437	-13.7911	-0.7245	2.3390	2.0966	0.5895	0.1309	0.3178	-0.7310	-0.6246	4.1781	0.3765	1.7971	9.2681	2.6535	3.101955039606924	0	3	5	Walk	Normal
-0.9960	9.9216	3.7158	39.2979	-67.7374	83.3554	8.3368	-13.2569	-11.3783	-2.2830	0.6348	0.8408	0.5575	0.2063	0.3800	-0.7086	1.2172	1.5086	0.4255	1.2870	9.2868	2.8750	-1.9459393541124044	0	3	5	Walk	Normal
1.0726	7.5082	4.3670	30.0412	-72.0514	88.2771	9.8429	-15.2461	-8.7601	-0.1591	-1.8624	1.7511	0.5460	0.2617	0.4346	-0.6667	-0.1325	1.8921	0.6598	1.2317	9.3706	2.6160	-1.8894904788374731	0	4	6	Walk	Normal
-0.0760	9.0028	3.1406	18.8979	-72.8168	92.2996	10.5076	-17.1668	-5.9341	-1.3894	-0.3208	0.3997	0.5138	0.3103	0.5050	-0.6203	0.4523	1.6279	0.7088	1.3134	9.3236	2.7409	0.783361468114979	0	4	6	Walk	Normal
-0.2682	7.5465	4.3287	10.5251	-72.7138	95.6116	9.2775	-18.0207	-3.2805	-1.7135	-1.7202	1.4638	0.4870	0.3418	0.5576	-0.5789	0.0965	1.2188	0.7865	1.4453	9.2668	2.8650	-0.8311959984161277	0	4	6	Walk	Normal
1.6855	8.5042	4.0989	6.6883	-70.8339	99.8522	8.6337	-19.0828	-1.9282	-0.2689	-0.5580	0.9013	0.4733	0.3361	0.6008	-0.5496	0.0092	0.1610	0.8579	1.9544	9.0622	3.1976	0.8857716807158837	0	4	6	Walk	Normal
6.1298	10.3052	3.9067	8.9871	-73.0712	105.3269	5.6950	-20.4935	-1.8806	3.2198	1.3752	1.0864	0.5101	0.3099	0.6086	-0.5229	0.5791	-0.0936	0.3561	2.9100	8.9301	2.8204	3.021113814914491	0	4	6	Walk	Normal
4.7890	8.9262	2.4511	4.8498	-72.9693	108.4990	5.3105	-20.1125	-0.8192	1.5838	0.1112	-0.4108	0.5020	0.3195	0.6372	-0.4897	-0.0483	0.3634	0.1729	3.2052	8.8150	2.8618	-2.188798029268268	0	4	6	Walk	Normal
4.4059	7.5088	3.0640	3.1805	-74.1828	109.2800	5.4004	-20.4164	-0.5568	1.1506	-1.3484	0.3952	0.5045	0.3308	0.6406	-0.4751	0.5120	0.3176	-0.1051	3.2554	8.8572	2.6688	-1.192649464637686	0	4	6	Walk	Normal
2.6815	7.2784	3.4860	-2.8586	-73.5146	109.2325	5.4582	-20.6867	1.0566	-0.2849	-1.6460	0.7066	0.4762	0.3627	0.6616	-0.4516	0.1552	1.3786	-0.1495	2.9664	8.9244	2.7794	-0.7254324327229291	0	4	6	Walk	Normal
2.4140	11.0714	3.0257	-5.2707	-72.2448	108.1336	6.2756	-20.6863	1.9982	-0.2316	2.1103	0.0479	0.4550	0.3757	0.6693	-0.4516	-0.0174	-0.0712	-0.1836	2.6456	8.9610	2.9778	3.224534569287041	0	4	6	Walk	Normal
1.8010	9.1943	2.7192	-6.9782	-72.2667	106.6441	6.5662	-20.5640	1.9099	-0.5266	0.1411	-0.2456	0.4427	0.3910	0.6680	-0.4527	0.3501	0.4316	-0.1239	2.3276	9.0532	2.9648	-1.972864022878829	0	5	7	Walk	Normal
1.0732	8.2750	3.8301	-8.3218	-72.6429	105.2199	6.4701	-20.3548	3.0202	-0.9753	-0.8679	0.9354	0.4339	0.4052	0.6646	-0.4538	-0.1144	0.1791	-0.1889	2.0485	9.1429	2.8947	-0.5743124325385356	0	5	7	Walk	Normal
1.0726	7.7381	2.4517	-8.8163	-72.2929	104.0424	6.6202	-19.9416	2.7698	-0.7506	-1.4356	-0.4957	0.4254	0.4108	0.6625	-0.4597	0.1743	-0.0052	-0.1016	1.8232	9.1737	2.9474	-0.9935771180867281	0	5	7	Walk	Normal
0.7661	5.8227	2.8347	-11.7517	-72.0676	103.2308	7.0105	-19.9983	3.0422	-0.7706	-3.4005	-0.1214	0.4073	0.4282	0.6679	-0.4523	-0.1410	0.6915	-0.1804	1.5368	9.2232	2.9561	-1.6665481455360167	0	5	7	Walk	Normal
0.1532	5.8993	2.8730	-15.2767	-68.3838	102.4716	7.5561	-20.5343	3.2078	-0.8862	-3.2081	-0.6119	0.3655	0.4345	0.6860	-0.4551	-0.3988	0.4284	-0.2166	1.0394	9.1074	3.4849	0.04226851208720639	0	5	7	Tilt	Normal
1.5706	7.2018	4.3287	-14.8382	-66.4184	102.5022	8.0238	-19.5426	3.4447	0.6059	-1.7903	0.5365	0.3560	0.4242	0.6913	-0.4641	-0.2283	-0.4696	-0.0046	0.9647	8.9920	3.7923	1.984634299483326	0	0	7	Tilt	Normal
4.4053	19.1919	6.3973	-7.0768	-69.1255	104.8078	7.8614	-19.1317	2.7742	2.4798	10.2232	2.9298	0.4176	0.3857	0.6726	-0.4737	0.7283	-0.9543	0.5696	1.9255	8.9687	3.4676	12.156013939106767	0	0	7	Tilt	Normal
1.0343	6.3207	-0.3065	-6.7973	-75.7972	104.7060	6.6134	-19.9287	3.1745	-1.1036	-2.9470	-2.6956	0.4569	0.4116	0.6459	-0.4523	0.2489	0.4060	-0.2773	2.1379	9.2677	2.3891	-14.292038074161475	0	0	7	Tilt	Normal
-0.0383	3.8307	2.7198	-8.6198	-79.0320	103.6007	6.9807	-19.7348	4.7870	-2.0304	-5.5926	0.8751	0.4628	0.4379	0.6341	-0.4381	1.0436	-1.2973	0.1654	1.9921	9.4233	1.8447	-1.7139000640054611	0	0	7	Tilt	Normal
4.1755	16.1273	-0.9194	-7.1751	-84.0775	104.2878	7.0878	-19.7820	5.6822	1.8907	6.6436	-1.9233	0.4992	0.4468	0.6110	-0.4218	0.5823	0.0545	0.0600	2.2848	9.4837	1.0039	11.986225683302116	0	0	7	Tilt	Normal
2.1458	8.3899	1.3402	-6.6300	-85.6331	103.3098	6.9975	-19.3259	6.3841	-0.0212	-1.1455	0.5986	0.5058	0.4542	0.5987	-0.4235	-0.0270	-0.2385	-0.0774	2.1671	9.5354	0.7416	-7.921372636470414	0	1	8	Jump	Normal
1.8387	8.7340	0.1915	-7.2174	-85.9234	102.9631	7.2445	-19.3435	6.0669	-0.2701	-0.8181	-0.5001	0.5035	0.4596	0.5982	-0.4213	0.1317	0.1536	-0.0146	2.1088	9.5521	0.6916	0.1644511066581238	0	1	8	Upright	Normal
2.7964	10.3430	0.7661	-7.5402	-86.8308	102.9970	7.3387	-19.6827	6.7926	0.6636	0.7862	0.2288	0.5070	0.4643	0.5954	-0.4159	0.0625	0.0833	-0.0402	2.1328	9.5568	0.5373	1.814214383623927	0	0	8	Upright	Normal
2.1841	9.2709	1.2635	-8.1428	-85.4820	103.1864	7.1447	-19.2890	6.0802	0.0606	-0.2723	0.4989	0.4981	0.4614	0.6040	-0.4173	-0.1144	0.0779	-0.0293	2.1235	9.5433	0.7646	-1.1335764675428877	0	0	8	Upright	Normal
2.4134	9.1937	0.9194	-8.0783	-84.9034	103.2512	6.7357	-19.5347	6.0537	0.2936	-0.3421	0.0569	0.4956	0.4587	0.6065	-0.4196	-0.1016	0.0108	-0.0293	2.1198	9.5358	0.8625	-0.05858718257413109	0	0	8	Upright	Normal
2.3756	9.8072	1.2252	-7.9147	-84.3862	103.2761	7.1934	-19.8101	6.7501	0.2631	0.2782	0.2752	0.4936	0.4559	0.6083	-0.4224	-0.0377	-0.0265	-0.0400	2.1126	9.5291	0.9500	0.6153781266929936	0	0	8	Upright	Normal
2.2990	9.5008	1.3402	-7.8781	-83.9005	103.2414	7.0578	-19.7821	6.2711	0.2046	-0.0238	0.3081	0.4911	0.4541	0.6102	-0.4247	-0.0547	0.0343	-0.0475	2.0945	9.5246	1.0321	-0.2984833316433839	0	0	8	Upright	Normal
2.2218	9.3470	1.4174	-7.9498	-83.4645	103.1483	6.8626	-19.8315	5.8623	0.1559	-0.1755	0.3120	0.4881	0.4532	0.6119	-0.4265	-0.0249	0.0044	-0.0315	2.0659	9.5225	1.1054	-0.15501737593450393	0	0	8	Upright	Normal
2.4134	9.5002	1.3024	-8.1191	-83.3614	103.2420	7.1271	-20.0084	6.1484	0.3380	-0.0183	0.1802	0.4872	0.4533	0.6132	-0.4256	0.0135	0.0076	-0.0377	2.0753	9.5184	1.1223	0.17667365691423065	0	0	8	Upright	Normal
2.2984	9.5768	1.2641	-8.0693	-83.2272	103.2701	7.3607	-19.3248	6.2022	0.2212	0.0614	0.1191	0.4868	0.4524	0.6138	-0.4262	0.0177	0.0129	-0.0260	2.0773	9.5155	1.1450	0.041435089374935785	1	0	9	Upright	Normal
2.4140	9.5391	1.3402	-8.0634	-83.2535	103.2703	6.9983	-19.4199	6.0068	0.3358	0.0233	0.1996	0.4869	0.4525	0.6136	-0.4262	0.0167	-0.0126	-0.0345	2.0782	9.5158	1.1405	0.0011207964644768253	1	0	9	Upright	Normal
2.3367	9.4236	1.3024	-8.0421	-83.2330	103.2459	7.1499	-19.2478	5.5038	0.2628	-0.0926	0.1583	0.4868	0.4524	0.6135	-0.4265	0.0124	-0.0020	-0.0516	2.0740	9.5162	1.1441	-0.13470647724752993	1	0	9	Upright	Normal
2.4134	9.5002	1.2258	-8.0424	-83.2723	103.1874	7.1143	-19.7600	6.6249	0.3481	-0.0187	0.0883	0.4868	0.4528	0.6132	-0.4266	0.0252	0.0108	-0.0495	2.0653	9.5189	1.1375	0.08235315957986877	1	0	9	Upright	Normal
2.4134	9.5768	1.2258	-8.0865	-83.3175	103.1381	6.8864	-19.6821	6.3992	0.3558	0.0554	0.0961	0.4867	0.4534	0.6129	-0.4265	0.0231	0.0172	-0.0495	2.0575	9.5214	1.1298	0.07369025181489519	1	0	9	Upright	Normal
2.3373	9.3093	1.2635	-8.2264	-83.4187	103.0857	7.4693	-19.7544	6.5168	0.2884	-0.2161	0.1511	0.4864	0.4547	0.6128	-0.4257	0.0401	0.0353	-0.0442	2.0490	9.5253	1.1124	-0.27095722721333004	1	0	9	Upright	Normal
2.2990	9.3859	1.4168	-8.3813	-83.4173	103.1074	6.5217	-19.3924	6.7499	0.2494	-0.1395	0.3047	0.4858	0.4553	0.6133	-0.4249	0.0071	0.0332	-0.0442	2.0496	9.5253	1.1121	0.085632489835886	1	0	9	Upright	Normal
2.3756	9.5391	1.1486	-8.3998	-83.3326	103.1130	7.1308	-19.5952	6.2143	0.3279	0.0151	0.0223	0.4853	0.4551	0.6138	-0.4251	0.0401	0.0193	-0.0591	2.0478	9.5240	1.1263	0.13066247198557868	1	0	9	Upright	Normal
2.3756	9.5391	1.0720	-8.4717	-83.3408	102.9862	6.4987	-19.5538	7.0231	0.3502	0.0102	-0.0527	0.4845	0.4560	0.6135	-0.4254	0.0018	0.0034	-0.0431	2.0255	9.5289	1.1247	-0.008596850537394118	1	0	9	Upright	Normal
2.3373	9.5008	1.3402	-8.7012	-83.3945	102.9271	6.7313	-19.6764	6.8460	0.3244	-0.0320	0.2251	0.4835	0.4575	0.6138	-0.4244	0.0028	0.0044	-0.0470	2.0129	9.5328	1.1151	-0.013295379544686625	1	0	9	Upright	Normal
2.4140	9.5008	1.1103	-8.7708	-83.4800	102.8963	6.9853	-19.3533	6.9115	0.4049	-0.0344	0.0099	0.4836	0.4583	0.6136	-0.4239	0.0412	0.0311	-0.0459	2.0090	9.5352	1.1004	-0.010077875741922426	2	0	10	Upright	Normal
2.3373	9.4625	1.2252	-8.7078	-83.5535	102.8998	7.3593	-19.1683	6.7887	0.3244	-0.0733	0.1369	0.4842	0.4583	0.6131	-0.4239	0.0124	-0.0158	-0.0448	2.0129	9.5358	1.0883	-0.041768570026054164	2	0	10	Upright	Normal
2.2601	9.4619	1.1875	-8.6540	-83.5184	102.8699	6.2024	-19.7658	6.8938	0.2523	-0.0744	0.0932	0.4842	0.4580	0.6129	-0.4244	-0.0014	-0.0116	-0.0438	2.0078	9.5363	1.0943	-0.023299717373271633	2	0	10	Upright	Normal
2.4134	9.5002	1.1492	-8.5645	-83.5203	102.8601	6.8907	-19.5087	6.7041	0.4054	-0.0361	0.0549	0.4845	0.4576	0.6126	-0.4249	-0.0131	-0.0020	-0.0416	2.0080	9.5363	1.0943	0.06879779046299461	2	0	10	Upright	Normal
2.2984	9.5002	1.1492	-8.5141	-83.4942	102.8563	7.1024	-19.5706	6.0565	0.2909	-0.0356	0.0504	0.4846	0.4573	0.6125	-0.4253	0.0060	-0.0062	-0.0411	2.0075	9.5358	1.0988	-0.02749051231171684	2	0	10	Upright	Normal
2.3750	9.5002	1.1875	-8.4219	-83.4060	102.9113	6.6737	-19.2970	6.4664	0.3591	-0.0320	0.0736	0.4848	0.4563	0.6128	-0.4258	-0.0110	-0.0052	-0.0336	2.0159	9.5322	1.1139	0.02270783174594193	2	0	10	Upright	Normal
2.3750	9.5385	1.1492	-8.2621	-83.3197	102.9669	6.9641	-18.7479	7.1727	0.3494	0.0100	0.0204	0.4852	0.4550	0.6129	-0.4266	-0.0132	-0.0254	-0.0400	2.0256	9.5285	1.1289	0.03237075723585292	2	0	10	Upright	Normal
2.4134	9.5002	1.1875	-8.1814	-83.2556	102.9904	6.8477	-19.7304	6.7186	0.3840	-0.0262	0.0476	0.4853	0.4542	0.6130	-0.4271	-0.0089	-0.0137	-0.0432	2.0294	9.5264	1.1399	-0.023054977150877676	2	0	10	Upright	Normal
2.3750	9.4619	1.2258	-8.1368	-83.2267	102.9965	6.8653	-19.5302	6.2370	0.3446	-0.0636	0.0810	0.4854	0.4539	0.6130	-0.4274	-0.0015	0.0044	-0.0475	2.0304	9.5255	1.1449	-0.041495644996823344	2	0	10	Upright	Normal
2.4134	9.5385	1.2258	-8.0670	-83.1623	102.9998	6.6618	-19.8510	6.4610	0.3828	0.0144	0.0699	0.4854	0.4533	0.6130	-0.4280	0.0007	-0.0030	-0.0432	2.0306	9.5241	1.1560	0.08301431573864448	2	0	10	Upright	Normal
2.4523	9.5008	1.3018	-8.0072	-83.1260	102.9903	6.7484	-19.9185	5.9868	0.4232	-0.0229	0.1396	0.4854	0.4529	0.6129	-0.4284	-0.0185	-0.0169	-0.0443	2.0291	9.5237	1.1622	-0.016978585910443655	3	0	11	Upright	Normal
Total time: 11 seconds.
