0.0383	-9.5385	1.8771	28.4329	77.0428	93.0182	14.9229	13.0077	-11.4179	-0.5038	0.0605	-0.0566	-0.3058	-0.5549	0.6555	-0.4110	-0.0336	-0.2990	-0.0484	0.5421	-9.5990	1.9336	-0.3032141506142594	6	0	1	Upright	Normal
-0.3059	-9.7677	1.7998	29.2905	77.0569	93.0911	14.4198	12.9588	-11.4790	-0.8634	-0.1661	-0.1158	-0.3015	-0.5581	0.6578	-0.4062	0.0357	-0.2489	-0.0686	0.5575	-9.6016	1.9157	0.2153216970639047	6	0	1	Upright	Normal
-0.1149	-9.9982	1.1492	29.9876	77.0673	92.7756	13.7190	13.0375	-11.3801	-0.7477	-0.3983	-0.7516	-0.2961	-0.5616	0.6583	-0.4045	0.0399	0.1207	-0.1964	0.6328	-9.5999	1.9008	0.12784284637130838	6	0	1	Upright	Normal
0.0766	-11.1857	-0.1538	29.1520	78.9100	91.2252	13.7262	13.2179	-12.0926	-0.6363	-1.5447	-1.8012	-0.3036	-0.5691	0.6459	-0.4084	-0.2562	-0.0252	-0.2145	0.7129	-9.6410	1.6474	1.1223354674866748	6	0	1	Upright	Normal
2.2607	-14.2880	1.2635	39.9932	98.0224	83.2224	12.6900	14.8467	-11.3172	1.9882	-4.5414	2.3122	-0.3033	-0.6793	0.6023	-0.2894	-2.6371	-2.5979	0.8177	0.2725	-9.7466	-1.0487	3.3337976266214735	6	0	1	Upright	Normal
-3.3321	-8.9250	-0.6135	47.2890	102.9388	83.5216	12.4214	16.2079	-10.3747	-2.8074	0.7537	0.8760	-0.2909	-0.7009	0.6141	-0.2167	-0.1603	-1.8266	0.8731	-0.5248	-9.6787	-1.4895	-4.974357493782197	6	0	1	Upright	Normal
-1.9154	-7.3933	-1.1492	46.5134	106.1202	88.4378	12.1631	15.1260	-10.4676	-0.1974	2.0782	0.7247	-0.3421	-0.6918	0.6112	-0.1756	-0.6035	2.1937	0.6580	-1.7180	-9.4715	-1.8739	-1.82309920566993	6	0	1	Upright	Normal
-0.2682	-7.0102	-2.9497	39.5328	108.3919	89.2446	14.7574	14.3856	-8.6056	1.5785	2.3207	-0.5632	-0.3953	-0.6822	0.5819	-0.1992	0.2743	0.2496	0.5218	-1.8467	-9.3310	-2.3864	-0.11313314770203586	0	0	1	Upright	Normal
-2.2212	-8.8867	-4.9039	37.7204	106.2819	92.2595	15.4539	13.5001	-7.8205	-0.1692	0.4531	-2.7291	-0.4115	-0.6645	0.5885	-0.2069	0.5183	0.2549	-0.1194	-2.0520	-9.3398	-2.1748	2.779930920206172	0	0	1	Upright	Normal
0.5369	-17.7356	-3.3333	43.2650	101.6880	92.0945	15.3721	12.8156	-8.9416	2.2486	-8.1885	-1.8866	-0.3574	-0.6679	0.6210	-0.2016	0.3318	-2.0524	-0.2686	-1.7117	-9.5472	-1.4467	7.663944506591111	0	1	2	Jump	Normal
5.2487	-9.9593	2.4511	62.6363	99.5961	89.0054	11.0261	13.1086	-13.1668	6.5326	-0.2661	3.2025	-0.2181	-0.7005	0.6697	-0.1150	0.0091	-2.0716	-1.1272	-1.2839	-9.6932	-0.7515	-6.532627478864148	0	1	2	Jump	Normal
-1.8765	-12.3343	0.2292	57.6505	95.3964	84.0270	6.9145	13.7904	-13.7575	-2.1174	-2.5429	0.7227	-0.1926	-0.6986	0.6596	-0.1994	0.4863	3.1610	-1.2422	0.2409	-9.7914	-0.4935	0.9568552182174841	0	1	2	PT	Normal
-3.2938	-8.1588	-0.2304	49.1948	77.2592	97.3814	9.6522	13.2827	-14.0324	-3.6884	1.5375	-1.6438	-0.2117	-0.6190	0.7051	-0.2737	0.6621	0.8461	-0.3614	0.3946	-9.6964	1.4133	-3.6767274911095615	0	1	2	Jump	Normal
0.9200	-12.4493	-1.1881	61.5311	57.9882	114.2541	7.7083	10.2321	-16.5561	0.1694	-2.9905	-3.6660	-0.1070	-0.6018	0.7658	-0.1997	0.8591	-1.9672	-0.8525	0.7506	-9.4587	2.4778	3.738055558591288	0	1	2	Jump	Normal
-0.7278	-13.5225	3.1795	55.0885	65.4809	106.4465	6.9990	8.4935	-17.1929	-1.4024	-4.0203	0.8504	-0.1512	-0.5986	0.7471	-0.2462	-1.1521	0.7343	-0.2346	0.6746	-9.5021	2.3291	1.370658088958347	0	1	2	PT	Normal
-2.3750	-10.9176	-0.4980	49.7192	94.7406	87.1734	8.5519	11.3290	-14.9812	-2.2393	-1.1257	0.0260	-0.2540	-0.6798	0.6477	-0.2319	-3.7950	1.9391	0.8424	-0.1357	-9.7918	-0.5240	-2.726283286022321	0	1	2	PT	Normal
5.5551	-8.4653	5.5923	46.1687	110.1983	74.1744	10.0353	15.2107	-10.4448	5.3953	1.0555	7.9372	-0.2760	-0.7371	0.5739	-0.2260	-1.3438	0.5148	-0.2889	0.1598	-9.5208	-2.3450	0.38291272704968726	0	1	2	Upright	Normal
0.8434	-7.0862	-0.1155	54.0729	113.1425	76.4835	9.3122	17.4100	-9.4261	1.7704	2.4111	2.1460	-0.2635	-0.7388	0.6017	-0.1506	-0.4841	-1.1012	0.9184	-0.9270	-9.4973	-2.2615	-4.429797389180161	0	0	2	Upright	Normal
1.6861	-4.8261	0.1909	54.4961	105.5173	82.4630	9.6765	16.5753	-10.3160	2.5640	4.8216	1.7147	-0.2581	-0.7149	0.6287	-0.1644	1.1692	0.7268	-0.2086	-0.8779	-9.6477	-1.5238	-2.021426690016078	0	0	2	Upright	Normal
-9.0782	-12.1811	-9.0794	55.4956	100.3054	93.6586	10.4009	15.0656	-11.6138	-7.0196	-2.6445	-8.0855	-0.2914	-0.6824	0.6581	-0.1273	0.6983	-0.6804	0.4753	-2.0586	-9.5366	-0.9939	12.582537974604184	0	1	3	Jump	Normal
7.0108	-15.2074	1.2252	63.1447	106.0770	81.2733	8.9421	16.0382	-12.9918	7.9760	-5.5257	2.4521	-0.2045	-0.7216	0.6511	-0.1163	-0.8474	-0.1435	-1.7682	-0.9652	-9.6817	-1.2269	-0.9078627134203785	0	1	3	PT	Normal
3.3333	-8.9633	2.9491	73.6620	113.5156	67.0880	5.0993	17.1216	-13.7182	3.2911	0.7814	4.0498	-0.0960	-0.7395	0.6603	-0.0887	-0.8676	-1.9715	-0.9767	0.0422	-9.7447	-1.1007	-6.782959311858621	0	1	3	Jump	Normal
-3.2938	-8.8101	0.0760	73.0689	90.8991	87.4291	2.6427	18.0171	-13.2522	-3.5865	0.9922	0.1209	-0.0938	-0.7025	0.6962	-0.1143	2.7170	2.2800	0.1607	0.2927	-9.8023	-0.0449	-0.6014429444090297	0	1	3	PT	Normal
-0.5740	-11.1851	-1.8777	69.7358	42.3769	130.8634	4.0763	13.8664	-15.5720	-1.3891	-1.7400	-4.3866	-0.0481	-0.6081	0.7817	-0.1301	1.9585	-3.0325	-0.6436	0.8151	-9.4451	2.5090	1.9501344602941675	0	1	3	PT	Normal
-4.1749	-12.4876	-0.4220	67.0854	41.2017	128.6470	0.9546	10.8637	-17.8734	-5.4485	-3.1981	-3.2947	-0.0402	-0.5932	0.7874	-0.1628	0.0826	0.0898	-0.3932	1.2736	-9.2895	2.8727	1.8176332829947732	0	1	3	PT	Normal
-5.2858	-14.8626	-3.2184	70.2676	69.6094	104.5557	1.8079	12.3632	-17.8391	-6.0885	-5.1571	-4.3720	-0.0801	-0.6594	0.7321	-0.1510	-2.9460	1.3692	0.3695	0.8027	-9.7055	1.1536	2.925760676343124	0	1	3	PT	Normal
-0.3065	-15.0164	5.0566	59.2393	108.2563	74.3714	5.9276	18.1184	-13.1767	-0.2731	-5.3365	6.6279	-0.1950	-0.7363	0.6270	-0.1638	-2.8874	2.0041	0.7147	-0.0334	-9.6799	-1.5713	-0.2516399037556365	0	1	3	Tilt	Normal
2.2990	-7.2395	-0.5369	58.7996	121.3277	61.9928	7.1417	21.0574	-8.1581	2.2160	2.2045	2.1045	-0.1850	-0.7749	0.5867	-0.1455	-0.7313	-1.2290	0.9978	0.0830	-9.4439	-2.6414	-8.233159821767824	0	0	3	Tilt	Normal
2.1835	-3.1412	3.3327	61.6879	123.1334	64.3564	7.7731	20.7747	-7.9194	2.8838	6.3044	5.8751	-0.1955	-0.7690	0.5993	-0.1059	0.6184	0.3455	0.5408	-0.7003	-9.4456	-2.5423	-2.5410962679867684	0	0	3	Tilt	Normal
0.6129	-9.6151	-3.4860	61.4063	108.6793	77.2539	8.8309	19.3384	-9.1493	1.2531	0.0546	-1.9827	-0.2036	-0.7316	0.6370	-0.1326	-0.0815	-1.0106	1.6316	-0.6401	-9.6697	-1.5033	5.172248821804767	0	1	4	Jump	Normal
-2.7198	-7.8530	-1.8387	63.6358	105.4637	85.3058	10.3157	17.9371	-10.7522	-1.1583	1.7587	-0.6776	-0.2234	-0.7137	0.6572	-0.0942	0.0186	-0.2330	-1.1754	-1.5615	-9.6117	-1.1612	-1.7342527824122431	0	1	4	PT	Normal
4.2521	-7.0868	1.9154	70.5146	112.4433	70.4696	7.6258	18.8629	-10.7134	4.5484	2.6356	3.1642	-0.1294	-0.7395	0.6538	-0.0940	-0.2104	-2.6554	-0.3477	-0.2963	-9.7224	-1.2489	-0.028001609791372672	0	1	4	Tilt	Normal
-0.8422	-11.2617	2.2978	81.4678	159.7674	18.8565	1.0885	19.7762	-11.3945	-1.1105	-1.5541	3.6631	-0.0091	-0.7547	0.6555	-0.0261	-0.9060	-0.8082	-0.7235	0.2683	-9.7076	-1.3653	3.0409195856592053	0	0	4	Tilt	Normal
-1.6849	-8.5802	0.1526	71.0892	54.2873	119.7825	1.4180	18.6418	-13.4149	-2.4298	1.0205	-1.7026	-0.0616	-0.6337	0.7594	-0.1338	2.2408	-0.5259	-0.1770	0.7449	-9.6007	1.8552	-2.7791425001000647	0	0	4	Tilt	Normal
-0.7278	-10.5728	-2.5666	74.9421	18.0082	152.1289	1.0011	15.1731	-16.4841	-2.2579	-1.1941	-4.9894	0.0241	-0.6131	0.7837	-0.0964	0.9966	-0.0210	-1.0239	1.5300	-9.3787	2.4228	2.1587843114917966	0	0	4	Tilt	Normal
-3.9073	-12.5265	-0.2682	73.2711	37.9066	133.7537	-0.2949	13.6604	-17.9159	-5.0931	-3.0499	-2.4952	-0.0181	-0.6214	0.7741	-0.1198	-0.7409	-0.2372	0.1606	1.1857	-9.4765	2.2271	2.2203018390444633	0	0	4	Tilt	Normal
-2.9874	-11.4150	0.2292	69.6274	93.7765	83.4051	0.9211	15.9112	-15.3097	-3.5096	-1.6248	0.4542	-0.1074	-0.7071	0.6844	-0.1417	-4.1220	2.4004	1.1439	0.5222	-9.7902	-0.2249	-1.3228197218824143	0	0	4	Tilt	Normal
5.7844	-11.7986	4.4819	60.3856	127.5463	56.5770	6.3390	20.1355	-7.9562	5.8380	-2.4473	7.4352	-0.1717	-0.7881	0.5783	-0.1226	-1.0157	-1.7616	0.3748	-0.0536	-9.3513	-2.9532	2.0819100759550597	0	0	4	Tilt	Normal
-0.9954	-5.7072	1.3785	58.6382	122.4022	65.9558	7.8962	19.9236	-6.3360	-0.2710	3.6826	4.1134	-0.2180	-0.7694	0.5886	-0.1188	-0.6056	-1.2141	1.2387	-0.7244	-9.3898	-2.7349	-7.928475901794716	0	0	4	Tilt	Normal
4.3676	-3.7918	2.4511	56.9251	113.5962	74.4452	9.5481	18.9953	-7.1317	5.1267	5.7479	4.5934	-0.2372	-0.7436	0.6088	-0.1421	0.7313	-0.2063	-0.1707	-0.7591	-9.5397	-2.1424	0.32674438077617474	0	0	5	Tilt	Normal
-5.5929	-19.3068	-11.1091	59.8819	101.8903	87.8829	9.9346	17.5918	-8.3978	-4.2008	-9.6525	-10.0952	-0.2405	-0.7027	0.6579	-0.1242	1.8647	-1.9757	1.5785	-1.3921	-9.6543	-1.0139	16.684330706106238	0	0	5	Tilt	Normal
4.7124	-15.0158	1.1486	61.8888	109.9327	75.1878	8.4644	16.6300	-9.8243	5.2065	-5.3491	2.7240	-0.1945	-0.7365	0.6340	-0.1333	-1.3683	-0.2830	-1.7164	-0.4941	-9.6667	-1.5754	-7.1864330174800415	0	0	5	Tilt	Normal
3.0652	-8.3887	1.7998	66.7270	105.5989	74.4290	6.8381	18.2995	-9.1681	2.8633	1.3605	2.8418	-0.1375	-0.7309	0.6543	-0.1372	-0.4767	-2.1504	-0.7395	0.2019	-9.7492	-1.0419	-6.669033429808753	0	0	5	Tilt	Normal
-3.0257	-10.7254	-0.3071	70.3621	100.2006	76.9995	4.5808	18.0497	-9.9922	-3.6031	-0.9532	0.2767	-0.1011	-0.7208	0.6723	-0.1351	1.9042	0.7418	-0.0492	0.5775	-9.7722	-0.5837	2.0375367998483753	0	0	5	Tilt	Normal
-2.2984	-7.8147	0.4214	63.6009	72.5273	102.2538	4.6916	15.9496	-12.1390	-2.8903	1.8862	-0.8877	-0.1247	-0.6463	0.7291	-0.1874	1.9457	0.6288	-0.3645	0.5918	-9.7009	1.3090	-2.9916678155526224	0	0	5	Tilt	Normal
-1.3791	-9.0788	0.0383	70.3106	51.8068	118.4403	2.1235	13.8776	-14.1920	-2.7285	0.4173	-2.0045	-0.0418	-0.6278	0.7606	-0.1603	0.6163	-0.7858	-0.8087	1.3494	-9.4962	2.0429	1.0264500367496634	0	0	5	Tilt	Normal
-2.4517	-11.1091	0.4597	68.4447	50.7361	120.2675	1.2584	13.2020	-15.0091	-3.6102	-1.6418	-1.8205	-0.0541	-0.6171	0.7679	-0.1631	-0.2935	-0.6165	-0.0098	1.1585	-9.4673	2.2802	2.2026768686178695	0	0	5	Tilt	Normal
-1.4174	-15.3995	-4.1372	71.0150	79.0681	97.4406	1.4335	13.2807	-14.0242	-1.9142	-5.6241	-4.7422	-0.0939	-0.6785	0.7157	-0.1364	-2.9630	0.8536	1.0555	0.4968	-9.7754	0.6050	4.622732093751802	0	0	5	Tilt	Normal
9.6157	-9.9593	1.7232	68.2075	127.4587	48.8977	2.7770	17.9025	-9.8236	8.6713	-0.4527	3.9376	-0.0814	-0.7786	0.6094	-0.1255	-1.2203	-2.5829	-1.7078	0.9444	-9.5066	-2.2143	-2.0578539135538563	0	0	5	Tilt	Normal
1.3030	-5.3624	1.4551	77.4120	179.5643	-3.2069	0.4130	18.4750	-9.5624	0.6933	4.1891	3.5924	0.0242	-0.7800	0.6250	-0.0205	0.2519	-4.7028	0.7381	0.6098	-9.5515	-2.1373	-8.243529208868846	0	1	6	Jump	Normal
2.9503	-4.1749	1.4168	81.4624	-166.5672	-26.3527	-4.2354	17.5240	-9.7669	2.6121	5.5231	2.8329	-0.0972	0.7502	-0.6512	0.0614	1.1819	-1.7776	-0.5669	0.3382	-9.6980	-1.4162	-0.4022082705077432	0	1	6	PT	Normal
-3.4087	-16.6247	-2.9886	88.0671	-147.7706	-62.5379	-7.8486	15.8237	-11.1726	-3.5849	-6.8236	-2.7089	-0.1936	0.6905	-0.6743	0.1761	1.2618	-6.0504	2.4947	0.1761	-9.8011	-0.2797	11.926859111480764	0	1	6	Jump	Normal
0.4603	-13.0622	-1.0349	84.4659	107.6316	20.4369	-10.4920	14.7508	-10.1479	1.3616	-3.3012	-0.7483	-0.2845	0.6585	-0.6115	0.3339	-0.5800	-0.0370	-0.8630	-0.9013	-9.7610	-0.2866	-4.120489575498901	0	1	6	Jump	Normal
3.9079	-10.6488	3.7152	87.6764	-139.3658	-104.8908	-13.1751	13.9525	-7.7199	3.6498	-0.8501	4.0163	-0.3897	0.6029	-0.5944	0.3624	-0.8367	-3.4011	-0.4910	0.2581	-9.7987	-0.3011	-1.1750791501683526	0	1	6	PT	Normal
-2.1446	-8.9633	1.9531	87.1498	-129.3799	-132.5916	-16.6378	14.1977	-4.3180	-2.5212	0.8314	2.2624	-0.4812	0.5331	-0.5341	0.4461	-0.3371	-2.7204	-0.3887	0.3766	-9.7947	-0.3093	-2.515166927616777	0	1	6	PT	Normal
-2.3744	-10.2657	0.8805	86.6318	-144.4111	-138.4013	-17.7080	13.4058	-0.1309	-2.7096	-0.4760	1.3491	-0.5732	0.4420	-0.4398	0.5317	-0.0644	-3.4053	0.0097	0.3352	-9.7897	-0.4687	1.1524725211413376	0	1	6	PT	Normal
0.3071	-9.5762	0.7272	85.5947	172.6753	-115.0647	-17.4051	12.5063	4.7351	0.4031	0.2016	1.4733	-0.6411	0.3564	-0.3244	0.5972	-0.3286	-3.5779	0.3016	-0.0961	-9.7778	-0.7461	-0.964761383059761	0	1	6	PT	Normal
-1.4168	-12.4876	-1.6861	82.8326	128.4331	-92.7495	-13.5382	12.9366	10.4445	-0.4592	-2.7572	-0.9263	-0.6873	0.2575	-0.1749	0.6562	-0.1784	-2.5062	0.1599	-0.9575	-9.7303	-0.7599	3.071636332309396	0	1	6	PT	Normal
1.1115	-10.7637	-4.0229	80.2630	159.4645	-132.5995	-11.1716	12.3009	13.3119	1.6933	-1.0982	-2.4696	-0.7351	0.1972	-0.1301	0.6355	-0.9454	-1.2024	-0.7117	-0.5818	-9.6655	-1.5532	-1.1357769492469245	0	2	7	PT	Normal
-1.2641	-8.1594	-0.0383	77.6014	173.2537	-156.2677	-10.3480	10.0453	15.7627	-1.0168	1.4186	2.0524	-0.7689	0.1239	-0.0838	0.6216	-0.3265	-2.6447	-0.3218	-0.2474	-9.5780	-2.0907	-3.287710277749058	0	2	7	PT	Normal
-1.4551	-8.5802	0.0760	76.1783	176.7781	-163.2971	-8.4754	9.0792	17.2899	-1.3234	0.9426	2.4149	-0.7809	0.0971	-0.0677	0.6133	-0.4533	0.0919	-0.5987	-0.1317	-9.5228	-2.3388	0.4462123685352015	0	2	7	PT	Normal
-0.5740	-8.0056	-2.1075	76.1071	168.6562	-159.3511	-7.3165	8.6056	18.3633	-0.1109	1.5145	0.2004	-0.7818	0.0805	-0.0334	0.6174	0.0048	-0.9488	0.1981	-0.4631	-9.5201	-2.3079	-0.4048087277528225	0	2	7	PT	Normal
-4.2132	-11.2234	-7.3173	71.7472	145.5777	-143.6005	-3.2580	8.4890	18.4472	-2.4768	-1.9101	-4.7836	-0.7895	0.0770	0.0529	0.6066	-0.7068	-1.4687	1.4551	-1.7364	-9.3133	-2.5337	5.746647015954018	0	2	7	Jump	Normal
-2.1446	-6.3201	-2.5672	60.8792	138.5981	-135.9404	-1.4457	7.4209	19.4516	1.0116	2.2471	1.0126	-0.8148	0.1365	0.1047	0.5536	-1.4887	0.0216	1.6108	-3.1562	-8.5672	-3.5798	-6.894111345212693	0	2	7	Jump	Normal
-2.6809	-9.1165	-2.4523	46.8854	137.2691	-132.2862	-0.1532	3.3714	20.9464	1.8670	-1.9576	2.4710	-0.8400	0.2130	0.1558	0.4740	-1.9521	0.5180	1.9911	-4.5479	-7.1590	-4.9232	2.663077677219638	0	2	7	PT	Normal
-6.7798	-4.4430	-5.0188	29.8711	135.1894	-130.0313	0.6583	-0.7211	22.1632	-0.7865	0.4414	1.0141	-0.8512	0.2882	0.2332	0.3715	-2.1023	-0.0391	2.5972	-5.9933	-4.8845	-6.0329	-0.27999641691937427	0	2	7	Upright	Normal
-12.0668	-7.6231	-11.4539	23.7132	132.5930	-127.3800	0.6502	-4.0478	22.7458	-5.4568	-3.6791	-5.3772	-0.8399	0.3231	0.2693	0.3430	0.6397	-0.7283	-0.2396	-6.6099	-3.9440	-6.0766	8.7667283359899	0	0	7	Upright	Normal
-5.8227	-4.1755	-5.0566	26.1740	129.7867	-125.2727	1.6460	-3.0463	21.9002	0.9403	0.1502	0.5757	-0.8275	0.3201	0.2728	0.3721	-0.1965	0.1836	0.1215	-6.7630	-4.3257	-5.6322	-9.530866331997812	0	0	7	Upright	Normal
-7.0868	-2.6815	-6.4739	22.7342	134.9454	-125.8690	2.0720	-3.7286	22.4437	-0.6850	1.1085	-0.0844	-0.8408	0.3448	0.2516	0.3330	-0.4426	0.7066	0.3232	-6.4018	-3.7900	-6.3895	1.196459129081175	0	0	7	Upright	Normal
-7.3550	-2.5666	-7.0485	20.5194	135.3904	-125.5975	-0.0776	-4.6467	22.9731	-0.9050	0.8710	-0.5100	-0.8406	0.3560	0.2568	0.3173	-0.2125	0.0323	0.0313	-6.4500	-3.4376	-6.5386	0.5392953095109032	0	1	8	PT	Normal
-6.3201	-3.9450	-7.0874	20.4605	134.8291	-125.8406	0.3717	-4.9415	23.0607	0.1962	-0.5168	-0.6099	-0.8401	0.3529	0.2619	0.3181	0.0357	-0.2436	-0.0475	-6.5163	-3.4282	-6.4775	-0.22257117456331876	0	1	8	Upright	Normal
-6.3584	-3.9834	-6.4745	20.9208	134.3674	-125.4730	0.6124	-5.1114	22.7312	0.1900	-0.4815	-0.0691	-0.8380	0.3526	0.2623	0.3234	-0.0569	-0.0540	-0.0251	-6.5484	-3.5018	-6.4054	-0.37250233725050563	0	1	8	Upright	Normal
-6.4733	-4.0983	-7.0108	21.1064	134.6390	-125.3437	1.0758	-5.4284	22.2214	0.0365	-0.5667	-0.5825	-0.8382	0.3537	0.2592	0.3242	0.0304	0.0344	-0.0198	-6.5098	-3.5316	-6.4283	0.47474072528609845	0	0	8	Upright	Normal
-6.0519	-3.7918	-6.6277	21.3990	135.2226	-125.4118	0.5999	-5.1881	22.7287	0.3793	-0.2135	-0.1463	-0.8398	0.3538	0.2539	0.3242	-0.0335	0.1154	-0.0241	-6.4313	-3.5783	-6.4814	-0.6419485882461551	0	0	8	Upright	Normal
-6.3584	-3.6769	-6.7427	21.4090	135.8417	-125.5794	0.9411	-5.2793	22.8048	0.0019	-0.0971	-0.1926	-0.8417	0.3543	0.2498	0.3220	-0.0197	-0.0274	-0.0147	-6.3603	-3.5798	-6.5501	0.227414548578448	0	0	8	Upright	Normal
-6.3584	-3.8301	-6.7044	21.5811	135.5364	-125.4725	0.4478	-5.7099	22.2764	0.0292	-0.2228	-0.1960	-0.8407	0.3536	0.2510	0.3243	0.0027	-0.0828	-0.0190	-6.3876	-3.6073	-6.5083	0.031795387906836226	0	0	8	Upright	Normal
-6.3967	-3.7918	-6.5511	21.7138	135.4563	-125.4349	0.2981	-5.0846	22.0062	-0.0058	-0.1636	-0.0576	-0.8405	0.3531	0.2509	0.3255	-0.0090	-0.0231	-0.0147	-6.3909	-3.6283	-6.4935	-0.09217626000934054	0	0	8	Upright	Normal
-6.5122	-3.9456	-6.5888	21.8744	135.2858	-125.3721	1.3552	-5.0844	22.6139	-0.1092	-0.2918	-0.1217	-0.8399	0.3525	0.2513	0.3273	-0.0016	-0.0306	-0.0083	-6.4030	-3.6539	-6.4672	0.15898192160518398	0	0	8	Upright	Normal
-6.4739	-3.9073	-6.5888	21.9652	135.3709	-125.4141	0.7174	-5.1781	22.2511	-0.0847	-0.2390	-0.1164	-0.8402	0.3521	0.2504	0.3275	-0.0175	0.0344	-0.0019	-6.3892	-3.6684	-6.4724	-0.03971077159523517	0	0	8	Upright	Normal
-6.3201	-3.7918	-6.7044	21.9696	135.6716	-125.5288	1.1746	-4.9846	22.7310	0.0350	-0.1229	-0.1986	-0.8412	0.3521	0.2485	0.3264	0.0016	0.0184	0.0100	-6.3551	-3.6690	-6.5058	-0.0660366921450386	1	0	9	Upright	Normal
-6.2435	-3.9067	-6.6661	22.0122	135.7012	-125.5958	0.6910	-5.5642	22.6396	0.1062	-0.2310	-0.1589	-0.8415	0.3516	0.2483	0.3264	-0.0005	-0.0231	-0.0006	-6.3497	-3.6757	-6.5071	-0.029647336175434802	1	0	9	Upright	Normal
-6.3973	-3.7541	-6.6272	22.0542	135.7305	-125.6360	0.5005	-5.4825	21.9751	-0.0528	-0.0717	-0.1188	-0.8417	0.3512	0.2480	0.3266	-0.0058	-0.0103	-0.0049	-6.3445	-3.6824	-6.5083	0.0129777087873304	1	0	9	Upright	Normal
-6.3967	-3.7535	-6.6661	22.0671	135.7444	-125.6707	0.9969	-4.7201	22.2071	-0.0543	-0.0691	-0.1567	-0.8418	0.3510	0.2480	0.3265	0.0006	-0.0093	0.0004	-6.3424	-3.6844	-6.5094	0.025349176329987344	1	0	9	Upright	Normal
-6.4356	-3.9073	-6.7038	22.0824	135.7559	-125.6922	0.4725	-5.0744	22.5412	-0.0952	-0.2206	-0.1938	-0.8419	0.3508	0.2479	0.3265	-0.0005	-0.0029	0.0026	-6.3404	-3.6868	-6.5100	0.10878415102364869	1	0	9	Upright	Normal
-6.4356	-3.8307	-6.7421	22.0915	135.7707	-125.7205	0.8514	-5.2189	22.3352	-0.0973	-0.1425	-0.2309	-0.8421	0.3506	0.2478	0.3265	0.0028	-0.0050	-0.0002	-6.3383	-3.6883	-6.5112	-0.0038574961666117957	1	0	9	Upright	Normal
-6.4350	-3.8684	-6.7044	22.1022	135.7785	-125.7536	0.4960	-5.5426	22.3283	-0.0980	-0.1784	-0.1929	-0.8422	0.3503	0.2478	0.3265	-0.0026	0.0025	-0.0023	-6.3370	-3.6901	-6.5115	-0.011139968906428876	1	0	9	Upright	Normal
-6.3584	-3.7535	-6.7427	22.1176	135.7900	-125.7996	0.8587	-5.1629	22.0960	-0.0235	-0.0611	-0.2306	-0.8423	0.3500	0.2478	0.3264	0.0006	0.0003	0.0009	-6.3349	-3.6925	-6.5121	-0.06681818107550441	1	0	9	Upright	Normal
-6.3584	-3.7535	-6.6661	22.1268	135.8026	-125.8427	0.3660	-5.5940	22.7857	-0.0253	-0.0597	-0.1529	-0.8425	0.3497	0.2478	0.3264	-0.0004	-0.0029	-0.0002	-6.3331	-3.6938	-6.5131	-0.05149296140460535	1	0	9	Upright	Normal
-6.4350	-3.8684	-6.6277	22.1379	135.8181	-125.8590	0.4254	-4.9182	22.6738	-0.1041	-0.1727	-0.1136	-0.8426	0.3495	0.2477	0.3264	0.0049	-0.0018	0.0020	-6.3309	-3.6957	-6.5142	0.06738841986105548	1	0	9	Upright	Normal
-6.3973	-3.8690	-6.7038	22.1581	135.8321	-125.8852	0.7141	-5.6286	22.7393	-0.0690	-0.1703	-0.1888	-0.8427	0.3493	0.2476	0.3264	-0.0047	0.0003	-0.0046	-6.3283	-3.6987	-6.5149	0.02669400152869983	2	0	10	Upright	Normal
-6.3967	-3.8301	-6.7044	22.1651	135.8459	-125.9119	0.1953	-5.6886	22.4687	-0.0702	-0.1302	-0.1884	-0.8428	0.3491	0.2475	0.3264	0.0038	-0.0082	-0.0014	-6.3265	-3.6999	-6.5160	-0.014905256735927352	2	0	10	Upright	Normal
-6.3584	-3.8684	-6.6661	22.1771	135.8638	-125.9284	0.0316	-5.3102	21.8323	-0.0346	-0.1665	-0.1486	-0.8429	0.3490	0.2474	0.3263	0.0027	-0.0039	0.0007	-6.3238	-3.7019	-6.5175	-0.035255646351727066	2	0	10	Upright	Normal
-6.3973	-3.8307	-6.6655	22.1906	135.8773	-125.9338	0.6688	-5.1264	22.6395	-0.0756	-0.1267	-0.1471	-0.8429	0.3490	0.2472	0.3264	0.0027	-0.0061	-0.0025	-6.3217	-3.7040	-6.5184	0.009900529665737068	2	0	10	Upright	Normal
-6.3590	-3.7924	-6.7038	22.1956	135.8955	-125.9414	0.3991	-5.2774	22.3726	-0.0395	-0.0875	-0.1836	-0.8430	0.3489	0.2471	0.3263	0.0006	-0.0103	-0.0004	-6.3195	-3.7049	-6.5202	-0.013431148704842855	2	0	10	Upright	Normal
-6.3584	-3.9067	-6.6661	22.2073	135.8980	-125.9396	0.9218	-5.0357	22.2484	-0.0398	-0.2002	-0.1462	-0.8430	0.3489	0.2470	0.3264	-0.0004	-0.0018	-0.0013	-6.3186	-3.7065	-6.5199	0.018421384149350573	2	0	10	Upright	Normal
-6.3967	-3.8301	-6.6661	22.2102	135.9045	-125.9573	1.1284	-5.0454	22.2366	-0.0790	-0.1230	-0.1456	-0.8431	0.3488	0.2470	0.3264	-0.0015	-0.0018	0.0009	-6.3177	-3.7071	-6.5205	-0.005203853711689632	2	0	10	Upright	Normal
-6.3967	-3.8684	-6.5894	22.2248	135.9149	-125.9988	0.7437	-5.3849	22.0325	-0.0808	-0.1589	-0.0685	-0.8432	0.3485	0.2470	0.3264	-0.0004	-0.0007	0.0019	-6.3159	-3.7095	-6.5209	-0.036153295293317456	2	0	10	Upright	Normal
-6.3584	-3.9067	-6.6277	22.2337	135.9189	-126.0352	0.7640	-5.2051	22.6346	-0.0434	-0.1959	-0.1068	-0.8433	0.3482	0.2470	0.3263	-0.0036	0.0003	-0.0002	-6.3150	-3.7109	-6.5209	0.015816719568178428	2	0	10	Upright	Normal
-6.3973	-3.7541	-6.6655	22.2384	135.9251	-126.0629	0.4239	-5.5975	22.1058	-0.0832	-0.0425	-0.1441	-0.8434	0.3480	0.2471	0.3263	0.0027	-0.0103	0.0019	-6.3141	-3.7116	-6.5214	-0.008537674100006498	3	0	11	Upright	Normal
Total time: 11 seconds.
