0.9966	9.6157	-3.2950	-69.3104	-165.5610	-13.3938	-13.1410	-15.6025	31.4082	0.1327	0.4416	0.0603	0.1661	-0.8022	-0.5482	0.1685	0.0958	-0.0467	0.0290	0.8639	9.1741	-3.3553	0.19424520796924227	6	0	1	Upright	Normal
0.6518	9.0028	-3.5249	-68.9911	-165.9786	-14.1039	-13.4776	-15.6368	31.2081	-0.1999	-0.1519	-0.1137	0.1690	-0.8033	-0.5455	0.1688	0.0989	0.0864	-0.0904	0.8517	9.1547	-3.4111	-0.52311062983682	6	0	1	Upright	Normal
0.8811	9.3087	-3.9456	-68.5986	-168.3241	-17.1211	-13.5350	-15.0598	30.8790	0.1570	0.1782	-0.4411	0.1790	-0.8041	-0.5418	0.1665	0.0542	0.1908	-0.1842	0.7241	9.1304	-3.5045	0.4584837322859645	6	0	1	Upright	Normal
1.1115	9.0794	-3.2950	-68.3502	-168.3520	-18.1121	-14.5502	-15.4219	30.9022	0.3811	-0.0353	0.2485	0.1858	-0.8038	-0.5386	0.1709	0.0755	0.1887	-0.1096	0.7304	9.1147	-3.5436	-0.4261445505781243	6	0	1	Upright	Normal
1.0732	9.0794	-3.7164	-68.0954	-168.0468	-19.0849	-14.9870	-15.3436	31.2130	0.3154	-0.0192	-0.1372	0.1941	-0.8030	-0.5348	0.1774	0.0286	0.1983	-0.0766	0.7578	9.0986	-3.5792	0.14653847935446862	0	0	1	Upright	Normal
1.0732	9.3859	-3.8313	-67.5916	-167.3260	-19.2123	-15.4959	-15.1955	31.1132	0.2530	0.3198	-0.1841	0.1984	-0.8041	-0.5298	0.1827	0.0318	0.2920	-0.0201	0.8202	9.0661	-3.6473	0.3253092095564494	0	0	1	Upright	Normal
1.3797	8.8113	-3.9462	-66.7965	-166.5531	-19.4149	-16.1781	-15.2346	30.7425	0.4812	-0.2020	-0.1882	0.2033	-0.8064	-0.5224	0.1885	0.2950	-0.0467	-0.0637	0.8984	9.0133	-3.7580	-0.4417009658417861	0	0	1	Upright	Normal
1.6478	8.8879	-3.3333	-66.6118	-165.9605	-19.3759	-16.6073	-14.2797	30.3056	0.7034	-0.1130	0.4432	0.2057	-0.8064	-0.5200	0.1924	0.2044	-0.0340	-0.0584	0.9444	9.0009	-3.7766	-0.1183351914964792	0	0	1	Upright	Normal
2.5283	8.7724	-4.6735	-66.5132	-167.3489	-20.8217	-16.2130	-14.2888	30.6013	1.6723	-0.2218	-0.8600	0.2096	-0.8065	-0.5194	0.1891	-0.5434	0.1482	-0.4494	0.8559	8.9941	-3.8135	0.6218034450220209	0	0	1	Upright	Normal
0.9583	8.5048	-3.4099	-68.3851	-168.2510	-21.4233	-15.8357	-15.2299	30.2284	0.2227	-0.6122	0.1269	0.2094	-0.7978	-0.5335	0.1871	-0.2835	-0.1756	0.0438	0.7356	9.1170	-3.5368	-1.0432723083209687	0	0	1	Upright	Normal
1.8777	9.1560	-3.5632	-68.0758	-167.6404	-20.6680	-15.9312	-15.1572	30.4334	1.0940	0.0587	0.0136	0.2071	-0.7997	-0.5315	0.1876	0.2992	0.0150	-0.1128	0.7837	9.0974	-3.5768	0.7898322380410701	0	1	2	PT	Normal
0.4603	9.4625	-2.3373	-70.9503	-163.9833	-17.8454	-16.5347	-16.5878	29.8653	-0.4229	0.1929	0.7392	0.2050	-0.7841	-0.5501	0.2012	-0.0896	-0.1863	0.0523	0.8832	9.2696	-3.0765	-0.24497096631453275	0	1	2	Upright	Normal
0.8434	10.4585	-2.7587	-71.0032	-160.3981	-18.6121	-17.9040	-16.5151	28.7800	-0.2276	1.1860	0.2485	0.2273	-0.7757	-0.5423	0.2293	0.5123	0.8992	-0.0937	1.0710	9.2724	-3.0073	1.0913006714397042	0	0	2	Upright	Normal
1.5712	10.6883	-3.3333	-71.6082	-160.3317	-21.1052	-19.1307	-17.1157	28.5452	0.5299	1.3827	-0.4197	0.2446	-0.7673	-0.5413	0.2417	-0.4060	-0.1586	-0.1128	1.0413	9.3057	-2.9136	0.4566667954586414	0	0	2	Upright	Normal
1.3797	11.5311	-1.7627	-75.0729	-167.6970	-29.9903	-19.1957	-18.4497	27.7340	0.8414	2.0554	0.7054	0.2671	-0.7447	-0.5631	0.2388	-0.7011	0.6968	-0.8031	0.5382	9.4757	-2.4681	0.44063866614523484	0	0	2	Upright	Normal
1.4180	8.8879	-2.6821	-79.5171	178.2786	-43.2295	-18.0636	-21.3909	26.3281	1.4717	-0.7551	-0.8986	0.2742	-0.7181	-0.5988	0.2248	-1.0228	0.9503	-0.9640	-0.0537	9.6429	-1.7835	-2.3549186487014016	0	0	2	Upright	Normal
-0.1909	9.9988	0.0760	-84.1815	117.8678	-100.3074	-15.7218	-24.7689	25.2180	0.6879	0.2427	0.5408	0.2664	-0.6728	-0.6619	0.1955	-1.4606	-0.1341	-0.8159	-0.8788	9.7561	-0.4648	0.609470605872179	0	0	2	Upright	Normal
-1.1109	9.4619	0.7661	-67.3152	35.9207	-173.7927	-9.8644	-31.2103	20.3461	1.1079	0.4139	-2.2966	0.2277	-0.5403	-0.7999	0.1278	-3.5677	-1.4742	-1.5776	-2.2188	9.0480	3.0628	-0.44326744265479157	0	0	2	Upright	Normal
-1.9148	6.6277	6.6266	-45.6922	24.9831	-176.5072	-3.3722	-36.5137	10.9292	0.9785	-0.3898	0.4175	0.1877	-0.3850	-0.9019	0.0565	-3.6998	-1.1855	-1.4817	-2.8932	7.0176	6.2091	0.008164539957707717	0	0	2	Tilt	Normal
-2.1829	4.2527	7.9673	-26.2789	17.2821	-178.8192	0.8515	-35.5518	-1.3914	0.4295	-0.0890	-0.4287	0.1440	-0.2262	-0.9631	0.0242	-1.9911	-0.1671	-0.5943	-2.6124	4.3417	8.3960	-0.2745018426958161	1	0	3	Tilt	Normal
-0.3825	3.0652	7.8524	-13.5839	12.9232	-179.0443	2.4877	-31.7464	-9.6090	1.7731	0.7841	-1.4385	-0.1108	0.1184	0.9868	-0.0051	-1.1176	-0.1692	-0.2258	-2.1555	2.2811	9.2908	-0.8531822527050537	1	0	3	Tilt	Normal
-1.7998	0.3071	9.0399	-9.3614	9.0253	178.5699	2.7265	-29.9763	-12.7622	-0.2225	-1.2294	-0.5162	-0.0794	0.0804	0.9934	-0.0188	-0.5764	-0.8233	-0.9448	-1.5773	1.5365	9.5562	0.7843146596659967	1	0	3	Tilt	Normal
-1.4934	-0.1909	10.0359	-5.1909	9.1275	177.0554	3.6540	-28.6566	-14.1582	0.1053	-0.9858	0.3932	-0.0806	0.0431	0.9954	-0.0292	-0.5945	-0.5037	0.2760	-1.5987	0.7949	9.6426	0.9257617894743149	1	0	3	Tilt	Normal
-2.6043	1.3414	10.0742	-6.4408	8.6302	179.6828	3.7336	-27.9786	-14.7320	-1.1266	0.2620	0.4398	-0.0753	0.0558	0.9956	-0.0070	0.6731	-0.1000	0.1216	-1.4777	1.0793	9.6344	0.3432830734318131	0	0	3	Tilt	Normal
-1.5700	1.4946	10.1125	-10.5050	8.4318	-179.8718	3.1065	-30.1150	-12.8217	-0.1359	-0.2771	0.5745	-0.0731	0.0914	0.9931	-0.0056	0.7040	0.1130	0.1685	-1.4341	1.7717	9.5381	-0.1492698125872156	0	0	3	Tilt	Normal
-1.3024	2.2218	10.3046	-9.6302	6.5974	-179.8603	1.9068	-30.4501	-12.6377	-0.1796	0.5894	0.7003	-0.0572	0.0839	0.9948	-0.0036	-0.4667	-0.5101	0.0257	-1.1229	1.6324	9.6043	0.27934042815204485	0	0	3	Tilt	Normal
-0.8428	1.6472	8.8490	-9.0717	5.5943	179.7343	0.6570	-29.6154	-13.4527	0.1013	0.1010	-0.7889	0.0488	-0.0789	-0.9957	0.0062	0.2204	0.0640	0.1694	-0.9441	1.5462	9.6379	-1.5811793813576145	0	0	3	Tilt	Normal
-0.4597	2.0686	9.2703	-10.9757	5.4580	179.5724	0.2340	-30.0765	-13.5545	0.4561	0.2016	-0.3132	0.0477	-0.0953	-0.9943	0.0083	0.3621	-0.1543	0.0246	-0.9158	1.8670	9.5835	0.4690356073414286	0	0	3	Tilt	Normal
-0.6512	2.2218	9.5768	-12.3968	5.1197	179.3893	0.0445	-31.2917	-12.4692	0.2035	0.1166	0.0371	0.0450	-0.1076	-0.9931	0.0101	0.0744	-0.1160	-0.0181	-0.8547	2.1053	9.5397	0.34328251693654543	0	0	3	Lying	Normal
-0.8039	2.4523	9.4613	-12.7550	5.3771	179.6489	0.6507	-31.2320	-11.3668	0.0925	0.2872	-0.0612	0.0470	-0.1108	-0.9927	0.0083	0.0425	0.0182	-0.0798	-0.8963	2.1651	9.5225	-0.04574525855366929	1	0	4	Tilt	Normal
-0.7655	2.7587	9.6911	-12.8239	5.0825	179.9938	0.6325	-31.4786	-11.8592	0.0816	0.5821	0.1667	0.0441	-0.1116	-0.9928	0.0050	-0.0055	-0.0915	-0.0681	-0.8471	2.1766	9.5244	0.2981912608791113	1	0	4	Lying	Normal
-0.7655	2.7970	10.6871	-18.3504	1.0668	179.6250	-0.3494	-32.0829	-9.9730	-0.5921	-0.2903	1.3809	0.0097	-0.1594	-0.9872	0.0047	1.4092	-1.3890	-0.1585	-0.1734	3.0873	9.3063	0.9684020369891773	1	0	4	Lying	Normal
2.3367	1.9537	8.5042	-22.4053	-8.4781	177.5057	-4.2314	-34.3510	-6.5045	1.0002	-1.7841	-0.4630	-0.0683	-0.1953	-0.9783	0.0069	0.0414	-1.3613	-0.4632	1.3366	3.7378	8.9672	-2.040350841625438	1	0	4	Lying	Normal
2.6432	2.2218	6.6272	-20.7429	-10.5026	177.4182	-5.1991	-34.3393	-6.5387	1.0114	-1.2703	-2.3902	0.0860	0.1813	0.9797	-0.0056	-0.8097	0.0332	-0.7199	1.6318	3.4921	9.0173	-1.5603941341055085	1	0	4	Lying	Normal
1.7244	2.8736	9.8444	-21.1577	-13.3335	171.4569	-1.4175	-33.9898	-6.6474	-0.0003	-0.8682	0.9454	0.1002	0.1903	0.9752	-0.0515	0.0808	-3.1882	-1.4752	1.7247	3.7418	8.8989	2.926403382536889	1	0	4	Lying	Normal
1.6095	4.7124	12.1045	-13.3115	-17.4881	164.3771	0.1947	-32.7358	-9.1115	-0.6485	1.8449	3.0025	0.1340	0.1340	0.9750	-0.1160	-0.3527	0.4838	-0.6358	2.2580	2.8675	9.1020	2.6895788072113955	1	0	4	Lying	Normal
4.4825	3.4482	7.6608	-18.1396	-20.2569	163.9165	0.9710	-32.4590	-10.1125	2.0137	-0.2445	-1.0819	0.1502	0.1779	0.9664	-0.1085	0.9884	0.3645	0.1781	2.4689	3.6928	8.7427	-3.566659585840874	1	0	4	Lying	Normal
3.8696	8.3899	9.1931	-23.3311	-25.2939	153.4673	2.3983	-34.1311	-6.6980	1.6896	3.3766	1.0518	0.1634	0.2412	0.9402	-0.1762	1.0108	-0.3823	-1.3367	2.1801	5.0133	8.1413	3.511580493899409	1	0	4	Lying	Normal
3.7930	6.0148	10.9936	-29.2087	-30.6745	138.0981	8.6107	-34.0596	-3.7801	2.8183	-0.3898	3.6316	0.1521	0.3186	0.8954	-0.2714	1.5594	-0.3578	-4.1416	0.9747	6.4046	7.3620	0.059196007573032006	0	0	4	Tilt	Normal
-1.0720	2.1458	5.4007	-34.3341	-45.8161	106.6247	21.4764	-27.9302	1.7286	0.6099	-5.6955	-0.2432	0.1358	0.4402	0.7744	-0.4337	3.0614	-0.0638	-4.2673	-1.6819	7.8413	5.6439	-7.18347877498948	0	0	5	Tilt	Normal
-6.8181	5.0572	1.6466	-24.8578	-71.6141	62.5877	31.7912	-14.2814	5.7425	-1.3794	-2.6053	-1.1598	0.1476	0.5789	0.5190	-0.6113	2.7152	-0.9980	-2.8920	-5.4387	7.6625	2.8065	2.7377246348836426	0	0	5	Tilt	Normal
-6.2818	6.8193	1.5700	-19.9898	-75.7405	52.3592	35.6124	-4.1973	5.4891	0.1767	-0.2026	-0.6999	0.1438	0.6030	0.4386	-0.6507	0.9479	-0.2960	-0.9513	-6.4585	7.0219	2.2699	0.7565157707949197	0	0	5	Tilt	Normal
-7.2018	7.0485	1.2641	-12.3629	-78.8178	45.5441	36.0911	0.1711	3.4551	-0.1733	0.4667	-0.5935	0.1676	0.6142	0.3604	-0.6818	1.1280	-0.6784	-0.9097	-7.0285	6.5818	1.8576	0.7523867457776117	0	0	5	Tilt	Normal
-7.0862	6.4362	1.3018	-10.0956	-81.3462	43.9314	35.8126	1.7443	2.3225	0.0753	-0.1038	-0.1508	0.1810	0.6270	0.3358	-0.6792	0.5794	0.1088	-0.0629	-7.1615	6.5401	1.4527	-0.49511259648828343	0	0	5	Tilt	Normal
-6.8181	7.2790	0.8805	-9.2258	-81.6592	43.6463	36.0468	1.2384	2.1443	0.3606	0.7470	-0.5236	0.1858	0.6276	0.3292	-0.6806	-0.0044	-0.1160	-0.0799	-7.1787	6.5320	1.4040	0.35134167485134427	0	0	5	Tilt	Normal
-7.1245	6.8193	1.0720	-9.6775	-81.7548	43.7983	35.8165	1.5212	2.1718	0.0441	0.2728	-0.3142	0.1840	0.6288	0.3322	-0.6785	-0.0385	0.0449	0.0192	-7.1687	6.5465	1.3862	-0.09206427471871415	0	0	5	Tilt	Normal
-7.3161	7.1641	0.9571	-10.0503	-82.0976	43.7747	36.4343	1.5064	2.0100	-0.1395	0.6140	-0.3704	0.1826	0.6316	0.3334	-0.6756	0.0041	0.1770	0.1141	-7.1766	6.5501	1.3274	0.3640363911147766	0	0	5	Tilt	Normal
-7.1629	6.8193	0.9188	-10.3589	-82.8950	43.8811	36.5782	1.0659	2.4857	0.0025	0.2312	-0.2743	0.1836	0.6368	0.3344	-0.6701	0.0872	-0.1170	-0.0574	-7.1654	6.5881	1.1931	-0.3517635956098193	0	0	5	Tilt	Normal
-7.0479	7.0108	0.7272	-9.8367	-83.2584	43.4006	36.3498	0.9803	2.3405	0.1633	0.4622	-0.4070	0.1852	0.6387	0.3283	-0.6709	0.0350	0.1056	-0.0957	-7.2112	6.5486	1.1343	0.03511783553640413	0	0	5	Tilt	Normal
-7.2012	6.8576	0.6506	-10.3619	-84.3603	43.5145	36.2853	1.0333	2.7521	-0.0043	0.2638	-0.2973	0.1857	0.6459	0.3299	-0.6629	0.2076	0.1280	0.0044	-7.1968	6.5938	0.9480	-0.0022971789292451916	1	0	6	Tilt	Normal
-7.0479	6.9725	0.5357	-9.3055	-85.2907	42.8775	35.8309	0.8005	3.0258	0.2029	0.4178	-0.2587	0.1913	0.6503	0.3191	-0.6623	0.3557	-0.1629	-0.1959	-7.2508	6.5547	0.7944	-0.03677606711030634	1	0	6	Tilt	Normal
-7.3167	6.7038	0.7278	-9.8071	-85.5934	42.8287	35.8005	1.4361	3.0482	-0.0585	0.1510	-0.0145	0.1888	0.6531	0.3210	-0.6594	0.0574	0.0150	-0.0553	-7.2582	6.5528	0.7424	0.021586124663221185	1	0	6	Tilt	Normal
-7.2012	6.9725	0.3825	-9.8119	-85.7624	42.5087	35.9015	0.8641	2.8278	0.0917	0.4553	-0.3314	0.1874	0.6546	0.3189	-0.6593	0.0084	-0.0606	-0.1001	-7.2929	6.5172	0.7139	0.08080730593483665	1	0	6	Tilt	Normal
-7.3550	6.7038	0.5363	-9.3355	-85.9418	42.1441	36.3553	1.6888	2.7269	-0.0263	0.2236	-0.1484	0.1887	0.6553	0.3140	-0.6606	0.1469	-0.1884	-0.1874	-7.3287	6.4802	0.6847	-0.06474750788613726	1	0	6	Tilt	Normal
-7.2784	7.1635	0.3448	-10.2195	-86.3316	42.1648	36.6170	1.9327	2.9659	0.0504	0.6767	-0.2726	0.1845	0.6592	0.3182	-0.6559	-0.2015	0.2270	0.0267	-7.3288	6.4868	0.6174	0.25193579727525695	1	0	6	Tilt	Normal
-7.2395	6.8193	0.2676	-10.7192	-86.2015	41.9223	36.4677	1.6269	2.7166	0.1220	0.3716	-0.3707	0.1797	0.6597	0.3197	-0.6560	-0.1045	-0.0180	-0.1373	-7.3614	6.4477	0.6382	-0.2689957888049115	1	0	6	Tilt	Normal
-7.3161	6.5894	0.5357	-10.7993	-86.5164	41.5737	35.9514	2.4694	2.5083	0.0810	0.1775	-0.0495	0.1781	0.6622	0.3176	-0.6550	0.0180	0.0129	-0.0617	-7.3970	6.4120	0.5852	-0.08845840034469177	1	0	6	Tilt	Normal
-7.4699	6.7038	0.5363	-10.7655	-86.5919	41.3272	35.9295	1.9822	3.1779	-0.0467	0.3211	-0.0364	0.1770	0.6629	0.3159	-0.6553	0.0340	-0.0222	-0.0500	-7.4232	6.3826	0.5727	0.1906133299035062	1	0	6	Tilt	Normal
-7.3167	6.5122	0.4597	-10.3279	-86.6338	41.1058	35.7171	1.8313	2.6749	0.1278	0.1538	-0.1067	0.1786	0.6627	0.3122	-0.6568	0.0542	-0.0936	-0.0563	-7.4445	6.3584	0.5664	-0.24544345847129634	2	0	7	Tilt	Fall
-7.2401	6.7038	0.4980	-9.8733	-86.4634	41.1524	35.9256	1.3177	2.1398	0.1983	0.3409	-0.0979	0.1811	0.6609	0.3103	-0.6589	-0.0140	-0.0712	-0.0393	-7.4383	6.3629	0.5959	0.07385222264917779	2	0	7	Tilt	Normal
-8.0445	5.6695	0.2682	-12.2481	-85.3522	42.7454	35.7406	1.0577	3.3688	-0.7519	-0.8410	-0.5083	0.1726	0.6562	0.3337	-0.6544	-0.8278	0.2728	0.8001	-7.2926	6.5104	0.7765	-0.03441541453580044	2	0	7	Tilt	Normal
-8.4276	4.3670	1.1492	-24.6885	-80.4736	57.5424	35.7292	-3.8966	5.1501	-2.6650	-3.4297	-0.3253	0.1607	0.6317	0.4800	-0.5872	-2.5472	1.3434	3.3536	-5.7625	7.7967	1.4745	-0.28409954788278924	2	0	7	Tilt	Normal
-4.2138	6.6272	2.1069	-39.0325	-65.7577	90.5334	29.3672	-19.9335	7.7994	-1.7612	-2.3379	-1.0208	0.1660	0.5594	0.6900	-0.4283	-2.8710	1.7014	4.8055	-2.4526	8.9651	3.1277	-1.4300524192513997	2	0	7	Tilt	Normal
3.1801	7.5088	7.0862	-40.2609	-41.3741	130.7206	17.0501	-32.1290	3.8568	2.5561	-0.5064	1.4706	0.1673	0.4309	0.8491	-0.2557	-2.1083	0.9131	3.4452	0.6240	8.0152	5.6156	2.672101945146359	2	0	7	Tilt	Normal
3.2950	7.2407	7.9290	-38.4559	-28.1787	152.0960	8.3714	-35.2972	0.1677	1.7186	0.3225	1.1598	0.1461	0.3654	0.9081	-0.1430	-1.1570	1.3850	1.5895	1.5764	6.9182	6.7692	0.4286107271788442	2	0	7	Tilt	Normal
1.3791	5.0182	9.9599	-34.9685	-9.6725	172.6665	4.4159	-36.3164	-1.5523	0.4522	-0.6873	2.0379	0.0611	0.3039	0.9501	-0.0355	-1.7269	1.2124	0.7639	0.9269	5.7055	7.9220	0.005788093550025408	0	0	7	Tilt	Normal
-0.0383	3.9456	9.6534	-25.6836	2.5551	177.9450	3.4735	-34.3038	-7.1667	0.3557	-0.3045	0.8245	0.0257	-0.2218	-0.9745	0.0224	-1.1485	1.5586	0.4783	-0.3940	4.2502	8.8289	-0.8089288911856514	0	0	7	Tilt	Normal
-1.1869	3.1418	9.8444	-20.2884	6.7718	177.7566	4.0012	-33.4693	-10.1932	-0.1022	-0.2586	0.7103	0.0616	-0.1746	-0.9823	0.0296	-0.6457	0.5040	0.1363	-1.0847	3.4004	9.1340	-0.027148471928001072	0	0	7	Tilt	Normal
-1.1486	2.6821	9.6911	-18.1711	6.5808	178.6064	4.1058	-31.9625	-10.5309	-0.0807	-0.3760	0.4350	0.0586	-0.1569	-0.9856	0.0211	-0.3282	-0.0265	0.1672	-1.0680	3.0581	9.2561	-0.28074279807995595	1	0	8	Lying	Normal
-0.9954	2.5672	9.5762	-16.5730	6.2242	179.2950	3.3618	-32.3048	-11.9614	0.0238	-0.2300	0.2324	0.0546	-0.1436	-0.9880	0.0139	-0.3272	-0.0723	-0.0352	-1.0192	2.7972	9.3438	-0.1566061474426288	1	0	8	Lying	Normal
-1.0337	2.1458	9.5379	-16.1674	5.7857	-179.9593	2.2102	-32.4693	-11.6858	-0.0841	-0.5848	0.1671	0.0499	-0.1405	-0.9888	0.0067	0.0148	0.0321	-0.0245	-0.9496	2.7306	9.3708	-0.1333876006728385	1	0	8	Lying	Normal
-0.9188	2.4523	9.3464	-17.3822	4.8799	-179.6606	2.2148	-32.0597	-11.7060	-0.1018	-0.4717	0.0215	-0.0416	0.1511	0.9876	-0.0035	0.3620	-0.2417	-0.0341	-0.8170	2.9239	9.3248	-0.12444823186976173	1	0	8	Tilt	Normal
-0.8422	3.1035	9.3464	-18.2484	4.6158	179.7742	2.4000	-32.4020	-10.9643	-0.0409	0.0458	0.0631	-0.0401	0.1584	0.9865	-0.0083	0.0212	0.1684	-0.0255	-0.8013	3.0577	9.2832	0.1777925920818877	1	0	8	Tilt	Normal
-0.8422	2.8353	9.4230	-18.9939	4.5859	179.0812	2.4229	-32.4878	-10.0277	-0.0070	-0.3331	0.1800	-0.0408	0.1645	0.9854	-0.0145	0.1458	0.0704	-0.0511	-0.8351	3.1684	9.2430	-0.007846395243801041	1	0	8	Tilt	Normal
-1.0726	2.9497	9.0788	-19.5109	4.8685	178.7184	2.6057	-33.6332	-9.7282	-0.1674	-0.2943	-0.1312	-0.0437	0.1688	0.9845	-0.0182	0.0798	0.0779	-0.0447	-0.9052	3.2440	9.2100	-0.27026281110079253	1	0	8	Tilt	Normal
-1.1109	3.1795	9.0405	-19.9699	5.0246	178.3194	2.6381	-33.1011	-9.6682	-0.1544	-0.1302	-0.1410	-0.0457	0.1726	0.9837	-0.0220	0.1799	-0.1181	-0.1032	-0.9565	3.3097	9.1815	0.041454237127164006	1	0	8	Tilt	Normal
-0.9577	3.1412	9.1554	-20.0473	4.7813	177.8496	2.1767	-33.2553	-9.2629	-0.0151	-0.1757	-0.0248	-0.0443	0.1731	0.9836	-0.0257	0.0457	-0.0499	-0.0777	-0.9426	3.3169	9.1803	0.07906083629311311	1	0	8	Tilt	Normal
-0.8428	3.2178	9.1171	-20.0177	4.6943	177.6812	1.9665	-33.7321	-9.6266	0.0946	-0.0926	-0.0661	-0.0438	0.1728	0.9836	-0.0270	0.0020	0.0023	-0.0542	-0.9373	3.3104	9.1833	-0.021595107635979716	1	0	8	Tilt	Normal
-0.8428	3.2561	9.0405	-20.0327	4.5913	177.5498	2.3238	-33.9765	-9.5102	0.0847	-0.0558	-0.1432	-0.0432	0.1729	0.9836	-0.0280	-0.0076	-0.0670	-0.0223	-0.9275	3.3119	9.1837	-0.05906322671256703	2	0	9	Tilt	Normal
-1.1486	3.1035	9.2314	-19.8885	4.9316	177.4529	1.7577	-33.7575	-9.4304	-0.1586	-0.1794	0.0438	-0.0462	0.1715	0.9837	-0.0293	-0.0374	0.1567	-0.0553	-0.9900	3.2829	9.1876	0.1607298302697977	2	0	9	Tilt	Normal
-0.8805	3.2184	9.1165	-20.0974	4.6020	177.1432	2.6303	-33.1708	-9.7067	0.0729	-0.0970	-0.0633	-0.0439	0.1733	0.9834	-0.0315	0.0201	-0.0947	-0.1352	-0.9533	3.3154	9.1798	-0.09868440139202939	2	0	9	Tilt	Normal
-0.8805	3.2184	9.1548	-20.1947	4.1569	176.6922	2.8623	-34.1370	-9.5514	0.0241	-0.1113	-0.0247	-0.0407	0.1741	0.9833	-0.0348	0.0201	-0.1107	-0.0734	-0.9046	3.3297	9.1795	0.03597604008030508	2	0	9	Tilt	Normal
-0.9577	3.2178	9.1171	-20.0171	4.2865	176.4393	2.4007	-33.9773	-8.9874	-0.0181	-0.0775	-0.0712	-0.0422	0.1724	0.9834	-0.0371	-0.0332	-0.0244	-0.0393	-0.9396	3.2953	9.1883	-0.028305742038183368	2	0	9	Tilt	Normal
-0.8039	3.2950	9.1548	-20.0435	3.9394	176.4411	2.1666	-33.4437	-9.0819	0.0768	-0.0097	-0.0361	-0.0392	0.1728	0.9835	-0.0365	0.0137	0.0481	-0.0073	-0.8806	3.3047	9.1909	0.04726847588361949	2	0	9	Tilt	Normal
-0.8039	3.2184	9.1165	-19.9819	4.1006	176.5503	2.1443	-33.8413	-9.2476	0.0974	-0.0759	-0.0762	-0.0404	0.1722	0.9836	-0.0358	-0.0225	0.0364	0.0129	-0.9013	3.2943	9.1927	-0.06158639229798979	2	0	9	Tilt	Normal
-0.9571	3.0652	11.1085	-21.0176	0.7161	175.5843	1.5169	-33.8841	-9.3523	-0.5640	-0.4319	1.9550	-0.0132	0.1820	0.9824	-0.0390	0.7530	-1.3464	-0.0382	-0.3931	3.4970	9.1535	1.862030327056969	2	0	9	Tilt	Normal
0.4220	4.0612	10.1125	-28.2245	-9.2595	173.4580	-0.8544	-35.5742	-5.5675	-0.6241	-0.6662	1.5845	0.0643	0.2471	0.9662	-0.0355	1.1887	-1.0247	0.4379	1.0461	4.7274	8.5280	-0.6576242478805518	2	0	9	Tilt	Normal
1.4946	5.7850	7.4693	-39.7860	-13.7832	174.8161	-4.3350	-37.8129	0.6548	-0.3008	-0.4904	0.1505	-0.0974	-0.3426	-0.9344	0.0014	1.9983	0.4113	0.6093	1.7954	6.2754	7.3188	-1.3406245189190393	2	0	9	Tilt	Normal
0.4986	7.7387	6.1286	-47.2199	-12.2985	165.9015	-7.0512	-38.1834	7.1052	-0.9201	0.5409	-0.3790	-0.0485	-0.4072	-0.9094	0.0692	1.4273	1.3722	0.9640	1.4187	7.1977	6.5076	0.31905324338831953	0	0	10	Tilt	Normal
2.8736	6.8193	6.0519	-50.2695	-11.7778	159.7065	-11.6850	-37.4842	10.6559	1.5942	-0.7226	-0.0842	-0.0170	-0.4323	-0.8941	0.1157	1.1376	-0.3972	0.3749	1.2794	7.5419	6.1362	-0.3245209250996428	0	0	10	Upright	Normal
2.1452	6.9719	3.9456	-56.6723	-15.7045	150.7570	-13.9154	-35.4111	13.5524	0.6868	-1.2219	-1.2412	0.0023	-0.4853	-0.8601	0.1574	0.5517	0.5583	0.2492	1.4584	8.1939	5.1869	-1.2664066325065608	0	0	10	Upright	Normal
3.2561	7.8530	3.2561	-59.6838	-14.8655	148.3586	-14.6996	-34.4351	15.0218	1.9863	-0.6126	-1.5282	0.0266	-0.5053	-0.8451	0.1726	0.7636	1.6502	0.0372	1.2698	8.4656	4.7844	0.8103230768855738	0	0	10	Upright	Normal
2.4517	11.6454	3.2944	-62.8456	-9.7885	147.5029	-14.9113	-33.6604	15.0318	1.6908	2.9197	-1.1160	0.0754	-0.5191	-0.8287	0.1952	0.3205	0.3794	-0.2140	0.7609	8.7257	4.4104	3.2447337189008287	0	0	10	Upright	Normal
-0.9577	6.3590	4.0223	-67.1802	-5.4463	151.4168	-15.1903	-33.2967	15.7543	-1.3186	-2.6800	0.2361	0.0981	-0.5453	-0.8128	0.1799	0.7626	-0.4292	-0.0606	0.3609	9.0390	3.7861	-4.763199709642469	0	0	10	Upright	Normal
2.4134	9.9982	3.2944	-64.4702	-11.3958	146.9926	-14.7877	-32.7096	17.1510	1.5784	1.1491	-0.8486	0.0703	-0.5328	-0.8221	0.1883	-1.2923	-0.0169	-0.2034	0.8350	8.8491	4.1430	3.215024240414106	0	0	10	Upright	Normal
-0.3448	8.5425	5.3247	-60.6867	-2.5026	157.8688	-14.0535	-34.3840	14.5101	-0.5544	-0.0084	0.5282	0.0784	-0.4993	-0.8489	0.1548	-0.5445	-1.1045	-0.3962	0.2096	8.5509	4.7965	-0.7280518820988302	0	0	10	Upright	Normal
1.4174	8.4659	2.6049	-55.0790	-13.1508	156.2190	-12.4866	-34.8679	13.1534	0.1402	0.4251	-2.8615	-0.0047	-0.4704	-0.8729	0.1297	-2.0444	-0.8574	0.2035	1.2772	8.0408	5.4664	-1.1017372998124788	0	0	10	Upright	Normal
-0.1149	7.5465	7.6998	-61.3439	-10.9686	161.8226	-10.9558	-35.7585	13.0349	-1.0096	-1.0588	3.0830	-0.0010	-0.5144	-0.8531	0.0871	3.0945	0.1120	-0.4772	0.8947	8.6054	4.6168	1.8116354185249008	0	0	10	Upright	Normal
-0.9577	8.7724	1.2258	-82.8299	-19.9239	148.3534	-9.1358	-32.3912	20.8525	-1.3747	-0.9575	0.0751	0.0528	-0.6622	-0.7418	0.0913	3.3043	1.4169	0.2152	0.4170	9.7299	1.1507	-1.8726672594678746	0	1	11	PT	Normal
1.2264	8.6580	-0.9200	-79.9188	-153.8785	3.1018	-12.6587	-24.9031	27.6802	0.4708	-0.9972	0.6213	0.1249	-0.7503	-0.6301	0.1562	3.0188	1.3392	0.2110	0.7557	9.6552	-1.5413	-0.11656088423493749	0	1	11	Upright	Normal
3.6015	8.2750	-3.4866	-64.7416	-152.4105	5.4080	-16.1601	-16.3522	29.8136	1.6635	-0.5941	0.2222	0.0888	-0.8253	-0.5289	0.1766	0.4515	-2.4745	1.1324	1.9380	8.8690	-3.7088	0.882162680066445	0	0	11	Upright	Normal
1.9926	6.1681	-2.9886	-64.8135	-160.8401	-10.8911	-15.1359	-12.8888	31.5681	0.6229	-2.7062	0.9536	0.1678	-0.8203	-0.5127	0.1900	0.1554	0.7224	-1.3102	1.3696	8.8743	-3.9422	-2.5370924043484004	0	0	11	Upright	Normal
-0.4591	14.3658	-5.5168	-64.1651	-179.9549	-31.2963	-15.5592	-14.1176	30.7937	-0.4624	5.5394	-1.2432	0.2287	-0.8158	-0.5114	0.1436	-0.1429	-1.1141	-0.0288	0.0033	8.8264	-4.2737	8.257759203648618	0	0	11	Upright	Normal
-0.3825	9.3093	-4.5975	-65.0754	179.9266	-30.5668	-13.1934	-14.5793	30.7979	-0.3771	0.4160	-0.4646	0.2219	-0.8133	-0.5190	0.1413	-0.1738	-0.1384	0.0894	-0.0054	8.8933	-4.1328	-5.005795819769423	0	0	11	Upright	Normal
0.4980	9.2703	-4.4819	-66.0649	-177.9904	-30.3273	-13.4160	-15.6826	31.1071	0.3585	0.3071	-0.5058	0.2285	-0.8065	-0.5222	0.1568	-0.3815	0.5669	0.1278	0.1395	8.9633	-3.9762	-0.08080196665981987	0	0	11	Upright	Normal
0.4980	9.0405	-3.8690	-66.5165	-175.7894	-29.5417	-14.3428	-14.7766	31.1985	0.2111	0.0461	0.0283	0.2325	-0.8029	-0.5221	0.1694	-0.0800	0.0928	0.0223	0.2869	8.9944	-3.8973	-0.462715672962279	0	0	11	Upright	Normal
1.2647	9.3093	-4.0995	-67.5030	-175.4471	-29.6922	-15.3145	-15.5526	30.0226	0.9670	0.2490	-0.3588	0.2342	-0.7974	-0.5282	0.1742	-0.2100	-0.0020	-0.0821	0.2978	9.0603	-3.7406	0.4040825102502019	0	0	11	Upright	Normal
1.0349	9.3859	-3.6398	-68.1648	-174.1214	-28.6680	-15.5275	-16.1588	29.7049	0.6614	0.2828	-0.0115	0.2326	-0.7943	-0.5317	0.1797	-0.0854	0.0598	-0.0075	0.3735	9.1031	-3.6283	-0.13029615345417866	0	0	11	Upright	Normal
0.8434	9.1943	-3.1418	-68.7541	-173.4771	-27.7301	-15.5729	-16.3664	30.0310	0.4398	0.0543	0.3889	0.2286	-0.7923	-0.5360	0.1807	-0.0651	-0.2673	-0.0287	0.4036	9.1400	-3.5307	-0.367179897884764	1	0	12	Upright	Normal
0.6512	9.6151	-3.6392	-69.2406	-173.6364	-27.5699	-15.6742	-16.5763	29.9645	0.2661	0.4452	-0.1847	0.2264	-0.7905	-0.5400	0.1795	-0.0992	-0.0308	-0.0329	0.3852	9.1699	-3.4545	0.5485445482460332	1	0	12	Upright	Normal
0.7667	9.0794	-3.2950	-69.8905	-175.5492	-28.9324	-14.8785	-16.5941	29.8597	0.5052	-0.1293	0.0666	0.2262	-0.7876	-0.5463	0.1738	-0.0981	-0.2300	-0.1075	0.2616	9.2087	-3.3616	-0.6121705764923338	1	0	12	Upright	Normal
1.2258	9.4236	-3.5626	-70.5540	-175.8188	-27.9117	-13.7228	-16.7272	29.9897	0.9879	0.1764	-0.3063	0.2172	-0.7867	-0.5529	0.1681	-0.2068	-0.3514	0.0118	0.2379	9.2472	-3.2563	0.45965177573054383	1	0	12	Upright	Normal
0.2687	9.2709	-2.8353	-70.9269	-173.8338	-25.2490	-13.9477	-17.2960	30.0724	-0.0754	0.0027	0.3508	0.2082	-0.7868	-0.5558	0.1694	-0.0854	-0.0542	0.0416	0.3442	9.2683	-3.1861	-0.4503495649569391	1	0	12	Upright	Normal
0.4214	9.6151	-3.1412	-71.4437	-175.5200	-25.8689	-13.5093	-17.4256	30.4787	0.1776	0.3184	-0.0298	0.2038	-0.7855	-0.5615	0.1615	-0.0566	-0.2076	-0.0703	0.2438	9.2967	-3.1114	0.4254846209621874	1	0	12	Upright	Normal
0.3454	9.3859	-3.2184	-71.5876	-176.0283	-26.2279	-13.2097	-17.0563	30.8810	0.1309	0.0813	-0.1284	0.2037	-0.7849	-0.5629	0.1600	-0.0001	0.0587	-0.0500	0.2144	9.3046	-3.0900	-0.19560566819282776	0	0	12	Upright	Normal
0.5369	9.1943	-3.0269	-71.3223	-176.7825	-26.8800	-13.6024	-17.4609	30.8022	0.3606	-0.0958	0.1088	0.2047	-0.7861	-0.5615	0.1576	0.0542	-0.0776	-0.0745	0.1763	9.2901	-3.1357	-0.23375536897231441	0	0	12	Upright	Normal
0.5752	9.3476	-3.3333	-71.2732	-176.9298	-26.8087	-12.4117	-18.0910	30.7641	0.4067	0.0602	-0.1893	0.2035	-0.7867	-0.5615	0.1562	-0.0353	0.0140	-0.0319	0.1685	9.2874	-3.1440	0.24617965626511307	0	0	12	Upright	Normal
0.3831	9.5002	-3.1795	-71.3221	-176.6535	-26.9697	-12.8014	-17.5041	30.7121	0.1998	0.2101	-0.0443	0.2059	-0.7858	-0.5611	0.1590	-0.0097	0.0609	-0.0703	0.1833	9.2901	-3.1352	0.08466394660743504	0	0	12	Upright	Normal
0.7284	9.3859	-3.1418	-71.2211	-176.4774	-27.1025	-12.9756	-17.6902	30.5075	0.5345	0.1013	0.0093	0.2078	-0.7858	-0.5599	0.1607	0.0329	0.1205	-0.0564	0.1939	9.2846	-3.1511	-0.10091268041078116	1	0	13	Upright	Normal
0.7667	9.3093	-3.2184	-71.1954	-175.7631	-26.6338	-13.5650	-18.0593	30.8348	0.5333	0.0262	-0.0658	0.2081	-0.7858	-0.5591	0.1632	0.0041	0.0172	-0.0394	0.2334	9.2831	-3.1526	-0.044817690855763814	1	0	13	Upright	Normal
0.6512	9.4236	-3.1795	-71.0652	-175.2642	-26.0824	-13.6551	-17.0713	30.0471	0.3886	0.1477	-0.0081	0.2069	-0.7867	-0.5581	0.1638	0.0308	0.0150	-0.0181	0.2626	9.2759	-3.1714	0.08709429734791385	1	0	13	Upright	Normal
0.6895	9.4619	-3.2944	-70.9716	-174.7875	-25.5527	-14.3554	-17.2556	30.7148	0.3991	0.1912	-0.1103	0.2056	-0.7874	-0.5574	0.1644	0.0180	-0.0084	-0.0298	0.2904	9.2706	-3.1841	0.07588910531166171	1	0	13	Upright	Normal
0.6512	9.4236	-3.2561	-70.8477	-174.7952	-25.5037	-13.9425	-17.0498	30.7106	0.3594	0.1598	-0.0519	0.2054	-0.7882	-0.5566	0.1639	0.0201	-0.0222	-0.0554	0.2918	9.2638	-3.2042	-0.051189362665326144	1	0	13	Upright	Normal
0.6895	9.3470	-3.2561	-70.8205	-174.9813	-25.5565	-13.7005	-17.6218	30.8526	0.4078	0.0847	-0.0467	0.2048	-0.7885	-0.5566	0.1628	-0.0076	-0.0435	-0.0479	0.2818	9.2623	-3.2094	-0.06962545207468551	1	0	13	Upright	Normal
0.6129	9.4619	-3.2178	-70.8102	-174.9371	-25.4590	-13.0187	-17.0344	31.0006	0.3285	0.2002	-0.0069	0.2044	-0.7886	-0.5566	0.1627	0.0041	0.0129	-0.0341	0.2845	9.2617	-3.2109	0.09096781079043126	1	0	13	Upright	Normal
0.4986	9.4625	-3.2184	-70.7282	-175.3387	-25.7428	-13.3255	-16.7515	30.8394	0.2357	0.2055	0.0076	0.2045	-0.7891	-0.5564	0.1612	0.0190	0.0012	-0.0661	0.2629	9.2570	-3.2260	-0.00558587957809209	1	0	13	Upright	Normal
0.4986	9.3476	-3.2950	-70.6766	-175.5886	-26.0815	-13.1303	-17.3905	30.4382	0.2490	0.0934	-0.0596	0.2056	-0.7891	-0.5560	0.1610	0.0041	0.0385	-0.0671	0.2496	9.2542	-3.2355	-0.0834044515282173	1	0	13	Upright	Normal
0.6129	9.4236	-3.2561	-70.5796	-175.7139	-26.2754	-13.4586	-17.0679	30.7784	0.3693	0.1749	-0.0045	0.2064	-0.7894	-0.5553	0.1609	0.0212	0.0268	-0.0671	0.2436	9.2487	-3.2516	0.06522487411463729	1	0	13	Upright	Normal
0.6895	9.3853	-3.2178	-70.5348	-175.5461	-26.2051	-13.7511	-17.0204	31.2435	0.4357	0.1392	0.0403	0.2068	-0.7895	-0.5547	0.1617	0.0233	0.0204	-0.0479	0.2538	9.2461	-3.2581	-0.04357129346539779	2	0	14	Upright	Normal
0.6129	9.3853	-3.3327	-70.4902	-175.5694	-26.1537	-13.5375	-16.7400	30.6812	0.3600	0.1417	-0.0673	0.2064	-0.7899	-0.5545	0.1612	-0.0162	-0.0095	-0.0546	0.2529	9.2436	-3.2654	0.032769284265398824	2	0	14	Upright	Normal
0.6895	9.3470	-3.2178	-70.5442	-175.4844	-25.9885	-13.3987	-16.9315	31.1246	0.4325	0.1004	0.0385	0.2056	-0.7898	-0.5550	0.1611	-0.0034	-0.0052	-0.0397	0.2571	9.2466	-3.2563	-0.06890334533546927	2	0	14	Upright	Normal
0.6129	9.3853	-3.3327	-70.6163	-175.5998	-25.9758	-13.2874	-17.0736	30.8014	0.3633	0.1345	-0.0875	0.2049	-0.7896	-0.5557	0.1603	-0.0204	-0.0393	-0.0461	0.2496	9.2507	-3.2452	0.06890334533546927	2	0	14	Upright	Normal
0.5752	9.4242	-3.2950	-70.7520	-175.8670	-26.1580	-13.3293	-17.3661	30.8734	0.3422	0.1658	-0.0705	0.2047	-0.7890	-0.5569	0.1596	-0.0385	-0.0233	-0.0578	0.2330	9.2584	-3.2245	0.021875619799315515	2	0	14	Upright	Normal
0.6518	9.3859	-3.3333	-70.8836	-176.0197	-26.2317	-13.2360	-17.3029	30.8122	0.4290	0.1200	-0.1294	0.2044	-0.7884	-0.5580	0.1591	-0.0225	-0.0052	-0.0514	0.2228	9.2659	-3.2039	-0.01864627449375078	2	0	14	Upright	Normal
0.5369	9.3859	-3.2567	-71.0294	-176.0714	-26.2756	-12.7789	-16.8257	30.4434	0.3186	0.1119	-0.0762	0.2043	-0.7877	-0.5590	0.1591	-0.0268	0.0097	-0.0606	0.2183	9.2739	-3.1805	-0.03218003614184717	2	0	14	Upright	Normal
0.5752	9.3476	-3.2950	-71.0408	-176.3784	-26.4881	-13.3759	-17.4508	30.6710	0.3739	0.0730	-0.1152	0.2042	-0.7877	-0.5594	0.1581	0.0126	0.0172	-0.0617	0.2013	9.2745	-3.1798	-0.021328835478172437	2	0	14	Upright	Normal
0.6135	9.3476	-3.2567	-71.0033	-176.4399	-26.7315	-12.9891	-17.4978	30.7073	0.4154	0.0751	-0.0706	0.2057	-0.7875	-0.5589	0.1588	0.0105	0.0268	-0.0617	0.1981	9.2724	-3.1861	-0.010350018238979075	2	0	14	Upright	Normal
0.6518	9.2326	-3.2184	-70.7784	-176.1169	-26.5112	-13.3790	-17.2216	30.8171	0.4332	-0.0272	0.0028	0.2059	-0.7886	-0.5570	0.1596	0.0521	0.0108	-0.0308	0.2186	9.2599	-3.2212	-0.11849029220117124	2	0	14	Upright	Normal
0.6518	9.3476	-3.2567	-70.6373	-175.6756	-26.0018	-13.0646	-17.8462	30.1715	0.4067	0.0956	-0.0145	0.2047	-0.7896	-0.5560	0.1600	0.0095	-0.0148	-0.0340	0.2451	9.2519	-3.2422	0.12093315488725409	3	0	15	Upright	Normal
0.6895	9.5002	-3.2944	-70.6479	-175.5190	-25.7662	-13.0805	-17.1912	30.7667	0.4357	0.2477	-0.0546	0.2038	-0.7897	-0.5561	0.1599	-0.0076	-0.0276	-0.0405	0.2538	9.2525	-3.2398	0.15869476704568797	3	0	15	Upright	Normal
0.6518	9.3476	-3.2567	-70.6337	-175.3768	-25.5455	-13.5071	-17.4457	30.1996	0.3898	0.0959	-0.0153	0.2030	-0.7900	-0.5561	0.1598	0.0148	-0.0308	-0.0373	0.2620	9.2516	-3.2414	-0.15869476704568797	3	0	15	Upright	Normal
0.6901	9.4242	-3.3716	-70.4895	-175.2845	-25.4210	-13.6104	-17.2643	30.5799	0.4209	0.1806	-0.1074	0.2027	-0.7908	-0.5551	0.1596	0.0233	-0.0127	-0.0331	0.2692	9.2436	-3.2642	0.11281029061188619	3	0	15	Upright	Normal
0.6895	9.4619	-3.3710	-70.3808	-175.1359	-25.2229	-13.2950	-16.4862	30.8392	0.4103	0.2246	-0.0901	0.2021	-0.7915	-0.5543	0.1596	0.0201	-0.0180	-0.0384	0.2792	9.2373	-3.2810	0.03517870924074096	3	0	15	Upright	Normal
0.6129	9.4619	-3.3710	-70.3554	-175.2375	-25.2625	-13.2856	-17.4154	30.9497	0.3392	0.2261	-0.0854	0.2019	-0.7917	-0.5543	0.1590	-0.0076	-0.0009	-0.0490	0.2737	9.2358	-3.2856	-0.004955669860938983	3	0	15	Upright	Normal
0.6518	9.3859	-3.2950	-70.3360	-175.0794	-24.9545	-12.7999	-17.1081	30.8036	0.3689	0.1511	-0.0072	0.2006	-0.7921	-0.5543	0.1586	-0.0097	-0.0393	-0.0340	0.2830	9.2347	-3.2878	-0.09434211509193347	3	0	15	Upright	Normal
0.6895	9.3853	-3.3327	-70.3613	-174.9554	-24.7759	-13.3578	-16.7180	30.1552	0.3998	0.1492	-0.0495	0.1999	-0.7921	-0.5545	0.1586	-0.0097	-0.0446	-0.0287	0.2897	9.2361	-3.2832	0.01449325447864247	3	0	15	Upright	Normal
0.5752	9.2709	-3.3333	-70.4501	-174.9094	-24.6759	-13.1145	-17.1848	30.6995	0.2842	0.0298	-0.0646	0.1994	-0.7918	-0.5552	0.1586	-0.0225	-0.0201	-0.0330	0.2910	9.2412	-3.2687	-0.11458909212950807	3	0	15	Upright	Normal
0.5363	9.4236	-3.3710	-70.5202	-175.0682	-24.7598	-13.0761	-17.4169	30.9718	0.2553	0.1784	-0.1128	0.1992	-0.7915	-0.5558	0.1580	-0.0119	-0.0297	-0.0415	0.2810	9.2452	-3.2582	0.15404467032215408	3	0	15	Upright	Normal
0.6895	9.3087	-3.2944	-70.4783	-175.0621	-24.6349	-12.3398	-16.9084	30.7839	0.4075	0.0658	-0.0295	0.1984	-0.7919	-0.5557	0.1573	0.0180	-0.0244	-0.0340	0.2821	9.2428	-3.2649	-0.1242456967879253	4	0	16	Upright	Normal
Total time: 16 seconds.
