-8.4276	-5.2481	1.5706	27.0449	76.0765	-134.9964	34.6628	-2.0783	9.8903	0.0501	-0.7890	-0.5311	-0.6240	0.0591	0.6523	0.4262	-0.4381	-0.1233	-0.0863	-8.4777	-4.4591	2.1017	0.16304145863546715	6	0	1	Upright	Normal
-9.0788	-4.9033	-0.6512	28.6424	80.8350	-140.2894	34.8337	-2.7215	8.8685	-0.5821	-0.2025	-2.0221	-0.6548	0.0362	0.6394	0.4014	-0.9654	0.2634	0.1119	-8.4967	-4.7009	1.3708	0.287255605380615	6	0	1	Upright	Normal
-9.4619	-3.7158	0.9577	27.6933	82.3715	-145.3449	35.3378	-3.9589	8.1265	-0.8555	0.8419	-0.1950	-0.6640	0.0185	0.6506	0.3681	-0.4978	-0.2414	0.1069	-8.6064	-4.5577	1.1527	-0.12842923407799134	6	0	1	Upright	Normal
-8.5808	-3.2178	-0.8045	26.7701	84.1576	-149.6384	34.8210	-4.5660	6.5940	0.1293	1.1993	-1.6957	-0.6742	0.0049	0.6562	0.3388	-0.5830	-0.2095	0.2252	-8.7101	-4.4172	0.8912	-1.010839572715959	6	0	1	Upright	Normal
-8.8484	-2.6426	-0.0389	24.7291	84.3972	-153.2054	34.5932	-5.6063	6.5400	0.0165	1.4599	-0.9084	-0.6750	-0.0023	0.6706	0.3076	-0.2176	-0.2713	0.0984	-8.8648	-4.1025	0.8695	0.03512203367315436	0	0	1	Upright	Normal
-10.6111	-3.5243	-1.8387	23.5261	87.5236	-154.9950	34.1455	-6.1083	5.8807	-1.6279	0.3904	-2.2272	-0.6930	0.0028	0.6598	0.2907	0.0253	0.4638	-0.0624	-8.9832	-3.9147	0.3885	2.09657333986131	0	0	1	Upright	Normal
-9.9599	-6.2824	0.9577	24.3348	85.5914	-154.2162	34.5655	-5.7676	5.6043	-1.0509	-2.2413	0.2708	-0.6819	-0.0026	0.6673	0.2996	0.0476	-0.7176	-0.0081	-8.9090	-4.0411	0.6868	0.4833861944810103	0	0	1	Upright	Normal
-7.4316	-4.7118	3.4860	24.4109	81.3540	-153.8881	34.6119	-6.7207	3.9344	1.3970	-0.6589	2.1436	-0.6568	-0.0123	0.6910	0.3017	0.2841	-0.6644	0.0758	-8.8286	-4.0529	1.3424	-2.349850821671339	0	0	1	Upright	Normal
-8.1211	-4.2521	2.9113	24.1316	77.6375	-151.1407	34.4810	-6.9347	3.8956	0.6210	-0.2427	0.9954	-0.6343	-0.0050	0.7052	0.3168	0.3118	0.1048	0.0535	-8.7421	-4.0094	1.9160	0.15334974170846039	0	0	1	Upright	Normal
-7.6998	-4.3670	2.9497	24.6081	76.4621	-149.9404	34.7321	-6.8105	4.3392	0.9686	-0.2833	0.8627	-0.6273	-0.0049	0.7070	0.3264	0.0903	-0.2894	-0.2959	-8.6684	-4.0838	2.0870	-0.28761726453724457	1	0	2	Upright	Normal
-9.3853	-2.8730	2.5666	25.7942	75.4734	-149.8576	34.2385	-5.9434	3.6116	-0.8380	1.3943	0.3519	-0.6220	-0.0153	0.7088	0.3324	-0.0078	-0.0710	-0.2725	-8.5473	-4.2674	2.2146	0.8147104083231298	1	0	2	Upright	Normal
-9.2703	-3.2944	2.6432	25.8656	76.0964	-150.1831	35.2788	-4.6571	3.5958	-0.7046	0.9840	0.5230	-0.6258	-0.0158	0.7062	0.3308	-0.0205	0.1303	-0.2054	-8.5657	-4.2784	2.1202	0.04193426620444818	0	0	2	Upright	Normal
-10.1897	-3.1795	1.5706	26.2500	78.1613	-151.2701	34.8234	-4.5609	3.6289	-1.5814	1.1580	-0.2337	-0.6385	-0.0184	0.6968	0.3262	-0.4616	0.3902	0.1162	-8.6084	-4.3375	1.8043	0.6020103452306866	0	0	2	Upright	Normal
-9.3464	-6.9713	3.2555	24.1182	79.9052	-149.9412	34.0097	-5.1818	5.1165	-0.5344	-2.9640	1.6867	-0.6480	0.0082	0.6892	0.3240	0.4205	0.5212	0.2867	-8.8120	-4.0073	1.5688	1.3167262125732755	0	0	2	Upright	Normal
-6.4733	-6.6266	-0.1538	25.2625	80.6239	-147.6610	32.9378	-5.9668	6.7926	2.2770	-2.4413	-1.5986	-0.6528	0.0157	0.6752	0.3431	0.0381	0.5052	0.1397	-8.7504	-4.1852	1.4448	-2.8409483175605708	0	0	2	Upright	Normal
-8.0056	-3.7152	1.2252	25.0169	81.4914	-148.0347	32.6753	-6.4034	7.5709	0.7832	0.4320	-0.0895	-0.6578	0.0177	0.6721	0.3396	0.0466	-0.2106	0.2228	-8.7888	-4.1472	1.3147	-0.3546382457287258	0	0	2	Upright	Normal
-7.3550	-4.1755	1.1492	24.4007	81.9660	-147.6949	32.5305	-7.5917	7.0098	1.4881	-0.1240	-0.0989	-0.6601	0.0251	0.6702	0.3384	0.1148	0.2389	0.0683	-8.8431	-4.0514	1.2481	-0.3749924409984029	0	0	2	Upright	Normal
-8.2361	-3.4860	-0.1532	23.2399	84.2194	-147.9087	31.7116	-7.8507	7.4179	0.7292	0.3837	-1.0608	-0.6725	0.0379	0.6610	0.3307	0.1478	0.0972	0.1244	-8.9652	-3.8696	0.9076	0.4094675845634743	0	0	2	Upright	Normal
-9.5385	-3.4093	-0.5746	22.3857	85.1362	-147.5875	31.1708	-8.5202	8.5301	-0.5035	0.3256	-1.3433	-0.6771	0.0479	0.6571	0.3277	0.2191	0.0078	0.0477	-9.0350	-3.7350	0.7687	1.2009855026454233	0	0	2	Upright	Normal
-10.9936	-3.2938	-2.1458	20.2303	88.2587	-145.7957	30.5889	-9.5732	9.1068	-1.7961	0.0974	-2.4253	-0.6922	0.0811	0.6394	0.3247	0.3992	0.6618	0.2139	-9.1975	-3.3912	0.2795	1.5295467106344791	0	1	3	PT	Normal
-8.9250	-7.8524	6.1669	21.9548	83.4721	-142.9273	30.2586	-8.8893	9.1600	0.1115	-4.1858	5.1329	-0.6648	0.0730	0.6543	0.3531	0.4961	-1.6700	-0.3624	-9.0365	-3.6666	1.0340	1.7167220971678354	0	1	3	PT	Normal
-8.6568	-3.3704	2.8724	23.2894	80.8794	-142.2307	30.6502	-8.0892	8.0737	0.2369	0.5070	1.4448	-0.6508	0.0603	0.6629	0.3651	0.0860	0.9441	0.0616	-8.8937	-3.8774	1.4277	-3.668323520178875	0	1	3	Jump	Normal
-6.4733	-4.8261	1.8765	24.5869	78.3801	-139.7379	29.7880	-7.3682	9.1218	2.2615	-0.7458	0.0804	-0.6365	0.0575	0.6647	0.3870	-0.0035	-0.1946	-0.2658	-8.7348	-4.0803	1.7961	-1.434188762063414	0	1	3	PT	Normal
-7.6231	-3.7924	2.6049	27.1794	76.3739	-143.1573	31.0745	-6.9301	7.6179	0.8552	0.6871	0.5498	-0.6285	0.0147	0.6789	0.3792	-0.4946	-0.5131	-0.1571	-8.4783	-4.4796	2.0551	0.6143831082800766	0	1	3	PT	Normal
-9.6911	-3.6003	2.4894	26.7969	75.4464	-145.8180	31.6446	-7.2737	5.4477	-1.2185	0.8211	0.2898	-0.6228	-0.0003	0.6938	0.3616	-0.2783	-0.2659	-0.0655	-8.4726	-4.4213	2.1995	1.729851705938529	0	1	3	PT	Normal
-10.1125	-1.9914	1.8381	26.0802	76.4669	-149.6350	30.8326	-7.8308	4.1597	-1.5489	2.3201	-0.2230	-0.6283	-0.0132	0.7020	0.3352	-0.5990	-0.0817	0.2445	-8.5636	-4.3115	2.0611	-0.1644190105696417	0	1	3	Upright	Normal
-10.9553	-6.2818	3.7152	22.7162	76.8604	-151.4084	29.5910	-8.3983	3.0018	-2.1461	-2.4946	1.6589	-0.6286	0.0010	0.7140	0.3083	0.1606	0.1623	0.5161	-8.8092	-3.7872	2.0563	2.694340858929486	0	0	3	Upright	Normal
-5.7455	-6.9713	0.6123	24.4740	78.0082	-152.5217	28.6833	-9.9268	3.5321	2.9853	-2.9085	-1.2421	-0.6366	-0.0139	0.7060	0.3100	-0.3966	-0.1190	-0.0385	-8.7308	-4.0628	1.8545	-4.109133698281596	0	0	3	Upright	Normal
-8.8867	-3.9067	0.9188	25.3132	78.8615	-156.4838	28.5470	-10.8695	1.7359	-0.1885	0.2864	-0.7937	-0.6412	-0.0394	0.7094	0.2898	-0.4094	-0.0945	0.1692	-8.6981	-4.1931	1.7125	0.6963529990430573	0	0	3	Upright	Normal
-6.2052	-4.1366	1.7232	26.0459	78.9715	-157.7773	28.1732	-10.9684	1.4932	2.4428	0.1695	0.0379	-0.6414	-0.0513	0.7102	0.2855	-0.4040	0.1548	0.0179	-8.6480	-4.3061	1.6854	-2.0967845596178885	0	1	4	PT	Normal
-6.9330	-4.3664	0.4591	25.8654	80.7289	-163.9972	27.3018	-11.2246	-0.6887	1.7760	-0.0881	-0.9625	-0.6488	-0.0810	0.7152	0.2469	-0.9803	-0.5664	0.3865	-8.7091	-4.2783	1.4216	0.5521512351776439	0	1	4	PT	Normal
-9.4619	-3.8690	0.5746	24.9869	80.0312	-169.4136	27.0661	-12.7557	-3.6007	-0.7072	0.2735	-0.9641	-0.6404	-0.1071	0.7317	0.2075	-0.6650	-0.6538	0.2246	-8.7547	-4.1426	1.5387	2.0322391285695414	0	1	4	PT	Normal
-9.6145	-9.4230	5.2092	24.6215	76.9069	-175.2818	26.3400	-13.1355	-7.6485	-0.9312	-5.3373	3.1897	-0.6139	-0.1418	0.7590	0.1640	-0.4253	-1.4889	-0.1087	-8.6833	-4.0857	2.0195	4.196434131763027	0	1	4	Jump	Normal
-7.0096	-6.8947	4.2515	27.6027	72.0368	176.4716	24.3759	-11.9638	-13.4920	1.2573	-2.3508	1.5713	-0.5649	-0.2104	0.7894	0.1160	-2.0946	-0.2116	0.6210	-8.2669	-4.5439	2.6802	-3.722948021415448	0	1	4	Jump	Normal
-7.3927	-2.8724	4.5580	27.3010	68.2544	161.5241	20.3871	-10.5888	-20.3253	0.7186	1.5948	1.3295	0.5068	0.2803	-0.8152	-0.0015	-1.9401	-1.8404	0.6200	-8.1113	-4.4673	3.2284	-1.5644142241957457	0	1	4	PT	Normal
-6.5499	-4.6346	5.5156	45.7334	58.6369	172.9774	14.8648	-6.7610	-25.6890	1.3143	0.0168	1.9532	0.4296	0.3658	-0.8135	-0.1407	-2.2949	-1.4932	0.7350	-7.8642	-4.6513	3.5624	0.5890889360808824	0	1	4	PT	Normal
-7.7375	-3.8301	5.5156	64.0849	34.6277	-159.7964	9.3724	-1.7795	-30.8023	-0.0010	1.0569	1.9891	0.3372	0.4544	-0.7690	-0.2974	-2.6507	-1.5272	0.9364	-7.7364	-4.8870	3.5265	0.5083589779614268	0	1	4	PT	Normal
-6.8181	-4.7112	6.5882	68.4686	-25.7329	-96.7000	4.6901	5.9310	-32.6683	0.8466	0.4764	3.3462	0.2269	0.5322	-0.6855	-0.4420	-3.0768	-1.2652	0.7676	-7.6647	-5.1876	3.2420	0.3420612492341384	0	1	4	Tilt	Normal
-6.9330	-5.4390	6.8181	49.3946	-65.2453	-57.1608	0.1640	13.7313	-31.7542	0.5157	0.3530	4.1456	0.0747	0.5985	-0.5639	-0.5642	-3.0075	-1.2141	0.2393	-7.4487	-5.7920	2.6725	0.5545395756243252	0	0	4	Tilt	Normal
-8.5419	-3.5620	1.2252	35.1035	-81.3092	-45.9557	-2.8834	22.3472	-26.9641	-1.1899	2.8138	0.0130	-0.0319	0.6612	-0.4633	-0.5892	-2.6954	0.2762	-0.3456	-7.3520	-6.3758	1.2122	-1.8060425397592272	0	1	5	PT	Normal
-8.6957	-2.4134	0.2682	28.4267	-90.1058	-43.8628	-2.4402	28.8171	-21.6901	-1.6310	4.3883	0.2842	-0.0953	0.7012	-0.4170	-0.5704	-1.4895	-0.1712	-0.9336	-7.0647	-6.8016	-0.0160	-0.3071988329395019	0	1	5	Upright	Normal
-7.6614	-5.3630	-1.0726	22.8838	-93.7838	-43.8361	-5.0120	30.1001	-18.1316	-0.7774	1.5959	-0.4763	-0.1413	0.7144	-0.3844	-0.5673	-0.8024	0.2539	-0.2316	-6.8841	-6.9589	-0.5963	0.3848717833770703	0	1	5	Upright	Normal
-5.7072	-6.8947	-1.3414	21.6526	-96.2149	-45.6228	-6.9279	30.1302	-16.3430	0.8311	0.3475	-0.3545	-0.1679	0.7226	-0.3832	-0.5503	-0.2932	-0.3746	-0.4095	-6.5383	-7.2422	-0.9869	-0.36292598318308045	0	1	5	Upright	Normal
-4.7495	-6.1669	-0.9200	20.3949	-93.8613	-49.6442	-9.1273	29.6557	-15.3954	1.4109	1.4383	-0.3009	-0.1921	0.7033	-0.3995	-0.5557	0.0402	-0.8838	-0.3775	-6.1604	-7.6052	-0.6191	-1.2122887469739378	0	0	5	Upright	Normal
-7.4316	-6.9719	-0.4214	19.6242	-90.9287	-48.9582	-10.4924	29.3414	-14.4784	-1.0335	0.4588	-0.2716	-0.1823	0.6888	-0.3969	-0.5786	0.2426	-0.6132	0.3639	-6.3981	-7.4307	-0.1498	2.36067227556474	0	0	5	Upright	Normal
-8.5425	-8.2744	1.2258	21.4953	-88.3058	-46.4209	-10.4152	29.0428	-13.8631	-1.7081	-1.2465	0.9562	-0.1467	0.6817	-0.3972	-0.5966	0.3001	-0.4875	0.5216	-6.8344	-7.0279	0.2696	1.7571513420444695	0	0	5	Upright	Normal
-6.5122	-6.7038	-0.4214	23.8728	-88.1224	-44.7246	-9.4027	29.2601	-13.2943	0.5432	0.1012	-0.7151	-0.1214	0.6858	-0.4005	-0.5955	-0.0333	0.1676	0.4267	-7.0554	-6.8049	0.2937	-2.6002588748937256	0	0	5	Upright	Normal
-7.5082	-6.5888	0.5363	25.1102	-88.0401	-41.1708	-8.4294	29.4499	-13.7902	-0.0368	-0.2439	0.2327	-0.0922	0.6899	-0.3882	-0.6040	0.0061	0.1825	0.6473	-7.4714	-6.3449	0.3036	0.64804736085485	0	0	5	Upright	Normal
-7.1245	-5.1709	1.2635	27.2080	-88.7650	-36.5967	-7.0596	29.6064	-14.0773	0.8046	0.5968	1.0756	-0.0538	0.6982	-0.3743	-0.6078	-0.0482	0.2028	0.5073	-7.9291	-5.7676	0.1879	-1.110215822022747	0	0	5	Upright	Normal
-7.1251	-5.4779	0.8045	28.5874	-89.4899	-32.4018	-4.7689	29.5445	-13.7232	1.1768	-0.2584	0.7278	-0.0219	0.7040	-0.3589	-0.6124	0.0626	0.1665	0.9408	-8.3019	-5.2195	0.0766	0.12996307017546016	0	0	6	Upright	Normal
-7.9679	-5.1715	1.0726	28.8257	-87.3803	-29.0527	-2.7962	29.4014	-14.0832	0.7009	-0.6030	0.6800	0.0064	0.6928	-0.3421	-0.6348	0.2298	-0.5525	0.8418	-8.6688	-4.5684	0.3926	0.5360144270602376	0	0	6	Upright	Normal
-9.1171	-5.2481	1.5323	27.9800	-81.1309	-27.8523	-1.2148	28.7995	-14.4922	-0.2188	-1.3482	0.1972	0.0264	0.6567	-0.3300	-0.6776	0.2980	-0.9935	0.8609	-8.8983	-3.8999	1.3351	1.0713007420944631	0	0	6	Upright	Normal
-10.6494	-4.5969	1.1109	26.9853	-74.9308	-25.7401	-0.3599	27.8558	-14.9282	-1.6171	-1.5265	-1.1610	0.0488	0.6179	-0.3103	-0.7208	0.4833	-1.3259	1.0910	-9.0323	-3.0704	2.2719	1.0215556613538048	0	0	6	Upright	Normal
-10.1508	-1.1869	2.7575	28.3521	-76.5544	-19.1545	2.1902	27.0828	-15.0051	-0.7856	0.9198	0.7509	0.0896	0.6242	-0.2762	-0.7253	-0.2943	1.4299	0.6816	-9.3652	-2.1067	2.0066	-1.0668386331759017	0	0	6	Upright	Normal
-9.4619	-0.0766	-0.7278	28.1789	-87.3240	-9.2702	5.0946	26.7592	-13.3640	0.2411	1.2882	-1.1314	0.1214	0.6817	-0.2242	-0.6858	-0.3497	1.2701	0.6709	-9.7030	-1.3648	0.4036	-1.0952689431659852	0	0	6	Upright	Normal
-10.7643	-1.3024	0.0000	27.6110	-89.7741	-5.6946	8.3911	26.9715	-11.8535	-1.0044	-0.3470	-0.0341	0.1348	0.6929	-0.2024	-0.6788	-0.0269	-0.4301	-0.0023	-9.7600	-0.9554	0.0341	-1.0952689431659852	0	0	6	Upright	Normal
-9.5762	-1.6849	0.6506	27.3585	-88.5482	-6.9901	7.9149	26.6295	-12.5658	0.1683	-0.6050	0.4301	0.1277	0.6874	-0.2072	-0.6843	0.0157	0.0365	0.1393	-9.7446	-1.0799	0.2206	0.25487956848034266	0	0	6	Upright	Normal
-9.9982	-1.4551	0.1532	27.2785	-88.0117	-6.7467	8.4270	27.3909	-12.4386	-0.2469	-0.4585	-0.1490	0.1296	0.6840	-0.2047	-0.6881	0.0221	-0.2734	0.1835	-9.7513	-0.9966	0.3023	0.35965386012465217	0	0	6	Upright	Normal
-9.1937	-0.9577	0.1532	27.0328	-86.4882	-6.6426	8.3656	27.6208	-12.7128	0.5604	-0.0965	-0.3817	0.1314	0.6749	-0.2009	-0.6978	-0.0610	-0.0720	0.2038	-9.7541	-0.8612	0.5350	-0.8599757544509821	0	0	7	Upright	Normal
-9.7300	-1.4940	1.2258	26.4090	-85.5618	-6.6902	8.5347	27.1213	-12.7677	0.0201	-0.6900	0.5462	0.1288	0.6699	-0.1966	-0.7043	-0.0994	-0.0912	0.1313	-9.7501	-0.8040	0.6797	0.6753399577019525	0	0	7	Upright	Normal
-9.8444	-0.8039	0.9954	25.8674	-83.7258	-6.8922	8.2328	26.6717	-11.9401	-0.1107	-0.0982	0.0311	0.1273	0.6593	-0.1927	-0.7155	-0.0685	-0.2148	0.0568	-9.7336	-0.7057	0.9643	0.00714371057364005	0	0	7	Upright	Normal
-9.9976	-1.1486	1.4168	25.2839	-83.2428	-7.2578	8.4702	26.2613	-12.0363	-0.2747	-0.4070	0.3735	0.1223	0.6572	-0.1912	-0.7188	-0.0717	-0.0465	0.0067	-9.7229	-0.7416	1.0433	0.23540823833642044	0	0	7	Upright	Normal
-9.7294	-0.4974	1.2252	25.0570	-82.9712	-6.9454	8.5394	26.9687	-12.7298	-0.0064	0.1751	0.1383	0.1230	0.6553	-0.1877	-0.7212	-0.0024	0.0153	0.0492	-9.7230	-0.6725	1.0870	-0.3437618638620421	0	0	7	Upright	Normal
-9.8444	-0.8422	1.1869	25.1943	-82.8352	-6.8276	8.4450	26.2269	-12.8484	-0.1214	-0.2023	0.0802	0.1248	0.6542	-0.1876	-0.7220	0.0370	-0.0113	0.0226	-9.7230	-0.6399	1.1067	0.13254829745303454	0	0	7	Upright	Normal
-9.6911	-0.8039	1.2252	25.3641	-82.8408	-6.7473	8.8758	26.8599	-12.0004	0.0332	-0.1805	0.1209	0.1264	0.6540	-0.1880	-0.7218	0.0327	0.0302	0.0428	-9.7243	-0.6234	1.1043	-0.1501296525568332	0	0	7	Upright	Normal
-9.9593	-1.0337	1.3018	25.5139	-82.8010	-6.8789	8.7677	26.7278	-12.2780	-0.2364	-0.3938	0.1929	0.1266	0.6538	-0.1897	-0.7215	0.0317	0.0334	0.0023	-9.7229	-0.6399	1.1090	0.2958078441600467	0	0	7	Upright	Normal
-9.8067	-0.7661	1.1109	25.6603	-82.8571	-6.9346	8.6445	26.5544	-12.1605	-0.0835	-0.1154	0.0118	0.1272	0.6541	-0.1909	-0.7208	0.0125	0.0153	0.0066	-9.7232	-0.6508	1.0991	-0.1979631953430001	0	0	7	Upright	Normal
-9.8067	-0.8811	1.1109	25.6499	-82.9121	-6.9995	8.4710	26.2573	-12.7015	-0.0835	-0.2149	0.0202	0.1266	0.6545	-0.1913	-0.7204	-0.0056	0.0185	0.0068	-9.7232	-0.6662	1.0907	0.00956331264673338	0	0	7	Upright	Normal
-9.8061	-0.7655	1.2635	25.6387	-82.9816	-6.9742	8.7604	26.6677	-12.5687	-0.0819	-0.0983	0.1833	0.1266	0.6549	-0.1911	-0.7201	0.0008	0.0228	0.0228	-9.7242	-0.6672	1.0802	0.008081610377240978	1	0	8	Upright	Normal
-9.8067	-0.7278	1.1492	25.6545	-83.0776	-6.8782	8.7355	26.9649	-12.6208	-0.0802	-0.0699	0.0839	0.1271	0.6554	-0.1907	-0.7197	0.0040	0.0281	0.0217	-9.7264	-0.6580	1.0653	-0.01616281435762268	1	0	8	Upright	Normal
-9.7683	-0.7661	1.1492	25.6733	-83.1205	-6.7822	9.0909	27.1231	-12.5807	-0.0403	-0.1217	0.0905	0.1277	0.6555	-0.1903	-0.7196	0.0050	0.0164	0.0196	-9.7281	-0.6445	1.0587	-0.035133865254092456	1	0	8	Upright	Normal
-9.8067	-0.6512	1.0726	25.7038	-83.2046	-6.7001	8.9712	27.3151	-12.6053	-0.0766	-0.0148	0.0271	0.1282	0.6559	-0.1900	-0.7191	0.0050	0.0036	0.0111	-9.7300	-0.6364	1.0455	0.021194521134697553	1	0	8	Upright	Normal
-9.8827	-0.6889	1.1103	25.7094	-83.2111	-6.6787	8.8770	27.2776	-12.5768	-0.1523	-0.0558	0.0658	0.1284	0.6559	-0.1899	-0.7191	0.0008	0.0078	0.0164	-9.7303	-0.6331	1.0445	0.08205419866540886	1	0	8	Upright	Normal
-9.8061	-0.7272	1.1869	25.7060	-83.1923	-6.7096	9.0787	26.9301	-12.7837	-0.0763	-0.0902	0.1396	0.1282	0.6559	-0.1901	-0.7192	0.0061	0.0035	0.0031	-9.7297	-0.6370	1.0473	-0.06430606289236174	1	0	8	Upright	Normal
-9.7677	-0.7272	1.1486	25.7036	-83.1747	-6.7304	8.7669	26.3468	-12.5461	-0.0383	-0.0880	0.0986	0.1281	0.6558	-0.1902	-0.7193	0.0018	0.0078	0.0137	-9.7294	-0.6393	1.0500	-0.04255120407391111	1	0	8	Upright	Normal
-9.8061	-0.6506	1.0720	25.7006	-83.1584	-6.7602	8.7102	26.4628	-13.1872	-0.0772	-0.0075	0.0195	0.1279	0.6557	-0.1903	-0.7193	0.0040	0.0078	0.0063	-9.7288	-0.6431	1.0526	0.02410347768705101	1	0	8	Upright	Normal
-9.7677	-0.7272	1.1103	25.6993	-83.1514	-6.7703	8.6007	26.7156	-12.6734	-0.0391	-0.0829	0.0567	0.1279	0.6557	-0.1904	-0.7193	0.0029	0.0056	0.0063	-9.7287	-0.6443	1.0536	-0.0284908496341707	1	0	8	Upright	Normal
-9.8061	-0.6889	1.0720	25.6986	-83.1452	-6.7786	8.7394	26.5299	-12.6407	-0.0775	-0.0435	0.0174	0.1278	0.6557	-0.1904	-0.7194	-0.0003	-0.0007	0.0074	-9.7285	-0.6454	1.0546	0.031085242487995046	1	0	8	Upright	Normal
-9.8067	-0.7661	1.1109	25.6967	-83.1342	-6.7938	8.5550	27.1778	-12.5927	-0.0784	-0.1190	0.0546	0.1278	0.6556	-0.1905	-0.7194	0.0018	0.0024	0.0014	-9.7282	-0.6472	1.0563	0.010562433213031852	2	0	9	Upright	Normal
-9.8067	-0.6895	1.0343	25.6967	-83.1386	-6.7961	9.5426	27.1377	-12.9502	-0.0784	-0.0417	-0.0214	0.1277	0.6556	-0.1905	-0.7194	0.0040	0.0109	0.0089	-9.7282	-0.6478	1.0557	-0.01394144724674895	2	0	9	Upright	Normal
-9.7677	-0.6889	1.1486	25.6960	-83.1234	-6.8025	9.3472	27.3888	-12.9137	-0.0398	-0.0412	0.0907	0.1277	0.6555	-0.1905	-0.7195	0.0029	0.0077	0.0035	-9.7279	-0.6478	1.0579	-0.02606905882500854	2	0	9	Upright	Normal
-9.7677	-0.6889	1.1103	25.6951	-83.1238	-6.8113	9.0759	26.7297	-13.1451	-0.0400	-0.0397	0.0524	0.1277	0.6556	-0.1906	-0.7195	0.0061	0.0067	-0.0007	-9.7278	-0.6493	1.0579	-0.00438859635243638	2	0	9	Upright	Normal
-9.8061	-0.6506	1.1486	25.6944	-83.1189	-6.8162	9.1374	27.2695	-13.2478	-0.0783	-0.0007	0.0899	0.1276	0.6555	-0.1906	-0.7195	0.0040	0.0067	-0.0029	-9.7278	-0.6499	1.0587	0.03984154447274868	2	0	9	Upright	Normal
-9.8061	-0.7272	0.9954	25.6936	-83.1117	-6.8233	9.3491	26.7913	-12.5202	-0.0784	-0.0768	-0.0643	0.1276	0.6555	-0.1907	-0.7195	0.0082	-0.0008	-0.0009	-9.7276	-0.6505	1.0597	-0.011271271410926431	2	0	9	Upright	Normal
-9.8061	-0.6123	1.0720	25.6935	-83.1073	-6.8255	9.1052	26.4991	-12.2695	-0.0786	0.0382	0.0115	0.1276	0.6555	-0.1907	-0.7195	0.0040	0.0045	-0.0009	-9.7275	-0.6505	1.0605	2.2534464084600359E-4	2	0	9	Upright	Normal
-9.7677	-0.6889	1.1103	25.6922	-83.1021	-6.8358	9.4229	26.9954	-12.7286	-0.0404	-0.0370	0.0491	0.1275	0.6555	-0.1907	-0.7195	0.0050	0.0035	0.0001	-9.7273	-0.6520	1.0612	-0.028795617702668252	2	0	9	Upright	Normal
-9.8061	-0.5740	1.1486	25.6919	-83.0968	-6.8392	8.9586	27.3919	-12.9933	-0.0789	0.0781	0.0865	0.1275	0.6554	-0.1907	-0.7196	0.0008	0.0045	-0.0041	-9.7272	-0.6521	1.0621	0.03510020494138466	2	0	9	Upright	Normal
-9.8450	-0.6512	1.0343	25.6913	-83.0940	-6.8459	8.5932	26.7907	-12.0140	-0.1179	0.0018	-0.0283	0.1275	0.6554	-0.1908	-0.7196	0.0061	0.0045	-0.0020	-9.7270	-0.6530	1.0626	0.030767448727843316	3	0	10	Upright	Normal
-9.7683	-0.6512	1.0726	25.6911	-83.0891	-6.8465	9.0208	26.3119	-12.5933	-0.0413	0.0015	0.0094	0.1275	0.6554	-0.1908	-0.7196	0.0008	0.0069	0.0123	-9.7270	-0.6527	1.0632	-0.07201374224742452	3	0	10	Upright	Normal
-9.8067	-0.6895	1.1109	25.6904	-83.0779	-6.8540	8.8914	26.3057	-12.1820	-0.0799	-0.0364	0.0459	0.1275	0.6553	-0.1908	-0.7197	0.0008	0.0005	0.0145	-9.7267	-0.6532	1.0650	0.04491181991054738	3	0	10	Upright	Normal
-9.8450	-0.6129	1.1109	25.6904	-83.0719	-6.8526	9.1753	26.8476	-11.8284	-0.1182	0.0397	0.0450	0.1275	0.6553	-0.1908	-0.7197	0.0018	0.0047	0.0155	-9.7267	-0.6526	1.0659	0.0329419738249932	3	0	10	Upright	Normal
-9.8061	-0.6123	1.0720	25.6957	-83.0673	-6.8273	9.0863	26.7492	-12.7127	-0.0790	0.0355	0.0054	0.1277	0.6552	-0.1906	-0.7197	0.0040	0.0026	0.0177	-9.7270	-0.6478	1.0666	-0.042912087454675785	3	0	10	Upright	Normal
-9.7677	-0.6889	1.0720	25.7073	-83.0887	-6.7600	8.8540	26.4966	-12.5782	-0.0397	-0.0512	0.0088	0.1281	0.6553	-0.1903	-0.7197	0.0008	0.0069	0.0198	-9.7281	-0.6378	1.0632	-0.033037239152964304	3	0	10	Upright	Normal
-9.7677	-0.6506	1.1869	25.7061	-83.0798	-6.7703	9.1218	26.7851	-12.3259	-0.0400	-0.0118	0.1224	0.1280	0.6552	-0.1904	-0.7197	-0.0003	-0.0033	0.0019	-9.7278	-0.6388	1.0645	0.010564632650044814	3	0	10	Upright	Normal
-9.8827	-0.6123	1.0337	25.7060	-83.0786	-6.7737	9.5997	26.2851	-12.9864	-0.1549	0.0269	-0.0311	0.1280	0.6552	-0.1904	-0.7198	-0.0024	-0.0076	0.0019	-9.7278	-0.6393	1.0648	0.09442772124642929	3	0	10	Upright	Normal
-9.8444	-0.5740	1.0720	25.7057	-83.0766	-6.7750	9.3785	26.8219	-12.7730	-0.1166	0.0654	0.0070	0.1280	0.6552	-0.1904	-0.7198	-0.0056	-0.0023	-0.0067	-9.7278	-0.6394	1.0650	-0.03624341086766769	3	0	10	Upright	Normal
-9.8444	-0.7655	1.1103	25.7051	-83.0697	-6.7803	9.1286	26.7743	-12.5042	-0.1167	-0.1257	0.0441	0.1280	0.6552	-0.1904	-0.7198	0.0029	0.0052	-0.0045	-9.7276	-0.6399	1.0662	0.017128507422166095	3	0	10	Upright	Normal
-9.8444	-0.6506	1.0720	25.7204	-83.1156	-6.7768	9.3623	26.6626	-12.9342	-0.1161	-0.0082	0.0130	0.1280	0.6554	-0.1905	-0.7195	-0.0013	0.0148	0.0051	-9.7282	-0.6424	1.0590	-0.012401217648870144	4	0	11	Upright	Normal
Total time: 11 seconds.
