-8.5808	-3.9073	3.0646	18.8383	71.3828	-28.7992	20.0896	36.6601	9.9662	0.2149	-0.7407	0.1016	-0.2719	0.5244	0.1068	0.7998	-0.5866	-0.5767	0.2746	-8.7957	-3.1666	2.9630	0.3362281996420915	6	0	1	Upright	Normal
-8.5802	-3.9067	3.1789	18.3730	69.0887	-34.7926	20.6486	35.5900	11.3598	0.1136	-0.8155	-0.1428	-0.2928	0.4949	0.1567	0.8030	-0.5536	-0.4808	0.3957	-8.6938	-3.0912	3.3217	0.035172800349164035	6	0	1	Upright	Normal
-8.6191	-3.6009	3.4477	17.8023	67.8107	-37.5800	22.4642	34.2980	11.9991	0.0265	-0.6026	-0.0786	-0.2991	0.4804	0.1824	0.8041	-0.3469	-0.4531	0.4063	-8.6456	-2.9983	3.5262	0.007758832372452673	6	0	1	Upright	Normal
-8.7334	-3.1789	2.2978	16.5317	67.6050	-41.8022	24.2613	33.5134	12.6414	-0.0412	-0.3883	-1.2839	-0.3080	0.4717	0.2187	0.7967	-0.3522	-0.0706	0.4425	-8.6923	-2.7906	3.5817	-0.3832111716832838	6	0	1	Upright	Normal
-8.7724	-3.4477	3.3710	14.9264	68.5917	-42.0458	25.5078	32.3644	12.5622	0.0497	-0.9216	-0.0877	-0.3006	0.4830	0.2255	0.7909	0.2827	0.2063	0.4148	-8.8220	-2.5260	3.4587	0.4364624707414819	6	0	1	Upright	Normal
-8.7718	-5.4390	2.4128	13.3917	70.4400	-41.9921	26.2302	31.5916	12.9014	0.2177	-3.1677	-0.7811	-0.2942	0.5006	0.2279	0.7816	0.3210	0.3331	0.4255	-8.9895	-2.2713	3.1939	0.5892132257063754	6	0	1	Upright	Normal
-11.7603	-5.8227	1.6089	15.4703	74.8020	-43.7709	26.1369	31.2081	12.7405	-2.6395	-3.2067	-0.8688	-0.3236	0.5186	0.2176	0.7609	-0.8252	0.5195	-0.0981	-9.1209	-2.6160	2.4777	2.621611479391026	6	0	1	Upright	Normal
-8.4276	-4.8650	1.8387	21.2757	87.9676	-51.7964	22.8625	30.6530	19.3035	0.7049	-1.3065	1.5148	-0.4176	0.5560	0.1935	0.6921	-1.9693	1.1128	-0.9908	-9.1325	-3.5585	0.3240	-3.317877700441368	6	0	1	Upright	Normal
-10.8793	0.3065	1.3408	20.9490	97.1806	-55.9261	16.5301	28.2505	25.3451	-1.7927	3.8128	2.4856	-0.4520	0.5950	0.1846	0.6384	0.4435	1.5144	-0.2461	-9.0866	-3.5063	-1.1449	1.0626896385153959	6	0	1	Upright	Normal
-6.3590	-9.4236	2.0303	27.2284	97.6396	-53.9464	12.5493	28.1129	26.1598	2.2836	-4.9365	3.1895	-0.4699	0.5816	0.1324	0.6507	0.5127	0.4864	-1.3231	-8.6426	-4.4870	-1.1592	0.5824051700389958	6	1	2	PT	Normal
-6.0142	0.6129	-0.5363	27.4234	95.7414	-56.5671	8.7419	28.6567	26.1280	2.6468	5.1296	0.3346	-0.4814	0.5591	0.1540	0.6572	-0.2053	-1.0646	0.2535	-8.6610	-4.5167	-0.8709	-5.479209168455108	6	1	2	Jump	Normal
-8.5036	-5.1709	-2.8736	23.5212	90.8445	-56.7193	11.3279	27.0136	25.9829	0.4874	-1.2570	-2.7411	-0.4571	0.5457	0.1986	0.6736	0.0706	-1.2233	0.8067	-8.9910	-3.9139	-0.1326	4.289817860734547	6	1	2	Jump	Normal
-11.1091	-7.3167	-4.1755	23.2614	89.2159	-54.7865	15.3409	26.7751	23.3407	-2.1005	-3.4436	-4.2986	-0.4439	0.5447	0.1951	0.6842	0.2549	-0.5330	0.2358	-9.0086	-3.8731	0.1232	3.5831498931378842	6	1	2	Jump	Normal
-10.0742	-2.1829	2.9491	20.4571	85.6511	-49.2990	17.1796	27.6974	20.8891	-0.9125	1.2448	2.2523	-0.3974	0.5537	0.1913	0.7063	1.4715	-0.1794	0.3231	-9.1617	-3.4277	0.6967	-3.22050395023472	6	1	2	PT	Normal
-9.5762	-2.3744	2.9874	19.4183	80.8561	-35.1887	18.0290	30.3166	16.6674	-0.4449	0.8860	1.5176	-0.3156	0.5705	0.1226	0.7483	1.9402	-0.0164	-0.0604	-9.1313	-3.2605	1.4697	-0.4130182052138984	6	1	2	PT	Normal
-10.3040	-3.9067	3.7535	17.8098	81.6562	-30.0219	17.0982	32.3481	12.0047	-1.0662	-0.9071	2.3987	-0.2804	0.5935	0.0959	0.7482	0.3455	0.5237	0.1910	-9.2379	-2.9996	1.3548	1.3329184190991068	6	1	2	PT	Normal
-7.3161	-5.5539	4.7878	18.0520	79.9926	-31.7962	17.8892	31.6445	12.2414	1.8661	-2.5150	3.1677	-0.2895	0.5776	0.1103	0.7553	-0.6473	-0.8430	0.3877	-9.1822	-3.0390	1.6201	-1.2831662509972794	6	1	2	PT	Normal
-8.9256	-3.1029	2.3750	16.6708	71.2438	-28.8381	20.0265	30.6400	10.6662	-0.0299	-0.2895	-0.6455	-0.2576	0.5288	0.1185	0.8000	0.0813	-1.3799	0.5176	-8.8957	-2.8133	3.0206	-0.614832219525745	6	1	2	PT	Normal
-10.0365	-3.6775	-2.6049	13.8399	73.7308	-30.3565	22.6855	30.2673	8.1874	-0.8957	-1.3315	-5.2723	-0.2490	0.5496	0.1382	0.7854	1.2201	0.9477	0.4122	-9.1408	-2.3460	2.6674	1.258399503586146	6	1	2	PT	Normal
-7.4316	-8.7340	0.9960	14.9630	78.2285	-29.3491	23.9189	29.7186	7.5554	1.8434	-6.2019	-0.9367	-0.2562	0.5795	0.1154	0.7650	-0.2884	0.9445	0.1640	-9.2750	-2.5322	1.9327	0.5091582554114886	6	2	3	PT	Normal
-10.5728	-5.7844	1.7238	23.5275	90.8381	-37.7531	21.5763	30.9549	12.3645	-1.5823	-1.8696	1.8554	-0.3610	0.6135	0.0849	0.6972	-2.2112	0.7251	-2.0166	-8.9905	-3.9148	-0.1315	0.6633381241629817	6	2	3	PT	Normal
-9.9976	1.3414	2.3361	26.1863	99.0374	-40.4560	16.4776	32.5176	18.6852	-1.3066	5.6690	3.7185	-0.3941	0.6443	0.0569	0.6529	0.9718	2.0129	-0.5318	-8.6910	-4.3277	-1.3824	-1.8201884923512797	6	2	3	PT	Normal
-6.2052	-5.2475	3.6003	26.8512	97.5435	-41.1162	12.8533	33.7575	20.3430	2.4686	-0.8179	4.7489	-0.4002	0.6312	0.0616	0.6615	-0.5100	-0.8793	-0.5701	-8.6737	-4.4296	-1.1486	-1.4658051618267116	6	2	3	PT	Normal
-6.7038	1.9920	-0.2298	26.1032	93.0532	-44.7855	11.6934	33.8498	22.1600	2.0901	6.3069	0.2393	-0.4130	0.5944	0.1038	0.6821	-0.1510	-1.5163	0.3982	-8.7939	-4.3149	-0.4691	-1.8910874531729842	6	2	3	PT	Normal
-12.9095	-7.8530	-2.8347	22.3892	86.8870	-41.5716	15.4545	34.1648	21.7816	-3.8554	-4.1176	-3.3270	-0.3712	0.5806	0.1279	0.7133	1.6408	-0.2763	0.2736	-9.0541	-3.7354	0.4923	8.376743206717917	6	2	3	Jump	Normal
-10.8020	-5.2092	0.1909	24.4041	87.0668	-40.4872	16.4627	36.0005	19.2711	-1.8832	-1.1573	-0.2659	-0.3767	0.5786	0.1086	0.7152	-0.0050	-0.6875	0.0115	-8.9188	-4.0519	0.4568	-3.3800407905624077	6	2	3	PT	Normal
-8.0056	-0.4591	1.1869	21.9313	83.1826	-38.4335	17.0079	35.4429	18.3521	1.0271	3.2037	0.1071	-0.3488	0.5686	0.1224	0.7349	0.5213	0.1562	0.0051	-9.0327	-3.6628	1.0798	-3.887856802203471	6	2	3	Jump	Normal
-8.5802	-1.3402	3.0640	21.1024	83.7359	-28.0347	15.0852	37.0622	15.9377	0.5142	2.1907	2.0657	-0.2912	0.6036	0.0587	0.7399	2.0723	0.1136	-0.0769	-9.0944	-3.5308	0.9982	1.1027951855804474	6	2	3	PT	Normal
-9.7294	-3.9450	4.6346	18.2340	82.6540	-21.1021	13.8561	38.8986	11.3638	-0.4916	-0.8764	3.4438	-0.2364	0.6192	0.0329	0.7481	-0.3096	0.2500	0.4099	-9.2379	-3.0686	1.1908	2.2673135693049797	6	2	3	PT	Normal
-8.0822	-5.5156	2.1829	17.6561	78.0033	-19.8777	14.5270	38.2650	11.1227	1.0584	-2.5411	0.2406	-0.2248	0.5920	0.0374	0.7731	0.2571	-1.3756	0.3034	-9.1406	-2.9745	1.9423	-1.4508154279909782	6	3	4	Walk	Normal
-8.1588	-4.9793	0.1526	17.4819	74.1928	-21.9251	16.7408	37.9619	9.9879	0.8413	-2.0333	-2.3952	-0.2324	0.5622	0.0599	0.7914	-0.4854	0.1243	0.2757	-9.0001	-2.9461	2.5479	-0.46597876128684845	6	3	4	Walk	Normal
-7.5459	-3.9834	2.5660	18.3852	81.5781	-18.2895	14.9215	38.2414	9.9336	1.6599	-0.8902	1.2031	-0.2219	0.6175	0.0157	0.7545	-0.2244	1.1192	0.0847	-9.2059	-3.0932	1.3629	-0.6491883443587216	6	3	4	Walk	Normal
-9.4613	-8.1588	-7.2024	21.9199	93.8866	-16.5341	12.2878	38.4140	11.4742	-0.3844	-4.4978	-6.5857	-0.2316	0.6912	-0.0411	0.6833	1.6440	3.1379	-1.2564	-9.0769	-3.6610	-0.6167	5.510463394135721	6	3	4	Run	Normal
-13.8666	1.5712	4.7495	18.8995	111.3932	-40.9902	5.2351	33.5816	21.0059	-5.2279	4.7477	8.1339	-0.3720	0.7309	0.0676	0.5682	-1.2897	1.8713	0.3010	-8.6387	-3.1765	-3.3844	0.3206979856716856	0	3	4	Upright	Normal
-3.0640	-1.9914	1.1486	22.1327	118.9871	-38.9176	-1.2118	30.9304	25.2299	4.8822	1.7035	5.5508	-0.3736	0.7648	0.0100	0.5248	0.4680	0.5557	-0.4074	-7.9462	-3.6949	-4.4022	-10.910862865731747	0	0	4	Upright	Normal
-7.1245	-2.4894	-4.5209	23.4429	127.8541	-46.1731	-5.5011	30.5542	24.6837	-0.0205	1.4121	1.0003	-0.4270	0.7741	0.0009	0.4674	-1.2087	0.8252	-0.6961	-7.1040	-3.9015	-5.5212	4.96685226437367	0	0	4	Upright	Normal
-4.7878	-3.0257	-6.4362	22.5799	136.8779	-53.4777	-12.4552	26.4450	26.3017	1.4018	0.7400	0.1730	-0.4746	0.7821	-0.0005	0.4038	0.1485	1.2397	-0.8245	-6.1896	-3.7656	-6.6092	-0.2240307272960198	0	0	4	Upright	Normal
-4.8650	-5.6695	-7.0102	27.4565	144.4774	-54.8596	-19.5932	25.8017	22.7143	0.1911	-1.1479	0.0723	-0.4904	0.7878	-0.0641	0.3671	0.4233	0.9851	-0.1630	-5.0561	-4.5216	-7.0825	1.6713598887727734	0	0	4	Upright	Normal
-2.7581	-3.5626	-7.3933	28.7929	152.0911	-57.3822	-23.5616	25.1905	19.7813	1.2647	1.1609	0.2014	-0.5039	0.7958	-0.0995	0.3207	-0.0283	1.0043	-0.2205	-4.0229	-4.7235	-7.5947	-1.5867720905985152	0	1	5	PT	Normal
-1.2641	-4.1372	-8.6957	28.5504	158.7382	-59.7276	-26.9409	23.8624	17.6685	1.8597	0.5498	-0.6678	-0.5137	0.8034	-0.1211	0.2757	-0.0731	1.1023	-0.1491	-3.1238	-4.6869	-8.0279	1.0543896111420494	0	1	5	PT	Normal
-2.5277	-6.3584	-9.1177	29.8937	163.7136	-61.3705	-29.0850	23.0375	14.9143	-0.1434	-1.4708	-0.9569	-0.5195	0.8039	-0.1497	0.2480	0.1602	0.4141	-0.1193	-2.3843	-4.8876	-8.1608	1.6872627600914427	0	1	5	PT	Normal
-2.9874	-5.4007	-9.1177	29.9935	165.3462	-61.4859	-30.2999	22.6365	13.2316	-0.8387	-0.4983	-0.9005	-0.5181	0.8065	-0.1576	0.2371	-0.0408	0.1365	0.1365	-2.1486	-4.9024	-8.2172	-0.38940074492056276	0	1	5	Upright	Normal
-1.3785	-5.1709	-8.0068	29.9240	165.4121	-60.6682	-30.7787	22.9838	13.4079	0.7623	-0.2788	0.2186	-0.5123	0.8105	-0.1591	0.2352	0.0891	0.1152	0.1525	-2.1407	-4.8921	-8.2254	-1.3796624246249305	0	0	5	Upright	Normal
-2.7958	-4.2515	-7.2790	30.1094	164.9048	-59.7953	-29.8939	22.4715	12.8772	-0.5864	0.6681	0.9117	-0.5068	0.8129	-0.1600	0.2383	0.0391	0.0023	0.1418	-2.2094	-4.9196	-8.1907	-0.7493474402228433	0	0	5	Upright	Normal
0.1921	-5.6689	-7.9685	29.9418	166.0253	-59.6790	-30.4277	23.5794	13.3795	2.2444	-0.7741	0.2779	-0.5044	0.8161	-0.1639	0.2295	0.0114	0.1418	0.0246	-2.0523	-4.8948	-8.2464	0.8999278112719455	0	0	5	Upright	Normal
-1.9154	-5.0566	-8.1977	30.5832	167.2354	-60.1327	-30.5726	23.4248	12.2845	-0.0500	-0.0669	0.0361	-0.5056	0.8149	-0.1731	0.2241	-0.0142	0.1269	0.0715	-1.8654	-4.9897	-8.2338	0.03927835348834385	0	0	5	Upright	Normal
-0.9960	-5.5162	-8.3510	30.1714	168.2533	-60.0403	-31.0346	23.6314	12.5340	0.7301	-0.5875	-0.0504	-0.5036	0.8183	-0.1747	0.2151	-0.1026	0.1504	0.1192	-1.7261	-4.9288	-8.3005	0.2374175697708818	0	0	5	Upright	Normal
-0.5363	-4.6352	-7.6998	30.6743	169.3816	-60.3194	-31.1980	23.7637	11.7622	1.0180	0.3678	0.5903	-0.5036	0.8180	-0.1829	0.2095	0.1574	0.0130	0.0371	-1.5543	-5.0030	-8.2901	-1.0545052701505089	0	0	5	Upright	Normal
-0.9188	-5.2475	-7.6620	31.4039	169.4962	-60.0146	-30.5062	23.4441	11.4218	0.6072	-0.1375	0.5679	-0.5009	0.8178	-0.1893	0.2111	0.0072	0.0545	0.0819	-1.5260	-5.1100	-8.2299	0.3287138218366046	0	0	6	Upright	Normal
-0.7661	-5.2481	-8.0828	31.8302	170.0986	-60.3696	-31.6924	23.7352	11.5662	0.6666	-0.0760	0.1249	-0.5022	0.8163	-0.1944	0.2091	0.0242	0.0215	-0.0193	-1.4328	-5.1721	-8.2078	0.3355036261488866	0	0	6	Upright	Normal
-0.7655	-5.2092	-8.1217	32.2144	170.7333	-60.8397	-31.9745	23.5067	11.1993	0.5706	0.0187	0.0670	-0.5042	0.8144	-0.1992	0.2069	0.0487	-0.0371	-0.0001	-1.3361	-5.2279	-8.1888	0.011508724941702297	0	0	6	Upright	Normal
-0.9571	-5.2475	-8.0068	32.4768	170.4151	-61.1145	-31.9412	22.3690	11.2983	0.4206	0.0184	0.1507	-0.5065	0.8120	-0.1992	0.2107	-0.0216	-0.1542	0.0289	-1.3777	-5.2659	-8.1575	-0.05816774276514991	0	0	6	Upright	Normal
-0.9954	-4.9027	-7.8536	32.3117	169.8985	-61.1249	-31.6696	22.7813	11.7364	0.4583	0.3392	0.3062	-0.5076	0.8114	-0.1957	0.2137	0.0008	-0.1404	0.0417	-1.4537	-5.2420	-8.1597	-0.3092469734650809	0	0	6	Upright	Normal
-1.4168	-5.0176	-7.8919	32.3461	169.5959	-61.3160	-31.5386	22.5933	12.2801	0.0795	0.2292	0.2569	-0.5094	0.8099	-0.1942	0.2164	-0.0173	-0.0637	-0.0010	-1.4962	-5.2469	-8.1488	0.14700908208177843	0	0	6	Upright	Normal
-1.3785	-5.0943	-7.8153	32.3393	169.0631	-61.1196	-31.5195	22.1099	12.1735	0.1936	0.1517	0.3199	-0.5090	0.8098	-0.1922	0.2198	0.0434	-0.0008	0.0779	-1.5721	-5.2460	-8.1352	-0.028305041484840032	0	0	6	Upright	Normal
-1.0337	-5.5156	-8.3133	32.3233	169.9501	-61.2800	-31.7041	21.8632	12.6898	0.4126	-0.2720	-0.1532	-0.5086	0.8108	-0.1957	0.2137	-0.0557	0.1579	0.0491	-1.4462	-5.2436	-8.1600	0.5996949974930832	0	0	6	Upright	Normal
-0.4208	-5.6306	-8.3516	32.2385	171.3110	-61.3090	-31.5609	22.7698	11.7250	0.8324	-0.3991	-0.1519	-0.5065	0.8133	-0.2010	0.2038	0.0295	0.1813	0.0793	-1.2532	-5.2315	-8.1997	0.05114594360448521	0	0	6	Upright	Normal
0.1155	-5.2858	-7.8919	32.4774	172.3532	-61.3681	-31.8196	22.4927	10.8775	1.2166	-0.0199	0.3075	-0.5049	0.8143	-0.2073	0.1974	0.0412	0.0194	0.1358	-1.1010	-5.2659	-8.1994	-0.5819517039054372	0	0	6	Upright	Normal
-0.7655	-5.2475	-8.0068	32.6320	172.5312	-61.4312	-31.6732	23.0057	11.2072	0.3081	0.0407	0.1818	-0.5049	0.8140	-0.2091	0.1969	0.0285	0.0354	0.0517	-1.0736	-5.2882	-8.1886	0.10448555779223945	0	0	7	Upright	Normal
-0.7661	-5.0949	-7.4699	32.6323	172.8267	-61.4193	-31.6853	22.5111	10.8687	0.2652	0.1935	0.7242	-0.5043	0.8145	-0.2104	0.1948	0.0029	0.0791	0.0985	-1.0313	-5.2883	-8.1942	-0.5293243884501226	0	0	7	Upright	Normal
-0.3448	-5.3247	-8.2744	32.8986	173.4778	-61.5462	-32.3581	23.0082	10.0950	0.5906	0.0019	-0.0937	-0.5037	0.8145	-0.2150	0.1915	-0.0269	0.0716	0.0367	-0.9354	-5.3266	-8.1807	0.7712819443272121	0	0	7	Upright	Normal
-0.4980	-5.0566	-8.0828	32.7364	173.8391	-61.7051	-31.6164	23.3332	10.1122	0.3874	0.2468	0.1187	-0.5043	0.8147	-0.2151	0.1886	0.0104	-0.0093	0.0732	-0.8854	-5.3033	-8.2015	-0.2984679439054059	0	0	7	Upright	Normal
-0.2676	-5.2098	-7.7387	32.6436	173.8851	-61.6041	-32.0455	23.2961	10.2285	0.6122	0.0802	0.4720	-0.5036	0.8155	-0.2148	0.1877	-0.0035	-0.0221	0.0700	-0.8797	-5.2900	-8.2106	-0.2143943696816759	0	0	7	Upright	Normal
-0.3825	-5.4773	-7.8536	32.8973	173.9846	-61.5063	-32.1607	22.9315	10.3276	0.4805	-0.1508	0.3352	-0.5025	0.8155	-0.2173	0.1878	-0.0045	0.0077	0.0785	-0.8630	-5.3265	-8.1888	0.2497995612572268	0	0	7	Upright	Normal
-0.3442	-5.0176	-7.8919	32.9683	174.2413	-61.7090	-31.7744	22.8710	10.2594	0.4815	0.3190	0.2942	-0.5034	0.8148	-0.2186	0.1867	-0.0269	-0.0232	0.0679	-0.8257	-5.3367	-8.1861	-0.22434508372052342	0	0	7	Upright	Normal
-0.3442	-5.3624	-8.1983	32.8794	174.1140	-61.5746	-31.9500	23.1121	10.2887	0.5005	-0.0386	-0.0060	-0.5028	0.8154	-0.2176	0.1870	-0.0003	-0.0317	0.0796	-0.8447	-5.3238	-8.1924	0.44409196355667646	0	0	7	Upright	Normal
-0.3825	-5.0560	-8.1217	32.8777	174.0998	-61.5471	-31.8382	22.9598	11.1958	0.4642	0.2677	0.0706	-0.5026	0.8155	-0.2176	0.1870	0.0349	-0.0306	0.0500	-0.8466	-5.3237	-8.1924	-0.2278220283749821	0	0	7	Upright	Normal
-0.5740	-5.5539	-7.7770	33.0037	173.6153	-61.3738	-31.6042	22.5775	10.8910	0.3407	-0.2122	0.3962	-0.5022	0.8152	-0.2166	0.1907	-0.0344	-0.0935	0.1076	-0.9147	-5.3418	-8.1732	-7.548099149286003E-4	0	0	7	Upright	Normal
-0.2676	-5.1709	-8.0068	32.7391	173.4933	-61.3042	-32.1160	22.6317	10.6726	0.6672	0.1327	0.1888	-0.5021	0.8159	-0.2143	0.1903	0.0019	-0.0221	0.0596	-0.9348	-5.3036	-8.1957	-0.03863908704992092	1	0	8	Upright	Normal
-0.6129	-5.3247	-8.3127	32.7129	173.6268	-61.3508	-31.6276	22.8827	10.6055	0.3032	-0.0248	-0.1124	-0.5022	0.8160	-0.2146	0.1893	-0.0131	0.0045	0.0543	-0.9161	-5.2999	-8.2003	0.35572993830377264	1	0	8	Upright	Normal
-0.8045	-5.0566	-7.9679	32.6380	173.4720	-61.2448	-32.1612	22.4214	10.9030	0.1345	0.2325	0.2367	-0.5018	0.8164	-0.2136	0.1899	0.0040	-0.0413	0.0884	-0.9390	-5.2891	-8.2046	-0.41964570057481865	1	0	8	Upright	Normal
-0.5746	-5.2098	-8.1211	32.3915	173.2397	-60.9541	-32.0678	22.7560	11.0339	0.4003	0.0437	0.1022	-0.5004	0.8178	-0.2112	0.1900	-0.0344	0.0194	0.1022	-0.9749	-5.2535	-8.2233	0.19442071455945076	0	0	8	Upright	Normal
-0.2682	-5.2481	-7.9679	32.4981	173.5487	-61.0628	-32.4775	22.7025	10.7046	0.6612	0.0208	0.2508	-0.5005	0.8176	-0.2132	0.1885	-0.0013	0.0003	0.0576	-0.9294	-5.2689	-8.2187	-0.12090040555104231	0	0	8	Upright	Normal
-0.4974	-5.1709	-7.9302	32.6077	173.7402	-61.2368	-31.2258	22.5513	10.9848	0.4034	0.1139	0.2816	-0.5013	0.8169	-0.2145	0.1879	0.0296	-0.0274	0.0374	-0.9008	-5.2848	-8.2118	-0.06455875447166726	0	0	8	Upright	Normal
-0.4980	-5.0566	-8.1977	32.4748	173.6240	-61.3377	-32.3283	22.8387	10.7222	0.4208	0.2090	0.0242	-0.5023	0.8166	-0.2129	0.1883	0.0115	-0.0082	0.0555	-0.9188	-5.2656	-8.2220	0.16448772807775924	0	0	8	Upright	Normal
-0.4597	-5.3247	-8.0445	32.6382	173.7518	-61.4518	-31.8885	22.8371	10.6766	0.4392	-0.0356	0.1646	-0.5028	0.8159	-0.2145	0.1883	-0.0024	-0.0157	0.0416	-0.8989	-5.2891	-8.2091	0.013379081363835255	0	0	8	Upright	Normal
-0.5746	-5.0566	-8.0445	32.7264	173.9074	-61.5984	-31.4301	22.8185	11.2052	0.3011	0.2453	0.1589	-0.5035	0.8153	-0.2155	0.1878	0.0328	0.0142	0.0534	-0.8757	-5.3018	-8.2034	-0.13893534449905687	0	0	8	Upright	Normal
-0.5357	-5.0560	-7.8919	32.8236	173.9776	-61.6018	-32.0903	22.9751	10.7099	0.3291	0.2599	0.3036	-0.5033	0.8152	-0.2165	0.1878	0.0488	0.0089	0.0660	-0.8648	-5.3159	-8.1955	-0.13122963542140909	0	0	8	Upright	Normal
-0.3059	-5.4390	-8.0834	33.0349	174.0649	-61.6716	-32.0784	22.3657	10.8358	0.5444	-0.0929	0.0938	-0.5034	0.8146	-0.2183	0.1882	0.0115	0.0131	0.0489	-0.8502	-5.3461	-8.1772	0.3598245525231558	1	0	9	Upright	Normal
-0.2676	-5.3624	-7.9302	33.0595	174.3689	-61.7543	-32.0961	22.2100	10.0421	0.5390	-0.0127	0.2491	-0.5034	0.8146	-0.2197	0.1863	0.0349	0.0089	0.0671	-0.8065	-5.3497	-8.1793	-0.17090388616015062	1	0	9	Upright	Normal
-0.3065	-5.2481	-8.0828	33.2278	174.5489	-61.9003	-31.9292	22.5431	10.2598	0.4729	0.1257	0.0833	-0.5039	0.8139	-0.2215	0.1860	0.0136	-0.0028	0.0394	-0.7793	-5.3738	-8.1662	0.06520338403283787	1	0	9	Upright	Normal
-0.3065	-5.3630	-8.0062	33.3899	174.8490	-61.9459	-31.8558	22.5935	9.9927	0.4287	0.0340	0.1487	-0.5035	0.8138	-0.2239	0.1846	0.0318	0.0442	0.0504	-0.7352	-5.3970	-8.1550	-6.84635221922747E-4	1	0	9	Upright	Normal
-0.2682	-5.2864	-7.7764	33.6447	175.1084	-62.0639	-32.3661	22.8320	10.2674	0.4281	0.1469	0.3579	-0.5036	0.8131	-0.2267	0.1841	0.0297	0.0079	0.0674	-0.6963	-5.4333	-8.1343	-0.23438343736646416	1	0	9	Upright	Normal
-0.2298	-5.4396	-7.9679	33.7093	175.2395	-62.1110	-32.5344	23.0069	9.8970	0.4473	0.0030	0.1618	-0.5036	0.8129	-0.2277	0.1835	-0.0044	0.0016	0.0621	-0.6771	-5.4426	-8.1297	0.24343071463788668	1	0	9	Upright	Normal
-0.1532	-5.4396	-7.8913	33.8151	175.4147	-62.1813	-32.4030	22.8831	9.4419	0.4983	0.0180	0.2304	-0.5036	0.8127	-0.2291	0.1828	0.0223	-0.0155	0.0514	-0.6515	-5.4576	-8.1217	-0.06467785308737639	1	0	9	Upright	Normal
-0.2676	-5.2475	-7.8153	33.8782	175.4414	-62.2516	-32.5790	22.8960	9.8672	0.3796	0.2191	0.3008	-0.5040	0.8123	-0.2295	0.1831	0.0191	-0.0059	0.0642	-0.6472	-5.4666	-8.1160	-0.16831813279015329	1	0	9	Upright	Normal
-0.1526	-5.2858	-7.9302	33.9472	175.6020	-62.3141	-32.2740	22.6913	9.3532	0.4714	0.1906	0.1811	-0.5041	0.8121	-0.2306	0.1823	-0.0076	-0.0027	0.0504	-0.6240	-5.4764	-8.1113	0.11421544924747451	1	0	9	Upright	Normal
-0.3059	-5.2858	-7.7770	34.0908	175.7183	-62.3042	-32.2979	23.3889	9.1432	0.3006	0.2110	0.3219	-0.5036	0.8120	-0.2322	0.1821	0.0446	0.0057	0.0544	-0.6065	-5.4968	-8.0988	-0.1233410430980495	2	0	10	Upright	Normal
-0.2676	-5.3241	-7.9685	34.0193	175.7662	-62.2748	-32.2216	22.6047	9.3941	0.3326	0.1625	0.1377	-0.5034	0.8123	-0.2320	0.1814	-0.0119	0.0015	0.0555	-0.6002	-5.4866	-8.1062	0.17897234418157382	2	0	10	Upright	Normal
-0.1909	-5.2858	-7.9302	33.9952	175.8277	-62.2596	-32.7276	22.8587	9.5122	0.4007	0.1974	0.1788	-0.5032	0.8126	-0.2321	0.1808	-0.0055	-0.0124	0.0597	-0.5917	-5.4832	-8.1090	-0.0549411967362019	2	0	10	Upright	Normal
-0.1909	-5.3624	-7.8919	33.8675	175.7965	-62.1965	-33.1654	22.4448	10.0668	0.4060	0.1027	0.2289	-0.5029	0.8131	-0.2311	0.1804	-0.0098	-0.0049	0.0714	-0.5969	-5.4651	-8.1208	0.010991350997667126	2	0	10	Upright	Normal
-0.1532	-5.2864	-7.8530	33.8439	175.9045	-62.2192	-32.1117	22.2610	9.4544	0.4286	0.1754	0.2713	-0.5029	0.8132	-0.2314	0.1796	0.0147	0.0121	0.0757	-0.5818	-5.4618	-8.1243	-0.0754696989711583	2	0	10	Upright	Normal
-0.1526	-5.2858	-7.9685	33.7731	176.0868	-62.1343	-32.1112	22.7890	9.7913	0.4039	0.1658	0.1643	-0.5020	0.8140	-0.2318	0.1778	-0.0076	0.0249	0.0716	-0.5565	-5.4516	-8.1328	0.09567717638318207	2	0	10	Upright	Normal
-0.0760	-5.5156	-8.0068	34.0034	176.2410	-62.1765	-32.5077	22.9610	9.2699	0.4570	-0.0313	0.1055	-0.5017	0.8136	-0.2341	0.1778	0.0489	-0.0006	0.0481	-0.5330	-5.4844	-8.1123	0.15951610291917184	2	0	10	Upright	Normal
-0.0760	-5.2092	-7.8919	33.8971	176.3267	-62.2148	-32.5202	22.6253	9.3500	0.4456	0.2601	0.2313	-0.5020	0.8138	-0.2336	0.1768	0.0212	-0.0166	0.0439	-0.5216	-5.4693	-8.1232	-0.26657969727354036	2	0	10	Upright	Normal
-0.1526	-5.2858	-7.9685	33.8759	176.3406	-62.3954	-32.0434	22.2271	9.2092	0.3671	0.1805	0.1570	-0.5032	0.8130	-0.2333	0.1770	-0.0012	-0.0294	0.0492	-0.5197	-5.4663	-8.1255	0.10706359435436852	2	0	10	Upright	Normal
-0.1526	-5.2858	-7.9685	33.9133	176.3513	-62.5720	-33.1736	22.3474	8.7219	0.3654	0.1858	0.1534	-0.5044	0.8122	-0.2333	0.1774	-0.0044	-0.0198	0.0439	-0.5180	-5.4716	-8.1219	0.0	2	0	10	Upright	Normal
-0.2292	-5.2858	-7.8919	33.9985	176.3881	-62.7124	-32.5028	22.3108	9.1306	0.2830	0.1978	0.2222	-0.5052	0.8114	-0.2339	0.1778	0.0191	-0.0038	0.0468	-0.5122	-5.4836	-8.1141	-0.062191322479298705	3	0	11	Upright	Normal
Total time: 11 seconds.
