-5.4013	9.9216	3.9073	55.3876	-61.5555	46.1924	16.5351	-9.1482	-23.6701	-2.2066	1.0377	1.2543	0.5450	0.2601	0.0797	-0.7930	0.3419	-0.2821	-0.1500	-3.1948	8.8838	2.6531	2.1345017166340465	2	0	1	Tilt	Normal
-3.7152	7.8153	2.8724	59.0067	-56.7874	40.7972	15.2111	-9.8105	-24.0265	-0.5125	-1.0313	0.1065	0.5503	0.2369	0.0474	-0.7992	0.2226	-0.9213	-0.0235	-3.2027	8.8466	2.7659	-2.8355163091732454	2	0	1	Tilt	Normal
-3.5237	8.5814	2.9491	62.6964	-52.4350	36.7472	12.9039	-9.5828	-24.3192	-0.4735	-0.3262	0.2068	0.5619	0.2109	0.0234	-0.7995	0.3855	-0.7934	0.0745	-3.0502	8.9076	2.7423	0.6164786393490793	2	0	1	Tilt	Normal
-2.9108	9.4242	3.6769	65.8624	-48.2686	33.5731	10.0062	-11.5101	-24.6359	-0.1073	0.4139	1.0078	0.5741	0.1853	0.0084	-0.7975	0.3344	-0.6027	0.1895	-2.8035	9.0103	2.6691	0.7923623688595853	2	0	1	Tilt	Normal
-2.6809	9.3093	3.5237	68.0332	-42.7465	29.9627	7.7193	-12.7772	-25.4676	-0.2497	0.1987	0.8300	0.5813	0.1571	0.0026	-0.7983	-0.0107	-0.3258	0.2854	-2.4312	9.1105	2.6936	-0.21795588435442426	0	0	1	Upright	Normal
-2.7575	10.1903	3.7152	65.4875	-40.8462	29.1867	7.3343	-12.6119	-25.0806	-0.4495	1.1697	0.6376	0.5645	0.1563	0.0159	-0.8103	-0.6201	0.3762	0.1235	-2.3080	9.0206	3.0776	0.88288084195778	0	0	1	Upright	Normal
-3.1406	12.1057	3.7152	60.2607	-43.4152	31.2272	9.0446	-10.1990	-25.6346	-0.5837	3.3224	0.1817	0.5353	0.1826	0.0375	-0.8239	-0.8236	0.6447	-0.1376	-2.5569	8.7833	3.5335	1.8551523728071775	0	0	1	Upright	Normal
-0.1909	7.0491	1.0720	55.6501	-48.5883	36.6233	11.6617	-7.7035	-25.4551	2.5171	-1.6366	-2.5878	0.5182	0.2118	0.0709	-0.8256	-0.2100	1.4277	0.2150	-2.7080	8.6857	3.6598	-5.9139083796879985	0	0	1	Upright	Normal
-1.8381	6.8193	1.9914	52.9826	-58.0107	47.4177	15.5329	-7.7162	-24.4220	0.7356	-2.1117	-1.1363	0.5317	0.2405	0.1167	-0.8036	0.1916	0.8098	0.4823	-2.5738	8.9310	3.1277	0.2053591590423416	0	0	1	Upright	Normal
-3.0263	7.9679	3.1029	49.0522	-64.8165	54.3015	17.6525	-8.0984	-23.1078	-0.4073	-1.0781	0.3683	0.5343	0.2739	0.1525	-0.7850	0.0755	1.3265	0.1841	-2.6190	9.0460	2.7346	1.7324354527569126	0	0	1	Upright	Normal
-3.2944	9.1937	4.1755	41.9975	-70.5062	59.4574	20.9780	-9.0432	-19.9549	-0.4823	0.1193	1.7436	0.5213	0.3228	0.1984	-0.7646	0.1011	0.6362	0.1574	-2.8121	9.0745	2.4319	1.5508022396780774	0	1	2	PT	Normal
-4.0600	9.1560	3.6003	38.3948	-70.6355	59.2582	23.2765	-9.0930	-18.3958	-1.0665	0.1719	1.0520	0.5031	0.3419	0.2157	-0.7638	-0.3964	0.7480	-0.0461	-2.9935	8.9841	2.5483	0.021919671260038243	0	1	2	Upright	Normal
-5.9370	13.1783	2.9874	35.8258	-67.4153	55.2769	25.3645	-7.3174	-18.1616	-2.5913	4.4806	-0.0663	0.4716	0.3491	0.2160	-0.7804	-0.9397	-0.3620	-0.4573	-3.3457	8.6977	3.0537	4.1161892097143475	0	0	2	Upright	Normal
-3.7535	6.6661	-0.7284	39.3367	-63.6626	51.2157	23.0040	-4.6832	-19.9209	-0.3980	-1.9122	-4.0933	0.4725	0.3243	0.1857	-0.7982	0.1085	-1.0821	-0.2027	-3.3555	8.5783	3.3649	-7.0746032738466536	0	0	2	Upright	Normal
-2.7575	7.5471	3.7152	43.7976	-63.3547	49.9922	20.2976	-4.5875	-21.6047	0.5462	-1.1235	0.5409	0.4936	0.3075	0.1561	-0.7984	0.5133	-0.4461	0.0529	-3.3037	8.6706	3.1743	1.1676097598358375	0	0	2	Upright	Normal
-2.8341	8.0834	2.3361	49.0391	-61.1021	49.2603	18.2192	-6.3417	-21.4007	0.0575	-0.7572	-0.7705	0.5176	0.2714	0.1348	-0.8001	0.4047	-0.7892	0.1765	-2.8916	8.8406	3.1066	0.02625910414650079	0	0	2	Upright	Normal
-3.9834	8.9262	3.6386	52.6024	-61.1511	50.1829	16.0361	-7.6053	-21.8678	-1.3704	-0.0784	0.7649	0.5389	0.2512	0.1232	-0.7946	0.4675	-0.3652	0.2191	-2.6130	9.0046	2.8736	1.5512803627538627	0	0	2	Upright	Normal
-3.1023	9.5774	3.0257	52.5478	-60.5391	49.5602	14.6497	-8.1191	-22.0018	-0.4778	0.5953	0.0928	0.5366	0.2501	0.1220	-0.7966	-0.4497	0.2612	-0.0142	-2.6245	8.9821	2.9329	0.08221652164672477	0	0	2	Upright	Normal
-5.6695	10.4196	3.2944	49.5423	-59.1741	46.6742	15.9675	-7.0646	-22.4475	-2.6728	1.6698	0.0338	0.5122	0.2673	0.1228	-0.8069	-0.2696	0.4018	-0.3987	-2.9966	8.7498	3.2606	1.7989774487678982	0	0	2	Upright	Normal
-3.4477	8.8873	3.7158	49.6187	-59.5264	42.3928	16.6920	-5.3980	-22.0828	0.2403	0.3910	0.4938	0.5025	0.2884	0.0907	-0.8100	0.5261	-0.3386	-0.4967	-3.6880	8.4963	3.2220	-2.079925817939781	0	0	2	Upright	Normal
-0.1532	7.1635	0.0000	55.1179	-60.8224	42.3733	15.8715	-5.2425	-22.2598	3.5292	-1.5046	-2.7340	0.5342	0.2742	0.0579	-0.7975	0.4910	-0.6997	-0.4413	-3.6824	8.6681	2.7340	-2.079925817939781	0	0	3	Upright	Normal
-3.6392	8.3127	2.9497	61.9991	-58.0153	39.8761	14.3286	-6.4433	-22.2017	-0.1962	-0.5399	0.5110	0.5652	0.2372	0.0208	-0.7899	0.6231	-1.0235	-0.1599	-3.4430	8.8526	2.4386	-0.689445552211545	0	1	3	PT	Normal
-4.4053	7.5465	2.9880	67.6599	-46.5226	26.8923	11.1085	-7.4977	-22.3311	-0.8817	-1.2384	0.4233	0.5737	0.2001	-0.0364	-0.7934	0.6604	-1.8555	-0.1812	-3.5237	8.7849	2.5646	-0.30681663264820713	0	1	3	Upright	Normal
-4.3287	8.6191	2.5666	74.4889	-21.3729	0.3074	6.1513	-9.6442	-22.8855	-0.8019	-0.1995	0.1245	0.5951	0.1460	-0.1101	-0.7825	0.6582	-1.6691	-0.4326	-3.5268	8.8186	2.4421	0.7457196924481515	0	0	3	Upright	Normal
-5.6306	9.9222	3.4087	73.5905	21.4884	-42.3943	1.5807	-11.7010	-22.3929	-2.3815	1.0356	0.8314	0.6026	0.0736	-0.1804	-0.7739	0.6891	-3.0241	-0.2973	-3.2491	8.8865	2.5774	1.9261653517397122	0	0	3	Upright	Normal
-5.0176	10.3435	-0.9966	52.4631	67.4296	-89.5358	-9.1202	-12.8851	-19.6339	-2.1063	1.2641	-3.2896	0.6117	-0.0946	-0.3513	-0.7025	3.7134	-3.4896	-0.3612	-2.9113	9.0794	2.2930	-0.3674548102722035	0	0	3	Upright	Normal
-5.3630	9.6917	-7.2018	33.5488	85.1945	-102.5460	-15.9084	-20.7862	-10.9032	-2.7970	0.2515	-7.8864	0.6385	-0.2397	-0.4276	-0.5933	0.5432	-1.3420	0.3108	-2.5660	9.4402	0.6846	1.6726024040487193	0	0	3	Upright	Normal
-3.8307	8.5425	1.1492	14.7016	78.1723	-103.7831	-19.3318	-21.6372	-7.4928	-1.0484	-0.6580	-0.7949	0.5533	-0.3078	-0.5559	-0.5386	-0.8715	-2.4211	-0.7811	-2.7824	9.2005	1.9441	-3.7796425037787724	0	0	3	Upright	Normal
-6.0142	8.5042	0.9577	-4.6654	75.4552	-110.3054	-20.1416	-23.0071	-3.6311	-2.9079	-0.4678	-1.4968	0.4834	-0.3758	-0.6628	-0.4311	0.8095	-2.4787	-0.8642	-3.1063	8.9720	2.4545	1.0275360936405313	0	0	3	Upright	Normal
-3.3327	9.9216	-1.5706	-21.7570	76.0059	-114.1866	-20.1456	-25.1279	0.5272	-0.2358	0.8812	-3.7731	0.4268	-0.4533	-0.7128	-0.3228	1.0193	-2.0973	-0.4275	-3.0969	9.0404	2.2025	0.12367821792996736	0	0	3	Tilt	Normal
-2.6426	9.9988	-0.1538	-34.1133	74.2480	-116.4567	-19.2279	-26.5495	6.4676	0.2258	0.8838	-2.3578	0.3674	-0.5026	-0.7413	-0.2509	0.4100	-2.3935	0.0295	-2.8684	9.1150	2.2040	-0.24030550642106974	1	0	4	Tilt	Normal
-1.9148	7.8153	0.4591	-46.1867	70.3343	-119.4663	-18.8133	-26.2805	11.0217	0.5546	-1.3963	-1.8256	0.2960	-0.5440	-0.7633	-0.1839	0.7999	-1.6414	-0.0173	-2.4693	9.2115	2.2847	-2.2837209292077	1	0	4	Tilt	Normal
-1.4168	9.4625	2.5277	-57.5491	73.6163	-114.5239	-16.9583	-25.7942	15.4175	0.3648	-0.0660	1.0436	0.2333	-0.6082	-0.7463	-0.1369	1.0865	-1.2430	0.4163	-1.7816	9.5285	1.4841	1.8366984941480506	1	0	4	Tilt	Normal
-2.5277	9.4625	3.5620	-68.5571	74.4947	-111.9423	-15.6292	-23.9469	19.6952	-1.2598	-0.2144	2.6037	0.1636	-0.6514	-0.7359	-0.0856	-0.2440	-3.0422	0.3279	-1.2679	9.6769	0.9583	0.525664443266729	1	0	4	Tilt	Normal
0.3448	7.7381	-1.4940	-77.6639	77.5523	-105.9044	-12.5846	-22.6546	22.5842	0.9831	-2.0373	-1.9456	0.0949	-0.6841	-0.7213	-0.0525	1.7586	-0.1074	0.6634	-0.6384	9.7754	0.4516	-2.5333572180117105	1	0	4	Tilt	Normal
3.4860	6.5505	-0.4214	-79.5619	114.3001	-63.2063	-12.1491	-19.5992	25.6534	2.9998	-3.2166	0.3099	0.0427	-0.7317	-0.6763	-0.0734	0.6444	-1.0118	0.7561	0.4862	9.7671	-0.7313	-0.45626076954900796	1	0	4	Tilt	Normal
1.8393	7.3173	-1.5329	-81.3252	126.4282	-47.3992	-10.6088	-17.0276	27.5656	0.7359	-2.3873	-0.6545	0.0033	-0.7381	-0.6700	-0.0792	0.1043	-0.5655	0.0231	1.1034	9.7046	-0.8784	0.2667878043091676	0	0	4	Tilt	Normal
-0.6889	10.5734	-4.0612	-72.4722	143.4916	-33.6164	-9.6190	-14.7740	28.0325	-1.3862	1.0841	-1.6872	0.0443	-0.7868	-0.6104	-0.0795	2.1102	-0.6454	-0.4339	0.6973	9.4893	-2.3740	3.6483834681532166	0	0	4	Tilt	Normal
1.8004	12.1817	-6.9336	-63.9437	147.7351	-30.8970	-9.2815	-10.3332	28.7744	1.1337	3.1011	-3.2911	0.0753	-0.8247	-0.5531	-0.0917	-0.2686	0.9099	0.0945	0.6668	9.0806	-3.6425	2.784427086561143	0	0	4	Tilt	Normal
0.9577	15.8975	-6.6655	-55.9820	127.4065	-54.0790	-13.6149	-9.8665	27.4769	0.3864	6.6924	-3.3326	0.1747	-0.7996	-0.5526	-0.1572	0.0585	1.0751	-0.8962	0.5713	9.2051	-3.3329	3.133013821277503	0	0	4	Tilt	Normal
-3.5620	13.8678	-2.4906	-60.3577	117.3908	-68.3159	-14.3550	-11.3208	26.1431	-3.1354	4.3280	-0.2592	0.1986	-0.7579	-0.6076	-0.1305	-2.4971	-0.9660	-0.2294	-0.4266	9.5398	-2.2314	-2.7319389395813527	0	1	5	PT	Normal
-1.3024	6.5888	-1.5706	-64.6670	100.0726	-88.3902	-9.9720	-17.1703	24.4733	-0.0241	-3.1063	-0.8366	0.2051	-0.7038	-0.6722	-0.1033	-1.8878	-0.5963	-1.0443	-1.2784	9.6952	-0.7340	-7.635469628088853	0	1	5	Jump	Normal
-1.8387	5.1715	4.5203	-62.9920	62.3235	-122.4519	-7.3938	-21.3950	22.3989	-0.6030	-4.3346	2.4518	0.1715	-0.6042	-0.7697	-0.1143	-3.4793	-0.3034	1.0530	-1.2357	9.5060	2.0684	0.21295291728926635	0	1	5	Tilt	Normal
-4.3670	9.1554	7.9679	-58.8911	54.0882	-129.1310	-7.7986	-23.1667	19.1958	-3.1746	-0.1136	4.9961	0.1695	-0.5655	-0.7964	-0.1313	0.7274	1.2753	0.5875	-1.1925	9.2690	2.9718	5.788377608077613	0	0	5	Tilt	Normal
-1.9154	7.7764	-1.5323	-58.8440	59.9409	-124.8872	-8.8638	-23.4529	20.3886	-0.5088	-1.5902	-4.0736	0.1889	-0.5786	-0.7825	-0.1315	-0.1503	0.0108	-0.1806	-1.4066	9.3666	2.5413	-4.744731865944242	0	0	5	Tilt	Normal
1.1492	10.3046	1.1875	-55.4559	50.4636	-128.3467	-8.8721	-23.9299	19.8708	1.8088	1.1830	-2.3522	0.1563	-0.5432	-0.8071	-0.1703	-2.6143	0.3943	0.7654	-0.6596	9.1216	3.5397	2.282178568695951	0	0	5	Tilt	Normal
-2.6815	8.5042	4.2904	-53.6558	51.2529	-127.6329	-11.2326	-24.3841	16.3645	-1.9266	-0.5715	0.6530	0.1668	-0.5355	-0.8082	-0.1799	1.0577	-0.1628	0.1582	-0.7549	9.0757	3.6374	-0.5408405987475131	0	0	5	Tilt	Normal
-1.3018	9.6923	3.7918	-53.3401	53.3663	-126.8552	-11.5623	-24.2889	17.2238	-0.3377	0.5801	0.2981	0.1795	-0.5382	-0.8043	-0.1769	0.0191	0.0215	-0.2174	-0.9641	9.1122	3.4937	0.5932905432587514	0	0	5	Tilt	Normal
-0.3059	9.8072	2.7575	-54.5322	55.1190	-125.8799	-10.9809	-24.3306	18.3832	0.7084	0.6120	-0.4965	0.1815	-0.5488	-0.7982	-0.1697	-0.0054	0.1930	-0.1269	-1.0142	9.1952	3.2540	-0.29663005963007727	0	0	5	Tilt	Normal
-1.6083	10.0371	2.7958	-54.5932	55.2138	-126.0387	-10.6724	-24.4332	18.0638	-0.5573	0.8416	-0.4456	0.1826	-0.5490	-0.7982	-0.1679	-0.1045	-0.1330	0.0212	-1.0511	9.1955	3.2414	0.3505207642785386	0	0	5	Tilt	Normal
-1.2635	8.9645	3.2938	-54.3263	54.5685	-127.1828	-10.4735	-25.0571	18.3766	-0.1139	-0.1927	-0.0215	0.1848	-0.5448	-0.8013	-0.1643	-0.0960	0.0790	-0.1237	-1.1497	9.1572	3.3154	-0.9089225129446525	0	0	6	Tilt	Normal
-1.6083	9.0411	3.9834	-54.0585	53.5659	-128.6517	-10.3682	-24.5636	17.7034	-0.3629	-0.0655	0.5649	0.1860	-0.5395	-0.8054	-0.1600	-0.0438	-0.1042	-0.0044	-1.2454	9.1066	3.4185	0.37609303236723335	0	0	6	Tilt	Normal
-2.0680	8.7730	3.7535	-53.8134	52.7084	-130.2761	-9.8132	-24.6254	17.9128	-0.6829	-0.2794	0.2456	0.1887	-0.5344	-0.8095	-0.1537	-0.0608	0.1472	-0.1143	-1.3850	9.0523	3.5080	-0.24601955526473773	0	0	6	Tilt	Normal
-1.7615	9.2326	3.3704	-52.7682	53.1865	-130.6429	-9.6135	-25.3129	16.6619	-0.1978	0.2280	-0.1848	0.1985	-0.5285	-0.8110	-0.1537	-0.0182	0.0407	0.0295	-1.5637	9.0046	3.5552	0.22140324439463832	0	0	6	Tilt	Normal
-2.1063	9.2326	3.2555	-52.7661	53.9200	-130.1596	-10.1570	-25.4335	17.3090	-0.5089	0.2101	-0.2388	0.2014	-0.5303	-0.8090	-0.1537	0.0436	0.0929	0.0092	-1.5974	9.0225	3.4943	0.028616668867066153	0	0	6	Tilt	Normal
-2.0297	9.1177	3.2938	-52.8624	54.9007	-129.6603	-10.1072	-24.4280	17.0774	-0.3695	0.0721	-0.1104	0.2056	-0.5331	-0.8065	-0.1523	0.0382	0.0290	0.0060	-1.6602	9.0456	3.4043	-0.10916748686949163	0	0	6	Tilt	Normal
-2.2595	9.2326	3.4471	-52.9193	55.3938	-129.5004	-9.9636	-24.6580	17.0845	-0.5538	0.1782	0.0890	0.2081	-0.5343	-0.8053	-0.1508	-0.0033	0.0023	0.0199	-1.7057	9.0544	3.3580	0.20621575169702666	0	0	6	Tilt	Normal
-2.0680	9.0794	3.3321	-52.8656	55.3633	-129.7296	-9.8716	-25.0623	17.2385	-0.3282	0.0340	-0.0326	0.2092	-0.5336	-0.8057	-0.1496	-0.0353	0.0108	0.0261	-1.7398	9.0454	3.3648	-0.22067555249525306	0	0	6	Tilt	Normal
-1.9531	9.0794	3.2172	-52.8850	55.2488	-129.8146	-10.0762	-24.8231	16.4569	-0.2177	0.0362	-0.1558	0.2087	-0.5334	-0.8060	-0.1494	-0.0151	-0.0041	0.0420	-1.7353	9.0432	3.3730	-0.06159323191013577	0	0	6	Tilt	Normal
-1.9914	9.1943	3.2555	-53.0038	55.3057	-129.6273	-10.1590	-24.7387	16.7021	-0.2825	0.1408	-0.1034	0.2076	-0.5344	-0.8055	-0.1499	-0.0001	-0.0200	0.0484	-1.7089	9.0535	3.3589	0.12629879789134435	1	0	7	Tilt	Normal
-1.9148	9.1560	3.4471	-53.0614	55.4268	-129.4682	-10.1344	-24.8733	17.2416	-0.2156	0.0952	0.1028	0.2075	-0.5352	-0.8050	-0.1502	-0.0001	0.0045	0.0357	-1.6991	9.0609	3.3443	0.014163611697430412	1	0	7	Tilt	Normal
-1.9531	9.1560	3.3321	-53.0614	55.3051	-129.5831	-10.1012	-24.8770	17.2250	-0.2538	0.0991	-0.0223	0.2072	-0.5348	-0.8053	-0.1500	-0.0087	-0.0137	0.0314	-1.6993	9.0570	3.3544	-0.03172198875654253	1	0	7	Tilt	Normal
-1.9537	9.1177	3.3710	-53.0817	55.3083	-129.5457	-10.1672	-25.2030	16.8394	-0.2608	0.0588	0.0184	0.2069	-0.5350	-0.8052	-0.1501	0.0073	-0.0083	0.0401	-1.6929	9.0589	3.3526	-0.02200199775935907	1	0	7	Tilt	Normal
-1.9920	9.1171	3.4093	-53.1231	55.3486	-129.4647	-10.1725	-24.9958	17.3483	-0.3078	0.0542	0.0633	0.2066	-0.5354	-0.8050	-0.1503	0.0116	-0.0009	0.0401	-1.6842	9.0630	3.3460	0.02014373625290311	1	0	7	Tilt	Normal
-1.9154	9.1937	3.3327	-53.1679	55.4923	-129.3616	-10.2192	-24.4734	16.8665	-0.2282	0.1255	0.0024	0.2070	-0.5361	-0.8045	-0.1501	0.0041	0.0140	0.0252	-1.6872	9.0682	3.3303	0.029490127058670268	1	0	7	Tilt	Normal
-1.9537	9.1937	3.2178	-53.2185	55.6636	-129.2729	-9.9484	-24.6814	16.8177	-0.2572	0.1206	-0.0941	0.2075	-0.5367	-0.8040	-0.1497	0.0052	0.0098	0.0369	-1.6964	9.0731	3.3119	-0.030376022119570578	1	0	7	Tilt	Normal
-1.9920	9.1554	3.3710	-53.2304	55.6635	-129.2855	-10.3739	-24.5260	17.2322	-0.2942	0.0823	0.0600	0.2075	-0.5368	-0.8040	-0.1496	-0.0118	0.0002	0.0337	-1.6978	9.0731	3.3110	0.0230122918137301	1	0	7	Tilt	Normal
-1.8765	9.1177	3.3704	-53.1525	55.5875	-129.3890	-10.0471	-24.5580	16.9345	-0.1700	0.0507	0.0470	0.2078	-0.5361	-0.8044	-0.1496	-0.0246	0.0258	0.0230	-1.7065	9.0670	3.3235	-0.05739654009967765	1	0	7	Tilt	Normal
-1.9148	9.0794	3.3704	-53.0507	55.5849	-129.3942	-10.1470	-24.3473	16.8454	-0.2034	0.0163	0.0388	0.2083	-0.5355	-0.8046	-0.1500	0.0095	-0.0062	0.0432	-1.7114	9.0631	3.3317	-0.02790420940297622	1	0	7	Tilt	Normal
-2.0686	9.1937	3.3327	-53.0413	55.5777	-129.3826	-10.2955	-24.5106	17.3513	-0.3596	0.1306	-0.0001	0.2082	-0.5354	-0.8046	-0.1502	-0.0086	0.0055	0.0294	-1.7090	9.0631	3.3329	0.12324239837283457	2	0	8	Tilt	Fall
-1.8387	9.1171	3.3710	-53.0747	55.5806	-129.3340	-10.2700	-24.9809	16.8146	-0.1386	0.0513	0.0409	0.2079	-0.5357	-0.8045	-0.1504	0.0031	-0.0094	0.0368	-1.7002	9.0658	3.3302	-0.10278163126301365	2	0	8	Tilt	Normal
-1.9531	9.1177	3.3704	-53.0350	55.6090	-129.2785	-10.0937	-24.4761	16.8741	-0.2556	0.0516	0.0397	0.2080	-0.5356	-0.8044	-0.1508	-0.0023	0.0002	0.0326	-1.6975	9.0661	3.3308	0.022247639123307295	2	0	8	Tilt	Normal
-1.9914	9.1560	3.3704	-53.0850	55.6326	-129.2190	-10.0092	-24.7304	17.3761	-0.3021	0.0863	0.0455	0.2077	-0.5360	-0.8042	-0.1509	-0.0023	-0.0083	0.0367	-1.6893	9.0697	3.3249	0.04282075119147777	2	0	8	Tilt	Normal
-1.9914	9.1560	3.3704	-53.1045	55.6243	-129.2292	-10.1212	-24.8608	17.3998	-0.3026	0.0859	0.0464	0.2076	-0.5361	-0.8042	-0.1508	-0.0001	-0.0041	0.0325	-1.6888	9.0701	3.3240	0.0	2	0	8	Tilt	Normal
-1.9531	9.1177	3.3321	-53.1162	55.5788	-129.2466	-10.5224	-24.2730	17.6090	-0.2689	0.0479	0.0051	0.2073	-0.5361	-0.8043	-0.1508	-0.0001	-0.0062	0.0325	-1.6842	9.0698	3.3270	-0.055774586761062395	2	0	8	Tilt	Normal
-1.9537	9.1554	3.4093	-53.1247	55.5619	-129.3135	-10.1127	-25.5606	17.5362	-0.2617	0.0872	0.0816	0.2074	-0.5360	-0.8044	-0.1504	0.0009	-0.0041	0.0218	-1.6920	9.0682	3.3278	0.06099608627599018	2	0	8	Tilt	Normal
-1.9531	9.1177	3.4087	-53.1542	55.6281	-129.3065	-10.0849	-25.0494	17.0860	-0.2538	0.0480	0.0887	0.2077	-0.5363	-0.8042	-0.1500	0.0020	-0.0041	0.0282	-1.6993	9.0697	3.3200	-0.034957563773396316	2	0	8	Tilt	Normal
-2.0297	9.1560	3.4471	-53.1529	55.5629	-129.3754	-10.1923	-24.5397	17.5235	-0.3291	0.0886	0.1215	0.2076	-0.5360	-0.8044	-0.1498	-0.0044	-0.0041	0.0328	-1.7006	9.0674	3.3255	0.0636672336058588	2	0	8	Tilt	Normal
-1.8765	9.0794	3.2555	-53.1709	55.5084	-129.4163	-9.6044	-24.6962	17.5102	-0.1782	0.0127	-0.0733	0.2073	-0.5360	-0.8046	-0.1497	-0.0108	0.0023	0.0286	-1.6982	9.0667	3.3288	-0.16548016598488857	2	0	8	Tilt	Normal
-1.9148	9.1560	3.3321	-53.2242	55.4766	-129.4316	-10.2274	-24.6688	17.5711	-0.2213	0.0880	0.0048	0.2069	-0.5362	-0.8046	-0.1495	-0.0012	-0.0073	0.0360	-1.6934	9.0680	3.3273	0.10359590431614052	3	0	9	Tilt	Normal
-1.9148	9.1560	3.4087	-53.2552	55.4067	-129.4539	-10.0965	-24.6175	17.6034	-0.2295	0.0877	0.0780	0.2064	-0.5363	-0.8047	-0.1495	-0.0012	-0.0041	0.0371	-1.6852	9.0683	3.3308	0.025965758116971216	3	0	9	Tilt	Normal
-1.8765	9.1560	3.4471	-53.2606	55.4030	-129.4506	-10.6799	-25.3041	17.2919	-0.1926	0.0874	0.1164	0.2063	-0.5363	-0.8047	-0.1495	-0.0065	0.0098	0.0275	-1.6839	9.0686	3.3306	0.005927206063905288	3	0	9	Tilt	Normal
-1.9914	9.1177	3.4087	-53.2467	55.3606	-129.5284	-10.2235	-25.2846	17.1676	-0.3009	0.0521	0.0733	0.2065	-0.5360	-0.8049	-0.1492	0.0010	0.0066	0.0276	-1.6905	9.0656	3.3354	-0.026070385598021772	3	0	9	Tilt	Normal
-1.9920	9.0788	3.3327	-53.2614	55.4245	-129.5114	-10.2972	-24.7169	17.0579	-0.2954	0.0118	0.0039	0.2068	-0.5362	-0.8047	-0.1490	0.0063	0.0034	0.0276	-1.6966	9.0670	3.3288	-0.06147395022655111	3	0	9	Tilt	Normal
-1.9531	9.2326	3.2938	-53.2788	55.4771	-129.4910	-10.0591	-24.4340	17.3041	-0.2526	0.1643	-0.0292	0.2070	-0.5364	-0.8045	-0.1488	-0.0022	0.0013	0.0329	-1.7005	9.0683	3.3230	0.12104325648002856	3	0	9	Tilt	Normal
-1.9920	9.1171	3.4477	-53.2764	55.4626	-129.5230	-10.1066	-24.2711	17.7168	-0.2885	0.0498	0.1232	0.2070	-0.5363	-0.8046	-0.1486	0.0031	0.0055	0.0340	-1.7035	9.0673	3.3245	-0.046551451174062564	3	0	9	Tilt	Normal
-1.8771	9.1171	3.3327	-53.3232	55.4439	-129.5281	-10.1389	-24.3967	17.6479	-0.1776	0.0483	0.0103	0.2067	-0.5365	-0.8046	-0.1485	-0.0033	-0.0073	0.0372	-1.6994	9.0688	3.3224	-0.06172253318831267	3	0	9	Tilt	Normal
-1.9537	9.1937	3.3327	-53.3454	55.4850	-129.4737	-10.8970	-25.4508	17.2232	-0.2577	0.1224	0.0156	0.2066	-0.5368	-0.8044	-0.1485	0.0009	0.0023	0.0294	-1.6960	9.0713	3.3172	0.0854031313339938	3	0	9	Tilt	Normal
-1.9920	9.1171	3.4093	-53.3070	55.4694	-129.5114	-10.7238	-24.6591	17.4797	-0.2907	0.0483	0.0878	0.2069	-0.5365	-0.8045	-0.1485	-0.0023	0.0055	0.0337	-1.7012	9.0688	3.3215	-0.036922744161374865	3	0	9	Tilt	Normal
-2.0303	9.1171	3.4093	-53.2872	55.4625	-129.5185	-10.4929	-24.5479	16.7809	-0.3280	0.0494	0.0857	0.2069	-0.5364	-0.8046	-0.1486	-0.0001	0.0013	0.0347	-1.7023	9.0677	3.3236	0.007749719794912124	4	0	10	Tilt	Normal
-1.9154	9.1554	3.4093	-53.2801	55.5051	-129.4640	-10.6650	-25.3249	17.3171	-0.2150	0.0862	0.0887	0.2070	-0.5365	-0.8045	-0.1488	0.0009	-0.0030	0.0326	-1.7003	9.0692	3.3206	0.012386989443248453	4	0	10	Tilt	Normal
-1.9148	9.1177	3.3704	-53.2611	55.5202	-129.4754	-10.1967	-24.3893	17.2942	-0.2095	0.0494	0.0497	0.2073	-0.5364	-0.8045	-0.1488	0.0041	0.0017	0.0007	-1.7053	9.0683	3.3208	-0.04807600646829435	4	0	10	Tilt	Normal
-1.9920	9.1937	3.3327	-53.2311	55.5600	-129.4889	-10.2662	-24.2702	16.9443	-0.2773	0.1269	0.0130	0.2077	-0.5363	-0.8045	-0.1486	-0.0023	-0.0057	0.0028	-1.7147	9.0668	3.3197	0.07243613112288116	4	0	10	Tilt	Normal
-2.0303	9.1554	3.3327	-53.2118	55.5813	-129.5046	-10.1727	-24.9173	17.6691	-0.3092	0.0896	0.0133	0.2081	-0.5362	-0.8045	-0.1485	-0.0066	0.0028	-0.0036	-1.7211	9.0658	3.3194	-0.0275285673801271	4	0	10	Tilt	Normal
-1.9537	9.0788	3.4093	-53.1984	55.5811	-129.5470	-10.3285	-25.3196	17.7185	-0.2252	0.0148	0.0889	0.2083	-0.5360	-0.8046	-0.1483	-0.0045	0.0103	-0.0025	-1.7285	9.0640	3.3205	-0.0597366218122648	4	0	10	Tilt	Normal
-1.9920	9.1171	3.4093	-53.2012	55.5668	-129.5990	-9.9825	-25.0333	17.7708	-0.2577	0.0546	0.0878	0.2084	-0.5359	-0.8046	-0.1480	0.0030	-0.0089	0.0049	-1.7343	9.0625	3.3215	0.04276835529964451	4	0	10	Tilt	Normal
-1.9914	9.1560	3.4087	-53.2138	55.5675	-129.6433	-9.8749	-24.8659	17.4809	-0.2505	0.0944	0.0883	0.2086	-0.5359	-0.8047	-0.1476	-0.0034	-0.0025	0.0007	-1.7409	9.0616	3.3205	0.035383298179947786	4	0	10	Tilt	Normal
-1.9537	9.1937	3.3327	-53.2208	55.5676	-129.6923	-9.9305	-25.2931	16.5836	-0.2053	0.1333	0.0129	0.2088	-0.5358	-0.8047	-0.1472	-0.0019	-0.0041	0.0021	-1.7484	9.0604	3.3199	0.0015394459814270789	4	0	10	Tilt	Normal
-1.9154	9.1554	3.3327	-53.2283	55.5745	-129.7212	-9.8716	-24.7794	17.1488	-0.1618	0.0956	0.0139	0.2089	-0.5358	-0.8047	-0.1469	-0.0019	-0.0084	-0.0021	-1.7536	9.0598	3.3188	-0.0427570258326746	5	0	11	Tilt	Normal
Total time: 11 seconds.
