6.7038	-6.7804	0.9194	63.0118	-66.8827	-65.1603	9.4573	21.8947	-16.9428	2.6109	1.9585	-0.8278	-0.1144	-0.6307	0.6258	0.4444	0.5087	0.1411	0.2414	4.0929	-8.7388	1.7472	-0.23420305078649406	6	0	1	Upright	Normal
7.8913	-6.5122	-3.6009	62.2472	-83.7606	-43.0462	9.7247	23.5739	-15.3757	3.3519	2.1665	-4.0971	-0.1483	-0.6728	0.5548	0.4663	-3.0109	-0.0698	-0.7887	4.5394	-8.6787	0.4962	1.2674123222498572	6	0	1	Upright	Normal
10.3819	-8.6185	0.3825	57.2052	-95.4094	-29.1103	9.1930	26.2311	-12.2164	5.0940	-0.3748	0.8833	-0.1486	-0.7095	0.4912	0.4829	0.1785	-0.5417	-1.0859	5.2879	-8.2437	-0.5008	2.6519106560702888	6	0	1	Upright	Normal
5.9382	-4.0600	0.3825	55.6718	-95.7269	-28.4247	6.5395	28.2698	-11.7365	0.4356	4.0386	0.9343	-0.1427	-0.7126	0.4813	0.4901	0.0368	0.4947	-0.1580	5.5026	-8.0985	-0.5519	-6.2948509745442145	6	0	1	Upright	Normal
6.7038	-5.5162	-2.2984	54.1731	-94.3804	-33.5514	5.8404	28.3161	-12.8531	0.9804	2.4349	-1.8600	-0.1077	-0.7147	0.4945	0.4829	1.0157	-1.2076	0.4897	5.7233	-7.9511	-0.4384	1.777029342791426	6	0	1	Upright	Normal
7.7381	-4.8267	-3.1795	55.6238	-95.0621	-34.9319	5.9840	27.4910	-15.6377	2.2227	3.2673	-2.6909	-0.1047	-0.7169	0.5075	0.4664	0.0932	0.4872	0.3395	5.5153	-8.0940	-0.4886	0.6777392316438409	6	0	1	Upright	Normal
5.8233	-8.3121	-0.1538	56.9672	-93.7889	-36.7032	6.8699	27.3354	-17.0766	0.4893	-0.0905	0.1995	-0.1073	-0.7117	0.5196	0.4604	0.7803	0.1346	0.8136	5.3340	-8.2215	-0.3533	0.4917597956747706	6	0	1	Upright	Normal
4.3670	-6.9719	0.4214	61.2656	-92.7807	-34.0254	7.9812	27.3462	-17.5069	-0.3419	1.6272	0.6502	-0.1538	-0.6986	0.5264	0.4596	-0.4629	1.4364	0.7997	4.7089	-8.5991	-0.2288	-1.9126927118779413	6	0	1	Upright	Normal
6.0531	-8.5036	1.3785	64.9530	-102.1911	-22.1740	11.4713	28.5486	-15.0438	1.9951	0.3810	2.2552	-0.2047	-0.7091	0.5119	0.4396	-0.6737	-1.4174	0.1181	4.0580	-8.8846	-0.8767	2.2911492688447463	6	0	1	Upright	Normal
7.7764	-4.3281	0.8428	65.0550	-102.9396	-23.6419	10.5108	29.3906	-13.9376	3.7456	4.5638	1.7689	-0.1927	-0.7142	0.5193	0.4279	0.2243	0.7121	0.6156	4.0308	-8.8919	-0.9261	-1.5890757666912112	6	1	2	PT	Normal
7.2784	-6.9719	2.0303	65.1820	-83.5422	-34.4818	12.4000	30.0867	-14.3383	3.1883	1.9291	1.5675	-0.2173	-0.6551	0.5289	0.4938	0.5577	1.3853	0.0926	4.0900	-8.9010	0.4628	1.341746824034601	6	1	2	PT	Normal
5.7078	-6.5505	-1.0343	65.3618	-72.9359	-45.1577	14.2218	29.3580	-15.7431	1.7997	2.3634	-2.2338	-0.2089	-0.6287	0.5562	0.5018	1.6304	0.7803	0.7754	3.9081	-8.9139	1.1995	-1.5315431320277728	6	1	2	PT	Normal
5.5929	-7.3933	-1.9154	65.9397	-54.6812	-60.7002	16.5548	27.3956	-18.4073	2.3308	1.5615	-4.2265	-0.2225	-0.5768	0.5923	0.5168	-0.7462	-0.6557	0.7626	3.2621	-8.9548	2.3112	0.7165331666213763	6	1	2	PT	Normal
10.1137	-5.8604	4.5197	68.2085	-61.6589	-59.3786	16.8212	26.8370	-19.2096	6.9097	3.2455	2.7915	-0.2081	-0.6071	0.6018	0.4753	-0.1613	0.1976	0.6305	3.2040	-9.1059	1.7282	3.0660495301742916	6	1	2	PT	Normal
6.9342	-7.6225	-1.4563	64.4777	-83.6442	-40.2221	15.2068	30.1895	-17.8733	2.7349	1.2272	-1.9239	-0.1794	-0.6663	0.5508	0.4696	-1.1350	-2.6957	-1.4724	4.1993	-8.8497	0.4676	-2.1252763246282615	6	1	2	PT	Normal
3.0652	-10.9170	-0.3837	59.7173	-107.7721	-17.9863	8.4726	34.4447	-14.3992	-1.6439	-2.4484	1.1259	-0.1803	-0.7379	0.4772	0.4420	-3.8109	1.0157	0.1948	4.7091	-8.4686	-1.5095	0.9386025680605741	6	1	2	PT	Normal
9.4625	-3.6769	0.0760	58.5757	-104.1599	-22.0622	6.2647	37.0115	-9.9830	4.5050	4.6914	1.3268	-0.1634	-0.7328	0.4813	0.4523	1.4579	-2.0863	-0.4124	4.9575	-8.3683	-1.2508	-1.1935833463133623	6	1	2	PT	Normal
0.7667	-5.6306	-1.6478	58.1912	-96.5953	-35.8743	2.5781	36.2621	-14.2392	-4.3679	2.7034	-1.0540	-0.1068	-0.7203	0.5244	0.4412	1.1234	0.2306	0.1181	5.1347	-8.3339	-0.5938	-4.235408803333639	6	1	2	Jump	Normal
9.0411	-8.4270	-2.1458	63.0458	-81.6820	-49.6407	3.4126	34.7995	-18.0197	4.6428	0.3144	-2.7888	-0.1250	-0.6720	0.5810	0.4418	0.8795	0.6418	1.0150	4.3983	-8.7414	0.6430	6.627683620094812	6	1	2	Jump	Normal
10.4202	-7.3544	-3.8696	60.5778	-84.5589	-46.7674	4.6359	33.4580	-20.1206	5.6246	1.1875	-4.3263	-0.1120	-0.6813	0.5650	0.4517	0.7197	0.1262	0.5548	4.7956	-8.5419	0.4567	0.783892853182822	6	2	3	PT	Normal
4.9422	-11.6831	1.0337	63.0898	-84.0430	-42.8384	5.4587	34.1630	-19.9314	0.5279	-2.9383	0.5731	-0.1535	-0.6730	0.5572	0.4615	-0.9336	0.6045	0.7785	4.4143	-8.7448	0.4606	-0.6007469275352353	6	2	3	PT	Normal
2.2224	-5.5539	3.6003	66.7467	-87.5803	-29.0993	9.0988	35.6398	-16.4252	-1.6457	3.4562	3.4369	-0.2392	-0.6591	0.5199	0.4879	-0.9943	1.0669	0.1021	3.8681	-9.0101	0.1634	-5.745571112664551	6	2	3	Jump	Normal
5.8999	-8.1971	2.4511	67.5539	-90.4380	-22.8951	10.1501	37.6289	-12.7803	2.1558	0.8667	2.4798	-0.2667	-0.6560	0.5030	0.4955	-0.5906	0.3308	0.5538	3.7441	-9.0638	-0.0287	3.4108383271584826	6	2	3	PT	Normal
7.1635	-5.1332	2.8347	67.1236	-84.3254	-34.1438	10.5960	37.5505	-11.5242	3.3700	3.9022	2.4578	-0.2275	-0.6550	0.5361	0.4815	1.2118	-1.1382	0.7338	3.7935	-9.0354	0.3769	-1.1352619050764101	6	2	3	PT	Normal
6.5894	-6.8181	0.6123	65.8296	-66.5450	-52.0394	10.6999	35.6750	-16.0640	2.9060	2.1289	-0.9858	-0.2062	-0.6132	0.5758	0.4999	1.1085	0.1443	0.5889	3.6835	-8.9470	1.5981	0.24417902575707018	0	2	3	Upright	Normal
7.2024	-6.5499	2.2978	66.0254	-55.9212	-60.5453	12.3484	34.5878	-18.3353	3.9021	2.4108	0.0652	-0.2174	-0.5822	0.5940	0.5109	-0.2657	0.5321	0.7604	3.3003	-8.9607	2.2326	0.5011194387800213	0	0	3	Upright	Normal
11.7226	-6.7415	-3.4099	68.0110	-71.2759	-42.9037	15.0397	35.2638	-17.3902	8.2452	2.3519	-4.5885	-0.2464	-0.6158	0.5497	0.5079	-2.3099	0.2956	-0.4092	3.4774	-9.0933	1.1785	3.943349840296854	0	0	3	Upright	Normal
8.6574	-9.3470	1.4174	60.1714	-92.9008	-32.4279	10.0473	37.9033	-12.5540	3.7858	-0.8395	1.6643	-0.1565	-0.6986	0.5153	0.4710	0.5492	-3.1399	-2.0465	4.8716	-8.5075	-0.2469	-1.1271609343533733	0	0	3	Upright	Normal
1.4946	-8.1205	3.6003	59.3120	-105.3026	-14.9241	4.5979	39.8114	-8.2086	-3.3329	0.3129	4.9213	-0.2079	-0.7240	0.4585	0.4716	0.7751	0.5406	-0.2711	4.8275	-8.4334	-1.3210	-3.811279376028473	0	0	3	Upright	Normal
4.1378	-5.8604	1.5317	56.6084	-104.7547	-26.0649	2.4362	40.2129	-7.6178	-1.0813	2.3275	2.9063	-0.1247	-0.7447	0.4871	0.4389	0.9700	-0.9880	-0.2573	5.2191	-8.1879	-1.3746	-1.6720396594448657	0	1	4	PT	Normal
-1.3402	-4.6346	-1.5329	64.6953	-97.5835	-35.5119	0.1639	39.7186	-11.5569	-5.4951	4.2312	-0.9797	-0.1419	-0.7128	0.5531	0.4073	1.1713	0.0655	1.4962	4.1550	-8.8657	-0.5532	-2.2734943775633205	0	1	4	PT	Normal
17.9661	-8.1977	-5.9759	67.7795	-92.4615	-33.9777	4.7346	39.4779	-14.9240	14.2611	0.8808	-5.8166	-0.1937	-0.6860	0.5529	0.4315	-1.0103	1.6112	-0.8197	3.7050	-9.0785	-0.1594	15.570206435879733	0	1	4	Jump	Normal
7.6231	-13.4841	-0.4214	65.9633	-87.6489	-33.7991	5.9907	39.9869	-13.3947	3.6322	-4.5277	-0.5852	-0.2069	-0.6699	0.5366	0.4695	-0.1741	0.4085	0.1891	3.9910	-8.9564	0.1639	-5.136874408932226	0	1	4	Jump	Normal
0.4214	-4.8267	0.9194	71.5155	-96.8768	-17.2595	7.3416	40.0803	-10.7413	-2.6653	4.4742	1.2917	-0.2922	-0.6585	0.5131	0.4667	-0.8441	2.3900	0.8224	3.0867	-9.3009	-0.3723	-10.563967366391553	0	1	4	Jump	Normal
5.2098	-8.6957	4.3670	72.1526	-98.4048	-11.1749	10.1808	40.1488	-6.5842	2.2368	0.6391	4.8064	-0.3234	-0.6464	0.4951	0.4822	-0.4084	-0.5374	0.0011	2.9730	-9.3348	-0.4393	6.106045517271795	0	1	4	Jump	Normal
6.4356	-5.0182	2.2601	70.5832	-83.8811	-29.9954	9.3367	40.4945	-7.4274	3.1942	4.2307	1.9127	-0.2739	-0.6382	0.5301	0.4865	0.7219	-1.0306	0.2834	3.2414	-9.2490	0.3475	-2.5695496364210246	0	1	4	PT	Normal
6.2064	-5.8987	0.7272	69.3283	-70.2372	-44.0665	9.0634	39.0999	-10.9832	2.9485	3.2766	-0.4432	-0.2537	-0.6131	0.5557	0.5009	1.1991	0.6845	0.5732	3.2579	-9.1753	1.1705	0.12517036760342393	0	1	4	Upright	Normal
6.6661	-7.5842	0.4974	68.3401	-58.3732	-56.8293	9.5083	38.4627	-13.1169	3.5843	1.5300	-1.4005	-0.2393	-0.5882	0.5846	0.5049	0.7591	0.5599	0.7393	3.0818	-9.1143	1.8979	1.5164301693276805	0	0	4	Upright	Normal
8.1217	-5.5156	2.9874	69.9405	-54.4484	-59.9716	11.5221	37.6080	-15.3243	5.3853	3.6962	1.0319	-0.2541	-0.5794	0.5913	0.5001	-0.5245	-0.5480	0.8768	2.7364	-9.2118	1.9555	0.15237068330740122	0	0	4	Upright	Normal
9.2709	-7.3927	-0.6518	69.2076	-82.7624	-35.0592	12.2697	36.9081	-14.2486	5.8176	1.7753	-1.0903	-0.2424	-0.6472	0.5440	0.4758	-1.7762	-2.3622	-1.1894	3.4533	-9.1680	0.4384	1.6134663448500355	0	0	5	Upright	Normal
8.1600	-13.9815	2.5660	61.7931	-95.9765	-32.0961	5.9091	38.5039	-11.5589	3.5502	-5.3394	3.0487	-0.1540	-0.7077	0.5254	0.4465	-1.1232	-1.7358	-0.8517	4.6099	-8.6422	-0.4827	4.51516036310244	0	0	5	Upright	Normal
7.7004	-4.0600	0.6506	61.1138	-98.8021	-28.4880	3.1972	38.6379	-8.0055	3.0189	4.5267	1.3756	-0.1598	-0.7151	0.5120	0.4482	1.0787	-1.4354	-0.9721	4.6814	-8.5867	-0.7250	-7.661180649192909	0	0	5	Upright	Normal
-0.6889	-6.5116	0.9571	59.1503	-93.4629	-43.5607	-0.7349	37.8013	-12.2674	-5.7084	1.9076	1.2608	-0.0792	-0.7136	0.5549	0.4202	1.0733	-0.2477	-0.4671	5.0194	-8.4192	-0.3038	-2.1119161090481704	0	0	5	Upright	Normal
9.8833	-9.6534	-3.7158	65.4519	-76.5826	-58.2342	-1.3980	35.7615	-17.1669	5.9203	-0.7331	-4.6611	-0.1170	-0.6619	0.6140	0.4138	0.1987	0.4873	0.7605	3.9630	-8.9203	0.9453	7.688945405573609	0	0	5	Upright	Normal
9.8456	-8.6951	-1.8777	61.6876	-80.6251	-53.2712	1.5202	34.5707	-20.0228	5.2566	-0.0615	-2.6353	-0.1004	-0.6718	0.5900	0.4365	0.2531	0.1006	0.4377	4.5889	-8.6336	0.7576	-1.037464486345085	0	0	5	Upright	Normal
6.7038	-14.7866	0.5746	64.7688	-82.1035	-45.0239	3.7936	35.3063	-19.7052	2.5631	-5.9155	0.0004	-0.1608	-0.6670	0.5688	0.4536	-0.9294	1.4034	1.0843	4.1406	-8.8711	0.5742	2.9764500166370667	0	0	5	Upright	Normal
1.9926	-7.7375	4.4430	70.9508	-81.5230	-36.9364	9.0256	38.1647	-16.6740	-1.1730	1.5323	3.9712	-0.2485	-0.6436	0.5548	0.4650	-0.5235	0.6887	0.4431	3.1656	-9.2698	0.4718	-7.1032614387180715	0	0	5	Upright	Normal
6.5888	-9.4619	2.2984	72.2206	-80.5845	-40.3988	9.5760	38.7285	-13.9793	3.6348	-0.1235	1.8087	-0.2415	-0.6455	0.5705	0.4467	-0.2913	-0.7143	-0.2398	2.9540	-9.3384	0.4898	2.614616890932183	0	0	5	Upright	Normal
8.6197	-4.2898	0.9188	68.8623	-81.9204	-39.6685	8.4487	38.9900	-14.3581	5.1185	4.8571	0.4218	-0.2182	-0.6535	0.5600	0.4602	0.0486	-0.4511	0.9474	3.5012	-9.1469	0.4969	-2.084896914943272	0	1	6	PT	Normal
6.6661	-6.7032	0.2676	66.9314	-60.4764	-59.0785	9.7026	39.2816	-16.5838	3.3226	2.3194	-1.6260	-0.2074	-0.6004	0.5969	0.4901	1.8617	1.1713	0.5320	3.3435	-9.0225	1.8935	-0.21456281979135028	0	1	6	Upright	Normal
6.5505	-7.3933	2.3367	68.2197	-50.1892	-67.9147	11.9933	37.0555	-19.6122	3.7555	1.7134	0.0072	-0.2251	-0.5749	0.6161	0.4891	-0.2689	0.1582	0.9655	2.7951	-9.1066	2.3296	0.6930287543398617	0	0	6	Upright	Normal
10.4585	-7.2012	-2.1841	68.9132	-72.3299	-47.9530	15.1903	37.1587	-18.2832	7.0969	1.9489	-3.2549	-0.2196	-0.6302	0.5756	0.4725	-1.6164	-1.5664	-0.5375	3.3616	-9.1500	1.0708	2.7340267459334804	0	0	6	Upright	Normal
8.4282	-13.9049	0.4591	59.4030	-96.1317	-34.7899	8.0569	39.8967	-15.4970	3.4653	-5.4636	0.9922	-0.1228	-0.7156	0.5253	0.4437	-0.7557	-1.4791	-1.3759	4.9629	-8.4414	-0.5332	3.3818693283803665	0	0	6	Upright	Normal
1.2647	-7.4310	2.4128	58.1157	-105.6821	-21.0656	2.0132	42.4768	-10.4646	-3.7222	0.8960	3.8129	-0.1611	-0.7385	0.4771	0.4483	0.0358	-0.2519	-0.1099	4.9870	-8.3270	-1.4002	-8.35167421161095	0	0	6	Upright	Normal
6.2058	-3.4093	0.6129	56.1671	-100.3722	-36.4737	-1.4594	42.4009	-10.6320	0.8350	4.7368	1.5960	-0.0742	-0.7380	0.5202	0.4234	1.0360	-0.9848	-0.3975	5.3708	-8.1461	-0.9831	-0.8074922759741874	0	0	6	Upright	Normal
0.4214	-5.4779	0.0766	59.0620	-91.6628	-46.9835	-4.3625	41.0195	-16.0944	-4.6181	2.9335	0.2230	-0.0662	-0.7093	0.5659	0.4151	1.1117	0.2210	0.4355	5.0395	-8.4114	-0.1463	-1.6124853797375218	0	0	6	Upright	Normal
11.2623	-7.8530	-4.1755	61.2993	-84.9205	-55.3752	-3.5055	38.8102	-19.5944	6.5715	0.7489	-4.5924	-0.0632	-0.6890	0.5996	0.4021	0.6036	0.0335	0.4185	4.6908	-8.6019	0.4169	8.856123548142975	0	0	6	Upright	Normal
8.5814	-13.9815	0.4591	61.1552	-83.3379	-51.8169	-1.2594	39.0814	-21.7915	3.8823	-5.3914	-0.0896	-0.0917	-0.6809	0.5852	0.4307	-0.2689	1.0700	0.4153	4.6991	-8.5901	0.5487	2.060641961136861	0	1	7	PT	Normal
1.6861	-3.8684	2.2978	65.3268	-88.9908	-40.9392	0.7855	39.6710	-19.7409	-2.4069	5.0429	2.2259	-0.1543	-0.6874	0.5644	0.4303	-1.3458	1.0286	0.4386	4.0930	-8.9114	0.0720	-11.606455694367275	0	1	7	Jump	Normal
5.0572	-9.5762	2.9108	67.8116	-85.4322	-39.1331	3.0640	41.4193	-15.7448	1.3656	-0.4956	2.6160	-0.1976	-0.6678	0.5608	0.4478	-0.1154	0.7665	0.6718	3.6916	-9.0806	0.2948	6.408974740175877	0	1	7	Jump	Normal
5.9382	-6.5116	2.6426	67.7737	-87.1745	-36.9457	4.4500	40.9998	-14.4509	2.2333	2.5664	2.4599	-0.2017	-0.6708	0.5551	0.4485	-0.0931	-0.5832	0.0231	3.7049	-9.0781	0.1827	-2.0135505578499675	0	1	7	PT	Normal
7.4322	-6.5499	0.1909	67.0648	-76.6663	-51.4004	3.5310	40.4989	-14.7579	3.7139	2.4816	-0.6903	-0.1662	-0.6538	0.5923	0.4406	1.2641	0.3980	0.6644	3.7183	-9.0315	0.8812	0.7079887608131887	0	1	7	PT	Normal
6.2064	-6.7798	-0.0006	65.2429	-62.1371	-66.3393	4.7580	38.7900	-20.2005	2.5759	2.1256	-1.9199	-0.1487	-0.6165	0.6276	0.4517	0.9626	0.5471	0.3917	3.6305	-8.9054	1.9193	-0.7167644342005861	0	1	7	PT	Normal
7.2407	-4.5197	1.5317	66.0175	-68.7591	-57.8842	5.0631	37.6135	-21.1220	3.5256	4.4405	0.0877	-0.1643	-0.6320	0.6041	0.4568	-1.1115	-0.6716	0.3402	3.7151	-8.9601	1.4440	-0.5196956097668135	0	1	7	PT	Normal
8.5814	-13.5602	-0.4986	63.4292	-83.6202	-45.5257	3.3087	37.9316	-17.7427	4.2222	-4.7892	-0.9860	-0.1419	-0.6746	0.5685	0.4491	-1.4087	-1.7230	-0.5866	4.3592	-8.7710	0.4874	7.383274911302632	0	1	7	Jump	Normal
4.3676	-10.3424	-1.6095	60.6308	-100.6106	-29.4698	-0.9854	38.7094	-13.2717	-0.3596	-1.7960	-0.7238	-0.1428	-0.7244	0.5159	0.4344	-2.6135	0.1348	-0.1530	4.7272	-8.5464	-0.8857	-4.7135669247078145	0	1	7	Jump	Normal
3.7547	-7.9673	-0.4220	59.6126	-105.9690	-17.4746	-2.3686	38.9492	-7.2098	-1.0144	0.4923	0.9429	-0.1905	-0.7303	0.4716	0.4560	-0.0451	-0.4681	0.2709	4.7691	-8.4596	-1.3648	-2.5237821541912577	0	1	7	PT	Normal
5.5551	-6.9330	0.3442	61.3428	-104.3621	-17.0263	-2.1484	38.2644	-5.6485	0.9993	1.6725	1.5107	-0.2088	-0.7183	0.4766	0.4619	0.1029	0.1338	0.4882	4.5559	-8.6055	-1.1666	0.07286765037503429	0	1	8	Upright	Normal
5.8999	-5.9753	-0.1921	64.7051	-95.0877	-31.3128	-1.3398	37.9940	-9.4470	1.7264	2.8911	0.1796	-0.1796	-0.6976	0.5341	0.4425	-0.4020	-0.1005	0.3745	4.1735	-8.8665	-0.3717	-0.4912742818336593	0	0	8	Upright	Normal
4.1755	-8.1594	0.4597	66.0839	-91.0301	-33.2055	0.3570	37.9635	-10.3043	0.2007	0.8053	0.5312	-0.1953	-0.6823	0.5406	0.4517	0.9360	0.6143	0.5982	3.9748	-8.9648	-0.0715	0.7778501960477637	0	0	8	Upright	Normal
7.1257	-6.7798	-0.0006	68.0336	-86.9618	-40.3724	1.1508	37.2923	-13.0106	3.4628	2.3150	-0.1950	-0.1842	-0.6754	0.5689	0.4316	-0.2251	0.2414	0.2872	3.6630	-9.0948	0.1944	0.6584641473163355	0	0	8	Upright	Normal
4.9805	-7.5076	0.2292	67.3689	-86.5913	-39.6514	1.7351	37.2536	-13.2958	1.2137	1.5440	0.0049	-0.1862	-0.6737	0.5632	0.4407	0.1733	-0.1985	0.3575	3.7668	-9.0516	0.2243	-0.8233916738004066	0	0	8	Upright	Normal
6.2064	-7.3544	0.1909	67.4221	-83.2028	-44.6530	1.3473	36.6335	-13.2299	2.4678	1.7008	-0.2545	-0.1741	-0.6686	0.5772	0.4354	0.4194	-0.1421	0.3426	3.7385	-9.0552	0.4455	0.612802436552947	0	0	8	Upright	Normal
6.0148	-7.1629	0.2292	67.5569	-78.9333	-51.3868	1.1818	36.2021	-15.3868	2.3406	1.9011	-0.4893	-0.1577	-0.6622	0.5967	0.4250	0.4524	-0.1272	0.3739	3.6742	-9.0640	0.7186	-0.268978584725998	0	0	8	Upright	Normal
6.2830	-7.1629	-0.1155	67.1303	-82.1872	-48.1691	1.3708	36.1446	-15.6231	2.5072	1.8730	-0.6336	-0.1569	-0.6701	0.5880	0.4250	-0.5000	-0.1304	0.2269	3.7758	-9.0359	0.5180	0.17257606560520777	0	0	8	Upright	Normal
5.8233	-7.2395	0.7272	66.6306	-82.7325	-47.7362	1.0012	35.9991	-15.2335	1.9647	1.7627	0.2352	-0.1535	-0.6718	0.5857	0.4266	0.2809	0.0347	0.3004	3.8586	-9.0022	0.4920	-0.20938830324967306	0	0	8	Upright	Normal
5.7084	-7.5459	0.0760	66.3304	-78.1355	-53.2006	1.2553	35.8453	-16.2084	1.8557	1.4358	-0.7334	-0.1435	-0.6619	0.5993	0.4267	0.2745	0.0496	0.3174	3.8527	-8.9817	0.8094	0.14281123665984374	1	0	9	Upright	Normal
5.7084	-7.3161	0.7272	66.2776	-79.6084	-51.8163	1.8981	35.8393	-16.4071	1.8278	1.6620	0.0157	-0.1435	-0.6657	0.5959	0.4257	-0.1943	-0.0324	0.2503	3.8806	-8.9781	0.7115	-0.15408675488864887	1	0	9	Upright	Normal
5.5935	-7.3927	0.8422	66.4484	-80.6993	-49.7145	1.2045	35.5794	-16.2335	1.7265	1.5971	0.2089	-0.1512	-0.6670	0.5899	0.4293	-0.1452	0.1296	0.3294	3.8669	-8.9898	0.6333	4.6152598234527886E-4	1	0	9	Upright	Normal
6.2058	-6.8953	0.7661	66.9457	-79.5006	-50.5136	2.3058	36.5135	-15.1776	2.4298	2.1281	0.0664	-0.1559	-0.6633	0.5926	0.4295	0.1616	-0.0025	0.3475	3.7760	-9.0234	0.6997	-2.4367070992070694E-4	1	0	9	Upright	Normal
6.3973	-7.2018	0.3448	66.1169	-78.0900	-52.0430	1.9245	36.2420	-16.0668	2.5124	1.7653	-0.4745	-0.1491	-0.6603	0.5944	0.4342	0.0487	0.1466	0.1888	3.8849	-8.9670	0.8193	0.3307192586412757	1	0	9	Upright	Normal
5.8999	-7.2012	0.6123	65.6542	-78.9355	-51.3481	2.4119	35.2913	-16.6118	1.9324	1.7336	-0.1634	-0.1458	-0.6627	0.5916	0.4354	-0.0376	-0.2113	0.2772	3.9675	-8.9347	0.7757	-0.30941916994438046	1	0	9	Upright	Normal
5.8233	-7.2012	1.0337	65.7119	-80.0972	-50.8138	1.7529	35.6001	-16.1815	1.8498	1.7376	0.3401	-0.1432	-0.6664	0.5912	0.4311	0.0316	-0.0206	0.3102	3.9735	-8.9388	0.6936	-0.010959429534613818	1	0	9	Upright	Normal
6.0531	-7.2012	0.4974	65.3978	-78.0247	-53.4379	1.4331	35.9251	-15.6432	2.0595	1.7153	-0.3497	-0.1368	-0.6619	0.5977	0.4312	0.1787	-0.0025	0.2796	3.9937	-8.9165	0.8471	0.10182317434962052	1	0	9	Upright	Normal
5.8999	-7.1245	0.6889	65.2226	-78.6985	-53.2396	1.8151	35.1737	-16.6205	1.8697	1.7795	-0.1164	-0.1333	-0.6642	0.5974	0.4292	-0.0099	-0.0909	0.2828	4.0302	-8.9040	0.8053	-0.14456370942423824	1	0	9	Upright	Normal
5.9765	-7.2012	0.4591	64.8207	-79.2416	-52.7642	1.7953	34.5924	-16.4587	1.8777	1.6737	-0.3196	-0.1306	-0.6658	0.5952	0.4307	-0.0781	0.0838	0.1997	4.0989	-8.8749	0.7787	0.09357341044293044	1	0	9	Upright	Normal
5.8616	-7.3927	0.6506	64.6486	-80.2867	-52.0102	1.3074	34.8272	-15.7306	1.7229	1.4696	-0.0578	-0.1285	-0.6689	0.5931	0.4294	0.0487	-0.0483	0.2902	4.1387	-8.8623	0.7084	0.08748588548055203	2	0	10	Upright	Normal
5.9382	-7.2778	0.4208	64.5730	-80.1145	-52.4918	1.2518	34.5991	-16.7257	1.7903	1.5790	-0.3020	-0.1261	-0.6688	0.5945	0.4283	-0.0419	-0.0025	0.2625	4.1480	-8.8568	0.7227	-0.05450789532182121	2	0	10	Upright	Normal
6.0525	-7.2401	0.6129	64.6225	-80.5227	-52.0445	0.9005	35.1294	-16.2525	1.9071	1.6204	-0.0790	-0.1269	-0.6698	0.5934	0.4280	-0.0387	0.0583	0.2941	4.1454	-8.8605	0.6919	0.0541798958976738	2	0	10	Upright	Normal
6.0148	-7.2012	0.8039	64.6648	-81.1264	-51.2722	1.4998	35.4997	-16.5879	1.8688	1.6623	0.1567	-0.1286	-0.6712	0.5913	0.4282	-0.0355	0.0029	0.2888	4.1460	-8.8635	0.6472	-0.039530692299029724	2	0	10	Upright	Normal
5.9759	-7.2018	0.6512	64.6996	-80.6899	-51.6463	2.0251	35.4777	-16.2179	1.8402	1.6643	-0.0266	-0.1289	-0.6699	0.5923	0.4287	0.0157	0.0167	0.2995	4.1357	-8.8660	0.6779	-0.036173616634245676	2	0	10	Upright	Normal
6.0914	-7.0479	0.4591	64.6393	-80.9093	-51.2710	1.7643	35.2626	-16.4210	1.9439	1.8138	-0.2044	-0.1295	-0.6704	0.5910	0.4296	-0.0909	0.0476	0.2664	4.1475	-8.8617	0.6635	-0.0541242768493575	2	0	10	Upright	Normal
5.8999	-7.2012	0.6506	64.6065	-81.8423	-50.0359	1.0635	35.1855	-16.6903	1.7371	1.6581	0.0540	-0.1318	-0.6725	0.5873	0.4307	-0.0983	0.0146	0.2824	4.1628	-8.8593	0.5966	0.0053891397654854956	2	0	10	Upright	Normal
6.0531	-7.1629	0.5357	64.5515	-82.3588	-49.3983	1.8071	35.7832	-16.0787	1.8768	1.6924	-0.0245	-0.1325	-0.6737	0.5853	0.4312	-0.0758	0.0712	0.2658	4.1764	-8.8553	0.5602	0.06113330477993628	2	0	10	Upright	Normal
6.0148	-7.2395	0.4591	64.4013	-83.1641	-48.2187	1.8887	35.9434	-15.8305	1.8079	1.6047	-0.0452	-0.1344	-0.6754	0.5814	0.4333	-0.0492	0.0190	0.2701	4.2069	-8.8442	0.5043	0.03001719373936851	2	0	10	Upright	Normal
5.8227	-7.2401	0.5746	64.3342	-83.6352	-47.5048	0.9543	36.1941	-15.0122	1.6016	1.5992	0.1038	-0.1358	-0.6764	0.5790	0.4344	0.0158	-0.0460	0.2850	4.2211	-8.8392	0.4708	-0.11455781158666944	2	0	10	Upright	Normal
5.7844	-7.3933	0.4980	64.3256	-83.2762	-48.1746	1.5836	35.8241	-14.8633	1.5649	1.4452	0.0006	-0.1336	-0.6759	0.5811	0.4332	0.0658	-0.0844	0.2935	4.2195	-8.8385	0.4974	0.09167285983857987	3	0	11	Upright	Normal
Total time: 11 seconds.
