-8.0822	-5.7072	2.2978	-18.4402	-75.2411	-25.5090	11.8149	37.4267	3.0722	0.1362	-0.9099	-0.0721	-0.2568	0.5597	-0.0772	-0.7841	-0.2279	-0.3510	0.2553	-8.2184	-4.7972	2.3700	0.7318863279028278	5	0	1	Tilt	Normal
-7.3927	-5.3241	2.4894	-20.3136	-73.5189	-23.9985	13.0184	37.8132	2.6333	0.8053	-0.6171	-0.1197	-0.2607	0.5468	-0.0607	-0.7933	-0.0468	-0.3861	0.3006	-8.1980	-4.7070	2.6091	-0.7131396835587509	5	0	1	Tilt	Normal
-8.0445	-4.5969	3.1412	-19.6695	-71.8624	-22.1211	13.9493	37.4432	2.0811	0.2020	-0.1356	0.2667	-0.2467	0.5409	-0.0547	-0.8022	0.3740	-0.2658	0.3731	-8.2465	-4.4613	2.8745	0.3389629259678131	0	0	1	Upright	Normal
-8.1211	-5.3247	2.1835	-17.9114	-71.0905	-20.0435	15.4184	36.9849	0.4372	0.2595	-1.2267	-0.8405	-0.2247	0.5435	-0.0508	-0.8072	0.7532	0.2924	0.3731	-8.3806	-4.0980	3.0240	0.1702282724100055	0	0	1	Upright	Normal
-8.1971	-6.6649	2.8341	-15.9336	-70.6542	-17.9438	16.7649	36.4312	-0.9815	0.3310	-2.9657	-0.2895	-0.2010	0.5480	-0.0468	-0.8106	-0.0681	0.0645	0.5148	-8.5281	-3.6992	3.1237	0.9847459181532479	0	0	1	Upright	Normal
-11.3772	-10.0365	1.9154	-19.4377	-76.6490	-21.2164	17.6000	36.3212	-0.4695	-2.7550	-5.8809	-0.2200	-0.2427	0.5764	-0.0395	-0.7793	-1.3890	0.6248	0.0183	-8.6223	-4.1556	2.1353	4.35359659308256	0	0	1	Upright	Normal
-8.0828	-8.1594	2.7581	-28.6369	-88.8373	-33.7786	15.0983	34.8656	6.7191	0.0138	-2.6288	2.5835	-0.3660	0.5976	-0.0354	-0.7125	-2.7376	-0.1016	-1.4683	-8.0966	-5.5306	0.1746	-3.4802241728577137	0	0	1	Upright	Normal
-8.8101	0.8817	3.9834	-31.3950	-100.8165	-41.3522	7.9134	32.3481	17.8156	-0.9459	6.5261	5.5542	-0.4233	0.6332	-0.0216	-0.6476	0.1812	0.5290	-0.3498	-7.8642	-5.6445	-1.5709	-2.102729612295562	0	0	1	Upright	Normal
-5.7838	-4.8644	2.2595	-38.3754	-109.3501	-51.8865	4.5592	30.2512	20.3937	1.5143	1.1705	4.8070	-0.5080	0.6098	0.0022	-0.6084	-2.1155	0.3085	-0.9325	-7.2981	-6.0349	-2.5474	-1.8209293314330202	0	0	1	Upright	Normal
-4.6735	2.1835	0.6129	-47.1242	-108.6847	-51.4993	2.9539	26.0908	24.6383	2.9115	8.0206	2.7505	-0.5334	0.5696	0.0604	-0.6224	0.3676	-1.6324	-0.1750	-7.5850	-5.8371	-2.1376	-2.6932686886358637	0	1	2	PT	Normal
-13.2543	-16.7786	-9.0405	-51.0621	-98.2702	-46.6788	6.2538	27.4381	23.7055	-5.7977	-10.4709	-8.1539	-0.5293	0.5148	0.0654	-0.6712	0.6062	0.3841	-0.3295	-7.4566	-6.3077	-0.8866	18.020133328211223	0	1	2	Jump	Normal
-11.5688	-2.5666	0.6512	-54.3818	-102.6251	-49.4651	7.7808	27.6147	23.3548	-4.0251	3.5739	1.8996	-0.5499	0.5111	0.0914	-0.6542	-0.2428	0.0016	0.2445	-7.5437	-6.1405	-1.2484	-11.346868082466733	0	1	2	Jump	Normal
-6.2824	-0.8045	1.8004	-46.7164	-99.5289	-41.6605	7.4197	27.3751	23.6436	1.7288	4.7414	2.9134	-0.4886	0.5639	0.0720	-0.6618	1.7226	0.9497	0.2168	-8.0111	-5.5459	-1.1130	-5.2833472178999825	0	1	2	Jump	Normal
-9.4613	-5.6306	5.1709	-28.7844	-88.5592	-33.1620	5.8292	31.3535	16.6663	-1.3194	-0.1685	4.9548	-0.3635	0.5973	-0.0316	-0.7142	3.6518	0.2499	-0.0016	-8.1419	-5.4621	0.2161	5.579181761756916	0	1	2	Jump	Normal
-4.9410	-6.2818	4.0600	-22.6893	-87.3011	-30.1061	6.3197	34.9202	11.6566	3.4441	-1.2140	3.6339	-0.3132	0.6166	-0.0531	-0.7203	0.7234	-0.4511	0.9017	-8.3851	-5.0678	0.4260	-3.199533757629977	0	1	2	PT	Normal
-10.3424	-7.5076	1.4551	-22.2833	-70.5374	-22.5054	10.0824	35.6017	6.8511	-2.2743	-2.8237	-1.5684	-0.2653	0.5249	-0.0469	-0.8074	0.6893	-3.0312	0.3425	-8.0680	-4.6840	3.0234	3.8983374003709645	0	1	2	Jump	Normal
-7.9673	-6.5499	4.1749	-16.4977	-74.4089	-23.0273	11.1849	35.5611	3.9889	0.4332	-2.1662	1.6478	-0.2314	0.5636	-0.0723	-0.7897	-1.0311	0.0282	0.4055	-8.4005	-4.3838	2.5271	-1.7356622403268815	0	1	2	PT	Normal
-6.2052	-10.3040	-3.6398	-17.6806	-76.5469	-23.8305	11.5087	35.5141	5.9551	2.2393	-5.8166	-5.8134	-0.2444	0.5740	-0.0670	-0.7787	0.3271	1.3587	-0.0430	-8.4445	-4.4875	2.1736	1.4398815961343345	0	1	2	PT	Normal
-12.0279	-5.7838	1.6849	-24.0751	-90.2218	-36.5463	7.2210	35.1922	9.4702	-4.1402	0.0434	1.7196	-0.3570	0.6118	-0.0761	-0.7017	-2.3563	0.3446	-1.7367	-7.8877	-5.8272	-0.0347	0.8853729039754317	0	1	2	PT	Normal
-12.6408	-1.8765	0.3442	-21.4578	-96.7543	-41.0005	0.6123	32.3435	14.6593	-5.0142	4.1943	1.4177	-0.3730	0.6446	-0.0982	-0.6600	0.8150	1.5910	-0.4882	-7.6266	-6.0708	-1.0735	-0.6682397694926472	0	2	3	PT	Normal
-4.2521	-6.7038	3.1795	-26.7062	-94.1526	-42.6081	-3.2240	31.0329	14.9773	3.1627	-0.3171	3.8140	-0.4054	0.6066	-0.0832	-0.6788	-1.3326	-1.0871	-0.9836	-7.4148	-6.3867	-0.6345	-4.232319241510524	0	2	3	Jump	Normal
-8.0056	2.5672	-1.7244	-34.6669	-96.0295	-41.0674	-3.2975	27.8285	19.1131	-0.2679	8.5323	-0.8772	-0.4355	0.5946	-0.0166	-0.6757	0.2249	0.1711	0.4306	-7.7378	-5.9652	-0.8472	0.03053550936320626	0	2	3	Upright	Normal
-6.3201	-10.6105	-4.7890	-25.2167	-86.5838	-38.5206	-3.3421	28.7622	17.6761	1.1838	-4.3190	-5.3175	-0.3707	0.5793	-0.0930	-0.7199	3.4942	0.5599	-0.4951	-7.5039	-6.2915	0.5285	4.66399200126677	0	0	3	Upright	Normal
-16.7397	-8.6951	4.1749	-20.8488	-88.2511	-34.6871	-4.8439	31.3382	11.5289	-8.7402	-3.0291	3.8952	-0.3281	0.6149	-0.0902	-0.7114	-0.2651	0.2340	1.3851	-7.9995	-5.6660	0.2797	6.073568402838925	0	0	3	Upright	Normal
-8.0445	-0.3448	0.8045	-8.3240	-87.5452	-31.8111	-4.2678	31.9455	8.8920	0.2494	4.8716	0.3889	-0.2395	0.6492	-0.1491	-0.7064	2.7368	1.4580	0.1994	-8.2940	-5.2164	0.4155	-11.22775682149693	0	0	3	Upright	Normal
-11.7603	-1.9154	4.9033	12.4896	-90.9029	-28.7862	-3.9982	33.6738	-0.5793	-3.1826	2.8358	5.0543	-0.1022	0.7052	-0.2484	-0.6562	3.6977	2.7853	0.6319	-8.5777	-4.7511	-0.1510	4.792733035307894	0	0	3	Upright	Normal
-7.5848	-7.6231	9.1937	29.4320	-90.0717	-26.4470	-2.8599	32.1877	-11.1954	1.1929	-3.2500	9.2045	0.0182	0.7073	-0.3313	-0.6242	1.3924	1.8105	0.4001	-8.7777	-4.3732	-0.0108	1.2632563337157379	0	0	3	Upright	Normal
-7.5465	-5.8610	1.6089	41.3964	-89.0521	-26.1496	1.9603	30.2401	-18.0899	1.3024	-1.6358	1.4872	0.0971	0.6960	-0.3923	-0.5936	2.3096	1.8606	0.1487	-8.8490	-4.2252	0.1217	-4.458304637884586	0	0	3	Upright	Normal
-8.6574	-6.2824	6.7804	61.5516	-93.3939	-23.1120	6.2282	24.8911	-24.1056	0.1460	-1.9701	7.0571	0.2186	0.6829	-0.4829	-0.5027	1.0856	1.5794	0.2499	-8.8035	-4.3123	-0.2767	2.9749720064201135	0	0	3	Upright	Normal
-8.8107	-4.8267	2.7964	80.1593	-115.8187	-2.7251	10.3525	20.5463	-26.5802	-0.1930	-0.2034	3.5264	0.3265	0.6562	-0.5550	-0.3934	4.2228	1.8510	-0.3680	-8.6176	-4.6234	-0.7299	-2.236530922754458	0	1	4	PT	Normal
-6.8570	-2.8730	0.6895	67.7871	100.4255	139.1419	15.6760	9.8923	-28.4691	1.5125	2.1938	1.3605	0.4732	0.5571	-0.6474	-0.2162	4.8343	2.8524	-0.0100	-8.3695	-5.0669	-0.6710	-2.9616455109869406	0	1	4	PT	Normal
-5.4013	-10.1897	4.2515	36.6070	92.2678	143.1803	22.2682	-1.7096	-23.6431	2.5817	-4.5024	4.5630	0.5807	0.4227	-0.6958	-0.0071	4.3389	2.4422	-0.8653	-7.9830	-5.6873	-0.3115	4.824973902584405	0	1	4	Jump	Normal
-7.9673	-5.8987	-0.4603	32.1371	110.2211	137.3299	29.5224	-3.9071	-14.9943	0.0209	-0.9873	2.4101	0.6766	0.4342	-0.5946	-0.0115	-2.6961	0.7772	0.9105	-7.9883	-4.9114	-2.8703	-2.3675001717746706	0	1	4	PT	Normal
-10.9936	-9.1165	-9.8456	34.8590	117.5449	137.4914	29.7215	-1.9379	-13.0471	-3.8587	-3.5114	-6.1242	-0.7041	-0.4405	0.5538	0.0594	1.9229	3.6907	-1.6824	-7.1349	-5.6051	-3.7213	7.4227011435950345	0	1	4	Jump	Normal
-1.8381	-1.8765	-2.6055	48.8985	131.8496	132.4466	32.3071	2.7764	-4.8664	2.9642	5.5134	1.6957	-0.6925	-0.4896	0.4922	0.1961	0.6915	1.8478	-1.9349	-4.8023	-7.3899	-4.3012	-13.646835796648066	0	1	4	Jump	Normal
-0.1909	-8.9250	-5.1338	61.9698	148.0111	117.7287	32.9477	9.9845	-0.7087	2.2504	-0.2684	-1.2251	-0.6321	-0.5475	0.4581	0.3015	-0.0990	0.5791	-2.0201	-2.4413	-8.6565	-3.9087	6.598163231478394	0	1	4	Jump	Normal
-2.2601	-7.6231	-5.0949	64.6971	168.0003	95.7643	30.2100	15.9819	0.2068	-1.3886	1.2427	-0.9951	-0.5857	-0.6050	0.4224	0.3355	-0.2716	0.6440	-1.9064	-0.8715	-8.8659	-4.0998	-0.8545646806047209	0	1	4	PT	Normal
0.7284	-8.4653	-3.6015	67.2413	-168.3144	73.2541	26.9396	20.6203	2.9219	-0.0400	0.5779	0.1136	-0.5395	-0.6312	0.3915	0.3967	1.0664	1.3279	-0.8933	0.7684	-9.0432	-3.7151	-0.21503294958659502	0	1	4	Tilt	Normal
9.1171	-6.3973	0.2298	69.3663	-147.2049	54.1880	23.9708	23.1470	4.4111	7.2455	2.7804	3.1349	-0.5023	-0.6291	0.3803	0.4553	0.3101	0.6419	-0.0646	1.8717	-9.1777	-2.9051	1.911645131191042	0	0	5	Tilt	Normal
-0.6123	-9.4230	-2.2990	70.1293	-146.7112	51.4043	24.6107	24.3395	4.4047	-2.4418	-0.2001	0.4872	-0.4884	-0.6352	0.3943	0.4500	-0.2929	-0.4681	0.0548	1.8295	-9.2229	-2.7863	-1.4213011283476877	0	0	5	Tilt	Normal
-2.1835	-7.5082	-2.7581	70.2261	-151.0844	51.8304	25.2082	23.3351	3.4850	-3.7876	1.7202	0.1459	-0.4754	-0.6497	0.4117	0.4271	0.0821	-0.7653	-0.2488	1.6041	-9.2285	-2.9040	-1.4272732618119601	0	0	5	Tilt	Normal
2.2984	-5.7078	-2.4517	72.4240	-153.8152	47.7714	25.6243	22.7426	1.9993	0.9918	3.6411	0.2058	-0.4406	-0.6644	0.4521	0.4001	0.9536	-1.4235	0.1048	1.3066	-9.3489	-2.6574	-1.6678042875478143	0	0	5	Tilt	Normal
0.0383	-8.8107	-4.4819	71.8614	-167.1258	58.4136	26.3729	22.6678	-1.6683	-0.6419	0.5088	-1.5058	-0.4501	-0.6702	0.4647	0.3638	-0.5687	-0.2667	0.4052	0.6803	-9.3194	-2.9761	3.2615795312485902	0	0	5	Tilt	Normal
-0.7278	-8.8873	-3.6775	71.8015	-171.2984	63.1072	26.3642	21.8462	-1.5109	-1.1911	0.4290	-0.6502	-0.4606	-0.6650	0.4661	0.3583	0.2793	0.2958	-0.0038	0.4633	-9.3163	-3.0273	-0.23959805459060846	0	0	5	Tilt	Normal
0.2682	-9.3470	-1.9537	72.8068	-171.3801	64.8001	27.0025	22.6049	-1.0656	-0.1662	0.0215	0.9122	-0.4677	-0.6537	0.4673	0.3682	-0.1713	0.2308	0.0590	0.4344	-9.3685	-2.8659	-0.09284673324369308	0	0	5	Tilt	Normal
0.0389	-9.0782	-2.8736	71.5367	-171.6406	66.0609	27.1766	21.7739	-0.1923	-0.4126	0.2237	0.1992	-0.4768	-0.6552	0.4565	0.3673	-0.4195	0.2244	0.0153	0.4515	-9.3019	-3.0728	-0.03053602488872542	0	0	5	Tilt	Normal
0.5369	-8.0822	-3.1418	69.7883	-172.2121	68.2531	27.2722	22.3299	0.2650	0.0778	1.1206	0.2150	-0.4913	-0.6556	0.4412	0.3663	-0.1639	0.1542	0.0848	0.4591	-9.2029	-3.3568	-0.83423978520735	0	0	5	Tilt	Normal
0.3071	-9.1931	-3.1035	69.5971	-174.0396	70.3633	26.9801	21.0924	0.9732	-0.0479	-0.0016	0.2969	-0.4967	-0.6532	0.4412	0.3633	-0.0733	-0.0695	0.1050	0.3549	-9.1915	-3.4004	1.0196955396232834	0	0	5	Tilt	Normal
-0.1909	-8.9633	-3.6398	69.4119	-176.1880	72.4290	27.7012	21.4084	0.8707	-0.4202	0.2171	-0.1989	-0.5007	-0.6517	0.4430	0.3583	0.0034	-0.0269	0.0283	0.2292	-9.1804	-3.4409	-0.03166471262798787	0	0	6	Tilt	Normal
-0.0377	-8.7718	-3.5249	69.3811	-176.3279	72.6586	28.0838	21.5937	0.4685	-0.2589	0.4069	-0.0787	-0.5016	-0.6513	0.4427	0.3582	-0.0030	-0.0067	-0.0068	0.2212	-9.1786	-3.4462	-0.22240431860000065	0	0	6	Tilt	Normal
-0.0760	-8.5419	-3.6781	68.8083	-177.1315	73.5679	27.6868	21.4694	1.4902	-0.2533	0.6017	-0.1377	-0.5052	-0.6521	0.4400	0.3548	-0.0946	0.0189	-0.0026	0.1773	-9.1436	-3.5404	-0.15317061023893253	0	0	6	Tilt	Normal
0.1538	-8.6191	-3.4099	68.4892	-176.7673	73.7378	26.9244	20.8437	1.4587	-0.0489	0.5046	0.1803	-0.5085	-0.6515	0.4360	0.3561	-0.0286	0.0795	0.0194	0.2028	-9.1237	-3.5903	-0.030063085496200515	0	0	6	Tilt	Normal
0.1155	-8.7334	-3.4482	68.6371	-176.9344	73.9625	27.3992	21.0966	1.3974	-0.0756	0.3995	0.1190	-0.5087	-0.6505	0.4369	0.3567	0.0513	-0.0004	0.0024	0.1911	-9.1330	-3.5672	0.11981168876269344	0	0	6	Tilt	Normal
0.0383	-8.8490	-3.5243	68.9259	-177.0884	74.1650	27.4537	21.9672	1.9516	-0.1408	0.3018	-0.0025	-0.5084	-0.6489	0.4387	0.3578	0.0342	0.0135	-0.0019	0.1791	-9.1508	-3.5217	0.13487805170260891	0	0	6	Tilt	Normal
0.0766	-8.8107	-3.3710	68.9935	-177.1586	74.2766	27.5671	21.8989	1.6457	-0.0977	0.3443	0.1399	-0.5086	-0.6483	0.4390	0.3581	-0.0158	0.0007	0.0130	0.1743	-9.1550	-3.5109	-0.09119748784914705	0	0	6	Tilt	Normal
0.1538	-8.6951	-3.4099	68.9907	-177.1827	74.3146	27.8417	21.1801	1.1842	-0.0189	0.4597	0.1018	-0.5087	-0.6482	0.4390	0.3581	0.0044	-0.0142	0.0013	0.1727	-9.1548	-3.5117	-0.09278943726670086	0	0	6	Tilt	Normal
0.0772	-8.8101	-3.4482	68.9885	-177.3779	74.5148	27.7624	21.7649	1.8010	-0.0836	0.3446	0.0642	-0.5091	-0.6480	0.4392	0.3578	-0.0019	-0.0045	-0.0088	0.1609	-9.1547	-3.5124	0.12009538362020855	0	0	6	Tilt	Normal
0.0772	-8.8101	-3.4866	68.8589	-177.5020	74.6673	27.6915	21.3981	2.0595	-0.0769	0.3367	0.0470	-0.5099	-0.6482	0.4385	0.3571	-0.0509	-0.0034	0.0083	0.1541	-9.1467	-3.5335	0.014062630121687292	0	0	6	Tilt	Normal
0.0772	-8.7718	-3.4482	68.7140	-177.8999	75.0498	27.6718	21.6227	1.7517	-0.0533	0.3660	0.1094	-0.5110	-0.6483	0.4383	0.3557	0.0002	-0.0333	0.0189	0.1305	-9.1378	-3.5576	-0.049716233511832186	1	0	7	Tilt	Normal
-0.0377	-8.8484	-3.4099	68.6364	-178.9677	76.0533	28.0867	21.4035	1.4268	-0.1021	0.2845	0.1619	-0.5128	-0.6474	0.4395	0.3532	-0.0605	-0.0311	0.0573	0.0643	-9.1328	-3.5718	0.05725023493721437	1	0	7	Tilt	Normal
0.1921	-8.7718	-3.4482	67.9697	-179.4525	76.5442	27.7239	21.0416	1.9760	0.1570	0.3190	0.2300	-0.5157	-0.6493	0.4364	0.3493	-0.1383	-0.0077	0.0147	0.0352	-9.0908	-3.6782	-0.055608953550974505	1	0	7	Tilt	Normal
0.0766	-8.8107	-3.6392	67.6240	-179.4995	76.5253	27.7487	21.1551	2.5590	0.0441	0.2577	0.0940	-0.5164	-0.6509	0.4347	0.3475	-0.0317	-0.0439	0.0018	0.0325	-9.0683	-3.7332	0.10583368852446995	1	0	7	Tilt	Normal
-0.0760	-8.7334	-3.7164	67.5462	-179.7477	76.6227	28.0627	21.2839	1.6649	-0.0925	0.3298	0.0292	-0.5163	-0.6515	0.4351	0.3461	-0.0072	-0.0258	-0.0014	0.0165	-9.0633	-3.7456	-0.041441170276705463	1	0	7	Tilt	Normal
-0.0766	-8.6957	-3.7541	67.3473	179.9321	76.8917	27.1564	21.1597	1.7991	-0.0721	0.3545	0.0227	-0.5172	-0.6520	0.4346	0.3444	-0.0147	-0.0354	-0.0057	-0.0045	-9.0502	-3.7769	-0.019793878864417636	1	0	7	Tilt	Normal
0.0383	-8.8490	-3.6775	67.1646	179.8440	77.0312	27.3689	20.7449	2.1470	0.0486	0.1891	0.1282	-0.5182	-0.6523	0.4335	0.3436	-0.0338	-0.0056	0.0029	-0.0103	-9.0381	-3.8057	0.11104658823750846	1	0	7	Tilt	Normal
0.0383	-8.6957	-3.7541	67.0655	179.9644	76.9772	27.3161	21.6933	1.8225	0.0407	0.3358	0.0673	-0.5186	-0.6526	0.4326	0.3436	0.0152	0.0381	0.0178	-0.0024	-9.0315	-3.8214	-0.1112788957375912	1	0	7	Tilt	Normal
-0.0377	-8.8867	-3.7547	67.0467	-179.9873	77.0114	27.2457	21.0630	1.9590	-0.0385	0.1437	0.0697	-0.5191	-0.6523	0.4321	0.3439	-0.0669	0.0083	0.0094	0.0007	-9.0303	-3.8244	0.17588293394762466	1	0	7	Tilt	Normal
0.0772	-8.5036	-3.6015	66.6827	179.9509	77.0533	27.4543	21.3440	2.1154	0.0807	0.5022	0.2803	-0.5202	-0.6537	0.4302	0.3421	-0.0690	-0.0045	0.0019	-0.0034	-9.0058	-3.8817	-0.41226639491902617	1	0	7	Tilt	Normal
0.0006	-8.1205	-3.9846	65.9145	179.1128	77.6281	27.8391	21.0161	2.2200	0.0625	0.8324	0.0171	-0.5226	-0.6564	0.4279	0.3359	0.0610	-0.0173	0.0307	-0.0619	-8.9530	-4.0016	-0.1897329401340162	0	0	8	Tilt	Normal
0.1155	-10.0359	-3.9462	66.5766	179.9474	77.0016	27.4337	20.9981	2.4675	0.1191	-1.0373	-0.0479	-0.5202	-0.6543	0.4298	0.3414	0.0077	0.0104	-0.0247	-0.0036	-8.9986	-3.8984	1.7390693078333204	0	0	8	Tilt	Normal
0.2687	-8.1205	-3.4866	66.6265	-179.9066	76.8068	27.6772	21.0151	1.9505	0.2625	0.8815	0.4040	-0.5195	-0.6546	0.4300	0.3417	0.1291	-0.0045	-0.0460	0.0063	-9.0020	-3.8906	-1.9430436098826096	0	0	8	Tilt	Normal
-0.1143	-8.8484	-4.0612	67.0334	-179.5430	76.4481	27.6860	20.5076	1.7880	-0.1448	0.1811	-0.2349	-0.5176	-0.6536	0.4317	0.3443	0.0673	-0.0354	-0.0122	0.0305	-9.0294	-3.8262	0.8951179725298797	0	0	8	Tilt	Normal
-0.0377	-8.2738	-3.7164	67.2214	-179.3377	76.3101	27.9164	21.7571	1.5470	-0.0816	0.7681	0.0802	-0.5170	-0.6529	0.4323	0.3458	0.0993	0.0413	-0.0336	0.0438	-9.0419	-3.7966	-0.6663439666842947	0	0	8	Tilt	Normal
0.2682	-8.8490	-3.5243	67.6611	-178.5577	75.8527	27.4309	21.6957	2.3903	0.1745	0.2218	0.2020	-0.5161	-0.6509	0.4327	0.3504	0.0098	0.0434	0.0165	0.0937	-9.0707	-3.7263	0.4585524001122341	0	0	8	Tilt	Normal
0.1921	-8.7718	-3.5249	67.9617	-178.2399	75.6110	26.9661	21.3090	1.9765	0.0792	0.3184	0.1531	-0.5150	-0.6498	0.4337	0.3526	0.0769	0.0285	0.0048	0.1130	-9.0902	-3.6779	-0.07327781180064719	0	0	8	Tilt	Normal
0.0766	-8.8107	-3.4860	68.5350	-178.1510	75.6992	27.4676	21.9457	2.3856	-0.0391	0.3159	0.1007	-0.5142	-0.6469	0.4364	0.3560	0.0780	0.0306	0.0155	0.1157	-9.1265	-3.5867	0.020083800163902765	0	0	8	Tilt	Normal
0.0389	-8.6568	-3.4482	68.8451	-178.0908	75.6392	27.1218	21.9699	1.8548	-0.0790	0.4890	0.0887	-0.5132	-0.6457	0.4381	0.3574	0.0855	0.0328	-0.0032	0.1179	-9.1459	-3.5370	-0.15721662621923826	0	0	8	Tilt	Normal
0.1538	-8.9250	-3.2950	69.7216	-177.3112	74.9334	27.2059	21.7322	1.2452	-0.0057	0.2740	0.1000	-0.5096	-0.6429	0.4418	0.3629	0.0525	0.0349	-0.0128	0.1595	-9.1990	-3.3950	0.19669938623174588	1	0	9	Tilt	Normal
0.2682	-8.8490	-3.1412	70.0937	-176.8517	74.4697	26.8107	21.5160	1.3975	0.0848	0.3718	0.1929	-0.5077	-0.6420	0.4434	0.3652	0.0684	0.0264	-0.0086	0.1833	-9.2208	-3.3341	-0.12123610314122146	1	0	9	Tilt	Normal
0.1915	-8.9639	-3.1412	70.3606	-176.6246	74.2673	27.1512	21.6609	1.7180	-0.0025	0.2723	0.1490	-0.5067	-0.6411	0.4446	0.3669	0.0056	0.0179	0.0032	0.1941	-9.2362	-3.2902	0.10645845304969015	1	0	9	Tilt	Normal
0.1921	-9.0399	-3.0652	70.3116	-176.5928	74.2593	27.6674	22.4779	1.4877	-0.0042	0.1935	0.2330	-0.5069	-0.6412	0.4442	0.3668	-0.0466	0.0062	0.0021	0.1963	-9.2334	-3.2982	0.047083858974941606	1	0	9	Tilt	Normal
0.2304	-9.1165	-3.0269	69.6420	-176.8478	74.5238	27.1709	21.3892	1.2487	0.0428	0.0777	0.3795	-0.5094	-0.6436	0.4406	0.3636	-0.2629	0.0115	0.0280	0.1876	-9.1942	-3.4064	0.061267282054647154	1	0	9	Tilt	Normal
0.2304	-8.5036	-3.5632	69.0697	-176.9409	74.6152	26.9619	21.0006	1.9472	0.0435	0.6560	-0.0649	-0.5111	-0.6458	0.4374	0.3610	0.1100	-0.0087	0.0003	0.1869	-9.1596	-3.4982	-0.38579498813758306	1	0	9	Tilt	Normal
-0.0766	-9.0022	-3.3710	69.3209	-177.0896	74.7962	27.0926	21.2717	2.1818	-0.2524	0.1727	0.0875	-0.5109	-0.6445	0.4390	0.3619	0.0056	-0.0130	0.0003	0.1758	-9.1749	-3.4586	0.390130605986311	1	0	9	Tilt	Normal
0.3071	-8.7718	-3.3716	69.0763	-177.2217	74.9920	27.4745	21.7807	2.5391	0.1374	0.3883	0.1264	-0.5122	-0.6450	0.4375	0.3609	0.0152	0.0158	0.0025	0.1697	-9.1601	-3.4981	-0.2104944287732149	1	0	9	Tilt	Normal
0.1538	-8.8484	-3.3333	69.2629	-177.1129	74.9204	27.1197	22.2544	2.0604	-0.0211	0.3231	0.1345	-0.5117	-0.6442	0.4383	0.3620	0.0237	-0.0119	0.0078	0.1749	-9.1714	-3.4679	0.05420480052403498	1	0	9	Tilt	Normal
0.2304	-8.8101	-3.3716	69.2624	-177.1241	74.9890	27.9936	21.8142	2.4238	0.0563	0.3614	0.0962	-0.5120	-0.6439	0.4382	0.3622	0.0046	0.0084	0.0036	0.1742	-9.1714	-3.4679	-0.020648371338849003	2	0	10	Tilt	Fall
0.1921	-8.8867	-3.3333	69.2557	-177.1050	74.9966	26.9706	21.5558	1.8630	0.0168	0.2843	0.1356	-0.5121	-0.6439	0.4380	0.3623	-0.0008	-0.0119	0.0005	0.1754	-9.1710	-3.4689	0.0571918168168839	2	0	10	Tilt	Normal
0.2687	-8.7718	-3.3333	69.2676	-177.0913	75.0298	27.3893	21.7284	2.6662	0.0926	0.4000	0.1338	-0.5123	-0.6436	0.4379	0.3625	-0.0029	-0.0044	-0.0038	0.1761	-9.1717	-3.4671	-0.10559154332970877	2	0	10	Tilt	Normal
0.1155	-8.7718	-3.2950	69.2681	-177.0750	75.0734	27.6717	22.0050	2.2751	-0.0615	0.4000	0.1719	-0.5126	-0.6434	0.4377	0.3628	-0.0018	-0.0065	0.0015	0.1770	-9.1717	-3.4670	-0.016670957603098557	2	0	10	Tilt	Normal
0.1915	-8.8107	-3.2944	69.2730	-177.0806	75.1135	27.9180	22.4150	1.8581	0.0148	0.3614	0.1718	-0.5128	-0.6432	0.4377	0.3630	0.0035	-0.0054	-0.0032	0.1767	-9.1720	-3.4662	0.0374529951935596	2	0	10	Tilt	Normal
0.2687	-8.8484	-3.3333	69.2724	-177.0622	75.1289	27.8464	21.5985	2.0555	0.0908	0.3237	0.1329	-0.5130	-0.6431	0.4375	0.3631	-0.0018	-0.0044	-0.0043	0.1779	-9.1720	-3.4662	0.050832430563596986	2	0	10	Tilt	Normal
0.1915	-8.8490	-3.3327	69.2708	-177.0547	75.1313	27.4056	21.9179	1.6881	0.0132	0.3229	0.1336	-0.5130	-0.6431	0.4375	0.3632	-0.0039	-0.0086	-0.0022	0.1784	-9.1719	-3.4664	-0.0015283496872964264	2	0	10	Tilt	Normal
0.1538	-8.8484	-3.3716	69.2692	-177.0460	75.1277	27.0867	21.2941	2.4733	-0.0250	0.3234	0.0952	-0.5131	-0.6431	0.4374	0.3632	0.0025	-0.0065	-0.0032	0.1788	-9.1717	-3.4668	0.01252976088163571	2	0	10	Tilt	Normal
0.1538	-8.7718	-3.3333	69.2676	-177.0244	75.1065	27.3102	22.0119	2.5361	-0.0263	0.4000	0.1335	-0.5130	-0.6431	0.4374	0.3632	0.0046	-0.0065	-0.0043	0.1802	-9.1717	-3.4668	-0.08520183283917149	2	0	10	Tilt	Normal
0.1915	-8.8490	-3.4477	69.2626	-177.0066	75.0899	27.6081	21.8227	1.7349	0.0102	0.3225	0.0199	-0.5130	-0.6431	0.4373	0.3632	0.0015	-0.0064	-0.0031	0.1814	-9.1714	-3.4676	0.11380537778807032	3	0	11	Tilt	Normal
Total time: 11 seconds.
