4.1761	-9.5379	4.4047	59.5387	-45.1874	-152.7446	-12.8543	11.0972	-24.5091	0.7199	-1.0557	0.9010	-0.2161	0.5241	-0.8238	-0.0034	1.0963	-0.6440	-1.3852	3.4562	-8.4822	3.5038	1.868932528325228	5	0	1	Upright	Normal
2.4523	-9.3847	5.5923	49.2159	-36.6694	-157.4221	-13.4272	6.0574	-26.8815	-1.3732	-1.9592	0.4543	0.2031	-0.4436	0.8720	0.0405	1.5310	-0.2775	-0.5778	3.8255	-7.4255	5.1380	-0.10899276766332555	0	0	1	Upright	Normal
1.9926	-7.9673	4.9410	45.9592	-47.6952	-156.8247	-16.2723	2.1422	-26.0195	-3.0493	-0.9177	0.3525	0.2929	-0.4246	0.8566	0.0145	0.0950	-1.5697	-0.8015	5.0419	-7.0496	4.5885	-1.6119798996154273	0	0	1	Upright	Normal
1.6472	-7.4316	4.2521	43.9905	-49.8512	-158.6157	-19.4424	0.6286	-24.1529	-3.7314	-0.6090	-0.2970	-0.3210	0.4062	-0.8555	-0.0009	0.2377	-0.2083	-0.5138	5.3786	-6.8226	4.5491	-0.8653794570984825	0	0	1	Upright	Normal
2.2601	-6.1675	4.8650	41.1743	-47.3386	-158.6973	-19.0372	0.5611	-24.4738	-2.8692	0.5288	-0.1371	-0.3098	0.3860	-0.8687	-0.0197	0.4838	0.3009	0.1445	5.1293	-6.6963	5.0021	-0.5450735560381812	0	0	1	Upright	Normal
4.5586	-5.6312	5.1332	41.2900	-47.1707	-155.8127	-18.2128	1.8128	-24.6356	-0.1996	1.3286	0.1240	-0.2984	0.3944	-0.8681	-0.0417	-0.2193	0.0846	0.1443	4.7582	-6.9598	5.0091	0.7052414980187862	0	0	1	Upright	Normal
3.8690	-8.6191	4.5203	40.8224	-47.8116	-155.1415	-18.4024	1.1540	-24.1097	-0.9140	-1.6581	-0.4634	-0.3023	0.3931	-0.8671	-0.0464	-0.5314	-0.1817	0.0761	4.7830	-6.9610	4.9837	1.5941094465146737	0	0	1	Upright	Normal
2.8736	-9.0399	3.9834	43.0920	-51.8813	-148.2298	-18.3528	3.9510	-24.5189	-1.5080	-1.4617	-0.4372	-0.3009	0.4290	-0.8484	-0.0744	-0.6422	-0.7942	0.2146	4.3817	-7.5782	4.4206	-0.18526203825597953	0	0	1	Upright	Normal
0.9966	-6.2052	3.7535	48.2371	-52.9064	-143.6982	-18.1770	5.5279	-23.7735	-2.6954	1.9815	-0.1858	-0.2724	0.4743	-0.8332	-0.0816	-1.0949	0.4234	0.3605	3.6920	-8.1867	3.9394	-2.9678133607652155	0	0	1	Upright	Normal
-1.1103	-9.3464	4.7495	57.5220	-48.1811	-144.5893	-14.1257	10.0091	-23.8823	-3.8705	-0.6158	1.2384	-0.2073	0.5273	-0.8221	-0.0563	-0.8201	1.5121	0.2273	2.7602	-8.7306	3.5111	3.2222877815516506	0	0	1	Upright	Normal
1.7621	-7.8530	3.9840	58.2494	-56.0196	-134.2079	-12.1633	11.8805	-23.3880	-0.5670	1.2260	1.0998	-0.2107	0.5555	-0.7994	-0.0895	-0.4814	-1.8137	0.3805	2.3291	-9.0790	2.8841	-1.5622067919031384	0	1	2	PT	Normal
-0.3831	-8.3127	5.1332	63.5033	-21.7245	-163.8762	-9.1406	12.5205	-24.5597	-2.0025	0.4640	1.0689	0.0862	-0.5342	0.8408	0.0189	0.7245	2.3952	-0.4589	1.6194	-8.7767	4.0643	0.7970372835276223	0	1	2	PT	Normal
-0.6512	-8.8490	2.2601	57.7921	-29.4427	-158.1002	-6.4287	10.0912	-26.9032	-2.4286	-0.3464	-2.2916	-0.1297	0.5011	-0.8547	-0.0403	0.5083	-1.7945	0.1547	1.7774	-8.5026	4.5517	-0.6211471973064917	0	1	2	PT	Normal
0.9960	-12.1434	5.3247	59.5972	-33.7510	-153.8929	-10.2693	10.1112	-25.9242	-0.8018	-3.4306	1.1983	-0.1380	0.5202	-0.8415	-0.0470	-0.4260	0.8260	-0.1713	1.7977	-8.7128	4.1264	4.140614810164765	0	1	2	Jump	Normal
-1.0337	-12.3726	3.4471	65.7792	-32.0550	-152.9500	-8.5484	11.5324	-24.9553	-2.2220	-3.2549	0.0373	-0.1034	0.5617	-0.8198	-0.0430	-1.2238	-0.0358	-0.2427	1.1883	-9.1177	3.4098	-0.4115143995513577	0	1	2	PT	Normal
0.3454	-8.4270	1.7615	67.2045	-38.0744	-151.2082	-8.5233	12.9946	-23.1338	-1.5268	0.7229	-1.2294	-0.1331	0.5743	-0.8075	-0.0209	0.0534	0.0644	-0.9192	1.8721	-9.1499	2.9910	-4.269289031617031	0	1	2	Jump	Normal
1.1881	-11.0319	3.5620	58.6572	-46.2165	-146.3769	-10.8780	11.2546	-22.1896	-1.4983	-2.2856	0.0325	-0.1972	0.5302	-0.8232	-0.0479	1.2145	-1.2214	-0.8425	2.6864	-8.7463	3.5295	3.0373609964371564	0	1	2	PT	Normal
1.6855	-8.5808	0.9960	50.0525	-45.3958	-151.2386	-14.7227	6.3425	-22.7234	-1.8950	-0.5933	-3.4255	-0.2418	0.4649	-0.8503	-0.0495	0.5296	-1.0414	-1.5967	3.5805	-7.9875	4.4215	-2.8521124480327416	0	1	2	PT	Normal
-0.0760	-5.2475	0.9954	44.2171	-49.2876	-155.1516	-16.4673	2.2904	-21.3541	-4.9466	1.9240	-3.5889	-0.3037	0.4172	-0.8561	-0.0279	0.3666	-1.0254	-1.1302	4.8706	-7.1715	4.5843	-3.4596947090652908	0	1	2	PT	Normal
1.2264	-4.4430	5.2092	39.9708	-48.8935	-157.2381	-18.5617	-0.7666	-19.9203	-3.9847	2.2353	0.2682	-0.3199	0.3818	-0.8666	-0.0302	0.6595	-0.2680	-0.0937	5.2111	-6.6783	4.9410	1.6139630204695807	0	2	3	PT	Normal
2.2224	-7.0479	5.9370	40.5758	-47.6538	-154.2571	-18.4879	-0.5880	-19.6739	-2.4398	-0.0295	0.9197	-0.2987	0.3936	-0.8677	-0.0546	-0.4579	0.2529	0.9897	4.6623	-7.0185	5.0173	2.523869314328919	0	2	3	PT	Normal
4.0606	-11.1474	3.7158	42.6688	-45.8078	-153.8626	-17.5529	0.8165	-19.6886	-0.2107	-3.8904	-1.3104	-0.2773	0.4084	-0.8678	-0.0561	-0.9352	-0.0315	0.0747	4.2713	-7.2570	5.0262	2.9527753397172365	0	2	3	PT	Normal
-2.2218	-8.0445	2.1835	51.3477	-44.5920	-146.5794	-16.0342	3.8007	-20.3536	-4.9642	0.2996	-2.1783	-0.2122	0.4822	-0.8459	-0.0823	-0.6720	0.8718	0.6030	2.7424	-8.3441	4.3618	-3.8056329231799335	0	2	3	Jump	Normal
0.4220	-7.8524	3.8684	57.7433	-45.6052	-142.4945	-13.9135	6.9053	-20.0751	-1.6043	1.0165	0.2068	-0.1783	0.5306	-0.8246	-0.0823	-0.8276	0.5576	0.2717	2.0262	-8.8689	3.6616	0.1371299503502037	0	2	3	Upright	Normal
0.8817	-7.5842	1.9531	57.4347	-54.4344	-132.2535	-13.2806	9.2275	-19.1603	-0.9242	1.5528	-1.1170	-0.1939	0.5531	-0.8021	-0.1147	-0.2364	-0.7431	0.3165	1.8058	-9.1370	3.0701	-0.8825979826750769	0	0	3	Upright	Normal
-1.6472	-7.2784	6.3590	62.0474	-26.9741	-157.3233	-11.3168	9.5281	-20.0022	-2.7750	1.5600	2.2624	-0.0974	0.5307	-0.8407	-0.0460	0.7576	1.0456	-0.0493	1.1278	-8.8383	4.0966	1.9232269822573391	0	0	3	Upright	Normal
-0.3065	-8.8490	3.4860	57.3574	-36.1309	-147.4659	-10.5934	8.2616	-21.2387	-1.5944	-0.1163	-0.7863	-0.1334	0.5142	-0.8424	-0.0908	-0.0712	-0.1710	0.1702	1.2879	-8.7327	4.2723	-0.288523163900372	0	0	3	Upright	Normal
-0.4980	-11.1857	4.2904	59.9466	-38.5541	-143.6074	-11.4913	7.6774	-20.3268	-1.4795	-2.2158	0.4498	-0.1244	0.5373	-0.8283	-0.0987	-1.1365	0.1774	0.0679	0.9815	-8.9699	3.8406	2.474813547529923	0	0	3	Upright	Normal
-0.6506	-13.4835	4.7112	63.5185	-48.2118	-133.7241	-12.2065	10.1890	-18.6210	-1.4774	-4.1563	1.7973	-0.1305	0.5783	-0.7982	-0.1073	-0.7572	0.0037	-0.4136	0.8267	-9.3272	2.9139	2.307033527577296	0	0	3	Upright	Normal
-1.1103	-4.1749	2.9108	63.6567	-54.0218	-134.2250	-12.6643	10.9598	-17.2570	-2.9456	5.1131	0.3543	-0.1728	0.5829	-0.7905	-0.0737	-0.2427	-0.3020	-1.3489	1.8353	-9.2880	2.5564	-9.088516156087724	0	1	4	Jump	Normal
-1.4551	-11.5682	4.1749	60.1671	-44.4859	-144.9683	-12.7655	9.6518	-15.9650	-3.5980	-2.6538	0.6945	-0.1727	0.5410	-0.8209	-0.0601	2.3725	-0.9157	-0.5827	2.1430	-8.9144	3.4804	7.175122116739209	0	1	4	Jump	Normal
4.8273	-6.2818	0.7272	49.0085	-43.7759	-156.2048	-14.9478	6.2636	-16.1529	0.7759	1.3460	-3.9174	-0.2526	0.4465	-0.8581	-0.0228	0.1471	-0.8358	-2.9604	4.0514	-7.6278	4.6446	-4.428610693600547	0	1	4	Jump	Normal
3.8696	-8.7334	-0.6901	41.5103	-48.2644	-159.2062	-17.3735	1.1570	-15.1815	-1.6103	-2.2339	-5.5786	0.3177	-0.3871	0.8655	0.0115	1.2305	-0.6430	-1.1740	5.4799	-6.4995	4.8885	1.6215091883879023	0	1	4	PT	Normal
0.7667	-3.4471	5.7455	38.2041	-47.9002	-162.1340	-18.1602	-1.4783	-13.5980	-4.9111	2.6555	0.5791	-0.3325	0.3550	-0.8737	-0.0029	0.6457	-0.3085	0.3622	5.6778	-6.1025	5.1664	-2.8332097248207493	0	1	4	PT	Normal
8.2750	-8.1588	10.3040	37.4681	-46.4531	-155.8435	-18.2756	-0.7982	-12.6741	3.4714	-1.5000	4.9418	-0.3034	0.3668	-0.8775	-0.0582	0.4816	0.0089	0.9960	4.8035	-6.6589	5.3623	8.78709978830392	0	1	4	Jump	Normal
-1.9920	-5.8610	4.2521	42.2161	-50.4012	-149.9193	-17.2840	0.4171	-12.1802	-6.4253	1.5609	-0.3772	-0.2991	0.4178	-0.8550	-0.0710	-1.0065	0.0633	0.9614	4.4333	-7.4219	4.6293	-8.021091290050995	0	1	4	Jump	Normal
-0.4214	-12.7563	2.7581	46.4243	-52.2142	-137.9380	-15.5639	5.9647	-13.3131	-3.2590	-4.3323	-1.3837	-0.2505	0.4755	-0.8326	-0.1343	-0.5985	0.6823	0.1518	2.8376	-8.4240	4.1418	5.547890668990046	0	1	4	Jump	Normal
0.3448	-8.5042	3.7158	51.9935	-59.9776	-128.5060	-14.3642	8.7360	-12.8653	-1.9161	0.5474	0.6946	-0.2397	0.5371	-0.7964	-0.1408	-1.3591	-0.1305	0.3841	2.2609	-9.0516	3.0212	-3.770914866473822	0	1	4	Jump	Normal
0.5752	-8.1588	2.7192	51.0924	-71.5959	-116.6263	-13.4452	11.7861	-10.7649	-1.4412	1.2393	0.7747	-0.2653	0.5748	-0.7552	-0.1698	-0.9905	-1.1266	0.3585	2.0164	-9.3981	1.9445	-0.6677336193476151	0	1	4	PT	Normal
0.2298	-8.0445	2.6815	52.6655	-75.5791	-112.7212	-13.0054	13.5564	-8.6759	-1.6474	1.4661	1.2004	-0.2630	0.5961	-0.7402	-0.1661	-0.4845	-0.2381	-0.1965	1.8772	-9.5107	1.4811	-0.13645710911604247	0	1	5	Upright	Normal
-1.3024	-9.0788	1.9537	49.1790	-74.2918	-113.9484	-11.8425	12.8602	-8.5945	-3.2982	0.3645	0.2182	-0.2796	0.5774	-0.7446	-0.1844	0.4849	-0.7131	-0.4136	1.9957	-9.4433	1.7355	0.8947546813062157	0	0	5	Upright	Normal
-1.1103	-8.9250	3.3321	46.4093	-74.5693	-112.8037	-12.7529	12.1615	-8.6954	-3.0320	0.5218	1.5330	-0.2903	0.5692	-0.7412	-0.2058	-0.6528	-1.0870	-0.3294	1.9216	-9.4468	1.7991	0.21369290790050144	0	0	5	Upright	Normal
2.0309	-8.7334	3.7535	40.4006	-76.2228	-112.6347	-12.9829	12.5169	-6.0056	-0.2375	0.6400	1.9751	-0.3313	0.5473	-0.7326	-0.2322	0.0141	-1.2489	-0.3262	2.2684	-9.3734	1.7784	0.1291615939128743	0	0	5	Tilt	Normal
0.7284	-11.7597	4.4047	40.3635	-83.3856	-109.9990	-13.3193	12.8504	-4.2791	-1.9157	-2.3554	3.5442	-0.3636	0.5691	-0.7057	-0.2140	-0.9745	-0.1964	-0.4210	2.6441	-9.4043	0.8606	2.8582817379415655	0	0	5	Tilt	Normal
-2.7575	-7.6608	2.1446	40.8253	-75.6286	-116.6523	-13.6492	12.8520	-4.0004	-5.5966	1.5434	0.3029	-0.3443	0.5362	-0.7424	-0.2068	1.8708	0.4055	-0.5350	2.8391	-9.2042	1.8417	-4.158974418569898	0	0	5	Tilt	Normal
3.6015	-9.7677	-1.1498	16.7824	-69.8699	-120.7350	-15.4734	12.2560	-4.8930	-0.2665	-1.3553	-4.3809	-0.4333	0.3841	-0.7463	-0.3284	1.9475	-2.2483	0.2723	3.8680	-8.4125	3.2311	2.0541378155054755	0	0	5	Tilt	Normal
-1.2258	-7.5082	6.8187	7.9599	-73.7656	-114.6746	-15.9276	12.3181	-3.5620	-4.8114	1.2062	4.1035	-0.4741	0.3699	-0.6942	-0.3956	0.2335	-3.4275	0.8721	3.5856	-8.7144	2.7152	-0.25763595265366135	0	0	5	Tilt	Normal
-1.3018	-8.2355	3.5237	-4.1259	-73.8957	-106.1425	-14.2285	14.3699	-1.2874	-4.1093	0.7606	0.8106	-0.4975	0.3379	-0.6254	-0.4971	-0.1532	-1.9702	1.0851	2.8075	-8.9961	2.7131	-1.16440557033828	0	0	5	Tilt	Normal
8.7346	-9.5762	5.7072	-17.0441	-84.9128	-109.6823	-13.4162	15.2945	2.2686	5.2048	-0.4646	4.8759	-0.6087	0.2950	-0.5389	-0.5019	-0.9010	-3.1495	-0.7322	3.5298	-9.1116	0.8312	5.110463501631374	0	1	6	Jump	Normal
1.9160	-17.3526	2.2212	-21.4962	-83.9128	-112.1816	-13.5913	13.9885	5.6000	-2.1184	-8.4666	1.2537	-0.6225	0.2513	-0.5368	-0.5111	1.3413	0.8921	-0.8835	4.0344	-8.8859	0.9676	3.436555613234006	0	1	6	PT	Normal
-4.1372	-7.3550	2.6049	-15.3022	-82.3593	-107.4774	-13.6541	15.3416	2.6770	-7.3845	1.8126	1.3473	-0.5854	0.3052	-0.5496	-0.5119	-1.0406	-1.2906	0.1136	3.2473	-9.1675	1.2576	-8.767148121561306	0	1	6	Jump	Normal
-2.9880	-7.9679	2.1452	-25.0287	-88.3139	-105.3183	-12.8686	16.2023	4.4993	-5.6952	1.4540	1.8838	-0.6350	0.2889	-0.4653	-0.5448	-0.5367	-2.0863	0.0039	2.7072	-9.4219	0.2614	-0.055686038900574886	0	1	6	Tilt	Normal
3.0652	-9.8827	4.4813	-34.5562	-91.3975	-106.5327	-11.0572	15.8061	8.1138	0.4055	-0.4456	4.6784	-0.6717	0.2425	-0.4073	-0.5692	0.2548	-2.5220	0.3618	2.6597	-9.4370	-0.1971	2.4999117910640756	0	0	6	Tilt	Normal
-0.5746	-9.5385	2.2601	-39.9491	-87.2420	-100.7426	-9.5032	17.3931	9.1877	-2.6980	0.0287	1.8985	-0.6571	0.2231	-0.3737	-0.6154	-0.1319	-0.7015	0.1179	2.1234	-9.5672	0.3617	-1.4564411461228435	0	0	6	Tilt	Normal
2.2607	-7.8141	4.7495	-41.1841	-83.3853	-98.2985	-9.0858	17.2687	9.8369	0.1188	1.7180	3.8994	-0.6428	0.2086	-0.3757	-0.6342	-0.3993	-0.4171	-0.7642	2.1419	-9.5321	0.8501	-0.3998398972054531	0	0	6	Tilt	Normal
3.9456	-11.6071	2.0686	-47.2269	-84.5888	-102.7076	-8.1964	16.4879	12.9841	1.1359	-2.2326	1.4407	-0.6666	0.1537	-0.3610	-0.6338	1.0367	0.1241	0.0113	2.8097	-9.3745	0.6279	3.0130941347957663	0	0	6	Tilt	Normal
-8.8107	-11.4539	0.5746	-47.2944	-66.9513	-89.1476	-7.8574	18.8802	11.8217	-11.4974	-2.3890	-2.0292	-0.5929	0.1251	-0.3786	-0.6996	2.4876	-0.5609	0.3267	2.6867	-9.0649	2.6038	2.0293506949286133	0	0	6	Tilt	Normal
6.9342	-8.5036	3.6003	-61.9097	-45.5016	-75.5041	-6.0366	22.1580	8.4235	2.8144	-0.2135	0.3641	-0.5781	-0.0282	-0.3269	-0.7471	1.1304	-3.2656	-1.6633	4.1198	-8.2901	3.2362	-2.9140258312766996	0	0	6	Tilt	Normal
1.5323	-5.5545	3.3327	-65.7088	-11.0688	-51.4289	-6.7922	22.9112	7.2743	-4.1523	1.3868	-0.6261	-0.5217	-0.1613	-0.3156	-0.7760	1.8527	-1.1446	-0.2656	5.6846	-6.9414	3.9588	-4.891635409704092	0	1	7	Jump	Normal
1.8771	-5.7078	5.8227	-62.5968	5.2326	-33.5289	-6.1501	24.6156	3.6070	-3.6576	1.0256	1.3283	-0.4857	-0.1870	-0.2689	-0.8104	0.4327	-0.5044	0.6803	5.5346	-6.7334	4.4944	1.7106047446299026	0	1	7	PT	Normal
9.0411	-16.2417	7.1245	-63.1149	12.6686	-19.4234	-1.7723	25.6041	2.4636	4.1749	-8.9087	2.7981	-0.4968	-0.1804	-0.1998	-0.8250	0.0417	0.1805	0.1058	4.8662	-7.3330	4.3265	11.540125619014123	0	1	7	Jump	Normal
-0.8811	-5.5162	3.2178	-68.5412	3.4643	-21.3083	1.4796	25.9765	4.1839	-4.7438	2.7560	-0.3627	-0.5485	-0.1286	-0.1694	-0.8086	-1.3506	0.5363	2.1181	3.8627	-8.2723	3.5805	-13.460473692103857	0	1	7	Jump	Normal
-0.1532	-6.8570	3.9840	-72.7388	-4.5417	-21.9936	5.1852	26.0094	5.9972	-2.9295	2.0901	1.0835	-0.5877	-0.0817	-0.1304	-0.7943	-0.9021	-0.5173	0.2528	2.7762	-8.9471	2.9004	1.4852156515711847	0	1	7	PT	Normal
1.8771	-9.2320	5.0182	-73.5108	-22.9981	-37.4910	6.6811	25.9857	8.2425	-0.3512	-0.0319	2.4562	-0.6066	-0.0372	-0.1393	-0.7818	-0.8798	-0.2392	0.2837	2.2283	-9.2002	2.5621	2.7422195646238094	0	1	7	PT	Normal
0.8811	-8.4659	1.6089	-76.5456	-8.6995	-20.7080	8.7476	24.8386	9.2083	-1.0653	0.8775	-0.6461	-0.6183	-0.0524	-0.0945	-0.7785	0.1823	0.9603	0.6224	1.9463	-9.3434	2.2550	-2.0117116914717084	0	1	7	PT	Normal
-1.9531	-5.7072	1.2635	-70.9258	-35.6389	-42.5919	9.6375	24.5265	9.4453	-2.8442	3.7053	-1.3405	-0.6052	0.0316	-0.1162	-0.7869	-0.5613	-0.2552	-0.1724	0.8911	-9.4125	2.6040	-2.4993051087865013	0	1	7	PT	Normal
2.9119	-10.0742	3.1023	-71.1194	-26.1554	-35.3879	9.4714	24.5748	8.9665	1.6128	-0.7805	0.2544	-0.5956	0.0032	-0.1155	-0.7949	0.1237	0.1368	-0.6517	1.2992	-9.2937	2.8479	4.772806779033553	0	1	7	Jump	Normal
-0.4591	-6.0519	3.0640	-70.9339	-11.2693	-26.2836	8.5342	25.3761	7.0599	-2.7661	2.9470	-0.0775	-0.5805	-0.0534	-0.1288	-0.8022	0.2452	-0.6068	-0.1457	2.3070	-8.9989	3.1415	-4.137005105117144	0	1	7	Jump	Normal
-2.8724	-16.6630	0.8039	-70.3208	-18.4724	-26.2710	9.6385	26.4730	6.7060	-3.9627	-7.4340	-2.3279	-0.5834	-0.0014	-0.0934	-0.8068	-1.6446	1.8402	0.4913	1.0903	-9.2290	3.1318	10.129011985994413	0	2	8	Jump	Normal
2.5672	-11.0319	6.5882	-68.4802	38.6706	31.8915	11.5358	24.8717	8.3401	1.1277	-1.7469	3.7800	-0.5857	-0.1173	0.0352	-0.8012	-0.7967	-1.6379	-0.9873	1.4395	-9.2850	2.8082	-3.8245141757442305	0	2	8	Jump	Normal
-0.4591	-6.3584	4.1366	-56.2269	60.2321	52.9234	11.6619	25.5210	8.1646	-2.3620	2.8733	1.4301	-0.5621	-0.2146	0.1283	-0.7884	1.2795	-2.1429	-1.2271	1.9029	-9.2317	2.7065	-5.503908216980037	0	2	8	Jump	Normal
1.2641	-10.0748	2.9497	-38.5350	56.2805	46.4087	9.3470	27.1850	4.5332	-1.9035	-1.8284	-1.3086	-0.4429	-0.2945	0.1849	-0.8264	2.3842	1.4598	-1.8226	3.1677	-8.2464	4.2582	2.9741249057545414	0	2	8	PT	Normal
0.1915	-5.8610	2.2218	-24.8277	53.9874	39.3154	3.0875	28.3879	-2.1028	-4.4115	1.0382	-3.0112	-0.3295	-0.3530	0.2009	-0.8523	0.1812	-0.7484	-1.7608	4.6030	-6.8992	5.2330	-4.302648282211008	0	2	8	Jump	Normal
0.3071	-3.3321	6.3967	-20.6607	58.1385	41.8529	0.4775	27.8380	-3.3400	-4.6781	3.5858	1.5531	-0.3171	-0.3905	0.2257	-0.8343	-0.6678	-0.4811	0.3676	4.9852	-6.9179	4.8436	0.9481537108353146	0	2	8	PT	Normal
9.2709	-16.5864	4.4047	-19.9685	55.5486	45.4639	2.2983	28.4580	-2.1759	4.9499	-9.4933	-0.8094	-0.3188	-0.3640	0.2622	-0.8349	0.1439	1.1594	-0.4271	4.3211	-7.0931	5.2141	12.286303670371947	0	2	8	Jump	Normal
-0.1526	-5.7455	2.5660	-23.4086	63.9115	52.0665	3.9462	28.4519	-1.2000	-4.2156	2.2546	-1.3915	-0.3821	-0.3901	0.2682	-0.7936	-1.3943	-0.0858	0.8908	4.0630	-8.0001	3.9575	-13.211057547469807	0	2	8	Jump	Normal
-1.1103	-9.8061	4.8261	-32.7945	63.3761	57.5592	5.8772	28.1074	2.3609	-3.8042	-1.1304	1.1320	-0.4532	-0.3260	0.2630	-0.7869	-0.8265	0.5118	0.1547	2.6939	-8.6757	3.6941	4.691292812184664	0	2	8	Jump	Normal
1.1881	-7.3927	3.8301	-37.0929	65.0574	61.0872	7.7302	26.8008	4.2920	-0.9275	1.5969	0.5315	-0.4900	-0.3028	0.2589	-0.7753	-0.8286	-0.8592	0.2207	2.1156	-8.9896	3.2986	-2.5753017926999995	0	3	9	Walk	Normal
-1.5700	-6.8564	1.9531	-36.2901	67.4272	64.8212	9.7444	26.5113	5.0679	-3.4062	2.2866	-1.0810	-0.5014	-0.3064	0.2777	-0.7600	0.9333	2.5816	-0.0903	1.8362	-9.1430	3.0341	-1.110326146844061	0	3	9	Walk	Normal
-2.1452	-7.6231	2.8730	-36.1607	58.7464	60.8273	9.7645	27.0580	4.4890	-3.6103	1.1604	-1.2347	-0.4693	-0.2652	0.2881	-0.7915	0.9546	-2.8459	0.2463	1.4651	-8.7836	4.1077	1.1242497829803373	0	3	9	Walk	Normal
-1.8381	-10.8020	5.4390	-35.4186	61.3163	63.1105	10.8544	26.7459	2.4765	-3.2961	-1.8952	1.6034	-0.4772	-0.2770	0.2967	-0.7794	-0.4100	-0.1412	-0.0468	1.4579	-8.9069	3.8357	3.8086978075302564	0	3	9	Run	Normal
-0.3448	-12.2200	4.2138	-41.2750	66.7354	68.4676	11.4141	26.6828	4.0023	-1.2745	-2.9016	1.3029	-0.5329	-0.2599	0.2794	-0.7552	-1.2324	0.2657	-0.1842	0.9297	-9.3184	2.9109	0.697787044573067	0	3	9	Walk	Normal
0.6518	-8.5036	0.6506	-40.9424	72.1072	69.1367	11.0617	25.6776	7.1218	-0.8267	0.9201	-1.6251	-0.5457	-0.2936	0.2602	-0.7405	-0.1245	-0.6068	-1.1738	1.4786	-9.4237	2.2757	-4.377392261455061	0	3	9	Run	Normal
-1.6083	-10.2657	2.2595	-36.8854	66.5345	60.3026	9.4498	26.8122	6.4299	-4.0288	-1.2903	-0.8637	-0.4901	-0.3171	0.2483	-0.7730	1.7056	-0.0816	-1.0428	2.4205	-8.9754	3.1232	2.0804236279794726	0	3	9	Walk	Normal
-0.5363	-9.5768	-0.1532	-33.5744	56.6358	50.9148	6.1338	27.2058	2.6033	-3.3850	-1.3388	-4.6467	-0.4248	-0.3008	0.2386	-0.8199	1.9709	-0.1210	-0.8947	2.8487	-8.2380	4.4935	-1.0407185329483273	0	3	9	Walk	Normal
-0.8805	-3.9067	7.4693	-26.4781	58.1285	37.8972	1.9476	27.8580	-1.0097	-6.0341	3.0308	2.8346	-0.3429	-0.3823	0.1711	-0.8409	1.4776	-0.8614	-1.4436	5.1537	-6.9375	4.6347	-1.1178868253668401	0	3	9	Walk	Normal
1.1115	-6.1286	3.5237	-23.2009	56.4293	35.0180	-2.3650	26.9703	-3.2349	-4.3543	0.3099	-1.4605	-0.3083	-0.3884	0.1690	-0.8518	0.5999	-0.3650	-0.2089	5.4658	-6.4385	4.9841	-1.3189111265214928	0	3	9	Walk	Normal
1.7244	-6.3201	5.2858	-23.7165	57.0094	40.1138	-2.2692	26.9808	-4.4376	-3.1822	0.6222	0.3971	-0.3298	-0.3768	0.2028	-0.8415	-0.5996	-0.0774	1.1077	4.9066	-6.9423	4.8887	1.261423604687736	0	4	10	Walk	Normal
4.5586	-12.2200	3.9456	-24.1797	54.1473	39.0861	0.3288	27.1389	-3.6056	-0.1276	-5.3823	-1.2941	-0.3246	-0.3570	0.2014	-0.8524	-0.1043	0.7631	-0.6319	4.6862	-6.8377	5.2397	5.208680786984731	0	4	10	Run	Normal
1.6472	-9.2703	4.7501	-28.7107	58.3963	45.7869	1.6105	27.3545	-3.1289	-2.4075	-1.5622	0.2430	-0.3832	-0.3512	0.2176	-0.8261	-0.6987	-0.4193	0.8553	4.0547	-7.7081	4.5071	-3.0804740056616726	0	4	10	Walk	Normal
0.3065	-6.5505	3.1795	-33.7240	61.2351	51.3117	3.6869	27.9782	-0.8099	-3.0219	1.7973	-0.7455	-0.4360	-0.3313	0.2234	-0.8064	-0.7839	0.7013	0.0571	3.3284	-8.3478	3.9250	-3.258048191452799	0	4	10	Walk	Normal
-0.6512	-8.8490	4.1755	-39.3613	61.1948	54.1141	5.4704	27.8107	1.7334	-3.2603	-0.1302	0.5222	-0.4762	-0.2949	0.2160	-0.7997	-0.5890	0.2443	0.3629	2.6091	-8.7188	3.6533	2.5184946479635677	0	4	10	Walk	Normal
0.9577	-7.8530	2.7581	-42.3188	65.6539	60.3543	6.9068	27.5788	3.3000	-1.0961	1.2585	-0.2310	-0.5164	-0.2846	0.2248	-0.7758	-0.5901	0.1133	0.0912	2.0538	-9.1114	2.9892	-1.4281262456151254	0	4	10	Walk	Normal
0.1915	-8.5808	2.9497	-43.5109	66.4909	61.7229	8.0429	27.0525	4.9881	-1.6967	0.6147	0.1127	-0.5273	-0.2781	0.2240	-0.7710	-0.0904	-0.3256	-0.1346	1.8883	-9.1955	2.8370	0.6974750554604157	0	4	10	Walk	Normal
-1.3024	-8.4659	1.7621	-43.8042	68.5037	63.5246	7.9337	27.2961	5.2472	-3.1436	0.8107	-0.8312	-0.5370	-0.2817	0.2252	-0.7626	-0.2129	0.4755	-0.3690	1.8411	-9.2766	2.5934	-0.33078829093748574	0	4	10	Tilt	Normal
-1.6472	-9.8450	3.2561	-47.8336	68.1432	62.6192	7.9199	26.9623	5.6006	-3.4301	-0.5183	0.8055	-0.5531	-0.2630	0.1994	-0.7650	-0.4889	0.0622	-0.5735	1.7829	-9.3266	2.4506	1.754631514283643	0	0	10	Tilt	Normal
3.6009	-9.9216	2.7964	-40.5543	74.7964	65.9618	7.1297	26.8883	7.0606	1.2731	-0.5977	0.8425	-0.5411	-0.3280	0.2291	-0.7397	0.2856	-2.0492	-0.2571	2.3278	-9.3239	1.9540	0.41949734522165016	0	1	11	PT	Normal
-2.7198	-8.6191	0.5746	-46.9960	64.9380	57.1129	6.8053	26.7406	5.7997	-4.9922	0.4902	-2.2586	-0.5308	-0.2716	0.1818	-0.7819	0.9599	3.8598	-0.5341	2.2724	-9.1093	2.8332	-1.8627084461449677	0	1	11	PT	Normal
-0.7278	-8.7724	0.1915	-48.5353	65.0171	58.3343	5.7913	27.2841	5.0523	-2.7524	0.4229	-2.5509	-0.5414	-0.2589	0.1818	-0.7789	-0.2726	-1.3813	-0.2433	2.0246	-9.1952	2.7424	-0.2516663606308729	0	1	11	Tilt	Normal
1.1492	-9.9982	1.1109	-50.5234	69.1745	59.3840	4.9201	26.8358	6.5844	-1.2028	-0.7394	-1.1055	-0.5595	-0.2719	0.1583	-0.7668	-0.1970	1.8220	-0.5075	2.3520	-9.2588	2.2164	1.3205335522001853	0	0	11	Tilt	Normal
0.6895	-9.2320	1.6855	-53.2414	67.8789	56.8842	3.5312	26.0517	7.4232	-1.7957	-0.0064	-0.5243	-0.5646	-0.2618	0.1333	-0.7713	-0.1298	0.1836	-0.4454	2.4852	-9.2256	2.2098	-0.7152589173940775	0	0	11	Tilt	Normal
0.2687	-9.4230	1.7998	-55.1546	66.3229	54.6773	3.2573	26.5608	7.6601	-2.2869	-0.2264	-0.4501	-0.5669	-0.2527	0.1158	-0.7754	-0.0276	0.1357	-0.3091	2.5557	-9.1966	2.2500	0.18720808044177062	0	0	11	Tilt	Normal
1.8387	-9.5768	1.4174	-54.7001	69.3679	56.4354	2.8246	26.9433	8.0073	-0.8853	-0.3701	-0.5792	-0.5719	-0.2667	0.1150	-0.7672	0.0204	0.8292	-0.2654	2.7240	-9.2068	1.9966	0.2570796424852304	0	0	11	Tilt	Normal
0.6901	-9.1931	1.6083	-55.1248	71.2357	58.3455	2.1343	26.2119	8.3502	-1.9797	0.0691	-0.1953	-0.5801	-0.2674	0.1160	-0.7606	-0.2747	-0.1967	-0.2537	2.6698	-9.2623	1.8036	-0.4959816663676939	0	0	11	Tilt	Normal
1.0732	-9.4996	1.1486	-56.5857	70.1219	57.3273	2.1441	27.1148	8.9533	-1.5624	-0.2339	-0.6874	-0.5831	-0.2577	0.1068	-0.7630	-0.0372	0.1027	-0.2099	2.6356	-9.2657	1.8361	0.27057977694042634	0	0	11	Tilt	Normal
0.6901	-9.6528	1.3785	-56.2042	72.1536	59.0826	2.7413	25.9457	8.8662	-1.9632	-0.3611	-0.2931	-0.5873	-0.2642	0.1102	-0.7570	-0.0862	-0.0326	-0.2205	2.6534	-9.2917	1.6716	0.14634127850016476	1	0	12	Tilt	Normal
0.1921	-9.3847	1.3785	-55.9898	73.1706	60.2280	3.2243	25.8646	9.0279	-2.4258	-0.0682	-0.2095	-0.5901	-0.2661	0.1137	-0.7537	-0.0105	-0.0305	-0.2546	2.6179	-9.3164	1.5880	-0.2877764339456661	1	0	12	Tilt	Normal
0.1538	-9.1165	1.3402	-55.1019	74.1532	61.5849	3.1238	26.4643	8.7796	-2.4036	0.2261	-0.1918	-0.5906	-0.2702	0.1226	-0.7504	0.0086	-0.2275	-0.1801	2.5575	-9.3426	1.5320	-0.27158015269158575	1	0	12	Tilt	Normal
0.6512	-9.1937	1.2258	-54.0125	75.5997	62.8928	4.3252	26.4512	9.0653	-1.9201	0.1607	-0.2071	-0.5910	-0.2787	0.1298	-0.7458	-0.0574	-0.0188	-0.2940	2.5714	-9.3544	1.4329	0.08212332413037338	1	0	12	Tilt	Normal
0.2304	-9.3464	0.9954	-53.7837	75.1504	62.7955	3.5962	26.3107	8.8436	-2.2996	0.0112	-0.4895	-0.5893	-0.2775	0.1328	-0.7470	0.0182	-0.1136	-0.2228	2.5301	-9.3576	1.4849	0.10418943569765027	1	0	12	Tilt	Normal
0.1155	-9.3847	1.3402	-53.0705	75.9666	63.7290	3.7938	26.1946	9.2771	-2.3909	-0.0120	-0.0886	-0.5897	-0.2817	0.1388	-0.7440	0.0523	0.0047	-0.2697	2.5064	-9.3727	1.4287	0.07853559602425264	1	0	12	Tilt	Normal
0.1921	-9.3464	1.3785	-52.7067	75.8759	63.7108	4.1244	26.4206	8.8411	-2.3129	0.0235	-0.0714	-0.5881	-0.2832	0.1412	-0.7443	0.0513	0.0164	-0.2910	2.5051	-9.3699	1.4498	-0.031151715442577554	1	0	12	Tilt	Normal
0.1921	-9.3464	1.4168	-52.4874	75.5177	63.3530	3.9917	27.0400	8.5044	-2.3275	0.0127	-0.0766	-0.5859	-0.2838	0.1419	-0.7457	0.0427	0.0047	-0.3123	2.5196	-9.3591	1.4934	0.0056631798168762515	1	0	12	Tilt	Normal
0.3071	-9.3847	1.4168	-52.5138	74.8515	62.6251	3.2833	26.2650	9.0485	-2.2396	-0.0437	-0.1428	-0.5834	-0.2830	0.1404	-0.7482	0.0321	0.0143	-0.2984	2.5467	-9.3410	1.5595	0.040884136407166594	1	0	12	Tilt	Normal
0.6135	-9.2314	1.4551	-52.4365	74.3804	62.1097	3.2853	26.7584	8.3921	-1.9544	0.0952	-0.1544	-0.5812	-0.2830	0.1399	-0.7500	0.0427	0.0270	-0.3027	2.5679	-9.3266	1.6095	-0.1305191672580559	1	0	12	Tilt	Normal
0.2687	-9.2698	1.5317	-52.2559	73.8511	61.6513	3.7087	26.5661	8.1406	-2.3058	0.0446	-0.1378	-0.5787	-0.2828	0.1406	-0.7519	0.0491	-0.0230	-0.2707	2.5745	-9.3143	1.6695	0.033843333429413036	2	0	13	Tilt	Fall
0.4220	-9.3464	1.5317	-52.1166	73.6965	61.4904	3.5161	26.6792	8.2817	-2.1611	-0.0382	-0.1586	-0.5775	-0.2833	0.1411	-0.7525	0.0246	0.0377	-0.2771	2.5830	-9.3082	1.6903	0.08113888447944717	2	0	13	Tilt	Normal
0.4603	-9.3081	1.6083	-52.0837	73.3466	61.1209	2.7930	26.4176	7.9361	-2.1358	-0.0102	-0.1185	-0.5761	-0.2830	0.1406	-0.7538	0.0299	0.0217	-0.2771	2.5961	-9.2979	1.7268	-0.023242572342834222	2	0	13	Tilt	Normal
0.5369	-9.3464	1.6849	-51.9840	73.2484	60.9888	3.4074	26.4612	8.1235	-2.0698	-0.0542	-0.0558	-0.5752	-0.2836	0.1408	-0.7543	-0.0052	-0.0039	-0.2611	2.6067	-9.2922	1.7407	0.05498955871076028	2	0	13	Tilt	Normal
0.6135	-9.2698	1.5317	-51.8929	73.2304	60.9516	3.5002	26.7749	8.6090	-1.9992	0.0199	-0.2143	-0.5747	-0.2841	0.1411	-0.7544	0.0076	-0.0017	-0.2655	2.6127	-9.2897	1.7460	-0.09671870706329955	2	0	13	Tilt	Normal
0.5369	-9.1931	1.6083	-51.6876	73.3169	60.9455	3.5173	26.5767	8.1103	-2.0940	0.0914	-0.1369	-0.5739	-0.2858	0.1418	-0.7542	0.0065	-0.0156	-0.2794	2.6309	-9.2846	1.7452	-0.06734855564840814	2	0	13	Tilt	Normal
0.3071	-9.3081	1.7232	-51.6483	73.2055	60.8327	3.3376	26.6411	8.0807	-2.3281	-0.0271	-0.0349	-0.5733	-0.2858	0.1419	-0.7547	0.0118	0.0004	-0.2730	2.6351	-9.2810	1.7581	0.12308959050599455	2	0	13	Tilt	Normal
0.5363	-9.3847	1.6855	-51.5707	73.1434	60.7194	3.4562	26.9551	8.5551	-2.1108	-0.1089	-0.0819	-0.5726	-0.2864	0.1419	-0.7550	0.0140	0.0153	-0.2836	2.6471	-9.2757	1.7674	0.07868439614625444	2	0	13	Tilt	Normal
0.5752	-9.3081	1.6849	-51.5073	73.1401	60.5938	3.3653	26.6141	7.9071	-2.0934	-0.0391	-0.0853	-0.5720	-0.2873	0.1414	-0.7552	0.0108	-0.0124	-0.2772	2.6686	-9.2690	1.7702	-0.07308938623763872	2	0	13	Tilt	Normal
0.5369	-9.3847	1.6849	-51.3974	73.0571	60.4833	3.1438	27.1723	7.7533	-2.1413	-0.1208	-0.0980	-0.5712	-0.2879	0.1417	-0.7555	0.0129	0.0281	-0.2771	2.6782	-9.2639	1.7829	0.07301722442798564	3	0	14	Tilt	Normal
0.5369	-9.4230	1.7615	-51.6549	72.6602	60.1690	3.6449	26.6291	8.6023	-2.1310	-0.1621	-0.0516	-0.5710	-0.2855	0.1402	-0.7568	0.0214	0.0867	-0.2686	2.6679	-9.2609	1.8132	0.05139851946663043	3	0	14	Tilt	Normal
0.4214	-9.2703	1.6089	-51.8562	72.1196	59.6568	2.6061	26.9848	7.8262	-2.2498	-0.0195	-0.2506	-0.5700	-0.2834	0.1383	-0.7587	0.0150	0.0537	-0.3176	2.6712	-9.2509	1.8595	-0.1829422252944788	3	0	14	Tilt	Normal
0.3448	-9.3087	1.8004	-52.2341	71.6443	59.1516	2.8353	26.8005	7.6819	-2.3320	-0.0658	-0.0908	-0.5698	-0.2809	0.1353	-0.7603	0.0097	0.0515	-0.2697	2.6767	-9.2428	1.8913	0.06916496375269787	3	0	14	Tilt	Normal
0.4980	-9.3470	1.7621	-52.6066	71.1624	58.8079	2.2396	26.5785	8.0410	-2.1567	-0.1043	-0.1606	-0.5701	-0.2775	0.1333	-0.7617	-0.0084	0.1144	-0.2761	2.6547	-9.2427	1.9227	0.03719705272422047	3	0	14	Tilt	Normal
0.6135	-9.3081	1.8765	-53.2214	71.3803	58.9764	2.0143	26.6085	7.4995	-2.0270	-0.0515	0.0019	-0.5734	-0.2750	0.1300	-0.7607	-0.0595	0.0431	-0.2565	2.6405	-9.2566	1.8745	-0.009509334382324042	3	0	14	Tilt	Normal
0.5746	-9.3853	1.6089	-53.7882	71.1940	58.5952	2.1151	26.6731	7.9544	-2.0855	-0.1329	-0.2586	-0.5748	-0.2727	0.1252	-0.7613	-0.0222	0.0921	-0.2938	2.6601	-9.2524	1.8675	0.024362445958189483	3	0	14	Tilt	Normal
0.7661	-9.2703	1.9154	-54.0534	71.0840	58.2972	2.1713	26.5172	8.2139	-1.9193	-0.0250	0.0492	-0.5751	-0.2721	0.1223	-0.7617	0.0662	0.1134	-0.3045	2.6854	-9.2454	1.8661	-0.04246808859244133	3	0	14	Tilt	Normal
0.7661	-9.3087	1.7238	-54.2998	70.9364	57.9482	2.0516	27.1464	8.3239	-1.9480	-0.0723	-0.1451	-0.5752	-0.2717	0.1194	-0.7623	-0.0254	-0.0187	-0.2736	2.7141	-9.2364	1.8690	8.505893934120934E-4	3	0	14	Tilt	Normal
0.5746	-9.3087	1.6089	-54.2698	71.2386	58.0723	2.0203	26.6576	7.9269	-2.1629	-0.0736	-0.2328	-0.5757	-0.2732	0.1189	-0.7614	-0.0265	-0.0486	-0.2746	2.7375	-9.2350	1.8417	-0.03373422600871656	3	0	14	Tilt	Normal
0.6901	-9.1548	1.5700	-54.2249	71.3525	58.0729	1.9877	27.2550	8.3397	-2.0646	0.0768	-0.2629	-0.5756	-0.2742	0.1186	-0.7612	0.0130	-0.0080	-0.2795	2.7547	-9.2316	1.8329	-0.15012621603935905	4	0	15	Tilt	Normal
0.8051	-9.2314	1.5317	-54.0978	71.2015	57.7796	1.7574	26.3555	8.1119	-1.9791	-0.0126	-0.3213	-0.5742	-0.2753	0.1181	-0.7619	0.0428	0.0261	-0.2912	2.7842	-9.2189	1.8530	0.07813010394084685	4	0	15	Tilt	Normal
0.6135	-9.3464	1.6849	-54.0874	71.0376	57.4977	1.2697	26.8437	8.1031	-2.1932	-0.1377	-0.1841	-0.5733	-0.2757	0.1171	-0.7626	0.0257	0.0069	-0.2784	2.8068	-9.2087	1.8690	0.12467269635680545	4	0	15	Tilt	Normal
0.6901	-9.3081	1.7615	-54.1782	70.6933	57.0633	1.5984	27.4788	8.3626	-2.1355	-0.1110	-0.1360	-0.5723	-0.2751	0.1154	-0.7638	0.0417	0.0357	-0.2901	2.8256	-9.1970	1.8976	-0.018439242544395995	4	0	15	Tilt	Normal
0.7284	-9.2698	1.9148	-54.3841	70.1856	56.4503	1.2284	27.0531	7.7392	-2.1181	-0.0871	-0.0209	-0.5713	-0.2737	0.1127	-0.7655	0.0151	0.0389	-0.2805	2.8466	-9.1827	1.9357	-0.004929466563735829	4	0	15	Tilt	Normal
0.8051	-9.3081	1.7998	-54.4193	69.9864	56.2705	1.4062	27.0412	8.0921	-2.0412	-0.1288	-0.1528	-0.5708	-0.2731	0.1123	-0.7661	0.0151	-0.0144	-0.2517	2.8463	-9.1792	1.9526	0.02114706769982888	4	0	15	Tilt	Normal
0.3454	-9.1548	2.1063	-54.5937	69.6745	56.1733	1.3027	27.0080	7.5973	-2.4674	0.0302	0.1329	-0.5711	-0.2706	0.1123	-0.7668	0.0002	0.0154	-0.2517	2.8127	-9.1851	1.9734	-0.11430187098842381	4	0	15	Tilt	Normal
0.7284	-9.5379	1.7232	-54.4380	69.6964	56.2262	1.1531	27.2050	7.8031	-2.0834	-0.3537	-0.2557	-0.5705	-0.2713	0.1134	-0.7668	-0.0126	-0.0197	-0.2538	2.8118	-9.1842	1.9790	0.3193178197540245	4	0	15	Tilt	Normal
0.4603	-9.3081	1.9531	-54.4445	69.7774	56.3697	1.1973	26.3334	7.7732	-2.3399	-0.1187	-0.0180	-0.5710	-0.2711	0.1139	-0.7665	0.0300	-0.0005	-0.2612	2.8002	-9.1894	1.9710	-0.1977137197315848	4	0	15	Tilt	Normal
0.6518	-9.2314	1.9531	-54.5300	69.4684	56.1881	1.2952	26.7729	7.2102	-2.1311	-0.0422	-0.0426	-0.5706	-0.2695	0.1137	-0.7673	0.0130	0.0091	-0.2527	2.7830	-9.1892	1.9957	-0.06369893643470093	4	0	15	Tilt	Normal
0.6895	-9.2703	1.9920	-54.5074	69.3535	56.0712	1.4021	27.5441	7.2130	-2.0966	-0.0845	-0.0156	-0.5701	-0.2694	0.1137	-0.7677	-0.0094	-0.0017	-0.2629	2.7861	-9.1858	2.0075	0.04870793566134779	5	0	16	Tilt	Normal
Total time: 16 seconds.
