3.1418	-8.4653	2.7575	56.6696	43.0922	103.3467	-5.7830	18.1622	-19.3967	-1.1334	-0.5653	-1.1773	0.0202	-0.5468	0.7503	-0.3710	1.1655	1.5354	-0.2124	4.2751	-7.9000	3.9349	-0.06575449002162337	6	0	1	Upright	Normal
1.5323	-8.1977	2.4134	54.5245	45.2802	102.6165	-4.4459	16.6461	-21.5280	-2.4294	-0.1703	-1.5912	-0.0028	-0.5439	0.7506	-0.3752	-1.0630	-1.0138	-0.0547	3.9617	-8.0275	4.0046	-0.759325326828586	6	0	1	Upright	Normal
2.3373	-7.7375	3.4854	60.8507	58.1872	93.9320	-5.0175	19.0083	-19.2364	-1.5953	0.8860	0.9674	-0.0045	-0.6096	0.7188	-0.3342	-0.7775	-0.4492	0.0550	3.9326	-8.6235	2.5180	0.1204048206844135	0	0	1	Upright	Normal
1.6861	-5.6689	1.6849	64.8896	58.4677	93.8055	-5.6494	20.0579	-16.9647	-2.3927	2.9797	-0.4914	0.0189	-0.6234	0.7167	-0.3118	0.4379	0.0057	-0.0686	4.0788	-8.6486	2.1763	-2.652612033902262	0	0	1	Upright	Normal
0.8817	-7.2778	1.8765	63.3933	58.0096	95.2451	-5.0199	20.9221	-17.2784	-2.9836	1.4295	-0.4503	0.0050	-0.6175	0.7214	-0.3133	-0.2939	0.9538	0.2734	3.8653	-8.7073	2.3267	1.4177111782481449	0	0	1	Upright	Normal
2.2218	-5.5545	1.4557	63.8578	53.8032	99.5809	-3.1682	20.9334	-18.2355	-1.5874	3.1144	-1.0959	0.0112	-0.6081	0.7325	-0.3059	0.5189	-0.5110	-0.2603	3.8092	-8.6690	2.5516	-1.410423957230261	0	0	1	Upright	Normal
1.9920	-15.2463	3.7158	61.5236	51.2437	98.6366	-3.0136	19.9940	-19.7611	-2.1947	-6.8752	0.7887	0.0188	-0.5920	0.7317	-0.3373	0.5945	0.5680	-1.3172	4.1867	-8.3710	2.9271	9.661556760775749	0	0	1	Upright	Normal
-0.6895	-9.1937	1.7238	54.9465	53.1282	94.6197	-2.2239	19.3407	-21.0222	-4.8589	-0.9860	-1.6556	-0.0119	-0.5723	0.7232	-0.3864	-0.9182	2.0636	-0.6130	4.1694	-8.2078	3.3794	-6.439211953998186	0	0	1	Upright	Normal
0.8051	-8.3121	5.2092	50.9380	56.1874	93.0529	0.1763	20.1806	-21.4296	-2.9922	0.0501	1.7704	-0.0475	-0.5678	0.7173	-0.4010	0.5401	0.7970	0.0464	3.7972	-8.3622	3.4388	0.46322157162119204	0	0	1	Upright	Normal
0.3837	-4.9410	1.6466	51.0537	59.5534	91.1059	0.2172	20.7499	-21.5515	-3.3172	3.5864	-1.4771	-0.0580	-0.5808	0.7090	-0.3957	-1.0514	-0.0573	-0.4245	3.7008	-8.5274	3.1237	-4.6202480910235675	0	0	1	Upright	Normal
3.3716	-8.3504	2.3361	54.2222	67.8208	83.4088	-0.4934	22.0320	-19.8318	-0.6542	0.3259	0.1718	-0.0480	-0.6224	0.6813	-0.3824	-0.0287	-0.4717	-0.3446	4.0259	-8.6763	2.1644	4.081192680316896	0	1	2	Jump	Normal
4.1372	-6.6272	2.1069	58.0148	68.7357	79.4952	-3.3462	21.9798	-19.2067	-0.4950	1.8088	0.2231	-0.0079	-0.6355	0.6720	-0.3800	-0.6924	-1.0322	-0.9091	4.6322	-8.4360	1.8838	-1.2117758459051444	0	1	2	PT	Normal
-0.7661	-6.1292	2.1452	48.1808	70.3834	73.8427	-3.3230	22.3937	-18.6954	-5.6933	2.0608	-0.0500	-0.0494	-0.6210	0.6362	-0.4551	-0.2876	2.3426	-0.8047	4.9271	-8.1900	2.1952	-1.5528782882226553	0	1	2	PT	Normal
-0.4214	-3.9456	4.8267	46.8479	73.2026	72.6178	-1.5810	23.2951	-18.2638	-5.1990	4.3964	2.8885	-0.0668	-0.6299	0.6272	-0.4533	1.0301	-3.9478	0.6696	4.7776	-8.3420	1.9383	-0.29040882146746405	0	1	2	Upright	Normal
7.6231	-17.9661	0.3065	68.0770	38.4415	104.8678	-8.7631	17.5883	-19.6500	2.3007	-10.2448	-2.5612	0.1060	-0.5853	0.7326	-0.3310	3.5047	0.9375	-1.1530	5.3225	-7.7213	2.8677	13.270482478682329	0	0	2	Upright	Normal
0.8811	-10.9176	1.6472	58.6646	21.4576	123.2942	-8.3718	10.9424	-24.1584	-3.6657	-3.6396	-3.0991	0.0857	-0.5006	0.7971	-0.3265	1.1526	0.3825	0.5908	4.5467	-7.2779	4.7464	-8.442609717821343	0	0	2	Upright	Normal
0.4986	-6.8181	1.0720	70.0098	8.2336	139.7581	-10.3586	11.3470	-23.9619	-4.3215	1.0514	-2.2459	0.1416	-0.5575	0.7813	-0.2424	-1.6830	1.0049	0.4095	4.8201	-7.8694	3.3179	-4.156416019201238	0	0	2	Upright	Normal
1.4180	-9.0782	4.6729	75.6225	32.1872	119.8598	-8.4011	15.0908	-22.1965	-2.9534	-0.5450	2.6121	0.1056	-0.6195	0.7421	-0.2333	-1.6575	-1.7605	0.3126	4.3714	-8.5332	2.0608	3.3884242108741542	0	0	2	Upright	Normal
4.2904	-7.8530	1.9537	84.2790	15.8905	137.2769	-9.3984	18.6066	-18.1549	-0.1041	0.8634	1.0136	0.1466	-0.6562	0.7177	-0.1811	-0.4047	-0.8465	0.1741	4.3946	-8.7164	0.9400	-1.1488989812663082	0	0	2	Upright	Normal
3.2178	-4.2521	3.6775	81.4891	22.1052	133.1819	-8.0410	19.3283	-18.3055	-0.8089	4.5880	2.3330	0.1212	-0.6456	0.7321	-0.1806	0.0331	-2.2005	-0.2009	4.0267	-8.8401	1.3445	-2.681825975345686	0	1	3	PT	Normal
0.4220	-16.1267	2.1063	75.5172	22.8512	127.6202	-9.2033	17.4949	-18.1590	-4.1837	-7.7690	-0.1537	0.1244	-0.6077	0.7489	-0.2332	1.0867	3.0896	-0.8326	4.6057	-8.3577	2.2600	9.791597573257327	0	1	3	Jump	Normal
-0.6506	-6.9713	3.1789	59.4607	33.3669	111.6228	-5.2806	15.0100	-22.1055	-5.2207	0.6422	-0.9827	0.0607	-0.5330	0.7681	-0.3496	0.5870	0.3859	-1.1270	4.5701	-7.6136	4.1616	-8.579688627451908	0	1	3	Jump	Normal
1.4563	-9.2698	2.9491	64.4865	28.6600	116.3758	-5.1265	14.0449	-23.1465	-3.4117	-1.6058	-0.7573	0.0946	-0.5496	0.7660	-0.3198	0.8416	-0.3566	-0.0553	4.8680	-7.6640	3.7064	2.146560722804101	0	1	3	PT	Normal
-1.4174	-6.5888	1.7621	61.4007	36.6744	110.2334	-6.2228	13.5647	-23.3959	-5.8712	1.2953	-2.0027	0.0552	-0.5523	0.7614	-0.3350	-1.4956	0.5638	-0.9267	4.4538	-7.8841	3.7649	-2.8699328626177962	0	1	3	PT	Normal
2.5672	-6.0903	2.2595	64.1744	54.9118	90.8317	-7.0692	16.4609	-21.3942	-2.3899	2.0071	-0.1962	0.0527	-0.6099	0.7074	-0.3533	-0.6359	0.0067	-0.2726	4.9570	-8.0973	2.4557	0.01873048936358579	0	1	3	Upright	Normal
2.5283	-4.4819	2.1452	66.9775	64.2568	81.1733	-7.8312	18.2695	-19.3346	-2.7007	3.6453	0.4794	0.0663	-0.6408	0.6823	-0.3454	-1.0440	-0.4409	-0.4968	5.2289	-8.1273	1.6658	-1.409724206754305	0	0	3	Upright	Normal
2.7970	-15.4755	9.1548	59.1620	52.4885	92.6976	-6.6480	18.0015	-18.7716	-1.9583	-7.4638	6.0938	0.0274	-0.5858	0.7151	-0.3805	4.1534	-0.8084	0.0667	4.7553	-8.0117	3.0610	12.621742991686803	0	0	3	Upright	Normal
2.0692	-13.9815	2.1063	59.0655	24.4749	116.7596	-7.9919	11.5962	-22.7384	-2.9374	-6.9067	-2.4817	0.0955	-0.5069	0.7788	-0.3568	0.9513	0.7522	-0.2529	5.0066	-7.0749	4.5880	-3.9069603596521247	0	0	3	Upright	Normal
2.8353	-8.9250	1.6466	62.0012	21.8825	121.4914	-9.0303	7.7924	-24.0033	-2.1069	-1.6110	-2.6254	0.1052	-0.5207	0.7820	-0.3260	0.1076	-0.3024	0.2638	4.9422	-7.3140	4.2720	-4.781672431926431	0	1	4	Jump	Normal
2.7581	-5.8227	0.2298	66.0263	34.7970	109.9628	-10.7121	9.2886	-23.3671	-2.2473	1.9498	-3.0421	0.0930	-0.5697	0.7488	-0.3258	-0.9215	2.4608	-0.0505	5.0054	-7.7725	3.2720	-3.061202725004235	0	1	4	PT	Normal
-1.0343	-5.0182	2.8730	57.8757	51.2251	97.3960	-6.1615	11.7413	-24.2538	-5.2080	3.2332	-0.3926	0.0038	-0.5775	0.7309	-0.3637	-1.0632	-0.2737	0.2686	4.1737	-8.2515	3.2657	-0.5727953278717761	0	1	4	PT	Normal
3.7164	-6.5882	2.0297	60.7000	62.7844	90.5258	-5.2477	14.5347	-21.9860	-0.1145	2.1684	-0.1651	-0.0157	-0.6228	0.7085	-0.3315	-0.9652	0.8032	0.1813	3.8309	-8.7566	2.1947	1.9575097791270197	0	1	4	PT	Normal
2.6815	-10.3430	2.9497	47.3758	65.0259	82.6853	-2.5725	15.5454	-21.6302	-1.4720	-1.9134	0.1459	-0.0708	-0.5933	0.6722	-0.4371	0.7243	3.2651	-1.6829	4.1535	-8.4295	2.8038	3.2529107392227	0	1	4	PT	Normal
-1.6855	-10.1131	0.8045	33.6231	42.6464	88.3808	1.8958	10.8049	-24.4958	-5.8656	-3.5847	-5.2019	-0.0495	-0.4374	0.6970	-0.5661	3.1521	3.1937	-0.8265	4.1801	-6.5284	6.0063	-0.8005111136080689	0	1	4	PT	Normal
1.7621	-15.6677	2.4900	35.8342	49.5293	86.9819	5.1071	6.4689	-26.8881	-2.3517	-8.4138	-2.6703	-0.0717	-0.4814	0.6881	-0.5381	-2.8496	-1.3997	0.2388	4.1138	-7.2538	5.1603	5.677779189882752	0	1	4	Jump	Normal
-2.0297	-8.5802	10.0742	13.0704	65.5221	79.3594	8.0021	13.9220	-22.4491	-4.5807	0.0220	6.1163	-0.2696	-0.4749	0.5808	-0.6037	-2.4159	2.4153	-0.2048	2.5510	-8.6022	3.9579	-2.574245236787158	0	1	4	PT	Normal
2.3756	-9.0782	2.0297	10.6985	69.7013	77.1861	11.3956	18.3253	-18.1750	-0.2800	-0.2496	-1.3132	-0.2951	-0.4924	0.5513	-0.6054	-0.0659	-0.3288	-0.6362	2.6556	-8.8286	3.3429	-3.7867650822320993	0	1	4	Jump	Normal
5.6695	-8.0445	0.6512	6.9772	76.0254	70.9739	10.3356	19.8056	-17.1027	2.2953	0.8583	-1.6994	-0.3178	-0.5283	0.4870	-0.6186	-0.0414	3.0683	-0.8344	3.3742	-8.9028	2.3507	0.2622479974301424	0	1	4	Tilt	Normal
-2.0686	-8.8873	3.5243	-4.6211	68.8703	72.4074	13.9505	19.6438	-14.9878	-4.5617	-0.0816	0.0007	-0.3606	-0.4363	0.4684	-0.6784	-0.4239	1.2499	-0.3891	2.4931	-8.8057	3.5235	-0.08131285105613628	1	1	5	Upright	Normal
2.6055	-12.6408	1.3402	0.3701	65.8810	74.2808	16.5207	18.9347	-13.5377	0.1558	-4.0320	-2.6670	-0.3261	-0.4351	0.5081	-0.6679	2.3661	-0.7474	-0.2687	2.4497	-8.6088	4.0071	3.1941097175066933	1	0	5	Upright	Normal
5.3636	-11.1851	1.7232	2.2734	47.3180	72.3858	16.1749	14.9737	-16.1846	2.9308	-4.3937	-4.9196	-0.2223	-0.3345	0.5472	-0.7343	1.8015	2.6358	-1.3438	2.4328	-6.7915	6.6429	-0.45218355746295025	1	0	5	Upright	Normal
2.3373	-8.1971	1.5317	-2.5170	45.6122	66.4504	17.5673	14.1632	-16.0086	-0.1864	-1.6523	-5.3214	-0.2293	-0.3131	0.4979	-0.7756	0.1780	0.2550	-0.3126	2.5238	-6.5448	6.8531	-3.863398625577247	1	0	5	Upright	Normal
-2.0297	-6.2818	5.9753	1.8060	55.0187	70.8399	17.1314	15.7275	-15.2818	-4.8340	1.2501	0.3560	-0.2563	-0.3845	0.5199	-0.7185	-1.0183	0.1218	-0.6290	2.8044	-7.5319	5.6193	0.24386503423774286	0	0	5	Upright	Normal
2.0692	-9.6528	3.3704	-0.6320	49.6104	72.3184	18.0330	16.9361	-14.0194	-0.1326	-2.5150	-2.9836	-0.2516	-0.3358	0.5337	-0.7342	0.4805	0.2773	-0.3574	2.2018	-7.1379	6.3541	1.527366645413144	0	0	5	Upright	Normal
6.7044	-7.8907	2.8341	3.2926	59.0666	73.0494	18.2005	15.8039	-13.8940	3.9751	0.0714	-2.1985	-0.2732	-0.4108	0.5290	-0.6905	-2.0037	-0.4332	0.1145	2.7292	-7.9621	5.0326	0.30361388642502085	0	0	5	Upright	Normal
3.0269	-8.0439	4.6729	6.6151	65.3690	73.1889	18.5075	17.0029	-12.5771	-0.0019	0.3534	0.6131	-0.2824	-0.4618	0.5259	-0.6560	-0.6039	0.3359	0.1316	3.0288	-8.3974	4.0598	-0.9524249588051656	0	0	5	Upright	Normal
3.6392	-13.0628	1.4557	-2.5267	64.3206	68.5045	20.4625	18.7834	-11.3009	0.5751	-4.7706	-2.7897	-0.3150	-0.4294	0.4667	-0.7062	0.3601	2.0338	-1.5247	3.0641	-8.2922	4.2454	3.8554044061203765	0	0	5	Upright	Normal
-4.8267	-8.5042	-0.0383	-16.1175	51.9243	67.1078	23.8951	19.7188	-9.7278	-6.2830	-0.7394	-5.8483	-0.3446	-0.2916	0.4409	-0.7758	-1.3731	2.0732	-0.7726	1.4563	-7.7648	5.8100	-3.8596229799908404	0	0	5	Upright	Normal
-0.9954	-10.5339	4.1366	-24.2617	53.5018	63.9955	24.6644	20.1566	-5.4975	-2.2975	-2.3976	-1.1811	-0.3923	-0.2738	0.3824	-0.7905	-1.8492	1.7217	-1.3084	1.3021	-8.1362	5.3177	1.5821487517377566	0	1	6	PT	Normal
2.0303	-8.8490	3.8690	-32.1153	62.6735	65.3853	23.5471	21.4052	-0.7544	0.5775	0.0685	0.0561	-0.4688	-0.2930	0.3223	-0.7685	-0.3557	3.5465	-0.5979	1.4528	-8.9175	3.8129	-1.4917473868967157	0	1	6	PT	Normal
1.8393	-8.3887	2.3744	-41.6995	57.3685	59.2990	21.9007	22.0219	4.8156	0.6476	0.5086	-1.5737	-0.4933	-0.2354	0.2571	-0.7970	-0.1928	0.4987	-0.5695	1.1917	-8.8973	3.9482	-0.9587779904759888	0	1	6	PT	Normal
0.9966	-8.5419	2.8341	-51.0464	53.7039	53.3847	20.0879	21.7389	6.8003	-0.0940	0.4949	-0.8154	-0.5265	-0.1915	0.1878	-0.8067	-0.8447	2.1456	-0.6409	1.0906	-9.0368	3.6495	0.1446317881079775	0	1	6	Upright	Normal
1.3030	-9.1165	2.8341	-58.7724	54.9966	51.5279	17.7480	21.3298	10.6589	0.0717	0.1652	-0.0822	-0.5669	-0.1731	0.1319	-0.7945	-0.9470	1.4916	-0.5056	1.2314	-9.2817	2.9163	0.5805786605851839	0	0	6	Upright	Normal
3.9840	-8.5808	3.6775	-59.0441	65.8734	59.6457	17.5277	20.0956	13.0422	2.4276	0.8796	1.6156	-0.5941	-0.2048	0.1308	-0.7668	-0.8330	-0.4983	-0.0219	1.5564	-9.4604	2.0619	0.5148140680758537	0	0	6	Upright	Normal
3.1795	-10.8026	2.5283	-53.3150	56.6670	51.6492	19.4725	18.9057	11.6363	1.4849	-1.6957	-0.6909	-0.5402	-0.2098	0.1510	-0.8008	2.8709	0.6841	-0.2829	1.6946	-9.1069	3.2192	1.390938515031701	0	0	6	Upright	Normal
4.4059	-15.0541	0.2676	-39.8453	32.9768	33.6961	21.0612	22.2706	5.7388	2.8894	-7.7072	-6.0487	-0.3901	-0.1607	0.1687	-0.8908	4.8449	2.0796	-0.7176	1.5166	-7.3469	6.3162	4.1467470251955945	0	0	6	Upright	Normal
1.5706	-7.4316	2.7581	-34.4041	39.7334	38.1235	19.8638	25.7342	1.6358	-0.7299	-0.2093	-3.4641	-0.3689	-0.2160	0.1984	-0.8820	-1.6841	-2.9174	-0.4192	2.3005	-7.2223	6.2222	-7.60687605781585	0	0	6	Upright	Normal
0.1921	-6.6649	4.7878	-35.4817	52.0799	46.1820	21.1319	27.0703	0.0004	-2.6399	1.3393	-0.1197	-0.4158	-0.2772	0.2126	-0.8397	-0.6252	-0.1328	-0.3062	2.8320	-8.0041	4.9075	0.12758086714702976	0	0	6	Upright	Normal
2.2607	-6.7415	3.2938	-37.1885	52.7342	46.2241	22.2604	26.8235	1.5092	-0.5471	1.3770	-1.4367	-0.4280	-0.2750	0.2031	-0.8366	-0.1075	-0.3757	-0.1283	2.8078	-8.1184	4.7305	-0.3722752375737217	1	0	7	Upright	Normal
1.5712	-7.8907	1.9531	-37.9160	57.3175	50.3438	22.6060	24.8930	0.9246	-1.1910	0.5408	-2.2244	-0.4509	-0.2892	0.2120	-0.8173	-0.4377	-0.2500	0.3425	2.7622	-8.4315	4.1774	0.4429693153371721	1	0	7	Upright	Normal
2.9503	-7.9290	0.7272	-36.0779	65.6883	56.8471	23.9392	22.1729	-0.5286	0.0534	0.8535	-2.5358	-0.4743	-0.3297	0.2325	-0.7825	-0.6263	-0.2766	0.1827	2.8968	-8.7825	3.2630	0.21202112833904252	0	0	7	Upright	Normal
-0.0377	-6.3201	1.3785	-42.4834	64.2742	56.0983	27.3374	18.8519	0.1343	-2.5792	2.6163	-1.7606	-0.5039	-0.2933	0.2010	-0.7872	-0.1278	1.9508	-0.0062	2.5414	-8.9364	3.1391	-2.0224994316343485	0	0	7	Upright	Normal
-0.0760	-13.8666	3.0257	-44.7658	55.1250	47.9840	27.5355	14.9421	2.6235	-2.5272	-5.2460	-0.9553	-0.4824	-0.2536	0.1723	-0.8205	1.7769	0.0152	-1.5839	2.4512	-8.6206	3.9810	7.724272085284437	0	0	7	Upright	Normal
5.1721	-13.3303	5.3624	-43.5799	52.7595	41.7326	26.0081	17.6770	0.7710	2.0693	-5.0803	1.0635	-0.4577	-0.2671	0.1422	-0.8360	-0.9150	-0.7411	-0.3663	3.1027	-8.2500	4.2989	1.0779110737467317	0	0	7	Upright	Normal
-1.7615	-7.5842	1.6849	-47.7193	50.4752	39.0608	25.6142	19.5666	-0.5463	-4.7253	0.7679	-2.5138	-0.4752	-0.2452	0.1140	-0.8373	0.4709	2.1479	0.1887	2.9637	-8.3522	4.1987	-7.30468582633251	0	0	7	Upright	Normal
0.7667	-7.7375	4.4047	-52.9163	55.3920	41.4545	24.7692	19.8266	1.0021	-2.3409	0.9363	1.0464	-0.5162	-0.2495	0.0869	-0.8147	-1.8492	-1.9129	-0.9138	3.1077	-8.6737	3.3583	0.9700418096609793	0	0	7	Upright	Normal
1.4946	-6.8181	1.3018	-47.4623	65.4598	46.9804	23.3922	20.9376	0.7942	-2.3973	1.7517	-1.4516	-0.5078	-0.3190	0.1074	-0.7930	0.1812	0.8473	-0.5040	3.8919	-8.5697	2.7535	-1.8359848768523115	0	0	7	Upright	Normal
2.6815	-7.3167	2.1452	-35.3791	71.7802	52.0722	21.1712	21.8419	1.5211	-1.6438	1.1221	-0.3546	-0.4663	-0.3938	0.1787	-0.7717	-0.2129	-0.2137	-0.8172	4.3253	-8.4388	2.4998	0.9821242419429144	0	1	8	PT	Normal
1.7621	-7.3167	2.6432	-24.5406	73.3943	53.5786	19.5098	21.5635	3.5222	-2.8807	0.9366	0.0940	-0.4153	-0.4445	0.2398	-0.7566	-0.1490	-0.5184	-0.4657	4.6428	-8.2533	2.5492	-0.10591061123526124	0	1	8	Upright	Normal
0.8428	-7.2401	2.2984	-18.0604	75.8836	56.2049	19.1467	21.3644	4.7667	-3.8309	1.0760	0.0247	-0.3952	-0.4773	0.2818	-0.7325	0.1631	1.5493	0.2544	4.6736	-8.3161	2.2737	-0.33379131163329134	0	1	8	Tilt	Normal
0.9966	-14.2880	1.4934	3.2541	66.8367	57.5101	17.3657	21.9246	1.3401	-4.0311	-6.8006	-2.3578	-0.2441	-0.4940	0.4151	-0.7239	1.1772	2.1405	0.2150	5.0277	-7.4874	3.8512	6.7575867630585265	0	0	8	Tilt	Normal
2.7587	-9.6145	2.2978	2.3264	66.2183	60.5811	16.0166	22.5202	0.6166	-1.7889	-1.8765	-1.6533	-0.2608	-0.4801	0.4320	-0.7175	-0.1203	-1.2896	0.1659	4.5476	-7.7381	3.9512	-4.13737324200773	0	0	8	Tilt	Normal
2.1458	-6.0903	2.4894	-0.1299	70.6640	59.5776	15.3317	22.8770	0.6817	-2.5334	1.8931	-0.7576	-0.2881	-0.5014	0.4047	-0.7083	-1.3826	1.3373	-0.6011	4.6792	-7.9833	3.2470	-3.3424875822796407	0	0	8	Tilt	Normal
1.1115	-8.7334	3.6769	-7.8083	72.5954	62.3604	15.7984	21.6581	4.8747	-2.8765	-0.2587	0.7708	-0.3527	-0.4769	0.3818	-0.7088	0.1450	-1.1980	0.3129	3.9880	-8.4747	2.9061	2.620322820460413	0	0	8	Tilt	Normal
4.0223	-7.2401	0.9960	-5.6953	78.1071	63.6376	17.6411	21.1180	5.1697	-0.0591	1.4473	-1.0150	-0.3646	-0.5144	0.3823	-0.6755	-0.6177	-0.4257	0.0807	4.0814	-8.6874	2.0110	-1.198763592644358	0	0	8	Tilt	Normal
1.4563	-7.5842	1.1869	-11.8064	79.6882	62.8452	19.2259	20.2707	5.5634	-2.6275	1.1646	-0.5314	-0.3996	-0.5027	0.3419	-0.6861	-0.6593	1.7506	-0.2964	4.0838	-8.7489	1.7183	-0.5286333411339728	0	0	8	Tilt	Normal
2.0309	-10.0742	3.6769	-22.7574	76.2107	61.0838	18.8208	19.6245	8.3965	-1.7826	-1.3002	1.5215	-0.4411	-0.4421	0.2871	-0.7262	-0.3163	-0.3108	-0.3164	3.8135	-8.7740	2.1554	3.1014098505142007	0	0	8	Tilt	Normal
4.2527	-16.7014	3.7152	-20.6291	66.5591	54.0425	17.7719	19.9959	9.1850	0.0823	-8.6113	0.0643	-0.3786	-0.4129	0.2862	-0.7773	2.4044	-0.1553	-0.9130	4.1704	-8.0900	3.6509	6.7153923230522174	0	1	9	Jump	Normal
3.0652	-9.4230	1.3402	-20.6830	64.1611	50.3831	16.5969	22.0546	6.1049	-1.3999	-1.6611	-2.6585	-0.3600	-0.4080	0.2685	-0.7948	0.1449	0.3614	-0.8384	4.4650	-7.7619	3.9986	-7.631002302697523	0	1	9	Jump	Normal
-1.1869	-9.3464	3.6769	-29.8867	63.9660	49.6626	14.8806	22.9461	6.1574	-5.2557	-1.2414	-0.0548	-0.4134	-0.3726	0.2202	-0.8011	-0.6359	0.9931	-0.5433	4.0688	-8.1050	3.7317	0.11430553928435394	0	1	9	Upright	Normal
1.8393	-6.7798	4.5963	-35.3394	69.3083	51.9815	14.0598	22.4375	8.9288	-2.2320	1.6822	1.7698	-0.4619	-0.3776	0.1883	-0.7802	-1.2346	-1.1950	-0.2877	4.0713	-8.4620	2.8265	-1.7186113608678006	0	0	9	Upright	Normal
2.9886	-6.3201	1.0720	-29.7665	73.5490	53.0808	14.2913	21.8496	10.5376	-1.5586	2.0276	-1.3387	-0.4426	-0.4257	0.2083	-0.7612	0.4955	-0.2286	-0.4570	4.5472	-8.3477	2.4107	-1.3221149068733649	0	0	9	Upright	Normal
2.3756	-4.2515	1.8765	-28.5736	82.0997	54.9191	14.8760	21.7944	9.8539	-2.6794	4.0680	0.6928	-0.4586	-0.4789	0.1932	-0.7232	-1.5498	-0.9264	-0.7223	5.0551	-8.3196	1.1836	-1.853611816973503	0	0	9	Upright	Normal
0.6512	-5.3247	3.5243	-31.1661	76.7784	51.1588	13.8741	21.1071	11.5990	-4.4320	2.8392	1.6052	-0.4482	-0.4486	0.1755	-0.7530	0.9077	-0.0731	-0.4251	5.0832	-8.1639	1.9191	1.1993094855175723	0	0	9	Upright	Normal
3.8313	-14.6328	-0.0389	-15.8536	66.9713	47.6532	13.4817	22.6246	10.0425	-1.4735	-7.2564	-3.7291	-0.3260	-0.4534	0.2641	-0.7864	2.3245	2.3238	-0.5327	5.3048	-7.3764	3.6902	8.707607218434019	0	0	9	Upright	Normal
1.4180	-7.6608	1.4551	-19.3088	61.5218	48.2983	11.5847	25.9304	5.2613	-3.1620	-0.1963	-2.9579	-0.3378	-0.4011	0.2683	-0.8081	-0.2950	-1.6891	0.5624	4.5800	-7.4645	4.4130	-7.2004622537427885	0	0	9	Upright	Normal
3.0269	-5.1709	-2.4906	-5.9142	75.9262	53.2513	12.9095	26.1231	3.8608	-2.4674	2.5982	-4.8625	-0.3117	-0.5310	0.3245	-0.7181	-0.6146	-1.4196	0.5301	5.4942	-7.7690	2.3719	-1.4369333295720965	0	0	9	Upright	Normal
1.0732	-7.9290	4.0217	-16.8946	75.0663	54.3149	14.4177	25.4866	4.2211	-3.8575	0.1957	1.6037	-0.3787	-0.4830	0.2784	-0.7388	-1.1813	1.7868	0.0752	4.9307	-8.1247	2.4180	2.4664440376004455	0	1	10	PT	Normal
3.1418	-8.2738	1.4934	-14.1442	82.9549	58.1816	16.0163	23.6472	7.4820	-1.7397	0.1513	0.3271	-0.4002	-0.5295	0.2902	-0.6894	-0.7232	-2.2037	0.0273	4.8815	-8.4250	1.1663	0.0201916869298433	0	1	10	Tilt	Normal
2.4900	-6.1292	0.8811	-15.0600	84.7987	58.3351	17.5614	23.1253	7.1483	-2.4401	2.3046	0.0226	-0.4103	-0.5366	0.2796	-0.6823	-0.3088	1.0102	-0.1964	4.9301	-8.4337	0.8585	-2.3012564894082175	0	0	10	Tilt	Normal
2.3373	-6.7798	1.3402	-17.3564	78.6343	57.9900	17.5678	23.7388	7.6578	-2.2700	1.6785	-0.5044	-0.4057	-0.4913	0.2871	-0.7153	0.8172	-0.7858	0.0603	4.6073	-8.4583	1.8446	0.6214385939226688	0	0	10	Tilt	Normal
2.7204	-8.4270	0.5740	-15.5829	74.5522	54.0768	18.4345	25.0783	5.8870	-2.2570	-0.3606	-1.9420	-0.3689	-0.4854	0.2853	-0.7395	0.6200	1.5865	-0.9673	4.9774	-8.0664	2.5160	1.5782706405992784	0	0	10	Tilt	Normal
-1.9531	-10.3424	3.5237	-26.1227	63.9733	43.7607	16.7316	25.3119	8.1996	-7.0071	-2.8790	-0.3397	-0.3702	-0.4074	0.1968	-0.8113	0.2557	2.1265	-1.2176	5.0540	-7.4633	3.8633	2.2255792858005723	0	0	10	Tilt	Normal
3.7541	-10.7643	5.6312	-29.3204	64.3632	43.5415	15.4275	26.4759	9.6175	-1.2233	-3.1675	1.9318	-0.3900	-0.3991	0.1785	-0.8104	0.3058	0.8216	-0.0650	4.9774	-7.5968	3.6993	1.6157204281740913	0	0	10	Tilt	Normal
-2.7581	-6.4356	0.8045	-32.2468	60.6113	47.1084	16.3491	26.7810	7.5855	-6.6924	1.5724	-3.2655	-0.4135	-0.3486	0.2030	-0.8163	-0.6231	0.3539	0.0649	3.9343	-8.0080	4.0700	-5.667317341685376	0	0	10	Tilt	Normal
3.2178	-9.3087	3.6775	-28.9282	70.1882	51.7892	16.8858	26.3047	9.4261	-1.2258	-1.0647	0.7685	-0.4270	-0.4116	0.2168	-0.7754	-0.3035	-1.9694	0.0564	4.4436	-8.2440	2.9090	3.46554557658809	0	0	10	Tilt	Normal
1.5712	-7.9673	2.6426	-29.4141	70.8133	50.4830	16.6046	25.4922	9.3691	-3.1011	0.1850	-0.1648	-0.4261	-0.4186	0.2031	-0.7758	-0.8107	0.9428	-0.7399	4.6723	-8.1523	2.8074	-1.973432225903652	0	0	10	Tilt	Normal
1.5329	-11.8363	2.7575	-35.9522	70.9653	49.1721	14.3986	25.3714	12.9370	-3.1071	-3.5938	0.1686	-0.4582	-0.3975	0.1594	-0.7788	-0.4751	1.0962	-0.0326	4.6400	-8.2425	2.5889	3.7096555396206004	0	1	11	Jump	Normal
2.6821	-7.5842	-0.4603	-24.1493	71.1173	52.4817	13.8545	26.5044	11.1337	-1.9389	0.5662	-3.3562	-0.4041	-0.4348	0.2426	-0.7673	1.4306	-2.1539	0.2039	4.6210	-8.1505	2.8959	-4.19191053129895	0	1	11	Jump	Normal
-2.4128	-11.4533	2.1063	-35.1161	69.0227	50.4025	14.1673	26.9251	9.1456	-6.6930	-3.1104	-0.7654	-0.4549	-0.3829	0.1799	-0.7836	-1.2688	3.5453	-0.3959	4.2802	-8.3429	2.8717	3.835051188680909	0	1	11	Jump	Normal
3.5632	-9.1931	1.6849	-28.5959	80.2750	57.2383	13.7133	25.2834	13.3233	-1.0005	-0.6358	0.2306	-0.4649	-0.4579	0.2151	-0.7265	-0.2046	-4.0906	-0.0411	4.5636	-8.5573	1.4543	-1.890276891125895	0	1	11	PT	Normal
1.6095	-8.4653	3.7152	-36.0888	74.1150	53.1792	14.2892	24.0059	13.2327	-2.7776	0.0329	1.5462	-0.4775	-0.4017	0.1727	-0.7621	0.5295	1.3052	-0.1347	4.3871	-8.4982	2.1690	-0.6186823356000826	0	1	11	PT	Normal
2.2601	-9.6534	-0.1532	-33.0632	74.0549	53.2106	13.7545	24.8717	13.1181	-2.2097	-1.2216	-2.4110	-0.4617	-0.4144	0.1895	-0.7610	0.3015	1.3691	-0.3244	4.4698	-8.4318	2.2577	0.5318912835331062	0	1	11	PT	Normal
2.4134	-9.3087	0.9194	-34.0080	74.7979	53.6729	12.9121	25.3548	13.0526	-2.0339	-0.8323	-1.2122	-0.4695	-0.4134	0.1845	-0.7581	-0.2066	-0.0765	-0.2445	4.4472	-8.4764	2.1316	-0.2553122334786604	0	1	11	Upright	Normal
2.1841	-9.3847	1.7998	-34.9754	76.0182	54.6031	12.7867	25.4214	14.1373	-2.2208	-0.8407	-0.1416	-0.4798	-0.4133	0.1803	-0.7527	-0.0607	-0.1596	-0.2636	4.4049	-8.5440	1.9414	0.14183605585745518	0	1	11	Tilt	Normal
1.4946	-9.1931	1.4934	-35.3681	75.5494	54.8173	12.5117	25.0579	14.2381	-2.8193	-0.6153	-0.5020	-0.4818	-0.4076	0.1815	-0.7542	-0.0010	0.0844	-0.2221	4.3139	-8.5778	1.9954	-0.36938041895163387	0	1	11	Tilt	Normal
1.5329	-9.1165	1.8381	-36.5596	75.6255	55.2951	12.8637	24.7919	13.9614	-2.6835	-0.4811	-0.1173	-0.4896	-0.4007	0.1778	-0.7537	-0.1035	-0.0152	-0.2443	4.2163	-8.6354	1.9555	-0.007328147143011776	1	1	12	Tilt	Normal
1.6861	-9.1165	1.5317	-37.4329	75.4732	55.3468	12.6499	24.6958	14.6797	-2.4817	-0.4571	-0.4215	-0.4940	-0.3955	0.1739	-0.7545	0.0147	0.1041	-0.2560	4.1679	-8.6594	1.9532	-0.028655246086211505	1	1	12	Upright	Normal
1.4946	-9.1548	1.5700	-38.3239	75.7090	55.7523	12.9576	24.6140	14.6556	-2.6127	-0.4544	-0.3291	-0.5001	-0.3912	0.1707	-0.7534	-0.0524	0.0998	-0.2560	4.1073	-8.7004	1.8991	0.011140372589270697	1	1	12	Tilt	Normal
1.5712	-9.0782	1.4551	-39.1606	76.0878	56.2527	12.3476	24.2933	14.7619	-2.4787	-0.3359	-0.3730	-0.5065	-0.3876	0.1676	-0.7517	-0.0769	0.0721	-0.2592	4.0499	-8.7423	1.8281	-0.08056416439970704	1	1	12	Tilt	Normal
1.5323	-9.2320	1.4174	-39.7720	76.0864	56.5959	12.4208	24.6913	14.9249	-2.4488	-0.4549	-0.3950	-0.5106	-0.3833	0.1665	-0.7514	-0.0183	0.0796	-0.2666	3.9811	-8.7771	1.8124	0.13766684028342802	1	1	12	Tilt	Normal
1.5706	-9.2320	1.4940	-40.2511	76.4096	57.0271	12.4415	24.1143	14.8657	-2.3680	-0.4250	-0.2647	-0.5148	-0.3812	0.1652	-0.7499	-0.0375	0.0038	-0.2569	3.9386	-8.8071	1.7587	0.018041611490941634	1	1	12	Tilt	Normal
1.4180	-9.1931	1.4551	-40.4679	76.5811	57.2958	12.4659	24.6810	14.9276	-2.4930	-0.3683	-0.2762	-0.5170	-0.3801	0.1650	-0.7490	-0.0098	-0.0260	-0.2612	3.9109	-8.8249	1.7313	-0.06813009851775931	1	1	12	Tilt	Normal
1.4563	-9.3081	1.4551	-40.3623	76.9601	57.7613	12.8392	24.8515	14.6203	-2.4280	-0.4627	-0.2307	-0.5186	-0.3810	0.1669	-0.7471	-0.0013	-0.0835	-0.2527	3.8843	-8.8454	1.6858	0.11809804314723493	1	1	12	Tilt	Normal
1.3797	-9.2698	1.4551	-40.3117	77.1458	58.1320	13.1145	24.3992	14.8195	-2.4693	-0.4048	-0.2084	-0.5198	-0.3807	0.1688	-0.7459	0.0274	-0.0303	-0.2612	3.8490	-8.8650	1.6635	-0.04883795637987198	1	1	12	Tilt	Normal
1.4174	-9.2320	1.4174	-40.2403	77.2718	58.3738	12.8964	24.1221	14.5142	-2.4101	-0.3549	-0.2319	-0.5205	-0.3808	0.1702	-0.7451	-0.0003	-0.0015	-0.2687	3.8274	-8.8771	1.6493	-0.03709239116168028	1	1	12	Tilt	Normal
1.3791	-9.2320	1.4557	-40.2180	77.4518	58.7305	13.3888	24.8691	14.3205	-2.4137	-0.3359	-0.1712	-0.5218	-0.3804	0.1718	-0.7439	-0.0183	-0.0047	-0.2620	3.7927	-8.8961	1.6269	1.5527297786732674E-4	2	1	13	Tilt	Fall
1.3414	-9.2698	1.4551	-40.1976	77.4750	58.8558	12.9507	23.9003	14.4221	-2.4351	-0.3663	-0.1692	-0.5222	-0.3801	0.1726	-0.7437	0.0115	0.0070	-0.2674	3.7764	-8.9034	1.6243	0.031441236014819296	2	1	13	Tilt	Normal
1.4940	-9.2703	1.3024	-40.1548	77.6438	59.0693	13.1344	24.2229	14.9401	-2.2690	-0.3575	-0.3014	-0.5230	-0.3805	0.1735	-0.7428	-0.0002	0.0006	-0.2759	3.7629	-8.9129	1.6038	0.001101160083653241	2	1	13	Tilt	Normal
1.6095	-9.3464	1.4934	-40.0943	77.5759	59.0065	13.1436	24.6879	14.6627	-2.1572	-0.4369	-0.1206	-0.5224	-0.3806	0.1737	-0.7430	0.0307	-0.0121	-0.2727	3.7667	-8.9094	1.6140	0.12102267345264117	2	1	13	Tilt	Normal
1.3797	-9.2314	1.5700	-39.9698	77.7672	59.2316	12.4245	24.6161	14.3522	-2.3762	-0.3135	-0.0223	-0.5228	-0.3814	0.1750	-0.7420	-0.0343	-0.0558	-0.2769	3.7559	-8.9180	1.5923	-0.1357777352012075	2	1	13	Tilt	Normal
1.3797	-9.1548	1.4551	-39.8074	77.6658	59.1562	13.1889	24.5948	14.0506	-2.3806	-0.2418	-0.1540	-0.5217	-0.3819	0.1759	-0.7424	0.0477	-0.0282	-0.2778	3.7602	-8.9130	1.6091	-0.09321874145203779	2	1	13	Tilt	Normal
1.5706	-9.2703	1.4940	-39.6890	77.7259	59.2187	13.1670	24.8243	14.7123	-2.1895	-0.3563	-0.1103	-0.5214	-0.3825	0.1767	-0.7420	0.0018	-0.0059	-0.2852	3.7601	-8.9141	1.6043	0.14852811320806047	2	1	13	Tilt	Normal
1.4940	-9.2703	1.5706	-39.5934	77.5680	59.0983	13.2177	24.7872	14.2158	-2.2697	-0.3620	-0.0561	-0.5203	-0.3825	0.1772	-0.7427	0.0413	0.0208	-0.2927	3.7637	-8.9084	1.6267	0.0	2	1	13	Tilt	Normal
1.4946	-9.3847	1.4934	-39.5269	77.3982	58.9145	12.9922	24.3863	14.1788	-2.2805	-0.4854	-0.1568	-0.5191	-0.3826	0.1771	-0.7435	0.0327	-0.0133	-0.2767	3.7751	-8.8992	1.6502	0.09923651096481478	2	1	13	Tilt	Normal
1.5323	-9.1554	1.5323	-39.4663	77.4710	58.9352	13.0946	24.4190	14.4583	-2.2492	-0.2574	-0.1100	-0.5190	-0.3832	0.1773	-0.7432	-0.0035	0.0048	-0.2842	3.7815	-8.8981	1.6423	-0.21123773693915737	3	1	14	Tilt	Normal
1.4557	-9.1171	1.5706	-39.3193	77.3603	58.9780	13.1449	25.1389	13.3856	-2.3106	-0.2159	-0.0893	-0.5183	-0.3830	0.1789	-0.7434	0.0020	-0.0437	-0.2541	3.7662	-8.9012	1.6599	-0.04313964635092127	3	1	14	Tilt	Normal
1.4940	-9.1554	1.5323	-39.1660	77.7623	59.2952	13.4402	25.7295	13.5102	-2.2708	-0.2448	-0.0793	-0.5193	-0.3849	0.1799	-0.7415	-0.0352	-0.0384	-0.2573	3.7647	-8.9106	1.6116	0.03697781965768421	3	1	14	Tilt	Normal
1.5329	-9.3081	1.5317	-38.8396	77.7499	59.3573	13.3936	25.4361	14.1289	-2.2289	-0.3977	-0.0889	-0.5180	-0.3861	0.1822	-0.7412	0.0052	-0.0203	-0.2732	3.7617	-8.9103	1.6206	0.1548204644011406	3	1	14	Tilt	Normal
1.5329	-9.2314	1.4934	-38.8042	77.8106	59.4326	12.7600	24.6377	14.0242	-2.2245	-0.3180	-0.1202	-0.5182	-0.3863	0.1826	-0.7409	-0.0012	-0.0118	-0.2669	3.7574	-8.9135	1.6135	-0.08079785489937663	3	1	14	Tilt	Normal
1.5706	-9.1937	1.4940	-38.7099	77.9234	59.5339	13.2786	25.1281	13.7865	-2.1856	-0.2776	-0.1070	-0.5182	-0.3870	0.1833	-0.7403	-0.0150	-0.0161	-0.2722	3.7562	-8.9162	1.6010	-0.030431555082396144	3	1	14	Tilt	Normal
1.6089	-9.1937	1.5706	-38.5685	77.9561	59.5349	13.0633	25.3027	13.8760	-2.1540	-0.2801	-0.0292	-0.5176	-0.3879	0.1840	-0.7401	0.0040	-0.0249	-0.2675	3.7629	-8.9136	1.5998	0.018853253979420614	3	1	14	Tilt	Normal
1.4940	-9.2703	1.4557	-38.4082	78.0915	59.6607	12.9817	24.9498	13.5452	-2.2679	-0.3537	-0.1299	-0.5175	-0.3890	0.1851	-0.7393	-0.0120	-0.0217	-0.2707	3.7619	-8.9166	1.5856	0.03743918609954555	3	1	14	Tilt	Normal
1.6095	-9.2698	1.4551	-38.2065	78.2444	59.7934	13.2617	24.2818	13.8394	-2.1528	-0.3506	-0.1148	-0.5173	-0.3903	0.1864	-0.7384	-0.0002	-0.0324	-0.2621	3.7623	-8.9191	1.5698	0.018264921127437717	3	1	14	Tilt	Normal
1.6861	-9.1548	1.4551	-38.0319	78.3984	59.8243	13.2643	24.4199	13.8953	-2.0921	-0.2394	-0.0982	-0.5168	-0.3920	0.1869	-0.7377	-0.0024	-0.0452	-0.2771	3.7782	-8.9154	1.5532	-0.09853056603371435	3	1	14	Tilt	Normal
1.4563	-9.0782	1.4934	-37.8467	78.4417	59.8889	13.4028	23.7420	13.5285	-2.3207	-0.1621	-0.0581	-0.5163	-0.3929	0.1881	-0.7374	0.0040	-0.0590	-0.2621	3.7770	-8.9162	1.5514	-0.10705505927328929	4	1	15	Tilt	Normal
1.5712	-9.1548	1.5700	-37.6680	78.5278	59.9097	13.1368	24.4225	12.8030	-2.2158	-0.2417	0.0262	-0.5157	-0.3942	0.1889	-0.7369	0.0286	-0.0099	-0.2663	3.7870	-8.9132	1.5438	0.10563910229926421	4	1	15	Tilt	Normal
1.5712	-9.2314	1.4551	-37.3932	78.4596	59.9457	13.5409	24.5873	13.3947	-2.2095	-0.3181	-0.1035	-0.5144	-0.3949	0.1909	-0.7369	0.0041	-0.0152	-0.2769	3.7807	-8.9133	1.5586	0.056135174335400606	4	1	15	Tilt	Normal
1.5323	-9.1937	1.5323	-37.2872	78.3836	59.9258	13.9359	24.8935	13.5280	-2.2461	-0.2816	-0.0386	-0.5137	-0.3950	0.1918	-0.7371	0.0211	0.0178	-0.2844	3.7783	-8.9121	1.5709	-0.03090130976366723	4	1	15	Tilt	Normal
1.3797	-9.2698	1.4551	-37.4118	78.2174	59.8122	13.7421	25.1121	13.8176	-2.3958	-0.3599	-0.1354	-0.5136	-0.3938	0.1911	-0.7380	0.0052	0.0264	-0.2727	3.7755	-8.9099	1.5905	0.03856770755569805	4	1	15	Tilt	Normal
1.4946	-9.2698	1.5317	-37.4474	78.2879	59.9168	14.2079	25.0683	13.1863	-2.2713	-0.3539	-0.0486	-0.5143	-0.3937	0.1912	-0.7376	-0.0172	0.0242	-0.2705	3.7659	-8.9159	1.5803	0.029426841550664662	4	1	15	Tilt	Normal
1.6095	-9.1931	1.5700	-37.3574	78.1698	59.8329	13.6284	23.7713	12.6070	-2.1591	-0.2816	-0.0280	-0.5134	-0.3937	0.1917	-0.7380	0.0073	-0.0129	-0.2696	3.7686	-8.9115	1.5980	-0.049566199483489726	4	1	15	Tilt	Normal
1.6095	-9.1931	1.6083	-37.1622	78.2592	59.9273	13.7552	24.8696	13.3780	-2.1585	-0.2800	0.0181	-0.5129	-0.3948	0.1930	-0.7374	-0.0108	-0.0353	-0.2621	3.7680	-8.9132	1.5902	0.006428914683006326	4	1	15	Tilt	Normal
1.6861	-9.1548	1.6083	-36.9606	78.2985	60.0149	13.7076	25.2986	13.8425	-2.0773	-0.2396	0.0192	-0.5123	-0.3956	0.1945	-0.7370	-0.0054	-0.0470	-0.2515	3.7634	-8.9153	1.5892	-0.02380236886584086	4	1	15	Tilt	Normal
1.6095	-9.0782	1.4934	-36.8465	78.4231	60.1287	13.6463	25.6071	13.5505	-2.1519	-0.1595	-0.0814	-0.5124	-0.3964	0.1954	-0.7363	0.0180	-0.0161	-0.2600	3.7614	-8.9187	1.5748	-0.10675025731669052	4	1	15	Tilt	Normal
1.6478	-9.1931	1.4551	-36.6512	78.4935	60.1647	14.1644	24.7696	14.4032	-2.1199	-0.2762	-0.1143	-0.5117	-0.3976	0.1964	-0.7358	-0.0129	-0.0470	-0.2632	3.7677	-8.9169	1.5694	0.11234396991423523	5	1	16	Tilt	Normal
Total time: 16 seconds.
