-1.1486	-9.8061	-1.2264	-29.7804	94.6641	91.3513	24.0432	24.5869	17.2359	-1.3140	-0.0251	-0.5342	-0.6301	-0.3719	0.3366	-0.5928	0.3525	-1.0452	0.3103	0.1653	-9.7809	-0.6922	0.2027327859942485	6	0	1	Upright	Normal
-1.7615	-9.7294	-0.5752	-26.4687	93.8360	93.7639	26.2588	23.9984	15.0640	-1.4109	0.0534	0.0121	-0.6259	-0.3718	0.3711	-0.5765	0.0766	-0.0098	0.3721	-0.3506	-9.7829	-0.5873	-0.04472698471523451	6	0	1	Upright	Normal
-1.6083	-9.3081	-0.7667	-28.0810	94.5311	96.9455	27.3957	22.5214	15.1335	-0.7881	0.4404	-0.0832	-0.6426	-0.3492	0.3747	-0.5699	-0.0917	0.4376	0.3614	-0.8202	-9.7484	-0.6835	-0.42720271833582224	6	0	1	Upright	Normal
-2.0303	-8.8873	-2.2601	-31.2343	96.8331	100.4556	27.2957	22.1722	16.7183	-0.8582	0.7979	-1.2623	-0.6680	-0.3235	0.3625	-0.5637	-0.1833	0.3269	0.3103	-1.1721	-9.6851	-0.9978	-0.08484223886913433	0	0	1	Upright	Normal
-2.4894	-7.8141	-3.3716	-35.6892	101.4444	106.2115	26.2492	19.8202	18.6432	-0.8959	1.7324	-1.7912	-0.7058	-0.2872	0.3395	-0.5515	-0.1631	0.4994	0.2666	-1.5935	-9.5464	-1.5805	-0.5251734966018677	0	0	1	Upright	Normal
-1.5317	-10.3807	-1.6478	-35.9124	103.4415	107.4024	25.6824	18.8737	20.2589	0.0450	-0.8793	0.1986	-0.7149	-0.2882	0.3317	-0.5439	0.0074	-0.4124	-0.5029	-1.5767	-9.5014	-1.8464	1.754618044674725	0	0	1	Upright	Normal
5.4019	-8.3887	3.1789	-31.9169	99.4040	98.0450	25.9308	19.5558	18.8396	5.9171	1.3096	4.5391	-0.6702	-0.3466	0.3320	-0.5661	0.5741	-1.1507	-1.3509	-0.5152	-9.6983	-1.3602	-0.1500033902615332	0	0	1	Upright	Normal
2.6055	-8.7334	0.8422	-17.9639	97.3033	85.3735	24.9990	25.3485	12.4991	1.4377	0.9310	2.0280	-0.5785	-0.4751	0.3563	-0.5591	-0.0629	-1.2955	-0.7596	1.1678	-9.6645	-1.1859	-1.3190790796895353	0	0	1	Upright	Normal
-2.7581	-9.3087	2.4134	-27.1425	91.5752	85.7901	23.7682	25.9776	11.8469	-3.6003	0.4589	2.6534	-0.5941	-0.3991	0.3382	-0.6111	0.9341	3.6888	0.2556	0.8422	-9.7676	-0.2400	0.8515674280837597	0	0	1	Upright	Normal
-1.2635	-9.9210	3.6386	-16.5561	77.5846	82.0754	23.0005	27.6830	9.1208	-1.9888	-0.3522	1.6177	-0.4917	-0.3940	0.4384	-0.6410	2.0079	-4.6660	0.9757	0.7253	-9.5687	2.0209	0.6382913245122843	0	0	1	Upright	Normal
0.5369	-10.4956	-5.8233	-24.2733	69.4307	78.6691	24.4496	28.2551	1.2741	0.1220	-1.2148	-8.9640	-0.4866	-0.3211	0.4168	-0.6974	-0.1492	5.7298	-0.9607	0.4149	-9.2808	3.1407	1.3723875657425744	0	1	2	PT	Normal
-4.2515	-10.4573	0.4591	-17.8162	72.8764	77.9848	22.7996	28.9264	1.8515	-5.3383	-1.1067	-2.2898	-0.4660	-0.3777	0.4286	-0.6756	-0.5264	-0.5755	-0.3695	1.0868	-9.3506	2.7488	-0.7170147530566275	0	1	2	PT	Normal
-1.7238	-12.7563	-0.7661	-20.2546	80.3113	82.0887	21.7531	29.9373	3.2863	-2.4883	-3.1029	-2.3144	-0.5182	-0.3905	0.4085	-0.6419	-2.1232	0.8935	0.3431	0.7645	-9.6534	1.5483	1.5971832544890798	0	1	2	PT	Normal
1.6472	-13.0245	2.3367	-26.4434	93.6720	93.0858	23.5360	26.5404	11.0578	1.8949	-3.2370	2.8992	-0.6230	-0.3748	0.3687	-0.5791	-2.1519	0.2661	0.7330	-0.2477	-9.7875	-0.5625	0.43955861606750624	0	1	2	PT	Normal
4.2904	-10.4962	3.3327	-27.2643	101.3579	97.1298	24.6332	21.0410	17.1144	4.6060	-0.8461	5.0495	-0.6625	-0.3856	0.3410	-0.5442	-1.2411	-0.6660	0.8758	-0.3156	-9.6501	-1.7168	-1.5157551549095878	0	1	2	PT	Normal
1.4946	-4.0600	1.4934	-25.1462	98.8580	98.9479	28.2940	17.8705	14.4662	2.3679	5.6117	2.8603	-0.6555	-0.3741	0.3751	-0.5382	0.9437	3.0752	0.4919	-0.8733	-9.6717	-1.3669	-7.241962432523331	0	1	2	Jump	Normal
1.5323	-5.4396	0.9194	-30.4632	93.1606	95.7479	27.2691	17.4691	15.9772	2.2402	4.3304	1.3855	-0.6409	-0.3362	0.3639	-0.5864	1.2697	-0.5041	-0.4924	-0.7079	-9.7700	-0.4661	1.1487366066740163	0	1	2	PT	Normal
-9.7683	-11.3006	-4.5586	-25.7798	90.3024	96.5825	27.0567	19.5257	13.1435	-8.6664	-1.5561	-4.5119	-0.6206	-0.3424	0.4080	-0.5755	0.2034	-1.3787	0.7454	-1.1019	-9.7446	-0.0467	9.891829431244501	0	1	2	Jump	Normal
3.6392	-16.6636	1.4557	-31.3370	93.4155	91.5516	27.7729	19.3350	12.0629	3.6006	-6.8697	1.9547	-0.6314	-0.3561	0.3360	-0.6014	-0.5242	2.3433	-1.4395	0.0386	-9.7939	-0.4990	1.5009366636653745	0	1	2	PT	Normal
1.6861	-6.7032	0.8039	-32.0733	93.2261	88.0133	23.2912	21.1059	15.7556	1.0539	3.0719	1.2716	-0.6217	-0.3705	0.3143	-0.6143	-0.2132	-0.4136	1.3356	0.6322	-9.7751	-0.4678	-10.159768088039197	0	1	2	Jump	Normal
-2.3744	-8.8484	7.0862	-31.6578	86.6374	85.8594	24.5849	20.1167	13.7762	-2.7801	0.9378	6.5968	-0.5949	-0.3481	0.3397	-0.6400	1.4359	-0.5105	-0.1757	0.4057	-9.7861	0.4895	4.623552436430871	0	2	3	Jump	Normal
0.0766	-9.9982	0.6895	-30.6780	75.3385	80.3644	25.0767	22.0246	10.7350	-0.2628	-0.4326	-1.4452	-0.5402	-0.3151	0.3690	-0.6875	1.3730	1.4922	0.2056	0.3394	-9.5656	2.1347	-1.5599100334007012	0	2	3	PT	Normal
-2.8347	-9.8067	-4.2521	-29.4264	72.3627	77.8115	24.2769	23.6649	9.9263	-3.3809	-0.3633	-6.8399	-0.5181	-0.3156	0.3736	-0.7017	-0.8118	0.5761	-0.3568	0.5462	-9.4433	2.5878	1.0361163377280231	0	2	3	PT	Normal
-2.1452	-9.8450	-0.1915	-36.1415	74.1653	76.6516	21.6427	23.6157	10.6783	-2.7877	-0.3009	-2.3523	-0.5496	-0.2962	0.3236	-0.7110	-1.0132	-0.4125	-0.4133	0.6425	-9.5440	2.1608	-0.9805296420427307	0	2	3	PT	Normal
-6.4356	-12.6797	0.0000	-56.0151	91.1060	91.2570	17.8327	21.3949	16.8423	-6.3774	-2.8736	0.1059	-0.6805	-0.2057	0.2075	-0.6720	-2.3980	5.5615	0.6009	-0.0582	-9.8061	-0.1059	-0.9805296420427307	0	2	3	PT	Normal
0.9577	-7.9679	3.7924	-70.0795	116.6540	114.8912	10.5018	15.9878	25.3352	0.8948	1.7234	5.2912	-0.7495	-0.1208	0.0994	-0.6432	-1.9719	3.1008	0.6265	0.0628	-9.6913	-1.4988	-1.201627166924828	0	2	3	PT	Normal
1.9543	-7.7375	3.9834	-77.5096	179.3771	179.9825	1.2021	9.2294	29.1095	2.0580	1.8368	6.1039	-0.7798	0.0033	0.0041	-0.6260	-0.3069	1.7756	0.6158	-0.1037	-9.5743	-2.1205	0.04319949652131072	0	2	3	Tilt	Normal
2.9113	-8.1594	1.4940	-73.3332	-140.8484	-139.7093	-5.3649	7.1951	28.4336	2.8998	1.4018	3.6747	-0.7784	0.0724	-0.0585	-0.6208	-0.0875	2.7919	0.2909	0.0115	-9.5612	-2.1807	-0.12829465782577998	0	2	3	Tilt	Normal
1.1109	-8.8873	1.2641	-47.3710	-103.2870	-102.3937	-17.5985	6.8995	24.6993	0.6822	0.7904	2.7906	-0.7158	0.2557	-0.2455	-0.6016	0.6913	6.0739	0.7330	0.4287	-9.6777	-1.5265	0.2541234040077338	0	2	3	Upright	Normal
2.2984	-10.1897	3.1412	-24.7149	-92.8370	-92.8748	-28.2576	9.3601	15.5152	2.0099	-0.3971	3.5822	-0.6144	0.3807	-0.3811	-0.5764	0.3685	1.6872	0.2835	0.2885	-9.7926	-0.4410	1.8625572685306544	0	0	4	Upright	Normal
3.5632	-7.5842	-0.9583	-4.2828	-91.9436	-92.8432	-30.5392	9.5550	9.7769	3.1018	2.2060	-0.6265	-0.5384	0.4765	-0.4846	-0.4982	-0.0491	4.6273	0.2024	0.4613	-9.7902	-0.3317	-2.473638625547073	0	0	4	Upright	Normal
-0.9954	-12.2194	0.9571	9.5320	-94.1617	-91.7747	-33.4448	9.0560	2.5675	-1.4160	-2.4469	1.6590	-0.4846	0.5486	-0.5296	-0.4287	-0.8182	1.3484	0.0458	0.4206	-9.7725	-0.7020	3.8630327048896547	0	0	4	Upright	Normal
2.4900	-9.3853	0.6895	23.1133	-102.1630	-87.6240	-33.0801	9.0828	-2.0951	2.0771	0.2267	2.5899	-0.4369	0.6372	-0.5386	-0.3362	-1.4244	1.1140	0.7073	0.4129	-9.6120	-1.9004	-2.562736889996806	0	0	4	Upright	Normal
-1.3024	-8.3893	0.3065	25.8254	-114.4274	-76.7169	-31.5731	11.5395	-3.8673	-0.9703	0.7066	3.9569	-0.4136	0.7177	-0.4749	-0.2973	-2.2265	0.6805	1.2399	-0.3322	-9.0959	-3.6504	-1.2391168820850282	0	0	4	Upright	Normal
5.3630	-5.7844	-5.2864	20.1948	-129.8126	-57.2873	-26.5828	18.1001	-0.8144	7.6103	1.7252	0.6066	-0.3621	0.8181	-0.3395	-0.2903	-2.4864	0.5793	1.7310	-2.2473	-7.5096	-5.8930	1.000309417169218	0	0	4	Upright	Normal
0.9966	-6.5116	-5.6701	13.2163	-139.6309	-49.3962	-21.3360	21.1377	2.8580	3.8337	-0.5773	1.6037	-0.3535	0.8637	-0.2413	-0.2663	-2.4087	0.0605	1.4777	-2.8371	-5.9343	-7.2737	-0.804018845529459	0	0	4	Upright	Normal
-5.8221	-1.8765	-7.1641	-0.5047	-143.0645	-46.0764	-17.8485	21.3605	7.1963	-1.6843	2.3203	0.6743	-0.3725	0.8723	-0.1201	-0.2931	-1.7184	-1.0346	0.7288	-4.1378	-4.1967	-7.8383	0.7287046062212426	0	0	4	Upright	Normal
-12.8323	-1.6466	-13.1783	-11.3206	-147.3139	-39.7953	-14.2814	19.9117	13.0507	-7.7261	0.4983	-5.0851	-0.3511	0.8885	-0.0063	-0.2955	-0.9003	0.7241	1.5438	-5.1062	-2.1449	-8.0932	9.04713240502928	0	0	4	Upright	Normal
-4.6735	-0.5363	-6.6661	-15.5000	-151.9015	-38.3416	-11.8911	19.9383	14.6165	0.3835	0.5158	1.6703	-0.3466	0.8972	0.0446	-0.2702	-0.5817	-0.2272	0.6830	-5.0570	-1.0521	-8.3363	-10.308646990992582	0	0	4	Upright	Normal
-3.2172	0.6518	-8.7346	-16.1700	-155.8855	-38.8241	-11.2139	20.4656	15.0101	1.4670	1.2218	-0.1378	-0.3495	0.9034	0.0610	-0.2408	0.5655	0.1446	-0.6848	-4.6843	-0.5700	-8.5968	1.1722423703822216	0	1	5	PT	Normal
-4.8650	-1.4940	-8.5042	-13.0602	-155.6329	-41.1360	-12.9447	20.6575	13.7634	-0.4896	-0.3525	0.1978	-0.3636	0.9008	0.0304	-0.2354	0.5975	-0.5531	-0.2309	-4.3754	-1.1414	-8.7020	0.5796368933527134	0	1	5	PT	Normal
-5.4396	-5.8993	-8.8107	-12.9758	-148.1223	-38.5967	-12.4836	21.0580	12.3473	-0.2254	-4.1298	-0.6957	-0.3450	0.8915	0.0124	-0.2934	0.4271	-0.9014	0.7758	-5.2143	-1.7695	-8.1150	2.0065056495058435	0	1	5	PT	Normal
-5.5929	-2.6432	-7.3550	-11.8447	-145.6945	-34.1528	-9.6898	22.9710	12.8119	-0.0854	-0.9162	0.5733	-0.3082	0.8996	0.0081	-0.3094	0.0446	0.1755	0.4295	-5.5074	-1.7270	-7.9282	-2.3066204050518575	0	1	5	PT	Normal
-4.6352	-1.4174	-8.1977	-11.5569	-147.9462	-35.1574	-9.0201	22.8075	12.3859	0.5788	0.2182	-0.0546	-0.3153	0.9032	0.0093	-0.2911	-0.1855	0.0221	-0.4312	-5.2140	-1.6355	-8.1431	-0.08710548457987422	0	1	5	Tilt	Normal
-4.7495	-1.7615	-7.6620	-12.1774	-148.6214	-37.6308	-10.5336	21.5408	12.5980	0.3729	-0.0423	0.5219	-0.3359	0.8969	0.0099	-0.2875	-0.3069	-0.1376	-0.6134	-5.1224	-1.7192	-8.1840	-0.33832031702335463	0	1	5	Tilt	Normal
-5.4390	-2.3361	-7.6237	-12.3283	-148.7389	-40.9885	-12.0691	21.1145	13.4208	-0.4235	-0.3491	0.5658	-0.3623	0.8867	0.0031	-0.2871	0.1256	-0.0290	-0.4705	-5.0156	-1.9870	-8.1895	0.46684452888934125	0	0	5	Tilt	Normal
-4.9416	-2.3750	-7.6614	-11.0922	-147.7850	-42.5929	-13.2946	20.8018	12.4827	-0.0126	-0.0120	0.4805	-0.3723	0.8812	-0.0138	-0.2910	0.2396	-0.2175	-0.1094	-4.9291	-2.3631	-8.1419	-0.23089122787877692	0	0	5	Tilt	Normal
-4.6352	-2.4134	-7.5082	-10.3682	-147.0068	-43.3089	-13.8585	21.2091	12.4577	0.2662	0.1725	0.5827	-0.3762	0.8781	-0.0238	-0.2948	0.1640	-0.2069	-0.0646	-4.9014	-2.5859	-8.0909	-0.27327563269563626	0	0	5	Tilt	Normal
-4.9027	-2.9874	-8.0451	-9.9079	-146.7352	-43.8733	-14.2127	20.9573	11.5565	-0.0471	-0.2764	0.0325	-0.3795	0.8762	-0.0298	-0.2954	-0.0566	0.0659	-0.0444	-4.8556	-2.7110	-8.0776	0.735733143625044	0	0	6	Tilt	Normal
-4.1749	-2.8341	-7.9685	-9.9106	-147.0245	-44.6637	-14.1981	20.7345	12.3959	0.6168	-0.0892	0.1356	-0.3857	0.8743	-0.0308	-0.2930	-0.1183	0.1756	-0.1648	-4.7917	-2.7450	-8.1041	-0.4517521982113166	0	0	6	Tilt	Normal
-4.7112	-3.2555	-7.7004	-9.6235	-147.9807	-45.8062	-14.7529	20.6198	12.4069	-0.0899	-0.4963	0.4974	-0.3941	0.8733	-0.0327	-0.2845	0.0127	0.1394	-0.0570	-4.6213	-2.7592	-8.1977	0.1645424892442673	0	0	6	Tilt	Normal
-4.3281	-2.6043	-7.9685	-9.0973	-149.3468	-46.4629	-15.2584	20.6076	12.0834	0.0830	0.1015	0.3618	-0.3985	0.8752	-0.0336	-0.2723	-0.1002	0.2108	-0.0538	-4.4112	-2.7057	-8.3303	-0.16173768118412646	0	0	6	Tilt	Normal
-4.4430	-2.8724	-8.1983	-9.0581	-149.2893	-46.5250	-15.7343	20.2290	11.9831	-0.0338	-0.1513	0.1279	-0.3989	0.8749	-0.0343	-0.2726	0.0297	-0.0161	0.0368	-4.4092	-2.7212	-8.3263	0.32259765698569787	0	0	6	Tilt	Normal
-4.2515	-2.7958	-8.2367	-8.9620	-149.1908	-46.4502	-15.2279	20.4513	12.0388	0.1603	-0.0594	0.0833	-0.3981	0.8751	-0.0352	-0.2731	0.0106	0.0030	0.0442	-4.4118	-2.7364	-8.3200	-0.07552282494129336	0	0	6	Tilt	Normal
-4.2898	-2.7575	-8.3516	-8.7843	-149.2456	-46.4731	-15.1883	20.3968	12.3222	0.0970	-0.0079	-0.0229	-0.3979	0.8754	-0.0365	-0.2721	0.0233	0.0243	0.0133	-4.3868	-2.7496	-8.3287	0.10378663137756483	0	0	6	Tilt	Normal
-4.2515	-2.9874	-8.1983	-8.8363	-149.1215	-46.5362	-15.4996	20.6300	11.2533	0.1492	-0.2237	0.1185	-0.3985	0.8748	-0.0366	-0.2732	-0.0321	-0.0695	0.0335	-4.4007	-2.7637	-8.3169	-0.07918567111780916	0	0	6	Tilt	Normal
-4.2521	-2.6815	-8.1211	-8.9928	-149.1910	-46.4342	-14.6791	20.8545	11.6513	0.1636	0.0506	0.1981	-0.3980	0.8751	-0.0349	-0.2732	-0.0214	0.0136	0.0197	-4.4157	-2.7321	-8.3193	-0.1552067736020195	0	0	6	Tilt	Normal
-4.3281	-2.7575	-8.3133	-9.2759	-149.3548	-46.3688	-15.3545	19.9830	11.8213	0.1055	-0.0778	0.0135	-0.3981	0.8753	-0.0320	-0.2728	-0.1258	-0.0279	0.0303	-4.4336	-2.6797	-8.3267	0.21863230040796822	0	0	6	Tilt	Normal
-4.4047	-2.6809	-8.2750	-10.0087	-149.9870	-46.1203	-14.7355	20.4279	12.4580	0.0593	-0.1680	0.0875	-0.3977	0.8765	-0.0235	-0.2703	-0.1716	-0.0130	0.1134	-4.4640	-2.5129	-8.3625	-0.019620694962664942	1	0	7	Tilt	Normal
-4.3664	-2.3744	-8.5048	-10.8864	-150.5938	-45.5291	-14.0448	20.1568	13.9074	0.1583	-0.0687	-0.1154	-0.3948	0.8786	-0.0132	-0.2685	-0.2100	-0.0481	0.1614	-4.5247	-2.3058	-8.3894	0.10053805715511999	1	0	7	Tilt	Normal
-4.6352	-1.8771	-8.3127	-12.6300	-151.3393	-45.1902	-13.9416	20.0699	13.9322	0.0147	0.1339	0.0842	-0.3951	0.8786	0.0039	-0.2681	-0.2707	-0.1621	0.0086	-4.6498	-2.0110	-8.3969	-0.14961780415298165	1	0	7	Tilt	Normal
-4.7878	-1.7998	-8.3516	-14.0398	-152.0483	-45.3336	-14.0454	19.9130	14.1943	-0.0618	-0.0079	0.0524	-0.3984	0.8774	0.0171	-0.2669	-0.3261	-0.1248	0.0331	-4.7260	-1.7919	-8.4039	0.0924342715763462	1	0	7	Tilt	Normal
-4.5963	-1.2252	-7.9302	-16.0017	-152.8655	-45.0893	-13.4160	18.6925	14.7339	0.2653	0.2439	0.4589	-0.3992	0.8765	0.0359	-0.2664	-0.1950	-0.1270	0.0512	-4.8616	-1.4691	-8.3891	-0.5460020290536995	1	0	7	Tilt	Normal
-4.8644	-1.3018	-8.2750	-16.7620	-153.0642	-45.1901	-12.6716	18.8411	15.8056	0.0552	0.0729	0.0964	-0.4010	0.8752	0.0423	-0.2672	-0.0502	-0.0385	-0.0415	-4.9196	-1.3747	-8.3713	0.43928651313016154	1	0	7	Tilt	Normal
-4.9027	-1.1103	-8.1600	-16.8927	-152.8472	-45.4449	-12.7735	18.7317	16.6657	0.0441	0.2999	0.1894	-0.4032	0.8736	0.0420	-0.2693	0.0574	-0.0524	-0.1033	-4.9469	-1.4102	-8.3495	-0.10263487451090292	0	0	7	Upright	Normal
-4.8267	-1.4557	-8.2744	-17.2132	-152.7581	-45.1072	-12.9239	18.8269	15.4511	0.1695	-0.0965	0.0540	-0.4011	0.8739	0.0450	-0.2708	0.0212	-0.0684	0.0408	-4.9963	-1.3592	-8.3284	0.10516896091576555	0	0	7	Upright	Normal
-4.7495	-1.4934	-8.3899	-17.2132	-152.9938	-45.5828	-13.0085	18.6952	15.1066	0.2140	-0.1223	-0.0438	-0.4046	0.8728	0.0447	-0.2692	-0.0875	-0.0226	-0.0838	-4.9635	-1.3711	-8.3460	0.06668114299496253	0	0	7	Upright	Normal
-4.8644	-1.3018	-8.0068	-18.0800	-152.1510	-45.7625	-13.6699	18.4387	15.5231	0.2595	0.1031	0.2360	-0.4075	0.8684	0.0481	-0.2783	0.0851	-0.2516	-0.1286	-5.1239	-1.4049	-8.2428	-0.2973005252638199	1	0	8	Upright	Normal
-4.1366	-0.8422	-7.7004	-18.4731	-151.4410	-45.0280	-12.6684	18.9413	15.1057	1.1078	0.5457	0.4693	-0.4028	0.8685	0.0505	-0.2845	0.0340	0.0307	-0.0860	-5.2443	-1.3879	-8.1696	-0.6770182164917387	1	0	8	Upright	Normal
-5.5156	-1.6466	-8.1217	-18.1596	-150.5492	-45.3039	-12.6514	18.9459	15.0925	-0.2324	-0.0910	-0.0076	-0.4048	0.8659	0.0442	-0.2904	0.1991	-0.1696	-0.0327	-5.2833	-1.5556	-8.1141	1.1730309034534265	1	0	8	Upright	Normal
-5.1709	-1.5317	-7.6620	-17.8977	-149.1963	-44.2653	-12.4573	19.3816	15.5130	0.2324	0.1199	0.3536	-0.3971	0.8666	0.0401	-0.2995	0.2204	-0.1089	0.0768	-5.4033	-1.6516	-8.0156	-0.5849933014521316	1	0	8	Upright	Normal
-5.9370	-2.7575	-8.9645	-16.0473	-150.3349	-45.6835	-12.5299	19.7522	15.2670	-0.8607	-0.9303	-0.7751	-0.4045	0.8683	0.0259	-0.2860	-0.0566	0.3406	-0.0958	-5.0763	-1.8272	-8.1894	1.7305204712171864	1	0	8	Upright	Normal
-4.4813	-1.7232	-8.1983	-15.5550	-151.0494	-46.1217	-13.6567	19.5179	15.3198	0.4678	0.1035	0.0685	-0.4069	0.8694	0.0235	-0.2792	-0.1631	0.1276	-0.0639	-4.9491	-1.8268	-8.2669	-1.5994664712131055	1	0	8	Upright	Normal
-5.0566	-1.6089	-8.2744	-15.6487	-151.5608	-46.1498	-13.8849	18.8056	15.3100	-0.1437	0.1477	0.0293	-0.4072	0.8704	0.0260	-0.2756	0.0436	-0.0247	0.0395	-4.9129	-1.7566	-8.3037	0.32900750614131447	0	0	8	Upright	Normal
-4.9416	-1.8004	-8.2744	-15.6462	-151.5598	-45.6917	-13.8379	18.9377	14.4872	-0.0150	-0.0827	0.0293	-0.4037	0.8720	0.0271	-0.2755	-0.0630	0.0158	0.1393	-4.9267	-1.7177	-8.3037	-0.025308690044253623	0	0	8	Upright	Normal
-4.7878	-1.3402	-8.3133	-16.3151	-152.3738	-44.9551	-13.8419	19.7698	15.0838	0.1549	0.1456	0.0254	-0.3988	0.8753	0.0370	-0.2711	-0.2217	-0.0876	0.2139	-4.9427	-1.4858	-8.3387	-0.11781936549996175	0	0	8	Upright	Normal
-4.6729	-1.3018	-8.0834	-17.2716	-152.7307	-43.6091	-12.1008	19.3141	16.1323	0.3656	-0.0766	0.2403	-0.3897	0.8789	0.0489	-0.2706	-0.1578	-0.0141	0.2213	-5.0384	-1.2252	-8.3237	-0.2593986055489932	0	0	8	Upright	Normal
-4.9799	-0.8045	-8.1211	-17.5920	-153.7299	-43.2839	-12.0256	18.8954	16.3315	0.0021	0.2367	0.2614	-0.3872	0.8817	0.0556	-0.2637	-0.0321	0.0200	0.0722	-4.9820	-1.0412	-8.3825	0.1330805694340409	1	0	9	Upright	Normal
-4.9033	-1.0343	-8.3127	-17.6987	-154.0452	-43.0831	-11.7369	19.0270	16.2237	0.0625	-0.0603	0.0875	-0.3857	0.8829	0.0580	-0.2614	-0.0406	0.0328	0.0541	-4.9659	-0.9740	-8.4002	0.14606692460930937	1	0	9	Upright	Normal
-4.5586	-0.6512	-8.0828	-17.4986	-154.0818	-43.2156	-11.4111	19.2567	16.3686	0.3814	0.3510	0.3294	-0.3864	0.8829	0.0562	-0.2607	0.0936	0.0477	-0.0642	-4.9400	-1.0023	-8.4122	-0.4038415500191075	1	0	9	Upright	Normal
-3.8684	-0.5357	-7.5088	-16.5102	-153.5624	-43.8285	-12.3702	19.8757	16.8788	1.0096	0.6877	0.9102	-0.3900	0.8815	0.0452	-0.2621	0.3259	0.1095	-0.3124	-4.8780	-1.2234	-8.4191	-0.8388404777784704	1	0	9	Upright	Normal
-4.4813	-0.9954	-8.6197	-14.3768	-152.8294	-45.6382	-13.2498	19.7149	14.8974	0.1986	0.6916	-0.1683	-0.4011	0.8775	0.0217	-0.2620	0.5517	0.1159	-0.5350	-4.6799	-1.6870	-8.4514	1.3022024505636747	1	0	9	Upright	Normal
-5.4773	-3.4854	-9.0794	-14.0769	-151.6254	-45.8084	-13.7980	19.3678	14.5769	-0.7238	-1.6065	-0.7100	-0.4021	0.8746	0.0148	-0.2703	-0.2313	-0.2122	0.2160	-4.7535	-1.8788	-8.3694	1.395871038142669	1	0	9	Upright	Normal
-4.7495	-1.2252	-7.9302	-14.4740	-152.2413	-45.6283	-13.4610	19.2299	15.3630	-0.0049	0.5230	0.4726	-0.4013	0.8760	0.0205	-0.2668	0.1139	0.1010	-0.0940	-4.7446	-1.7482	-8.4028	-1.8372011758341316	1	0	9	Upright	Normal
-4.8261	-2.0297	-8.2750	-14.1736	-151.9303	-45.7420	-13.6302	19.0605	14.9963	-0.0881	-0.2034	0.1148	-0.4017	0.8754	0.0167	-0.2683	-0.0672	-0.0130	0.0638	-4.7380	-1.8263	-8.3897	0.4676331740236286	1	0	9	Upright	Normal
-4.6346	-1.4551	-8.1600	-14.3701	-152.1161	-45.7018	-13.7978	19.2607	14.0263	0.1083	0.3252	0.2369	-0.4017	0.8756	0.0190	-0.2674	0.0350	0.0189	-0.0406	-4.7429	-1.7802	-8.3969	-0.29572418256356237	0	0	9	Upright	Normal
-4.6729	-1.9914	-8.5431	-14.1672	-152.0400	-45.7651	-13.6630	19.7530	14.7971	0.0537	-0.1758	-0.1445	-0.4019	0.8756	0.0170	-0.2674	0.0340	-0.0034	0.0201	-4.7266	-1.8156	-8.3986	0.44268327595307433	0	0	9	Upright	Normal
-4.5586	-1.8387	-8.3127	-14.1880	-152.0496	-45.7768	-14.0602	19.7927	14.7129	0.1689	-0.0256	0.0859	-0.4020	0.8756	0.0172	-0.2674	-0.0182	0.0008	-0.0033	-4.7275	-1.8132	-8.3986	-0.2818681535410317	0	0	10	Tilt	Normal
-4.7118	-1.7238	-8.3893	-14.1600	-152.1087	-45.7948	-13.7211	18.9979	14.5844	0.0067	0.0865	0.0150	-0.4021	0.8757	0.0171	-0.2669	-0.0022	0.0008	-0.0033	-4.7185	-1.8103	-8.4042	0.11785844617042862	0	0	10	Tilt	Normal
-4.6346	-1.7615	-8.3133	-14.1776	-152.1159	-45.8088	-13.7269	19.3500	14.8083	0.0848	0.0473	0.0908	-0.4022	0.8756	0.0173	-0.2669	0.0074	-0.0066	-0.0086	-4.7194	-1.8088	-8.4041	-0.09558366364980486	0	0	10	Tilt	Normal
-4.6346	-1.7998	-8.4282	-14.1689	-152.1250	-45.8324	-13.8021	19.7010	14.6864	0.0823	0.0106	-0.0230	-0.4024	0.8756	0.0172	-0.2668	-0.0012	0.0062	0.0064	-4.7169	-1.8105	-8.4051	0.10583103236554336	0	0	10	Tilt	Normal
-4.6352	-1.7238	-8.3510	-14.1717	-152.1371	-45.8398	-13.7242	19.1355	14.6294	0.0807	0.0856	0.0549	-0.4025	0.8756	0.0172	-0.2667	0.0020	0.0019	-0.0011	-4.7158	-1.8094	-8.4059	-0.07991387375288994	0	0	10	Tilt	Normal
-4.5969	-1.8387	-8.3893	-14.1858	-152.1524	-45.8774	-14.1977	19.0919	15.0107	0.1179	-0.0296	0.0174	-0.4028	0.8754	0.0173	-0.2666	-0.0022	0.0008	-0.0032	-4.7148	-1.8091	-8.4066	0.03583655090351634	0	0	10	Tilt	Normal
-4.6729	-1.8381	-8.3133	-14.2063	-152.1675	-45.9256	-13.9555	19.7691	14.4053	0.0412	-0.0290	0.0937	-0.4032	0.8753	0.0174	-0.2666	0.0020	-0.0013	-0.0000	-4.7140	-1.8091	-8.4069	-0.029151727773104597	0	0	10	Tilt	Normal
-4.5963	-1.7615	-8.3133	-14.2129	-152.1794	-45.9393	-13.8610	19.7281	14.7268	0.1169	0.0465	0.0944	-0.4033	0.8752	0.0175	-0.2665	-0.0022	0.0008	-0.0007	-4.7131	-1.8081	-8.4077	-0.05088168448811459	0	0	10	Tilt	Normal
-4.5969	-1.8004	-8.3893	-14.2076	-152.1813	-45.9348	-13.9010	19.6127	14.5750	0.1157	0.0076	0.0187	-0.4032	0.8753	0.0174	-0.2665	-0.0012	0.0030	-0.0007	-4.7125	-1.8081	-8.4080	0.07287681738641005	0	0	10	Tilt	Normal
-4.6352	-1.6855	-8.3893	-14.2141	-152.1990	-45.9383	-13.4416	19.3334	14.8248	0.0763	0.1200	0.0199	-0.4033	0.8753	0.0175	-0.2664	0.0031	-0.0024	-0.0007	-4.7115	-1.8055	-8.4092	-0.0024114085748898617	1	0	11	Tilt	Normal
Total time: 11 seconds.
