-8.6185	-5.0943	0.3825	-20.5488	-87.4676	-11.9243	9.6537	28.7751	8.4386	0.9358	-2.9211	-0.0232	-0.1988	0.6632	0.0488	-0.7199	-0.0065	-0.0729	0.3592	-9.5544	-2.1732	0.4057	0.1711022115190275	6	0	1	Upright	Normal
-8.7718	-4.8261	0.4208	-20.9437	-87.3087	-12.0065	9.7267	28.6785	8.5071	0.7756	-2.6273	-0.0091	-0.2018	0.6613	0.0504	-0.7207	-0.0161	-0.0686	0.3507	-9.5473	-2.1988	0.4299	0.0017991480132337756	6	0	1	Upright	Normal
-8.6951	-4.7495	0.5357	-21.3499	-86.7953	-11.7996	9.5743	28.6233	9.2409	0.8486	-2.5519	0.0251	-0.2033	0.6578	0.0532	-0.7233	-0.0779	-0.1464	0.3681	-9.5437	-2.1976	0.5106	-0.09844684335814868	6	0	1	Upright	Normal
-8.6568	-4.9027	0.6506	-22.0048	-86.0627	-11.3898	10.0982	28.5547	8.8600	0.8842	-2.7233	0.0263	-0.2053	0.6527	0.0584	-0.7269	-0.0651	-0.1177	0.3703	-9.5410	-2.1795	0.6243	0.047780428347994786	6	0	1	Upright	Normal
-8.6951	-4.7495	0.6506	-22.0160	-85.4326	-10.9211	10.3103	28.5558	9.0939	0.8480	-2.6100	-0.0733	-0.2030	0.6495	0.0603	-0.7303	0.0276	-0.0612	0.4054	-9.5431	-2.1395	0.7239	-0.04091405230559353	6	0	1	Upright	Normal
-8.5036	-4.8261	0.9954	-22.6100	-84.8601	-10.7760	10.6213	28.3980	9.7142	1.0283	-2.6680	0.1845	-0.2062	0.6451	0.0637	-0.7330	-0.1546	-0.1251	0.3660	-9.5319	-2.1581	0.8109	-0.10084986868739598	6	0	1	Upright	Normal
-8.5808	-4.8267	1.3791	-23.2790	-83.0658	-9.9515	11.2939	28.4015	8.9945	0.9269	-2.6835	0.2916	-0.2068	0.6339	0.0697	-0.7420	0.0350	-0.2530	0.4161	-9.5077	-2.1433	1.0874	0.11309383244535987	6	0	1	Upright	Normal
-8.6957	-5.5162	-1.2258	-22.7846	-84.0665	-10.1118	11.2425	28.5441	8.5190	0.8380	-3.4171	-2.1603	-0.2040	0.6409	0.0676	-0.7369	0.1202	0.5055	0.3455	-9.5337	-2.0991	0.9345	0.4291687552128458	6	0	1	Upright	Normal
-8.5042	-7.6614	-3.1795	-20.4496	-93.8186	-17.2413	9.8465	28.3374	8.9947	0.9087	-4.9790	-2.5675	-0.2276	0.6924	0.0274	-0.6841	-0.0875	2.2312	-0.3437	-9.4130	-2.6824	-0.6120	1.5092669854938574	6	0	1	Upright	Normal
-13.1777	-14.5567	-2.5283	-24.0192	-105.5987	-26.8838	5.3475	27.8826	11.3375	-4.2677	-11.2430	-0.1196	-0.3035	0.7285	0.0237	-0.6137	-0.6436	1.6932	-1.0947	-8.9100	-3.3137	-2.4087	7.917797262366326	6	0	1	Upright	Normal
-7.7764	-4.9416	-1.7621	-31.7139	-116.0902	-42.0687	-3.1091	24.0038	15.9996	0.2809	-0.7235	1.9067	-0.4279	0.7099	0.0337	-0.5584	-2.4513	0.1369	-1.3376	-8.0572	-4.2181	-3.6688	-10.416853516929123	6	1	2	Jump	Normal
-5.4779	-0.6129	-2.6432	-36.5376	-121.9534	-49.4246	-7.8001	18.8654	20.0980	2.2812	3.6974	1.5268	-0.4853	0.6907	0.0564	-0.5331	-0.1759	0.0964	-0.4971	-7.7592	-4.3103	-4.1700	-3.267598014736399	6	1	2	PT	Normal
-1.3018	-2.8341	-2.6821	-35.6175	-115.3558	-45.2237	-8.2008	17.7491	20.7594	6.6762	1.7342	0.7319	-0.4603	0.6798	0.0429	-0.5693	1.6329	-0.7686	0.6992	-7.9781	-4.5683	-3.4140	-1.9996136344976483	6	1	2	PT	Normal
-11.1474	-8.5425	-4.2138	-37.0782	-113.2720	-39.8913	-7.2089	20.6186	19.0068	-2.7370	-4.5571	-1.1226	-0.4345	0.6847	0.0718	-0.5807	-1.5608	-1.0434	1.8369	-8.4104	-3.9854	-3.0912	10.549256009301184	6	1	2	Jump	Normal
-10.4956	-6.0519	0.3059	-31.3762	-102.1454	-23.6810	-0.3707	21.4002	18.3173	-1.2842	-3.1850	2.0674	-0.3200	0.6982	0.0818	-0.6352	2.7205	-0.8037	1.0773	-9.2114	-2.8669	-1.7615	-2.5434365046668628	6	1	2	PT	Normal
-7.1251	-5.0949	0.5363	-22.7864	-94.6554	-16.4549	3.2947	26.3136	12.6766	2.3363	-2.6218	1.2701	-0.2357	0.6942	0.0487	-0.6784	1.5679	-0.8219	0.9847	-9.4614	-2.4731	-0.7338	-3.343582315709341	6	1	2	PT	Normal
-9.5002	-6.7038	2.2218	-17.6397	-87.2973	-9.5544	7.0192	27.9349	9.2446	0.1365	-4.9395	1.7813	-0.1674	0.6705	0.0459	-0.7213	0.3460	-0.9721	1.1754	-9.6367	-1.7642	0.4405	3.062013164037795	6	1	2	PT	Normal
-7.0868	-7.5082	0.1149	-24.6337	-80.7654	-6.8540	9.1656	27.2428	9.3874	2.4454	-5.7016	-1.3155	-0.2000	0.6221	0.0935	-0.7511	-1.0910	-1.2640	0.2699	-9.5322	-1.8066	1.4304	-1.5125360638955208	6	1	2	PT	Normal
-6.2052	-4.0600	1.4934	-23.0817	-78.9913	-9.3485	9.5425	26.4009	9.7535	3.1740	-1.7719	-0.2292	-0.2047	0.6085	0.0652	-0.7639	1.5061	0.3169	-0.1647	-9.3791	-2.2881	1.7226	-2.7608824361729853	6	1	2	PT	Normal
-7.9296	-5.7461	2.6815	-19.4904	-82.8802	-10.2127	7.9921	27.1153	8.3509	1.5754	-3.6215	1.5357	-0.1844	0.6384	0.0458	-0.7459	-0.1163	0.3265	0.6747	-9.5050	-2.1246	1.1458	2.5888786915932203	6	2	3	PT	Normal
-10.3046	-7.3550	2.9113	-19.6229	-78.5509	-6.1266	9.4886	27.3696	8.4288	-0.8178	-5.6792	1.0778	-0.1651	0.6159	0.0670	-0.7675	0.0232	-0.6834	0.9421	-9.4869	-1.6758	1.8335	2.8374699908402157	6	2	3	PT	Normal
-7.9673	-6.8947	-5.0955	-26.5353	-81.1352	-8.1491	10.5273	25.9286	9.1933	1.5287	-4.8529	-6.4474	-0.2189	0.6190	0.0963	-0.7481	-1.5257	0.8090	0.2113	-9.4960	-2.0418	1.3520	-1.2868324851090307	6	2	3	PT	Normal
-13.0239	-3.1023	4.4047	-33.1336	-96.1032	-18.8163	7.2445	22.7410	15.0808	-3.6100	-0.4966	5.2779	-0.3046	0.6721	0.1045	-0.6667	0.0094	2.6413	-0.1257	-9.4139	-2.6056	-0.8731	2.3904430125844556	6	2	3	PT	Normal
-9.3470	-3.4477	-5.8227	-24.1847	-108.0780	-29.2639	1.0567	22.6049	14.3427	-0.6047	0.0220	-3.0466	-0.3190	0.7347	0.0190	-0.5984	1.2004	1.2852	-1.2836	-8.7423	-3.4696	-2.7761	-2.5548782694418204	6	2	3	PT	Normal
-6.3207	-4.3670	0.9194	-23.3053	-111.8061	-40.0195	-5.2348	21.2257	12.4432	1.5790	0.3843	4.2650	-0.3839	0.7233	-0.0307	-0.5731	-1.7153	0.7196	-1.1238	-7.8997	-4.7513	-3.3456	-3.8019701791588165	6	2	3	Jump	Normal
-3.6386	-0.7655	-1.9160	-31.1978	-119.1244	-47.9191	-8.9575	16.3207	15.0878	3.9377	3.9359	2.1668	-0.4617	0.7035	0.0137	-0.5400	-0.9142	-0.1657	-0.4356	-7.5763	-4.7015	-4.0827	-3.554515471808574	6	2	3	Jump	Normal
-3.1789	-5.4390	-4.2910	-32.0413	-111.5899	-42.3552	-9.6484	15.7238	17.1230	4.8495	-0.7102	-1.2321	-0.4318	0.6852	0.0176	-0.5863	1.8044	-1.2746	1.1580	-8.0284	-4.7288	-3.0589	3.43951193243006	6	2	3	PT	Normal
-5.9370	-1.5700	-3.8696	-38.5833	-108.5355	-34.9311	-7.6194	17.2270	15.4778	2.7991	2.1600	-1.4326	-0.4140	0.6729	0.0904	-0.6063	-1.9049	-1.1734	1.4924	-8.7361	-3.7300	-2.4370	-0.3638300907129377	0	2	3	Upright	Normal
-10.3424	-4.4813	2.6043	-32.3859	-95.8119	-18.5461	-2.2792	18.4737	16.0795	-0.9236	-1.8824	3.4430	-0.2993	0.6732	0.1005	-0.6687	2.7610	-1.1862	0.8703	-9.4188	-2.5989	-0.8387	4.309918358515245	0	0	3	Upright	Normal
-11.0319	-7.6225	2.4894	-21.8176	-85.3797	-8.1602	2.4772	23.0873	9.6304	-1.3976	-5.9444	1.7561	-0.1861	0.6542	0.0766	-0.7290	1.3431	-0.1486	1.1728	-9.6343	-1.6782	0.7332	2.0697944430640884	0	1	4	PT	Normal
-5.0943	-7.8141	1.7232	-20.4285	-86.0894	-7.4115	4.8070	23.9903	7.0501	4.5777	-6.3204	1.0965	-0.1727	0.6620	0.0743	-0.7256	-0.4444	0.5513	0.9449	-9.6720	-1.4937	0.6267	-4.152415295265307	0	1	4	Jump	Normal
-6.8181	-5.3241	0.8422	-25.3158	-80.6909	-6.5386	6.0946	22.9357	8.0983	2.7194	-3.5482	-0.5918	-0.2028	0.6211	0.0992	-0.7505	-0.9600	-0.7569	0.1651	-9.5375	-1.7759	1.4340	-0.7943757390821222	0	1	4	PT	Normal
-7.9673	-3.9834	1.5317	-25.6363	-81.4092	-8.3368	5.5705	21.9212	9.8101	1.5350	-1.9502	0.2111	-0.2140	0.6220	0.0906	-0.7477	0.7136	0.3116	0.1246	-9.5023	-2.0331	1.3206	0.34685197986167005	0	1	4	Upright	Normal
-13.3303	-6.0903	2.3361	-23.0191	-78.7828	-4.7883	4.2915	22.8027	9.2229	-3.8068	-4.5439	0.5804	-0.1800	0.6149	0.0949	-0.7619	0.4824	-0.8165	1.2197	-9.5235	-1.5464	1.7557	5.802355943374415	0	0	4	Upright	Normal
-13.9815	-7.9673	-1.5329	-28.2203	-75.3288	-2.8183	6.6464	21.4846	9.5977	-4.5638	-6.3277	-3.7213	-0.2075	0.5877	0.1300	-0.7711	-0.8225	-0.1166	0.6838	-9.4177	-1.6396	2.1885	1.3243971480832801	0	0	4	Upright	Normal
-7.8147	-7.3167	-5.3630	-34.4825	-86.1851	-10.3354	6.4982	19.8909	11.0821	1.7452	-5.1977	-5.9008	-0.2743	0.6303	0.1389	-0.7128	-1.5554	2.3953	-0.3378	-9.5599	-2.1190	0.5378	-4.191555992421154	0	0	4	Upright	Normal
-9.9593	-1.6083	4.4813	-35.8138	-104.7112	-24.6300	2.6365	16.4521	12.3613	-0.7296	1.0201	6.5009	-0.3442	0.6961	0.1139	-0.6197	-0.0726	2.2983	-0.5700	-9.2296	-2.6284	-2.0195	-0.9346736586028381	0	0	4	Upright	Normal
-7.5459	-10.8787	0.0377	-28.0981	-107.2623	-36.2676	-1.4126	15.5153	10.1532	0.8155	-6.4437	2.6049	-0.3799	0.6975	0.0067	-0.6075	-1.1580	0.7591	-1.4830	-8.3615	-4.4350	-2.5672	2.2007872687333183	0	0	4	Upright	Normal
-6.8953	-0.8811	-0.1149	-36.4468	-119.7742	-49.7432	-3.9407	12.8883	11.2728	0.8133	3.7456	3.8023	-0.4879	0.6795	0.0450	-0.5461	-2.4342	0.3277	-1.1198	-7.7086	-4.6266	-3.9172	-6.287326780304685	0	0	4	Upright	Normal
-1.8771	0.1149	-1.5706	-41.6473	-125.4966	-56.5676	-4.3031	10.0964	13.8522	5.6798	4.6931	2.6845	-0.5371	0.6546	0.0755	-0.5266	0.3461	-0.5267	-0.1174	-7.5568	-4.5782	-4.2551	-4.502113961441048	0	1	5	Jump	Normal
-2.7964	-6.8953	-8.2361	-38.1379	-107.3317	-38.4092	-3.1964	10.8852	12.3561	5.6600	-2.4930	-5.9382	-0.4332	0.6553	0.0643	-0.6154	3.2394	-1.3469	1.0587	-8.4565	-4.4023	-2.2978	8.649273487982523	0	1	5	Jump	Normal
-4.7501	0.8811	-3.2944	-44.7541	-107.2238	-28.8190	0.3725	12.5459	12.2052	4.4423	3.6051	-1.2324	-0.4040	0.6648	0.1603	-0.6076	0.1394	-1.0455	1.3602	-9.1924	-2.7240	-2.0620	-5.252009600142528	0	1	5	Jump	Normal
-10.9942	-3.2944	1.9154	-32.5670	-93.2540	-7.5570	3.6973	13.7906	9.9464	-1.2489	-2.3038	2.3846	-0.2381	0.6835	0.1599	-0.6712	2.2614	-0.9400	1.9241	-9.7453	-0.9906	-0.4693	5.788437682259857	0	1	5	Jump	Normal
-6.9719	-10.3046	4.6352	-27.1910	-87.0670	-2.6984	6.7531	15.7440	6.5418	2.8003	-9.6145	4.1890	-0.1861	0.6653	0.1453	-0.7083	-0.5018	0.2083	1.3967	-9.7722	-0.6901	0.4462	1.6410403354126917	0	1	5	PT	Normal
-5.5162	-5.2481	-1.5323	-19.6280	-82.8275	-0.5503	9.2194	15.6574	6.0285	4.2093	-4.7434	-2.6855	-0.1310	0.6512	0.1092	-0.7395	1.2239	-0.6780	0.5062	-9.7255	-0.5047	1.1533	-5.5104160586052	0	1	5	Jump	Normal
-7.0485	-5.4779	2.1452	-25.9496	-76.7321	3.1818	9.9468	15.7342	5.0833	2.5364	-5.0244	0.1215	-0.1592	0.6095	0.1605	-0.7599	-1.8750	-1.2756	0.7235	-9.5849	-0.4536	2.0237	1.4144645369991853	0	1	5	PT	Normal
-8.6568	-4.7495	4.1749	-31.9067	-71.6881	7.5250	11.4171	13.9848	7.5118	0.7863	-4.3542	1.5594	-0.1854	0.5764	0.2117	-0.7672	0.2353	-0.2678	0.6223	-9.4432	-0.3953	2.6155	1.5394425561531175	0	1	5	PT	Normal
-7.6614	-6.6655	1.0343	-38.2433	-72.7114	8.3993	12.2690	13.3761	7.4077	1.8652	-6.2486	-1.2546	-0.2221	0.5779	0.2494	-0.7446	-0.8587	0.8358	0.5512	-9.5267	-0.4169	2.2889	-0.5128048432569479	0	1	5	PT	Normal
-11.7986	-10.9942	-2.4134	-50.0893	-78.5879	0.5648	12.3977	12.0587	8.1811	-2.1715	-9.6006	-3.6582	-0.3248	0.5754	0.2716	-0.6998	-2.0667	1.5879	-1.0211	-9.6271	-1.3936	1.2448	6.098929544838414	0	2	6	Jump	Normal
-12.4498	-5.0566	4.4819	-64.2000	-80.8063	-6.7587	10.6531	11.0406	10.4831	-3.0023	-2.5165	3.8000	-0.4363	0.5243	0.3058	-0.6643	-1.5096	0.9476	-0.4171	-9.4475	-2.5401	0.6819	-2.141315670986687	0	2	6	PT	Normal
-7.6225	-4.1366	1.6849	-72.1991	-73.9045	-1.7633	10.1775	10.7922	12.4982	1.7157	-1.2594	0.8538	-0.4783	0.4784	0.3442	-0.6511	-1.8036	-1.8902	-0.1731	-9.3383	-2.8772	0.8311	-5.330491590911718	0	2	6	Jump	Normal
-8.0056	-0.0760	2.1829	-74.7139	-38.4794	27.5156	11.5274	11.0156	12.9153	0.8278	3.6723	0.1595	-0.4942	0.3907	0.3727	-0.6814	-1.0686	-1.2766	-0.4565	-8.8334	-3.7483	2.0234	-0.5365323443884282	0	2	6	PT	Normal
-11.3766	-3.7535	-3.3333	-69.6753	-4.5324	63.8268	12.7407	10.2275	12.4023	-2.8072	-0.4055	-6.7286	-0.4674	0.3293	0.4527	-0.6842	-1.3029	-2.0553	1.4567	-8.5694	-3.3480	3.3953	4.136677642908127	0	2	6	Jump	Normal
-7.0102	-10.3046	-1.6089	-68.4625	23.1974	91.7785	16.0853	7.5528	11.9755	1.4901	-6.7038	-4.9178	-0.5029	0.2799	0.5028	-0.6449	-0.1333	-0.7035	0.4042	-8.5003	-3.6009	3.3089	0.13157495762472493	0	2	6	Tilt	Normal
-15.4761	-6.7038	2.7198	-61.5796	37.0459	106.2827	17.1139	7.1011	11.3721	-7.2118	-2.9627	-1.0054	-0.5095	0.2247	0.5542	-0.6187	-1.1975	-1.3469	0.7547	-8.2643	-3.7411	3.7252	4.51708414676018	0	0	6	Tilt	Normal
-5.5162	-1.4174	2.4517	-62.7249	43.4839	113.6998	18.2663	6.5033	11.8107	2.9874	2.2200	-0.8089	-0.5292	0.2318	0.5586	-0.5951	0.1352	0.5982	0.0463	-8.5036	-3.6374	3.2606	-10.882886162987713	0	0	6	Tilt	Normal
-8.4270	-5.9370	2.9874	-60.8004	29.4549	104.2413	18.1165	7.1282	11.3917	-0.0156	-3.0966	-1.1782	-0.4736	0.2517	0.5794	-0.6137	-1.8047	-1.5919	1.0903	-8.4114	-2.8404	4.1656	4.531843114032662	0	0	6	Tilt	Normal
-7.6614	-5.5545	2.1452	-47.3839	36.9200	115.1174	21.0155	3.2835	10.1177	0.0633	-2.6697	-3.1630	-0.4492	0.1661	0.6648	-0.5733	-1.2593	-2.0437	0.9730	-7.7247	-2.8849	5.3082	-1.0293494028436978	0	1	7	PT	Normal
-7.8913	-5.4013	2.6049	-48.1648	44.8420	123.7350	22.0606	1.1755	9.6180	0.2577	-2.5275	-2.0328	-0.4849	0.1685	0.6709	-0.5352	-0.5286	0.3361	0.7525	-8.1490	-2.8738	4.6377	0.20804948889607644	0	1	7	Tilt	Normal
-8.3504	-5.7072	0.1143	-48.6153	50.8726	129.8426	21.5856	-0.8208	10.4069	0.0887	-2.8407	-3.9768	-0.5121	0.1708	0.6705	-0.5090	-0.5499	0.5363	0.6779	-8.4391	-2.8665	4.0911	0.2038428987766725	0	1	7	Tilt	Normal
-8.5425	-11.3772	-1.0343	-42.5800	69.9552	142.3460	21.8802	-4.4671	11.3441	0.1407	-7.5498	-3.5092	-0.6016	0.1092	0.6554	-0.4434	-3.0426	0.7622	-0.6515	-8.6832	-3.8274	2.4749	4.14975143686226	0	0	7	Tilt	Normal
-13.4841	-4.4819	2.3750	-31.0428	81.3398	143.8512	22.6787	-5.9725	10.9487	-5.2065	0.6220	1.1100	-0.6599	-0.0019	0.6406	-0.3925	-1.7494	0.6588	-0.7357	-8.2777	-5.1040	1.2650	0.14175321919883643	0	0	7	Upright	Normal
-9.5385	-5.3630	0.1532	-29.8233	87.2454	144.3745	24.0421	-5.7206	11.1090	-1.4398	0.1522	-0.2556	-0.6917	-0.0266	0.6117	-0.3830	-1.1741	0.5609	-0.8871	-8.0987	-5.5152	0.4088	-3.4626949241049196	0	0	7	Upright	Normal
-10.3040	-4.9027	1.7998	-24.6021	91.5292	135.2177	25.5432	-3.0845	11.0528	-3.4225	2.0803	2.0379	-0.7039	-0.1292	0.5721	-0.4008	-1.7919	-0.6386	-2.0419	-6.8815	-6.9830	-0.2381	0.6081098373965936	0	0	7	Upright	Normal
-5.0943	-2.9491	-1.3797	-13.6351	98.6692	128.3236	26.6576	1.1680	10.0645	0.6440	4.8728	0.0569	-0.7116	-0.2586	0.5431	-0.3630	-2.1456	-1.0061	-1.2770	-5.7383	-7.8219	-1.4365	-5.506097464307374	0	0	7	Upright	Normal
-2.4134	-1.6472	-2.4134	-3.0260	99.3317	127.1151	28.2670	3.6279	7.3054	3.3589	6.1202	-0.8254	-0.6899	-0.3240	0.5704	-0.3061	-0.1738	-1.7283	0.2932	-5.7723	-7.7674	-1.5880	-2.256120950968792	0	0	7	Upright	Normal
-12.3343	-8.9633	-6.1298	5.3216	98.3868	132.6672	28.6433	3.9156	2.9425	-5.6614	-1.9194	-4.7055	-0.6803	-0.3313	0.6120	-0.2299	-1.7482	-1.5057	1.1071	-6.6729	-7.0439	-1.4243	12.643444471758006	0	0	7	Upright	Normal
-8.0056	-2.0297	-1.4563	9.8809	95.6048	141.3354	29.5711	1.8748	0.3601	-0.2822	3.9397	-0.5127	-0.6773	-0.2989	0.6526	-0.1613	0.9107	-1.4674	1.5747	-7.7234	-5.9693	-0.9436	-8.04689686913543	0	1	8	Jump	Normal
-8.1977	-3.6775	1.6472	-2.8538	78.7056	152.7974	30.6482	-1.8720	-3.2628	0.3991	0.6337	-0.2710	-0.6206	-0.1304	0.7476	-0.1971	2.9070	-1.8008	1.2924	-8.5968	-4.3112	1.9182	0.7482195931054356	0	1	8	PT	Normal
-10.4956	-8.6185	3.4471	-4.9728	72.5683	157.3010	29.4899	-4.8767	-5.6565	-1.7657	-5.2429	0.5204	-0.5866	-0.0821	0.7845	-0.1837	0.0595	-0.1581	1.0559	-8.7299	-3.3757	2.9266	4.876850460414667	0	1	8	Jump	Normal
-10.1897	-7.9296	-0.8045	2.3875	74.5380	161.0750	28.7183	-7.5022	-6.6110	-1.2842	-4.7610	-3.4165	-0.5945	-0.1159	0.7869	-0.1184	-0.9855	-1.0743	0.7864	-8.9055	-3.1686	2.6121	-1.0747702569558513	0	1	8	PT	Normal
-4.0600	-3.4087	6.1669	9.0589	73.2537	160.6076	27.9129	-7.3597	-8.7603	4.6504	0.1290	3.3766	-0.5756	-0.1626	0.7965	-0.0883	1.5275	0.8155	-0.3694	-8.7104	-3.5377	2.7903	-4.804355314672295	0	1	8	Jump	Normal
-8.3887	-2.8724	3.6769	2.3931	71.8188	163.3607	28.3004	-6.5814	-8.4361	0.5017	-0.0820	0.6198	-0.5778	-0.1016	0.8030	-0.1051	0.3801	-0.1635	0.8376	-8.8904	-2.7904	3.0571	1.4667370129076769	0	1	8	PT	Normal
-12.1811	-10.4956	1.7615	4.1399	70.1091	167.7122	27.5612	-7.6705	-8.8631	-3.2220	-8.2976	-1.5663	-0.5675	-0.0908	0.8156	-0.0669	-0.3187	-0.6961	0.9313	-8.9591	-2.1980	3.3278	6.5762930650466895	0	1	8	Jump	Normal
-10.1891	-6.9330	-3.2950	9.4063	77.1527	163.8139	27.5099	-8.0853	-10.5240	-1.1063	-3.9254	-5.4462	-0.6062	-0.1510	0.7786	-0.0591	-1.0026	1.5260	-0.4727	-9.0829	-3.0076	2.1512	-3.418271189266372	0	1	8	PT	Normal
-13.3303	-4.9793	1.6466	12.9432	89.2938	154.3306	29.3308	-3.8211	-6.8706	-4.5038	-0.7072	1.5288	-0.6630	-0.2333	0.7068	-0.0798	-0.5370	2.2877	-0.7741	-8.8265	-4.2722	0.1178	1.5678514090670816	0	1	8	PT	Normal
-6.1675	-7.3550	2.1835	4.2729	98.0553	145.8440	31.1477	2.6133	-0.1117	1.9251	-1.9881	3.5539	-0.7141	-0.2449	0.6346	-0.1655	-0.1770	0.6386	-1.3912	-8.0926	-5.3669	-1.3704	-4.480991595079681	0	1	8	Jump	Normal
-7.1245	-1.5317	1.3402	7.9131	104.2659	139.2155	29.9362	6.4774	3.1822	0.2891	4.4248	3.7338	-0.7234	-0.3141	0.5930	-0.1623	-1.8878	0.5353	-1.1611	-7.4136	-5.9565	-2.3936	-2.4343656294843026	0	2	9	PT	Normal
-4.5969	-1.2258	-1.1109	12.6450	108.9360	136.1258	29.2048	8.6439	5.9652	2.5727	4.7010	1.9944	-0.7264	-0.3615	0.5693	-0.1327	-0.9717	-0.1273	-0.5294	-7.1696	-5.9268	-3.1053	-2.523996698885374	0	2	9	PT	Normal
-3.1789	-0.8805	-2.0692	10.9467	99.9251	142.5019	29.0491	9.5364	4.8519	4.6804	4.7453	-0.4096	-0.7020	-0.3031	0.6298	-0.1367	2.1527	-1.1926	1.3784	-7.8593	-5.6258	-1.6596	-0.9916300219119654	0	2	9	PT	Normal
-7.6992	-4.8261	-2.9886	15.3021	98.1758	148.6113	29.7352	7.9005	0.7527	0.7790	-0.0844	-1.6433	-0.6975	-0.2865	0.6521	-0.0787	-1.9315	-0.5864	1.7289	-8.4782	-4.7417	-1.3452	5.671720854285507	0	2	9	Jump	Normal
-9.1165	-4.4813	1.7998	9.7541	89.5359	161.7532	31.0463	3.9255	-1.1432	0.1926	-1.3981	1.7216	-0.6832	-0.1709	0.7079	-0.0531	2.5203	-1.1297	1.2250	-9.3091	-3.0833	0.0783	0.7509863290444088	0	2	9	PT	Normal
-11.4539	-7.0102	2.4517	5.7231	82.5546	167.6497	31.4775	1.7494	-3.9235	-1.9820	-4.8065	1.1874	-0.6510	-0.1082	0.7498	-0.0480	1.0416	-0.4682	1.3477	-9.4719	-2.2037	1.2643	3.334261332459553	0	2	9	PT	Normal
-5.4779	-6.2058	1.2641	5.6124	83.6111	169.1979	30.6533	-1.1811	-4.2293	4.0752	-4.2744	0.1782	-0.6594	-0.0990	0.7443	-0.0376	-0.3613	-0.6131	0.9290	-9.5532	-1.9314	1.0859	-5.277238176252741	0	2	9	Jump	Normal
-7.1245	-6.0903	2.5660	11.1919	76.9571	164.9910	30.7082	-2.1394	-5.6868	2.2476	-4.1867	0.3950	0.6040	0.1566	-0.7804	0.0416	-1.3605	-1.3471	0.4369	-9.3721	-1.9035	2.1709	1.3441402295338634	0	2	9	PT	Normal
-9.7677	-2.0680	0.5357	11.3876	73.8153	167.5364	29.4375	-2.1452	-8.3095	-0.5351	-0.1317	-2.1439	0.5854	0.1437	-0.7974	0.0271	0.9457	0.0069	0.2196	-9.2326	-1.9363	2.6796	0.28083111184515097	0	2	9	Tilt	Normal
-6.9719	-5.5162	1.1875	11.6040	76.9057	167.2950	29.3826	-2.0473	-8.6138	2.3846	-3.5436	-0.9887	0.6061	0.1471	-0.7813	0.0237	-0.3816	0.2189	0.3847	-9.3565	-1.9727	2.1762	-1.0294082884579066	0	0	9	Tilt	Normal
-8.9256	-4.4053	4.1372	10.3170	76.3798	167.3618	29.2110	-2.5346	-7.4129	0.4513	-2.6489	1.8652	0.6042	0.1380	-0.7841	0.0309	0.1021	-0.1337	0.7056	-9.3769	-1.7564	2.2719	1.8099501143699754	0	1	10	PT	Normal
-13.2920	-5.1326	3.5620	8.5548	74.5385	170.3397	29.0985	-2.8907	-7.5814	-3.9453	-3.6738	0.9768	0.5967	0.1100	-0.7946	0.0218	1.0065	-0.2967	0.7088	-9.3467	-1.4588	2.5851	3.9079043332303325	0	1	10	Jump	Normal
-8.8107	-8.6574	-2.0303	10.0554	80.4405	170.6464	29.7362	-4.8657	-6.1157	0.7114	-6.9451	-3.6338	0.6356	0.1191	-0.7627	0.0056	-1.0154	1.0061	-0.1189	-9.5220	-1.7123	1.6035	-2.1689918998524487	0	1	10	PT	Normal
-10.5345	-6.2824	1.2258	9.5700	92.7011	162.2280	30.0057	-2.4668	-2.3825	-1.1827	-3.3655	1.6816	-0.7035	-0.1683	0.6889	-0.0466	-0.4934	2.3047	-0.6633	-9.3518	-2.9169	-0.4558	-0.19136096783647183	0	1	10	Tilt	Normal
-9.0788	0.3065	-0.4980	1.8670	101.1881	158.1191	29.8377	1.9015	2.8673	-0.1284	3.8343	1.4039	-0.7566	-0.1568	0.6256	-0.1081	0.7359	1.8093	-0.7155	-8.9504	-3.5279	-1.9019	-3.2290586503575316	0	0	10	Tilt	Normal
-7.2778	-3.1406	1.1103	-1.9997	105.3562	149.1549	28.8107	6.7938	6.0292	0.7949	1.7858	3.7058	-0.7693	-0.2013	0.5807	-0.1746	-1.6002	0.6046	-1.2333	-8.0726	-4.9264	-2.5955	-1.0937070303668825	0	0	10	Tilt	Normal
-4.0983	-0.3442	-0.7667	3.0611	111.6803	146.4894	26.8466	9.5780	8.9581	3.6069	4.5258	2.8510	-0.7877	-0.2528	0.5438	-0.1407	-0.9269	0.0634	-0.3247	-7.7051	-4.8700	-3.6178	-3.8203229772198	0	0	10	Tilt	Normal
-2.9491	-1.5700	-0.8434	1.8237	106.7868	149.8943	26.3636	9.6376	8.7057	5.2185	3.0614	1.9875	-0.7726	-0.2176	0.5791	-0.1425	1.5317	-1.1829	1.2061	-8.1675	-4.6314	-2.8308	-0.7378006773706485	0	0	10	Tilt	Normal
-13.0628	-11.9135	-3.6392	4.7594	101.6396	156.5143	27.2397	9.0773	4.7893	-4.1879	-8.2362	-1.6674	-0.7529	-0.1833	0.6246	-0.0970	-2.2329	-0.6173	1.3361	-8.8749	-3.6773	-1.9718	14.604481257789573	0	0	10	Tilt	Normal
-10.8787	-4.2132	0.5740	8.2594	98.0149	164.8235	28.7689	6.5089	3.2518	-1.4549	-1.8604	1.9272	-0.7400	-0.1462	0.6557	-0.0325	1.7714	-0.7376	1.1475	-9.4237	-2.3528	-1.3532	-6.37008146426429	0	1	11	Jump	Normal
-7.5842	-5.0176	0.3059	4.1043	89.6991	170.3758	29.6686	4.1480	-0.3326	2.0837	-3.3745	0.2545	-0.7002	-0.0844	0.7081	-0.0343	1.6744	-0.8549	1.0226	-9.6679	-1.6432	0.0513	-2.5812823762258077	0	1	11	PT	Normal
-9.0399	-7.1629	0.8422	5.6078	85.3741	173.4357	30.0193	2.5617	-1.5811	0.6620	-5.9686	0.0551	-0.6740	-0.0747	0.7349	-0.0089	0.8062	-0.4362	0.8661	-9.7019	-1.1943	0.7871	2.465538405035087	0	1	11	PT	Normal
-8.1971	-5.8221	0.9571	6.7516	83.3214	168.0759	29.6044	1.4432	-2.2848	1.4754	-4.6691	-0.1755	0.6554	0.1127	-0.7458	0.0385	-0.7544	-0.4405	0.6551	-9.6726	-1.1530	1.1326	-1.4646689713076935	0	1	11	PT	Normal
-7.4693	-4.5197	1.4551	8.6112	80.0685	162.0253	29.8027	0.4235	-4.4576	2.0816	-3.0513	-0.2171	0.6246	0.1570	-0.7617	0.0716	-0.2367	-0.6280	0.2024	-9.5509	-1.4684	1.6722	-1.2490377267280657	0	1	11	PT	Normal
-10.1125	-4.0983	2.7192	8.8072	78.6507	160.7641	28.7235	0.8012	-5.0426	-0.6110	-2.5967	0.8122	0.6130	0.1641	-0.7686	0.0809	0.1639	-0.2391	0.3920	-9.5015	-1.5016	1.9070	2.394390817436367	0	1	11	PT	Normal
-9.9593	-5.2092	1.0720	8.0868	80.2441	162.6060	28.9818	1.4811	-5.3582	-0.3904	-3.8295	-0.5731	0.6273	0.1505	-0.7609	0.0704	0.5100	0.6982	0.3510	-9.5689	-1.3797	1.6451	0.045254561477577226	0	1	11	Tilt	Normal
-9.3081	-4.7495	2.6426	8.4600	82.6068	167.2476	29.6866	0.7478	-3.4042	0.3112	-3.3067	1.3945	0.6480	0.1282	-0.7500	0.0348	-0.6894	0.2583	0.4873	-9.6193	-1.4428	1.2481	-0.5116102929058357	0	0	11	Tilt	Normal
-7.8907	-2.6809	2.8724	1.7287	83.0943	173.7545	29.1982	0.3409	-1.8280	1.7832	-1.5863	1.6939	-0.6616	-0.0474	0.7478	-0.0308	1.5806	0.2604	0.4223	-9.6739	-1.0946	1.1785	-1.963946359568686	0	0	11	Tilt	Normal
-10.4573	-5.0943	1.5317	-8.3675	74.1508	174.7516	28.8760	-0.9671	-3.1191	-1.0273	-4.6193	-1.1179	-0.6033	0.0306	0.7929	-0.0804	-0.4721	-2.2792	0.8676	-9.4300	-0.4749	2.6496	2.917746745297327	0	0	11	Tilt	Normal
-9.1171	-3.0646	1.0726	-3.3154	73.8134	172.3940	28.8037	-0.9291	-6.0665	0.2390	-1.9746	-1.6565	-0.6005	-0.0167	0.7964	-0.0703	-1.3137	-0.8624	0.1518	-9.3561	-1.0900	2.7291	-2.0545632378198864	0	1	12	PT	Normal
-8.3127	-3.9073	3.1795	-11.2744	76.6475	171.3459	29.1691	0.3077	-6.6693	1.1869	-2.9093	0.9586	-0.6212	0.0303	0.7739	-0.1196	0.6656	0.1177	0.2955	-9.4996	-0.9981	2.2209	0.04193475912882505	0	1	12	Upright	Normal
-8.1211	-5.1715	2.4134	-11.5373	75.9832	169.7756	28.6616	0.0751	-6.0694	1.3268	-3.9500	0.0862	-0.6171	0.0243	0.7755	-0.1315	-0.2601	0.0431	0.2880	-9.4480	-1.2215	2.3272	0.2058456163433693	0	1	12	Upright	Normal
-8.0062	-4.9033	3.6775	-14.1114	75.9819	167.7148	28.9338	0.0920	-5.4535	1.4138	-3.4447	1.3738	-0.6177	0.0309	0.7696	-0.1589	0.1063	-0.0144	0.2103	-9.4200	-1.4587	2.3037	0.15715175592000286	0	1	12	Upright	Normal
-9.1931	-3.8684	2.3361	-11.4888	72.0078	166.2952	28.9717	0.9424	-6.1747	0.0114	-2.2447	-0.6322	-0.5904	0.0106	0.7921	-0.1545	-0.6010	-0.9561	0.3861	-9.2045	-1.6237	2.9684	0.1608415011119586	0	1	12	Upright	Normal
-8.1588	-4.2898	2.3744	-10.0206	70.9668	166.3299	27.9296	0.6153	-8.3084	0.9807	-2.6395	-0.7748	-0.5826	0.0018	0.7994	-0.1469	0.1830	0.1038	0.3434	-9.1396	-1.6504	3.1493	-0.7250492950705176	0	0	12	Upright	Normal
-8.4276	-5.0182	2.7581	-10.8023	71.5111	165.7952	28.1949	0.3898	-7.2781	0.7316	-3.3010	-0.2966	-0.5867	0.0039	0.7949	-0.1545	-0.0045	0.0580	0.2864	-9.1592	-1.7172	3.0547	0.6701821245039739	0	0	12	Upright	Normal
-8.4276	-4.4436	3.2944	-11.0622	70.8287	164.7409	28.5609	0.1672	-7.9914	0.6713	-2.6019	0.1339	-0.5821	0.0013	0.7966	-0.1631	0.0552	-0.1327	0.3205	-9.0989	-1.8417	3.1605	-0.10808193411044797	0	0	12	Upright	Normal
-8.0439	-5.4007	2.9874	-10.3659	70.3206	164.6666	29.3395	0.6736	-8.6320	1.0184	-3.5319	-0.2611	-0.5782	-0.0033	0.8000	-0.1602	-0.0311	-0.1828	0.3546	-9.0624	-1.8688	3.2485	0.058029901471295275	0	0	12	Upright	Normal
-8.2738	-4.4430	3.2555	-9.0531	69.5385	164.4270	27.9356	0.2089	-9.3784	0.7217	-2.4960	-0.1299	-0.5720	-0.0128	0.8052	-0.1555	-0.0940	-0.1189	0.3706	-8.9955	-1.9471	3.3854	-0.19932610680139184	0	0	12	Upright	Normal
-8.3121	-4.5197	3.5237	-8.1838	69.0675	164.7482	28.4061	0.3273	-9.2249	0.6560	-2.5913	0.0558	-0.5682	-0.0168	0.8091	-0.1491	-0.0663	-0.1487	0.3865	-8.9681	-1.9284	3.4679	0.15676270813868243	1	0	13	Upright	Normal
-8.4270	-4.5580	3.2172	-6.6455	68.2680	164.8730	27.5865	0.2302	-9.7795	0.4767	-2.5863	-0.3894	-0.5616	-0.0262	0.8149	-0.1410	-0.1110	-0.1678	0.3538	-8.9037	-1.9716	3.6066	0.010142549879054386	1	0	13	Upright	Normal
-8.0822	-4.5197	3.3704	-5.8129	68.2519	164.9575	27.7628	0.5584	-9.7050	0.8098	-2.5109	-0.2445	-0.5610	-0.0317	0.8159	-0.1364	0.0786	0.0069	0.3101	-8.8921	-2.0087	3.6149	-0.25203492569964503	1	0	13	Upright	Normal
-8.1971	-4.5580	3.4854	-5.4256	68.6573	165.0644	27.7306	0.8683	-9.9953	0.7154	-2.5298	-0.0676	-0.5636	-0.0345	0.8144	-0.1337	-0.0002	0.0761	0.3357	-8.9126	-2.0282	3.5530	0.1513872062788426	1	0	13	Upright	Normal
-8.0062	-4.6735	3.4860	-4.9263	68.7443	165.0906	27.1558	0.3872	-9.7704	0.9043	-2.6169	-0.0560	-0.5639	-0.0380	0.8145	-0.1310	-0.0300	-0.0251	0.3346	-8.9105	-2.0566	3.5419	-0.1015965689290379	1	0	13	Upright	Normal
-8.2361	-4.5969	3.3327	-4.3094	68.9287	165.1926	27.5801	0.4725	-10.3557	0.6788	-2.5142	-0.1830	-0.5648	-0.0421	0.8143	-0.1273	0.0296	0.0314	0.3240	-8.9148	-2.0827	3.5157	0.0993928205426009	1	0	13	Upright	Normal
-8.1971	-4.7495	3.1406	-3.7050	69.4289	165.2153	27.9351	1.1099	-9.9740	0.7371	-2.6218	-0.2979	-0.5679	-0.0469	0.8124	-0.1240	-0.0173	0.0569	0.3122	-8.9343	-2.1277	3.4385	-0.022926339687948882	1	0	13	Upright	Normal
-8.1971	-4.8261	3.1406	-3.3504	69.6634	165.2415	28.2959	1.4141	-10.0031	0.7456	-2.6761	-0.2617	-0.5693	-0.0495	0.8115	-0.1219	0.0073	0.0367	0.3303	-8.9428	-2.1500	3.4023	0.0366782561867911	1	0	13	Upright	Normal
-8.1594	-4.7884	3.1795	-2.8139	69.9577	165.2461	27.3512	1.0136	-9.4621	0.7916	-2.6017	-0.1773	-0.5709	-0.0536	0.8105	-0.1191	0.0126	0.0367	0.3282	-8.9510	-2.1867	3.3568	-0.03666595608569523	1	0	13	Upright	Normal
-8.1977	-4.7884	3.2178	-2.2617	70.2380	165.3619	27.8635	0.7440	-9.8381	0.7649	-2.5826	-0.0953	-0.5725	-0.0573	0.8097	-0.1154	0.0041	0.0442	0.3303	-8.9627	-2.2058	3.3131	0.043563563668431726	2	0	14	Upright	Normal
-8.2744	-4.6352	3.2178	-1.8292	70.4426	165.4384	27.8918	0.5510	-9.1631	0.6961	-2.4132	-0.0633	-0.5737	-0.0601	0.8091	-0.1126	-0.0141	0.0303	0.3282	-8.9705	-2.2220	3.2811	-0.008996417533108314	2	0	14	Upright	Normal
-8.2361	-4.7501	3.1795	-1.2433	70.4259	165.4360	28.2629	1.0657	-9.1037	0.7250	-2.4955	-0.1052	-0.5731	-0.0643	0.8096	-0.1098	-0.0300	-0.0293	0.3229	-8.9610	-2.2546	3.2847	0.010030277015841804	2	0	14	Upright	Normal
-8.1971	-4.7112	3.1023	-0.9060	70.4671	165.3926	27.7959	0.9536	-8.3315	0.7596	-2.4304	-0.1761	-0.5730	-0.0669	0.8096	-0.1084	-0.0236	-0.0080	0.3144	-8.9567	-2.2808	3.2784	-0.07478581345196744	2	0	14	Upright	Normal
-8.1977	-4.7118	2.9880	-1.4110	70.8261	165.1407	28.1466	1.7363	-8.0351	0.7756	-2.4131	-0.2318	-0.5759	-0.0650	0.8072	-0.1125	0.0467	0.0665	0.3144	-8.9733	-2.2987	3.2198	-0.03426004504269642	2	0	14	Upright	Normal
-8.2361	-4.8267	3.1795	-1.8059	70.8965	164.8749	28.5324	2.1503	-9.2184	0.7359	-2.5063	-0.0283	-0.5765	-0.0636	0.8063	-0.1163	0.0094	0.0047	0.3144	-8.9720	-2.3204	3.2078	0.14556607038138125	2	0	14	Upright	Normal
-8.2738	-4.9027	2.9491	-1.9704	71.1413	164.6962	27.8049	1.9422	-8.9348	0.7063	-2.5584	-0.2188	-0.5783	-0.0636	0.8047	-0.1182	0.0190	0.0356	0.3186	-8.9801	-2.3444	3.1678	-0.0024938948793238325	2	0	14	Upright	Normal
-8.1588	-4.8261	3.0640	-2.0225	71.3733	164.4662	27.8907	1.2902	-8.8645	0.8244	-2.4439	-0.0663	-0.5798	-0.0646	0.8033	-0.1199	0.0382	0.0378	0.3083	-8.9832	-2.3822	3.1303	-0.09709904001091196	2	0	14	Upright	Normal
-8.2738	-4.8261	3.0640	-1.9257	71.2046	164.3984	28.3473	1.5119	-8.5671	0.6966	-2.4315	-0.0938	-0.5785	-0.0655	0.8041	-0.1200	-0.0353	-0.0549	0.3307	-8.9703	-2.3947	3.1578	0.09439856924562484	2	0	14	Upright	Normal
-8.1594	-4.7501	3.1412	-1.9169	71.2842	164.3674	27.6084	2.0572	-8.7326	0.8136	-2.3486	-0.0037	-0.5791	-0.0658	0.8037	-0.1202	0.0232	0.0186	0.3275	-8.9730	-2.4015	3.1449	-0.10639901127704832	2	0	14	Upright	Normal
-8.1588	-4.8261	3.1406	-1.9062	71.3547	164.3406	27.6797	1.1923	-8.9317	0.8164	-2.4184	0.0072	-0.5795	-0.0661	0.8033	-0.1203	0.0147	0.0069	0.3232	-8.9753	-2.4077	3.1334	0.03582576896004497	3	0	15	Upright	Normal
-8.1594	-4.8267	3.0263	-1.6771	71.4121	164.3750	28.1935	1.5060	-8.8506	0.8169	-2.4113	-0.0983	-0.5798	-0.0676	0.8032	-0.1188	0.0169	0.0207	0.3328	-8.9763	-2.4155	3.1246	-0.03457274796344478	3	0	15	Upright	Normal
-8.2361	-4.9033	2.9113	-1.6832	71.7169	164.3613	28.4687	1.8910	-8.7275	0.7552	-2.4801	-0.1637	-0.5819	-0.0679	0.8017	-0.1188	0.0403	0.0645	0.3302	-8.9913	-2.4232	3.0751	0.06610387376727722	3	0	15	Upright	Normal
-8.1971	-4.8644	2.9874	-1.7978	71.8024	164.4685	27.7516	1.2333	-8.8853	0.8046	-2.4623	-0.0736	-0.5827	-0.0666	0.8013	-0.1186	0.0201	0.0314	0.3632	-9.0017	-2.4021	3.0610	-0.028589385391310174	3	0	15	Upright	Normal
-8.3504	-4.6346	2.7958	-1.8677	72.3037	164.7411	28.4728	1.1482	-8.5158	0.6885	-2.2694	-0.1835	-0.5864	-0.0653	0.7989	-0.1167	0.1085	0.1337	0.3483	-9.0389	-2.3652	2.9793	-0.03782292307141333	3	0	15	Upright	Normal
-9.1548	-4.2132	2.7575	-3.4280	73.3002	164.7752	28.0083	1.4275	-8.4830	-0.0471	-1.9091	-0.0554	-0.5946	-0.0553	0.7925	-0.1239	0.3663	0.3617	0.3068	-9.1077	-2.3041	2.8129	0.49707623987300664	3	0	15	Upright	Normal
-10.9170	-3.4087	3.0640	-8.5458	76.4661	168.2456	29.1660	0.6359	-6.7590	-1.5130	-1.8003	0.7946	-0.6199	-0.0050	0.7745	-0.1261	1.1844	0.6376	1.4136	-9.4040	-1.6085	2.2694	1.3918938025960799	3	0	15	Upright	Normal
-7.0096	-2.8341	1.6083	-17.3003	76.7939	171.5241	30.0677	-1.7190	-5.7921	2.5317	-2.0858	-0.5306	-0.6211	0.0722	0.7658	-0.1504	0.4557	1.0775	0.2248	-9.5413	-0.7483	2.1389	-4.110088084404806	3	0	15	Upright	Normal
-8.5036	-4.2515	3.6769	-21.0781	82.8667	172.9171	30.1373	-1.4309	-2.3642	1.2070	-3.4861	2.5407	-0.6578	0.0967	0.7282	-0.1663	1.6084	-0.6003	0.2014	-9.7106	-0.7654	1.1362	2.463409877448342	3	0	15	Upright	Normal
-8.7718	-3.7918	2.6809	-24.2437	94.0009	177.8284	30.4945	-1.9340	1.6054	0.9934	-3.1403	3.3049	-0.7176	0.1296	0.6638	-0.1662	-0.0460	1.7113	0.2078	-9.7652	-0.6515	-0.6240	-0.2682396356596062	0	0	15	Upright	Normal
-8.9250	-4.3664	-0.2687	-27.4688	96.9008	177.8069	30.2014	-2.0970	5.8392	0.7828	-3.4506	0.7768	-0.7299	0.1435	0.6408	-0.1900	0.0818	-0.1252	-0.1310	-9.7077	-0.9158	-1.0455	0.01428799260130198	1	0	16	Upright	Normal
Total time: 16 seconds.
