8.3899	-3.3704	0.1143	40.3883	-85.6213	148.7199	-26.4198	-15.9868	13.7342	0.9424	2.9841	-0.4559	-0.6825	0.0719	-0.5998	0.4115	0.0132	-0.0422	0.4409	7.4475	-6.3545	0.5703	-0.34042692149999	6	0	1	Upright	Normal
9.0411	-2.6043	0.5357	40.9762	-84.7018	148.2774	-26.5396	-15.1545	14.5699	1.6691	3.8265	-0.1478	-0.6777	0.0763	-0.6015	0.4160	0.0643	0.1666	0.5347	7.3720	-6.4308	0.6835	0.3816557513178491	6	0	1	Upright	Normal
9.1943	-3.0257	0.9571	41.0060	-83.1093	146.7958	-27.2990	-14.4433	14.1466	1.8474	3.4090	0.0693	-0.6703	0.0737	-0.6053	0.4229	0.2294	-0.0848	0.5656	7.3469	-6.4347	0.8878	0.30261402667293424	6	0	1	Upright	Normal
9.2320	-2.9880	0.6129	41.7165	-82.4079	145.0284	-27.5378	-14.2937	14.4802	1.9763	3.5380	-0.3542	-0.6676	0.0705	-0.6001	0.4350	0.2486	-0.0901	0.7786	7.2558	-6.5260	0.9671	-0.003723915212331619	6	0	1	Upright	Normal
7.0874	-2.4894	0.3442	45.6977	-79.7185	142.1400	-27.8674	-11.6377	13.8245	0.3482	4.5291	-0.8782	-0.6554	0.0903	-0.5884	0.4649	0.1144	0.3094	1.7075	6.7392	-7.0185	1.2224	-2.2030779289732667	6	0	1	Upright	Normal
7.7387	-3.7535	0.1143	49.1031	-78.4609	140.6039	-29.5707	-8.5303	13.4210	1.4482	3.6594	-1.1699	-0.6501	0.1091	-0.5748	0.4849	0.1464	0.0580	0.6717	6.2905	-7.4129	1.2842	1.0819412800323551	6	0	1	Upright	Normal
8.3133	-3.7918	0.6889	49.5697	-78.4656	140.1855	-29.3860	-7.7435	13.5962	2.0819	3.6730	-0.5827	-0.6505	0.1098	-0.5709	0.4887	-0.0177	0.0068	0.5854	6.2314	-7.4648	1.2716	0.5614449680982947	6	0	1	Upright	Normal
8.5814	-3.5620	0.4974	49.5196	-80.1128	142.2334	-30.3047	-6.4293	13.6696	2.3097	3.8973	-0.5957	-0.6567	0.1142	-0.5704	0.4800	-0.2297	0.0952	0.2989	6.2718	-7.4593	1.0931	0.14145661185435188	0	0	1	Upright	Normal
10.7266	-3.9450	1.8765	46.4491	-81.0027	143.8449	-30.4965	-7.3255	13.5987	4.0532	3.1626	0.8199	-0.6604	0.0998	-0.5848	0.4603	0.1027	0.0441	-0.0388	6.6734	-7.1076	1.0566	2.277459413141459	0	0	1	Upright	Normal
6.2830	-8.0822	1.7615	44.5877	-80.4355	141.2548	-30.2654	-8.5058	13.9109	-0.6039	-1.1978	0.6011	-0.6597	0.0751	-0.5853	0.4654	0.0004	-0.4672	0.0219	6.8869	-6.8844	1.1604	-1.1945272983491844	0	0	1	Upright	Normal
7.1641	-4.7495	-1.8010	46.7908	-84.9848	145.8710	-30.2485	-9.8051	15.3965	0.4755	2.3982	-2.3879	-0.6786	0.0980	-0.5682	0.4550	-0.5514	0.3807	0.3181	6.6885	-7.1477	0.5869	-1.6054144041132616	0	1	2	PT	Normal
6.9719	-3.2561	2.2984	45.7257	-81.8717	146.0329	-31.3052	-10.1188	13.9489	0.1948	3.7656	1.3306	-0.6631	0.1044	-0.5914	0.4468	0.3551	0.5022	0.3873	6.7771	-7.0217	0.9679	-0.751418053553639	0	1	2	PT	Normal
7.5082	-2.4134	-1.7238	45.8759	-84.1178	146.9588	-31.2841	-10.4807	13.2492	0.7168	4.6263	-2.4234	-0.6737	0.1020	-0.5813	0.4447	-0.2446	-0.3724	0.4214	6.7915	-7.0397	0.6996	0.04203057312959402	0	1	2	Upright	Normal
9.8067	-4.3670	-1.3024	44.9411	-86.9364	148.0255	-31.6155	-10.7345	14.4306	2.8751	2.5603	-1.6734	-0.6875	0.0916	-0.5723	0.4375	0.3115	0.1368	0.2904	6.9315	-6.9273	0.3710	2.7410658646931196	0	0	2	Upright	Normal
10.2286	-5.2092	-1.1881	43.2818	-89.1347	148.0299	-31.7759	-11.0813	15.2934	3.0905	1.5142	-1.2959	-0.6994	0.0729	-0.5653	0.4312	0.1954	-0.5226	0.2829	7.1382	-6.7234	0.1077	0.72619857018611	0	0	2	Upright	Normal
5.8616	-3.3321	3.1023	47.7557	-79.9591	142.2640	-33.1973	-9.0093	14.3703	-0.6303	3.9277	1.9529	-0.6563	0.1035	-0.5789	0.4727	-0.0571	-1.2938	0.1539	6.4919	-7.2598	1.1494	-4.118038518394481	0	0	2	Upright	Normal
6.5128	-2.9874	2.7575	48.2250	-80.6063	139.6881	-33.4922	-8.9800	15.9198	0.0673	4.3262	1.6912	-0.6616	0.0890	-0.5624	0.4879	0.6598	0.2721	0.5875	6.4455	-7.3135	1.0663	0.25559904667522027	0	0	2	Upright	Normal
6.1298	-4.6729	-0.1155	49.5737	-80.1448	138.6216	-33.2802	-9.4300	16.8262	-0.1356	2.7925	-1.2038	-0.6601	0.0936	-0.5546	0.4979	-0.1977	0.1741	0.6663	6.2653	-7.4654	1.0883	0.03112202397595265	0	0	2	Upright	Normal
9.3093	-2.7575	0.9954	50.6260	-79.1925	139.7894	-33.8708	-8.6586	16.1667	3.1987	4.8234	-0.1710	-0.6543	0.1113	-0.5604	0.4954	-0.2126	0.3243	0.6152	6.1106	-7.5809	1.1664	2.051322906311177	0	0	2	Upright	Normal
9.1943	-3.5237	1.0720	50.8148	-78.5771	140.8890	-34.5587	-7.1109	15.2275	3.1210	4.0776	-0.1550	-0.6501	0.1215	-0.5678	0.4900	-0.2648	0.1709	0.5502	6.0733	-7.6013	1.2270	0.14457923118409077	0	0	3	Upright	Normal
10.1514	-2.3367	0.2682	49.3653	-81.3883	143.2454	-34.9350	-7.9682	15.3089	3.8370	5.1053	-0.6880	-0.6621	0.1137	-0.5680	0.4756	-0.0784	-0.0230	0.1355	6.3144	-7.4421	0.9562	0.5157328450308416	0	0	3	Upright	Normal
7.3173	-9.7294	2.8341	47.4451	-78.5798	137.9974	-34.0155	-9.1414	16.0289	0.8164	-2.5055	1.5211	-0.6528	0.0829	-0.5702	0.4918	-0.2915	-0.5492	0.1760	6.5009	-7.2239	1.3131	2.079131435703312	0	0	3	Upright	Normal
8.0451	-4.5963	-0.2304	48.6172	-84.1003	143.7202	-33.1619	-10.1181	17.8332	1.5966	2.7619	-0.8968	-0.6752	0.1004	-0.5572	0.4727	-0.7133	0.6822	0.2325	6.4485	-7.3581	0.6663	-3.231077954510633	0	0	3	Upright	Normal
6.5122	-3.6009	1.6089	46.9174	-79.9731	141.6983	-34.3212	-11.7196	16.1604	-0.0838	3.5617	0.4428	-0.6569	0.0947	-0.5800	0.4722	0.4116	-0.2563	0.4242	6.5960	-7.1626	1.1661	-1.6549755414268406	0	0	3	Upright	Normal
6.8187	-3.7924	-1.4557	47.7359	-84.4997	142.8871	-34.1022	-11.5527	17.1438	0.2538	3.4652	-2.0877	-0.6782	0.0883	-0.5551	0.4733	-0.1093	-0.1774	0.3070	6.5649	-7.2576	0.6321	0.32360843835603426	0	0	3	Upright	Normal
10.6111	-3.7158	-0.4214	46.4255	-86.0937	142.9013	-32.3089	-11.6355	18.1788	3.8672	3.3890	-0.8818	-0.6864	0.0735	-0.5512	0.4687	0.1463	-0.0315	0.3579	6.7439	-7.1048	0.4604	3.3137827820357346	0	0	3	Upright	Normal
9.2709	-3.1023	-1.8010	44.4980	-88.0311	142.1684	-32.6574	-11.8178	18.0207	2.2805	3.7712	-2.0414	-0.6967	0.0491	-0.5444	0.4647	0.3850	-0.3383	0.2204	6.9905	-6.8735	0.2403	-1.3100898551679183	0	0	3	Upright	Normal
9.8839	-7.9290	7.3927	46.4353	-77.9227	135.1687	-32.8610	-10.4583	18.8649	3.2751	-0.8230	5.9788	-0.6511	0.0630	-0.5661	0.5016	0.8025	2.5975	1.0002	6.6087	-7.1060	1.4139	4.729427098624061	0	0	3	Upright	Normal
7.2024	-3.1406	1.0720	46.8045	-77.9091	133.2944	-33.5066	-9.7829	17.5099	0.6390	4.0089	-0.3340	-0.6522	0.0549	-0.5562	0.5121	-0.1626	-0.8496	0.1011	6.5634	-7.1495	1.4060	-6.739983642095783	0	0	3	Upright	Normal
6.4362	-3.7918	1.5700	48.4637	-78.0479	132.7646	-32.3563	-9.6508	18.1337	0.0745	3.5490	0.2234	-0.6538	0.0621	-0.5456	0.5206	-0.4150	0.1858	0.6508	6.3617	-7.3408	1.3466	-0.2968366963529734	0	0	4	Upright	Normal
8.6963	-2.9108	2.2978	49.4686	-77.4325	132.9089	-32.5000	-8.4024	18.3514	2.4762	4.5428	0.9111	-0.6512	0.0723	-0.5451	0.5230	0.0495	0.0048	0.6789	6.2201	-7.4536	1.3867	1.820704679049105	0	0	4	Upright	Normal
9.9988	-3.8301	0.9954	50.0406	-75.2381	129.0830	-32.9447	-7.1358	17.7030	3.9087	3.6869	-0.6093	-0.6434	0.0647	-0.5371	0.5416	0.3424	-0.2818	0.9452	6.0901	-7.5170	1.6047	1.2994330441883122	0	0	4	Upright	Normal
7.7381	-4.0223	0.4980	52.2961	-77.6937	128.6180	-31.9516	-5.6525	18.7758	1.8787	3.7369	-0.7802	-0.6562	0.0652	-0.5102	0.5522	-0.2307	-0.5395	0.8855	5.8594	-7.7592	1.2782	-2.0181624833622998	0	0	4	Upright	Normal
9.4619	-3.5626	1.0343	51.8388	-80.5114	129.0877	-31.6977	-4.3134	20.0380	3.4855	4.1483	0.0355	-0.6682	0.0514	-0.4984	0.5501	0.3275	-0.2604	0.1910	5.9764	-7.7108	0.9988	1.4278627420729109	0	0	4	Upright	Normal
8.0828	-9.5768	2.3750	50.6591	-76.0691	122.6386	-31.0382	-4.1007	20.6740	2.0491	-1.9923	0.8785	-0.6503	0.0284	-0.4981	0.5729	0.2040	0.0826	0.2411	6.0337	-7.5845	1.4965	2.591755163427109	0	0	4	Upright	Normal
5.7461	-6.3973	-0.3065	52.7069	-79.1031	125.8677	-31.0006	-4.5845	21.0781	-0.0883	1.4046	-1.4296	-0.6638	0.0452	-0.4866	0.5661	-0.4171	0.2881	0.1315	5.8344	-7.8020	1.1232	-4.150417929726414	0	0	4	Upright	Normal
6.7044	-3.9067	0.6506	51.3087	-76.2081	126.7803	-30.9932	-5.6041	19.7081	0.7509	3.7477	-0.8107	-0.6499	0.0554	-0.5145	0.5566	0.6929	1.6687	0.2007	5.9535	-7.6544	1.4614	-0.8176586207677667	0	0	4	Upright	Normal
7.8536	-4.0217	0.7272	51.1431	-70.5579	121.3932	-33.0368	-4.8465	17.1476	2.0521	3.6151	-1.3206	-0.6268	0.0523	-0.5201	0.5778	0.2252	-0.3404	0.4074	5.8014	-7.6368	2.0478	1.066536678924284	0	0	4	Upright	Normal
7.7387	-4.7878	0.1526	49.5315	-75.2934	121.1485	-32.3594	-5.2513	19.0925	1.5826	2.6728	-1.4632	-0.6460	0.0164	-0.5005	0.5761	0.1943	-0.8251	0.0644	6.1561	-7.4606	1.6158	0.24795045807601745	0	0	4	Upright	Normal
8.7346	-5.3241	-1.5712	48.1583	-81.3214	123.7101	-30.4376	-5.4535	20.7940	2.2679	1.9820	-2.5582	-0.6705	-0.0077	-0.4853	0.5611	-0.1753	-0.1582	0.0814	6.4667	-7.3061	0.9870	1.2479899509624577	0	0	5	Upright	Normal
10.6883	-10.5339	3.6386	53.3318	-83.5377	126.2325	-29.5065	-5.7977	21.9490	4.8694	-2.6677	2.9796	-0.6823	0.0294	-0.4593	0.5680	-0.6728	0.9602	1.8652	5.8190	-7.8661	0.6590	5.092277549920585	0	0	5	Upright	Normal
6.5128	-7.3544	2.6043	57.3849	-80.6891	126.4232	-30.6866	-3.5579	19.9341	1.2969	0.9059	1.7491	-0.6719	0.0707	-0.4567	0.5788	-0.6750	0.0217	0.6263	5.2159	-8.2603	0.8552	-5.278595334102651	0	0	5	Upright	Normal
7.0491	-3.1789	0.8039	55.2508	-79.7727	124.5026	-31.2998	-4.8671	19.3440	1.5484	4.8789	-0.1885	-0.6685	0.0503	-0.4632	0.5797	-0.0752	-1.1021	0.1246	5.5007	-8.0578	0.9924	-2.388567993925637	0	0	5	Upright	Normal
6.9336	-5.1332	2.4134	58.4095	-76.2472	121.0507	-31.6818	-3.8736	20.4511	1.9439	3.2204	1.1922	-0.6580	0.0690	-0.4496	0.6001	-0.2595	-0.0784	0.9033	4.9897	-8.3535	1.2212	1.183772249464056	0	0	5	Upright	Normal
6.3213	-4.5580	-0.2304	64.0121	-90.2060	132.5202	-31.0763	-2.8060	21.3856	2.0244	4.2572	-0.2149	-0.7005	0.1006	-0.3967	0.5846	-1.0819	-0.6568	1.2825	4.2968	-8.8152	-0.0156	-1.1615635171624668	0	0	5	Upright	Normal
8.1217	-6.5882	-0.1155	63.4181	-98.1168	138.2374	-28.9617	-3.7158	23.1221	3.7776	2.1819	0.5041	-0.7232	0.0928	-0.3793	0.5697	0.1826	-0.3479	0.3819	4.3441	-8.7701	-0.6196	2.6618567912751647	0	0	5	Upright	Normal
7.0102	-8.8490	-1.2258	64.7059	-87.4786	133.7875	-30.3101	-2.5305	21.9038	2.8244	0.0177	-1.4100	-0.6889	0.1264	-0.4162	0.5798	0.5235	1.6729	0.7846	4.1858	-8.8666	0.1842	0.8971513851445785	0	0	5	Upright	Normal
8.8873	-8.6191	1.1875	67.2135	-56.0077	117.1616	-34.2129	0.0449	14.3982	5.7385	0.4223	-0.9358	-0.5885	0.2132	-0.4920	0.6051	1.2329	3.3049	0.9241	3.1488	-9.0414	2.1234	1.0815390319262548	0	0	5	Upright	Normal
6.6661	-7.7758	5.9370	66.0800	-33.6455	104.5852	-37.6506	2.6024	4.9103	4.4631	1.1887	2.6270	-0.5111	0.2645	-0.5383	0.6156	0.1549	1.2383	0.5950	2.2030	-8.9645	3.3100	-0.5987582806094327	0	1	6	PT	Normal
4.8273	-6.0903	3.4854	65.3989	-32.0860	105.0447	-38.3158	2.7657	1.6980	2.6589	2.8264	0.0268	-0.5005	0.2705	-0.5510	0.6105	-0.1540	0.2796	0.3201	2.1684	-8.9166	3.4586	-3.321214881926691	0	1	6	PT	Normal
4.9805	-5.2858	3.6769	64.6878	-32.4833	106.5328	-38.0650	2.4051	0.9106	2.7291	3.5795	0.1404	-0.4966	0.2703	-0.5606	0.6050	-0.0390	0.3233	0.1507	2.2514	-8.8653	3.5365	-0.3768834098437015	0	1	6	Tilt	Normal
5.1338	-6.2435	3.6386	63.0708	-32.7375	107.9253	-38.5651	1.1761	0.6445	2.7321	2.4998	-0.0973	-0.4895	0.2645	-0.5746	0.6003	0.1357	0.3925	0.1560	2.4017	-8.7433	3.7359	0.724034186075297	0	0	6	Tilt	Normal
5.2104	-6.1286	5.2092	60.9182	-28.8056	106.2618	-38.2899	0.6090	-1.7199	2.9139	2.4419	1.0326	-0.4661	0.2642	-0.5923	0.6018	0.2060	0.4831	0.4191	2.2965	-8.5705	4.1765	0.7191708602682034	0	0	6	Tilt	Normal
5.4402	-5.1709	4.4813	58.4904	-27.9728	106.1679	-38.7250	0.5382	-2.9751	3.0363	3.1898	-0.0452	-0.4533	0.2524	-0.6060	0.6030	-0.0049	0.1411	0.0271	2.4039	-8.3607	4.5265	-0.8418894656138729	0	0	6	Tilt	Normal
5.2104	-6.0519	5.1709	55.8704	-30.6246	106.8966	-39.0134	-0.5991	-3.0961	2.4075	2.0657	0.4362	-0.4565	0.2240	-0.6108	0.6069	0.2774	-0.4863	0.0697	2.8029	-8.1177	4.7347	0.7721515662314307	0	0	6	Tilt	Normal
5.4779	-5.9759	6.4356	52.8561	-30.7847	105.3612	-38.7901	-2.0459	-1.6662	2.4473	1.8413	1.3487	-0.4492	0.1972	-0.6150	0.6174	0.3947	0.0336	0.3006	3.0306	-7.8172	5.0869	0.8368606981895965	0	0	6	Tilt	Normal
5.8227	-6.0142	6.0908	49.6870	-30.4404	103.3722	-39.1184	-2.9722	-1.0210	2.6085	1.4638	0.6210	-0.4383	0.1704	-0.6187	0.6294	0.4650	-0.0154	0.1908	3.2142	-7.4780	5.4699	0.0017661949445795244	0	0	6	Upright	Normal
5.6312	-6.5888	7.0102	48.2201	-30.0121	102.2414	-38.3376	-4.1468	-1.7039	2.3632	0.7242	1.3526	-0.4316	0.1588	-0.6199	0.6357	-0.1678	-0.1656	0.3283	3.2679	-7.3131	5.6576	0.7950435239419527	0	0	6	Upright	Normal
5.5551	-5.4779	6.3584	49.8188	-30.2533	101.3697	-39.0116	-3.7389	-1.3108	2.3674	2.0146	0.8930	-0.4407	0.1646	-0.6077	0.6398	-0.4384	0.1220	0.6180	3.1877	-7.4925	5.4654	-1.08286804338203	0	1	7	PT	Normal
6.0142	-5.4013	5.0949	52.4624	-28.9136	99.8657	-38.6224	-2.2760	-2.4168	3.1255	2.3750	-0.1353	-0.4469	0.1834	-0.5937	0.6436	-0.4895	0.2541	0.6894	2.8888	-7.7764	5.2301	-0.5093379724714833	0	1	7	PT	Normal
5.7461	-5.0949	5.2864	54.4051	-27.3946	99.1212	-38.4198	-1.2956	-3.8177	3.1199	2.8796	0.2188	-0.4484	0.2014	-0.5874	0.6429	-0.3947	0.3191	0.5821	2.6261	-7.9745	5.0676	-0.2320616254298038	0	1	7	Upright	Normal
5.4396	-5.6695	5.4396	54.6111	-26.9521	98.5243	-38.6351	-0.7613	-5.3228	2.8657	2.3254	0.3774	-0.4480	0.2029	-0.5850	0.6449	0.0048	0.1263	0.3573	2.5739	-7.9948	5.0622	0.23305957189309723	0	1	7	Upright	Normal
4.9805	-5.6306	4.7878	54.0195	-27.3025	97.5677	-38.0148	-0.3123	-4.9608	2.3379	2.3052	-0.3317	-0.4490	0.1934	-0.5806	0.6511	0.0432	-0.1208	0.3158	2.6426	-7.9357	5.1196	-0.643773229779125	0	0	7	Upright	Normal
4.9033	-6.2058	5.3247	52.9238	-27.0792	95.2431	-38.4025	-1.3777	-4.3533	2.2121	1.6185	0.0608	-0.4468	0.1788	-0.5726	0.6637	0.1593	-0.1656	0.4031	2.6912	-7.8243	5.2640	0.6220353221650701	0	0	7	Upright	Normal
5.2098	-6.1675	5.1332	52.2068	-27.9402	93.8195	-38.2850	-1.9268	-4.0835	2.3941	1.5823	-0.1758	-0.4500	0.1637	-0.5638	0.6729	0.0847	-0.1624	0.3563	2.8157	-7.7497	5.3090	0.032619316672334975	0	0	7	Upright	Normal
5.2098	-6.1292	5.2098	51.5278	-28.6804	92.4252	-38.7723	-1.7758	-3.8293	2.2818	1.5487	-0.1426	-0.4524	0.1497	-0.5554	0.6815	0.0176	-0.1218	0.3522	2.9280	-7.6779	5.3524	0.01677746451307449	0	0	7	Upright	Normal
5.2487	-5.8987	5.4007	51.0237	-29.1974	91.3505	-38.6727	-2.0391	-2.9467	2.2398	1.7252	0.0162	-0.4540	0.1392	-0.5489	0.6879	0.0081	-0.1261	0.3383	3.0089	-7.6239	5.3846	-0.017756644430889423	0	0	7	Upright	Normal
5.4785	-5.9370	5.2475	50.7477	-29.5730	90.2044	-38.6861	-2.0231	-2.4479	2.4163	1.6571	-0.1490	-0.4558	0.1307	-0.5416	0.6941	-0.0037	-0.0121	0.3916	3.0622	-7.5941	5.3965	0.06703903484142515	0	0	7	Upright	Normal
5.7084	-5.5923	5.0943	50.5863	-30.1876	89.5774	-38.7694	-2.5509	-3.0570	2.5777	1.9843	-0.2876	-0.4586	0.1235	-0.5360	0.6979	-0.0591	-0.0110	0.2893	3.1307	-7.5766	5.3819	-0.15628646887924447	1	0	8	Upright	Normal
5.5935	-5.7455	4.8644	49.8923	-31.0682	89.3408	-38.7027	-2.8438	-3.0643	2.3333	1.7551	-0.5469	-0.4597	0.1130	-0.5338	0.7007	0.0059	-0.0185	0.2531	3.2602	-7.5006	5.4113	-0.09817422350443472	1	0	8	Upright	Normal
5.5935	-5.3624	5.0176	48.9939	-31.5584	88.5868	-38.8555	-3.2309	-3.3817	2.2260	2.0382	-0.4651	-0.4584	0.1015	-0.5308	0.7055	0.1135	0.0688	0.3724	3.3674	-7.4006	5.4827	-0.14731295655849763	1	0	8	Upright	Normal
5.5551	-5.7072	5.6306	48.1007	-31.4226	87.5767	-38.8752	-3.3588	-3.3899	2.1410	1.5923	0.0420	-0.4543	0.0930	-0.5286	0.7110	0.1317	-0.0153	0.3162	3.4141	-7.2995	5.5885	0.5223056298841833	1	0	8	Upright	Normal
5.3636	-4.9793	4.9410	47.4267	-30.8374	85.4592	-38.7560	-4.0066	-2.8265	1.9628	2.2425	-0.7554	-0.4500	0.0843	-0.5203	0.7209	0.0997	0.0423	0.5026	3.4008	-7.2218	5.6964	-0.9233615941494797	1	0	8	Upright	Normal
5.9376	-5.7844	5.5929	46.9331	-30.0784	83.6556	-38.4552	-3.9634	-3.2690	2.5815	1.3801	-0.2017	-0.4453	0.0791	-0.5138	0.7290	0.1061	-0.0004	0.3204	3.3561	-7.1645	5.7946	1.1693935780040476	1	0	8	Upright	Normal
5.8227	-5.2098	5.0182	46.6215	-30.6864	82.7147	-38.7978	-3.8344	-2.8684	2.3855	1.9182	-0.7738	-0.4470	0.0698	-0.5066	0.7339	0.0411	0.1264	0.4099	3.4372	-7.1280	5.7920	-0.7138323674879157	1	0	8	Upright	Normal
5.5545	-5.4396	5.1715	46.2221	-30.9909	81.6561	-38.2747	-4.4937	-3.6018	2.0611	1.6411	-0.6448	-0.4469	0.0614	-0.5001	0.7392	0.0475	-0.0121	0.3556	3.4934	-7.0807	5.8163	0.05143857663548701	0	0	8	Upright	Normal
5.2870	-5.4007	5.4007	45.8493	-30.5450	79.5181	-38.4930	-3.7514	-3.2835	1.8156	1.6358	-0.4820	-0.4440	0.0538	-0.4894	0.7486	0.1210	-0.0206	0.4548	3.4714	-7.0366	5.8827	-0.04824534958893523	0	0	8	Upright	Normal
5.4013	-5.0949	5.5162	45.0926	-29.7399	76.9916	-38.1763	-3.6829	-2.9396	1.9671	1.8509	-0.4949	-0.4376	0.0452	-0.4786	0.7599	0.2041	-0.0153	0.4910	3.4342	-6.9457	6.0111	-0.039213669676334106	0	0	8	Upright	Normal
5.6312	-5.0182	5.8227	44.1910	-28.8831	74.0442	-38.2578	-3.4227	-3.4420	2.2348	1.8176	-0.3341	-0.4300	0.0348	-0.4654	0.7729	0.1827	-0.0334	0.4942	3.3963	-6.8359	6.1568	0.2788312949469489	1	0	9	Upright	Normal
5.5545	-5.3630	5.8993	43.6693	-29.3382	72.3449	-38.2817	-3.5954	-3.5508	2.0791	1.4085	-0.2843	-0.4292	0.0226	-0.4540	0.7805	0.0262	-0.0867	0.3600	3.4755	-6.7716	6.1836	0.18806480450643015	1	0	9	Upright	Normal
5.4396	-5.3247	6.0142	43.7532	-29.1168	70.6194	-38.4448	-3.6930	-3.2229	1.9929	1.4573	-0.1740	-0.4291	0.0181	-0.4427	0.7871	0.0017	0.0369	0.4271	3.4468	-6.7820	6.1883	-0.015640184273355118	1	0	9	Upright	Normal
5.5545	-5.2098	6.0525	43.6342	-28.9350	68.9672	-37.7168	-3.6018	-2.6115	2.1207	1.5574	-0.1591	-0.4279	0.0126	-0.4324	0.7935	-0.0123	0.0475	0.3915	3.4339	-6.7672	6.2116	0.02650484867238667	1	0	9	Upright	Normal
5.5162	-5.0182	5.9376	43.4564	-28.9582	67.7566	-38.2761	-3.5196	-3.0762	2.0698	1.7270	-0.2909	-0.4271	0.0070	-0.4245	0.7983	0.0080	-0.0026	0.3617	3.4465	-6.7452	6.2285	-0.19529319248771237	1	0	9	Upright	Normal
5.3247	-4.9033	5.5545	43.4010	-28.9795	66.4006	-39.0432	-3.7012	-3.0939	1.8727	1.8350	-0.6783	-0.4269	0.0015	-0.4152	0.8034	-0.0144	0.0166	0.4149	3.4520	-6.7383	6.2329	-0.4083670434401565	1	0	9	Upright	Normal
5.6318	-4.9027	5.7838	43.1383	-29.5294	65.2859	-38.9222	-4.1560	-3.6707	2.1050	1.8028	-0.4425	-0.4272	-0.0078	-0.4062	0.8078	0.0293	-0.0644	0.3318	3.5268	-6.7056	6.2263	0.3208988943339097	0	0	9	Upright	Normal
5.8999	-5.3241	6.1286	42.6500	-29.5278	63.6981	-38.7028	-4.0930	-3.3316	2.3451	1.3201	-0.1474	-0.4240	-0.0161	-0.3966	0.8141	0.1007	0.0389	0.4458	3.5548	-6.6442	6.2760	0.5907744479147983	0	0	9	Upright	Normal
5.8227	-4.9416	5.9759	42.2344	-29.6624	61.7112	-38.5843	-4.0876	-3.6624	2.2295	1.6502	-0.3334	-0.4214	-0.0264	-0.3833	0.8214	0.0113	-0.0046	0.4285	3.5932	-6.5918	6.3093	-0.338521067335666	0	0	9	Upright	Normal
5.5929	-5.0182	5.8227	42.1717	-30.0296	60.3877	-38.0556	-5.1497	-3.1458	1.9556	1.5657	-0.4697	-0.4219	-0.0342	-0.3727	0.8258	0.0027	-0.0547	0.3688	3.6372	-6.5839	6.2924	-0.19100551185036174	1	0	10	Upright	Normal
5.3253	-5.1326	5.7072	42.3219	-30.0724	58.7454	-38.6514	-4.2207	-2.8729	1.6921	1.4703	-0.5674	-0.4225	-0.0398	-0.3601	0.8308	-0.0388	-0.0323	0.4508	3.6332	-6.6029	6.2746	-0.16405568770736423	1	0	10	Upright	Normal
5.4019	-4.7495	5.8987	42.5254	-30.3517	57.3449	-38.8712	-3.9967	-3.4504	1.7500	1.8791	-0.3379	-0.4241	-0.0461	-0.3483	0.8347	-0.0111	-0.0451	0.3976	3.6519	-6.6286	6.2366	-0.039776110821446053	1	0	10	Upright	Normal
5.5929	-5.0949	5.9759	42.5981	-30.0646	55.1913	-38.0538	-3.5930	-3.3550	1.9764	1.5429	-0.2716	-0.4228	-0.0517	-0.3333	0.8411	0.0411	-0.0281	0.4040	3.6164	-6.6378	6.2475	0.33874578487325024	1	0	10	Upright	Normal
5.7844	-4.9799	5.7844	42.3135	-30.5299	54.0165	-38.3516	-4.7639	-2.6950	2.1008	1.6219	-0.4618	-0.4217	-0.0606	-0.3239	0.8447	-0.0153	-0.0162	0.3667	3.6836	-6.6019	6.2462	-0.0641039081154986	1	0	10	Upright	Normal
5.8233	-5.0560	5.7838	42.2264	-30.6772	52.6362	-38.4341	-4.6439	-2.5251	2.1184	1.5350	-0.4616	-0.4208	-0.0672	-0.3135	0.8486	0.0167	-0.0280	0.3773	3.7049	-6.5909	6.2454	0.06287914034195907	1	0	10	Upright	Normal
5.7084	-5.0176	5.7838	42.2115	-30.9790	51.4287	-38.2935	-4.5872	-2.6831	1.9698	1.5713	-0.4435	-0.4208	-0.0739	-0.3034	0.8517	-0.0132	0.0051	0.4104	3.7385	-6.5890	6.2273	-0.08920171299032909	1	0	10	Upright	Normal
5.7467	-5.0176	5.7838	42.1319	-31.2513	50.1464	-38.4406	-4.1655	-2.5299	1.9739	1.5612	-0.4335	-0.4201	-0.0810	-0.2931	0.8550	0.0071	-0.0567	0.3571	3.7728	-6.5788	6.2173	0.022941134227322024	1	0	10	Upright	Normal
5.6701	-4.9793	5.7455	42.1691	-31.6121	48.9057	-38.0202	-4.5299	-2.7122	1.8603	1.6041	-0.4443	-0.4203	-0.0881	-0.2824	0.8578	-0.0100	-0.0162	0.3965	3.8098	-6.5835	6.1898	-0.08914773494035089	1	0	10	Upright	Normal
5.7467	-4.8261	5.7072	42.0641	-31.8533	47.5428	-38.6518	-5.0249	-2.3017	1.9046	1.7440	-0.4767	-0.4191	-0.0953	-0.2717	0.8611	0.0071	-0.0269	0.3773	3.8421	-6.5701	6.1839	-0.05638109812270464	1	0	10	Upright	Normal
5.7850	-4.8644	5.7072	41.9913	-32.1556	46.2420	-38.0708	-4.4916	-2.3014	1.9059	1.6966	-0.4634	-0.4182	-0.1026	-0.2610	0.8640	0.0178	-0.0279	0.3783	3.8791	-6.5610	6.1706	0.04300795184220085	2	0	11	Upright	Normal
Total time: 11 seconds.
