-6.2824	-6.9336	1.8771	34.9013	64.9935	144.1072	29.9507	3.1698	-24.4815	-0.4732	0.1984	-1.5227	-0.4097	-0.3985	0.8151	-0.0946	-0.3262	-0.6044	0.3542	-5.8092	-7.1320	3.3998	-0.5570340154919844	3	0	1	Lying	Normal
-5.8993	-9.8067	3.2561	47.4240	60.0518	150.5150	25.3094	4.3530	-27.2645	-0.2770	-2.4861	-0.0561	-0.3545	-0.4533	0.8178	-0.0071	-1.8208	-1.5291	0.6268	-5.6223	-7.3206	3.3122	2.3556454461964087	3	0	1	Lying	Normal
-3.7924	-9.4236	2.1069	53.2664	71.5112	135.6395	22.5893	8.5439	-28.6998	1.7702	-1.5642	0.2469	0.3463	0.5341	-0.7706	0.0313	-1.3190	1.5367	-0.3575	-5.5626	-7.8594	1.8600	-1.524267250361861	3	0	1	Lying	Normal
-5.0560	-7.5459	4.7878	54.6073	74.3478	134.7380	25.5372	11.8022	-25.3723	0.0587	0.6800	3.2555	-0.3549	-0.5440	0.7602	-0.0166	0.8584	0.3255	-0.7559	-5.1146	-8.2259	1.5323	-0.10652028046162876	0	0	1	Upright	Normal
-5.6312	-6.2824	1.9154	52.7929	63.3100	137.9810	23.2939	12.3525	-26.6433	-1.4700	2.1889	-0.7482	-0.3032	-0.5218	0.7954	-0.0556	-2.1425	1.2885	-0.4641	-4.1611	-8.4713	2.6635	-1.616296217016103	0	0	1	Upright	Normal
-7.1245	-2.5277	3.1406	60.4360	67.4095	134.5343	22.6583	16.2201	-25.8268	-3.1101	6.2246	1.2819	-0.2805	-0.5715	0.7709	-0.0202	-0.6511	-0.3147	-0.3011	-4.0145	-8.7523	1.8586	-0.46542492499558463	0	0	1	Upright	Normal
-8.0062	-5.9759	2.7964	56.0092	66.6782	141.3948	23.5276	16.3705	-25.5989	-2.9772	2.1587	0.6259	-0.3283	-0.5306	0.7815	-0.0003	1.0405	0.2670	1.0482	-5.0290	-8.1346	2.1705	2.188477918332312	0	0	1	Upright	Normal
-5.2858	-17.2760	3.7918	52.0734	63.1200	143.2323	24.9348	11.9436	-26.2556	0.0907	-9.5404	1.0666	0.3283	0.5033	-0.7990	0.0234	-0.2250	-1.0028	0.2418	-5.3765	-7.7355	2.7252	8.085651082731484	0	0	1	Upright	Normal
-6.9713	-3.2938	1.9531	45.9264	53.6489	154.4558	22.7663	7.6161	-28.9550	-1.4774	3.7519	-2.0901	0.3282	0.4314	-0.8403	0.0100	1.0587	0.7794	1.4743	-5.4939	-7.0457	4.0432	-10.506373737310067	0	0	1	Upright	Normal
-4.1366	-5.9370	2.7192	39.2815	54.6311	153.7140	22.0255	1.6643	-29.6155	2.0533	0.2719	-1.6746	0.3530	0.3891	-0.8500	0.0401	0.4323	0.5237	0.3910	-6.1899	-6.2089	4.3938	-0.22375088303715707	0	0	1	Upright	Normal
-5.8604	-4.5197	2.6809	40.7714	53.9762	157.1237	21.4950	-1.7382	-28.7069	0.1462	1.8845	-1.6869	0.3554	0.3886	-0.8500	0.0107	-0.4828	1.0489	-0.6572	-6.0066	-6.4042	4.3678	0.1413797706766129	1	0	2	Upright	Normal
-5.8987	-2.0680	6.8181	35.9074	62.2244	152.7663	25.3853	0.1933	-27.7362	0.5897	4.2858	3.1167	-0.4156	-0.3722	0.8291	-0.0369	0.4685	1.0446	-0.3190	-6.4884	-6.3538	3.7014	1.378327726856102	1	0	2	Upright	Normal
-2.0680	-11.2617	-0.0006	36.3085	53.8930	158.8787	25.6675	-1.5484	-25.3260	4.0897	-5.2146	-4.6575	-0.3724	-0.3520	0.8586	-0.0164	-0.6990	-2.1693	-0.9891	-6.1577	-6.0472	4.6569	2.200255537248813	1	0	2	Upright	Normal
0.0389	-9.0016	4.4047	42.1412	59.1932	146.2631	23.4028	0.8217	-26.8742	5.1719	-1.5212	0.6807	-0.3503	-0.4329	0.8280	-0.0655	-0.9920	-1.4503	-0.3307	-5.1330	-7.4804	3.7240	-1.4284383878294022	1	0	2	Upright	Normal
-1.4940	-6.3973	5.9759	42.3939	56.9831	138.7414	22.8700	5.4993	-27.9077	2.3118	1.7339	2.0297	-0.3043	-0.4541	0.8277	-0.1273	0.1574	0.0667	-1.1904	-3.8057	-8.1312	3.9462	-1.140747475387018	1	0	2	Upright	Normal
-4.6735	-10.6111	1.4940	46.0658	60.6910	133.3449	24.4797	7.7262	-26.4647	-1.3180	-2.0194	-1.8367	-0.2932	-0.4942	0.8076	-0.1330	-1.6674	-2.1682	-0.3233	-3.3555	-8.5917	3.3306	2.809741098317682	1	0	2	Upright	Normal
-5.7844	-8.5808	4.7884	51.9539	62.1941	130.7521	22.0280	12.8647	-27.1430	-2.8509	0.3421	1.9692	-0.2658	-0.5344	0.7940	-0.1151	-0.8620	-0.8761	-0.7619	-2.9335	-8.9229	2.8192	-0.288003557562325	0	0	2	Upright	Normal
-6.3207	-6.7038	4.4053	53.5310	65.5972	129.1390	19.6277	16.1211	-26.6742	-3.2108	2.2796	1.9972	-0.2742	-0.5496	0.7826	-0.1020	-0.3443	0.4907	-0.1430	-3.1099	-8.9833	2.4081	-1.1898706747517895	0	0	2	Upright	Normal
-4.5197	-6.6266	1.5700	49.5634	67.8425	134.9802	20.8796	16.0626	-26.0400	-0.0908	1.7879	-0.8288	-0.3349	-0.5153	0.7855	-0.0723	0.6272	1.0510	2.4051	-4.4288	-8.4144	2.3988	-2.039284498976542	0	0	2	Upright	Normal
-3.4471	-8.5802	-7.7387	48.9010	56.8573	146.5230	22.3454	10.5199	-26.3748	1.1735	-0.6807	-11.2631	-0.3102	-0.4734	0.8234	-0.0419	1.8438	-0.8324	-0.0737	-4.6205	-7.8995	3.5244	3.8843729875642303	0	0	2	Upright	Normal
-4.9027	-4.7878	6.9330	37.0160	60.3225	147.1097	23.6582	4.1091	-27.0592	0.6645	2.2936	3.0562	-0.3793	-0.3981	0.8315	-0.0791	0.6091	0.8177	0.4600	-5.5673	-7.0814	3.8768	-2.309642460903005	0	1	3	PT	Normal
-0.1532	-8.7340	-2.1069	31.7718	55.6528	145.1914	23.2167	0.8212	-26.2487	4.8316	-1.7201	-6.8108	-0.3560	-0.3653	0.8499	-0.1325	0.7114	2.1941	-1.3039	-4.9849	-7.0140	4.7039	-0.762290731847397	0	1	3	PT	Normal
-7.6225	-6.0136	4.9027	33.0443	53.5844	144.4806	24.4876	0.8807	-25.9055	-3.0435	1.1551	0.0229	-0.3341	-0.3736	0.8541	-0.1390	-0.2143	-0.5692	0.0618	-4.5791	-7.1687	4.8798	1.8908521453064928	0	1	3	PT	Normal
-7.8907	-8.5036	5.7072	35.2286	54.6937	147.7679	22.2741	1.2307	-27.3548	-2.8647	-1.4696	1.0775	-0.3460	-0.3798	0.8519	-0.1015	-0.8492	-0.1240	0.5902	-5.0260	-7.0340	4.6296	2.051826046087772	0	1	3	PT	Normal
-0.3442	-9.2314	-2.9886	38.3273	51.2942	154.2010	20.8564	-0.0903	-27.3147	4.8908	-2.4768	-7.7991	-0.3325	-0.3797	0.8618	-0.0516	-0.2655	-1.5216	-1.3028	-5.2349	-6.7546	4.8105	-3.219295291573438	0	1	3	PT	Normal
3.0652	-8.4653	5.3241	45.0597	47.8490	146.7493	18.0295	2.0757	-28.8323	6.5911	-0.5831	0.6755	-0.2587	-0.4428	0.8535	-0.0927	-0.3091	-2.4143	0.2567	-3.5259	-7.8822	4.6486	0.750359478506244	0	1	3	PT	Normal
1.1881	-6.6266	7.8141	59.2381	33.6336	159.2157	10.3143	6.7172	-31.1740	3.7767	1.8606	3.6380	-0.1620	-0.5107	0.8443	-0.0095	-0.6479	-1.9786	0.1044	-2.5886	-8.4871	4.1761	-0.14533813450032262	0	1	3	Tilt	Normal
-5.0560	-8.5419	4.9793	60.5584	35.7602	142.0835	2.8658	9.1922	-31.5846	-2.2389	-0.0016	1.0678	0.0949	0.5400	-0.8276	0.1206	-1.8346	-3.6713	2.1106	-2.8171	-8.5403	3.9115	0.7907409103453258	0	0	3	Tilt	Normal
-4.0600	-10.3424	5.0560	64.2769	48.8666	102.8500	-6.4111	15.9581	-29.1475	-0.8541	-1.5074	2.2562	-0.0282	0.5970	-0.7399	0.3087	-1.5992	-3.6223	1.0677	-3.2058	-8.8349	2.7997	1.1020641662300132	0	0	3	Tilt	Normal
-1.9148	-8.4653	4.5580	66.5132	58.1734	66.6997	-14.4556	21.2114	-23.1093	1.4060	0.5290	2.4970	-0.1768	0.6030	-0.6244	0.4639	-2.1840	-2.0936	1.3372	-3.3208	-8.9943	2.0610	-2.4038258531954444	0	0	3	Tilt	Normal
-1.1486	-8.4653	3.1023	66.1109	65.5640	38.6337	-17.5315	26.4816	-15.3513	2.4671	0.5013	1.4596	-0.2826	0.5800	-0.5118	0.5673	-0.7917	-1.0305	0.4712	-3.6157	-8.9666	1.6427	-0.7144992404649635	0	1	4	PT	Normal
-7.2778	-9.3847	2.1829	64.5751	55.4699	37.9172	-18.9118	27.2745	-10.8943	-3.8092	-0.5278	-0.2035	-0.3193	0.5257	-0.4782	0.6269	1.0075	-0.8611	0.3337	-3.4686	-8.8569	2.3864	2.98621270295083	0	1	4	PT	Normal
-7.3927	-2.6043	4.7878	52.0313	59.5785	20.1369	-15.7584	27.7209	-9.7218	-2.1899	5.1269	1.7330	-0.2967	0.5061	-0.3509	0.7298	-2.0594	-3.6649	3.5683	-5.2027	-7.7312	3.0549	-2.8903037526200954	0	1	4	PT	Normal
-6.8564	-4.9410	2.6043	48.4335	71.5064	-7.1535	-10.4728	30.5363	-2.4440	-0.6858	2.3963	0.5405	-0.3655	0.5111	-0.1930	0.7536	-2.5824	-1.4939	0.9446	-6.1706	-7.3373	2.0638	-0.3412094765727218	0	1	4	Upright	Normal
-5.0176	-5.2858	1.9148	45.3344	76.4692	-26.0084	-6.8948	30.4144	5.1414	1.6848	1.6890	0.3020	-0.4235	0.4883	-0.0693	0.7599	-1.8793	-1.5631	0.9616	-6.7024	-6.9748	1.6128	-1.3080070582691254	0	0	4	Upright	Normal
-7.4310	-6.6266	2.8341	42.9292	76.2040	-41.9012	-2.3514	28.6155	12.1623	-0.4577	0.0528	1.1220	-0.4743	0.4333	0.0510	0.7646	-0.7395	-2.8446	0.6548	-6.9733	-6.6794	1.7122	2.8165776018670607	0	0	4	Upright	Normal
-4.2132	-2.6809	5.8221	37.5693	62.5648	-37.9498	2.3897	27.2914	13.1320	2.6855	3.2986	2.2410	-0.4201	0.3754	0.1050	0.8195	0.1990	-0.6385	1.1587	-6.8987	-5.9795	3.5811	-2.6815845705783854	0	0	4	Upright	Normal
-0.0760	-5.6306	0.1909	28.8360	55.6171	-33.8311	6.3371	26.3381	12.2646	7.0138	-0.9007	-4.6603	-0.3422	0.3682	0.1381	0.8534	3.5162	-0.5351	1.1363	-7.0898	-4.7299	4.8513	-2.0360583804393535	0	0	4	Upright	Normal
-14.2503	0.0766	12.8712	16.2415	36.0942	-35.8733	12.5282	24.6996	5.9580	-8.7035	2.8195	5.2634	-0.2222	0.2504	0.2482	0.9090	0.9116	-7.6245	1.9949	-5.5468	-2.7429	7.6079	13.568378814098962	0	0	4	Upright	Normal
-3.7918	2.9503	11.9513	5.4585	25.8180	-37.9071	18.7814	21.6612	-1.2642	0.4598	3.8832	3.1636	-0.1164	0.1960	0.3062	0.9243	0.4024	-0.0164	0.3863	-4.2517	-0.9330	8.7876	-6.321904371271032	0	0	4	Upright	Normal
-3.0640	1.9543	10.2657	2.2446	20.0893	-39.2907	19.7367	21.0053	-3.0448	0.3020	2.3384	1.0629	-0.0768	0.1577	0.3278	0.9283	0.0466	-0.7748	0.1413	-3.3659	-0.3841	9.2029	-1.9908273879797598	0	1	5	PT	Normal
-3.1789	-0.0760	9.9210	2.7400	17.4828	-39.7397	18.9930	20.2369	-4.1159	-0.2361	0.3928	0.5781	-0.0739	0.1349	0.3324	0.9305	-0.3454	-0.3850	-0.0456	-2.9428	-0.4688	9.3429	-0.4718657864981033	0	1	5	PT	Normal
-2.7581	-0.7278	9.1554	2.9292	20.9449	-38.8184	18.9954	20.9800	-3.7142	0.7430	-0.2266	0.0088	-0.0841	0.1630	0.3223	0.9287	0.0690	0.8070	-0.1319	-3.5011	-0.5013	9.1466	-0.8286471600722489	0	1	5	PT	Normal
-3.5237	-1.0720	9.3847	3.5152	19.2742	-39.0782	19.6341	20.7484	-2.8128	-0.2925	-0.4706	0.1451	-0.0845	0.1476	0.3247	0.9304	-0.0460	-0.7078	-0.0147	-3.2311	-0.6014	9.2395	0.49209717950391685	0	1	5	PT	Normal
-4.4813	-1.1486	9.3464	2.3601	20.1441	-38.4236	18.7080	21.5524	-3.6970	-1.1069	-0.7447	0.1475	-0.0767	0.1584	0.3205	0.9307	0.2970	0.2350	-0.1543	-3.3745	-0.4039	9.1988	0.3470607461213078	0	1	5	Tilt	Normal
-3.2938	-0.6123	9.8061	2.5075	20.2561	-38.2990	18.3516	21.4386	-3.7312	0.0983	-0.1832	0.6149	-0.0780	0.1590	0.3192	0.9310	-0.0300	-0.2167	-0.0264	-3.3921	-0.4292	9.1912	-0.0660327301203516	0	1	5	Lying	Normal
-3.8684	-0.9954	9.4230	2.8317	19.0385	-38.0963	17.8296	20.9602	-4.4107	-0.6732	-0.5109	0.1642	-0.0770	0.1483	0.3179	0.9333	-0.0226	-0.1059	-0.0371	-3.1952	-0.4845	9.2588	-0.12794656957747286	0	1	5	Tilt	Normal
-3.2938	-0.4208	9.5762	2.8717	18.2035	-38.0689	18.6049	20.6056	-4.0774	-0.2340	0.0706	0.2722	-0.0750	0.1414	0.3182	0.9344	0.0264	-0.2166	0.0081	-3.0598	-0.4914	9.3040	-0.09909001562579078	0	1	5	Lying	Normal
-3.2172	-0.4208	9.8444	2.7844	17.3113	-38.0524	18.1523	20.6145	-3.7585	-0.3024	0.0557	0.4931	-0.0718	0.1344	0.3187	0.9355	-0.0332	-0.1346	0.0230	-2.9148	-0.4764	9.3513	0.22974030798001976	0	1	5	Tilt	Normal
-3.0257	-0.4974	9.6145	2.9442	16.6359	-38.2121	18.4290	21.4654	-4.6583	-0.2218	0.0064	0.2309	-0.0714	0.1283	0.3203	0.9359	-0.0450	-0.1271	0.0220	-2.8039	-0.5038	9.3836	-0.2736866089207073	1	1	6	Lying	Normal
-2.9491	-0.4208	9.7294	3.0067	16.1791	-38.4105	18.7268	20.8983	-4.2386	-0.2203	0.0937	0.3243	-0.0708	0.1243	0.3221	0.9358	-0.0205	-0.1048	0.0262	-2.7288	-0.5145	9.4052	0.08361445951766733	1	1	6	Lying	Normal
-2.8730	-0.5746	9.7300	2.9980	15.7155	-38.5435	18.4844	20.8115	-4.6937	-0.2204	-0.0617	0.3030	-0.0696	0.1205	0.3235	0.9360	0.0008	-0.0622	0.0156	-2.6526	-0.5130	9.4270	-0.013684410133105729	1	1	6	Lying	Normal
-2.7964	-0.4597	9.8450	2.9802	15.5217	-38.5283	18.3802	20.7175	-5.5227	-0.1755	0.0503	0.4088	-0.0689	0.1189	0.3235	0.9362	-0.0013	-0.0366	-0.0051	-2.6209	-0.5100	9.4361	0.08321064591691218	1	1	6	Tilt	Normal
-2.6815	-0.4980	9.8067	2.9279	15.3555	-38.5347	18.5506	21.0431	-4.4639	-0.0880	0.0030	0.3626	-0.0680	0.1177	0.3237	0.9363	0.0072	-0.0387	-0.0105	-2.5935	-0.5010	9.4441	-0.0658746742347649	1	1	6	Lying	Normal
-2.7581	-0.4597	9.8833	2.8744	15.2752	-38.5465	18.4083	21.3107	-4.7344	-0.1776	0.0322	0.4350	-0.0673	0.1172	0.3239	0.9364	0.0062	-0.0153	-0.0115	-2.5805	-0.4919	9.4483	0.09233441003492615	1	1	6	Tilt	Normal
-2.7575	-0.3825	9.8061	2.8501	15.2963	-38.5412	18.1791	20.8472	-4.5662	-0.1736	0.1052	0.3585	-0.0672	0.1175	0.3239	0.9364	0.0030	-0.0046	-0.0211	-2.5839	-0.4877	9.4475	-0.07761352994536175	1	1	6	Lying	Normal
-2.7575	-0.4591	9.8061	2.8787	15.3243	-38.5619	18.1954	21.1528	-5.0536	-0.1689	0.0335	0.3600	-0.0675	0.1176	0.3240	0.9363	0.0062	-0.0024	-0.0125	-2.5886	-0.4926	9.4460	0.0031616164473415864	1	1	6	Lying	Normal
-2.7192	-0.3825	9.7677	2.8737	15.3383	-38.5670	18.5503	20.6486	-4.8032	-0.1284	0.1092	0.3223	-0.0675	0.1177	0.3240	0.9363	-0.0024	-0.0077	-0.0051	-2.5908	-0.4917	9.4454	-0.05042748923005824	1	1	6	Lying	Normal
-2.8341	-0.4974	9.7294	2.8676	15.3542	-38.5820	18.6829	21.3213	-5.2399	-0.2406	-0.0067	0.2848	-0.0675	0.1179	0.3242	0.9362	-0.0034	-0.0024	-0.0093	-2.5935	-0.4907	9.4447	-3.7322834552711015E-4	1	1	6	Lying	Normal
-2.7958	-0.4208	9.7677	2.8605	15.3682	-38.5738	18.0720	21.1116	-5.4741	-0.2001	0.0687	0.3237	-0.0675	0.1180	0.3241	0.9362	0.0019	0.0019	-0.0083	-2.5958	-0.4895	9.4441	0.022682645078349495	2	1	7	Lying	Fall
-2.7198	-0.3831	9.7300	2.8499	15.3815	-38.5849	18.9322	20.7591	-5.0039	-0.1218	0.1046	0.2864	-0.0675	0.1181	0.3242	0.9362	0.0008	-0.0130	-0.0093	-2.5980	-0.4877	9.4436	-0.05841385723506143	2	1	7	Lying	Normal
-2.7964	-0.6129	9.8450	2.8601	15.3982	-38.6092	18.1360	20.8125	-4.8783	-0.1956	-0.1235	0.4022	-0.0676	0.1182	0.3244	0.9361	0.0008	-0.0088	-0.0093	-2.6009	-0.4895	9.4427	0.142540791469294	2	1	7	Tilt	Normal
-2.7198	-0.5746	9.6917	2.8604	15.4136	-38.6068	17.4883	21.1696	-5.3708	-0.1166	-0.0851	0.2496	-0.0677	0.1183	0.3243	0.9361	0.0040	-0.0120	-0.0083	-2.6032	-0.4895	9.4421	-0.1702954891977697	2	1	7	Lying	Normal
-2.7958	-0.5740	9.9976	2.8211	15.4093	-38.5800	18.4068	21.1211	-5.4228	-0.1932	-0.0913	0.5550	-0.0673	0.1184	0.3242	0.9361	-0.0002	-0.0120	-0.0061	-2.6026	-0.4827	9.4426	0.31453133530476407	2	1	7	Tilt	Normal
-2.8341	-0.4591	9.8061	2.8142	15.4270	-38.5991	19.0925	20.4277	-4.9685	-0.2285	0.0224	0.3642	-0.0673	0.1186	0.3243	0.9361	0.0019	-0.0077	-0.0093	-2.6056	-0.4815	9.4418	-0.17926371789609696	2	1	7	Lying	Normal
-2.8347	-0.4597	9.9599	2.7974	15.4272	-38.6127	18.2896	21.4622	-4.8492	-0.2291	0.0190	0.5179	-0.0672	0.1186	0.3244	0.9360	0.0051	-0.0184	-0.0072	-2.6056	-0.4787	9.4420	0.14788447420376016	2	1	7	Tilt	Normal
-2.7192	-0.4208	9.7294	2.7838	15.4275	-38.6223	18.2960	20.8359	-4.7324	-0.1134	0.0555	0.2873	-0.0671	0.1187	0.3245	0.9360	0.0051	-0.0088	-0.0083	-2.6058	-0.4763	9.4421	-0.25463729470947527	2	1	7	Lying	Normal
-2.7958	-0.4591	9.9976	2.7761	15.4325	-38.6261	18.1070	20.7841	-4.5490	-0.1893	0.0160	0.5558	-0.0670	0.1187	0.3246	0.9360	0.0008	-0.0088	-0.0083	-2.6065	-0.4751	9.4418	0.28030644943900107	2	1	7	Tilt	Normal
-2.7192	-0.4591	9.8061	2.7686	15.4416	-38.6249	18.2508	21.0624	-4.4159	-0.1112	0.0147	0.3645	-0.0670	0.1188	0.3246	0.9360	0.0019	-0.0120	-0.0072	-2.6080	-0.4738	9.4415	-0.20482531145775162	3	1	8	Lying	Normal
-2.7581	-0.4980	9.8833	2.7709	15.4441	-38.6343	18.9935	21.0894	-5.5255	-0.1496	-0.0238	0.4419	-0.0670	0.1188	0.3246	0.9359	0.0030	-0.0077	-0.0061	-2.6085	-0.4742	9.4414	0.0865280177608696	3	1	8	Tilt	Normal
-2.7581	-0.4214	9.8067	2.7573	15.4574	-38.6426	17.8622	20.6090	-4.9251	-0.1474	0.0504	0.3657	-0.0670	0.1190	0.3247	0.9359	0.0019	-0.0109	-0.0093	-2.6107	-0.4718	9.4409	-0.07712587947917982	3	1	8	Lying	Normal
-2.7192	-0.4974	9.8061	2.7550	15.4676	-38.6558	18.2404	20.4747	-4.8565	-0.1068	-0.0259	0.3656	-0.0670	0.1191	0.3248	0.9359	0.0030	-0.0066	-0.0000	-2.6124	-0.4715	9.4405	-0.0076041330622160785	3	1	8	Lying	Normal
-2.7575	-0.4208	9.8061	2.7427	15.4760	-38.6661	18.3879	20.9104	-4.6587	-0.1437	0.0486	0.3659	-0.0669	0.1192	0.3249	0.9358	0.0030	-0.0119	-0.0011	-2.6139	-0.4694	9.4402	0.006840061123650543	3	1	8	Lying	Normal
-2.7192	-0.4974	9.7294	2.7386	15.4771	-38.6802	18.4234	20.8500	-5.3158	-0.1052	-0.0287	0.2892	-0.0669	0.1192	0.3250	0.9358	0.0019	-0.0119	-0.0022	-2.6140	-0.4687	9.4402	-0.08064170425757844	3	1	8	Lying	Normal
-2.7958	-0.4591	9.8444	2.7353	15.4802	-38.6735	18.0177	21.2309	-4.6396	-0.1812	0.0090	0.4043	-0.0669	0.1192	0.3250	0.9358	0.0008	-0.0055	-0.0011	-2.6146	-0.4681	9.4400	0.1295193537507071	3	1	8	Tilt	Normal
-2.7575	-0.5740	9.8061	2.7362	15.4883	-38.6678	18.4691	20.8658	-4.6841	-0.1417	-0.1058	0.3663	-0.0669	0.1193	0.3249	0.9358	0.0005	-0.0031	-0.0009	-2.6158	-0.4682	9.4397	-0.0414060584404119	3	1	8	Lying	Normal
-2.7198	-0.4597	9.7300	2.7372	15.5019	-38.6618	18.7120	21.4778	-4.8253	-0.1018	0.0087	0.2910	-0.0670	0.1194	0.3249	0.9358	0.0005	0.0001	0.0001	-2.6181	-0.4684	9.4390	-0.08915867202725636	3	1	8	Lying	Normal
-2.7964	-0.4214	9.7683	2.7282	15.5101	-38.6679	18.2791	20.7730	-4.5276	-0.1769	0.0455	0.3297	-0.0669	0.1195	0.3249	0.9358	-0.0006	-0.0052	-0.0009	-2.6196	-0.4669	9.4387	0.05598769013070637	3	1	8	Lying	Normal
-2.7575	-0.5357	9.8061	2.7305	15.5118	-38.6699	18.4054	21.1253	-4.8589	-0.1378	-0.0684	0.3674	-0.0669	0.1195	0.3249	0.9358	0.0015	0.0012	0.0001	-2.6197	-0.4673	9.4387	0.031087892282380736	4	1	9	Lying	Normal
-2.7198	-0.4597	9.8067	2.7303	15.5170	-38.6764	18.4411	20.9674	-4.6869	-0.0992	0.0075	0.3683	-0.0670	0.1195	0.3250	0.9357	0.0005	0.0033	-0.0009	-2.6206	-0.4672	9.4384	-0.0132618496467245	4	1	9	Lying	Normal
-2.7964	-0.4980	9.7683	2.7312	15.5291	-38.6833	18.6870	20.9184	-4.6086	-0.1737	-0.0307	0.3305	-0.0670	0.1196	0.3250	0.9357	0.0005	0.0033	-0.0009	-2.6227	-0.4673	9.4378	-0.014363994827638393	4	1	9	Lying	Normal
-2.7581	-0.4980	9.8067	2.7305	15.5333	-38.6936	18.7660	19.9909	-4.8705	-0.1348	-0.0307	0.3690	-0.0670	0.1197	0.3251	0.9357	0.0015	-0.0052	-0.0009	-2.6233	-0.4673	9.4376	0.026454480068037967	4	1	9	Lying	Normal
-2.7575	-0.4591	9.8061	2.7299	15.5422	-38.6939	18.3978	21.6773	-4.3861	-0.1327	0.0081	0.3689	-0.0671	0.1197	0.3251	0.9357	-0.0006	0.0023	0.0025	-2.6248	-0.4672	9.4372	-0.002564510798775288	4	1	9	Lying	Normal
-2.8341	-0.3825	9.7677	2.7226	15.5484	-38.6944	18.4270	20.6621	-5.1814	-0.2083	0.0835	0.3307	-0.0670	0.1198	0.3251	0.9357	-0.0017	0.0012	0.0014	-2.6258	-0.4660	9.4370	-0.019032483380536647	4	1	9	Lying	Normal
-2.6809	-0.4591	9.7677	2.7212	15.5497	-38.6999	18.5020	20.5844	-4.4608	-0.0549	0.0066	0.3308	-0.0670	0.1198	0.3252	0.9356	0.0037	-0.0073	0.0035	-2.6260	-0.4657	9.4369	-0.038412577913604196	4	1	9	Lying	Normal
-2.7192	-0.4591	9.7677	2.7196	15.5451	-38.7221	18.8295	21.1741	-4.4955	-0.0940	0.0063	0.3305	-0.0670	0.1198	0.3254	0.9356	0.0015	-0.0169	0.0025	-2.6252	-0.4654	9.4372	0.010193912029986762	4	1	9	Lying	Normal
-2.7192	-0.3825	9.8444	2.6805	15.5813	-38.7649	18.5704	20.5987	-4.9487	-0.0878	0.0762	0.4085	-0.0668	0.1201	0.3257	0.9354	0.0058	0.0257	0.0131	-2.6314	-0.4586	9.4358	0.07068262432239614	4	1	9	Tilt	Normal
-2.7575	-0.4591	9.8444	2.6973	15.5589	-38.7745	18.3545	21.3146	-4.7620	-0.1299	0.0025	0.4076	-0.0669	0.1199	0.3258	0.9354	0.0022	0.0068	-0.0013	-2.6276	-0.4616	9.4367	0.01340700382289306	4	1	9	Tilt	Normal
-2.7192	-0.4591	9.8061	2.6896	15.5588	-38.7917	18.8913	21.0286	-5.1209	-0.0916	0.0012	0.3693	-0.0669	0.1199	0.3260	0.9353	0.0001	0.0090	-0.0034	-2.6276	-0.4603	9.4367	-0.047129171457706676	5	1	10	Lying	Normal
-2.8341	-0.5357	9.8061	2.6906	15.5663	-38.8206	19.0789	20.8451	-5.0072	-0.2053	-0.0753	0.3696	-0.0669	0.1200	0.3262	0.9353	-0.0010	0.0036	-0.0023	-2.6288	-0.4604	9.4364	0.03499988933750586	5	1	10	Lying	Normal
-2.7958	-0.4591	9.8061	2.6951	15.5789	-38.8345	18.4995	21.2451	-4.6790	-0.1649	0.0021	0.3702	-0.0670	0.1200	0.3263	0.9352	-0.0010	-0.0060	-0.0002	-2.6309	-0.4612	9.4358	-0.014285166556661011	5	1	10	Lying	Normal
-2.7958	-0.4591	9.8061	2.6916	15.5877	-38.8289	18.5601	21.6037	-5.0109	-0.1634	0.0015	0.3707	-0.0670	0.1201	0.3262	0.9352	0.0012	0.0004	0.0019	-2.6324	-0.4606	9.4354	0.0	5	1	10	Lying	Normal
-2.7575	-0.4591	9.7677	2.6965	15.5881	-38.8139	18.4929	21.5831	-4.6071	-0.1251	0.0024	0.3323	-0.0670	0.1201	0.3261	0.9353	0.0001	-0.0060	0.0009	-2.6324	-0.4615	9.4354	-0.047347050373652166	5	1	10	Lying	Normal
-2.7192	-0.4208	9.8833	2.6911	15.5847	-38.7935	18.7369	21.4136	-4.9008	-0.0874	0.0398	0.4477	-0.0670	0.1201	0.3260	0.9353	0.0001	0.0004	-0.0013	-2.6318	-0.4606	9.4355	0.09932845026337134	5	1	10	Tilt	Normal
-2.7581	-0.4597	9.7683	2.6854	15.5877	-38.7991	19.1469	21.4262	-5.1632	-0.1257	-0.0001	0.3328	-0.0669	0.1202	0.3260	0.9353	0.0001	0.0036	0.0009	-2.6324	-0.4595	9.4355	-0.09856173268518376	5	1	10	Lying	Normal
-2.7575	-0.4974	9.8061	2.6802	15.5946	-38.8045	17.9488	20.9137	-4.6825	-0.1240	-0.0388	0.3708	-0.0669	0.1202	0.3260	0.9353	0.0012	0.0036	0.0019	-2.6335	-0.4586	9.4352	0.037952493564226586	5	1	10	Lying	Normal
-2.7575	-0.4974	9.7294	2.6813	15.6021	-38.8081	18.6402	20.7762	-4.9564	-0.1227	-0.0386	0.2945	-0.0669	0.1203	0.3261	0.9353	-0.0031	-0.0006	-0.0023	-2.6348	-0.4588	9.4349	-0.07372664552708841	5	1	10	Lying	Normal
-2.7192	-0.4591	9.8061	2.6755	15.5960	-38.8244	18.6588	20.5829	-5.0400	-0.0854	-0.0012	0.3708	-0.0669	0.1202	0.3262	0.9352	0.0012	-0.0017	0.0047	-2.6338	-0.4579	9.4352	0.061639761977481555	5	1	10	Lying	Normal
-2.7581	-0.4214	9.7683	2.6733	15.5971	-38.8241	18.2938	20.7885	-4.7130	-0.1242	0.0361	0.3332	-0.0669	0.1203	0.3262	0.9352	-0.0020	0.0037	0.0015	-2.6339	-0.4574	9.4351	-0.027526378769536564	6	1	11	Lying	Normal
Total time: 11 seconds.
