6.6277	-6.2818	-0.3837	59.4178	86.1608	70.4712	1.5850	33.0290	-10.6617	2.8243	2.7511	-0.7177	-0.0466	-0.6934	0.6425	-0.3229	0.2171	-0.0134	0.5646	3.8035	-9.0329	0.3340	-0.1429734992646292	6	0	1	Upright	Normal
6.6661	-5.9370	-0.3071	59.2042	85.3890	71.7209	1.7815	32.6852	-10.9737	2.9573	3.1324	-0.7106	-0.0511	-0.6905	0.6458	-0.3217	0.1084	0.2433	0.5934	3.7088	-9.0694	0.4036	-0.20781022919075198	6	0	1	Upright	Normal
6.4362	-5.4390	0.3825	57.2923	83.9577	73.6884	2.9870	32.8299	-10.9731	2.8638	3.6767	-0.1752	-0.0668	-0.6834	0.6478	-0.3298	0.0616	0.4873	0.6513	3.5724	-9.1158	0.5577	-0.49665309969958926	6	0	1	Upright	Normal
8.1983	-5.2092	2.8341	55.5721	78.8359	78.5237	4.6312	32.1545	-11.2628	4.7493	3.9079	1.7606	-0.0767	-0.6629	0.6617	-0.3418	0.3226	0.1911	0.7834	3.4490	-9.1171	1.0735	1.6830356957508936	6	0	1	Upright	Normal
9.9222	-5.1326	0.0760	57.4399	78.0927	78.2599	4.8924	32.8199	-12.4290	6.3002	3.9154	-1.0129	-0.0591	-0.6641	0.6646	-0.3373	0.2906	0.3509	0.6428	3.6220	-9.0480	1.0889	1.0530647922570218	6	0	1	Upright	Normal
9.8072	-8.3887	0.8422	57.3257	75.7760	80.6904	6.3684	32.2519	-12.6242	6.2680	0.6641	-0.4586	-0.0603	-0.6558	0.6728	-0.3371	-0.3251	-0.1082	0.8377	3.5392	-9.0528	1.3008	1.7615673897361983	6	0	1	Upright	Normal
6.9342	-4.4047	0.9188	55.6504	78.6030	78.2107	7.2940	32.2652	-12.5952	3.4041	4.6790	-0.1746	-0.0730	-0.6625	0.6611	-0.3446	-0.0162	0.3285	0.7568	3.5301	-9.0838	1.0934	-4.666815555056083	6	0	1	Upright	Normal
3.8696	-3.1406	-0.4220	57.4337	76.2730	82.4487	8.4467	32.3609	-13.1018	0.6737	6.0457	-1.6744	-0.0727	-0.6564	0.6778	-0.3233	0.2618	-0.4907	0.8441	3.1960	-9.1863	1.2525	-3.2645921951632095	6	0	1	Upright	Normal
1.4557	-4.7884	3.7924	58.7761	71.8582	88.8410	8.6224	31.0796	-13.8456	-1.3433	4.4761	2.2097	-0.0741	-0.6433	0.6995	-0.3024	0.8626	-0.7218	0.5224	2.7990	-9.2645	1.5827	1.2778165380068867	6	0	1	Upright	Normal
8.8107	-13.3692	-1.1109	63.1705	78.3788	82.3091	7.2548	31.2670	-14.7735	5.7783	-4.0859	-2.0025	-0.0486	-0.6724	0.6837	-0.2793	-0.5488	-0.2297	-0.2009	3.0324	-9.2834	0.8915	9.77051916507282	6	0	1	Upright	Normal
11.3389	-9.5385	-1.4940	66.3095	94.9725	59.7436	3.6545	32.1834	-12.2088	7.0888	-0.7073	-1.1524	0.0131	-0.7192	0.6314	-0.2898	-0.6980	-0.6867	-0.0443	4.2502	-8.8312	-0.3416	-1.1573912576000307	6	1	2	PT	Normal
0.9200	-2.8724	-2.3373	67.0342	107.9766	48.0167	1.3883	32.8818	-10.2159	-3.2480	5.9255	-1.1564	0.0222	-0.7481	0.6075	-0.2660	-0.8865	0.1634	0.5384	4.1680	-8.7979	-1.1809	-11.076706053888362	6	1	2	Jump	Normal
1.8777	0.0006	-0.5752	60.9193	98.5226	57.9508	2.7700	32.9392	-9.4064	-2.1920	8.8949	0.1312	-0.0270	-0.7316	0.6085	-0.3061	0.7402	1.2852	-0.4634	4.0697	-8.8943	-0.7064	-1.8519378211547208	6	1	2	PT	Normal
10.6111	-16.6253	10.4962	53.4265	99.3455	64.9153	4.7970	32.5236	-10.8174	7.6670	-7.3192	11.4452	-0.1200	-0.7307	0.5994	-0.3039	-1.3605	-2.0438	0.3505	2.9441	-9.3061	-0.9490	20.378202443610423	6	1	2	Jump	Normal
7.6620	-6.8181	-4.4059	58.9166	108.3296	55.3684	5.2738	33.3033	-8.1034	4.5451	2.3427	-2.8136	-0.0730	-0.7588	0.5899	-0.2662	1.0129	1.7305	0.5070	3.1170	-9.1608	-1.5923	-11.179381419943882	6	1	2	Jump	Normal
7.2790	-5.0943	-0.8434	56.3651	96.4076	65.1319	5.8390	32.7765	-10.8704	4.0076	4.1307	-0.2370	-0.0884	-0.7232	0.6130	-0.3056	0.0882	0.3637	0.5241	3.2714	-9.2250	-0.6063	-2.238127322557169	6	1	2	PT	Normal
3.4482	-2.4511	0.5740	54.6561	97.3705	63.9995	7.4245	32.8353	-10.8831	0.1071	6.7401	1.3018	-0.0966	-0.7265	0.6032	-0.3147	-0.0599	0.5970	0.3206	3.3411	-9.1912	-0.7278	-4.6551578279434	6	1	2	Jump	Normal
-1.4168	-1.9148	2.6426	53.9631	95.4540	66.5543	7.1298	33.0866	-10.6948	-4.6094	7.3415	3.1910	-0.1067	-0.7187	0.6096	-0.3169	0.5740	0.3073	0.4345	3.1927	-9.2563	-0.5484	-0.7116777228316167	6	1	2	PT	Normal
16.5493	-17.6207	-8.9645	63.3762	98.3735	64.9682	4.7044	31.9092	-12.1838	13.6010	-8.2896	-8.3245	-0.0563	-0.7276	0.6341	-0.2556	-1.0548	1.5483	-0.2451	2.9483	-9.3311	-0.6400	22.22468716373441	6	1	2	Jump	Normal
7.0108	-5.3624	-2.1841	62.6598	110.0914	51.0893	1.3481	33.2868	-10.7026	3.5546	3.6836	-0.6369	-0.0331	-0.7601	0.5955	-0.2578	-0.7778	-0.1976	0.4399	3.4562	-9.0460	-1.5473	-16.68968515541286	6	2	3	Jump	Normal
1.8393	-2.1446	-0.1921	63.6800	109.1796	52.6655	0.6764	33.7506	-9.3076	-1.4817	6.9713	1.2365	-0.0332	-0.7561	0.6037	-0.2504	0.4760	0.0410	0.5038	3.3211	-9.1159	-1.4286	-6.260860641514006	6	2	3	Jump	Normal
0.4986	0.0389	-1.4946	58.6963	101.5413	58.8437	0.9913	33.7158	-10.3162	-3.0378	9.1288	-0.4751	-0.0617	-0.7404	0.6015	-0.2937	-1.0420	0.8069	-0.0843	3.5364	-9.0899	-1.0195	-1.255772069553712	6	2	3	PT	Normal
11.0325	-15.8975	0.7661	56.4798	105.5584	62.4726	2.3442	34.7695	-10.1874	8.6109	-6.5061	2.2188	-0.1191	-0.7483	0.5985	-0.2602	-1.2594	0.9485	1.8061	2.4216	-9.3914	-1.4527	17.789727670792104	6	2	3	Jump	Normal
4.7884	-5.7078	-5.0949	61.7572	102.5650	66.4612	3.3249	34.0987	-9.6576	2.6888	3.8182	-4.0853	-0.0985	-0.7361	0.6291	-0.2296	1.1087	1.5760	0.4500	2.0996	-9.5259	-1.0096	-10.339942477306513	6	2	3	Jump	Normal
6.8576	-3.6386	-1.7244	57.4976	94.4372	72.3200	5.0626	32.9761	-12.4652	4.4980	5.8713	-1.3167	-0.1159	-0.7123	0.6364	-0.2725	-0.6287	0.0558	0.5746	2.3596	-9.5099	-0.4078	-1.0735027105269888	6	2	3	PT	Normal
1.6855	-1.0726	0.3831	55.8850	97.0212	69.6956	6.4071	33.1971	-11.5237	-0.7611	8.4002	1.0554	-0.1234	-0.7205	0.6225	-0.2797	-0.0162	0.1251	0.4329	2.4466	-9.4728	-0.6723	-5.918092416488367	6	2	3	Jump	Normal
1.8387	-3.5626	4.0223	60.2430	89.0379	77.2641	5.8849	33.4821	-12.1619	-0.4622	5.9701	3.9406	-0.0991	-0.6971	0.6599	-0.2621	1.4720	-2.7948	-0.5833	2.3010	-9.5327	0.0817	3.6448260574537077	6	2	3	Jump	Normal
7.6231	-9.3087	1.3024	63.7081	90.3714	74.9250	2.5722	31.8925	-12.4429	5.1278	0.1752	1.3307	-0.0712	-0.7045	0.6613	-0.2475	-0.4423	-0.0975	-0.4365	2.4954	-9.4839	-0.0283	6.422987462537733	6	2	3	Jump	Normal
6.9336	-7.1251	-1.8387	62.4347	108.6422	55.6188	1.0147	32.8222	-11.1460	3.9799	2.1130	-0.3880	-0.0567	-0.7555	0.6051	-0.2448	-1.0164	-0.4405	0.7278	2.9537	-9.2382	-1.4507	-1.9915339098337057	6	2	3	PT	Normal
2.9119	-1.8381	-0.7667	61.0693	108.9911	54.9989	1.3198	34.3354	-8.7119	-0.1190	7.3598	0.7771	-0.0620	-0.7582	0.5978	-0.2527	0.6401	0.6812	0.1515	3.0309	-9.1979	-1.5438	-6.582690622218291	6	3	4	Run	Normal
-0.1909	-0.5740	-0.6518	56.3427	101.5402	60.7500	1.9047	34.1243	-9.9952	-3.4610	8.6073	0.4356	-0.0877	-0.7401	0.5974	-0.2961	-0.1663	1.3662	0.2356	3.2700	-9.1813	-1.0874	-2.6385845060185975	6	3	4	Walk	Normal
19.5756	-13.8283	8.8484	53.8534	104.5537	65.7617	5.8050	34.4871	-10.0531	17.4934	-4.3561	10.3020	-0.1502	-0.7427	0.5970	-0.2637	-0.7554	-1.4696	-1.0022	2.0822	-9.4722	-1.4536	24.659141004115174	6	3	4	Run	Normal
12.9101	-7.7375	2.5277	55.6409	99.8668	68.0511	5.7434	35.3028	-10.1149	10.5857	1.7424	3.4761	-0.1298	-0.7291	0.6146	-0.2719	1.2760	1.3779	0.7643	2.3245	-9.4798	-0.9484	-10.2863820079313	6	3	4	Run	Normal
7.1257	-5.1709	-2.4906	52.6150	97.2809	69.1652	7.4195	34.4280	-11.9618	4.5889	4.2720	-1.7359	-0.1408	-0.7202	0.6101	-0.2989	-0.2899	0.3254	0.4490	2.5368	-9.4429	-0.7546	-6.1123133048760785	6	3	4	Run	Normal
2.5289	-1.1103	-0.3071	50.1575	100.0809	67.4185	7.7830	35.5273	-10.2923	0.0383	8.3109	0.7928	-0.1588	-0.7286	0.5931	-0.3036	-0.3453	-0.0304	0.5545	2.4906	-9.4212	-1.0998	-6.370771044712297	6	3	4	Run	Normal
-1.1486	-0.2676	1.6083	50.1847	98.2852	70.6971	7.6042	35.5191	-9.9813	-3.3320	9.2501	2.5132	-0.1700	-0.7192	0.6044	-0.2977	0.4451	0.8208	0.4085	2.1834	-9.5177	-0.9049	-0.7845504541552537	6	3	4	Walk	Normal
19.1153	-19.2302	-11.7986	57.4867	93.8105	73.9140	4.7134	34.7588	-11.5720	16.9322	-9.6760	-11.4483	-0.1224	-0.7091	0.6407	-0.2675	0.1287	2.7233	-0.5726	2.1831	-9.5542	-0.3503	27.57592059365523	6	3	4	Run	Normal
14.3275	-6.8564	-6.8193	59.5876	100.1785	65.6847	2.0479	34.0439	-11.9841	11.7151	2.5552	-5.9420	-0.0932	-0.7322	0.6222	-0.2611	-0.9930	-1.4472	0.5129	2.6124	-9.4116	-0.8773	-12.284739806371348	6	3	4	Run	Normal
4.9039	-3.4471	-0.6135	58.8731	108.9302	57.2298	0.8173	35.2918	-8.7506	2.1730	5.8270	1.0312	-0.0887	-0.7589	0.5935	-0.2528	0.0157	-0.5237	0.3513	2.7309	-9.2741	-1.6447	-11.260014274907125	6	3	4	Run	Normal
1.8393	-2.2595	-1.1881	58.2820	102.0766	62.6586	-0.6609	34.6562	-8.4975	-1.0147	7.0605	-0.1094	-0.0916	-0.7393	0.6090	-0.2722	0.8200	1.5823	-0.0493	2.8540	-9.3200	-1.0787	-2.8791206610171844	6	4	5	Walk	Normal
-0.5357	-1.8765	0.6506	51.7143	95.4321	71.5667	-0.1860	32.9623	-10.6284	-2.9313	7.6158	1.2258	-0.1512	-0.7117	0.6158	-0.3025	0.0477	1.0636	1.4901	2.3955	-9.4923	-0.5752	-1.089355295266825	6	4	5	Walk	Normal
12.9101	-2.1063	-6.2064	53.3986	107.4125	65.6366	3.4267	34.0955	-8.2946	11.1962	7.3896	-4.4565	-0.1667	-0.7493	0.5909	-0.2481	-0.2783	1.0966	0.5398	1.7139	-9.4959	-1.7499	12.421424101033436	6	4	5	Run	Normal
7.6620	-6.0519	1.6466	48.5397	95.4650	72.0002	3.4304	33.1329	-9.1736	5.3112	3.4487	2.2651	-0.1729	-0.7083	0.6065	-0.3173	-0.8450	0.7983	0.7433	2.3508	-9.5006	-0.6185	-4.576818773347174	6	4	5	Run	Normal
4.7118	-1.9154	-1.3408	48.7781	101.0702	66.9742	5.1037	33.0043	-7.9484	2.2508	7.4961	-0.0998	-0.1691	-0.7312	0.5853	-0.3069	-0.5062	-0.4725	0.2293	2.4609	-9.4115	-1.2409	-4.641671677449003	6	4	5	Run	Normal
0.7661	-0.4214	-0.1149	49.0658	104.2078	64.4181	4.3088	32.8337	-6.0101	-1.6987	8.9386	1.4621	-0.1669	-0.7433	0.5751	-0.2981	0.2533	0.4021	0.1175	2.4648	-9.3600	-1.5770	-4.378129539025676	6	4	5	Run	Normal
18.0816	-18.3869	-6.6277	57.1768	98.0285	68.3001	1.7958	30.6100	-7.7388	15.5607	-8.9389	-5.8852	-0.1124	-0.7247	0.6222	-0.2738	0.1202	0.8900	-0.4844	2.5209	-9.4480	-0.7425	25.744224854879086	6	4	5	Run	Normal
9.6151	-6.4739	-2.9880	55.1227	99.8807	63.2939	0.6251	30.2685	-8.9846	6.5067	2.7771	-2.0256	-0.1025	-0.7339	0.6008	-0.2999	-0.2793	0.5683	0.3689	3.1084	-9.2510	-0.9623	-14.65572544297839	6	4	5	Run	Normal
4.8656	-2.8724	0.1143	58.1478	101.6180	62.4285	0.3129	29.8466	-8.2784	1.9067	6.4190	1.1565	-0.0884	-0.7385	0.6083	-0.2771	0.7711	-0.7963	0.5425	2.9589	-9.2914	-1.0422	-6.319011492553793	6	4	5	Run	Normal
3.2950	-2.3361	-3.6398	60.4260	100.3578	63.0600	-0.8592	29.0367	-9.6633	0.2916	6.9586	-2.7695	-0.0724	-0.7343	0.6188	-0.2696	-0.2495	-0.1412	0.2613	3.0034	-9.2947	-0.8703	-0.21421089101208324	0	4	5	Upright	Normal
6.0148	-4.9410	-0.2687	61.1580	101.3699	61.6687	-1.8317	29.4411	-10.3140	2.9429	4.3253	0.6639	-0.0646	-0.7371	0.6175	-0.2666	0.3450	-1.4792	0.6735	3.0719	-9.2663	-0.9327	2.351533812019583	0	0	6	Upright	Normal
5.8616	-2.5277	3.6003	56.8500	101.5784	66.5318	0.4822	30.3236	-11.8397	3.5475	6.9411	4.6766	-0.1222	-0.7348	0.6133	-0.2625	-1.0484	-2.4294	0.1185	2.3141	-9.4688	-1.0763	-0.45998196542707337	0	0	6	Upright	Normal
8.3133	-6.0903	2.8341	57.4267	94.1264	72.7257	-1.4184	29.3835	-11.9071	5.9767	3.4264	3.2141	-0.1172	-0.7111	0.6374	-0.2726	1.1620	1.8434	1.0357	2.3366	-9.5167	-0.3799	3.3593741041764567	0	0	6	Upright	Normal
6.5128	-2.6809	-3.1418	54.7935	97.8155	72.4231	-0.1638	29.0528	-12.4300	4.6177	6.9101	-2.3730	-0.1513	-0.7186	0.6246	-0.2660	-0.4316	-0.2243	0.4466	1.8952	-9.5910	-0.7688	-2.9760857462158583	0	0	6	Upright	Normal
8.6963	-6.7798	2.4894	51.6734	93.6511	74.0482	-1.0264	30.3068	-12.5711	6.4778	2.7649	2.8768	-0.1572	-0.7036	0.6246	-0.3003	-0.2005	0.4308	0.5923	2.2185	-9.5446	-0.3874	3.5923701499731493	0	0	6	Upright	Normal
7.3167	-4.5203	0.5746	51.9049	93.5861	73.6162	-1.5543	29.0874	-11.7232	5.0191	5.0060	0.9532	-0.1528	-0.7042	0.6242	-0.3018	0.0062	-0.0549	0.6828	2.2975	-9.5262	-0.3786	-2.6847617401162385	0	0	6	Upright	Normal
7.4705	-5.8604	-0.4220	53.2884	92.5759	73.9909	-3.4620	29.4453	-10.4246	5.1083	3.6539	-0.1585	-0.1413	-0.7025	0.6306	-0.2982	0.3407	-0.4224	0.4932	2.3622	-9.5143	-0.2635	0.8846562566294516	0	0	6	Upright	Normal
6.1292	-6.5505	-0.6895	58.1828	93.5306	72.5029	-5.0548	29.9991	-8.7784	3.6758	2.9390	-0.3711	-0.1079	-0.7103	0.6396	-0.2732	-0.2356	-0.1455	0.5134	2.4533	-9.4896	-0.3184	-0.5069407376685824	0	0	6	Upright	Normal
7.3167	-6.2058	-1.0343	57.8441	96.3530	69.3280	-6.1034	30.9185	-7.1797	4.7356	3.2376	-0.4567	-0.1057	-0.7199	0.6284	-0.2751	-0.1152	0.0772	0.5113	2.5811	-9.4433	-0.5776	0.6523463366932756	0	0	6	Upright	Normal
6.8959	-6.3584	-0.8051	57.1575	97.8375	67.9992	-6.1245	31.3564	-6.7637	4.2983	3.0701	-0.0798	-0.1095	-0.7246	0.6216	-0.2768	-0.2974	0.0814	0.6548	2.5976	-9.4285	-0.7253	-0.2352574868846471	0	0	6	Upright	Normal
7.1257	-6.2818	-0.9583	55.0107	100.8416	65.5504	-5.3308	32.4690	-5.4708	4.5150	3.1117	0.0995	-0.1227	-0.7341	0.6052	-0.2825	-0.4466	0.2817	0.5813	2.6107	-9.3935	-1.0578	0.13311316076342194	1	0	7	Upright	Normal
7.6620	-5.3624	-0.9200	52.9306	102.5182	63.6448	-4.0004	32.4198	-4.8038	4.9319	3.9690	0.3614	-0.1312	-0.7403	0.5908	-0.2927	-0.1557	0.0750	0.6186	2.7301	-9.3314	-1.2813	-0.1502774089026282	1	0	7	Upright	Normal
7.3167	-5.8993	-1.1109	52.6692	102.5959	63.1081	-3.0966	33.5085	-4.2562	4.5045	3.4056	0.1860	-0.1296	-0.7412	0.5883	-0.2964	0.0456	-0.0507	0.5408	2.8121	-9.3049	-1.2969	0.06690701166160551	1	0	7	Upright	Normal
7.2018	-5.9759	-0.9960	51.8767	102.4408	62.1234	-3.3398	33.2280	-3.8340	4.1933	3.2663	0.3084	-0.1270	-0.7419	0.5827	-0.3065	0.0669	-0.0123	0.5110	3.0085	-9.2422	-1.3044	-0.053012174687793845	1	0	7	Upright	Normal
7.1257	-6.1669	-0.6901	51.8785	101.5544	62.4175	-3.9735	32.9575	-3.7035	4.0468	3.0647	0.5225	-0.1244	-0.7392	0.5845	-0.3108	0.0956	-0.0251	0.5168	3.0789	-9.2316	-1.2127	0.03781406151957967	1	0	7	Upright	Normal
7.0874	-6.0519	-0.6135	51.8225	100.7112	62.7285	-4.4356	33.2429	-3.3547	3.9459	3.1693	0.5131	-0.1224	-0.7365	0.5860	-0.3149	0.0541	-0.0422	0.5306	3.1415	-9.2213	-1.1266	-0.10907467017085892	1	0	7	Upright	Normal
7.0874	-6.2052	-0.4986	51.8444	99.7503	63.1556	-3.8287	33.4471	-3.3218	3.8883	3.0082	0.5275	-0.1201	-0.7334	0.5883	-0.3187	0.0573	-0.0273	0.5381	3.1991	-9.2133	-1.0261	0.09328476728880375	1	0	7	Upright	Normal
7.0108	-6.0519	-0.6518	51.5357	99.4659	63.1100	-4.0125	33.3100	-3.6992	3.7622	3.1466	0.3515	-0.1202	-0.7326	0.5873	-0.3224	-0.0354	0.0121	0.5189	3.2486	-9.1985	-1.0033	-0.14866721719501896	1	0	7	Upright	Normal
7.0868	-6.0525	-0.5363	51.0148	99.2440	63.0218	-4.0244	33.1843	-4.2730	3.7872	3.1291	0.4549	-0.1215	-0.7320	0.5853	-0.3270	-0.0375	0.0622	0.5093	3.2997	-9.1816	-0.9912	0.0505628214232452	1	0	7	Upright	Normal
7.0485	-5.9759	-0.5746	50.2718	99.0510	62.8333	-3.5877	33.5941	-3.8809	3.6824	3.1820	0.4115	-0.1237	-0.7314	0.5821	-0.3331	-0.0620	0.0675	0.4870	3.3661	-9.1580	-0.9861	-0.07638095956905033	1	0	7	Upright	Normal
7.2024	-5.9753	-0.6135	49.4601	98.8523	62.3443	-4.2252	33.6515	-3.9375	3.7207	3.1398	0.3675	-0.1243	-0.7311	0.5777	-0.3410	-0.0205	0.0324	0.4796	3.4816	-9.1152	-0.9810	0.11977491650486094	2	0	8	Upright	Normal
7.0868	-6.0908	-0.6129	48.9267	98.6353	62.2271	-3.9581	33.5525	-3.3189	3.5513	3.0050	0.3545	-0.1256	-0.7304	0.5755	-0.3457	-0.0503	0.0505	0.5073	3.5355	-9.0959	-0.9674	-0.013814960905511597	2	0	8	Upright	Normal
7.0868	-5.8610	-0.7278	47.9897	98.8030	61.7479	-3.3815	34.0366	-3.5277	3.4819	3.2036	0.2767	-0.1288	-0.7312	0.5701	-0.3518	-0.0908	0.0643	0.4796	3.6049	-9.0646	-1.0045	-0.13945684082079168	2	0	8	Upright	Normal
7.0491	-6.0519	-0.5369	47.0730	98.3507	61.5217	-3.2647	33.8438	-4.0941	3.3395	2.9740	0.4332	-0.1305	-0.7297	0.5662	-0.3605	0.0317	0.0909	0.4945	3.7097	-9.0260	-0.9701	0.08093419277525449	2	0	8	Upright	Normal
7.2401	-6.0908	-0.4980	46.7108	97.7989	61.7596	-2.8161	33.2046	-3.9867	3.4961	2.9271	0.4145	-0.1314	-0.7275	0.5661	-0.3646	-0.0140	0.0069	0.5120	3.7439	-9.0179	-0.9125	0.1683300696428045	2	0	8	Upright	Normal
7.2024	-5.8221	-0.5752	46.2928	97.6421	61.7906	-3.0967	33.4369	-4.0087	3.4388	3.1888	0.3259	-0.1333	-0.7268	0.5647	-0.3676	-0.0503	0.0473	0.4981	3.7635	-9.0109	-0.9011	-0.1953025409811442	2	0	8	Upright	Normal
7.2401	-5.8610	-0.4980	45.7082	97.4232	61.6984	-2.7741	33.5345	-3.0036	3.4282	3.1310	0.3868	-0.1350	-0.7259	0.5623	-0.3724	-0.0268	0.0292	0.5003	3.8119	-8.9920	-0.8848	0.049232755888214186	2	0	8	Upright	Normal
7.2790	-5.9370	-0.5752	45.1759	97.2044	61.6987	-2.7755	33.9208	-3.5762	3.4343	3.0429	0.2918	-0.1371	-0.7249	0.5604	-0.3764	-0.0535	0.0378	0.5109	3.8446	-8.9799	-0.8670	0.0824097406060531	2	0	8	Upright	Normal
7.2790	-6.0136	-0.6135	44.7995	97.1807	61.5735	-2.4780	34.2238	-3.8228	3.4069	2.9541	0.2563	-0.1384	-0.7247	0.5585	-0.3791	-0.0385	0.0175	0.5056	3.8720	-8.9678	-0.8698	0.05091777959272292	2	0	8	Upright	Normal
7.2024	-5.8221	-0.4986	44.4570	97.0416	61.5361	-2.5805	33.8049	-4.1545	3.3040	3.1355	0.3596	-0.1395	-0.7241	0.5572	-0.3818	-0.0023	0.0197	0.5035	3.8984	-8.9576	-0.8582	-0.18699349029699341	2	0	8	Upright	Normal
7.2024	-5.9370	-0.5369	44.1327	96.8594	61.6321	-2.3380	34.0573	-3.8048	3.2940	3.0179	0.3038	-0.1411	-0.7232	0.5564	-0.3841	-0.0407	-0.0177	0.5189	3.9084	-8.9549	-0.8407	0.0746762534340295	3	0	9	Upright	Normal
7.1257	-5.8987	-0.6518	43.8421	96.8395	61.6115	-2.4019	34.4634	-3.9385	3.2081	3.0519	0.1906	-0.1426	-0.7229	0.5552	-0.3858	-0.0120	0.0217	0.5072	3.9177	-8.9506	-0.8425	-0.07601940641036542	3	0	9	Upright	Normal
7.2407	-6.0519	-0.4986	43.5495	96.5306	61.7725	-1.9661	34.6352	-4.3594	3.3097	2.8959	0.3099	-0.1438	-0.7215	0.5549	-0.3884	-0.0002	0.0057	0.5115	3.9310	-8.9479	-0.8085	0.17660968352237738	3	0	9	Upright	Normal
7.2024	-5.9753	-0.5369	43.2414	96.4502	61.8297	-1.8769	33.7707	-4.5625	3.2675	2.9714	0.2658	-0.1456	-0.7209	0.5539	-0.3902	-0.0194	0.0132	0.5125	3.9349	-8.9467	-0.8027	-0.07622245722041043	3	0	9	Upright	Normal
7.2024	-6.0136	-0.5369	42.8057	96.3402	61.8985	-1.9617	33.8846	-4.0915	3.2606	2.9308	0.2577	-0.1481	-0.7201	0.5525	-0.3927	-0.0418	0.0217	0.5189	3.9418	-8.9444	-0.7946	0.02446072132836008	3	0	9	Upright	Normal
7.3173	-5.9370	-0.5752	42.4474	96.2495	61.8381	-1.6411	33.8917	-4.0997	3.3517	2.9974	0.2126	-0.1493	-0.7196	0.5510	-0.3953	0.0116	0.0368	0.4984	3.9655	-8.9344	-0.7878	0.042226256114354044	3	0	9	Upright	Normal
7.2018	-5.9376	-0.4597	42.1528	96.0183	61.8763	-1.0352	33.3206	-4.4298	3.2133	2.9889	0.3026	-0.1502	-0.7185	0.5502	-0.3980	-0.0043	-0.0058	0.5006	3.9884	-8.9265	-0.7623	-0.09525153498804251	3	0	9	Upright	Normal
7.2024	-5.9753	-0.4986	41.9315	95.9426	61.8568	-1.1072	32.9956	-4.2385	3.2000	2.9455	0.2568	-0.1510	-0.7181	0.5493	-0.3997	-0.0438	-0.0026	0.4931	4.0024	-8.9208	-0.7554	0.026448854822499257	3	0	9	Upright	Normal
7.2407	-5.8221	-0.4603	41.6481	95.9621	61.6358	-1.4554	33.2632	-3.5460	3.2027	3.0822	0.3009	-0.1514	-0.7183	0.5473	-0.4020	-0.0129	-0.0037	0.4857	4.0380	-8.9043	-0.7612	-0.06912877578065668	3	0	9	Upright	Normal
7.0108	-5.9370	-0.3837	41.4045	95.7928	61.7718	-1.6083	33.2661	-3.7139	2.9730	2.9690	0.3588	-0.1529	-0.7173	0.5470	-0.4036	0.0074	0.0027	0.5198	4.0378	-8.9060	-0.7425	-0.10758001603471179	3	0	9	Upright	Normal
7.5088	-5.8987	-0.6901	41.1463	95.6781	61.9283	-1.5318	33.7241	-3.7624	3.4801	3.0124	0.0406	-0.1548	-0.7164	0.5467	-0.4048	0.0073	-0.0038	0.5426	4.0287	-8.9111	-0.7307	0.37863883682193666	4	0	10	Upright	Normal
7.0485	-6.0908	-0.6895	41.2279	95.7066	61.9523	-0.5631	33.5766	-3.6272	3.0275	2.8234	0.0440	-0.1546	-0.7166	0.5471	-0.4041	-0.0258	-0.0805	0.5000	4.0211	-8.9142	-0.7335	-0.2325389324947107	4	0	10	Upright	Normal
7.1635	-6.1675	-0.4980	41.2234	95.7345	61.8374	-1.2097	33.2250	-4.2748	3.1276	2.7397	0.2391	-0.1541	-0.7168	0.5466	-0.4045	-0.0258	-0.0102	0.4819	4.0359	-8.9072	-0.7371	0.12480484464702357	4	0	10	Upright	Normal
7.2018	-5.9376	-0.7661	40.8911	96.1781	61.3961	-1.0396	33.6764	-3.5560	3.1407	2.9529	0.0317	-0.1553	-0.7187	0.5431	-0.4055	-0.0492	0.0079	0.4701	4.0610	-8.8906	-0.7979	-0.10057124088767644	4	0	10	Upright	Normal
7.2018	-5.9376	-0.5363	40.4962	96.3337	61.1712	-1.1663	33.9367	-3.7067	3.1174	2.9401	0.2864	-0.1570	-0.7192	0.5404	-0.4075	-0.0641	-0.0123	0.4893	4.0844	-8.8777	-0.8227	-0.015992484353912317	4	0	10	Upright	Normal
7.2790	-5.8987	-0.7284	40.1305	96.5857	60.8357	-1.8224	34.1983	-3.6834	3.1647	2.9615	0.1315	-0.1582	-0.7203	0.5373	-0.4092	-0.0151	0.0090	0.4790	4.1143	-8.8602	-0.8600	0.048032028559111595	4	0	10	Upright	Normal
7.3173	-5.8604	-0.6518	39.7178	96.6399	60.6588	-2.0060	33.4696	-3.8122	3.1759	2.9860	0.2204	-0.1597	-0.7204	0.5348	-0.4117	-0.0407	0.0143	0.4736	4.1414	-8.8464	-0.8722	1.5650643183384716E-4	4	0	10	Upright	Normal
7.2407	-5.9370	-0.6901	39.3042	96.7431	60.4456	-1.6014	33.4778	-3.3462	3.0716	2.8944	0.2010	-0.1613	-0.7207	0.5321	-0.4140	-0.0290	0.0058	0.4907	4.1691	-8.8315	-0.8911	-0.008520694189105171	4	0	10	Upright	Normal
7.3173	-5.7838	-0.6518	38.8786	96.7210	60.3373	-1.6984	34.1513	-3.4511	3.1234	3.0357	0.2417	-0.1630	-0.7204	0.5299	-0.4167	0.0030	0.0271	0.4822	4.1939	-8.8195	-0.8935	-0.039056600555134935	4	0	10	Upright	Normal
7.3173	-5.8221	-0.6135	38.5877	96.4313	60.4558	-1.9456	33.7945	-3.1997	3.1083	2.9936	0.2451	-0.1641	-0.7189	0.5295	-0.4194	0.0126	0.0122	0.5077	4.2090	-8.8158	-0.8586	0.02115526311746052	4	0	10	Upright	Normal
7.1257	-5.8221	-0.5752	38.2905	96.1414	60.7203	-1.6496	33.3106	-3.9188	2.9242	3.0005	0.2482	-0.1661	-0.7172	0.5296	-0.4214	0.0019	0.0356	0.5109	4.2015	-8.8226	-0.8235	-0.15130126104401675	5	0	11	Upright	Normal
Total time: 11 seconds.
