8.0451	-4.2898	0.8039	60.6839	-68.3486	128.3769	-23.0205	-10.1915	14.1096	3.5825	4.2611	-0.9676	-0.6184	0.1652	-0.5192	0.5663	0.1439	-0.0043	0.7616	4.4626	-8.5509	1.7714	-0.12110762418601873	6	0	1	Upright	Normal
8.4282	-4.1366	1.1486	60.6158	-67.0806	126.6573	-23.1082	-9.2051	14.6286	3.9964	4.4085	-0.7251	-0.6151	0.1618	-0.5179	0.5722	0.2398	0.0394	0.7499	4.4318	-8.5451	1.8738	0.30588975081580116	6	0	1	Upright	Normal
7.8536	-3.9450	1.6083	60.5964	-65.1903	124.5854	-23.2639	-9.7600	13.9778	3.4834	4.5985	-0.4118	-0.6094	0.1600	-0.5176	0.5788	0.1929	0.0074	0.7925	4.3702	-8.5436	2.0201	-0.5239193932818029	6	0	1	Upright	Normal
8.1977	-2.7964	2.4517	60.2692	-60.0776	119.2657	-23.2665	-8.7616	14.7724	3.9828	5.7194	0.0257	-0.5932	0.1561	-0.5189	0.5953	0.3857	0.0266	0.8745	4.2150	-8.5159	2.4259	0.06714107642301492	0	0	1	Upright	Normal
8.8490	-3.7541	2.7198	58.8381	-56.1361	113.8304	-22.9466	-7.6381	15.4189	4.6355	4.6377	-0.1077	-0.5800	0.1394	-0.5178	0.6132	0.3196	-0.1087	0.8266	4.2135	-8.3918	2.8276	0.9879326184702233	0	0	1	Upright	Normal
8.0445	-3.1795	1.8004	59.0227	-56.7658	112.3813	-23.4850	-7.9262	16.3420	3.8228	5.2285	-0.9658	-0.5849	0.1299	-0.5059	0.6206	0.0384	-0.1630	0.8319	4.2217	-8.4080	2.7662	-1.1543437380256645	0	0	1	Upright	Normal
8.6963	-3.7918	1.6466	59.0845	-55.9808	110.7572	-22.8439	-6.6782	16.6184	4.5206	4.6217	-1.1721	-0.5834	0.1263	-0.5007	0.6269	0.0768	0.0096	0.8681	4.1758	-8.4135	2.8187	0.7934254352165802	0	0	1	Upright	Normal
8.7346	-3.0640	1.6849	59.9730	-56.9299	109.8278	-23.3621	-6.2077	16.2450	4.6225	5.4268	-0.9927	-0.5904	0.1222	-0.4861	0.6326	-0.0202	-0.1246	0.9629	4.1122	-8.4907	2.6776	-0.2203268829720706	0	0	1	Upright	Normal
9.3093	-3.1789	1.6083	60.7265	-58.4901	110.6155	-23.9598	-5.3526	16.3107	5.2213	5.3756	-0.8978	-0.5976	0.1227	-0.4785	0.6315	-0.3163	0.0043	0.7246	4.0879	-8.5545	2.5061	0.5591846875465531	0	0	1	Upright	Normal
11.0325	-7.3933	2.7964	58.5830	-61.6561	112.2593	-24.1866	-4.8729	16.6709	6.5338	0.9759	0.3698	-0.6052	0.0998	-0.4821	0.6255	-0.1224	-0.0596	0.4178	4.4987	-8.3692	2.4267	3.6042089513685873	0	0	1	Upright	Normal
5.3253	-6.0519	0.5357	59.5877	-63.9912	112.9635	-23.4652	-5.5148	16.5283	0.8640	2.4056	-1.6411	-0.6161	0.0974	-0.4682	0.6259	-0.2534	-0.4612	0.4731	4.4613	-8.4575	2.1768	-5.4928473307152075	0	1	2	Jump	Normal
6.2830	-3.6386	2.2978	59.0644	-68.1482	120.4145	-23.7213	-7.1305	16.3677	1.6040	4.7731	0.4215	-0.6259	0.1121	-0.4882	0.5977	0.0928	1.0131	0.2729	4.6790	-8.4117	1.8763	-0.46359478850564617	0	1	2	PT	Normal
6.3973	-3.6775	2.4134	59.0422	-66.7090	118.9799	-24.4698	-8.5043	14.2279	1.7639	4.7323	0.4188	-0.6211	0.1117	-0.4887	0.6024	-0.1831	-0.5337	0.6020	4.6334	-8.4098	1.9945	0.14815984394475645	0	1	2	Upright	Normal
8.2361	-3.0263	0.0000	58.6978	-71.0443	121.7488	-24.5039	-8.2809	15.3391	3.4176	5.3531	-1.6548	-0.6366	0.1020	-0.4811	0.5941	-0.1192	0.0235	0.3914	4.8185	-8.3794	1.6548	0.14815984394475645	0	1	2	Upright	Normal
10.4202	-2.7192	-1.0732	56.5630	-75.3307	123.9690	-25.1133	-9.3481	15.5528	5.1929	5.4646	-2.4415	-0.6512	0.0784	-0.4794	0.5830	0.4529	0.2706	0.4915	5.2273	-8.1838	1.3683	3.0588642986189694	0	0	2	Upright	Normal
10.1137	-7.8907	1.6466	54.0711	-73.6738	119.5717	-24.9270	-9.2647	16.6844	4.5916	0.0504	0.0292	-0.6446	0.0456	-0.4789	0.5942	0.8246	0.8555	0.8036	5.5221	-7.9411	1.6174	2.1104621833899966	0	0	2	Upright	Normal
4.4825	-2.9874	5.4390	56.4502	-61.2756	112.7180	-26.2424	-8.9834	14.0810	-0.2701	5.1857	2.8344	-0.5992	0.0900	-0.4976	0.6206	-0.2683	-0.7147	0.6353	4.7526	-8.1731	2.6046	-5.277886963775648	0	0	2	Upright	Normal
8.3516	-3.2938	1.9914	57.6297	-63.5868	109.8585	-27.0168	-9.1932	15.4166	3.6495	4.9891	-0.3440	-0.6132	0.0700	-0.4636	0.6357	0.0193	0.5849	1.0774	4.7021	-8.2829	2.3354	1.540799754895069	0	0	2	Upright	Normal
7.8536	-1.9531	1.6466	59.7442	-66.8973	112.6652	-27.5849	-8.1015	15.8691	3.3089	6.5179	-0.2921	-0.6282	0.0809	-0.4500	0.6296	-0.0403	-0.1373	0.7339	4.5446	-8.4710	1.9387	-0.9372419425247998	0	0	2	Upright	Normal
8.5431	-2.9874	1.2252	59.9991	-65.4012	110.0751	-27.7629	-7.7880	15.4163	4.0850	5.5056	-0.8157	-0.6245	0.0767	-0.4424	0.6390	-0.0680	-0.1703	0.9928	4.4582	-8.4930	2.0409	0.8742932891965527	0	0	2	Upright	Normal
8.8879	-2.8724	1.3402	61.3717	-68.6250	111.5773	-27.6925	-7.2473	15.7593	4.5128	5.7355	-0.3721	-0.6379	0.0760	-0.4257	0.6373	-0.5868	-0.1650	0.7733	4.3751	-8.6079	1.7123	0.3032646104530219	0	0	3	Upright	Normal
11.6837	-9.3464	4.9799	56.0313	-68.1759	109.1223	-27.7074	-8.2594	17.2422	6.5974	-1.2131	2.9431	-0.6287	0.0300	-0.4430	0.6384	0.4124	-0.3909	0.2844	5.0863	-8.1333	2.0369	6.33288066018075	0	0	3	Upright	Normal
7.3173	-4.9793	-1.8777	57.3517	-76.3151	116.1301	-27.1211	-10.6101	18.2583	2.1772	3.2781	-3.1292	-0.6596	0.0335	-0.4286	0.6165	-0.8521	0.3325	0.1949	5.1401	-8.2575	1.2516	-6.7213002026493776	0	0	3	Upright	Normal
7.8536	-1.7998	3.1023	55.5411	-68.7885	115.9854	-28.0676	-11.9273	15.8747	2.6809	6.2863	1.0947	-0.6276	0.0611	-0.4796	0.6102	0.6585	1.2262	0.5648	5.1727	-8.0861	2.0075	-0.4139612313854961	0	0	3	Upright	Normal
6.1681	-2.6426	0.1143	56.7873	-67.0050	109.9550	-28.0051	-12.3659	14.6518	1.2236	5.5623	-1.9839	-0.6252	0.0461	-0.4501	0.6359	-0.0893	-0.9597	0.7033	4.9445	-8.2049	2.0982	-1.9224814510730264	0	0	3	Upright	Normal
9.1177	-3.4087	1.0720	56.8271	-71.5062	111.8423	-27.0705	-12.2570	17.2654	4.0290	4.7998	-0.6300	-0.6420	0.0319	-0.4354	0.6302	0.2857	0.0843	0.4413	5.0887	-8.2085	1.7020	3.0815758115612732	0	0	3	Upright	Normal
9.8456	-0.7272	-0.7667	54.8948	-73.6351	110.4806	-26.8281	-12.7438	17.9440	4.4345	7.2957	-2.3556	-0.6473	-0.0001	-0.4262	0.6320	0.6798	-0.0340	0.6565	5.4110	-8.0230	1.5889	0.10924699988726339	0	0	3	Upright	Normal
12.3738	-7.4693	1.3785	53.5224	-69.9982	105.0581	-26.1812	-12.2549	20.0564	6.8956	0.4163	-0.6156	-0.6309	-0.0188	-0.4234	0.6499	1.0068	1.1996	1.1827	5.4782	-7.8856	1.9941	4.616863674964277	0	0	3	Upright	Normal
3.5243	-2.2218	4.3670	55.8186	-60.9141	97.8321	-27.2066	-10.3636	17.7103	-1.2903	5.8909	1.6888	-0.6028	0.0098	-0.4182	0.6794	0.3261	-0.8277	0.8090	4.8146	-8.1128	2.6782	-8.483466647500617	0	0	3	Upright	Normal
7.0485	-3.8307	2.6049	56.6476	-59.0222	91.8946	-27.2481	-9.1071	19.5883	2.4262	4.3610	-0.1700	-0.5987	-0.0047	-0.3881	0.7006	-0.1852	0.6445	0.9145	4.6223	-8.1918	2.7749	2.3989766667671724	0	1	4	PT	Normal
9.0405	-2.5666	0.3448	58.2060	-64.0150	96.5232	-27.0798	-9.1961	19.1968	4.3964	5.7688	-1.9188	-0.6201	-0.0005	-0.3812	0.6856	-0.2651	0.0821	0.7185	4.6442	-8.3354	2.2636	0.9695731472152129	0	1	4	PT	Normal
8.1594	-2.2984	2.2601	58.4642	-64.0320	95.0788	-26.8655	-9.7137	19.0160	3.5482	6.0600	0.0144	-0.6208	-0.0068	-0.3711	0.6905	-0.0627	-0.4655	1.0593	4.6112	-8.3585	2.2458	-0.6310371538920911	0	1	4	PT	Normal
9.3859	-3.3704	0.6506	59.9945	-69.6025	97.7787	-26.9628	-8.6689	19.3071	4.7895	5.1221	-1.0585	-0.6423	-0.0157	-0.3482	0.6826	-0.4558	-0.1672	0.6961	4.5964	-8.4925	1.7092	1.2208420152696817	0	1	4	PT	Normal
9.6534	-2.5666	2.2984	56.1542	-72.9957	101.6798	-26.5382	-10.3161	19.0472	4.4305	5.5783	0.7012	-0.6458	-0.0380	-0.3732	0.6650	0.5850	-0.0138	-0.0064	5.2230	-8.1449	1.5972	0.2558936538641241	0	1	4	Upright	Normal
7.6231	-8.9256	-0.1915	55.2759	-74.0978	101.1931	-25.0858	-11.4725	19.6217	2.2508	-0.8654	-1.7220	-0.6474	-0.0527	-0.3689	0.6648	-0.6230	-0.0564	0.3867	5.3723	-8.0602	1.5305	1.4896577287675932	0	0	4	Upright	Normal
8.0834	-2.7958	0.5357	55.7191	-75.9202	107.1464	-24.6226	-13.0764	18.0991	2.7259	5.3075	-0.8079	-0.6563	-0.0265	-0.3902	0.6452	0.1834	1.2944	0.4730	5.3575	-8.1033	1.3436	-3.169453285079385	0	0	4	Upright	Normal
6.3979	-2.2978	1.4168	56.7285	-69.0958	101.0876	-26.3670	-12.7933	15.7503	1.3722	5.9014	-0.5028	-0.6340	-0.0150	-0.3884	0.6686	0.0918	-0.9991	0.8799	5.0257	-8.1992	1.9196	-1.6259093563540352	0	0	4	Upright	Normal
8.4665	-3.4471	1.0720	56.5820	-73.1389	102.7313	-26.2331	-11.5183	17.0739	3.2980	4.7386	-0.4944	-0.6475	-0.0302	-0.3761	0.6621	0.0555	0.3378	0.5295	5.1685	-8.1856	1.5664	2.259897118756249	0	0	4	Upright	Normal
10.4968	-2.1446	-1.4563	56.2085	-76.5528	102.6263	-25.5353	-12.1473	18.1363	5.1923	6.0056	-2.7246	-0.6577	-0.0529	-0.3581	0.6606	0.2462	-0.1565	0.7605	5.3045	-8.1502	1.2683	1.6081828659847517	0	0	4	Upright	Normal
10.8409	-2.7198	-0.3448	54.5876	-77.7420	101.3483	-24.6406	-11.7218	19.5655	5.2880	5.2728	-1.5511	-0.6577	-0.0773	-0.3528	0.6611	0.1908	-0.7083	0.5464	5.5529	-7.9926	1.2064	0.37002147877693403	0	0	5	Upright	Normal
10.9176	-8.1977	2.2984	55.6532	-68.7059	95.7027	-25.2867	-10.4097	19.2732	5.7627	-0.1007	0.2892	-0.6286	-0.0492	-0.3645	0.6852	0.4849	2.3416	1.0663	5.1549	-8.0970	2.0092	2.6626273494391057	0	0	5	Upright	Normal
5.2864	-3.7158	4.4053	57.7221	-67.2285	93.4778	-27.2671	-9.9283	16.1950	0.4577	4.5756	2.3785	-0.6286	-0.0395	-0.3480	0.6944	-0.4867	-1.4785	0.6103	4.8287	-8.2914	2.0268	-6.024337881598739	0	0	5	Upright	Normal
8.5431	-4.0217	2.4511	59.2142	-68.1582	93.8158	-26.3724	-10.0946	17.7591	3.8843	4.4032	0.5837	-0.6353	-0.0340	-0.3367	0.6941	-0.6166	0.2174	0.8170	4.6588	-8.4249	1.8673	1.9348560535988009	0	0	5	Upright	Normal
7.7004	-1.8381	1.2635	60.2919	-72.8013	98.4688	-26.3290	-10.1498	17.5436	3.0580	6.6797	-0.1734	-0.6526	-0.0289	-0.3326	0.6802	-0.4153	-0.1416	0.7307	4.6424	-8.5178	1.4370	-1.738400988304674	0	0	5	Upright	Normal
9.0028	-2.7192	0.7655	60.4875	-72.2473	97.1664	-26.6001	-9.7437	16.6447	4.4020	5.8151	-0.7073	-0.6511	-0.0318	-0.3269	0.6843	0.0854	-0.0542	0.8914	4.6008	-8.5343	1.4729	1.4186624276800082	0	0	5	Upright	Normal
9.4242	-3.4854	0.7655	60.7653	-75.2082	98.5950	-27.3008	-8.4342	16.9569	4.7938	5.0724	-0.4571	-0.6604	-0.0395	-0.3169	0.6797	-0.3620	-0.1841	0.6592	4.6304	-8.5578	1.2227	0.6415850328080133	0	0	5	Upright	Normal
9.8072	-1.7615	0.9954	57.2342	-80.5278	103.3710	-27.0353	-10.2240	17.5630	4.5725	6.4850	0.1221	-0.6717	-0.0650	-0.3337	0.6582	-0.0488	-0.0446	-0.0162	5.2348	-8.2465	0.8733	-0.06344490427828298	0	0	5	Upright	Normal
8.1217	-7.1629	-2.3756	54.0398	-75.8826	95.0594	-24.9057	-11.2961	18.9211	2.5373	0.7751	-3.7801	-0.6459	-0.1056	-0.3296	0.6804	-0.0509	-0.4238	0.3897	5.5845	-7.9380	1.4045	1.0728619894605291	0	0	5	Upright	Normal
6.7044	-2.3744	-0.0389	55.5549	-78.5137	100.7061	-24.8468	-11.0988	19.3673	1.2688	5.7129	-1.1434	-0.6613	-0.0794	-0.3393	0.6642	0.0055	1.2561	0.6901	5.4356	-8.0873	1.1045	-3.974053718650276	0	0	5	Upright	Normal
7.7004	-2.6043	2.3361	55.5473	-71.8417	96.0795	-25.8972	-12.0227	16.4471	2.4291	5.4824	0.6074	-0.6383	-0.0664	-0.3500	0.6824	-0.1021	-0.7029	0.7942	5.2713	-8.0867	1.7288	1.3453468133717417	0	1	6	PT	Normal
7.4322	-2.4511	0.8039	56.4534	-74.1376	96.4831	-25.8644	-11.5291	17.0695	2.2196	5.7224	-0.6773	-0.6475	-0.0722	-0.3346	0.6809	-0.1191	-0.1895	0.7878	5.2126	-8.1735	1.4811	-0.5907592861529212	0	1	6	PT	Normal
11.2629	-3.3704	-1.2647	56.3394	-76.0653	95.9479	-25.8217	-10.7104	17.3491	5.9876	4.7921	-2.5736	-0.6524	-0.0874	-0.3211	0.6809	0.2740	0.0449	0.7643	5.2753	-8.1626	1.3089	3.957081319733132	0	1	6	Jump	Normal
12.5265	-5.6695	-0.7661	55.2879	-77.8239	95.1742	-26.2433	-10.5864	18.3755	7.0678	2.3920	-1.9439	-0.6543	-0.1087	-0.3123	0.6801	0.2047	-0.0755	0.8442	5.4586	-8.0614	1.1778	1.9468931647764958	0	1	6	PT	Normal
3.8307	-3.6392	4.2521	56.7283	-72.5316	93.6809	-25.9494	-9.8098	17.2460	-1.3009	4.5602	2.6372	-0.6417	-0.0766	-0.3253	0.6903	-0.3332	-0.0329	0.4938	5.1317	-8.1994	1.6149	-6.9888935508876395	0	1	6	Jump	Normal
7.3550	-4.0223	3.4093	58.5183	-71.4064	90.2290	-26.6230	-10.0455	17.1266	2.5013	4.3411	1.7766	-0.6408	-0.0781	-0.3006	0.7020	-0.0520	-0.1724	0.9327	4.8536	-8.3634	1.6327	2.267553581349614	0	1	6	PT	Normal
8.4282	-2.6809	1.4934	59.1566	-72.6088	91.3038	-26.1065	-8.8245	18.2451	3.6305	5.7391	-0.0093	-0.6463	-0.0755	-0.2969	0.6989	-0.2555	0.1407	0.7675	4.7977	-8.4200	1.5027	-0.08026005653015922	0	1	6	Upright	Normal
7.9679	-2.0686	1.5323	59.9762	-72.1424	89.5861	-25.7599	-9.2193	17.3198	3.2977	6.4224	0.0277	-0.6460	-0.0773	-0.2844	0.7041	0.3049	-0.0372	1.0094	4.6702	-8.4910	1.5046	-0.5960662796754761	0	0	6	Upright	Normal
9.3476	-4.2515	0.6889	60.9232	-74.3559	89.4990	-26.2018	-6.9763	18.6358	4.7586	4.3194	-0.5962	-0.6536	-0.0855	-0.2659	0.7034	-0.3620	-0.0265	0.7580	4.5889	-8.5709	1.2851	1.9186680495085522	0	0	6	Upright	Normal
9.9216	-1.8004	0.6129	59.3967	-78.3452	93.8512	-26.0291	-7.2845	18.1075	5.0325	6.6405	-0.3955	-0.6631	-0.0942	-0.2782	0.6885	-0.4035	0.0747	0.2338	4.8891	-8.4409	1.0084	-0.18986742560939263	0	0	6	Upright	Normal
8.4659	-8.6574	2.7198	55.5538	-73.8382	88.5135	-24.8897	-9.8141	17.5448	3.1383	-0.5701	1.1759	-0.6378	-0.1206	-0.2931	0.7020	0.3400	-0.4558	0.4198	5.3275	-8.0873	1.5440	2.3082142614978274	0	0	7	Upright	Normal
7.4322	-2.9874	-0.2304	56.8929	-77.8163	93.9216	-25.0534	-9.7628	18.0330	2.1967	5.2273	-1.3608	-0.6566	-0.1060	-0.2959	0.6856	-0.0317	1.1176	0.4518	5.2355	-8.2147	1.1304	-4.397012445320696	0	0	7	Upright	Normal
7.3939	-2.7192	3.3704	56.2682	-70.5423	88.2963	-25.3600	-10.5110	15.5460	2.2594	5.4366	1.5565	-0.6309	-0.0972	-0.3061	0.7063	0.2921	-0.5367	0.8385	5.1345	-8.1558	1.8139	0.5553043546784178	0	0	7	Upright	Normal
7.2024	-2.5277	-0.2687	56.5958	-74.8299	88.4651	-25.6729	-9.7986	16.9519	1.9918	5.6591	-1.6815	-0.6430	-0.1207	-0.2815	0.7020	-0.1297	-0.3610	0.6148	5.2105	-8.1868	1.4127	-0.9309424744307826	0	0	7	Upright	Normal
9.9599	-3.6392	-0.1149	55.9917	-75.5367	87.3189	-24.7176	-9.0971	18.2158	4.6488	4.4902	-1.4847	-0.6418	-0.1351	-0.2739	0.7034	0.1206	-0.3673	0.7767	5.3111	-8.1294	1.3698	2.9667518423189527	0	0	7	Upright	Normal
11.6837	-3.4093	-1.8771	54.4654	-80.4197	89.3464	-24.5225	-8.7251	18.6884	6.0638	4.5710	-2.8256	-0.6521	-0.1625	-0.2673	0.6906	-0.1020	-0.4206	0.3860	5.6199	-7.9803	0.9486	1.7103006871225848	0	0	7	Upright	Normal
3.4866	-3.1789	4.6729	56.2615	-69.8698	85.6894	-26.0857	-8.9640	16.8081	-1.6272	4.9763	2.7985	-0.6268	-0.1074	-0.2937	0.7137	-0.3513	-0.2256	0.6129	5.1137	-8.1552	1.8744	-5.674239606709208	0	0	7	Upright	Normal
8.7346	-3.4471	2.3361	57.4140	-74.0305	84.3094	-25.0268	-8.8368	15.8942	3.6573	4.8161	0.8832	-0.6387	-0.1340	-0.2556	0.7132	-0.2725	-1.2462	0.8035	5.0774	-8.2631	1.4530	3.0358038124919977	0	0	7	Upright	Normal
8.3516	-2.4128	1.4934	59.3074	-77.0473	89.7670	-25.7302	-8.7565	16.9972	3.4737	6.0204	0.3716	-0.6562	-0.1104	-0.2614	0.6992	-0.5718	0.1493	0.7045	4.8779	-8.4331	1.1218	-0.8559285808821446	0	0	7	Upright	Normal
9.1177	-2.8724	0.9571	59.6562	-76.9721	89.9045	-25.6494	-9.5966	15.3862	4.2912	5.5909	-0.1597	-0.6570	-0.1070	-0.2607	0.6993	-0.1638	-0.1873	0.9764	4.8266	-8.4634	1.1167	0.7867544339837522	0	1	8	PT	Normal
9.1177	-3.2172	1.0720	61.0951	-81.3218	93.2117	-26.2557	-7.7686	14.8248	4.4323	5.3679	0.3569	-0.6726	-0.1053	-0.2472	0.6895	-0.5579	-0.2672	0.9210	4.6855	-8.5852	0.7151	0.12065272325043708	0	1	8	Upright	Normal
10.6877	-3.2561	3.0263	56.4063	-81.4494	93.0106	-26.4320	-8.3403	15.1506	5.3222	4.9128	2.2196	-0.6636	-0.1359	-0.2723	0.6834	0.9537	-0.1830	0.1998	5.3656	-8.1689	0.8067	1.8474035898515186	0	0	8	Upright	Normal
6.5888	-7.0485	-0.3065	55.5141	-79.9652	88.7853	-25.6817	-9.3651	16.1661	1.1215	1.0349	-1.2739	-0.6528	-0.1567	-0.2605	0.6939	-0.1436	-0.1308	0.4608	5.4673	-8.0834	0.9674	-1.9219305125951447	0	0	8	Upright	Normal
7.8147	-3.2561	-0.4980	56.6545	-80.7637	89.9307	-25.7258	-10.1088	16.3703	2.4942	4.9362	-1.3632	-0.6588	-0.1481	-0.2563	0.6917	0.6959	0.3731	0.6771	5.3205	-8.1924	0.8652	-1.1728214070191658	0	0	8	Upright	Normal
7.2024	-4.5580	1.9914	56.5081	-73.8849	80.2296	-25.9100	-9.3566	16.1559	2.0036	3.6206	0.4895	-0.6305	-0.1611	-0.2360	0.7217	0.4136	-1.1577	0.8184	5.1987	-8.1786	1.5019	0.2724841554398818	0	0	8	Upright	Normal
7.7770	-3.5620	-0.3071	56.5893	-76.5917	79.4643	-25.1660	-8.7212	18.2346	2.5244	4.6243	-1.5591	-0.6349	-0.1819	-0.2158	0.7192	0.0194	-0.0477	0.4168	5.2526	-8.1862	1.2520	-0.19360179620480622	0	0	8	Upright	Normal
8.3899	-2.3361	-0.3071	55.8441	-74.8492	76.8747	-25.0710	-8.4010	18.9931	3.0757	5.7792	-1.7460	-0.6251	-0.1894	-0.2133	0.7265	0.3369	-0.0871	0.6192	5.3142	-8.1153	1.4389	0.1550440444940815	0	0	8	Upright	Normal
9.4242	-2.1446	-0.6135	53.7611	-75.0550	73.7493	-24.6790	-8.2961	19.2988	3.8231	5.7651	-2.1085	-0.6129	-0.2195	-0.2042	0.7311	0.6501	-0.2075	0.5542	5.6011	-7.9097	1.4950	0.9701112031470789	0	0	8	Upright	Normal
12.1823	-6.5116	-0.8817	51.9720	-73.9875	66.6742	-24.1906	-7.2897	21.5312	6.3755	1.2133	-2.5480	-0.5896	-0.2596	-0.1743	0.7447	0.9441	-0.2650	0.7864	5.8068	-7.7249	1.6664	4.1568990395399545	0	1	9	Jump	Normal
2.8353	-2.6809	4.8261	54.3792	-64.8362	61.8956	-24.7779	-5.5616	20.7434	-2.3340	5.2910	2.3976	-0.5760	-0.2106	-0.1761	0.7699	-0.7060	0.1867	0.5403	5.1694	-7.9719	2.4285	-7.635248591086307	0	1	9	Jump	Normal
7.4705	-3.1789	4.7495	54.0334	-58.3092	54.8755	-25.5185	-5.1255	19.2151	2.5699	4.7583	1.7240	-0.5521	-0.2024	-0.1621	0.7924	0.5777	0.1238	0.9067	4.9006	-7.9372	3.0255	3.1996921515328927	0	1	9	PT	Normal
8.6197	-4.3281	2.7575	54.1321	-56.4887	50.7803	-25.6477	-4.3410	19.7296	3.8291	3.6190	-0.4146	-0.5428	-0.2088	-0.1418	0.8010	0.0994	0.0407	0.8449	4.7906	-7.9471	3.1722	0.6257940772530937	0	1	9	PT	Normal
7.9302	-2.9108	2.9108	53.6439	-55.2383	48.6331	-25.4448	-3.2889	19.3216	3.1545	4.9871	-0.4037	-0.5347	-0.2124	-0.1350	0.8067	0.4413	0.4221	0.6415	4.7757	-7.8979	3.3145	-1.0967600387851881	0	1	9	PT	Normal
8.7346	-4.5197	2.3361	52.9857	-53.9634	44.2695	-24.8844	-2.8288	20.0186	3.9608	3.3109	-1.1369	-0.5212	-0.2264	-0.1130	0.8150	-0.0327	-0.4567	0.7863	4.7739	-7.8305	3.4731	1.1733635032779457	0	1	9	PT	Normal
8.3899	-3.3704	1.7998	54.7827	-59.1709	47.7607	-24.7783	-3.9933	20.3130	3.5338	4.6415	-1.0983	-0.5433	-0.2389	-0.1049	0.7980	-0.5164	0.0642	0.6216	4.8560	-8.0119	2.8982	-0.8893635509390148	0	1	9	PT	Normal
8.5048	-3.7152	2.1446	55.4694	-60.8198	49.4558	-25.1695	-4.1299	19.8752	3.6516	4.3640	-0.5655	-0.5520	-0.2390	-0.1053	0.7919	-0.2256	0.0290	0.6791	4.8532	-8.0792	2.7101	0.3064564838490309	0	1	9	Upright	Normal
8.1217	-3.8301	1.6466	55.9726	-63.3128	51.1553	-24.9577	-4.0111	20.4345	3.2187	4.2974	-0.8179	-0.5604	-0.2456	-0.1024	0.7843	-0.2426	0.0706	0.6024	4.9030	-8.1276	2.4645	-0.3961834198526475	0	1	9	Upright	Normal
8.3516	-3.8684	1.8381	56.2598	-64.7238	52.5139	-25.5965	-4.8451	19.2581	3.4264	4.2867	-0.4874	-0.5660	-0.2471	-0.1032	0.7797	-0.2394	-0.0168	0.5875	4.9252	-8.1551	2.3255	0.2565151086709534	0	1	9	Upright	Normal
8.6574	-3.7924	1.2258	56.2157	-67.6450	54.4701	-25.0598	-5.5850	19.8666	3.6143	4.3585	-0.8480	-0.5727	-0.2574	-0.1022	0.7715	-0.1553	0.0343	0.5460	5.0431	-8.1509	2.0738	0.14501144947054279	1	1	10	Upright	Normal
8.4665	-3.4854	1.0720	56.0446	-69.1424	55.6636	-24.6739	-6.4863	19.1730	3.3481	4.6491	-0.8781	-0.5760	-0.2623	-0.1036	0.7673	-0.1168	-0.0039	0.5855	5.1184	-8.1344	1.9501	-0.312367899124391	1	1	10	Upright	Normal
8.8490	-4.0606	1.1875	56.5234	-70.2780	55.9210	-24.8450	-6.0958	19.0259	3.7573	4.1195	-0.6378	-0.5797	-0.2662	-0.0970	0.7640	-0.1616	0.0238	0.6931	5.0917	-8.1801	1.8253	0.5899386445817782	1	0	10	Upright	Normal
8.4659	-3.5243	1.1875	56.9240	-71.1639	56.6542	-24.8726	-6.0497	18.7906	3.4007	4.6934	-0.5403	-0.5839	-0.2664	-0.0952	0.7609	-0.1158	0.0749	0.7091	5.0652	-8.2176	1.7279	-0.5615882864756951	1	0	10	Upright	Normal
8.5814	-3.7152	1.0720	57.3795	-72.0991	57.4180	-25.1694	-6.8095	19.0747	3.5509	4.5446	-0.5528	-0.5884	-0.2663	-0.0929	0.7578	-0.1712	0.0706	0.7070	5.0305	-8.2598	1.6248	0.16560298218279002	0	0	10	Upright	Normal
8.7340	-3.4860	0.9960	57.7126	-74.2249	59.8097	-25.3418	-6.5226	17.9082	3.6932	4.8046	-0.4280	-0.5971	-0.2662	-0.0958	0.7506	-0.1872	0.0610	0.6558	5.0408	-8.2905	1.4240	0.04423423219665423	0	0	10	Upright	Normal
8.4276	-3.6009	1.1492	57.8077	-74.7423	60.0809	-25.0792	-6.6810	17.8297	3.3873	4.6983	-0.2257	-0.5985	-0.2677	-0.0943	0.7491	-0.0572	0.0163	0.6831	5.0402	-8.2992	1.3749	-0.22015667020184715	0	0	10	Upright	Normal
8.5808	-3.8307	1.1492	57.9830	-75.3230	60.1868	-25.1987	-6.3086	17.8495	3.5516	4.4845	-0.1679	-0.5999	-0.2700	-0.0910	0.7476	-0.0625	-0.0401	0.6767	5.0292	-8.3152	1.3171	0.2306240060901832	0	0	10	Upright	Normal
8.4665	-3.6386	1.1869	57.8851	-75.0567	59.3163	-25.5795	-6.5461	17.8238	3.4295	4.6676	-0.1573	-0.5973	-0.2733	-0.0872	0.7489	0.0653	-0.0231	0.6692	5.0370	-8.3062	1.3442	-0.17566940209592907	0	0	10	Upright	Normal
8.4665	-3.8684	1.1103	57.7200	-74.3871	57.7837	-25.3381	-6.5633	17.7037	3.4225	4.4227	-0.2991	-0.5924	-0.2778	-0.0816	0.7518	0.0909	-0.0305	0.6714	5.0440	-8.2911	1.4094	0.0829938412048481	0	0	10	Upright	Normal
8.4665	-3.9834	1.1486	57.6764	-73.9515	56.5855	-25.8341	-6.3504	17.7726	3.4274	4.3039	-0.3008	-0.5890	-0.2813	-0.0762	0.7537	0.0238	-0.0178	0.6660	5.0390	-8.2872	1.4494	0.052627686895332815	1	0	11	Upright	Normal
Total time: 11 seconds.
