8.7724	-3.1029	1.0343	39.3242	-81.4632	149.4193	-34.0694	-13.8850	12.0098	1.2703	3.1117	-0.0917	-0.6600	0.0839	-0.6304	0.4000	0.1056	0.0409	0.4001	7.5021	-6.2146	1.1260	-0.13934158083335468	6	0	1	Upright	Normal
8.6963	-3.0640	1.6466	39.3716	-79.0348	147.1477	-33.4922	-13.2871	11.8769	1.2538	3.1569	0.2047	-0.6482	0.0798	-0.6361	0.4110	0.2356	0.0835	0.5131	7.4425	-6.2209	1.4419	0.0038576445402256354	6	0	1	Upright	Normal
8.6963	-2.1063	1.6849	39.3400	-77.7289	144.9104	-34.6314	-11.6420	12.3489	1.2852	4.1104	0.0730	-0.6424	0.0718	-0.6354	0.4224	0.1546	0.0110	0.4843	7.4111	-6.2167	1.6119	-0.26116377651492506	6	0	1	Upright	Normal
8.8496	-3.2555	1.7615	38.7936	-77.0655	142.9231	-34.7367	-11.1768	12.2394	1.4002	2.8886	0.0507	-0.6397	0.0595	-0.6338	0.4307	0.2228	-0.1253	0.4140	7.4494	-6.1441	1.7108	0.48752790620085484	6	0	1	Upright	Normal
8.0451	-4.3664	1.4168	39.5735	-77.0590	141.2089	-34.3885	-10.7087	13.5680	0.6782	1.8812	-0.2759	-0.6408	0.0551	-0.6243	0.4434	-0.0275	-0.3160	0.5727	7.3670	-6.2477	1.6927	-0.3298923436091936	0	0	1	Upright	Normal
8.9262	-3.1023	-1.8393	41.6906	-86.7337	146.5433	-33.3738	-10.2790	15.5249	1.6152	3.4203	-2.2565	-0.6890	0.0630	-0.5803	0.4296	-0.2417	-0.4779	0.3792	7.3110	-6.5226	0.4172	0.3646353757967251	0	0	1	Upright	Normal
7.8536	-3.7918	0.1143	41.5130	-86.7351	146.2260	-32.4552	-10.6491	16.2648	0.5222	2.7080	-0.3038	-0.6893	0.0600	-0.5798	0.4303	-0.0723	-0.1072	0.3238	7.3313	-6.4998	0.4181	-0.9054674811612493	0	0	1	Upright	Normal
8.3127	-2.6432	-1.6472	40.6069	-90.5018	149.5676	-32.3460	-10.6546	15.6732	0.8679	3.7397	-1.5820	-0.7068	0.0609	-0.5724	0.4111	-0.3748	0.2710	0.1086	7.4448	-6.3829	-0.0652	0.15517631658705255	0	0	1	Upright	Normal
8.2744	-2.2218	-0.4597	39.5744	-89.9658	150.3164	-32.8803	-12.2105	15.5751	0.7154	4.0259	-0.4642	-0.7043	0.0611	-0.5821	0.4018	0.1461	0.0419	0.3813	7.5589	-6.2477	0.0045	-0.2971533661593977	0	0	1	Upright	Normal
9.6917	-2.7964	-2.6049	38.8566	-91.8061	150.8813	-32.5345	-12.1064	15.6772	2.0590	3.3561	-2.3641	-0.7137	0.0538	-0.5751	0.3962	0.3176	0.4744	0.3046	7.6327	-6.1525	-0.2408	1.8381588863055498	0	0	2	Upright	Normal
10.5734	-4.7112	-2.6438	38.3639	-93.8064	150.7717	-32.2908	-11.7192	16.6191	2.9012	1.3755	-2.1332	-0.7240	0.0432	-0.5639	0.3950	-0.0052	0.0302	0.2553	7.6722	-6.0867	-0.5106	1.4555937009443625	0	0	2	Upright	Normal
7.0102	-3.6009	3.0263	38.0200	-88.0720	149.2337	-32.4765	-12.1074	15.7006	-0.7109	2.4395	2.7665	-0.6958	0.0514	-0.5953	0.3986	0.0236	0.4553	0.2776	7.7212	-6.0404	0.2598	-3.431548073158872	0	0	2	Upright	Normal
7.4705	-4.2515	3.7535	39.4276	-82.5867	147.2102	-33.1138	-12.3578	13.8424	-0.0410	1.9769	2.7762	-0.6675	0.0678	-0.6157	0.4132	0.3900	0.4787	0.5695	7.5115	-6.2284	0.9773	0.9373292213635231	0	0	2	Upright	Normal
8.8113	-2.9874	1.4168	39.4427	-82.0641	146.7942	-33.4838	-12.0421	14.0008	1.3105	3.2429	0.3713	-0.6649	0.0674	-0.6172	0.4152	-0.1714	0.0217	0.4555	7.5007	-6.2303	1.0455	0.03185152608148378	0	0	2	Upright	Normal
8.5042	-2.5666	1.6855	39.8539	-80.4353	146.1270	-33.7022	-11.5028	13.2016	1.0805	3.7179	0.4347	-0.6565	0.0721	-0.6226	0.4196	0.1408	0.1900	0.4907	7.4237	-6.2845	1.2508	-0.3696534888059233	0	0	2	Upright	Normal
9.0022	-2.4134	1.3408	40.0230	-81.3529	146.8057	-33.3168	-11.1156	13.4241	1.5779	3.8934	0.2117	-0.6611	0.0738	-0.6192	0.4173	-0.2672	-0.2488	0.5250	7.4243	-6.3068	1.1290	0.37448463198212245	0	0	2	Upright	Normal
9.1554	-3.0263	1.7238	40.3492	-81.8696	147.8309	-32.5371	-10.5987	13.9225	1.7569	3.3232	0.6669	-0.6631	0.0800	-0.6187	0.4136	-0.2395	0.0516	0.3865	7.3985	-6.3494	1.0569	0.3794328490342167	0	0	2	Upright	Normal
9.3087	-1.3024	0.7661	38.0060	-84.5989	150.2705	-32.2701	-11.6736	13.6385	1.6159	4.7360	0.0389	-0.6768	0.0695	-0.6197	0.3912	-0.4792	-0.1093	-0.2771	7.6927	-6.0385	0.7272	-0.3649372645322373	0	0	2	Upright	Normal
9.7683	-6.0525	4.3670	34.1659	-82.2056	143.5318	-31.2442	-13.3617	14.9089	1.7292	-0.5451	3.2667	-0.6661	0.0136	-0.6237	0.4088	0.3922	-1.2076	0.1735	8.0391	-5.5074	1.1003	2.8626769628662974	0	0	2	Upright	Normal
9.8072	-3.7152	-2.5672	37.3923	-93.5857	150.2571	-28.6575	-13.2056	17.7282	2.0313	2.2402	-2.0798	-0.7236	0.0349	-0.5668	0.3923	-0.6582	0.3488	0.6944	7.7759	-5.9554	-0.4874	-1.496251931915463	0	1	3	PT	Normal
6.9342	-4.1366	1.5700	38.2908	-84.3211	144.1102	-29.2864	-13.0616	17.4034	-0.7248	1.9404	0.8085	-0.6781	0.0359	-0.5984	0.4252	0.6671	0.0197	0.5521	7.6591	-6.0769	0.7615	-2.5714241395216	0	1	3	PT	Normal
6.5505	-2.1835	-1.5706	38.0628	-83.8673	141.9517	-29.8575	-11.8774	16.2926	-1.1263	3.8626	-2.3954	-0.6763	0.0234	-0.5938	0.4352	-0.4791	0.0314	-0.0370	7.6769	-6.0461	0.8248	-1.1443307441331898	0	1	3	PT	Normal
9.1937	-2.1452	0.5746	33.8879	-85.1909	148.1075	-29.7817	-14.0165	15.6056	1.0817	3.3229	-0.1079	-0.6815	0.0284	-0.6229	0.3831	-0.4802	0.2178	-0.2990	8.1120	-5.4681	0.6825	2.3769189708241774	0	1	3	PT	Normal
9.7689	-2.4894	-0.2687	33.3108	-84.2504	147.4784	-28.9037	-15.2710	14.3999	1.6149	2.8964	-1.0897	-0.6764	0.0241	-0.6283	0.3835	0.1973	-0.0762	0.8685	8.1541	-5.3858	0.8209	0.6265504226619072	0	1	3	PT	Normal
13.4847	-7.2012	-2.2224	38.7269	-90.3718	144.1304	-28.0579	-12.7121	16.7359	5.8345	-1.0659	-2.1727	-0.7087	0.0162	-0.5602	0.4285	0.8322	-0.7409	0.9835	7.6502	-6.1353	-0.0497	5.363088920182065	0	1	3	Jump	Normal
7.1257	-3.6003	2.0297	41.1288	-88.6025	146.5202	-27.9600	-11.4634	17.8870	-0.2586	2.8503	1.8497	-0.6986	0.0524	-0.5710	0.4279	0.1079	0.3393	0.2009	7.3843	-6.4506	0.1800	-7.2102033197111535	0	1	3	Jump	Normal
8.5431	-3.1789	1.8765	42.0015	-86.7332	144.6426	-27.7879	-11.7676	17.1894	1.2676	3.3833	1.4612	-0.6899	0.0536	-0.5719	0.4406	0.1356	-0.5363	0.5279	7.2755	-6.5622	0.4152	1.0689520405356934	0	1	3	PT	Normal
7.9685	-3.4471	1.7998	43.4409	-81.9558	141.6003	-27.9448	-10.8389	17.2092	0.9182	3.2962	0.8036	-0.6672	0.0635	-0.5825	0.4598	0.0780	0.8389	0.4746	7.0503	-6.7433	0.9963	-0.4397922285087912	0	1	3	PT	Normal
8.8113	-3.2555	1.8765	43.2445	-80.1200	140.4859	-29.0171	-9.8380	16.6190	1.7738	3.4632	0.6508	-0.6584	0.0632	-0.5895	0.4637	0.4019	0.3830	0.3298	7.0375	-6.7187	1.2257	0.7123453383021285	0	1	3	PT	Normal
8.4282	-2.3744	2.1829	45.0613	-79.6063	142.7293	-27.9218	-9.5646	15.5900	1.6150	4.5674	0.9333	-0.6544	0.0900	-0.5940	0.4592	-0.5270	0.3830	0.5386	6.8131	-6.9418	1.2496	-0.55480201084562	0	2	4	PT	Normal
9.9222	-2.3744	0.7272	44.9383	-84.3597	149.4797	-28.1341	-10.1999	14.4734	3.0142	4.5526	0.0450	-0.6732	0.1099	-0.5931	0.4278	-0.3384	-0.0260	0.3140	6.9080	-6.9270	0.6822	1.2039620852338118	0	2	4	PT	Normal
11.9141	-4.5963	2.7958	41.3982	-87.3229	148.5631	-27.9729	-11.0400	14.2701	4.5660	1.8889	2.4523	-0.6910	0.0712	-0.5853	0.4182	0.5042	-1.3011	0.1190	7.3481	-6.4851	0.3436	2.844194855080211	0	2	4	PT	Normal
7.8153	-3.6769	-1.1498	40.9782	-86.3048	139.4510	-25.3530	-10.2648	17.4913	0.4271	2.7541	-1.6269	-0.6895	0.0175	-0.5581	0.4614	1.5258	-0.6407	0.0636	7.3882	-6.4310	0.4770	-4.359183288416125	0	2	4	Jump	Normal
7.8147	-3.1029	0.1915	38.6959	-83.1002	127.2843	-23.6513	-7.9630	20.4045	0.2165	3.0284	-0.7278	-0.6708	-0.0557	-0.5351	0.5104	2.1777	-0.5586	0.0999	7.5981	-6.1313	0.9194	-0.30287714898511986	0	2	4	Upright	Normal
9.1560	-2.6426	1.1486	37.0659	-75.0909	104.9752	-21.3027	-1.0048	23.6847	1.5944	3.2684	-0.8646	-0.6118	-0.1519	-0.4784	0.6114	2.5112	-1.2031	0.3385	7.5616	-5.9110	2.0132	1.1883329203726785	0	0	4	Upright	Normal
8.4665	-3.3321	1.9914	34.0444	-70.7991	83.6965	-17.6878	6.8489	25.3218	0.7929	2.1582	-0.6810	-0.5473	-0.2534	-0.3937	0.6937	2.8541	-1.5495	0.5086	7.6736	-5.4904	2.6724	-0.284717260627005	0	0	4	Upright	Normal
8.3893	-2.7581	3.3710	31.1435	-67.5104	66.4618	-14.3373	12.6994	24.3448	0.6345	2.3138	0.1606	-0.4800	-0.3254	-0.3141	0.7517	3.1843	-1.5122	0.6449	7.7548	-5.0720	3.2105	0.13859375115829842	0	0	4	Upright	Normal
7.5088	-5.0943	3.9450	26.2079	-63.1980	40.8291	-9.9456	21.8309	20.5767	-0.3443	-0.7632	-0.0221	-0.3590	-0.4109	-0.1780	0.8189	3.9886	-1.2725	1.0050	7.8531	-4.3311	3.9672	0.4417189153588037	0	0	4	Upright	Normal
6.7810	-4.8261	6.9330	21.5548	-57.0505	15.0441	-6.5022	29.7032	10.9370	-0.8727	-1.2231	1.9724	-0.2243	-0.4436	-0.0245	0.8674	3.2163	-0.5268	1.1711	7.6537	-3.6030	4.9606	0.9380538460939487	0	1	5	PT	Normal
8.6580	-4.9793	3.4087	18.4550	-58.0790	-1.5154	-4.5286	32.8698	3.1261	0.7626	-1.8748	-1.5097	-0.1338	-0.4809	0.0892	0.8619	2.0967	-1.4877	0.7110	7.8955	-3.1045	4.9184	-0.27897429662629314	0	1	5	Tilt	Normal
7.6998	-3.4093	3.6775	15.9052	-60.4114	-17.1314	-2.9939	33.1746	-4.3346	-0.5016	-0.7219	-0.9792	-0.0440	-0.5105	0.1963	0.8360	1.7484	-0.6365	0.8444	8.2013	-2.6875	4.6567	-1.364559134983482	0	0	5	Tilt	Normal
5.6701	-5.0560	4.0983	18.1859	-60.6181	-28.2186	-1.3932	32.1574	-9.3703	-2.4482	-1.9953	-0.4727	-0.0108	-0.5165	0.2852	0.8073	1.3468	-0.7036	1.0361	8.1183	-3.0607	4.5710	-0.5569379831622285	0	0	5	Tilt	Normal
4.8656	-3.1789	2.4894	20.9795	-61.5404	-36.4744	-0.6181	31.4751	-12.7116	-3.1843	0.3323	-1.8739	0.0089	-0.5267	0.3529	0.7733	1.1199	-0.0208	0.8635	8.0499	-3.5112	4.3633	-2.30916968853089	0	0	5	Tilt	Normal
6.9725	-6.1669	0.9571	23.3176	-66.0553	-40.7679	0.0788	28.5684	-15.1273	-1.2580	-2.2851	-2.6978	0.0271	-0.5594	0.3892	0.7313	0.0897	-2.8341	-0.2060	8.2305	-3.8817	3.6549	3.034777414026138	0	0	5	Tilt	Normal
9.7306	-5.4007	-4.2910	20.9331	-82.3348	-39.4763	-4.2119	27.8194	-14.9812	0.6532	-1.8970	-5.5126	0.0899	-0.6555	0.3626	0.6564	0.6511	-1.0839	-0.6236	9.0775	-3.5038	1.2216	2.5700008420988656	0	0	5	Tilt	Normal
8.1600	-5.7838	-1.1881	19.3363	-87.3779	-39.6990	-9.3072	25.8309	-14.8489	-1.0837	-2.5367	-1.6114	0.1170	-0.6817	0.3512	0.6311	0.6331	-0.6609	-0.5868	9.2437	-3.2471	0.4233	-1.8552665207199581	0	0	5	Tilt	Normal
11.3395	-4.5197	-3.7547	12.4708	-91.7167	-38.1141	-12.8622	22.9676	-16.4341	1.7686	-2.4018	-3.4677	0.1614	-0.6990	0.2997	0.6289	-0.8604	-0.6311	-1.9216	9.5710	-2.1178	-0.2870	2.699226581872967	0	0	5	Tilt	Normal
10.8026	4.3287	-1.5323	4.7797	-96.0282	-37.4244	-18.2792	20.8680	-14.4779	1.0843	5.1459	-0.5059	0.2118	-0.7124	0.2438	0.6231	-0.0476	-0.5299	0.1568	9.7184	-0.8172	-1.0264	-1.033394767633995	0	0	5	Tilt	Normal
6.0148	2.7587	-6.2447	4.3394	-99.3709	-38.9325	-19.4624	19.4460	-13.5399	-3.6332	3.5008	-4.6524	0.2308	-0.7266	0.2427	0.5999	0.1430	-0.0580	0.0747	9.6480	-0.7421	-1.5923	-2.6394471774774253	0	1	6	PT	Normal
11.6843	-0.1526	-2.5289	4.0613	-100.7699	-37.9313	-18.7496	18.6711	-13.5535	2.0746	0.5420	-0.7009	0.2288	-0.7354	0.2329	0.5938	-0.4194	0.0240	0.6383	9.6097	-0.6946	-1.8280	2.857214364470609	0	1	6	PT	Normal
6.6661	-0.4208	-1.3797	4.2489	-100.8667	-36.6354	-19.1036	19.1769	-12.5003	-2.9383	0.3059	0.4640	0.2197	-0.7387	0.2272	0.5953	-0.0860	0.3617	-0.0154	9.6043	-0.7266	-1.8437	-5.135438004315346	0	1	6	Jump	Normal
10.9565	1.2647	-2.7204	3.1014	-101.5040	-35.3571	-20.2127	18.1595	-13.1079	1.3610	1.7954	-0.7675	0.2188	-0.7428	0.2120	0.5962	-0.4834	-0.0261	0.0954	9.5955	-0.5306	-1.9529	4.539418339049841	0	1	6	Jump	Normal
8.9262	0.1155	-2.1075	3.5708	-101.5427	-34.4990	-20.2286	17.8570	-12.6269	-0.6635	0.7263	-0.1490	0.2108	-0.7453	0.2105	0.5965	-0.0711	0.0911	0.3362	9.5897	-0.6108	-1.9585	-2.1874481548631657	0	1	6	PT	Normal
9.1943	0.7284	-1.6861	4.4780	-100.6489	-34.9503	-20.4477	18.3265	-12.7166	-0.4139	1.4941	0.1206	0.2072	-0.7411	0.2203	0.5995	-0.0157	0.0261	0.2680	9.6082	-0.7657	-1.8067	0.2036145328126615	0	1	6	Upright	Normal
9.7306	0.9200	-1.9543	4.4956	-101.0323	-35.8384	-20.9175	17.9752	-13.0839	0.1348	1.6887	-0.0833	0.2136	-0.7415	0.2243	0.5952	0.0866	-0.0548	0.1412	9.5958	-0.7687	-1.8709	0.5914995512473578	0	0	6	Upright	Normal
8.9639	1.3024	-1.8771	4.4447	-101.3532	-36.6328	-21.3412	17.1603	-13.1610	-0.6219	2.0625	0.0477	0.2196	-0.7416	0.2275	0.5917	0.0131	-0.0069	0.2811	9.5858	-0.7600	-1.9248	-0.7169878948660564	0	0	6	Upright	Normal
9.4236	1.8771	-2.1452	4.4690	-101.1085	-37.5647	-21.6820	17.3028	-13.0648	-0.1700	2.6413	-0.2614	0.2250	-0.7385	0.2329	0.5914	0.0429	0.0080	0.3919	9.5936	-0.7642	-1.8838	0.5948117988379913	0	0	6	Upright	Normal
9.0788	1.0726	-2.4134	5.2352	-101.9180	-37.9069	-21.5026	17.1439	-12.9234	-0.4763	1.9674	-0.3965	0.2248	-0.7432	0.2379	0.5836	-0.0860	-0.0495	0.4142	9.5551	-0.8948	-2.0168	-0.39014928640577295	0	0	6	Tilt	Normal
9.2709	0.9966	-1.8010	6.0686	-102.1543	-38.4111	-21.2764	17.1981	-12.8019	-0.2622	2.0334	0.2521	0.2242	-0.7446	0.2453	0.5789	0.0280	-0.0484	0.3716	9.5331	-1.0368	-2.0532	0.0415165058374658	1	0	7	Tilt	Normal
9.0788	1.1492	-2.4517	6.4717	-102.7169	-39.1651	-21.6390	17.6924	-12.2129	-0.4263	2.2546	-0.3066	0.2282	-0.7465	0.2505	0.5726	0.0259	-0.0825	0.3226	9.5051	-1.1054	-2.1451	-0.02268184444325172	1	0	7	Tilt	Normal
9.0788	1.6855	-2.2984	6.5126	-103.1865	-39.6355	-21.3717	17.0947	-12.3507	-0.4076	2.7978	-0.0757	0.2320	-0.7480	0.2522	0.5684	0.0003	-0.0175	0.3691	9.4864	-1.1123	-2.2227	0.04171004987381899	1	0	7	Tilt	Normal
9.1554	1.3024	-2.4134	6.8357	-103.5219	-40.0287	-21.1978	17.3748	-12.8768	-0.3115	2.4698	-0.1366	0.2337	-0.7493	0.2555	0.5645	0.0067	-0.0207	0.3862	9.4670	-1.1673	-2.2767	0.0416260752965254	1	0	7	Tilt	Normal
9.1177	1.0349	-2.3373	7.3310	-103.6989	-40.4948	-21.1237	17.4976	-12.3418	-0.3320	2.2863	-0.0338	0.2345	-0.7500	0.2605	0.5610	0.0120	-0.0122	0.3521	9.4498	-1.2514	-2.3035	-0.088069774755688	1	0	7	Tilt	Normal
9.1554	1.1875	-2.3367	7.5698	-103.9094	-40.9491	-21.6183	17.3808	-12.2769	-0.2806	2.4795	0.0001	0.2368	-0.7504	0.2638	0.5579	0.0024	-0.0197	0.3340	9.4360	-1.2920	-2.3369	0.05398150620236386	1	0	7	Tilt	Normal
9.0794	1.3030	-2.3756	7.6795	-104.0818	-41.1938	-21.5517	17.7245	-13.0476	-0.3472	2.6136	-0.0109	0.2382	-0.7509	0.2653	0.5559	-0.0072	-0.0143	0.3606	9.4266	-1.3105	-2.3647	-0.04815630453390085	1	0	7	Tilt	Normal
9.0788	1.1875	-2.3367	7.9527	-104.3164	-41.4038	-21.3421	17.1356	-12.1810	-0.3319	2.5444	0.0649	0.2387	-0.7520	0.2676	0.5531	-0.0062	0.0037	0.3683	9.4107	-1.3569	-2.4017	-0.025461707873558836	1	0	7	Tilt	Normal
9.1171	1.1492	-2.4134	8.1472	-104.3796	-41.8450	-21.4450	17.6917	-11.8431	-0.2864	2.5391	-0.0024	0.2407	-0.7516	0.2708	0.5511	0.0024	0.0058	0.3470	9.4035	-1.3898	-2.4110	0.05127743255934547	1	0	7	Tilt	Normal
9.1560	1.2647	-2.3756	8.2527	-104.4840	-42.0957	-21.4141	17.4626	-12.2921	-0.2406	2.6724	0.0518	0.2421	-0.7518	0.2724	0.5496	0.0013	-0.0027	0.3598	9.3966	-1.4076	-2.4274	0.042459757091267036	2	0	8	Tilt	Fall
9.1177	1.2264	-2.2607	8.3887	-104.5527	-42.3778	-21.4688	17.2648	-12.0713	-0.2726	2.6571	0.1772	0.2434	-0.7517	0.2745	0.5480	-0.0008	-0.0006	0.3577	9.3904	-1.4307	-2.4379	-0.06983351035343688	2	0	8	Tilt	Normal
9.1943	1.2647	-2.1841	8.5195	-104.5748	-42.6553	-21.3775	17.2039	-12.3274	-0.1920	2.7176	0.2565	0.2446	-0.7514	0.2766	0.5469	-0.0051	0.0069	0.3630	9.3863	-1.4528	-2.4406	0.06090294757008152	2	0	8	Tilt	Normal
9.1937	1.1492	-2.3750	8.6751	-104.6442	-42.9603	-21.5827	17.8025	-12.1876	-0.1857	2.6284	0.0759	0.2460	-0.7513	0.2789	0.5452	-0.0050	-0.0037	0.3585	9.3794	-1.4792	-2.4509	0.030393757323460946	2	0	8	Tilt	Normal
9.1177	1.2264	-2.4140	8.7382	-104.7304	-43.1812	-21.0164	17.6269	-12.4605	-0.2565	2.7164	0.0507	0.2473	-0.7513	0.2801	0.5439	-0.0019	0.0059	0.3553	9.3742	-1.4899	-2.4647	-0.053548957028310085	2	0	8	Tilt	Normal
9.1177	1.3030	-2.2607	8.8139	-104.7141	-43.3998	-21.2875	17.2179	-11.9481	-0.2553	2.8057	0.2008	0.2483	-0.7509	0.2817	0.5433	0.0024	-0.0037	0.3564	9.3730	-1.5027	-2.4615	-0.027527269797193554	2	0	8	Tilt	Normal
9.1554	1.2258	-2.2984	8.9068	-104.7661	-43.6651	-21.0363	17.1980	-12.3812	-0.2129	2.7442	0.1709	0.2497	-0.7507	0.2834	0.5420	0.0067	-0.0005	0.3575	9.3684	-1.5184	-2.4693	0.03502504053739308	2	0	8	Tilt	Normal
9.1554	1.2641	-2.2984	8.9636	-104.8288	-43.8551	-21.7640	17.6553	-12.0301	-0.2087	2.7921	0.1808	0.2508	-0.7507	0.2845	0.5410	-0.0008	-0.0005	0.3564	9.3642	-1.5279	-2.4792	0.0050079000465022006	2	0	8	Tilt	Normal
9.0794	1.2264	-2.4523	9.0049	-104.8893	-43.9911	-20.8240	17.7290	-11.6676	-0.2812	2.7614	0.0365	0.2516	-0.7507	0.2853	0.5401	-0.0007	-0.0047	0.3577	9.3606	-1.5350	-2.4888	-0.03938351537450124	2	0	8	Tilt	Normal
9.1943	1.2264	-2.3373	9.0545	-104.8994	-44.1065	-21.2115	17.3696	-12.2679	-0.1645	2.7698	0.1528	0.2522	-0.7506	0.2861	0.5396	0.0035	-0.0047	0.3534	9.3588	-1.5434	-2.4901	0.08130358458649312	2	0	8	Tilt	Normal
9.1177	1.3030	-2.2990	9.0924	-105.0171	-44.2666	-21.0282	17.0897	-12.4382	-0.2349	2.8528	0.2101	0.2533	-0.7508	0.2868	0.5383	0.0152	-0.0260	0.3683	9.3526	-1.5498	-2.5091	-0.07275029617392015	3	0	9	Tilt	Normal
9.1177	1.1115	-2.4523	9.1751	-105.1165	-44.4208	-21.5620	17.0671	-12.4844	-0.2283	2.6752	0.0724	0.2542	-0.7511	0.2879	0.5370	-0.0050	-0.0047	0.3566	9.3461	-1.5637	-2.5247	0.013999997692264898	3	0	9	Tilt	Normal
9.1177	1.1498	-2.3756	9.2432	-105.1627	-44.6024	-21.2679	17.3052	-12.3460	-0.2246	2.7251	0.1562	0.2551	-0.7510	0.2890	0.5361	-0.0114	0.0038	0.3523	9.3423	-1.5752	-2.5319	-0.014932016437626316	3	0	9	Tilt	Normal
9.1177	1.3030	-2.3756	9.1731	-105.1457	-44.6896	-21.3984	17.5357	-12.6900	-0.2271	2.8665	0.1538	0.2560	-0.7506	0.2890	0.5362	-0.0178	0.0038	0.3385	9.3449	-1.5634	-2.5295	0.01977340109136705	3	0	9	Tilt	Normal
9.1937	1.2641	-2.2601	9.1638	-105.1577	-44.8003	-20.9408	17.6709	-12.6088	-0.1508	2.8259	0.2714	0.2568	-0.7504	0.2895	0.5358	-0.0008	-0.0143	0.3556	9.3446	-1.5618	-2.5316	0.039677764429857376	3	0	9	Tilt	Normal
9.0794	1.3414	-2.3756	9.1430	-105.1557	-44.9298	-20.8932	17.4478	-12.3196	-0.2659	2.8997	0.1556	0.2577	-0.7501	0.2900	0.5356	-0.0040	0.0219	0.3460	9.3453	-1.5583	-2.5313	-0.07102727843006029	3	0	9	Tilt	Normal
9.1560	1.3797	-2.2990	9.1014	-105.1678	-44.9259	-21.1575	17.1219	-12.3172	-0.1897	2.9310	0.2346	0.2580	-0.7501	0.2897	0.5356	0.0067	-0.0122	0.3609	9.3458	-1.5513	-2.5337	0.06009045594339746	3	0	9	Tilt	Normal
9.1177	1.2647	-2.4140	9.1227	-105.2330	-45.1335	-21.7060	17.0252	-12.1146	-0.2246	2.8196	0.1302	0.2594	-0.7500	0.2906	0.5346	0.0024	-0.0101	0.3513	9.3423	-1.5549	-2.5441	-0.024243491819424534	3	0	9	Tilt	Normal
9.1171	1.1109	-2.3750	9.1877	-105.2771	-45.2087	-21.5785	17.3460	-11.3959	-0.2216	2.6767	0.1758	0.2597	-0.7501	0.2913	0.5340	0.0024	0.0038	0.3556	9.3387	-1.5658	-2.5509	-0.029631100402980337	3	0	9	Tilt	Normal
9.1177	1.2264	-2.4140	9.2096	-105.2012	-45.2347	-21.1714	16.7051	-11.3212	-0.2237	2.7960	0.1243	0.2595	-0.7497	0.2917	0.5343	-0.0071	0.0262	0.3439	9.3414	-1.5695	-2.5383	0.024616824108431246	3	0	9	Tilt	Normal
9.1171	1.3408	-2.2601	9.1260	-105.1080	-45.2875	-21.5185	17.0472	-11.7131	-0.2306	2.8962	0.2637	0.2601	-0.7490	0.2916	0.5350	-0.0071	-0.0069	0.3599	9.3477	-1.5555	-2.5238	-0.022979273988022797	4	0	10	Tilt	Normal
9.1171	1.2641	-2.2601	9.1680	-105.1276	-45.3049	-21.5662	18.0147	-12.2083	-0.2286	2.8267	0.2665	0.2600	-0.7491	0.2919	0.5347	-0.0093	-0.0058	0.3588	9.3458	-1.5625	-2.5266	-0.010534428381745897	4	0	10	Tilt	Normal
9.1937	1.1875	-2.2984	9.1923	-105.1320	-45.2994	-21.2563	17.6904	-12.3923	-0.1513	2.7541	0.2286	0.2599	-0.7492	0.2920	0.5347	0.0142	-0.0111	0.3503	9.3450	-1.5666	-2.5271	0.07301718231047616	4	0	10	Tilt	Normal
9.1171	1.3024	-2.3367	9.1714	-105.1435	-45.2974	-21.1234	17.1554	-12.4357	-0.2279	2.8656	0.1924	0.2600	-0.7492	0.2919	0.5347	0.0046	-0.0057	0.3675	9.3450	-1.5631	-2.5292	-0.04928530253871699	4	0	10	Tilt	Normal
9.0022	1.1875	-2.3750	9.2424	-105.1818	-45.3481	-21.7547	17.6787	-12.5136	-0.3392	2.7626	0.1598	0.2600	-0.7494	0.2925	0.5341	0.0014	-0.0036	0.3504	9.3414	-1.5751	-2.5349	-0.11582138827326105	4	0	10	Tilt	Normal
9.1171	1.1875	-2.2984	9.2340	-105.1703	-45.3853	-20.9291	17.5403	-12.1569	-0.2251	2.7613	0.2346	0.2603	-0.7493	0.2926	0.5341	-0.0017	0.0007	0.3536	9.3422	-1.5737	-2.5331	0.0913930226857147	4	0	10	Tilt	Normal
9.1177	1.3030	-2.2607	9.1922	-105.1742	-45.4477	-21.0112	17.0325	-12.1223	-0.2254	2.8696	0.2732	0.2609	-0.7491	0.2926	0.5340	-0.0081	0.0007	0.3494	9.3431	-1.5666	-2.5340	0.0066829183883623244	4	0	10	Tilt	Normal
9.1937	1.3024	-2.3750	9.1676	-105.1852	-45.4973	-21.0918	17.8552	-12.0391	-0.1496	2.8648	0.1609	0.2614	-0.7490	0.2927	0.5339	0.0057	-0.0078	0.3547	9.3434	-1.5624	-2.5359	0.10068983543896515	4	0	10	Tilt	Normal
9.1560	1.3030	-2.2990	9.1711	-105.1821	-45.5401	-21.4401	17.1009	-12.6808	-0.1873	2.8662	0.2364	0.2617	-0.7489	0.2929	0.5338	0.0121	-0.0046	0.3457	9.3434	-1.5631	-2.5355	-0.05469454827630571	4	0	10	Tilt	Normal
9.0788	1.2258	-2.3367	9.1636	-105.2453	-45.5920	-21.3465	16.8227	-12.2855	-0.2619	2.7876	0.2090	0.2622	-0.7490	0.2930	0.5332	0.0153	-0.0206	0.3479	9.3407	-1.5618	-2.5458	-0.07523005356810586	5	0	11	Tilt	Normal
Total time: 11 seconds.
