8.1983	-3.2172	0.8422	47.2075	-88.3877	151.4284	-33.9152	-5.5947	14.7357	1.5390	3.9793	0.6548	-0.6899	0.1206	-0.5678	0.4326	0.5154	-0.2127	0.3442	6.6593	-7.1965	0.1873	-0.676934561759964	5	0	1	Upright	Normal
8.6580	-3.9450	0.5357	46.0782	-85.8917	146.1734	-33.9038	-4.7540	15.8788	1.8730	3.1186	0.0485	-0.6832	0.0917	-0.5669	0.4511	0.5377	-0.2512	0.2543	6.7850	-7.0636	0.4872	0.6823431711778198	5	0	1	Upright	Normal
7.6614	-6.2441	0.5746	45.6676	-86.1157	142.4767	-33.1782	-4.3151	17.1984	0.8242	0.7706	0.1104	-0.6870	0.0661	-0.5524	0.4675	0.1478	-0.6944	0.2681	6.8372	-7.0147	0.4642	0.3708243328637906	0	0	1	Upright	Normal
8.5042	-7.6231	-3.4477	47.1685	-98.4295	149.6196	-31.7842	-5.1308	19.7540	1.9094	-0.4313	-2.4702	-0.7382	0.0704	-0.4984	0.4492	-1.2264	-1.1674	0.3331	6.5948	-7.1919	-0.9774	2.0294792452055965	0	0	1	Upright	Normal
7.2018	-3.6392	-1.3791	46.2065	-103.4131	153.4036	-30.0822	-6.4137	21.0612	0.6002	3.4399	0.1953	-0.7585	0.0706	-0.4839	0.4308	-0.3188	-0.2938	0.3118	6.6016	-7.0791	-1.5743	-3.743719992270787	0	0	1	Upright	Normal
7.8919	-2.7958	-3.7930	44.7508	-106.9260	157.9665	-29.2108	-8.2477	21.3335	1.2293	4.1084	-1.7653	-0.7726	0.0805	-0.4819	0.4054	-0.1899	0.5083	0.3299	6.6626	-6.9043	-2.0277	1.0055335674663546	0	0	1	Upright	Normal
8.8113	-3.7152	-2.7204	45.5682	-105.0555	157.3600	-30.0790	-7.5662	19.9968	2.1819	3.2877	-0.9370	-0.7637	0.0874	-0.4897	0.4115	0.6091	0.0365	0.6469	6.6294	-7.0029	-1.7834	0.7503507071222195	0	0	1	Upright	Normal
9.6157	-5.8604	-4.5592	45.4161	-106.0508	156.7233	-29.7430	-6.2746	20.9707	3.0004	1.1242	-2.6558	-0.7687	0.0787	-0.4812	0.4140	0.1851	-0.2309	0.2751	6.6153	-6.9846	-1.9034	2.206809642333953	0	0	1	Upright	Normal
8.7730	-7.3161	-1.4563	45.6632	-104.8786	155.6599	-29.3920	-5.8673	21.9647	2.1492	-0.3018	0.3036	-0.7640	0.0772	-0.4844	0.4191	0.2288	0.4785	0.3007	6.6237	-7.0143	-1.7599	-0.6330427072267373	0	0	1	Upright	Normal
7.1257	-4.9793	0.4591	46.5198	-99.9639	153.2489	-29.7366	-6.3379	20.0283	0.4797	2.1367	1.6267	-0.7433	0.0843	-0.5048	0.4309	0.6187	0.5169	0.2283	6.6460	-7.1160	-1.1676	-2.8105539169696137	0	0	1	Upright	Normal
7.3556	-5.5923	1.3402	47.7066	-94.4091	148.9160	-31.2357	-5.1881	19.8586	0.7760	1.6619	1.8476	-0.7202	0.0849	-0.5191	0.4524	-0.0609	-0.5846	0.4072	6.5796	-7.2541	-0.5074	0.6315853309311361	0	1	2	PT	Normal
6.4362	-4.6729	1.0337	48.8944	-92.9395	147.9033	-29.9791	-4.4516	19.5998	-0.0025	2.7165	1.3644	-0.7131	0.0915	-0.5196	0.4617	0.0402	0.9770	0.5110	6.4388	-7.3894	-0.3307	-1.3161959617327614	0	1	2	PT	Normal
8.1983	-3.8301	0.4208	50.1685	-90.0408	147.9488	-31.2698	-3.6113	18.1969	1.9170	3.7008	0.4253	-0.6985	0.1112	-0.5325	0.4650	0.0328	0.2676	0.6878	6.2813	-7.5310	-0.0045	1.0380861201268896	0	1	2	PT	Normal
8.2367	-5.0560	0.1526	51.1719	-90.8476	150.7165	-31.7674	-3.6940	17.0478	2.0888	2.5838	0.2436	-0.6982	0.1309	-0.5347	0.4576	-0.4541	0.1962	0.5504	6.1479	-7.6397	-0.0910	0.6072665671838884	0	1	2	PT	Normal
9.8456	-2.7958	0.0760	48.9636	-92.1800	154.1301	-32.3268	-4.3430	16.3573	3.4119	4.6014	0.3210	-0.7034	0.1333	-0.5483	0.4323	-0.3806	0.1216	-0.0888	6.4337	-7.3972	-0.2450	0.5692396391985763	0	1	2	PT	Normal
9.1560	-9.2698	2.0680	45.1753	-90.1180	149.7986	-31.3223	-5.7711	16.4330	2.2431	-2.3141	2.0824	-0.7017	0.0917	-0.5588	0.4324	0.5334	-0.6933	-0.3082	6.9130	-6.9556	-0.0144	2.957211067934278	0	1	2	PT	Normal
5.0566	-6.8570	-2.4517	46.7725	-95.8757	153.5011	-29.8811	-7.3590	18.1800	-1.6245	0.2887	-1.7641	-0.7242	0.1027	-0.5310	0.4278	-0.7076	0.0577	0.2297	6.6810	-7.1456	-0.6876	-4.326773631575495	0	1	2	Jump	Normal
9.0022	-3.9456	-0.4980	45.6755	-99.2609	156.4728	-28.7594	-8.5940	18.1480	2.2395	3.0701	0.6048	-0.7387	0.1030	-0.5241	0.4112	0.0009	-0.1275	0.1653	6.7627	-7.0158	-1.1028	0.9759339891867693	0	1	2	PT	Normal
5.9759	-3.3710	-1.4557	45.9938	-102.2860	157.0690	-28.5682	-9.2321	19.1398	-0.6809	3.6827	-0.0058	-0.7512	0.0977	-0.5055	0.4130	-0.0332	-0.3789	0.2942	6.6568	-7.0538	-1.4498	-2.8276629800187623	0	1	2	PT	Normal
6.6272	-4.1372	-2.4134	46.4576	-102.8526	157.7953	-27.9661	-9.3881	20.1508	0.0409	2.9715	-0.9105	-0.7523	0.1030	-0.5029	0.4129	0.2704	0.4136	0.4572	6.5863	-7.1087	-1.5028	1.162989818455336	0	1	2	PT	Normal
9.6923	-3.9067	-2.6055	45.6231	-101.3177	156.0096	-27.5218	-8.7316	19.2336	2.9673	3.1027	-1.2595	-0.7484	0.0923	-0.5093	0.4147	0.3972	0.0056	0.1706	6.7250	-7.0095	-1.3460	2.5931006707727082	0	2	3	PT	Normal
9.2326	-7.5459	-1.9926	44.6272	-101.6669	154.1805	-26.9376	-8.4269	19.9139	2.3976	-0.6568	-0.5812	-0.7527	0.0735	-0.5037	0.4175	0.4653	-0.0348	0.2516	6.8350	-6.8892	-1.4114	1.3193926069928388	0	2	3	PT	Normal
3.4866	-4.0600	3.1789	47.5441	-91.9571	150.5929	-28.1481	-7.4143	18.1145	-3.1292	3.1755	3.4050	-0.7076	0.1039	-0.5416	0.4418	-0.1919	0.3018	0.2494	6.6158	-7.2354	-0.2261	-5.8647537359402255	0	2	3	Jump	Normal
9.2709	-5.5156	1.0720	48.5461	-92.5907	150.5856	-27.7305	-7.2158	18.1753	2.7855	1.8344	1.3656	-0.7095	0.1074	-0.5338	0.4473	0.1905	0.2059	0.7576	6.4854	-7.3500	-0.2936	4.61611342103049	0	2	3	Jump	Normal
7.4705	-4.3664	-0.2304	50.4719	-91.6737	151.0930	-27.7189	-6.9961	17.3466	1.2318	3.1976	-0.0480	-0.7025	0.1257	-0.5339	0.4535	-0.2590	0.3028	0.5616	6.2387	-7.5640	-0.1824	-2.1846597776991317	0	2	3	PT	Normal
7.7387	-3.3704	0.7655	50.8616	-89.1332	149.8105	-28.1571	-6.7091	16.0358	1.5496	4.2359	0.6720	-0.6915	0.1303	-0.5427	0.4585	0.2374	0.1249	0.5541	6.1890	-7.6064	0.0935	-0.18059387205233435	0	2	3	Upright	Normal
8.7346	-4.7112	0.5357	50.5873	-88.4953	147.6090	-28.2332	-6.4020	16.3550	2.5106	2.8654	0.3723	-0.6912	0.1180	-0.5388	0.4669	0.1436	-0.0636	0.3794	6.2240	-7.5766	0.1634	1.4631537061236681	0	0	3	Upright	Normal
9.6157	-2.6426	-0.3454	48.5043	-89.8995	146.2309	-27.4467	-5.8830	17.6609	3.1183	4.7028	-0.3567	-0.7008	0.0911	-0.5332	0.4651	0.0637	-0.5473	-0.0310	6.4974	-7.3454	0.0114	0.03959965224211359	0	0	3	Upright	Normal
8.4282	-8.4270	2.1829	45.0119	-91.1729	138.8879	-24.7473	-5.3455	19.4711	1.4970	-1.4910	2.3249	-0.7119	0.0191	-0.5094	0.4830	0.5676	-2.2602	-0.1258	6.9312	-6.9360	-0.1420	2.138487827775892	0	0	3	Upright	Normal
8.2367	-4.7112	0.3825	43.6744	-93.3308	129.2451	-19.5626	-3.9505	24.1941	1.1560	2.0611	0.7946	-0.7194	-0.0587	-0.4596	0.5175	1.5082	-0.7369	-0.0384	7.0807	-6.7723	-0.4121	-2.62010469693975	0	0	3	Upright	Normal
6.7427	-3.9834	-0.0389	42.8655	-92.1019	116.4121	-16.9281	-1.3993	25.4836	-0.4401	2.6882	0.2248	-0.7032	-0.1375	-0.4105	0.5640	1.7170	-1.6168	0.1150	7.1828	-6.6716	-0.2637	-1.6650368302911307	0	1	4	PT	Normal
7.9302	-4.0217	0.6889	43.4409	-88.5018	99.6142	-11.8761	4.2620	27.7081	0.8122	2.7216	0.5028	-0.6663	-0.2159	-0.3416	0.6267	2.3977	-1.4166	0.1277	7.1180	-6.7433	0.1861	1.0867981228740682	0	1	4	PT	Normal
8.3133	-4.7495	-0.8434	42.3139	-85.4400	77.5329	-6.1510	12.4444	27.8408	1.0847	1.8524	-1.4198	-0.6029	-0.3273	-0.2381	0.6875	2.7045	-1.4474	-0.0843	7.2285	-6.6019	0.5764	0.6931165577200673	0	1	4	PT	Normal
8.0451	-4.2515	0.5740	39.2562	-80.6984	52.1971	-1.7417	20.8688	24.9933	0.5516	1.9541	-0.6533	-0.4982	-0.4350	-0.1205	0.7403	3.1828	-1.5720	-0.1482	7.4936	-6.2056	1.2273	-0.49397721596076494	0	1	4	PT	Normal
6.2058	-5.8993	1.4940	35.2327	-74.3930	25.6610	0.6345	28.4788	18.1244	-1.5089	-0.2417	-0.6609	-0.3630	-0.5083	0.0098	0.7809	3.3767	-1.0618	0.1649	7.7147	-5.6576	2.1549	-0.42577112610609014	0	1	4	PT	Normal
7.9296	-7.2401	3.7541	32.0214	-67.4335	1.5309	2.2179	33.1295	9.1976	0.2517	-2.0402	0.5634	-0.2365	-0.5304	0.1424	0.8015	2.8483	-1.0607	0.5367	7.6779	-5.1999	3.1907	2.6833058416245077	0	1	4	PT	Normal
7.3167	-6.0525	2.8730	30.0763	-67.6682	-13.2661	3.0645	34.3949	0.5179	-0.5330	-1.1378	-0.3513	-0.1520	-0.5590	0.2362	0.7801	1.5839	-1.8224	0.3535	7.8497	-4.9147	3.2244	-1.4542757346840567	0	1	4	PT	Normal
7.9296	-5.1332	1.8387	28.9620	-69.8286	-25.9351	3.8447	34.4087	-4.9703	-0.1243	-0.3844	-1.1199	-0.0755	-0.5861	0.3176	0.7416	1.6169	-0.7741	0.5821	8.0539	-4.7487	2.9586	-0.29737194144597545	0	1	4	Upright	Normal
4.0612	-4.8644	2.6426	32.1340	-70.3919	-34.4961	3.6674	33.4401	-9.0329	-3.7616	0.3518	-0.1441	-0.0518	-0.5960	0.3852	0.7026	1.1567	-0.7720	0.8751	7.8228	-5.2162	2.7867	-2.7575732426988733	0	0	4	Upright	Normal
5.0949	-5.9759	1.5706	36.5139	-77.9850	-38.9126	3.9985	32.8104	-11.4979	-2.6142	-0.1407	-0.0700	-0.0305	-0.6445	0.4317	0.6303	-0.3783	-2.3848	0.4127	7.7090	-5.8353	1.6406	1.142716699593393	0	0	4	Upright	Normal
3.1029	-5.3247	-7.1251	35.4122	-93.5981	-33.7630	0.9357	32.0926	-11.1643	-4.8737	0.3579	-6.6234	0.0024	-0.7250	0.4015	0.5596	-0.0119	-1.3962	-0.9519	7.9766	-5.6826	-0.5017	1.412081129947385	0	1	5	PT	Normal
6.0525	-7.1635	-3.6009	31.3665	-101.2268	-29.7012	-3.3154	30.9374	-11.0029	-2.1606	-2.0589	-1.9706	0.0249	-0.7632	0.3585	0.5370	-0.6372	-1.0223	-1.1937	8.2132	-5.1046	-1.6303	0.6250564887839687	0	1	5	PT	Normal
7.4316	-4.2904	-5.5162	24.3232	-112.5674	-24.0328	-9.8668	28.4580	-8.0689	-0.8203	-0.2511	-2.0867	0.0549	-0.8197	0.2844	0.4942	-1.0059	-1.0832	-1.1369	8.2519	-4.0393	-3.4295	0.15556549820449916	0	1	5	Tilt	Normal
13.2160	0.2298	-9.8833	12.2120	-121.4439	-19.8342	-14.9938	26.1218	-3.9972	5.0389	2.3043	-4.8831	0.0981	-0.8633	0.1751	0.4630	-1.1923	-0.5953	-1.0815	8.1771	-2.0744	-5.0001	6.3031859332897895	0	0	5	Tilt	Normal
6.5122	-1.4557	-5.5162	7.8190	-124.6680	-16.7975	-17.5085	24.9183	-0.3432	-1.4783	-0.1215	0.0102	0.0977	-0.8788	0.1274	0.4494	-0.5606	0.1290	-0.1281	7.9905	-1.3342	-5.5264	-7.846666353963231	0	0	5	Tilt	Normal
5.6695	1.0343	-4.6352	4.5973	-124.2940	-16.5056	-18.3007	23.3391	0.5404	-2.4063	1.8203	0.8725	0.1083	-0.8770	0.1021	0.4569	-0.3124	-0.0829	-0.2453	8.0758	-0.7860	-5.5077	-1.2619137542882282	0	0	5	Tilt	Normal
8.0451	4.3676	-8.8879	1.7944	-126.1957	-15.1352	-19.0069	21.7935	0.8291	0.1350	4.6748	-3.0994	0.1104	-0.8848	0.0734	0.4466	0.1350	0.4113	0.3470	7.9101	-0.3072	-5.7884	5.363273169927165	0	0	5	Tilt	Normal
7.2407	-0.1143	-4.6358	1.9113	-124.2912	-14.4776	-19.3663	22.5022	0.0600	-0.8568	0.2128	0.8863	0.1037	-0.8779	0.0735	0.4616	0.3194	0.2667	0.5626	8.0975	-0.3271	-5.5221	-4.160749238157054	0	0	5	Tilt	Normal
7.4705	-0.2676	-5.2104	3.5119	-123.8489	-13.1125	-19.0960	22.8136	-0.8295	-0.6587	0.3332	0.2418	0.0864	-0.8778	0.0806	0.4642	-0.2569	0.1260	0.0481	8.1292	-0.6008	-5.4522	0.513644551052904	0	0	5	Tilt	Normal
8.4665	0.8817	-5.6318	2.6616	-123.6472	-12.2504	-19.8466	22.4468	-0.2958	0.3117	1.3372	-0.2040	0.0831	-0.8774	0.0707	0.4672	-0.0278	0.1101	0.2771	8.1548	-0.4555	-5.4278	1.0946902259880815	0	0	5	Tilt	Normal
7.5471	0.0772	-5.6701	3.5664	-124.3612	-10.8364	-19.7022	21.7493	-0.8047	-0.5324	0.6873	-0.1457	0.0690	-0.8814	0.0714	0.4618	-0.0758	-0.0519	0.3346	8.0795	-0.6101	-5.5243	-0.7666149535073359	0	1	6	PT	Normal
7.6620	1.4946	-5.4019	3.4562	-124.2957	-9.6462	-19.9820	22.0351	-0.0144	-0.4248	2.0858	0.1137	0.0603	-0.8818	0.0658	0.4631	-0.0502	0.0611	0.2611	8.0869	-0.5912	-5.5156	0.05312781587938353	0	1	6	Tilt	Normal
7.6231	1.0726	-5.7461	3.7462	-124.6457	-8.6693	-20.3789	22.2711	-0.3429	-0.4274	1.7134	-0.1829	0.0518	-0.8837	0.0640	0.4607	0.0190	-0.1072	0.3406	8.0505	-0.6407	-5.5632	0.11304992031323913	0	1	6	Tilt	Normal
7.5088	1.0349	-5.6701	3.9587	-125.2695	-7.7846	-20.0565	22.1364	-0.5663	-0.4785	1.7120	-0.0209	0.0444	-0.8866	0.0618	0.4562	-0.0204	-0.0391	0.3001	7.9874	-0.6771	-5.6491	-0.14034372770030146	0	1	6	Tilt	Normal
7.5854	0.9966	-5.6701	4.1919	-125.6624	-6.7699	-19.7209	22.5276	0.0859	-0.3608	1.7135	0.0320	0.0358	-0.8885	0.0594	0.4536	0.0052	-0.0380	0.3001	7.9462	-0.7169	-5.7021	0.05679258406137144	0	1	6	Tilt	Normal
7.4705	0.8817	-5.7850	4.3558	-126.0351	-5.7324	-19.9124	21.4730	0.0225	-0.4368	1.6266	-0.0326	0.0273	-0.8902	0.0565	0.4511	-0.0193	-0.0178	0.2948	7.9073	-0.7449	-5.7524	-0.03311308061935314	0	1	6	Tilt	Normal
7.4705	0.9200	-5.7084	4.5442	-126.3721	-4.6207	-20.1268	21.0679	0.2186	-0.4007	1.6970	0.0890	0.0181	-0.8918	0.0535	0.4489	0.0052	-0.0284	0.3108	7.8712	-0.7771	-5.7974	-0.04284840385357214	0	1	6	Tilt	Normal
7.5088	1.1498	-5.7084	4.6632	-126.6351	-3.5629	-19.9100	21.4460	0.5067	-0.3344	1.9471	0.1240	0.0095	-0.8929	0.0503	0.4473	-0.0108	-0.0039	0.3087	7.8433	-0.7973	-5.8324	0.055377974767830906	0	1	6	Tilt	Normal
7.5088	1.0732	-5.7084	4.7587	-126.8360	-2.4382	-20.1257	21.6651	0.3889	-0.3129	1.8868	0.1507	0.0004	-0.8937	0.0466	0.4462	-0.0066	-0.0220	0.3194	7.8217	-0.8136	-5.8591	-0.008964440389787498	0	1	6	Tilt	Normal
7.5082	1.1109	-5.7078	4.8314	-127.0705	-1.2919	-19.7565	21.2951	-0.0178	-0.2887	1.9369	0.1827	-0.0087	-0.8946	0.0427	0.4448	-0.0108	-0.0135	0.3183	7.7969	-0.8260	-5.8905	0.003501065222382138	0	1	6	Tilt	Normal
7.5082	1.1109	-5.7461	4.8803	-127.3019	-0.1338	-20.5182	21.6486	0.0853	-0.2641	1.9453	0.1754	-0.0179	-0.8953	0.0387	0.4434	-0.0055	-0.0029	0.3183	7.7723	-0.8344	-5.9215	0.02306882631291174	1	1	7	Tilt	Normal
7.4316	1.0726	-5.7461	4.9761	-127.3864	0.9926	-20.7787	21.1180	0.1989	-0.3310	1.9233	0.1860	-0.0270	-0.8954	0.0351	0.4431	-0.0066	0.0025	0.3140	7.7626	-0.8507	-5.9321	-0.06471871358315795	1	1	7	Tilt	Normal
7.4316	1.0726	-5.7461	5.0243	-127.5174	2.1073	-20.7450	21.5767	0.6376	-0.3168	1.9315	0.2034	-0.0359	-0.8956	0.0312	0.4424	-0.0034	-0.0103	0.3140	7.7484	-0.8589	-5.9494	0.0	1	1	7	Tilt	Normal
7.4705	1.0349	-5.7084	5.0919	-127.6155	3.2597	-20.0602	21.2357	-0.1183	-0.2668	1.9053	0.2536	-0.0451	-0.8955	0.0273	0.4419	-0.0056	0.0045	0.3302	7.7373	-0.8704	-5.9620	0.003616480998099192	1	1	7	Tilt	Normal
7.5471	1.1115	-5.7467	5.2034	-127.6744	4.4602	-19.9999	21.3766	-0.1581	-0.1827	2.0010	0.2222	-0.0549	-0.8952	0.0236	0.4417	-0.0045	0.0066	0.3366	7.7298	-0.8894	-5.9689	0.09224328177410257	1	1	7	Tilt	Normal
7.5854	1.1498	-5.6318	5.2822	-127.6516	5.6237	-20.2828	21.5613	-0.0407	-0.1459	2.0527	0.3334	-0.0643	-0.8944	0.0197	0.4421	-0.0002	0.0215	0.3281	7.7313	-0.9029	-5.9652	-0.03362702999389988	1	1	7	Tilt	Normal
7.4705	1.1115	-5.7467	5.3796	-127.7186	7.0470	-20.6767	21.7173	0.1766	-0.2526	2.0310	0.2266	-0.0757	-0.8938	0.0150	0.4418	-0.0109	0.0173	0.3249	7.7231	-0.9195	-5.9732	-0.026786400745944405	1	1	7	Tilt	Normal
7.5471	1.1498	-5.6701	5.4110	-127.7199	7.9959	-20.3102	21.3935	0.3951	-0.1754	2.0747	0.3029	-0.0833	-0.8931	0.0116	0.4420	-0.0024	-0.0008	0.3376	7.7225	-0.9249	-5.9729	0.019075559415687948	1	1	7	Tilt	Normal
7.5088	1.0732	-5.7084	5.4522	-127.7669	9.1668	-20.4095	21.4856	0.6272	-0.2083	2.0051	0.2705	-0.0925	-0.8923	0.0074	0.4417	-0.0098	-0.0029	0.3162	7.7171	-0.9319	-5.9789	-0.01637306940018135	1	1	7	Tilt	Normal
7.5854	1.1115	-5.6701	5.4794	-127.8340	10.5251	-20.2827	21.5616	-0.2570	-0.1243	2.0479	0.3177	-0.1032	-0.8914	0.0025	0.4413	-0.0002	-0.0082	0.3140	7.7098	-0.9364	-5.9877	0.04225756134378855	1	1	7	Tilt	Normal
7.5088	1.1115	-5.6701	5.4519	-127.9029	11.6262	-20.3636	21.7924	-0.0047	-0.1941	2.0433	0.3271	-0.1117	-0.8907	-0.0019	0.4407	-0.0034	-0.0103	0.3140	7.7029	-0.9318	-5.9972	-0.06082160679238591	2	1	8	Tilt	Fall
7.4699	1.1875	-5.7078	5.4141	-127.9740	12.5139	-20.4240	21.6708	0.6489	-0.2261	2.1129	0.2994	-0.1184	-0.8901	-0.0056	0.4401	0.0062	-0.0093	0.3172	7.6960	-0.9254	-6.0072	0.0011080295516041616	2	1	8	Tilt	Normal
7.3939	1.0732	-5.7850	5.4593	-128.1224	13.8517	-20.8269	21.3530	-0.0415	-0.2860	2.0063	0.2417	-0.1290	-0.8892	-0.0102	0.4389	0.0052	-0.0114	0.3194	7.6799	-0.9331	-6.0267	-0.02646283971222374	2	1	8	Tilt	Normal
7.4705	1.1115	-5.8616	5.4618	-128.2275	15.1863	-20.2878	21.9022	0.5199	-0.1981	2.0449	0.1791	-0.1394	-0.8880	-0.0151	0.4379	-0.0002	-0.0029	0.3098	7.6686	-0.9334	-6.0407	0.1112286038762722	2	1	8	Tilt	Normal
7.5088	1.0349	-5.6701	5.4549	-128.2930	16.5527	-20.6708	21.7467	0.6149	-0.1531	1.9673	0.3795	-0.1499	-0.8865	-0.0203	0.4372	-0.0002	-0.0082	0.3236	7.6619	-0.9324	-6.0495	-0.09455438223354484	2	1	8	Tilt	Normal
7.4322	1.1498	-5.7850	5.4572	-128.3559	17.4643	-20.3146	21.9319	0.2304	-0.2230	2.0825	0.2729	-0.1570	-0.8856	-0.0237	0.4365	-0.0002	-0.0061	0.3194	7.6552	-0.9327	-6.0579	0.02230268667315194	2	1	8	Tilt	Normal
7.5088	1.1115	-5.8233	5.4431	-128.3756	18.6084	-20.4080	21.4299	0.3908	-0.1444	2.0418	0.2373	-0.1658	-0.8840	-0.0281	0.4361	-0.0023	0.0014	0.3215	7.6532	-0.9303	-6.0606	0.07884825586811672	2	1	8	Tilt	Normal
7.5082	1.1875	-5.8227	5.4114	-128.3931	19.7496	-20.6067	21.5433	0.9687	-0.1437	2.1124	0.2406	-0.1745	-0.8824	-0.0327	0.4356	-0.0012	0.0014	0.3204	7.6519	-0.9249	-6.0633	0.008292064301437918	2	1	8	Tilt	Normal
7.4699	1.1109	-5.7844	5.4327	-128.3805	20.8817	-20.7957	21.8688	0.1840	-0.1830	2.0394	0.2771	-0.1833	-0.8806	-0.0369	0.4354	-0.0001	-0.0007	0.3179	7.6529	-0.9285	-6.0615	-0.06256626561324907	2	1	8	Tilt	Normal
7.5465	1.0726	-5.7461	5.4290	-128.3134	21.9949	-20.1794	21.8830	0.1091	-0.1136	2.0005	0.3065	-0.1918	-0.8785	-0.0412	0.4356	-0.0055	0.0195	0.3115	7.6601	-0.9279	-6.0525	0.032794611882396296	3	1	9	Tilt	Normal
7.5088	1.1115	-5.6318	5.4025	-128.2715	23.3739	-20.4115	21.8065	0.1782	-0.1559	2.0349	0.4154	-0.2022	-0.8760	-0.0467	0.4353	-0.0076	-0.0018	0.3285	7.6647	-0.9234	-6.0472	-0.09386178259276079	3	1	9	Tilt	Normal
7.5471	1.1498	-5.7084	5.4174	-128.2918	24.3039	-20.8014	21.5637	0.5924	-0.1154	2.0758	0.3413	-0.2094	-0.8744	-0.0501	0.4348	-0.0012	0.0078	0.3190	7.6625	-0.9260	-6.0497	0.08069405162680887	3	1	9	Tilt	Normal
7.4699	1.1875	-5.7078	5.3985	-128.2583	25.6696	-20.1092	21.3789	0.7062	-0.1963	2.1102	0.3376	-0.2197	-0.8718	-0.0555	0.4344	-0.0001	0.0025	0.3275	7.6662	-0.9227	-6.0454	-0.056715004076405506	3	1	9	Tilt	Normal
7.5465	1.1109	-5.6695	5.4244	-128.2378	26.8064	-20.6766	21.5762	0.8518	-0.1215	2.0381	0.3730	-0.2284	-0.8694	-0.0597	0.4340	0.0041	0.0025	0.3243	7.6680	-0.9272	-6.0425	0.028369684478359858	3	1	9	Tilt	Normal
7.5082	1.1492	-5.6695	5.4432	-128.1945	27.9302	-20.3510	21.3803	0.1039	-0.1642	2.0795	0.3671	-0.2370	-0.8670	-0.0639	0.4338	0.0041	0.0035	0.3265	7.6724	-0.9303	-6.0365	-0.02581532611820414	3	1	9	Tilt	Normal
7.5088	1.0349	-5.7467	5.4845	-128.1976	29.0517	-19.8675	21.7989	0.0823	-0.1627	1.9722	0.2898	-0.2456	-0.8646	-0.0678	0.4332	-0.0012	-0.0007	0.3147	7.6715	-0.9373	-6.0365	0.03373819139948431	3	1	9	Tilt	Normal
7.4322	1.1498	-5.7084	5.5092	-128.1873	30.1910	-20.4890	21.4054	0.5436	-0.2402	2.0913	0.3265	-0.2543	-0.8620	-0.0719	0.4326	0.0009	0.0035	0.3328	7.6724	-0.9415	-6.0349	-0.07028670594994679	3	1	9	Tilt	Normal
7.5088	1.1498	-5.7084	5.5335	-128.2083	31.3630	-20.3748	21.6909	0.4722	-0.1610	2.0955	0.3291	-0.2632	-0.8594	-0.0761	0.4317	0.0009	0.0089	0.3275	7.6698	-0.9457	-6.0374	0.06041461247708746	3	1	9	Tilt	Normal
7.5088	1.1498	-5.6701	5.5632	-128.1807	32.5123	-20.2388	21.5220	0.0922	-0.1636	2.1006	0.3633	-0.2719	-0.8566	-0.0803	0.4312	-0.0012	0.0014	0.3229	7.6724	-0.9508	-6.0334	-0.02295905997742409	3	1	9	Tilt	Normal
7.4705	1.1498	-5.6318	5.5645	-128.1670	33.8627	-20.3246	21.7333	0.2578	-0.2032	2.1008	0.3998	-0.2819	-0.8533	-0.0854	0.4303	-0.0012	-0.0071	0.3176	7.6737	-0.9509	-6.0316	-0.05324351673439054	4	1	10	Tilt	Normal
7.5854	1.0732	-5.6701	5.5775	-128.1937	34.9810	-20.0181	21.2382	0.4581	-0.0853	2.0264	0.3650	-0.2903	-0.8505	-0.0894	0.4293	-0.0002	-0.0050	0.3186	7.6707	-0.9532	-6.0350	0.10510713541883732	4	1	10	Tilt	Normal
7.4699	1.1492	-5.7461	5.5505	-128.2671	36.3203	-19.8500	21.3337	0.5272	-0.1935	2.0978	0.2990	-0.3002	-0.8474	-0.0944	0.4276	0.0009	-0.0082	0.3122	7.6634	-0.9486	-6.0451	-0.03691735498052573	4	1	10	Tilt	Normal
7.5088	1.1498	-5.7467	5.5676	-128.2903	37.4340	-20.5018	21.7718	0.1662	-0.1519	2.1014	0.3014	-0.3085	-0.8445	-0.0984	0.4266	-0.0012	-0.0061	0.3208	7.6607	-0.9515	-6.0481	0.031070802937398057	4	1	10	Tilt	Normal
7.5088	1.1115	-5.7084	5.5347	-128.3351	38.5740	-20.3937	21.7471	0.6694	-0.1475	2.0575	0.3460	-0.3168	-0.8416	-0.1027	0.4252	0.0009	-0.0082	0.3244	7.6564	-0.9460	-6.0543	-0.027616386533841464	4	1	10	Tilt	Normal
7.4705	0.9966	-5.7850	5.5498	-128.3764	39.7222	-21.0064	21.6170	0.2864	-0.1814	1.9451	0.2747	-0.3253	-0.8385	-0.1068	0.4238	-0.0012	-0.0018	0.3233	7.6519	-0.9486	-6.0597	0.003393256517727039	4	1	10	Tilt	Normal
7.5088	1.1115	-5.7467	5.5793	-128.4071	40.8667	-20.6857	21.9838	-0.1141	-0.1393	2.0650	0.3168	-0.3338	-0.8353	-0.1107	0.4226	-0.0002	-0.0061	0.3201	7.6481	-0.9535	-6.0635	0.019675790109255686	4	1	10	Tilt	Normal
7.5854	1.1115	-5.7084	5.5545	-128.3974	42.0037	-20.3954	21.5458	0.4462	-0.0640	2.0608	0.3542	-0.3420	-0.8320	-0.1151	0.4215	0.0009	-0.0008	0.3244	7.6495	-0.9493	-6.0626	0.037606396111582896	4	1	10	Tilt	Normal
7.5088	1.0732	-5.7084	5.5472	-128.3679	43.3580	-20.7772	21.9170	0.0375	-0.1440	2.0213	0.3503	-0.3517	-0.8278	-0.1202	0.4203	-0.0002	0.0035	0.3137	7.6528	-0.9481	-6.0587	-0.06508150325840667	4	1	10	Tilt	Normal
7.5088	1.0349	-5.7467	5.5250	-128.3858	44.4819	-20.7769	21.1664	0.7204	-0.1423	1.9791	0.3145	-0.3598	-0.8244	-0.1244	0.4189	0.0009	-0.0050	0.3200	7.6511	-0.9442	-6.0612	0.01883653386264683	4	1	10	Tilt	Normal
7.5465	1.1109	-5.7078	5.5356	-128.3785	45.3820	-19.9985	21.5498	-0.0101	-0.1052	2.0569	0.3524	-0.3663	-0.8215	-0.1277	0.4180	0.0020	-0.0018	0.3221	7.6517	-0.9460	-6.0602	0.014974040486727347	5	1	11	Tilt	Normal
Total time: 11 seconds.
