9.1937	-14.3269	8.3127	51.4691	-46.9592	-148.6744	-15.6124	4.8729	-26.5355	5.7934	-6.1278	4.1433	-0.2381	0.4804	-0.8423	-0.0565	3.3667	2.6451	-1.2538	3.4004	-8.1991	4.1694	9.392929091710155	2	0	1	Upright	Normal
-0.2292	-6.6266	4.0217	51.0329	-39.8109	-154.5614	-12.3268	-0.0323	-28.1974	-3.3833	1.3598	-0.7156	-0.2105	0.4627	-0.8600	-0.0438	-1.9980	-2.4841	-0.4921	3.1541	-7.9863	4.7372	-11.189367368690663	2	0	1	Upright	Normal
4.1378	-7.8524	2.9874	48.7380	-44.7776	-151.9716	-15.0423	2.4310	-27.5336	0.4995	0.0126	-1.6035	-0.2442	0.4542	-0.8552	-0.0515	1.3384	0.8171	-0.1395	3.6383	-7.8650	4.5909	1.610258241047923	2	0	1	Upright	Normal
4.0995	-7.6608	7.3927	48.0747	-49.7939	-147.0905	-16.1634	1.9234	-26.6329	0.3708	0.3627	3.1629	-0.2641	0.4633	-0.8431	-0.0702	-0.2957	-1.3071	0.2351	3.7287	-8.0236	4.2298	2.0429898386794125	2	0	1	Upright	Normal
3.1795	-11.1857	3.7158	47.7414	-56.9110	-141.8381	-17.3718	5.8519	-25.4318	-0.8323	-2.9934	0.1155	-0.2955	0.4787	-0.8228	-0.0806	-1.1277	-0.7755	-0.3881	4.0118	-8.1924	3.6003	0.7998967216377721	2	0	1	Upright	Normal
-2.1835	-8.2744	2.0303	57.8223	-49.7653	-148.9975	-15.4734	8.3661	-26.1901	-6.1703	0.0260	-1.3430	0.2377	-0.5211	0.8196	0.0162	-0.4150	2.3862	-0.5351	3.9868	-8.3004	3.3733	-3.412845302425252	2	0	1	Upright	Normal
-0.7661	-10.1514	1.9920	59.1013	-58.4699	-141.7930	-13.9907	9.8607	-26.6265	-4.6126	-1.5235	-0.6415	-0.2606	0.5457	-0.7961	-0.0208	-0.0848	-1.6586	0.2521	3.8464	-8.6280	2.6335	1.5781292528772415	2	0	1	Upright	Normal
2.4906	-7.2395	4.5197	54.9095	-65.6827	-132.9371	-16.6344	11.3456	-24.0185	-1.1778	1.5540	2.1982	-0.2866	0.5473	-0.7834	-0.0684	0.4329	-1.5276	0.8508	3.6684	-8.7935	2.3215	-1.4828174252957353	2	0	1	Upright	Normal
-1.3024	-6.4739	4.8267	53.7408	-59.0537	-131.5532	-17.6875	12.6661	-24.0085	-3.8382	2.5175	1.8441	-0.2396	0.5390	-0.7992	-0.1153	-0.0657	-0.0831	-0.4215	2.5358	-8.9914	2.9826	-0.7109814595952066	2	0	1	Upright	Normal
-1.1869	-8.9633	3.9450	57.8457	-54.0433	-136.2649	-15.4976	13.5857	-25.2591	-3.5522	0.0470	0.8806	-0.2086	0.5479	-0.8055	-0.0865	-0.4001	0.9832	-0.5024	2.3653	-9.0103	3.0644	1.6851828853919208	2	0	1	Upright	Normal
1.9926	-7.5842	5.9370	61.5702	-51.7939	-141.2142	-14.6847	15.0693	-25.5479	-0.6729	1.4006	3.0495	-0.2010	0.5589	-0.8032	-0.0458	-0.8113	-0.1460	-0.8881	2.6655	-8.9848	2.8876	-0.02913608537590484	0	0	2	Upright	Normal
-0.3059	-12.1811	0.1526	61.2344	-44.7532	-149.6629	-15.8579	16.1891	-25.2827	-3.6284	-3.5846	-3.1987	0.1930	-0.5403	0.8188	0.0211	3.0449	3.2373	0.5021	3.3226	-8.5965	3.3513	2.350322117450432	0	0	2	Upright	Normal
0.6518	-10.8020	-1.5329	52.2748	-29.5243	-165.1264	-12.6670	9.7022	-30.9296	-2.2863	-3.0382	-6.7540	-0.1717	0.4520	-0.8753	-0.0011	0.9826	-0.3825	-0.3267	2.9381	-7.7638	5.2212	-1.2562191897340966	0	0	2	Upright	Normal
5.4402	-6.0903	10.1891	48.7978	-43.6870	-158.4068	-16.7638	6.5073	-31.7426	1.1055	1.3636	5.5179	-0.2610	0.4401	-0.8591	-0.0074	0.7854	-1.4298	-0.6330	4.3347	-7.4539	4.6712	2.1280909660156873	0	0	2	Upright	Normal
1.0732	-7.6992	2.7575	49.7260	-40.7896	-155.8166	-17.7292	4.5898	-31.0278	-2.4503	0.0931	-2.0421	-0.2266	0.4516	-0.8623	-0.0349	-1.3696	-1.5502	0.7359	3.5235	-7.7922	4.7996	-4.809540657705748	0	0	2	Upright	Normal
6.0148	-3.8684	3.2172	51.2413	-65.8787	-140.2519	-23.3866	9.5761	-26.4548	1.1316	4.2575	0.7082	-0.3377	0.5080	-0.7916	-0.0361	-0.4173	0.1659	-0.7427	4.8833	-8.1259	2.5090	-0.4064978038280067	0	0	2	Upright	Normal
-1.0337	-14.1348	-2.0309	50.2887	-48.6239	-149.8859	-22.9685	9.2614	-27.9073	-5.7353	-6.5906	-6.1724	0.2593	-0.4707	0.8421	0.0454	1.2179	3.9466	-1.0144	4.7016	-7.5441	4.1415	6.475591188670281	0	0	2	Upright	Normal
-4.1749	-9.0782	2.9491	54.0485	-45.8547	-140.4866	-15.3351	7.6316	-33.5907	-8.3062	-1.1395	-1.0608	0.1851	-0.5111	0.8320	0.1107	-1.9278	-0.3891	-0.3987	4.1313	-7.9387	4.0098	-3.8990333493108533	0	0	2	Upright	Normal
0.4980	-10.2280	3.7924	58.6918	-65.7631	-132.3965	-17.0275	11.3906	-30.9814	-4.1487	-1.8494	1.7005	0.2669	-0.5675	0.7771	0.0520	-1.1544	-3.8702	-0.1013	4.6467	-8.3787	2.0919	0.5015243419783726	0	0	2	Upright	Normal
1.5323	-8.2744	3.8690	58.6488	-56.8478	-145.0533	-21.6523	12.5828	-27.9843	-2.7393	0.1006	1.0789	0.2665	-0.5354	0.8014	0.0079	1.0528	-1.0323	0.1181	4.2716	-8.3749	2.7901	-1.6579110847075373	0	1	3	PT	Normal
1.5712	-7.8907	5.7838	62.5821	-60.4225	-138.9172	-20.8879	12.5437	-27.7989	-2.3560	0.8145	3.5549	0.2452	-0.5712	0.7832	0.0144	-0.7475	0.2726	-0.6531	3.9272	-8.7052	2.2289	0.6468917406592674	0	1	3	PT	Normal
2.4134	-8.1594	4.7118	61.4689	-65.1584	-128.8484	-19.9138	15.5632	-28.0798	-1.8373	0.4564	2.7441	0.2316	-0.5883	0.7721	0.0645	-0.6345	0.0127	-0.6957	4.2506	-8.6158	1.9677	-0.18246850536795378	0	1	3	Upright	Normal
0.7667	-13.1771	1.9148	60.9074	-50.0108	-136.5242	-18.6302	15.4426	-29.2569	-2.8864	-4.6076	-1.1494	0.1684	-0.5616	0.8050	0.0903	2.8798	3.3928	1.2335	3.6531	-8.5694	3.0641	3.6112272161725674	0	0	3	Upright	Normal
2.4134	-8.5042	0.1915	46.0842	-36.1385	-158.2506	-14.5080	2.4767	-34.5331	-1.5980	-1.4398	-5.3015	0.2101	-0.4193	0.8820	0.0458	-0.2691	-2.1711	-1.0686	4.0113	-7.0644	5.4930	-4.495458770085381	0	0	3	Upright	Normal
3.1029	-7.3933	7.8530	44.5745	-42.0788	-154.9422	-20.4177	1.1457	-30.4832	-1.5785	-0.5106	2.6682	0.2475	-0.4176	0.8726	0.0544	0.9868	1.6521	0.6263	4.6814	-6.8827	5.1848	2.3810309420011535	0	0	3	Upright	Normal
-0.7661	-5.6312	1.8771	49.8450	-40.9780	-158.0721	-20.9810	1.4241	-30.0646	-4.6186	2.0197	-2.8971	-0.2366	0.4479	-0.8621	-0.0168	-0.9733	-0.5913	1.1056	3.8524	-7.6508	4.7742	-5.238072683026241	0	0	3	Upright	Normal
5.7078	-12.4498	6.4356	52.7511	-60.4607	-141.3128	-23.0845	6.0485	-26.5642	1.4537	-4.1126	3.5093	-0.2985	0.5116	-0.8045	-0.0454	-0.9967	-2.0667	-0.8044	4.2540	-8.3372	2.9263	9.147478836127924	0	0	3	Upright	Normal
5.9765	-18.5018	2.0680	54.2541	-68.1520	-138.0809	-25.6540	8.0521	-22.5291	1.1826	-10.2167	-0.0639	-0.3306	0.5311	-0.7798	-0.0251	-1.2098	0.5858	-1.2198	4.7939	-8.2851	2.1319	4.420266223637466	0	0	3	Upright	Normal
-8.7334	-2.9874	-1.6095	56.1017	-46.3456	-146.6780	-20.4058	7.8319	-26.4380	-12.6906	5.1525	-5.3850	0.2088	-0.5137	0.8303	0.0553	0.6768	1.4551	1.1732	3.9572	-8.1398	3.7755	-10.183305827533081	0	0	3	Upright	Normal
-4.5963	-13.5602	1.9914	66.5582	-48.7989	-142.7884	-16.3638	10.9426	-28.4040	-7.5316	-4.5629	-0.5783	0.1679	-0.5838	0.7939	0.0281	-0.3618	-0.1002	-1.0404	2.9353	-8.9973	2.5697	5.086328340878966	0	1	4	Jump	Normal
5.5551	-7.2012	2.7575	62.5292	-61.5733	-134.1106	-18.6730	11.1177	-27.5539	1.5769	1.4998	0.6041	0.2291	-0.5811	0.7798	0.0416	-0.5312	-0.2046	-0.0529	3.9783	-8.7010	2.1534	-4.952122480910896	0	1	4	Jump	Normal
2.7204	-8.3121	1.7232	59.2311	-55.9240	-136.8548	-18.3382	10.3618	-27.0143	-1.4349	0.1143	-1.0876	0.2186	-0.5558	0.7993	0.0668	0.1591	0.3259	0.0004	4.1553	-8.4264	2.8108	-0.5896048110572529	0	1	4	PT	Normal
-0.5357	-9.0016	5.5539	61.4469	-52.3878	-138.0334	-17.5439	11.2366	-27.1474	-4.2488	-0.3876	2.6933	0.1901	-0.5639	0.8010	0.0657	-0.7091	-0.0096	-0.2660	3.7131	-8.6140	2.8606	1.6765462201639583	0	1	4	PT	Normal
2.9503	-6.5499	4.4813	61.4078	-59.9636	-127.8707	-17.1507	13.4744	-25.9371	-1.1126	2.0608	2.1322	0.1916	-0.5861	0.7811	0.0980	-1.4100	-0.2247	-0.9301	4.0628	-8.6107	2.3492	-2.1237889816826545	0	1	4	PT	Normal
-2.1446	-17.3143	2.5660	53.7586	-34.0048	-139.7492	-14.6480	14.6764	-26.4599	-5.3870	-9.4049	-2.2401	0.0961	-0.4957	0.8464	0.1694	5.4706	1.7023	0.6710	3.2423	-7.9094	4.8061	9.167456064289158	0	1	4	Jump	Normal
3.4099	-7.2395	2.0297	48.7375	-40.5631	-142.8707	-11.8447	6.8350	-30.7805	-0.7958	0.1323	-2.8837	0.1761	-0.4674	0.8555	0.1364	-0.2073	-2.2594	-0.7128	4.2057	-7.3717	4.9134	-9.378550527002	0	1	4	Jump	Normal
-3.1406	-7.2778	-0.3071	44.4186	-43.3512	-147.8723	-19.1580	5.1696	-28.0877	-7.9487	-0.4140	-5.4003	0.2314	-0.4322	0.8654	0.1039	2.2599	1.9601	0.8415	4.8082	-6.8637	5.0932	-0.32328494193694635	0	1	4	Upright	Normal
-1.2252	-8.3121	3.5237	51.9693	-43.0861	-155.5387	-21.4351	5.2966	-27.9628	-5.3522	-0.5875	-0.8887	0.2363	-0.4682	0.8512	0.0199	-1.1746	0.2056	1.2601	4.1270	-7.7246	4.4124	1.1784367553414858	0	0	4	Upright	Normal
8.5048	-8.6568	6.2052	56.6011	-60.4586	-144.4507	-22.5224	10.0658	-24.5626	3.9102	-0.4120	3.5436	-0.2971	0.5254	-0.7973	-0.0049	-0.8348	-2.1199	-0.5055	4.5946	-8.2449	2.6616	4.519073741105265	0	0	4	Upright	Normal
3.8313	-10.1508	3.6003	55.6860	-60.7825	-142.0010	-24.6064	11.9940	-21.9431	-0.9936	-2.0508	0.9019	0.2918	-0.5266	0.7981	0.0249	-0.5546	0.5188	-0.6845	4.8249	-8.1000	2.6984	-2.1984540906250363	0	1	5	PT	Normal
-4.3670	-9.7300	-4.2521	53.8360	-55.1069	-141.2805	-24.5736	10.3571	-22.8242	-9.1135	-1.8127	-7.5624	0.2561	-0.5154	0.8152	0.0645	0.8846	3.6272	0.0846	4.7465	-7.9173	3.3103	0.0499358446627447	0	1	5	Upright	Normal
-5.4396	-8.9639	1.9154	62.2342	-56.8454	-139.4078	-21.0869	11.0411	-26.2346	-9.2644	-0.2863	-0.5831	0.2245	-0.5676	0.7915	0.0305	-1.3141	-0.9311	-0.3340	3.8247	-8.6776	2.4985	-0.8226847031484024	0	0	5	Upright	Normal
2.0303	-8.2361	3.9840	62.5331	-60.9364	-132.8570	-22.5774	12.7811	-24.5898	-1.9233	0.4652	1.7868	0.2184	-0.5833	0.7805	0.0534	-1.1735	-0.2589	-0.2190	3.9536	-8.7013	2.1971	-1.2871313415998102	0	0	5	Upright	Normal
3.6775	-8.8490	3.9073	59.3283	-53.9705	-138.4103	-22.0140	12.2731	-25.1637	-0.3681	-0.4142	0.9649	0.2120	-0.5523	0.8036	0.0650	1.0530	-0.2139	-0.1366	4.0456	-8.4348	2.9425	0.9770656126566557	0	0	5	Upright	Normal
0.1155	-7.5459	3.7918	60.4761	-51.2808	-138.3901	-21.1474	11.6260	-25.4831	-3.6549	0.9875	0.7691	0.1882	-0.5572	0.8055	0.0729	-0.7921	0.7522	-0.3262	3.7704	-8.5334	3.0227	-1.9029009062460034	0	0	5	Upright	Normal
2.2607	-6.9330	4.4813	62.3286	-54.4635	-131.9863	-20.6162	12.7739	-25.4790	-1.4452	1.7521	1.8344	0.1705	-0.5796	0.7914	0.0932	-0.7260	0.2047	-0.2292	3.7059	-8.6851	2.6469	0.11335570158921016	0	0	5	Upright	Normal
1.1498	-9.6528	1.1103	61.4767	-59.0178	-120.2542	-19.3626	14.5128	-24.9517	-2.8648	-1.0364	-1.3002	0.1456	-0.5966	0.7740	0.1543	-0.0315	3.0596	0.0115	4.0146	-8.6164	2.4105	1.2250748119635073	0	0	5	Upright	Normal
2.9880	-6.8187	0.8045	47.0423	-38.6499	-142.6969	-13.7165	6.9900	-30.7218	-1.1859	0.3584	-4.4146	0.1671	-0.4539	0.8620	0.1516	-0.5577	-1.4433	-1.8719	4.1738	-7.1771	5.2191	-2.296247213032241	0	0	5	Upright	Normal
2.2224	-7.9290	7.4310	44.5325	-38.7882	-141.6075	-19.2131	4.7627	-28.3253	-2.1567	-1.0514	1.9821	0.1727	-0.4386	0.8658	0.1682	1.5142	0.5361	0.6384	4.3791	-6.8776	5.4489	3.603800238574057	0	1	6	Jump	Normal
-1.3791	-9.7683	-0.9577	45.1545	-30.9266	-151.8755	-17.7047	3.6636	-29.5455	-4.9333	-2.8153	-6.8901	0.1489	-0.4188	0.8881	0.1169	-0.3191	-1.1907	0.9068	3.5542	-6.9531	5.9324	-1.1802442885111049	0	1	6	PT	Normal
4.9416	-9.2320	4.9799	55.7814	-50.3392	-141.3317	-20.8289	8.4063	-25.6696	0.6963	-1.1229	1.4603	0.2145	-0.5239	0.8207	0.0771	-2.4507	-1.5817	-0.4194	4.2454	-8.1092	3.5196	1.6836506913731935	0	1	6	PT	Normal
4.5969	-8.3510	3.8307	54.9020	-61.9389	-131.1752	-23.0687	11.7376	-21.5685	-0.3789	-0.3274	1.1784	0.2524	-0.5487	0.7909	0.0985	-0.5811	-0.0243	-0.4983	4.9757	-8.0236	2.6523	-1.3216919389003579	0	1	6	PT	Normal
-8.3504	-3.2555	2.2595	52.1054	-39.7526	-136.0782	-18.1664	9.8089	-27.5947	-12.2020	4.4834	-2.3712	0.1288	-0.4973	0.8394	0.1775	-1.5196	-0.4142	1.0709	3.8517	-7.7390	4.6307	-1.030520595614668	0	1	6	PT	Normal
-0.4208	-9.3464	3.4087	59.8262	-52.4867	-125.4187	-16.5521	14.3713	-25.9043	-4.3305	-0.8683	0.4073	0.1355	-0.5732	0.7920	0.1605	0.7227	0.6510	-2.2524	3.9097	-8.4780	3.0014	0.7144983542624033	0	1	6	PT	Normal
5.4402	-8.0822	2.7192	58.9279	-58.7805	-118.7997	-19.1089	15.0089	-24.1846	1.1118	0.3174	0.0959	0.1496	-0.5864	0.7758	0.1784	0.4511	0.7863	-0.4638	4.3284	-8.3996	2.6233	0.15744365076376177	0	1	6	Upright	Normal
1.0732	-8.5036	2.1063	56.9068	-54.1002	-123.9233	-19.3817	14.3957	-24.9952	-3.2640	-0.2878	-1.0332	0.1534	-0.5625	0.7930	0.1768	0.8356	0.0097	0.0475	4.3372	-8.2159	3.1395	-1.2888607455319772	0	0	6	Upright	Normal
0.5752	-8.5802	3.1789	59.0893	-51.6958	-125.0438	-19.1792	14.0311	-26.1957	-3.3779	-0.1664	0.0564	0.1317	-0.5687	0.7938	0.1705	-0.5471	0.1546	-0.3722	3.9531	-8.4138	3.1225	0.34214331642004936	0	0	6	Upright	Normal
1.4946	-6.5116	4.1366	59.2435	-52.7197	-117.0637	-17.7172	14.9489	-27.4281	-2.4957	1.9158	1.0989	0.0980	-0.5792	0.7789	0.2194	-0.9497	0.6500	-0.8654	3.9902	-8.4274	3.0376	-1.310334602961417	0	0	6	Upright	Normal
0.4220	-10.5339	4.0983	58.3743	-47.4214	-108.1005	-14.5373	16.4903	-27.7565	-3.3645	-2.1835	0.6191	0.0221	-0.5676	0.7622	0.3105	1.2469	3.4678	0.5114	3.7864	-8.3504	3.4792	3.45305628056885	0	1	7	PT	Normal
6.7044	-13.9049	-5.8616	45.8036	-19.6039	-130.1973	-7.7345	12.5818	-31.8923	4.4107	-6.8739	-12.3017	-0.0192	-0.4139	0.8512	0.3221	3.0035	0.4914	0.3697	2.2936	-7.0310	6.4401	5.201291936469239	0	1	7	Jump	Normal
4.2527	-5.5923	3.6769	43.8786	-37.7360	-124.8897	-8.7996	5.9591	-34.0537	-0.0735	1.2052	-1.9133	0.1024	-0.4522	0.8341	0.2989	-1.1840	-1.3749	-0.4420	4.3262	-6.7974	5.5902	-8.5826051275162	0	1	7	Jump	Normal
-0.7655	-9.0399	1.7232	48.5009	-37.7560	-127.8156	-13.8327	7.2949	-32.0454	-4.7443	-1.6949	-3.4141	0.0940	-0.4788	0.8332	0.2601	-0.1017	-0.5600	0.5593	3.9787	-7.3450	5.1374	1.3048374263320097	0	1	7	PT	Normal
2.5289	-9.2314	2.2978	56.1525	-53.7052	-120.3536	-17.3059	11.0252	-28.8171	-1.8735	-1.0867	-0.9354	0.1369	-0.5625	0.7887	0.2071	-1.1297	-0.0913	-0.1267	4.4023	-8.1448	3.2332	0.6090157632254005	0	1	7	PT	Normal
1.1881	-8.8867	1.0337	58.0753	-60.7906	-112.0939	-18.7836	12.6418	-27.0666	-3.3381	-0.5632	-1.4970	0.1331	-0.5944	0.7627	0.2175	-0.2903	0.1122	-0.1621	4.5262	-8.3234	2.5307	-0.8183108677491191	0	1	7	PT	Normal
-1.6849	-7.2395	1.7998	61.6326	-57.7209	-111.7078	-18.0818	13.8760	-27.2135	-5.6241	1.3897	-0.6883	0.0912	-0.6040	0.7613	0.2175	-1.0168	0.5606	-0.1483	3.9392	-8.6292	2.4882	-1.3773825907148636	0	1	7	PT	Normal
0.5369	-10.0742	1.3018	64.9426	-61.9876	-109.2012	-17.5356	16.3896	-25.7140	-3.1298	-1.1905	-0.6487	0.0875	-0.6268	0.7497	0.1936	0.5673	-0.4237	0.1479	3.6667	-8.8837	1.9505	2.524361212928018	0	1	7	PT	Normal
1.9160	-8.2738	2.0297	66.4778	-64.6909	-108.1370	-18.1218	16.4054	-25.0835	-1.6222	0.7181	0.3566	0.0906	-0.6376	0.7443	0.1772	-0.6322	-1.2002	-0.4593	3.5382	-8.9919	1.6731	-1.4402162213977387	0	1	7	PT	Normal
0.9960	-9.0405	0.9577	65.8055	-62.2362	-110.1847	-18.8848	16.5793	-24.5508	-2.5603	-0.0952	-0.9144	0.0897	-0.6297	0.7501	0.1811	0.5566	0.5660	-0.0013	3.5563	-8.9453	1.8721	0.4135575798991624	0	2	8	PT	Normal
0.3448	-9.7300	0.9960	67.3068	-63.5576	-110.0265	-18.9565	16.4446	-24.8813	-3.0427	-0.6825	-0.6886	0.0890	-0.6373	0.7471	0.1666	-0.0590	-0.0304	-0.2233	3.3875	-9.0475	1.6846	0.6414376026249187	0	2	8	PT	Normal
0.6901	-9.3464	1.4551	67.8155	-64.8792	-109.6283	-19.0320	16.6556	-24.3827	-2.6625	-0.2656	-0.1169	0.0926	-0.6413	0.7449	0.1590	0.1700	-0.0037	-0.2702	3.3526	-9.0808	1.5719	-0.3027879497607895	0	2	8	Upright	Normal
0.6518	-9.3464	1.2252	67.7338	-62.9873	-111.1228	-19.8381	16.8040	-24.0006	-2.6586	-0.2708	-0.4624	0.0890	-0.6372	0.7486	0.1603	0.0134	0.1390	-0.3522	3.3104	-9.0755	1.6876	-0.03526095942721241	0	2	8	Upright	Normal
1.4174	-9.1554	1.4557	67.3661	-62.9307	-110.3982	-19.1102	16.1035	-24.5322	-1.9432	-0.1040	-0.2617	0.0867	-0.6363	0.7480	0.1674	0.0752	0.0016	-0.3160	3.3606	-9.0514	1.7174	-0.07073437879907019	0	2	8	Upright	Normal
1.2258	-9.5385	1.4174	67.1325	-62.5809	-110.8053	-19.2989	16.0733	-24.8810	-2.1569	-0.5025	-0.3374	0.0880	-0.6347	0.7492	0.1679	0.0795	-0.0272	-0.2563	3.3827	-9.0360	1.7548	0.3426964035105424	0	2	8	Upright	Normal
0.7661	-9.4236	1.4174	67.4277	-62.4332	-110.8378	-19.2040	15.5879	-25.1617	-2.5708	-0.3681	-0.3246	0.0855	-0.6355	0.7490	0.1669	0.0006	-0.0964	-0.2489	3.3369	-9.0555	1.7419	-0.1604889064117483	0	2	8	Upright	Normal
1.1115	-9.2314	1.6466	68.0566	-63.7076	-108.2431	-19.2080	16.0828	-25.0711	-2.1739	-0.1351	0.0235	0.0758	-0.6415	0.7435	0.1733	-0.1091	0.2093	-0.2297	3.2854	-9.0963	1.6231	-0.11759725997545267	0	2	8	Upright	Normal
1.4174	-9.1171	1.3791	68.0204	-63.3772	-108.0774	-19.5514	16.1483	-24.8889	-1.8639	-0.0232	-0.2656	0.0730	-0.6410	0.7435	0.1764	-0.0388	0.1433	-0.2734	3.2813	-9.0939	1.6447	-0.11362822846607479	0	2	8	Upright	Normal
1.4180	-9.2314	1.6849	68.1867	-64.2303	-106.4416	-19.0385	15.5478	-24.7890	-1.8636	-0.1269	0.1007	0.0684	-0.6439	0.7402	0.1813	-0.0452	0.0091	-0.2350	3.2816	-9.1046	1.5842	0.16131637009013744	0	2	8	Upright	Normal
1.2264	-9.3464	1.1869	68.1249	-63.9456	-106.7012	-18.5334	16.6849	-24.9656	-2.0560	-0.2457	-0.4178	0.0683	-0.6430	0.7409	0.1815	-0.0324	0.0059	-0.2350	3.2825	-9.1007	1.6047	0.010511978302831793	1	2	9	Upright	Normal
1.1498	-9.3464	1.3785	68.5611	-64.6163	-106.0391	-18.8409	16.5016	-24.5158	-2.0885	-0.2182	-0.1580	0.0664	-0.6459	0.7390	0.1796	-0.0068	-0.0709	-0.2142	3.2383	-9.1282	1.5365	0.01627462010142189	1	2	9	Upright	Normal
1.3030	-9.2698	1.2635	68.7240	-65.4101	-105.7475	-18.8754	16.7257	-24.2083	-1.9326	-0.1314	-0.2171	0.0690	-0.6479	0.7379	0.1761	0.0070	-0.1508	-0.2430	3.2356	-9.1384	1.4807	-0.07140540521875494	1	2	9	Upright	Normal
0.7284	-9.3081	1.5700	68.7426	-65.3288	-105.8760	-19.5229	16.8940	-24.3586	-2.5024	-0.1686	0.0860	0.0691	-0.6477	0.7381	0.1756	0.0997	-0.0400	-0.2472	3.2308	-9.1394	1.4840	0.02182314141538022	1	2	9	Upright	Normal
1.0349	-9.3081	1.1103	68.7949	-65.3158	-106.0379	-19.5107	16.5384	-23.8810	-2.1880	-0.1653	-0.3710	0.0696	-0.6478	0.7383	0.1744	-0.0345	0.0676	-0.2824	3.2229	-9.1427	1.4813	-0.03659953485984424	1	2	9	Upright	Normal
0.8817	-9.3081	1.4551	68.9637	-64.5210	-106.1973	-19.2005	16.1139	-24.9543	-2.2960	-0.1549	-0.0591	0.0644	-0.6470	0.7389	0.1769	0.0699	0.0292	-0.2238	3.1777	-9.1532	1.5142	0.03127698262411016	1	2	9	Upright	Normal
1.2258	-9.3853	1.1875	68.9688	-64.7807	-105.0862	-18.7064	17.0881	-24.5307	-1.9580	-0.2318	-0.3120	0.0598	-0.6481	0.7370	0.1825	-0.1251	0.2007	-0.2976	3.1838	-9.1535	1.4995	0.07689697607847101	1	2	9	Upright	Normal
1.0343	-9.2703	1.6472	69.0027	-63.9026	-104.6596	-18.2284	17.0820	-25.0355	-2.1214	-0.1148	0.1015	0.0515	-0.6469	0.7367	0.1901	0.0837	0.0910	-0.2390	3.1557	-9.1556	1.5458	-0.0670697749598812	1	2	9	Upright	Normal
0.8811	-9.3853	1.2641	69.1935	-64.0761	-103.2120	-18.1086	16.5441	-24.4478	-2.2517	-0.2180	-0.2587	0.0433	-0.6484	0.7340	0.1973	-0.1006	0.2348	-0.2721	3.1328	-9.1672	1.5229	0.038804603941089866	1	2	9	Upright	Normal
1.3030	-9.2698	1.1869	69.1348	-63.7859	-102.5653	-17.1912	17.2077	-24.5299	-1.8305	-0.1061	-0.3558	0.0381	-0.6480	0.7330	0.2034	-0.0250	0.1932	-0.2827	3.1336	-9.1637	1.5428	-0.07507326939374259	1	2	9	Upright	Normal
1.1881	-9.1931	1.3402	69.0553	-63.9519	-101.5917	-16.9779	16.6644	-25.1513	-1.9613	-0.0344	-0.1992	0.0342	-0.6483	0.7313	0.2091	0.0123	0.0281	-0.2721	3.1494	-9.1587	1.5393	-0.06993641629775382	2	2	10	Upright	Normal
0.9966	-9.2698	1.3018	68.9278	-63.8915	-101.3584	-17.0490	16.8637	-25.2097	-2.1694	-0.1188	-0.2497	0.0332	-0.6479	0.7310	0.2117	0.0252	-0.0153	-0.2532	3.1660	-9.1509	1.5516	0.04772654757536188	2	2	10	Upright	Normal
0.8817	-9.3847	1.3402	69.0218	-63.9884	-101.1666	-17.8739	17.3023	-24.8811	-2.2736	-0.2279	-0.1995	0.0322	-0.6484	0.7305	0.2118	0.0135	-0.0281	-0.2628	3.1553	-9.1568	1.5396	0.10716059117306997	2	2	10	Upright	Normal
1.1498	-9.3847	1.3785	68.9717	-63.9573	-101.1226	-18.0096	16.7077	-25.7509	-2.0117	-0.2310	-0.1664	0.0320	-0.6482	0.7305	0.2126	0.0305	-0.0451	-0.2607	3.1615	-9.1536	1.5449	0.03401042502143525	2	2	10	Upright	Normal
1.1115	-9.3464	1.4934	68.8514	-64.2003	-100.7763	-17.6961	16.5532	-25.7836	-2.0738	-0.2002	-0.0464	0.0323	-0.6484	0.7299	0.2141	0.0209	0.0039	-0.2703	3.1853	-9.1461	1.5398	-0.024837481022137453	2	2	10	Upright	Normal
1.1498	-9.3847	1.3018	68.8196	-64.1118	-100.6937	-17.7127	16.3396	-25.1994	-2.0378	-0.2405	-0.2451	0.0315	-0.6482	0.7297	0.2153	-0.0164	0.0188	-0.2490	3.1876	-9.1442	1.5470	0.014073570745969377	2	2	10	Upright	Normal
1.2258	-9.2320	1.3791	68.9289	-64.5463	-99.9561	-17.9568	16.5311	-24.9310	-1.9576	-0.0811	-0.1362	0.0294	-0.6495	0.7282	0.2169	-0.0185	0.0870	-0.2677	3.1834	-9.1509	1.5152	-0.12949131925064705	2	2	10	Upright	Normal
1.2264	-9.2314	1.4934	68.8568	-64.5296	-99.6378	-17.8914	16.3400	-25.6209	-1.9670	-0.0848	-0.0277	0.0280	-0.6494	0.7276	0.2194	0.0156	0.0007	-0.2666	3.1934	-9.1466	1.5211	0.016910948638171774	2	2	10	Upright	Normal
1.1875	-9.3470	1.3791	68.5273	-63.9971	-99.7524	-18.0903	16.4746	-25.4642	-2.0388	-0.2209	-0.1947	0.0272	-0.6473	0.7282	0.2236	-0.0121	0.0167	-0.2847	3.2263	-9.1261	1.5737	0.09103328127586074	2	2	10	Upright	Normal
1.0726	-9.3087	1.6089	68.4816	-64.0185	-99.3141	-18.0309	16.0798	-24.8339	-2.1609	-0.1854	0.0332	0.0251	-0.6473	0.7274	0.2265	0.0178	0.0114	-0.2634	3.2335	-9.1233	1.5757	-0.015111242859717322	3	2	11	Upright	Normal
Total time: 11 seconds.
