-3.5626	-9.0405	3.1029	68.2119	36.6354	-173.0601	21.6970	18.1571	-24.1679	-1.3904	0.0657	0.1821	-0.2920	-0.5156	0.7739	0.2235	0.8716	-0.5727	0.1431	-2.1721	-9.1062	2.9208	0.06293676530554393	6	0	1	Upright	Normal
-1.9154	-8.5808	2.8347	64.0313	28.9599	-168.6744	19.7592	15.2977	-26.4873	0.1639	0.2358	-0.9224	-0.2616	-0.4899	0.8039	0.2129	0.6063	-0.1914	-0.1062	-2.0792	-8.8166	3.7571	-0.9628638477284888	6	0	1	Upright	Normal
-3.5243	-9.1554	3.2561	65.4065	31.5195	-167.7789	20.4595	14.9485	-26.9255	-1.3906	-0.2384	-0.2230	-0.2826	-0.4927	0.7896	0.2321	-0.6826	1.3852	-0.4460	-2.1337	-8.9171	3.4791	1.098885702013483	6	0	1	Upright	Normal
-6.6272	-13.2543	2.2218	72.1794	60.4778	174.9901	24.5489	19.1588	-21.1729	-4.0155	-3.9181	0.7430	-0.3843	-0.5262	0.7104	0.2659	-2.3018	1.1818	0.9154	-2.6116	-9.3362	1.4789	4.64786515682518	6	0	1	Upright	Normal
1.9920	-8.2744	2.1069	74.5030	60.6991	161.0643	24.3951	22.2492	-19.8796	4.2769	1.1759	0.8247	-0.3108	-0.5814	0.7279	0.1887	-0.0041	-3.2210	0.1793	-2.2850	-9.4502	1.2822	-6.216701009672214	6	0	1	Upright	Normal
2.8730	-7.8530	2.9113	76.3869	33.1784	-178.0645	17.1641	22.0467	-24.7652	4.1361	1.6782	0.9795	-0.2344	-0.5887	0.7501	0.1892	1.9411	1.5161	-1.1444	-1.2631	-9.5312	1.9318	0.08663146722757276	0	0	1	Upright	Normal
-4.4436	-10.7643	2.2984	72.0224	28.2682	-162.7305	19.6432	20.3859	-23.8709	-3.0103	-1.4364	-0.3672	-0.2809	-0.5340	0.7540	0.2597	0.0801	0.0812	-0.2538	-1.4334	-9.3280	2.6656	3.015718639338175	0	0	1	Upright	Normal
-1.0337	-9.1931	2.4128	73.2726	18.9908	-158.9630	20.6629	20.2842	-23.8951	-0.1152	0.1986	-0.2560	-0.2376	-0.5545	0.7602	0.2413	0.9014	-0.1276	-0.5180	-0.9185	-9.3917	2.6688	-2.3095591320309268	0	0	1	Upright	Normal
-1.9148	-9.6528	4.9410	73.4035	5.9768	-150.9703	16.7516	20.6390	-25.7971	-1.6230	-0.2547	2.1552	-0.1901	-0.5673	0.7673	0.2308	-1.2227	-1.0682	-0.3305	-0.2918	-9.3981	2.7858	1.4511485324713718	0	0	1	Upright	Normal
-1.9914	-7.3161	5.0560	75.5012	7.5788	-153.4921	13.9883	23.8893	-25.4965	-1.6676	2.1783	2.6222	-0.1909	-0.5826	0.7587	0.2203	-0.1841	0.5371	0.3427	-0.3238	-9.4944	2.4337	-1.8982479789493159	0	0	1	Upright	Normal
-1.8381	-10.3424	1.4168	72.2141	42.0317	173.6151	17.4233	23.0782	-24.3472	0.1674	-1.0044	-0.8082	-0.2587	-0.5654	0.7648	0.1690	0.0620	1.2520	2.3017	-2.0056	-9.3380	2.2250	1.4861791149680545	0	1	2	PT	Normal
0.3454	-10.1508	0.9954	66.3232	34.0609	178.7234	19.5325	19.9375	-24.6086	2.5510	-1.1696	-2.2670	-0.2393	-0.5257	0.8022	0.1513	1.6194	-0.9137	0.3362	-2.2057	-8.9812	3.2624	-0.3942483823741192	0	1	2	Upright	Normal
-1.1486	-6.2052	3.0640	62.9536	35.6103	-171.6725	19.1935	15.8169	-27.2083	1.4479	2.5290	-0.5613	-0.2962	-0.4769	0.7983	0.2182	0.8972	3.2110	-0.1644	-2.5965	-8.7342	3.6253	-3.1902163390472538	0	0	2	Upright	Normal
-0.3059	-7.8907	3.6769	56.4768	26.7908	-158.5143	24.5224	11.7722	-24.5746	2.1353	0.2849	-1.1576	-0.2863	-0.4142	0.8216	0.2674	1.2721	0.2027	-0.8110	-2.4412	-8.1756	4.8345	1.6955825714068542	0	0	2	Upright	Normal
-2.6043	-8.8867	3.5620	59.2815	22.9732	-147.5373	24.7413	11.9878	-23.4833	-0.6491	-0.4559	-1.0500	-0.3017	-0.4170	0.7903	0.3326	0.0354	0.7875	-0.7354	-1.9552	-8.4307	4.6120	1.2111765336210016	0	0	2	Upright	Normal
-4.9027	-7.5459	5.3624	63.5262	30.6925	-147.0666	27.1839	15.6853	-20.6526	-2.6712	1.2324	1.6032	-0.3597	-0.4230	0.7468	0.3660	-1.1311	0.8833	-0.3269	-2.2315	-8.7783	3.7592	0.5534461233072783	0	0	2	Upright	Normal
-4.2521	-14.0588	3.2944	67.0847	46.9827	-155.1729	29.1178	17.7264	-15.5077	-1.4603	-5.0259	0.6895	-0.4334	-0.4235	0.6992	0.3794	-0.1617	2.1435	0.8800	-2.7918	-9.0329	2.6049	4.577359673615629	0	0	2	Upright	Normal
4.6741	-6.5499	1.3402	69.9880	11.5350	-128.4346	28.1364	18.9539	-15.5936	5.3452	2.6647	-1.9480	-0.3223	-0.4780	0.7089	0.4064	2.1488	-3.3585	-2.1837	-0.6711	-9.2147	3.2881	-6.895199862164173	0	0	2	Upright	Normal
2.2607	-7.2778	3.9834	69.5075	4.3859	-120.5900	24.0052	20.3783	-19.8854	2.5233	1.9083	0.5604	-0.3096	-0.4792	0.7023	0.4258	0.3496	-2.2038	1.0547	-0.2626	-9.1861	3.4230	0.4416219913693453	0	0	2	Upright	Normal
-4.2898	-9.3847	5.4773	70.7150	-5.5444	-123.1646	20.4980	19.9527	-22.4810	-4.6027	-0.1282	2.2538	-0.2404	-0.5271	0.7298	0.3630	-0.3673	-1.8650	0.3133	0.3129	-9.2564	3.2235	3.0831799794799455	0	1	3	PT	Normal
-1.9148	-8.2738	5.1326	73.1699	-18.6916	-119.3551	14.1903	20.6955	-25.5351	-2.8247	1.1130	2.4431	-0.1844	-0.5735	0.7328	0.3165	-0.7071	-1.0681	-0.2715	0.9099	-9.3868	2.6894	-1.7592916996406416	0	1	3	PT	Normal
-0.4208	-7.8141	5.9370	74.1527	-17.2616	-123.3343	12.4387	22.1352	-25.2582	-1.2154	1.6200	3.3799	-0.1775	-0.5815	0.7372	0.2947	-0.1479	0.0195	0.0758	0.7946	-9.4341	2.5572	-0.10030599451349786	0	1	3	Upright	Normal
-2.8347	-9.6917	-0.3065	73.7893	15.7091	-156.3938	13.1529	21.4492	-25.7178	-2.0934	-0.2749	-2.9419	-0.2286	-0.5598	0.7587	0.2424	0.4391	0.8206	2.0348	-0.7413	-9.4168	2.6354	0.2797137150665243	0	1	3	Upright	Normal
0.6512	-14.0588	1.7238	66.4369	25.9504	-164.8473	18.1869	16.5334	-25.5207	2.3668	-5.0697	-1.8012	-0.2566	-0.5044	0.7919	0.2294	1.8218	-0.7954	0.3602	-1.7156	-8.9890	3.5250	4.0766463785372	0	0	3	Upright	Normal
-0.5363	-7.1635	-1.2258	62.9184	20.3054	-159.2085	17.7107	11.5827	-27.4042	1.0130	1.5681	-5.4128	-0.2406	-0.4782	0.8093	0.2420	0.9195	0.9388	-0.2960	-1.5493	-8.7315	4.1870	-6.891666065013728	0	0	3	Upright	Normal
-2.4511	-7.9290	5.2858	59.8800	25.0527	-157.0396	20.5943	9.9280	-25.8900	-0.3672	0.5537	0.8278	-0.2812	-0.4401	0.8075	0.2744	0.9749	-1.0906	-0.2045	-2.0839	-8.4827	4.4580	2.552161528827299	0	0	3	Upright	Normal
-2.3361	-8.6951	3.2172	63.3297	21.3917	-152.8050	20.9293	9.8660	-24.9924	-0.7307	0.0682	-0.8812	-0.2748	-0.4642	0.7900	0.2913	-0.4664	0.7917	-0.4239	-1.6055	-8.7634	4.0984	-0.2785548260207129	0	0	3	Upright	Normal
-5.4773	-8.5036	4.2898	64.2557	23.4025	-153.9254	21.4768	11.1681	-24.2683	-3.7855	0.3298	0.3808	-0.2848	-0.4686	0.7836	0.2921	-0.3162	-0.5718	-0.0926	-1.6918	-8.8334	3.9090	1.4260228264009847	0	0	3	Upright	Normal
-4.4430	-18.9998	4.5963	63.3140	38.1680	-164.4451	21.9339	11.4149	-22.4563	-1.7213	-10.2376	1.1338	-0.3429	-0.4538	0.7738	0.2789	0.9536	0.0482	1.3551	-2.7218	-8.7622	3.4625	9.05940013927023	0	0	3	Upright	Normal
5.4019	-5.7838	-3.1035	66.5830	10.3768	-155.2807	13.6083	10.4660	-26.6760	6.1040	3.2153	-6.9370	-0.1908	-0.5178	0.8025	0.2267	-0.5910	-0.2778	-1.2335	-0.7021	-8.9991	3.8336	-11.54555402207692	0	1	4	Jump	Normal
7.0874	-7.9290	5.6306	73.3303	-11.0603	-143.2649	7.5801	14.4898	-28.2122	6.5478	1.4656	2.8699	-0.1139	-0.5884	0.7759	0.1970	0.4529	-3.8646	-0.0844	0.5396	-9.3945	2.7607	3.5325931840713825	0	1	4	Jump	Normal
-0.7655	-7.0862	6.7032	67.9510	2.8610	-175.3023	-0.4186	12.6983	-29.8462	-0.5818	2.0032	3.0264	-0.0436	-0.5573	0.8277	0.0479	0.9025	-2.8675	3.2531	-0.1838	-9.0894	3.6767	-2.2491206696499084	0	1	4	PT	Normal
-3.5620	-7.3927	4.4430	67.9492	-18.1524	-154.4172	-7.0048	10.7073	-29.4591	-2.5880	1.7168	0.9447	-0.0054	0.5671	-0.8181	-0.0953	-0.8094	-2.7897	1.0874	-0.9740	-9.1095	3.4984	-0.4526576399269331	0	1	4	PT	Normal
0.2687	-9.0016	4.1366	54.3061	-61.9052	-106.9943	-15.0098	14.0526	-27.7873	1.3273	0.3681	1.4422	-0.1351	0.5868	-0.7530	-0.2652	-1.3697	-3.5045	0.8136	-1.0585	-9.3697	2.6944	0.5785480120467081	0	1	4	PT	Normal
0.2687	-8.3887	3.3321	27.1529	-80.5256	-88.4153	-24.0892	20.2121	-17.1859	1.2727	1.2602	1.8959	-0.3096	0.5752	-0.6260	-0.4259	-1.7319	-3.0752	0.6070	-1.0039	-9.6489	1.4362	-0.8799728476247548	0	1	4	PT	Normal
-4.0600	-11.4533	2.6809	13.8980	-83.1603	-85.9819	-27.0094	21.8851	-10.3346	-3.0978	-1.7599	1.5473	-0.3830	0.5436	-0.5651	-0.4884	0.4625	0.4732	-0.1297	-0.9622	-9.6934	1.1337	3.4135829960872073	0	1	4	PT	Normal
-2.4511	-9.5762	1.3402	5.7087	-78.3605	-84.0269	-27.2402	20.3896	-10.1232	-1.2558	-0.0437	-0.6285	-0.3936	0.4946	-0.5415	-0.5542	0.9376	-3.1839	0.3305	-1.1953	-9.5325	1.9686	-2.468479588643433	0	1	4	PT	Normal
-2.1446	-9.2698	0.0760	-14.2739	-75.7388	-79.2405	-28.1458	20.9426	-2.5259	-0.9553	0.1788	-2.2651	-0.4640	0.4066	-0.4408	-0.6520	-0.1340	-0.6699	0.4977	-1.1893	-9.4486	2.3411	-0.4604005207175099	0	1	4	PT	Normal
-3.5620	-8.5419	2.4894	-20.6793	-77.0575	-77.0516	-28.0072	21.6250	1.1316	-2.1762	0.9465	0.4345	-0.4915	0.3919	-0.3919	-0.6717	-0.7657	-0.6113	0.3049	-1.3858	-9.4884	2.0548	0.06883836894927953	0	1	4	Tilt	Normal
-1.5317	-9.0399	2.1829	-32.2825	-79.1041	-73.4346	-25.3558	22.6712	6.0950	0.2650	0.4726	0.6158	-0.5375	0.3622	-0.3009	-0.6995	-0.6081	-1.6840	0.3560	-1.7967	-9.5125	1.5672	-0.1587716960975758	1	1	5	Tilt	Normal
-3.0640	-7.2012	1.7998	-38.2599	-75.3487	-69.9006	-24.0092	23.3889	9.3776	-1.2459	2.2366	-0.1477	-0.5434	0.3247	-0.2642	-0.7277	0.2207	-0.8647	0.3061	-1.8181	-9.4378	1.9475	-1.3947830928746612	1	0	5	Tilt	Normal
-4.0600	-9.3081	1.4168	-47.2335	-71.0941	-65.3952	-20.3450	23.5828	11.3151	-2.3180	0.0985	-0.7407	-0.5621	0.2722	-0.2067	-0.7532	-0.3332	-0.1169	-0.2361	-1.7419	-9.4065	2.1575	2.2231383251299377	1	0	5	Tilt	Normal
-3.1029	-9.6534	3.1029	-49.9425	-73.8530	-66.6533	-19.9910	22.6905	13.9526	-1.2864	-0.1776	1.3479	-0.5812	0.2696	-0.1862	-0.7448	-0.7838	-1.5923	0.1719	-1.8165	-9.4758	1.7549	0.3505947726588996	0	0	5	Tilt	Normal
-0.8039	-8.6951	2.9491	-54.5311	-67.0995	-60.5766	-17.5569	22.2657	16.5553	0.9270	0.7003	0.7349	-0.5775	0.2316	-0.1550	-0.7674	0.6990	-0.4738	0.0302	-1.7309	-9.3954	2.2142	-1.3872318641644306	0	0	5	Tilt	Normal
-2.3744	-9.3464	1.9914	-49.3090	-64.5734	-59.3224	-16.0376	22.9946	15.9844	-0.6014	-0.1001	-0.7537	-0.5467	0.2473	-0.1866	-0.7779	0.3954	0.5883	-0.1487	-1.7731	-9.2463	2.7451	0.6300230121953323	0	0	5	Tilt	Normal
-2.3744	-8.8867	3.2555	-43.6347	-65.3927	-60.8884	-17.8842	23.2725	13.9543	-0.4984	0.2740	0.3002	-0.5237	0.2739	-0.2228	-0.7753	0.8364	0.0066	0.1153	-1.8760	-9.1607	2.9553	-0.08922330973670434	0	0	5	Tilt	Normal
-1.5700	-6.9330	3.5237	-41.2138	-62.4473	-57.0144	-16.7714	24.5527	12.1416	0.6565	1.9872	0.1115	-0.4961	0.2827	-0.2217	-0.7905	0.1291	0.5435	0.6341	-2.2265	-8.9202	3.4122	-1.82356663055823	0	0	5	Tilt	Normal
-2.6043	-6.9330	3.2938	-38.0819	-57.0858	-49.1218	-15.1145	25.7983	11.7421	0.2985	1.4427	-0.9005	-0.4484	0.2917	-0.2034	-0.8201	0.8258	-0.3215	1.1678	-2.9028	-8.3757	4.1943	0.17146129782956177	0	0	5	Tilt	Normal
-3.8301	-7.6608	4.6729	-33.6093	-51.8086	-38.7176	-10.3453	27.4980	10.2260	0.0844	-0.2212	-0.3768	-0.3840	0.3084	-0.1663	-0.8543	0.7523	0.1163	1.0751	-3.9145	-7.4397	5.0497	1.6512870739878664	0	0	5	Tilt	Normal
-4.4430	-6.8564	5.8604	-29.8251	-48.6105	-31.2426	-5.0943	29.5846	8.7281	0.1748	-0.2833	0.2354	-0.3330	0.3199	-0.1351	-0.8767	0.7640	0.0662	0.8653	-4.6178	-6.5731	5.6250	0.297872349406596	0	0	6	Tilt	Normal
-5.9376	-6.7804	6.7421	-27.3077	-42.0419	-21.0144	-1.4321	28.9266	6.6988	-1.0053	-1.3062	0.2708	-0.2802	0.3025	-0.0822	-0.9073	1.3073	-1.3132	1.1803	-4.9324	-5.4742	6.4712	1.200846435487355	0	0	6	Tilt	Normal
-6.2058	-5.7461	9.8450	-24.0868	-32.6909	-9.4061	4.5409	28.8362	3.6668	-1.5308	-1.5573	2.3104	-0.2221	0.2579	-0.0184	-0.9401	0.8972	-0.8839	0.6179	-4.6750	-4.1888	7.5346	1.723534099061279	0	0	6	Tilt	Normal
-5.2858	-3.6003	8.4653	-22.4327	-28.1452	-3.1348	6.2857	28.4124	1.4697	-0.8472	-0.0525	0.4727	-0.1951	0.2333	0.0213	-0.9524	0.4977	-0.4962	0.2770	-4.4386	-3.5478	7.9926	-2.369391773954991	0	0	6	Tilt	Normal
-4.4047	-3.1023	8.6185	-20.7435	-24.3771	1.3590	6.6226	28.8441	0.0048	-0.2831	-0.0353	0.2653	-0.1735	0.2098	0.0494	-0.9610	0.4828	-0.5558	0.1257	-4.1216	-3.0670	8.3532	-0.44571117408519534	0	0	6	Tilt	Normal
-3.7152	-2.7575	8.9250	-18.5725	-20.6457	4.6695	6.6763	27.8095	-1.6941	-0.0310	-0.1257	0.2261	-0.1514	0.1832	0.0684	-0.9689	0.4764	-0.5814	0.1811	-3.6842	-2.6318	8.6989	-0.11089957785576487	0	0	6	Tilt	Normal
-3.5620	-2.3744	9.6911	-16.4119	-17.7693	7.2175	6.1368	27.1963	-3.0799	-0.2613	-0.1327	0.7329	-0.1311	0.1614	0.0836	-0.9745	0.2708	-0.3715	0.1595	-3.3007	-2.2417	8.9582	0.5415146432971181	0	0	6	Tilt	Normal
-3.4854	-1.8765	9.5379	-15.7467	-17.2054	7.9717	6.0098	26.8253	-3.7250	-0.2599	0.2390	0.5218	-0.1248	0.1572	0.0885	-0.9756	0.0172	-0.0029	-0.0003	-3.2254	-2.1154	9.0161	-0.26777831546726283	0	0	6	Lying	Normal
-3.1406	-2.2595	9.4996	-15.6394	-16.5027	8.2840	5.9752	26.8483	-3.8810	-0.0187	-0.1525	0.4452	-0.1240	0.1515	0.0903	-0.9765	0.0002	-0.2565	0.0093	-3.1219	-2.1070	9.0544	-0.06945627732014792	0	0	6	Tilt	Normal
-3.0257	-2.4894	9.7294	-15.3846	-14.7484	8.7672	6.3729	26.6193	-3.8878	-0.1748	-0.3832	0.5858	-0.1226	0.1370	0.0923	-0.9786	0.0172	-0.1851	0.0444	-2.8509	-2.1061	9.1436	0.23147030230513543	1	0	7	Lying	Normal
-2.9113	-2.0686	9.4619	-15.1201	-13.9104	9.2535	5.8812	26.7819	-4.5451	-0.1851	0.0030	0.2725	-0.1205	0.1302	0.0953	-0.9795	0.0428	-0.1457	0.0359	-2.7262	-2.0716	9.1894	-0.3752451171000235	1	0	7	Tilt	Normal
-2.7198	-1.8771	9.6917	-14.9844	-13.7929	9.0983	5.8453	26.6702	-4.5290	-0.0217	0.1848	0.4919	-0.1196	0.1289	0.0937	-0.9799	0.0162	0.0173	-0.0046	-2.6981	-2.0619	9.1999	0.12615009639027264	1	0	7	Lying	Normal
-2.7964	-1.7238	9.5768	-14.6731	-13.3869	8.9943	5.9766	26.7645	-4.2705	-0.1760	0.3081	0.3478	-0.1174	0.1252	0.0921	-0.9809	-0.0126	-0.1191	-0.0610	-2.6205	-2.0319	9.2290	-0.11507567334599855	1	0	7	Lying	Normal
-2.4134	-2.2601	9.6534	-14.9987	-12.8452	8.7024	6.4484	27.2154	-4.0402	0.1163	-0.1440	0.4179	-0.1209	0.1204	0.0893	-0.9813	-0.0989	0.0088	-0.0504	-2.5296	-2.1162	9.2355	0.07940801653371388	1	0	7	Lying	Normal
-2.4900	-2.2218	9.6917	-15.5905	-12.9130	8.4284	6.1613	27.2018	-4.3371	0.0545	-0.0016	0.4848	-0.1262	0.1210	0.0876	-0.9807	-0.0744	0.1398	-0.0184	-2.5444	-2.2202	9.2069	0.046193850287790994	1	0	7	Lying	Normal
-2.7198	-2.3367	9.3470	-15.7094	-13.5016	8.1401	6.3433	26.7023	-4.3237	-0.0875	-0.1050	0.1676	-0.1271	0.1258	0.0858	-0.9801	0.0226	0.0855	-0.0429	-2.6323	-2.2317	9.1794	-0.23896025555957223	1	0	7	Tilt	Normal
-2.6815	-2.3750	9.3087	-15.8816	-14.1540	7.8150	5.6601	26.8950	-4.4852	0.0482	-0.1232	0.1628	-0.1285	0.1311	0.0840	-0.9794	0.0023	0.0280	-0.0193	-2.7297	-2.2519	9.1459	-0.03707397463262829	1	0	7	Tilt	Normal
-2.7964	-2.2984	9.6917	-16.0779	-14.7377	7.6007	5.8883	27.5550	-3.8381	0.0239	-0.0248	0.5788	-0.1300	0.1359	0.0830	-0.9786	-0.0424	0.1505	-0.0002	-2.8204	-2.2736	9.1129	0.3714907950966282	1	0	7	Lying	Normal
-2.8724	-2.2978	9.3464	-16.0382	-15.0151	7.5276	6.1860	27.5769	-2.9550	-0.0108	-0.0362	0.2433	-0.1295	0.1382	0.0826	-0.9784	0.0215	0.0280	0.0094	-2.8617	-2.2616	9.1031	-0.3014144531053269	1	0	7	Tilt	Normal
-2.9874	-2.0680	9.3464	-15.8334	-15.0023	7.5427	6.6345	26.9636	-2.9379	-0.1314	0.1610	0.2334	-0.1278	0.1380	0.0825	-0.9787	0.0055	-0.0306	0.0084	-2.8560	-2.2290	9.1129	-0.016410134424779343	2	0	8	Tilt	Fall
-2.7198	-2.2218	9.5002	-15.5648	-15.0439	7.5067	6.3454	26.3390	-2.9231	0.1359	-0.0349	0.3771	-0.1255	0.1382	0.0820	-0.9790	0.0066	0.0589	0.0222	-2.8557	-2.1870	9.1231	0.10076892046956587	2	0	8	Tilt	Normal
-2.9497	-2.1835	9.6917	-15.3691	-14.9583	7.7308	5.8183	26.7478	-3.5160	-0.1035	-0.0358	0.5564	-0.1236	0.1376	0.0836	-0.9792	-0.0041	0.0111	0.0382	-2.8461	-2.1477	9.1354	0.234724787758962	2	0	8	Lying	Normal
-2.9491	-2.1446	9.2698	-15.4239	-14.9579	7.6846	6.1226	27.3149	-3.3468	-0.1035	0.0142	0.1368	-0.1241	0.1376	0.0833	-0.9791	-0.0105	-0.0220	-0.0097	-2.8455	-2.1588	9.1330	-0.4020646580777889	2	0	8	Lying	Normal
-2.8724	-2.3361	9.1931	-15.4240	-14.8280	7.6433	6.2401	27.0760	-3.0776	-0.0495	-0.1709	0.0546	-0.1243	0.1365	0.0828	-0.9793	0.0194	-0.0443	-0.0108	-2.8229	-2.1653	9.1385	-0.05055198532780025	0	0	8	Tilt	Normal
-2.6809	-2.1446	9.4230	-15.0509	-14.8236	7.5231	6.1802	26.7720	-4.1031	0.1288	-0.0323	0.2680	-0.1212	0.1361	0.0814	-0.9799	0.1206	-0.0049	-0.0054	-2.8097	-2.1123	9.1550	0.11827408100349501	0	0	8	Tilt	Normal
-2.8347	-1.8004	9.5002	-13.8318	-14.0340	7.8290	6.2083	25.9431	-4.4697	-0.1689	0.1290	0.2622	-0.1110	0.1292	0.0819	-0.9820	0.0929	-0.1189	0.0010	-2.6658	-1.9294	9.2380	0.04731619934792164	0	0	8	Tilt	Normal
-2.5666	-1.7621	9.7683	-13.2120	-13.3400	7.9573	6.2536	26.3650	-4.6141	-0.0236	0.0845	0.4790	-0.1060	0.1230	0.0818	-0.9833	0.0140	-0.0486	0.0141	-2.5429	-1.8467	9.2894	0.17617230073933499	0	0	8	Lying	Normal
-2.5666	-1.8387	9.3470	-13.2010	-13.3092	7.9954	6.5794	26.8318	-4.4060	-0.0277	0.0055	0.0560	-0.1059	0.1228	0.0821	-0.9833	-0.0030	-0.0220	0.0290	-2.5389	-1.8443	9.2910	-0.3865868982923857	0	0	8	Tilt	Normal
-2.6049	-1.9537	9.5768	-13.1170	-13.1467	8.0169	5.9671	27.1021	-4.4112	-0.0938	-0.1187	0.2764	-0.1052	0.1214	0.0820	-0.9836	0.0140	-0.0230	0.0130	-2.5111	-1.8350	9.3004	0.2493806536409302	0	0	8	Lying	Normal
-2.3750	-1.8004	9.7683	-12.8793	-12.8204	8.0578	6.4990	26.5145	-4.7494	0.0784	0.0049	0.4468	-0.1034	0.1185	0.0819	-0.9841	0.0290	-0.0507	0.0013	-2.4535	-1.8054	9.3215	0.09760900608133838	1	0	9	Lying	Normal
-2.3750	-1.7621	9.6534	-12.6192	-12.5604	8.1158	5.7018	26.5693	-4.5133	0.0316	0.0072	0.3127	-0.1013	0.1162	0.0819	-0.9846	0.0290	-0.0401	0.0151	-2.4066	-1.7693	9.3407	-0.11659779368785905	1	0	9	Lying	Normal
-2.4511	-1.7615	9.7294	-12.4381	-12.4539	8.1383	6.1648	27.3713	-5.3665	-0.0655	-0.0192	0.3784	-0.0998	0.1152	0.0818	-0.9849	0.0098	-0.0325	0.0174	-2.3855	-1.7424	9.3510	0.09062880093025782	1	0	9	Lying	Normal
-2.4517	-1.7238	9.6534	-12.4480	-12.4887	8.1047	6.4673	26.3415	-4.6735	-0.0611	0.0205	0.3039	-0.0999	0.1155	0.0816	-0.9849	-0.0009	0.0005	0.0078	-2.3906	-1.7443	9.3495	-0.07891351101190835	1	0	9	Lying	Normal
-2.2984	-1.6855	9.6151	-12.4336	-12.4656	8.1400	6.8764	26.2342	-4.5674	0.0890	0.0558	0.2643	-0.0997	0.1153	0.0819	-0.9849	0.0087	-0.0048	0.0110	-2.3875	-1.7413	9.3509	-0.07929646332272888	1	0	9	Lying	Normal
-2.4128	-1.7232	9.7294	-12.4241	-12.4400	8.1937	6.6658	26.5339	-4.9603	-0.0281	0.0151	0.3774	-0.0996	0.1151	0.0823	-0.9849	-0.0073	0.0154	0.0099	-2.3846	-1.7383	9.3521	0.14250353574685093	1	0	9	Lying	Normal
-2.3750	-1.7621	9.7300	-12.4186	-12.4180	8.2311	6.5647	27.1770	-5.1371	0.0070	-0.0256	0.3769	-0.0995	0.1150	0.0826	-0.9849	-0.0041	0.0069	0.0088	-2.3821	-1.7365	9.3531	-0.001658159895789879	1	0	9	Lying	Normal
-2.2978	-1.7615	9.7294	-12.4080	-12.3894	8.2639	6.2157	26.4888	-4.5397	0.0804	-0.0271	0.3750	-0.0994	0.1147	0.0828	-0.9849	-0.0062	0.0080	0.0109	-2.3782	-1.7344	9.3544	-0.01843094489591124	1	0	9	Lying	Normal
-2.3750	-1.7238	9.6534	-12.3961	-12.3703	8.2715	5.8883	26.3339	-4.6834	-0.0001	0.0090	0.2978	-0.0993	0.1146	0.0829	-0.9850	0.0002	0.0080	0.0120	-2.3749	-1.7328	9.3556	-0.06144730596593817	1	0	9	Lying	Normal
-2.2978	-1.7232	9.7294	-12.3844	-12.3509	8.2999	6.3783	26.7005	-4.4837	0.0745	0.0070	0.3727	-0.0992	0.1144	0.0831	-0.9850	-0.0019	0.0026	0.0120	-2.3724	-1.7303	9.3567	0.05487127327211461	2	0	10	Lying	Normal
-2.2978	-1.7998	9.7294	-12.3904	-12.3267	8.3395	6.9930	26.2133	-4.7637	0.0718	-0.0694	0.3721	-0.0992	0.1143	0.0834	-0.9850	-0.0105	0.0176	0.0088	-2.3697	-1.7304	9.3573	0.013292219953456197	2	0	10	Lying	Normal
-2.3744	-1.7998	9.6911	-12.3828	-12.3591	8.3804	6.9201	26.2010	-5.6141	0.0016	-0.0733	0.3347	-0.0991	0.1146	0.0838	-0.9849	-0.0062	0.0090	0.0109	-2.3761	-1.7265	9.3564	-0.01901343472268202	2	0	10	Lying	Normal
-2.2978	-1.7615	9.6911	-12.3828	-12.3419	8.4140	6.3144	26.5755	-4.7736	0.0765	-0.0359	0.3340	-0.0991	0.1144	0.0841	-0.9849	-0.0051	0.0122	0.0109	-2.3743	-1.7256	9.3571	-0.02440551175401673	2	0	10	Lying	Normal
-2.4134	-1.6855	9.7300	-12.3777	-12.3748	8.4689	6.7810	27.1543	-5.2934	-0.0322	0.0359	0.3739	-0.0990	0.1148	0.0846	-0.9848	-0.0115	0.0186	0.0099	-2.3812	-1.7214	9.3561	0.05118919327988536	2	0	10	Lying	Normal
-2.3361	-1.6466	9.6911	-12.3684	-12.3709	8.4651	6.1055	26.7701	-4.9643	0.0441	0.0736	0.3346	-0.0989	0.1147	0.0845	-0.9848	-0.0094	0.0133	0.0088	-2.3803	-1.7202	9.3565	-0.06177930285176991	2	0	10	Lying	Normal
-2.4134	-1.7238	9.6917	-12.3546	-12.3574	8.4941	6.7193	26.6278	-4.1472	-0.0349	-0.0066	0.3341	-0.0988	0.1146	0.0848	-0.9848	-0.0019	-0.0005	0.0173	-2.3785	-1.7172	9.3576	0.03157043377332691	2	0	10	Lying	Normal
-2.2978	-1.6849	9.7294	-12.3243	-12.3810	8.5314	6.4712	26.5292	-5.1279	0.0850	0.0251	0.3717	-0.0984	0.1149	0.0851	-0.9848	0.0055	-0.0069	0.0067	-2.3828	-1.7101	9.3577	0.0027108167391709515	2	0	10	Lying	Normal
-2.2595	-1.6466	9.5762	-12.4545	-12.4215	8.5197	6.4418	26.9991	-5.2804	0.1327	0.0836	0.2246	-0.0996	0.1153	0.0851	-0.9846	-0.0307	0.0122	-0.0008	-2.3923	-1.7303	9.3516	-0.16206409808847688	2	0	10	Lying	Normal
-2.3744	-1.7998	9.6528	-12.4593	-12.4428	8.5217	6.1468	26.9979	-4.6658	0.0214	-0.0696	0.3021	-0.0996	0.1154	0.0852	-0.9846	0.0073	0.0117	0.0024	-2.3958	-1.7303	9.3507	0.12617532332815884	2	0	10	Lying	Normal
-2.4128	-1.7232	9.6528	-12.4596	-12.4318	8.5368	6.6996	26.2133	-4.3975	-0.0183	0.0067	0.3017	-0.0996	0.1154	0.0853	-0.9846	0.0041	-0.0033	-0.0008	-2.3945	-1.7300	9.3512	-0.004259035309642556	3	0	11	Lying	Normal
Total time: 11 seconds.
