-6.0908	-5.5545	4.5203	50.3788	50.4483	161.9882	20.7233	4.7236	-30.0731	-0.3873	1.3580	0.5381	0.3206	0.4406	-0.8369	-0.0510	0.2135	-0.7408	-0.0241	-5.7036	-6.9125	3.9822	-0.7577097152178993	6	0	1	Lying	Normal
-6.0525	-5.4779	4.9033	50.4727	47.9198	164.7240	19.2629	3.7015	-31.3721	-0.3666	1.3300	0.7207	0.3123	0.4350	-0.8423	-0.0617	0.0143	-0.0899	-0.1317	-5.6859	-6.8079	4.1827	0.12148956229918717	0	0	1	Upright	Normal
-6.5116	-7.2395	2.9108	50.3787	44.6217	167.8529	19.2101	4.0229	-31.7892	-0.9087	-0.5338	-1.5404	0.2999	0.4279	-0.8496	-0.0721	0.4063	-0.2753	0.2092	-5.6029	-6.7057	4.4511	0.6401406889050953	0	0	1	Upright	Normal
-7.0868	-8.6957	3.9456	52.0775	58.1794	156.3694	21.2512	5.1514	-31.2551	-1.0877	-1.6188	0.7678	0.3490	0.4649	-0.8122	-0.0481	-0.6835	0.5034	-0.0720	-5.9991	-7.0770	3.1779	1.7285362008573557	0	0	1	Upright	Normal
-4.5969	-6.3590	3.5626	62.4799	56.1753	162.0133	21.4734	7.8298	-29.5978	1.6569	0.7614	1.0403	0.3261	0.5148	-0.7832	-0.1233	-1.9256	-0.4521	1.1207	-6.2538	-7.1204	2.5223	-3.27395967411689	0	0	1	Upright	Normal
-1.9920	-9.6151	4.9799	59.5848	38.8505	174.4813	18.6614	9.7106	-31.6665	3.4978	-2.4677	1.1136	0.2657	0.4819	-0.8254	-0.1257	2.2300	0.1593	-1.9483	-5.4898	-7.1474	3.8663	2.3924343512210218	0	0	1	Upright	Normal
-6.5122	-8.7724	0.3448	61.6381	56.4234	154.7494	19.0780	8.6180	-30.4279	-1.1583	-0.9704	-2.2315	0.2975	0.5293	-0.7914	-0.0709	-1.8403	-0.0708	-0.3579	-5.3539	-7.8020	2.5763	-0.07907581773217132	0	0	1	Upright	Normal
-6.0136	-8.5036	4.6729	62.5856	56.9832	152.8922	20.8760	11.9857	-29.1543	-0.8553	-0.5342	2.2127	0.2893	0.5393	-0.7882	-0.0649	-0.2275	0.9562	-0.5060	-5.1583	-7.9694	2.4602	0.48455536549159284	0	0	1	Upright	Normal
-4.7495	-6.8947	5.0176	64.1220	56.8625	151.5527	21.0752	14.3964	-28.4149	0.1733	1.2579	2.6779	0.2764	0.5516	-0.7845	-0.0619	-0.1839	-0.0548	-0.1172	-4.9228	-8.1526	2.3397	-1.6546828441059578	0	0	1	Upright	Normal
-4.8261	-3.5237	1.7615	62.0376	58.4680	155.4087	21.9664	14.1850	-27.7743	0.8894	4.0739	-0.6431	0.3132	0.5285	-0.7843	-0.0866	0.2359	0.2563	1.9552	-5.7156	-7.5976	2.4047	-3.53086964478009	0	1	2	Jump	Normal
-6.3967	-11.0702	0.4591	62.6476	47.2048	172.7008	22.7639	9.4002	-28.8049	-0.0108	-4.2862	-2.6019	0.3110	0.4972	-0.7944	-0.1579	0.1048	-2.4921	0.2657	-6.3859	-6.7840	3.0610	6.563851105619161	0	1	2	Jump	Normal
-5.4390	-6.8181	1.1486	53.2012	36.8201	-179.8838	16.4780	3.8264	-32.2542	0.4510	-0.5438	-3.5537	0.2828	0.4246	-0.8482	-0.1423	0.5746	1.0968	-0.2915	-5.8900	-6.2743	4.7024	-3.9965923213049788	0	1	2	Jump	Normal
-5.7455	-6.3584	3.4854	47.4778	45.2808	171.9202	20.2456	1.1261	-31.6019	0.4389	-0.3439	-1.1782	0.3253	0.3954	-0.8537	-0.0951	1.0902	-0.5054	-0.1679	-6.1844	-6.0145	4.6636	0.4543071609364766	0	1	2	PT	Normal
-6.2435	-5.3624	3.6003	46.5441	48.5174	164.8269	20.0065	-0.7490	-31.2146	-0.3870	1.1115	-0.8674	0.3266	0.4069	-0.8516	-0.0503	-0.8060	0.8102	-0.8454	-5.8565	-6.4739	4.4677	-0.26812952865883766	0	1	2	Upright	Normal
-8.4270	-5.0943	7.3544	45.3532	60.2121	155.9690	22.9762	3.0101	-28.6405	-2.0651	1.5374	3.9308	0.3833	0.4226	-0.8210	-0.0230	0.3637	1.5484	-0.1386	-6.3618	-6.6316	3.4236	3.3071287067400608	0	0	2	Upright	Normal
-13.4069	-9.3081	4.0217	39.8473	56.4400	158.9119	25.0880	1.8202	-28.2567	-7.0321	-3.1267	-0.1404	0.3821	0.3765	-0.8439	-0.0068	1.1989	0.2722	0.0659	-6.3749	-6.1814	4.1620	4.519135016851932	0	0	2	Upright	Normal
1.7244	-5.8987	1.6849	50.2329	56.9831	161.9080	24.1084	2.1637	-28.0876	6.9845	1.6393	-1.7331	-0.3679	-0.4363	0.8177	0.0748	-0.1785	1.2725	-1.5352	-5.2601	-7.5380	3.4180	-10.437143569643013	0	0	2	Upright	Normal
-1.3018	-8.3121	5.6306	58.1272	46.1210	170.5824	25.0681	7.7350	-26.8703	2.4307	0.0160	2.0414	-0.3045	-0.4736	0.8171	0.1236	-0.3735	-0.1358	-0.4753	-3.7326	-8.3281	3.5892	3.7513318277870953	0	0	2	Upright	Normal
-4.5586	-7.2784	3.8690	59.7425	48.4181	169.8726	24.8249	9.3513	-26.6269	-0.8624	1.1925	0.5896	-0.3141	-0.4839	0.8058	0.1336	-0.6313	0.4363	-0.0204	-3.6962	-8.4708	3.2795	-0.7043023250804108	0	0	2	Upright	Normal
-3.9067	-8.6951	3.7918	63.7758	51.6234	165.4765	23.7439	11.5790	-26.2352	-0.5095	0.1022	1.1016	-0.3066	-0.5185	0.7873	0.1315	-0.3202	-0.0314	-0.7548	-3.3972	-8.7973	2.6902	0.8394892514247942	0	1	3	PT	Normal
-3.7535	-7.0479	4.8261	67.1115	48.9369	165.8165	21.9886	14.7926	-26.7199	-0.8776	1.9866	2.3207	-0.2804	-0.5419	0.7810	0.1335	-0.7250	-0.2902	-0.2009	-2.8759	-9.0345	2.5054	-0.92867511570212	0	1	3	PT	Normal
-5.1709	-7.8907	3.4854	64.8176	56.3117	161.7256	22.2638	15.6507	-24.5644	-1.6988	0.9840	1.1709	-0.3183	-0.5298	0.7751	0.1315	0.2529	1.0968	0.4404	-3.4720	-8.8747	2.3144	0.7270896218312366	0	1	3	PT	Normal
-4.5963	-12.8706	5.8221	56.8632	66.5732	149.8773	24.3958	13.4458	-23.8739	0.3226	-4.6588	3.6908	-0.3626	-0.5097	0.7778	0.0613	-1.2651	-2.1118	1.8689	-4.9189	-8.2118	2.1313	4.797835332008299	0	1	3	Jump	Normal
-3.6775	-8.5042	-5.4779	55.0260	57.4197	154.4368	21.7431	10.2143	-27.4658	1.0593	-0.4684	-8.5048	-0.3259	-0.4894	0.8077	0.0443	1.6260	0.1870	0.1091	-4.7368	-8.0358	3.0269	-4.091644847371375	0	1	3	Jump	Normal
-6.3973	-6.0142	5.2864	49.4254	54.3193	162.5865	21.9364	4.6850	-28.3640	-1.2160	1.4346	1.5661	-0.3536	-0.4305	0.8278	0.0663	0.5991	0.2904	0.0053	-5.1814	-7.4488	3.7203	-0.5144909791380083	0	1	3	PT	Normal
-1.6855	-8.9639	0.8811	50.2498	46.6612	170.0949	21.5078	2.2716	-27.7948	2.8753	-1.4241	-3.4225	-0.3236	-0.4194	0.8428	0.0958	0.4883	0.8038	-0.8288	-4.5608	-7.5398	4.3036	-1.0855573858300982	0	1	3	PT	Normal
-5.4013	-6.4356	3.7541	51.7136	41.8853	173.5769	20.8184	2.2627	-28.5663	-1.3446	1.2619	-0.7694	-0.2983	-0.4247	0.8479	0.1086	-0.2371	-0.6993	-0.3143	-4.0567	-7.6975	4.5235	0.03895869929754703	0	1	3	Upright	Normal
-7.8907	-9.5379	6.8564	53.1338	47.8306	169.3751	19.0104	3.2847	-27.8202	-3.5300	-1.6921	2.9067	-0.3232	-0.4407	0.8309	0.1048	-0.7197	0.2499	0.3750	-4.3607	-7.8458	3.9497	4.94838677886446	0	0	3	Upright	Normal
2.9119	-11.6448	-2.2607	48.2853	41.7914	169.4053	17.4679	1.5935	-29.3342	7.2607	-4.3244	-7.1259	-0.2888	-0.4105	0.8623	0.0665	0.0942	-0.6737	-1.0131	-4.3488	-7.3204	4.8652	-1.9364025840445542	0	0	3	Upright	Normal
2.0692	-8.5802	4.0217	59.2796	45.4786	159.9142	16.7031	4.7302	-29.5987	5.6412	-0.1496	0.5091	-0.2513	-0.5077	0.8226	0.0484	-1.0936	-3.3667	1.0985	-3.5720	-8.4306	3.5126	-2.515136704429196	0	1	4	PT	Normal
0.8051	-7.4693	8.7334	69.5773	10.3638	-172.7267	3.7617	9.0228	-32.0075	3.6996	1.2749	5.3674	0.1101	0.5624	-0.8130	-0.1033	-2.2004	-2.0107	0.5275	-2.8946	-8.7442	3.3661	1.820769750814705	0	1	4	PT	Normal
-5.2092	-7.3927	4.0217	62.3564	-47.0694	-108.0717	-4.4699	14.0510	-31.2699	-1.8114	1.2689	0.9227	0.0022	0.5848	-0.7563	-0.2933	-1.5144	-3.4765	1.8250	-3.3978	-8.6616	3.0990	-1.622454125507737	0	1	4	PT	Normal
-3.7152	-8.7334	4.2132	44.8854	-68.2602	-81.6770	-12.3255	19.4729	-26.4014	0.1398	-0.0913	1.6397	-0.1000	0.5990	-0.6624	-0.4388	-1.7913	-3.0844	1.1923	-3.8550	-8.6422	2.5735	0.4863642859502537	0	1	4	PT	Normal
-1.3402	-10.1508	3.9450	21.0313	-76.9315	-68.9925	-17.0491	25.2993	-18.3319	2.8273	-1.5182	1.8754	-0.2286	0.5850	-0.5296	-0.5702	-1.6848	-3.2560	0.6692	-4.1674	-8.6326	2.0696	0.5886653359367777	0	1	4	PT	Normal
-6.1286	-11.1851	2.1063	5.1106	-76.1813	-67.0897	-19.5469	27.2388	-10.1535	-2.2292	-2.4946	-0.2267	-0.3113	0.5330	-0.4574	-0.6401	-0.5855	-0.4937	0.5998	-3.8994	-8.6905	2.3330	1.9542231701379684	0	1	4	PT	Normal
-7.4310	-4.9027	3.3704	-6.2373	-79.4528	-57.7021	-17.4154	28.3701	-5.0925	-2.4445	3.3510	1.5862	-0.3446	0.5388	-0.3401	-0.6894	-1.8861	-1.7869	1.8419	-4.9865	-8.2537	1.7843	-3.4075860889821783	0	1	4	PT	Normal
-6.8181	-5.9370	1.2252	-17.3073	-82.0508	-49.6277	-12.4255	30.5445	1.4095	-0.8342	1.7238	-0.0694	-0.3754	0.5414	-0.2234	-0.7184	-0.9711	-1.9052	0.1567	-5.9839	-7.6608	1.2947	-0.3958816338315625	0	1	4	Tilt	Normal
-6.2052	-6.3201	1.5700	-32.9600	-80.5364	-46.4237	-10.7050	29.3768	6.5277	-0.1727	1.2924	0.2171	-0.4432	0.4843	-0.1199	-0.7447	-1.6923	-1.6985	0.4283	-6.0325	-7.6125	1.3529	-0.12818360796415895	0	1	4	Tilt	Normal
-6.5499	-7.5076	1.7615	-46.4267	-80.6852	-44.2914	-7.3204	27.9341	11.6203	-0.4259	0.0733	0.6675	-0.5025	0.4378	-0.0277	-0.7450	-1.3695	-1.7656	0.1620	-6.1241	-7.5809	1.0940	1.122544243219732	0	0	4	Tilt	Normal
-8.0439	-5.1709	2.7192	-58.1622	-74.5875	-36.9619	-3.2326	25.4192	16.7715	-1.8211	2.2829	1.3445	-0.5346	0.3796	0.0589	-0.7527	-1.3599	-1.9233	0.4857	-6.2228	-7.4537	1.3747	-0.1760551089436202	0	0	5	Tilt	Normal
-6.0903	-5.3241	4.4047	-61.0057	-53.3340	-16.4680	2.2083	24.1238	17.0633	0.0013	1.8178	1.5664	-0.5043	0.3177	0.1152	-0.7946	1.0508	-0.6961	-0.1727	-6.0916	-7.1419	2.8383	-0.7308400304242824	0	0	5	Tilt	Normal
-2.8724	-7.3927	2.4128	-55.8667	-44.4780	-9.8244	4.0856	25.6349	14.9070	2.9096	-0.5133	-1.5134	-0.4606	0.2960	0.1066	-0.8299	0.5373	0.8613	-0.2856	-5.7820	-6.8794	3.9262	-0.920806239111986	0	0	5	Tilt	Normal
-6.0136	-5.9370	0.3442	-50.0059	-45.4514	-9.7106	3.9141	27.2879	12.5741	-0.0139	0.4368	-4.0772	-0.4181	0.3159	0.0919	-0.8467	0.0675	-0.3702	0.6199	-5.9997	-6.3738	4.4213	0.1675183814831147	0	0	5	Tilt	Normal
-6.5116	-4.7878	4.4430	-48.4733	-43.7716	-4.9167	5.6635	27.0230	11.5265	-0.2068	1.0757	-0.2515	-0.3952	0.3233	0.1166	-0.8519	0.2028	-0.4554	0.7637	-6.3048	-5.8635	4.6946	0.7654954672653158	0	0	5	Tilt	Normal
-5.9370	-3.4854	5.1326	-44.9026	-40.6557	1.1543	8.5597	26.5108	10.5547	0.5568	1.6366	-0.1369	-0.3549	0.3247	0.1414	-0.8652	0.5267	-0.5427	0.7443	-6.4938	-5.1219	5.2695	-0.6358518691825044	0	0	5	Tilt	Normal
-6.5116	-3.4471	5.6306	-40.2202	-37.3804	7.6761	11.2401	26.5861	8.8308	0.0609	0.7446	-0.3195	-0.3048	0.3220	0.1695	-0.8801	0.7046	-0.5459	0.7806	-6.5725	-4.1916	5.9500	0.685748155307655	0	0	5	Tilt	Normal
-7.3161	-3.3321	6.3967	-36.5875	-37.1826	13.1950	13.4216	25.1189	7.5413	-0.4827	-0.1508	0.1233	-0.2608	0.3349	0.2028	-0.8824	0.2731	0.0698	0.8200	-6.8334	-3.1813	6.2734	1.0006350017172796	0	0	5	Tilt	Normal
-8.1971	-2.6043	7.6225	-33.2033	-33.3139	19.9442	15.5772	24.2881	7.0500	-1.6032	-0.2228	0.7654	-0.2220	0.3179	0.2396	-0.8900	0.4926	-1.3182	0.7294	-6.5939	-2.3815	6.8571	1.2189326928396031	0	0	5	Tilt	Normal
-7.0479	-1.7232	8.8867	-27.3335	-24.1408	28.6330	19.2100	22.4920	5.3846	-1.5585	-0.0386	0.9370	-0.1736	0.2540	0.2828	-0.9085	0.3349	-1.5856	0.4866	-5.4895	-1.6846	7.9496	-0.0200994189369208	0	0	6	Tilt	Normal
-5.6306	-0.8422	9.3847	-24.4229	-19.7327	33.3096	20.3510	21.4400	2.2307	-0.7673	0.5293	0.9800	-0.1517	0.2202	0.3107	-0.9121	0.2167	-0.5055	0.1783	-4.8632	-1.3714	8.4047	-0.4957997245793031	0	0	6	Tilt	Normal
-5.1709	-1.1869	8.8484	-22.6809	-18.1789	35.4271	20.6192	21.8604	0.2188	-0.5951	-0.0329	0.2518	-0.1378	0.2066	0.3242	-0.9128	0.1506	-0.2594	0.0260	-4.5758	-1.1540	8.5965	-0.6595602294019951	0	0	6	Tilt	Normal
-4.5580	-1.2635	8.6568	-21.5907	-17.0040	36.5738	20.4576	21.3859	-0.2256	-0.1984	-0.2010	-0.0630	-0.1303	0.1960	0.3311	-0.9137	0.1112	-0.3542	-0.0252	-4.3595	-1.0626	8.7198	-0.45234679116782495	0	0	6	Tilt	Normal
-4.3670	-0.8045	9.0022	-20.7796	-15.7804	37.4478	20.7902	21.4172	-0.8360	-0.2138	0.2319	0.1791	-0.1258	0.1852	0.3362	-0.9148	0.0175	-0.1997	0.0110	-4.1532	-1.0364	8.8231	0.17312053109651693	0	0	6	Tilt	Normal
-4.2515	-1.1869	9.1931	-19.6960	-14.6162	38.2278	20.4011	21.7057	-0.8256	-0.3285	-0.2058	0.2592	-0.1193	0.1740	0.3406	-0.9163	0.0739	-0.2072	0.0494	-3.9230	-0.9812	8.9340	0.16009107398908995	0	0	6	Tilt	Normal
-3.9450	-1.2252	9.3464	-18.6482	-13.8808	38.8987	19.8350	20.8248	-1.1925	-0.2025	-0.3334	0.3261	-0.1120	0.1660	0.3446	-0.9171	0.0185	-0.2946	0.0874	-3.7426	-0.8918	9.0203	0.02068257866220513	0	0	6	Tilt	Normal
-3.8301	-0.8805	9.7677	-18.1035	-12.3691	39.6962	20.2272	20.3841	-1.3170	-0.3124	0.0681	0.6630	-0.1110	0.1532	0.3493	-0.9177	-0.0954	-0.2189	0.0054	-3.5177	-0.9486	9.1047	0.3100929831245711	0	0	6	Lying	Normal
-3.7535	-1.3402	9.2698	-18.5616	-11.6518	39.7066	19.9200	20.6250	-1.5632	-0.2765	-0.2533	0.1649	-0.1169	0.1487	0.3488	-0.9179	-0.0763	0.0314	-0.0298	-3.4770	-1.0868	9.1048	-0.4383740404338532	0	0	6	Lying	Normal
-3.6003	-1.4168	9.2314	-18.6278	-11.0092	39.7945	19.9715	19.8494	-1.3172	-0.1933	-0.2529	0.1097	-0.1193	0.1438	0.3489	-0.9183	-0.0230	-0.1422	0.0107	-3.4069	-1.1639	9.1218	-0.0808904071524168	0	0	6	Tilt	Normal
-3.6009	-1.2641	9.4236	-18.2834	-10.7377	39.9407	20.2709	20.0616	-2.5901	-0.2595	-0.1196	0.2752	-0.1171	0.1408	0.3497	-0.9188	0.0537	-0.0868	0.0235	-3.3414	-1.1446	9.1484	0.1576318024012906	1	0	7	Tilt	Normal
-3.4854	-1.1486	9.5762	-17.9544	-10.7912	40.1415	20.7608	20.6087	-1.9306	-0.1673	-0.0621	0.4123	-0.1140	0.1406	0.3513	-0.9186	0.0345	-0.0154	0.0339	-3.3181	-1.0865	9.1640	0.08824767105781817	1	0	7	Lying	Normal
-3.4477	-1.1109	9.3087	-17.7651	-10.9899	40.2006	20.2335	20.6296	-2.6151	-0.1238	-0.0741	0.1410	-0.1118	0.1417	0.3519	-0.9185	0.0654	-0.0122	0.0243	-3.3239	-1.0368	9.1677	-0.26666139754741813	1	0	7	Tilt	Normal
-3.5620	-1.0337	9.5762	-17.4492	-10.9204	40.2806	20.2131	20.6328	-2.6056	-0.2777	-0.0320	0.3904	-0.1094	0.1403	0.3523	-0.9188	0.0558	-0.0452	0.0009	-3.2842	-1.0017	9.1858	0.2807461696722182	1	0	7	Lying	Normal
-3.4087	-1.1103	9.4230	-17.3912	-11.0906	40.3224	20.3910	20.1994	-2.1110	-0.1091	-0.1380	0.2394	-0.1083	0.1415	0.3528	-0.9185	0.0356	-0.0133	-0.0076	-3.2997	-0.9723	9.1836	-0.1874594653923527	1	0	7	Tilt	Normal
-3.4860	-1.1109	9.3853	-17.4809	-11.1530	40.3283	20.1761	19.9439	-2.4295	-0.1694	-0.1351	0.2083	-0.1089	0.1423	0.3530	-0.9183	0.0153	0.0325	-0.0161	-3.3166	-0.9758	9.1770	-0.008672296686750514	1	0	7	Tilt	Normal
-3.4477	-0.9960	9.4619	-17.5033	-11.2910	40.3703	20.8703	19.7129	-2.6458	-0.1112	-0.0359	0.2904	-0.1086	0.1435	0.3534	-0.9180	0.0164	0.0187	-0.0257	-3.3365	-0.9601	9.1714	0.04635570201640782	1	0	7	Tilt	Normal
-3.4093	-0.9577	9.4236	-17.6176	-11.4651	40.4171	21.2356	20.1296	-2.6436	-0.0392	-0.0067	0.2635	-0.1089	0.1453	0.3540	-0.9174	0.0164	0.0465	-0.0233	-3.3701	-0.9509	9.1601	-0.05258146232173999	1	0	7	Tilt	Normal
-3.5237	-0.8805	9.3464	-17.7420	-11.6133	40.4879	20.4861	20.2915	-2.6874	-0.1215	0.0640	0.1974	-0.1094	0.1469	0.3548	-0.9168	0.0185	0.0092	-0.0084	-3.4022	-0.9445	9.1490	-0.039703615806068626	1	0	7	Tilt	Normal
-3.5620	-0.9954	9.4230	-17.7405	-11.6938	40.5122	20.5638	20.6210	-2.4184	-0.1499	-0.0619	0.2767	-0.1091	0.1475	0.3550	-0.9167	0.0196	0.0039	-0.0137	-3.4120	-0.9334	9.1463	0.09551603125680153	1	0	7	Tilt	Normal
-3.4477	-0.9960	9.4236	-17.7777	-11.7212	40.5262	20.6087	20.4949	-2.2127	-0.0283	-0.0619	0.2800	-0.1093	0.1479	0.3552	-0.9165	0.0079	0.0209	-0.0147	-3.4194	-0.9340	9.1436	-0.03903219288574178	2	0	8	Tilt	Fall
-3.4854	-0.9571	9.3847	-17.7935	-11.7277	40.5552	21.1333	20.0526	-2.0602	-0.0630	-0.0236	0.2421	-0.1093	0.1480	0.3554	-0.9164	0.0100	0.0241	-0.0094	-3.4224	-0.9334	9.1426	-0.027121921541182203	2	0	8	Tilt	Normal
-3.4854	-0.8805	9.3464	-17.8103	-11.7351	40.6047	20.3568	19.8184	-2.5959	-0.0596	0.0512	0.2050	-0.1094	0.1482	0.3558	-0.9162	0.0121	0.0136	0.0018	-3.4258	-0.9316	9.1414	-0.04275674655154127	2	0	8	Tilt	Normal
-3.5626	-0.9960	9.3087	-17.8225	-11.7241	40.6500	20.8341	20.0985	-2.5819	-0.1360	-0.0643	0.1674	-0.1095	0.1481	0.3562	-0.9161	0.0047	0.0114	-0.0025	-3.4266	-0.9316	9.1412	0.0028721604743626727	2	0	8	Tilt	Normal
-3.5237	-0.9954	9.3847	-17.8292	-11.7160	40.6785	20.6107	20.0576	-2.3149	-0.0970	-0.0636	0.2436	-0.1095	0.1481	0.3564	-0.9160	0.0089	0.0040	-0.0035	-3.4267	-0.9318	9.1411	0.05693490414976132	2	0	8	Tilt	Normal
-3.5237	-0.9188	9.4996	-17.8399	-11.7089	40.7091	20.5714	20.5527	-2.0285	-0.0962	0.0133	0.3588	-0.1096	0.1481	0.3567	-0.9159	0.0089	0.0146	0.0093	-3.4274	-0.9321	9.1408	0.09992358140964619	2	0	8	Tilt	Normal
-3.5620	-0.9188	9.3464	-17.8495	-11.7078	40.7417	21.0152	20.1165	-2.3809	-0.1332	0.0126	0.2061	-0.1096	0.1482	0.3569	-0.9158	0.0047	-0.0067	0.0039	-3.4288	-0.9313	9.1403	-0.12938170324088993	2	0	8	Tilt	Normal
-3.5626	-0.9577	9.3087	-17.8399	-11.7106	40.8163	21.1267	19.9508	-2.3978	-0.1332	-0.0323	0.1679	-0.1094	0.1482	0.3575	-0.9155	0.0121	-0.0160	0.0243	-3.4294	-0.9254	9.1408	-0.03121254222319436	2	0	8	Tilt	Normal
-3.5620	-0.9188	9.4230	-17.7916	-11.7471	40.9132	20.6685	20.2196	-2.5593	-0.1317	-0.0093	0.2810	-0.1088	0.1485	0.3583	-0.9153	0.0015	0.0095	0.0329	-3.4303	-0.9095	9.1420	0.10252943595027553	2	0	8	Tilt	Normal
-3.5620	-0.8039	9.3081	-17.7817	-11.8575	40.9348	20.6281	20.5539	-2.8750	-0.1193	0.0901	0.1692	-0.1083	0.1494	0.3586	-0.9151	-0.0006	0.0031	0.0233	-3.4427	-0.8939	9.1388	-0.11683976676790131	2	0	8	Tilt	Normal
-3.6003	-0.9954	9.3847	-17.8110	-11.9325	40.9444	21.2610	20.2840	-2.7860	-0.1454	-0.1073	0.2499	-0.1083	0.1501	0.3587	-0.9149	0.0068	0.0053	0.0254	-3.4548	-0.8881	9.1348	0.10202994936126863	3	0	9	Tilt	Normal
-3.4854	-0.8039	9.4230	-17.7858	-12.0414	40.9759	20.7058	19.9672	-3.0214	-0.0196	0.0664	0.2906	-0.1077	0.1509	0.3591	-0.9147	0.0036	0.0085	0.0275	-3.4658	-0.8703	9.1324	-0.021723144137157036	3	0	9	Tilt	Normal
-3.6009	-0.8811	9.3470	-17.7945	-12.2001	41.0312	20.6338	20.2329	-2.1990	-0.1145	-0.0317	0.2204	-0.1072	0.1522	0.3597	-0.9143	0.0057	0.0193	0.0386	-3.4864	-0.8493	9.1265	-0.023739254312713953	3	0	9	Tilt	Normal
-3.4854	-0.9571	9.3464	-17.7904	-12.2801	41.0388	20.6123	20.1977	-2.7999	0.0103	-0.1182	0.2224	-0.1069	0.1529	0.3598	-0.9142	0.0079	0.0193	0.0397	-3.4957	-0.8389	9.1240	-0.03436786109204171	3	0	9	Tilt	Normal
-3.5620	-0.9954	9.3847	-17.8257	-12.2990	41.2116	21.1242	20.1335	-2.9093	-0.0579	-0.1651	0.2632	-0.1069	0.1533	0.3612	-0.9136	0.0057	-0.0042	0.0439	-3.5041	-0.8303	9.1215	0.06624213829690184	3	0	9	Tilt	Normal
-3.6769	-0.8805	9.4230	-17.8274	-12.2519	41.4288	20.8121	20.1952	-2.3937	-0.1751	-0.0576	0.2999	-0.1068	0.1531	0.3629	-0.9129	0.0015	-0.0042	0.0439	-3.5018	-0.8229	9.1231	0.06603389333622545	3	0	9	Tilt	Normal
-3.6003	-0.9188	9.3847	-17.8460	-12.1971	41.6702	20.8119	20.3597	-2.1600	-0.0995	-0.1019	0.2607	-0.1068	0.1529	0.3648	-0.9122	0.0025	-0.0010	0.0450	-3.5008	-0.8169	9.1240	-0.05970662729075116	3	0	9	Tilt	Normal
-3.6392	-0.9194	9.3853	-17.8479	-12.1910	41.8337	20.6803	20.0504	-2.8091	-0.1366	-0.1116	0.2611	-0.1066	0.1531	0.3661	-0.9117	0.0111	0.0045	0.0549	-3.5026	-0.8077	9.1242	0.014552238311450694	3	0	9	Tilt	Normal
-3.5243	-0.9194	9.3853	-17.8735	-12.2104	42.0366	20.7521	19.6797	-2.6058	-0.0139	-0.1233	0.2632	-0.1065	0.1535	0.3677	-0.9110	0.0025	0.0141	0.0549	-3.5103	-0.7961	9.1221	-0.04079662332456202	3	0	9	Tilt	Normal
-3.5626	-0.8811	9.4236	-17.9100	-12.2361	42.2236	21.5867	20.2315	-2.5522	-0.0426	-0.0952	0.3042	-0.1065	0.1540	0.3693	-0.9103	0.0047	0.0066	0.0517	-3.5199	-0.7859	9.1194	0.0457307378768661	3	0	9	Tilt	Normal
-3.5237	-0.9571	9.3464	-17.9660	-12.2286	42.4272	21.2840	19.2157	-3.0865	0.0042	-0.1763	0.2297	-0.1067	0.1543	0.3709	-0.9095	0.0089	0.0194	0.0517	-3.5279	-0.7808	9.1167	-0.0786703061720253	4	0	10	Tilt	Normal
-3.5620	-0.8805	9.3847	-17.9954	-12.2007	42.6306	20.9160	20.0846	-2.6718	-0.0316	-0.1053	0.2684	-0.1067	0.1543	0.3725	-0.9089	0.0004	0.0077	0.0527	-3.5304	-0.7751	9.1162	0.04216712348798701	4	0	10	Tilt	Normal
-3.6769	-0.9954	9.3464	-18.0503	-12.1855	42.8096	20.7674	19.9114	-2.6126	-0.1398	-0.2231	0.2325	-0.1070	0.1545	0.3739	-0.9082	-0.0017	-0.0018	0.0602	-3.5371	-0.7723	9.1138	0.016356343009649166	4	0	10	Tilt	Normal
-3.5626	-0.8428	9.4619	-18.0152	-12.2012	43.0095	20.4997	19.4416	-2.9376	-0.0248	-0.0887	0.3467	-0.1064	0.1547	0.3755	-0.9076	0.0004	-0.0040	0.0613	-3.5377	-0.7540	9.1152	0.05259164268769467	4	0	10	Tilt	Normal
-3.6003	-0.9188	9.4613	-18.0044	-12.1477	43.1245	20.5771	19.7990	-2.5737	-0.0684	-0.1665	0.3437	-0.1063	0.1544	0.3763	-0.9073	-0.0007	0.0259	0.0570	-3.5319	-0.7522	9.1176	0.019328841658929008	4	0	10	Tilt	Normal
-3.5237	-0.9188	9.4613	-18.0023	-12.1476	43.2654	20.0969	19.6060	-2.8456	0.0099	-0.1755	0.3437	-0.1061	0.1545	0.3775	-0.9068	0.0068	-0.0029	0.0666	-3.5335	-0.7433	9.1176	-0.026878196653568054	4	0	10	Tilt	Normal
-3.5620	-0.9188	9.3464	-17.9156	-12.0778	43.4348	21.3125	20.1124	-2.2822	-0.0437	-0.1873	0.2219	-0.1054	0.1538	0.3787	-0.9065	0.0174	-0.0029	0.0645	-3.5183	-0.7314	9.1245	-0.0936280220033332	4	0	10	Tilt	Normal
-3.5620	-0.8805	9.4230	-17.8962	-12.0754	43.5649	20.8406	19.8872	-2.4246	-0.0444	-0.1591	0.2973	-0.1051	0.1539	0.3797	-0.9061	0.0004	0.0109	0.0591	-3.5175	-0.7214	9.1256	0.0679100326037112	4	0	10	Tilt	Normal
-3.5626	-0.9577	9.3853	-17.9668	-12.0807	43.7021	20.8504	20.3198	-2.1919	-0.0349	-0.2372	0.2635	-0.1054	0.1543	0.3808	-0.9055	0.0068	0.0046	0.0677	-3.5277	-0.7205	9.1218	-0.027871316688591108	4	0	10	Tilt	Normal
-3.6386	-0.8805	9.4613	-17.9204	-12.0264	43.8103	20.8587	20.3526	-2.3396	-0.1209	-0.1652	0.3353	-0.1051	0.1538	0.3816	-0.9053	0.0004	-0.0136	0.0602	-3.5177	-0.7153	9.1259	0.09071033562640451	4	0	10	Tilt	Normal
-3.5237	-0.8805	9.3847	-17.9035	-12.0320	43.9848	20.9406	19.8699	-2.4955	-0.0051	-0.1785	0.2580	-0.1047	0.1539	0.3830	-0.9048	0.0153	0.0195	0.0645	-3.5186	-0.7020	9.1267	-0.11199479240934629	5	0	11	Tilt	Normal
Total time: 11 seconds.
