-2.0297	9.0794	2.4894	52.8266	-60.3425	51.1423	15.9968	-11.6991	-23.2683	0.3060	0.0175	-0.4425	0.5412	0.2400	0.1325	-0.7949	0.3141	-0.8503	-0.0396	-2.3357	9.0619	2.9318	-0.34031466202784877	6	0	1	Upright	Normal
-2.2212	9.1943	2.9108	58.1491	-56.6738	49.3826	12.3155	-12.9124	-23.9960	-0.3608	-0.0048	0.0676	0.5619	0.1982	0.1118	-0.7953	0.2257	-0.7630	0.4249	-1.8604	9.1991	2.8431	0.2657469773868062	6	0	1	Upright	Normal
-1.4551	9.2709	3.5237	62.0426	-54.3980	49.9892	9.3688	-14.0856	-25.1183	-0.1909	-0.0783	0.8475	0.5810	0.1613	0.1086	-0.7903	0.2928	-0.7054	0.4496	-1.2641	9.3492	2.6761	0.12759237732317708	6	0	1	Upright	Normal
-0.6123	9.1560	3.4087	63.7813	-50.6270	49.2903	6.9601	-15.0464	-24.0693	0.1018	-0.2304	0.6604	0.5855	0.1308	0.1147	-0.7918	-0.1322	-0.0887	0.4442	-0.7141	9.3865	2.7484	-0.2350385522892502	6	0	1	Upright	Normal
-0.8805	11.3012	3.4854	61.8453	-53.2516	53.9828	4.7939	-15.7687	-25.2313	-0.4440	1.9037	0.7169	0.5838	0.1341	0.1428	-0.7879	0.0318	0.5068	0.3878	-0.4365	9.3975	2.7684	2.0700907257495444	6	0	1	Upright	Normal
-0.1149	11.8369	1.0337	58.0922	-56.4150	57.5948	6.6987	-14.8913	-24.7703	0.3753	2.4717	-1.8335	0.5740	0.1560	0.1700	-0.7857	-0.4230	1.0522	-0.0777	-0.4902	9.3652	2.8672	0.02331429424035747	0	0	1	Upright	Normal
2.2607	8.0834	-0.0389	53.3866	-64.0634	65.3991	10.1834	-13.4418	-24.0230	2.8017	-1.3681	-2.5968	0.5765	0.1930	0.2087	-0.7661	0.5176	1.6594	0.3196	-0.5409	9.4516	2.5579	-3.48883932017163	0	0	1	Upright	Normal
-0.6123	7.8919	3.0257	46.4798	-71.7722	77.0191	13.9279	-15.8827	-21.6518	-0.6874	-1.6842	0.9135	0.5855	0.2224	0.2825	-0.7265	-0.0907	0.8818	0.6870	0.0751	9.5761	2.1121	0.08052176617419171	0	0	1	Upright	Normal
-1.4934	8.9645	2.1063	44.1922	-72.3704	78.0872	14.5681	-17.1526	-20.4134	-1.5899	-0.6075	-0.0232	0.5804	0.2336	0.2986	-0.7207	-0.1130	0.7550	-0.0086	0.0965	9.5720	2.1295	0.854746305025424	0	0	1	Upright	Normal
0.0006	8.5048	3.9450	38.9362	-73.5396	78.6030	16.7452	-17.1995	-18.5647	0.1472	-1.0594	1.7837	0.5641	0.2676	0.3240	-0.7108	0.3471	0.6560	0.0841	-0.1466	9.5642	2.1614	0.04628030080509937	0	0	1	Upright	Normal
-1.3018	9.9605	4.0983	35.8066	-71.6717	77.3193	18.0121	-16.7720	-17.8837	-1.0184	0.4824	1.5974	0.5426	0.2793	0.3414	-0.7148	-0.3485	0.4951	-0.1567	-0.2834	9.4780	2.5009	1.473854747186735	0	0	2	Upright	Normal
-1.4934	11.4162	2.5277	34.6468	-70.4922	72.9059	20.0333	-15.6044	-17.2875	-0.5558	2.0336	-0.1662	0.5229	0.2986	0.3250	-0.7292	-0.2174	-0.1068	-0.6754	-0.9376	9.3826	2.6939	0.9385992207231038	0	0	2	Upright	Normal
-0.9577	10.8026	2.5283	35.5392	-68.6410	69.0135	20.5817	-13.8982	-17.6736	0.3750	1.5318	-0.3780	0.5119	0.2997	0.3038	-0.7456	-0.1844	-0.8418	-0.2898	-1.3327	9.2708	2.9063	-0.6518857276820835	0	0	2	Upright	Normal
-0.8045	9.8067	-0.3448	43.6542	-67.2041	66.5852	18.6899	-12.3026	-19.7827	0.3813	0.4682	-3.0938	0.5409	0.2594	0.2524	-0.7592	0.3802	-1.4415	-0.1641	-1.1857	9.3384	2.7490	-1.2900999751836029	0	0	2	Upright	Normal
-0.6895	8.4659	4.0606	48.8198	-67.0052	67.4915	15.5841	-12.8787	-21.7252	0.1028	-0.9776	1.5383	0.5658	0.2265	0.2321	-0.7581	0.0904	-1.3031	0.2503	-0.7923	9.4435	2.5223	-0.431047740195341	0	0	2	Upright	Normal
-0.9577	8.8490	2.5283	52.9211	-63.4079	65.4938	12.4592	-13.6719	-21.7958	-0.5070	-0.5830	-0.1182	0.5733	0.1906	0.2150	-0.7673	-0.2057	-0.6809	0.1107	-0.4507	9.4320	2.6465	-0.16183584093726466	0	0	2	Upright	Normal
-0.6506	10.2286	2.2978	55.0512	-58.4418	59.2280	9.6925	-12.3179	-22.9472	0.0102	0.8965	-0.6421	0.5646	0.1771	0.1863	-0.7843	-0.2973	0.2970	-0.4496	-0.6608	9.3321	2.9399	1.250886653164546	0	0	2	Upright	Normal
0.0389	11.7226	3.4087	50.2970	-55.9231	55.2451	11.9094	-9.6497	-23.6292	1.1962	2.6392	-0.1012	0.5294	0.2020	0.1942	-0.8008	-0.4625	0.3353	-0.3902	-1.1573	9.0835	3.5099	1.7045122869184226	0	0	2	Upright	Normal
1.3414	8.9645	0.6123	46.2852	-61.7348	59.2721	14.8987	-7.8242	-22.8981	2.8695	-0.1752	-2.5968	0.5265	0.2432	0.2150	-0.7857	0.2033	1.7500	-0.0962	-1.5281	9.1397	3.2091	-3.1232361056374813	0	0	2	Upright	Normal
-0.6889	8.3516	2.2978	41.5117	-69.0325	67.6737	19.0283	-8.6507	-20.0682	0.6384	-1.0027	-0.3298	0.5376	0.2775	0.2622	-0.7518	0.2821	0.2522	0.5036	-1.3273	9.3543	2.6276	-0.3956762382518715	0	0	3	Upright	Normal
-1.3018	9.8839	3.1406	37.1779	-71.7635	71.6844	20.2028	-9.8663	-19.0752	-0.1354	0.4589	0.6955	0.5347	0.2991	0.2982	-0.7319	-0.0737	1.5795	0.1787	-1.1664	9.4249	2.4451	1.7629640444531827	0	0	3	Upright	Normal
-1.5317	8.9262	4.0217	30.3468	-72.4669	73.2054	22.4247	-10.2854	-16.6511	-0.2587	-0.4573	1.4723	0.5096	0.3321	0.3400	-0.7172	-0.1024	0.6112	0.2181	-1.2730	9.3835	2.5494	-0.5427986908364169	0	0	3	Upright	Normal
-2.1446	9.0028	4.0600	25.9307	-72.4809	73.5743	24.1021	-11.1003	-14.7741	-0.7383	-0.3322	1.4052	0.4899	0.3530	0.3645	-0.7089	-0.0534	0.8040	0.0519	-1.4063	9.3350	2.6547	0.1966518641841244	0	0	3	Upright	Normal
-2.1063	13.2166	2.7958	22.2063	-69.5982	70.9917	25.6105	-9.6867	-13.6665	-0.3341	4.1056	-0.3692	0.4539	0.3641	0.3784	-0.7198	-1.1464	0.4014	-0.3230	-1.7722	9.1110	3.1650	3.5661874749455844	0	0	3	Upright	Normal
0.0389	9.3859	1.3018	18.4941	-69.2298	72.7541	27.0527	-8.4521	-12.6243	1.7038	0.3018	-1.9960	0.4390	0.3730	0.4083	-0.7081	-0.2079	-0.2090	0.4205	-1.6649	9.0841	3.2979	-4.196462885362555	0	0	3	Upright	Normal
0.0772	9.0411	0.8039	14.6865	-71.7129	80.2063	26.6687	-10.2853	-11.5889	0.8924	-0.2673	-2.1726	0.4535	0.3776	0.4605	-0.6631	-0.7682	2.1985	0.8179	-0.8152	9.3084	2.9764	-0.39873015685136437	0	0	3	Upright	Normal
-2.0680	8.4665	2.8724	8.3024	-74.7401	85.0255	27.3143	-13.1046	-7.8719	-1.6189	-0.9910	0.3184	0.4515	0.4074	0.5032	-0.6140	0.1564	-0.2474	0.6922	-0.4491	9.4575	2.5540	0.09944522216880536	0	0	3	Upright	Normal
-1.6855	9.5385	-0.4980	2.7185	-74.1135	86.6314	26.0266	-14.8368	-5.3788	-1.2583	0.1152	-3.1792	0.4271	0.4253	0.5369	-0.5903	-0.4657	2.2134	0.5665	-0.4272	9.4233	2.6812	0.5225240631848038	0	0	3	Upright	Normal
-1.3785	8.9645	2.6426	-15.6440	-72.4280	92.4977	27.3826	-16.7283	-0.6989	-0.9882	-0.4105	-0.2083	0.3469	0.4841	0.6330	-0.4947	-0.0033	2.0429	1.0470	-0.3903	9.3749	2.8509	-0.25206365011000287	0	0	3	Upright	Normal
-1.4934	11.3012	0.3059	-30.2948	-70.6308	100.3408	25.2528	-20.1900	4.9325	-1.5399	1.9055	-2.5024	0.2919	0.5211	0.7016	-0.3885	0.0126	2.8824	1.2302	0.0465	9.3957	2.8082	1.9565463760897153	0	0	4	Upright	Normal
-0.9960	10.3430	4.5203	-50.8703	-70.8396	106.5368	20.3459	-22.9752	13.7164	-1.2390	0.7521	2.4891	0.2101	0.5935	0.7387	-0.2406	1.0960	2.8706	1.0353	0.2430	9.5909	2.0312	-0.07205409156428288	0	0	4	Upright	Normal
1.0349	8.9645	1.8765	-63.5108	-61.3214	121.4738	13.7060	-24.5048	19.0662	0.1354	-0.5725	-0.2225	0.1570	0.6069	0.7693	-0.1234	-0.2611	1.2685	0.8819	0.8995	9.5370	2.0990	-2.114416648450783	0	0	4	Upright	Normal
0.8428	9.3087	2.4900	-70.0400	-50.1117	135.6104	9.0835	-25.3705	20.0642	-0.3992	-0.1791	0.3433	0.1247	0.6124	0.7787	-0.0552	0.3983	1.7819	0.7797	1.2420	9.4878	2.1467	0.4556821287489434	0	0	4	Upright	Normal
0.8817	9.4242	2.7192	-74.5026	-38.4518	145.6617	3.9338	-25.5112	22.2517	-0.7477	-0.0259	0.6672	-0.0817	-0.6235	-0.7769	0.0314	0.3301	1.0853	0.6881	1.6294	9.4501	2.0520	0.1754365407897378	0	0	4	Tilt	Normal
0.8817	8.6197	1.4551	-74.3703	-43.7787	134.2124	0.0213	-24.8671	23.2476	-0.9463	-0.8242	-0.4525	-0.0554	-0.6322	-0.7687	0.0800	0.4601	1.3143	0.5666	1.8280	9.4439	1.9076	-1.06218871090495	0	0	4	Tilt	Normal
1.8387	8.3893	1.2641	-75.4466	-54.7374	114.2399	-4.4063	-23.9489	24.5860	-0.1733	-1.1027	-0.1585	-0.0104	-0.6537	-0.7426	0.1451	0.8191	0.9351	0.3823	2.0120	9.4920	1.4226	-0.10504509142654328	0	0	4	Upright	Normal
2.6432	9.1171	1.3024	-75.4206	-72.5173	90.8873	-7.5913	-21.3363	26.2376	0.2888	-0.3736	0.5610	0.0127	-0.6797	-0.7084	0.1898	0.9842	0.5228	0.4026	2.3544	9.4908	0.7415	0.9004904640541156	0	0	4	Upright	Normal
1.3797	9.0411	0.6123	-74.8865	-90.7353	70.7437	-9.0301	-19.0572	26.9820	-1.1769	-0.4263	0.6452	0.0212	-0.7080	-0.6757	0.2044	1.2590	0.1787	0.3451	2.5566	9.4674	-0.0329	-0.41521347729105074	0	0	4	Upright	Normal
1.1115	7.8153	-2.7970	-71.6396	-113.9890	45.4501	-9.8711	-15.4025	28.5840	-1.7107	-1.4920	-1.5411	0.0314	-0.7504	-0.6233	0.2178	1.3655	0.5995	0.3727	2.8222	9.3073	-1.2559	-0.7914237604609156	0	0	4	Upright	Normal
0.8817	8.5431	-3.9079	-68.4039	-130.3185	26.5083	-12.0341	-12.0262	28.6415	-1.8703	-0.5751	-1.5724	0.0578	-0.7847	-0.5762	0.2212	0.9458	0.6464	0.0340	2.7520	9.1182	-2.3355	1.0609472673324358	0	1	5	PT	Normal
1.4174	9.3087	-3.0263	-62.3790	-146.0694	9.8193	-12.3801	-7.1667	28.7050	-1.1205	0.6196	0.7461	0.0805	-0.8282	-0.5149	0.2063	1.2462	0.3950	-0.2473	2.5379	8.6890	-3.7724	0.45460521140693366	0	1	5	PT	Normal
3.7930	8.9645	-3.9846	-58.7560	-149.5209	4.7421	-13.4108	-3.5015	28.7751	1.2131	0.5801	0.3992	0.0941	-0.8454	-0.4824	0.2093	0.8499	-0.1164	0.0436	2.5799	8.3843	-4.3838	0.6275276831594123	0	1	5	PT	Normal
2.4517	8.4659	-4.7118	-57.4174	-150.5109	5.4520	-12.9626	-1.7390	28.6667	-0.1478	0.2028	-0.1149	0.0818	-0.8530	-0.4746	0.2009	0.1693	-0.2623	0.1504	2.5995	8.2631	-4.5969	-0.5237304240162697	0	1	5	PT	Normal
2.7587	8.8113	-5.4785	-56.6355	-150.9429	5.0854	-13.0496	-2.0164	28.4076	0.1393	0.6210	-0.7640	0.0811	-0.8566	-0.4685	0.2003	0.0510	0.1468	-0.0307	2.6194	8.1903	-4.7145	0.7419128580126291	0	1	5	PT	Normal
3.1795	8.3127	-5.7461	-56.9507	-150.9960	3.5333	-13.4363	-1.1923	27.8625	0.5864	0.0928	-1.0686	0.0931	-0.8543	-0.4682	0.2058	-0.3697	0.4930	-0.4898	2.5931	8.2199	-4.6775	-0.1423136171978765	0	1	5	Tilt	Normal
2.1835	9.5768	-6.5122	-60.0768	-153.8110	-1.8712	-14.8867	-1.8893	26.8728	0.0245	1.0775	-2.1225	0.1272	-0.8412	-0.4843	0.2041	-0.4028	0.2043	-0.5932	2.1590	8.4993	-4.3898	1.1914591610145102	0	0	5	Tilt	Normal
2.9497	10.2663	-5.1332	-64.7572	-154.1315	-3.9360	-15.4108	-4.5462	26.8992	1.1250	1.3963	-1.3701	0.1481	-0.8185	-0.5151	0.2068	-1.0217	0.2096	-0.5729	1.8247	8.8701	-3.7631	0.06582551417300664	0	0	5	Tilt	Normal
1.6089	11.1091	-2.4517	-75.1466	-149.9927	-2.4832	-16.0536	-9.1426	25.7869	0.3518	1.6302	-0.2747	0.1744	-0.7620	-0.5844	0.2179	-1.3850	0.1457	-0.6466	1.2571	9.4789	-2.1769	-0.36142450595964704	0	0	5	Tilt	Normal
0.3831	9.1554	-0.4214	-83.0996	-145.3427	1.6784	-16.1025	-13.7258	24.4860	-0.2869	-0.5801	0.5478	0.1871	-0.7172	-0.6364	0.2136	-1.1368	-0.0301	-0.5646	0.6699	9.7356	-0.9692	-2.316529438811491	0	0	6	Tilt	Normal
0.4986	8.6580	0.1526	-88.3474	-104.8494	41.5986	-15.1106	-16.3160	23.3798	0.2257	-1.1444	0.2251	0.1954	-0.6823	-0.6716	0.2127	-1.1346	0.0477	-0.4357	0.2729	9.8025	-0.0724	-0.49940904261394614	0	0	6	Tilt	Normal
0.1915	9.7300	1.3408	-80.6128	2.6020	148.1633	-14.6785	-18.9362	21.4222	0.2643	0.0548	-0.2571	0.1940	-0.6172	-0.7291	0.2232	-1.8590	0.2959	-0.3590	-0.0727	9.6753	1.5978	1.1501259477317536	0	0	6	Tilt	Normal
-1.3018	9.5391	4.1366	-75.6751	11.1348	153.8928	-14.6096	-22.1310	18.4169	-0.8332	0.0374	1.7560	0.2125	-0.5775	-0.7523	0.2355	-0.1663	0.1841	-0.2642	-0.4687	9.5017	2.3806	0.6547632045305178	0	0	6	Tilt	Normal
-0.7655	8.8879	3.1406	-72.5033	12.1408	155.5552	-13.8558	-23.0094	16.8512	-0.1454	-0.4651	0.2583	0.2078	-0.5566	-0.7705	0.2309	-0.3431	0.0008	-0.0970	-0.6201	9.3529	2.8823	-1.0210857830210944	0	0	6	Tilt	Normal
-1.1103	8.6580	4.8261	-68.8450	13.9738	156.1628	-14.0522	-23.2224	15.6957	-0.2556	-0.4877	1.3918	0.2141	-0.5283	-0.7869	0.2364	-0.5828	0.2927	-0.2311	-0.8547	9.1457	3.4343	0.5167245086938745	0	0	6	Tilt	Normal
-1.6089	8.2361	3.8690	-65.6004	15.7064	158.8610	-13.8594	-23.9653	15.5068	-0.5122	-0.6946	-0.0307	0.2113	-0.5065	-0.8050	0.2255	-0.3975	0.0232	-0.2152	-1.0967	8.9307	3.8997	-0.7334865874537417	0	0	6	Tilt	Normal
-1.1492	8.7724	4.0606	-63.8576	17.6913	159.7088	-13.2182	-24.4272	13.6725	0.1639	-0.0310	-0.0558	0.2205	-0.4914	-0.8112	0.2278	-0.1013	0.1936	-0.0277	-1.3131	8.8033	4.1164	0.49395835887814066	0	0	6	Tilt	Normal
-1.4551	9.1943	3.6769	-63.9005	18.0169	159.4921	-13.8478	-24.3668	13.7065	-0.1206	0.3877	-0.4257	0.2238	-0.4907	-0.8099	0.2307	-0.0395	0.1702	-0.0490	-1.3345	8.8066	4.1026	0.2739120865067264	0	0	6	Tilt	Normal
-1.0720	9.0794	4.1749	-63.8446	18.0255	159.5713	-13.4526	-25.1014	13.2325	0.2658	0.2770	0.0643	0.2235	-0.4904	-0.8103	0.2302	-0.0949	-0.0716	0.0213	-1.3378	8.8024	4.1105	0.04199689727593103	0	0	6	Tilt	Normal
-1.4940	9.1171	4.2138	-64.2948	17.9960	159.2735	-13.9454	-24.3352	13.7819	-0.1799	0.2810	0.1685	0.2248	-0.4932	-0.8076	0.2323	0.0467	0.1223	0.0277	-1.3141	8.8361	4.0453	0.10369638916048807	1	0	7	Tilt	Normal
-1.4174	8.9639	3.9840	-64.1238	18.1729	159.5271	-13.3795	-24.3375	13.9561	-0.0825	0.1405	-0.0825	0.2249	-0.4920	-0.8086	0.2312	0.0222	-0.0077	-0.0117	-1.3349	8.8234	4.0664	-0.2430475276650057	1	0	7	Tilt	Normal
-1.4168	8.9262	3.9450	-64.0980	18.5749	159.9542	-13.5992	-24.6849	13.7750	-0.0521	0.1047	-0.1155	0.2258	-0.4919	-0.8088	0.2299	-0.0150	0.0402	-0.0331	-1.3647	8.8214	4.0606	-0.049835651966388284	1	0	7	Tilt	Normal
-1.4174	9.0405	4.0989	-64.1170	18.8804	160.4161	-14.1201	-24.3755	13.6890	-0.0320	0.2177	0.0483	0.2260	-0.4923	-0.8090	0.2280	-0.0182	-0.0194	-0.0213	-1.3853	8.8228	4.0505	0.1655862130139205	1	0	7	Tilt	Normal
-1.3408	8.9256	3.9073	-64.1739	19.0028	160.6638	-13.1880	-23.9136	13.6098	0.0504	0.0985	-0.1320	0.2259	-0.4930	-0.8090	0.2268	0.0041	-0.0066	-0.0149	-1.3912	8.8271	4.0393	-0.1917997335461621	1	0	7	Tilt	Normal
-1.2635	9.0028	4.0217	-64.1884	18.6885	160.6551	-13.3963	-24.1122	13.4748	0.1047	0.1746	-0.0230	0.2237	-0.4937	-0.8096	0.2255	-0.0054	-0.0503	-0.0096	-1.3683	8.8282	4.0447	0.1056749907070671	1	0	7	Tilt	Normal
-1.2252	8.9262	4.0600	-64.1492	18.6875	160.7116	-13.6917	-24.6145	13.4774	0.1448	0.1009	0.0094	0.2234	-0.4935	-0.8099	0.2251	-0.0363	0.0093	-0.0170	-1.3701	8.8253	4.0505	-0.05847423264809315	1	0	7	Tilt	Normal
-1.3402	8.8496	3.9834	-64.0689	18.6708	160.7425	-13.5483	-24.4655	14.0139	0.0328	0.0304	-0.0793	0.2231	-0.4930	-0.8103	0.2247	-0.0204	0.0232	-0.0021	-1.3729	8.8192	4.0627	-0.08550767872602094	1	0	7	Tilt	Normal
-1.3408	9.0788	4.0606	-64.0773	18.5295	160.7244	-13.6268	-24.9877	13.5091	0.0217	0.2589	-0.0042	0.2222	-0.4933	-0.8105	0.2243	-0.0150	0.0051	0.0064	-1.3625	8.8199	4.0648	0.23858972370286402	1	0	7	Tilt	Normal
-1.3402	8.9645	4.0983	-64.0118	18.3784	160.6008	-14.1958	-24.6198	13.0442	0.0148	0.1495	0.0204	0.2216	-0.4929	-0.8109	0.2245	-0.0236	0.0200	0.0011	-1.3550	8.8150	4.0779	-0.08789253008452391	1	0	7	Tilt	Normal
-1.2635	8.9645	4.0983	-64.0005	18.3579	160.6383	-13.9447	-24.2517	13.4926	0.0905	0.1504	0.0183	0.2213	-0.4929	-0.8110	0.2241	-0.0257	-0.0045	-0.0100	-1.3541	8.8141	4.0800	-0.010042867256178312	2	0	8	Tilt	Fall
-1.3402	8.9262	4.0600	-64.0956	18.2833	160.5955	-13.3250	-24.7595	13.5884	0.0039	0.1049	-0.0079	0.2210	-0.4937	-0.8107	0.2241	0.0233	0.0083	0.0028	-1.3440	8.8213	4.0679	-0.04023132553802533	2	0	8	Tilt	Normal
-1.3785	8.9645	4.0983	-64.0974	18.2667	160.6297	-13.9690	-24.7587	13.7993	-0.0356	0.1431	0.0302	0.2208	-0.4938	-0.8108	0.2238	0.0041	0.0072	-0.0089	-1.3428	8.8214	4.0680	0.05550656433072021	2	0	8	Tilt	Normal
-1.3785	8.9645	4.0600	-64.0779	18.3488	160.7352	-13.8544	-24.6610	13.1321	-0.0289	0.1445	-0.0090	0.2209	-0.4937	-0.8109	0.2234	0.0052	0.0157	-0.0046	-1.3496	8.8199	4.0689	-0.01570961980874408	2	0	8	Tilt	Normal
-1.3785	8.8879	4.1366	-64.0757	18.3577	160.7777	-13.2949	-24.3637	13.7062	-0.0281	0.0681	0.0675	0.2208	-0.4938	-0.8110	0.2232	-0.0066	0.0051	-0.0057	-1.3503	8.8198	4.0691	-0.03728575955446267	2	0	8	Tilt	Normal
-1.3402	8.9262	4.0217	-64.0815	18.3576	160.8022	-14.0765	-24.2921	13.7230	0.0099	0.1059	-0.0465	0.2207	-0.4938	-0.8110	0.2230	-0.0044	-0.0002	-0.0043	-1.3500	8.8202	4.0682	-0.018160601580492042	2	0	8	Tilt	Normal
-1.3402	8.8496	4.0600	-64.0618	18.3183	160.8025	-13.7200	-24.4989	13.6172	0.0081	0.0308	-0.0120	0.2204	-0.4938	-0.8112	0.2228	-0.0001	-0.0066	0.0031	-1.3482	8.8187	4.0719	-0.053379050443840725	2	0	8	Tilt	Normal
-1.3018	8.9262	4.0983	-64.0554	18.3441	160.8562	-13.5688	-24.2684	13.4456	0.0485	0.1079	0.0259	0.2203	-0.4938	-0.8112	0.2225	-0.0076	0.0104	-0.0118	-1.3503	8.8183	4.0724	0.07968272639129381	2	0	8	Tilt	Normal
-1.3402	8.8496	4.1749	-64.0639	18.3468	160.8679	-14.0042	-24.4040	12.7865	0.0100	0.0307	0.1038	0.2203	-0.4939	-0.8112	0.2225	-0.0161	0.0051	-0.0043	-1.3502	8.8189	4.0710	-0.03166390678007858	2	0	8	Tilt	Normal
-1.3785	8.9262	4.1366	-64.0508	18.3529	160.8876	-13.3078	-24.3765	13.4320	-0.0272	0.1083	0.0637	0.2202	-0.4938	-0.8113	0.2223	0.0052	0.0083	-0.0022	-1.3512	8.8178	4.0728	0.057919877745286286	2	0	8	Tilt	Normal
-1.3408	8.9256	4.0223	-64.0561	18.3526	160.9222	-13.3516	-24.6912	13.7037	0.0102	0.1073	-0.0497	0.2201	-0.4939	-0.8114	0.2221	-0.0012	0.0040	-0.0033	-1.3509	8.8183	4.0719	-0.05277593127921065	3	0	9	Tilt	Normal
-1.3791	8.9256	4.0606	-64.0626	18.3483	160.9566	-13.7845	-25.0422	13.7152	-0.0287	0.1068	-0.0106	0.2199	-0.4940	-0.8114	0.2218	-0.0065	-0.0002	-0.0033	-1.3503	8.8187	4.0712	0.02091343356680575	3	0	9	Tilt	Normal
-1.3018	8.8879	4.0983	-64.0588	18.3179	160.9740	-13.8612	-24.4207	13.7326	0.0465	0.0694	0.0259	0.2196	-0.4941	-0.8115	0.2216	0.0105	-0.0120	0.0020	-1.3484	8.8184	4.0724	-0.028883993582867973	3	0	9	Tilt	Normal
-1.3018	8.8879	4.2132	-64.0668	18.3077	160.9995	-13.6336	-24.2644	13.6427	0.0453	0.0688	0.1417	0.2194	-0.4942	-0.8115	0.2214	-0.0076	0.0051	-0.0087	-1.3472	8.8190	4.0715	0.04824364228944411	3	0	9	Tilt	Normal
-1.3791	8.8873	4.0989	-64.0637	18.3315	161.0316	-14.1076	-24.8146	13.1241	-0.0299	0.0684	0.0275	0.2195	-0.4942	-0.8116	0.2212	-0.0097	0.0019	-0.0044	-1.3491	8.8189	4.0713	-0.0380462689099641	3	0	9	Tilt	Normal
-1.3408	8.8490	4.1372	-64.0624	18.3318	161.0236	-13.8331	-24.1798	12.6768	0.0084	0.0302	0.0655	0.2195	-0.4942	-0.8116	0.2213	0.0030	0.0051	-0.0088	-1.3491	8.8187	4.0716	-0.023704923601494343	3	0	9	Tilt	Normal
-1.3791	8.9256	4.0606	-64.0673	18.3328	161.0288	-13.4797	-24.6993	13.4029	-0.0301	0.1064	-0.0103	0.2195	-0.4942	-0.8115	0.2213	-0.0023	0.0083	-0.0088	-1.3490	8.8192	4.0709	0.0423915438048823	3	0	9	Tilt	Normal
-1.3785	8.9645	4.0983	-64.0695	18.3468	161.0569	-13.5169	-24.3142	13.5749	-0.0286	0.1451	0.0281	0.2195	-0.4943	-0.8116	0.2211	-0.0172	0.0008	-0.0088	-1.3499	8.8193	4.0701	0.0504588317434429	3	0	9	Tilt	Normal
-1.3785	8.8879	4.0600	-64.0838	18.3646	161.1041	-13.7096	-24.9190	14.1114	-0.0280	0.0675	-0.0078	0.2194	-0.4944	-0.8115	0.2209	0.0073	-0.0045	-0.0014	-1.3505	8.8204	4.0677	-0.08475700648856588	3	0	9	Tilt	Normal
-1.4168	8.8113	4.1366	-64.0833	18.3617	161.1206	-14.2620	-23.9975	13.5681	-0.0666	-0.0091	0.0687	0.2193	-0.4945	-0.8116	0.2207	0.0062	-0.0141	-0.0088	-1.3502	8.8204	4.0679	-0.03150733047244891	4	0	10	Tilt	Normal
-1.4551	8.9645	4.1366	-64.0862	18.3839	161.1472	-13.8700	-24.8056	13.6408	-0.1034	0.1440	0.0697	0.2194	-0.4945	-0.8116	0.2207	-0.0033	-0.0088	0.0001	-1.3517	8.8205	4.0669	0.14297724157514047	4	0	10	Tilt	Normal
-1.3785	8.8496	4.0983	-64.0975	18.3854	161.1590	-13.8891	-24.6517	13.4720	-0.0272	0.0281	0.0331	0.2193	-0.4946	-0.8116	0.2206	-0.0093	-0.0040	-0.0033	-1.3512	8.8214	4.0652	-0.13007733611951267	4	0	10	Tilt	Normal
-1.3785	8.8879	4.0983	-64.1013	18.3882	161.1604	-13.6131	-24.8081	12.9025	-0.0272	0.0661	0.0337	0.2193	-0.4946	-0.8115	0.2206	-0.0040	0.0067	-0.0033	-1.3512	8.8217	4.0646	0.034426790607508195	4	0	10	Tilt	Normal
-1.3402	8.8496	4.0217	-64.1061	18.4136	161.1929	-13.8003	-24.7402	13.7586	0.0127	0.0275	-0.0416	0.2194	-0.4947	-0.8115	0.2205	0.0003	-0.0135	0.0117	-1.3529	8.8220	4.0633	-0.07135689592396233	4	0	10	Tilt	Normal
-1.3791	8.9639	4.0606	-64.1218	18.4284	161.1829	-13.8877	-24.8492	13.0906	-0.0259	0.1407	0.0000	0.2195	-0.4947	-0.8114	0.2206	0.0003	0.0184	0.0085	-1.3532	8.8232	4.0606	0.1243712755939903	4	0	10	Tilt	Normal
-1.4168	8.8879	4.0217	-64.1002	18.4424	161.2289	-13.3875	-24.5924	13.5068	-0.0617	0.0663	-0.0417	0.2194	-0.4946	-0.8116	0.2203	-0.0008	-0.0040	0.0074	-1.3551	8.8216	4.0634	-0.07909790240821124	4	0	10	Tilt	Normal
-1.4551	8.8496	4.0983	-64.0936	18.4718	161.2739	-13.6367	-24.6589	13.4006	-0.0976	0.0284	0.0346	0.2194	-0.4946	-0.8116	0.2201	0.0099	0.0046	0.0063	-1.3575	8.8211	4.0637	0.0026691549452753094	4	0	10	Tilt	Normal
-1.3408	8.9256	3.9840	-64.1008	18.4776	161.2886	-14.1811	-24.5497	13.6471	0.0169	0.1040	-0.0786	0.2194	-0.4947	-0.8116	0.2201	-0.0008	-0.0061	0.0042	-1.3577	8.8216	4.0625	0.005451611620802765	4	0	10	Tilt	Normal
-1.3408	8.8873	4.0989	-64.1047	18.4750	161.2857	-14.1172	-24.7731	13.7347	0.0165	0.0654	0.0368	0.2194	-0.4947	-0.8116	0.2201	0.0099	-0.0018	0.0085	-1.3572	8.8219	4.0621	0.012483638808797437	4	0	10	Tilt	Normal
-1.3791	8.8873	4.0223	-64.1042	18.4889	161.3054	-13.9294	-24.8987	13.5676	-0.0208	0.0654	-0.0395	0.2194	-0.4947	-0.8116	0.2200	-0.0040	0.0024	0.0117	-1.3583	8.8219	4.0618	-0.026249265586358206	5	0	11	Tilt	Normal
Total time: 11 seconds.
