7.5082	-5.5929	-0.3448	-29.4980	-92.4643	-143.9147	-36.1880	-4.8901	15.5927	-0.2873	0.3457	0.0223	-0.7186	0.0489	-0.5791	-0.3820	0.0134	-0.0199	0.0028	7.7955	-5.9385	-0.3671	0.018555194129092456	6	0	1	Upright	Normal
7.7764	-5.7461	-0.3831	-29.7997	-92.9222	-143.9742	-35.8002	-5.5312	16.1217	0.0018	0.2152	0.0509	-0.7210	0.0482	-0.5754	-0.3831	-0.0143	-0.1040	0.0955	7.7746	-5.9613	-0.4339	0.3079153740437661	6	0	1	Upright	Normal
7.8913	-6.1675	-0.3448	-30.2557	-93.6109	-143.5497	-35.1804	-5.0054	16.7556	0.2037	-0.1022	0.1888	-0.7243	0.0504	-0.5681	-0.3874	0.0134	-0.2106	0.2095	7.6876	-6.0653	-0.5336	0.3448426495662442	6	0	1	Upright	Normal
6.8193	-6.0142	-0.4220	-30.5863	-92.7506	-142.6533	-34.8364	-4.9423	17.1579	-0.8224	0.1185	-0.0168	-0.7197	0.0512	-0.5693	-0.3940	0.0592	0.1474	0.0231	7.6417	-6.1327	-0.4052	-0.9191728051711632	6	0	1	Upright	Normal
7.1257	-5.7838	-0.4220	-30.6697	-92.0261	-142.2849	-35.3291	-4.1599	16.0746	-0.5188	0.3515	-0.1238	-0.7160	0.0505	-0.5723	-0.3965	0.0848	0.0866	0.0028	7.6445	-6.1353	-0.2982	0.08499305003569013	0	0	1	Upright	Normal
7.0868	-3.5243	0.0000	-30.4585	-92.8619	-141.8680	-35.4833	-4.3474	15.7475	-0.4640	2.7189	0.4221	-0.7199	0.0572	-0.5664	-0.3971	-0.2688	-0.4491	0.4150	7.5509	-6.2432	-0.4221	0.08499305003569013	0	0	1	Upright	Normal
6.7804	-6.3973	-0.6129	-31.0540	-93.2190	-140.9257	-34.9511	-3.5224	15.8181	-0.6416	-0.0051	-0.1411	-0.7214	0.0608	-0.5587	-0.4047	0.1413	0.0750	-0.1282	7.4220	-6.3922	-0.4718	0.15482892076704147	0	0	1	Upright	Normal
8.0451	-7.6225	-0.6518	-31.4566	-90.6574	-140.6067	-35.2699	-3.8829	16.2583	0.5043	-1.3538	-0.5558	-0.7087	0.0513	-0.5721	-0.4096	0.4758	0.5533	-0.1219	7.5408	-6.2688	-0.0961	1.7597417940547313	0	0	1	Upright	Normal
7.5471	-9.2698	0.1143	-30.2675	-88.0432	-139.0859	-35.9073	-3.7726	14.6354	0.0302	-2.9782	-0.1748	-0.6941	0.0586	-0.5870	-0.4126	-0.2337	0.1911	-0.0494	7.5169	-6.2915	0.2891	0.8522737038535393	0	0	1	Upright	Normal
5.2487	-2.4511	1.7998	-28.2828	-85.4647	-138.7554	-37.3931	-4.2099	13.5442	-2.3441	3.7177	1.1170	-0.6791	0.0638	-0.6082	-0.4060	0.0689	0.5214	-1.1115	7.5928	-6.1688	0.6828	-5.888147041076877	0	0	1	Upright	Normal
10.9948	-4.2898	-6.2447	-19.3990	-92.2615	-149.2356	-37.6665	-9.0427	11.7036	2.6405	0.8330	-5.8796	-0.7161	0.0759	-0.6264	-0.2983	-1.7080	0.4084	-0.5724	8.3543	-5.1228	-0.3651	7.28634098938007	0	1	2	Jump	Normal
8.2367	-4.1366	-0.6518	-19.2775	-92.4525	-149.2373	-37.9194	-12.5441	10.4419	-0.1115	0.9939	-0.2556	-0.7171	0.0771	-0.6255	-0.2975	0.2446	-0.3075	0.2447	8.3481	-5.1305	-0.3962	-4.112209237546585	0	1	2	Jump	Normal
7.5088	-3.8301	-1.6095	-20.4466	-92.6738	-148.0660	-37.3469	-11.3658	10.8118	-0.7201	1.4871	-1.1808	-0.7182	0.0780	-0.6179	-0.3103	0.7080	-0.2191	0.4748	8.2289	-5.3172	-0.4287	-0.6585990873761052	0	1	2	PT	Normal
7.5854	-9.1165	-0.4986	-22.6247	-87.5561	-142.2802	-37.7769	-8.8906	10.7981	-0.2631	-3.2494	-0.8845	-0.6878	0.0853	-0.6261	-0.3573	0.3500	1.5067	0.5408	7.8485	-5.8671	0.3859	3.28851849978156	0	1	2	PT	Normal
5.8233	-7.2012	2.4128	-18.9918	-69.0081	-127.6587	-41.7056	-5.6809	2.6483	-0.6755	-0.6512	-0.9090	-0.5614	0.1244	-0.6883	-0.4424	1.4441	3.1355	2.3880	6.4988	-6.5499	3.3218	-2.2997727281437115	0	1	2	PT	Normal
10.4968	-0.8422	5.1709	-12.9281	-55.9112	-119.0309	-42.6348	1.9668	-8.3192	5.4805	5.6623	-0.1861	-0.4519	0.1506	-0.7296	-0.4907	0.8252	1.6975	-0.4968	5.0163	-6.5044	5.3570	2.161344013673615	0	1	2	PT	Normal
7.2407	-1.6849	7.3544	-13.4081	-54.0905	-136.8700	-42.0565	-2.5391	-12.0024	0.5323	2.7720	1.7596	-0.4582	0.0693	-0.8031	-0.3745	0.5003	-0.2254	-3.9706	6.7084	-4.4570	5.5948	-1.2743573483850952	0	1	2	PT	Normal
4.9805	-3.0257	7.7758	-11.0702	-45.9121	-159.0251	-37.4450	-17.3887	-12.4231	-2.0654	-1.7274	1.0798	-0.3979	-0.0167	-0.8944	-0.2038	0.6867	1.9233	-4.3040	7.0460	-1.2983	6.6960	-0.74007194985872	0	1	2	PT	Normal
4.0606	-1.2641	7.4316	-5.4171	-31.2785	-175.2842	-26.1920	-28.4732	-17.4693	-1.0787	-1.6340	-0.9122	-0.2709	-0.0344	-0.9606	-0.0523	-0.7183	2.4431	-2.2832	5.1393	0.3699	8.3438	-1.1547421890412206	0	1	2	PT	Normal
2.4140	0.5369	9.5379	-6.6801	-17.9594	-174.5368	-12.9077	-30.9138	-22.8677	-0.5893	-0.6038	0.2725	0.1584	0.0501	0.9845	0.0561	0.0380	1.2713	-1.6100	3.0032	1.1407	9.2654	1.2908597042038643	0	1	2	PT	Normal
2.1458	0.5752	8.1205	-10.3176	-7.6230	-166.7409	-4.7825	-31.9446	-22.9140	0.8660	-1.1811	-1.4422	0.0761	0.0815	0.9864	0.1207	1.2822	1.4556	-1.5916	1.2799	1.7563	9.5627	-1.4343863673050308	0	2	3	PT	Normal
2.1458	1.8777	8.7334	-10.0549	-8.7784	-162.8418	0.1552	-32.4166	-21.9163	0.6723	0.1655	-0.8094	0.0884	0.0750	0.9811	0.1548	-0.7578	0.2572	-0.3601	1.4735	1.7122	9.5428	0.7681861294727064	0	2	3	PT	Normal
1.1492	0.8811	10.0748	-5.5298	-7.2298	-160.9894	1.5209	-31.3680	-24.0400	-0.0792	-0.0639	0.3915	0.0701	0.0371	0.9827	0.1676	-0.6342	0.3509	0.1640	1.2284	0.9450	9.6833	0.9912557807215308	0	2	3	PT	Normal
1.2641	1.4557	9.2703	-4.8373	-6.2482	-162.8469	1.5845	-29.9810	-24.9393	0.2007	0.6288	-0.4432	0.0601	0.0335	0.9861	0.1511	-0.1016	0.0601	0.0425	1.0635	0.8269	9.7136	-0.709681599185453	0	2	3	PT	Normal
-0.1149	0.5363	10.3046	-1.7501	-3.1352	-165.6885	1.9472	-29.2740	-25.3761	-0.6509	0.2369	0.5173	0.0290	0.0117	0.9917	0.1249	-0.2880	0.1879	0.4633	0.5360	0.2994	9.7873	0.8505284822370314	0	2	3	PT	Normal
0.1149	0.8428	9.7683	-3.2015	-2.8167	-169.3026	1.1441	-28.8561	-25.7341	-0.3662	0.2952	-0.0111	0.0271	0.0255	0.9949	0.0938	-0.0398	0.2423	0.3333	0.4811	0.5475	9.7794	-0.5139219323292128	0	2	3	PT	Normal
0.4603	1.4180	9.4996	-4.6226	-2.8106	-172.1989	0.3053	-29.4626	-25.2432	-0.0190	0.6277	-0.2634	0.0272	0.0386	0.9965	0.0689	0.3927	-0.2797	0.2193	0.4793	0.7902	9.7630	-0.18939117501761515	0	2	3	Tilt	Normal
0.0006	0.8817	10.6871	-4.4087	-2.5405	-173.8811	-0.5661	-29.6403	-24.8030	-0.4328	0.1279	0.9192	0.0242	0.0372	0.9975	0.0542	0.0997	0.0058	-0.0726	0.4334	0.7537	9.7679	1.1075367464469608	0	0	3	Tilt	Normal
0.1538	1.2264	10.0742	-5.6585	-2.6156	-174.8010	-1.1255	-30.0537	-24.9154	-0.2915	0.2596	0.3256	0.0250	0.0483	0.9974	0.0464	0.2116	-0.1412	-0.0257	0.4453	0.9668	9.7486	-0.5736700243382042	0	0	3	Tilt	Normal
0.3071	1.2647	9.8444	-6.7855	-3.0170	-175.5660	-1.3671	-31.1375	-23.8312	-0.2055	0.1061	0.1200	0.0285	0.0581	0.9971	0.0402	0.2372	-0.2137	-0.0950	0.5125	1.1586	9.7243	-0.21968424770407324	0	0	4	Tilt	Normal
0.4214	1.3408	9.7300	-7.9901	-3.2035	-175.7123	-1.8682	-31.4391	-23.9324	-0.1212	-0.0223	0.0338	0.0305	0.0686	0.9964	0.0392	0.1200	0.0228	-0.1066	0.5426	1.3630	9.6962	-0.09907284271235461	0	0	4	Lying	Normal
0.0772	1.3797	10.3424	-7.8709	-1.9493	-175.9803	-0.7037	-31.5730	-22.7805	-0.2532	0.0368	0.6337	0.0194	0.0680	0.9968	0.0361	-0.0259	-0.0741	0.0212	0.3304	1.3428	9.7086	0.6033245917825916	0	0	4	Lying	Normal
2.2224	2.2990	13.6751	-9.1865	-4.5841	-176.2540	-1.1239	-31.1871	-22.3417	1.4488	0.7335	4.0253	0.0425	0.0787	0.9954	0.0358	0.2393	-0.3319	-0.2526	0.7736	1.5655	9.6498	3.6096537457100286	0	0	4	Lying	Normal
4.8273	3.1801	12.4493	-21.8939	-18.3807	-175.1067	-3.7664	-32.6443	-19.5387	1.9582	-0.4766	3.8143	0.1647	0.1806	0.9670	0.0717	3.1837	-1.2917	-1.3050	2.8692	3.6567	8.6350	-0.3180389415464884	0	0	4	Upright	Normal
2.6438	3.8313	8.2355	-38.3359	-22.3073	-171.3167	-0.8171	-36.9005	-7.4394	-0.2759	-2.2514	1.1190	0.2066	0.3074	0.9193	0.1335	1.2076	-1.9788	-2.1487	2.9197	6.0828	7.1165	-4.265900376777825	0	0	4	Upright	Normal
1.8004	4.0989	6.3590	-50.7454	-18.4905	-162.5670	6.3728	-37.0711	-0.8402	-0.1674	-3.4948	0.4741	0.2076	0.3961	0.8711	0.2032	2.3496	-1.3801	-2.2982	1.9679	7.5937	5.8849	-1.6831772877658162	0	0	4	Upright	Normal
0.5746	5.4013	4.9033	-68.9409	-5.7984	-131.8315	18.1509	-31.0946	5.3349	0.2188	-3.7502	1.3976	0.2687	0.4990	0.7400	0.3621	2.6521	-2.7809	-4.0015	0.3558	9.1515	3.5057	-0.4592928898116222	0	0	4	Upright	Normal
-4.3281	8.0834	0.5357	-73.2041	45.3771	-63.8812	30.3496	-21.6411	5.8640	-2.3112	-1.3048	-1.4548	0.3030	0.5538	0.5870	0.5069	1.9895	-1.4376	-2.7658	-2.0170	9.3883	1.9905	1.8672611586596002	0	0	4	Upright	Normal
-7.8530	6.4739	1.3791	-52.5760	78.2510	-5.0497	41.9671	-4.0295	-0.3360	-2.0182	-1.3141	0.1656	0.3183	0.5803	0.3098	0.6825	2.4103	-2.2078	-4.2721	-5.8348	7.7880	1.2134	1.0856748626759885	0	0	4	Upright	Normal
-9.1548	5.8616	0.1143	-37.1700	84.4978	12.9406	42.8431	10.5368	-8.0356	-1.3764	-0.0634	-0.6349	0.3062	0.6066	0.1339	0.7213	1.0755	-0.3521	-2.0297	-7.7785	5.9251	0.7492	0.600657571799065	0	1	5	PT	Normal
-9.6911	5.1338	-0.9966	-30.8016	91.3904	22.9142	40.8359	15.8985	-10.1628	-1.2701	0.1122	-0.7922	0.3188	0.6393	0.0525	0.6977	0.8997	0.5799	-0.3351	-8.4210	5.0215	-0.2044	0.14096382138164643	0	1	5	Upright	Normal
-8.8867	4.5592	-0.4220	-30.7997	92.9758	19.6463	40.8255	16.8984	-7.6941	-0.4745	-0.4622	0.0154	0.2994	0.6577	0.0765	0.6869	-0.7546	-0.0443	0.0399	-8.4122	5.0214	-0.4374	-1.0152181804617406	0	0	5	Upright	Normal
-8.6574	4.8267	-0.5363	-30.1465	93.8466	19.2946	41.2673	16.3212	-7.4769	-0.1962	-0.0983	0.0326	0.2933	0.6656	0.0768	0.6820	0.0848	0.0345	-0.2062	-8.4613	4.9250	-0.5689	-0.07039911252979181	0	0	5	Upright	Normal
-8.7718	4.4825	-0.2304	-29.0230	95.4396	18.7197	40.8981	17.6760	-7.0454	-0.2352	-0.2753	0.5825	0.2828	0.6793	0.0770	0.6728	-0.1495	0.5661	0.0793	-8.5365	4.7579	-0.8130	-0.07304688009670102	0	0	5	Upright	Normal
-8.9250	4.6358	-1.1881	-28.3418	95.1744	18.2350	40.9274	18.2068	-5.9287	-0.3289	-0.0198	-0.4097	0.2765	0.6806	0.0748	0.6743	0.2510	-0.3991	-0.1838	-8.5961	4.6555	-0.7784	0.2736405712335799	0	0	5	Upright	Normal
-9.3464	4.8273	-0.4603	-28.1625	95.0925	16.5980	40.8417	17.4832	-6.6498	-0.7347	0.1989	0.3072	0.2658	0.6845	0.0831	0.6738	-0.1953	-0.2638	-0.1120	-8.6116	4.6284	-0.7675	0.4023926683438077	0	0	5	Upright	Normal
-8.9250	4.5592	-0.5369	-28.0652	94.2993	16.5729	40.6223	17.8858	-6.7960	-0.2958	-0.0546	0.1119	0.2657	0.6801	0.0808	0.6785	0.0007	0.0377	0.0062	-8.6292	4.6138	-0.6488	-0.4930344257418362	0	0	5	Upright	Normal
-8.9633	4.6358	-0.7284	-27.8164	94.1196	17.1273	40.3135	18.2959	-6.7688	-0.3121	0.0597	-0.1053	0.2677	0.6783	0.0755	0.6801	0.1743	0.0441	0.0297	-8.6511	4.5761	-0.6231	0.08096500303544296	0	0	5	Upright	Normal
-9.0782	4.8656	-0.8051	-27.6295	94.2869	17.5722	39.9080	18.4901	-6.9340	-0.4140	0.3178	-0.1555	0.2692	0.6787	0.0721	0.6795	0.0007	-0.1274	-0.0449	-8.6642	4.5478	-0.6496	0.21390202685861226	1	0	6	Upright	Normal
-8.9250	4.5592	-0.7667	-27.3998	94.5445	17.5586	39.8132	18.5574	-7.0038	-0.2457	0.0462	-0.0768	0.2677	0.6808	0.0713	0.6780	-0.0664	0.0292	0.0243	-8.6793	4.5129	-0.6900	-0.27995412994477853	1	0	6	Upright	Normal
-8.8101	4.5592	-0.5752	-27.5595	94.4689	17.5199	40.4682	17.8617	-7.4719	-0.1426	0.0220	0.1022	0.2684	0.6801	0.0724	0.6784	0.0284	-0.0176	0.0397	-8.6675	4.5372	-0.6774	-0.11480679072708355	1	0	6	Upright	Normal
-9.1165	4.8273	-0.8434	-27.6191	94.8592	17.5488	40.5624	18.1740	-7.2876	-0.4585	0.2810	-0.1073	0.2687	0.6822	0.0735	0.6761	0.0199	0.1390	0.0333	-8.6580	4.5463	-0.7361	0.4135578961832973	1	0	6	Upright	Normal
-8.9633	4.7124	-0.6518	-27.7317	94.6218	17.3981	40.4457	17.6837	-6.8347	-0.3112	0.1490	0.0477	0.2686	0.6808	0.0746	0.6773	0.0146	-0.0507	-0.0103	-8.6520	4.5633	-0.6996	-0.2025805011815276	0	0	6	Upright	Normal
-9.0016	4.6358	-0.8051	-27.5104	94.7534	17.4475	40.5766	17.5880	-7.0900	-0.3337	0.1059	-0.0842	0.2676	0.6820	0.0732	0.6767	0.0082	0.0282	-0.0359	-8.6679	4.5298	-0.7208	0.009620195972480872	0	0	6	Upright	Normal
-8.6957	4.6352	-0.6895	-27.5343	94.5757	17.5282	40.1176	18.0792	-7.5009	-0.0275	0.1018	0.0042	0.2683	0.6807	0.0724	0.6778	0.0337	-0.0613	-0.0380	-8.6682	4.5334	-0.6937	-0.27910651671993136	0	0	6	Upright	Normal
-9.0022	4.6735	-0.6895	-27.4326	94.7021	17.6402	39.9099	17.5491	-7.2018	-0.3276	0.1556	0.0241	0.2683	0.6815	0.0714	0.6771	0.0199	-0.0656	-0.0206	-8.6746	4.5179	-0.7136	0.2884053743399093	0	0	6	Upright	Normal
-8.8490	4.6352	-0.6512	-27.5085	94.8885	17.7436	40.3848	18.1825	-7.6145	-0.1826	0.1056	0.0901	0.2692	0.6821	0.0717	0.6761	0.0028	0.0143	0.0583	-8.6664	4.5295	-0.7413	-0.15575444835191377	0	0	6	Upright	Normal
-9.1554	4.5969	-0.6895	-27.3639	95.0139	17.9181	40.3888	18.1429	-7.1623	-0.4794	0.0893	0.0717	0.2694	0.6828	0.0701	0.6755	0.0710	-0.0208	0.0604	-8.6760	4.5075	-0.7612	0.25713480411660505	0	0	6	Upright	Normal
-8.9250	4.6741	-0.6135	-27.3203	94.9272	17.9299	40.7375	17.9580	-7.3252	-0.2444	0.1733	0.1348	0.2693	0.6824	0.0695	0.6760	0.0263	0.0527	-0.0376	-8.6806	4.5008	-0.7483	-0.1743024506976969	1	0	7	Upright	Normal
-9.1165	4.4825	-0.8434	-27.1604	95.1903	18.2737	40.7648	17.9922	-7.3354	-0.4269	0.0060	-0.0540	0.2703	0.6835	0.0671	0.6747	0.1147	-0.0016	-0.0376	-8.6896	4.4766	-0.7893	0.10033233606992198	1	0	7	Upright	Normal
-9.0016	4.7507	-1.0349	-27.0837	95.2542	18.4300	40.5694	18.2020	-7.3987	-0.3069	0.2858	-0.2352	0.2708	0.6837	0.0658	0.6745	-0.0313	0.0740	0.0244	-8.6947	4.4649	-0.7997	0.03692964506109142	1	0	7	Upright	Normal
-9.1548	4.4825	-0.7667	-26.9778	95.1682	18.5398	40.8106	17.9823	-7.0487	-0.4509	0.0338	0.0205	0.2709	0.6832	0.0643	0.6751	0.0284	0.0207	0.0234	-8.7040	4.4487	-0.7872	-0.008701429178104902	1	0	7	Upright	Normal
-8.9633	4.5209	-0.6135	-27.2011	95.0577	18.5619	40.1201	18.0963	-7.2336	-0.2750	0.0382	0.1555	0.2723	0.6819	0.0653	0.6757	0.0305	-0.0155	0.0628	-8.6883	4.4827	-0.7690	-0.1644672687341604	1	0	7	Upright	Normal
-8.9633	4.5209	-0.8434	-27.2382	95.0261	19.0580	40.3014	17.5972	-8.1562	-0.2776	0.0325	-0.0795	0.2755	0.6805	0.0626	0.6761	0.0646	-0.0358	0.0361	-8.6857	4.4884	-0.7639	0.016637366100908935	1	0	7	Upright	Normal
-9.0788	4.7118	-0.8811	-27.4386	95.1399	19.1141	40.0269	17.6336	-8.2140	-0.4103	0.1929	-0.1013	0.2768	0.6805	0.0638	0.6754	0.0156	0.0026	0.0276	-8.6685	4.5189	-0.7798	0.1922937764341217	1	0	7	Upright	Normal
-9.0399	4.4059	-0.5752	-27.2898	94.9283	19.0549	39.9518	17.9592	-8.5430	-0.3569	-0.0904	0.1736	0.2758	0.6798	0.0627	0.6767	-0.0099	0.0240	-0.0475	-8.6830	4.4963	-0.7488	-0.19368365235169627	1	0	7	Upright	Normal
-9.0782	4.1378	-0.5752	-27.4108	94.7883	18.9461	40.3166	17.4797	-8.3832	-0.4030	-0.3769	0.1516	0.2759	0.6789	0.0638	0.6774	-0.0845	-0.0048	0.0921	-8.6752	4.5147	-0.7268	-0.0795683673769485	1	0	7	Upright	Normal
-8.9250	4.1378	-0.4220	-29.9518	94.8672	17.4551	40.5667	16.5746	-7.6453	-0.4586	-0.7584	0.2990	0.2807	0.6767	0.0890	0.6748	-0.1921	0.0399	0.6428	-8.4663	4.8961	-0.7210	-0.14671786899863903	1	0	7	Upright	Normal
-8.3504	3.7547	-0.3071	-37.5622	95.1855	13.4083	41.4542	13.4742	-6.6669	-0.6086	-2.2236	0.3956	0.2973	0.6689	0.1616	0.6619	-1.4470	1.0668	2.1576	-7.7418	5.9783	-0.7027	-0.6857233797339415	1	0	8	Upright	Normal
-7.5076	4.5592	-0.4220	-53.6109	94.0421	4.3127	42.7032	4.7390	-2.2923	-1.7041	-3.3353	-0.0118	0.3318	0.6410	0.3068	0.6205	-1.5769	1.2117	3.4317	-5.8035	7.8944	-0.4102	-0.36719566044329177	0	0	8	Tilt	Normal
-3.3321	6.7044	0.9188	-76.7558	68.3442	-32.1121	38.3212	-10.9806	1.3959	-1.2439	-2.8413	0.0898	0.3718	0.5652	0.5145	0.5268	-2.5687	1.7528	4.6957	-2.0882	9.5457	0.8290	-1.2507112696281117	0	0	8	Tilt	Normal
2.2224	5.8616	4.3664	-63.3075	-29.9111	-151.1802	23.8288	-28.2652	1.6408	0.0259	-2.8998	0.5481	0.3389	0.4364	0.7628	0.3358	-4.0846	3.4977	4.9034	2.1965	8.7614	3.8183	0.09661109493477671	0	0	8	Tilt	Normal
5.2098	3.8307	10.0365	-35.1370	-24.4698	-167.9053	5.9868	-36.6532	-5.8128	1.8880	-1.8133	2.7372	0.2320	0.2721	0.9198	0.1618	-2.6284	2.7148	3.1628	3.3218	5.6440	7.2993	4.2997712445222	0	0	8	Tilt	Normal
3.0646	2.8347	10.4196	-23.2705	-13.6090	-175.4147	-2.9025	-35.3341	-15.2424	0.9450	-1.0395	1.6637	0.1240	0.1955	0.9708	0.0628	-0.5042	2.9033	1.1462	2.1196	3.8743	8.7559	-0.7145651388884282	0	0	8	Tilt	Normal
2.3750	2.3750	12.6797	-11.7829	-8.4388	-179.6376	-4.1997	-32.6326	-20.3426	0.9664	0.3726	3.1837	0.0735	0.1021	0.9920	0.0107	-1.2190	0.2838	0.7510	1.4087	2.0025	9.4960	1.8922482299785592	0	0	8	Tilt	Normal
2.4134	2.4517	12.0285	-10.8563	-10.5170	179.4272	-4.8989	-30.8971	-23.4726	0.6416	0.6179	2.5593	-0.0908	-0.0947	-0.9914	-0.0037	0.2351	0.0750	0.1513	1.7717	1.8338	9.4692	-0.6062126384628765	0	0	8	Tilt	Normal
0.9200	2.0309	10.0359	-11.7895	-8.0951	-179.4290	-4.7458	-30.5713	-22.4805	-0.4806	0.0611	0.5318	-0.0707	-0.1021	-0.9922	-0.0122	0.2734	-0.1444	0.2536	1.4006	1.9698	9.5041	-2.23022457153688	0	0	8	Tilt	Normal
1.1498	1.8393	9.5762	-13.2207	-7.1393	-178.4528	-5.7708	-31.7261	-21.1924	-0.1285	-0.3522	0.1035	-0.0634	-0.1140	-0.9912	-0.0206	-0.0632	0.8708	0.1034	1.2784	2.1916	9.4727	-0.4617848805619822	0	0	8	Tilt	Normal
0.3071	2.0309	9.1548	-14.2407	-3.6286	-177.2955	-4.6151	-31.8522	-21.4261	-0.4265	-0.3446	-0.3313	-0.0343	-0.1231	-0.9914	-0.0273	0.1062	0.2913	0.0192	0.7335	2.3755	9.4861	-0.4364016028178703	0	1	9	PT	Normal
0.0383	2.0303	9.3087	-15.0090	-3.4760	-177.3537	-3.9713	-32.9846	-20.3641	-0.6726	-0.4745	-0.1459	-0.0331	-0.1298	-0.9906	-0.0268	0.1030	-0.2360	0.0246	0.7109	2.5048	9.4546	0.14522666502860915	0	1	9	Upright	Normal
0.4220	2.1458	9.4613	-14.5231	-3.7410	-177.4048	-4.1558	-32.7759	-20.4689	-0.3283	-0.2767	-0.0117	-0.0352	-0.1256	-0.9911	-0.0266	0.1371	-0.2157	0.0512	0.7503	2.4225	9.4730	0.18313738980188177	0	1	9	Upright	Normal
0.4220	2.0692	10.1508	-13.7957	-3.4951	-177.3988	-3.9687	-31.9669	-20.8423	-0.2812	-0.2354	0.6448	-0.0330	-0.1193	-0.9920	-0.0262	0.0945	0.0346	-0.0562	0.7031	2.3046	9.5060	0.6573901999707132	0	0	9	Upright	Normal
0.4986	2.2224	9.6528	-13.9433	-2.9651	-177.2708	-3.7835	-31.2892	-21.1635	-0.1205	-0.1106	0.1480	-0.0286	-0.1207	-0.9919	-0.0268	-0.0408	0.1838	-0.0009	0.6191	2.3330	9.5048	-0.45027097731246535	0	0	9	Upright	Normal
0.2687	2.1458	9.4996	-13.9251	-1.8940	-177.2144	-4.4758	-32.6023	-20.6582	-0.1695	-0.1942	-0.0136	-0.0193	-0.1208	-0.9921	-0.0261	-0.0418	0.2477	-0.0605	0.4383	2.3400	9.5132	-0.1752313223474573	0	0	9	Upright	Normal
0.1921	2.1458	9.6145	-14.2722	-1.4193	-177.2466	-3.8802	-32.2861	-19.8181	-0.1665	-0.2565	0.1136	-0.0153	-0.1239	-0.9919	-0.0254	0.1435	-0.1166	-0.0829	0.3587	2.4023	9.5009	0.11027528954583232	0	0	9	Lying	Normal
0.2304	2.3373	9.6145	-14.4827	-0.8289	-177.0685	-3.5732	-31.7261	-20.3179	-0.0367	-0.1044	0.1206	-0.0104	-0.1258	-0.9917	-0.0263	0.1062	-0.0122	-0.0424	0.2671	2.4418	9.4939	0.04428809115562515	0	0	9	Lying	Normal
0.1538	2.4140	9.8061	-14.7686	-0.8767	-176.8833	-3.5699	-32.9610	-20.3576	-0.1318	-0.0738	0.3246	-0.0111	-0.1283	-0.9913	-0.0280	0.0476	-0.1081	-0.0335	0.2857	2.4877	9.4815	0.20282696190509952	0	0	9	Lying	Normal
0.1921	2.3373	9.6911	-14.8574	-0.8149	-176.6222	-3.1735	-32.2330	-19.9284	-0.0952	-0.1643	0.2134	-0.0109	-0.1290	-0.9911	-0.0301	0.0210	-0.0208	0.0645	0.2873	2.5016	9.4777	-0.1292097550407867	0	0	9	Lying	Normal
-0.0377	2.4906	9.5762	-14.6708	-0.0347	-176.5679	-3.0064	-32.6874	-20.0845	-0.1923	0.0118	0.0893	-0.0041	-0.1276	-0.9914	-0.0297	-0.0461	0.0549	-0.0293	0.1546	2.4787	9.4869	-0.07596962561486542	1	0	10	Lying	Normal
-0.2292	2.3373	9.8061	-14.0852	0.9885	-176.4265	-2.6302	-33.1124	-19.9299	-0.2090	-0.0548	0.2957	0.0047	-0.1228	-0.9920	-0.0299	-0.1952	0.3766	-0.0495	-0.0202	2.3921	9.5104	0.18855454384187276	1	0	10	Lying	Normal
-0.7655	1.4946	9.3847	-10.7169	2.4616	-177.2643	-1.5437	-31.5910	-22.0119	-0.4317	-0.3454	-0.2420	0.0192	-0.0938	-0.9952	-0.0218	-0.7353	-0.2370	-0.5651	-0.3338	1.8399	9.6266	-0.5496560123215133	1	0	10	Lying	Normal
-0.7655	1.2647	9.8827	-6.4088	3.7014	-176.7323	-0.4218	-29.8578	-24.2685	-0.1957	0.1381	0.1577	0.0306	-0.0568	-0.9976	-0.0266	0.4045	-0.2977	-0.0285	-0.5698	1.1266	9.7249	0.45890694513380836	1	0	10	Lying	Normal
-0.4974	1.4563	9.3847	-7.9299	3.5466	-177.0737	-0.2303	-30.2534	-23.5694	0.0397	0.0768	-0.3096	0.0291	-0.0699	-0.9969	-0.0233	-0.3156	0.4544	0.0035	-0.5370	1.3795	9.6943	-0.48262087716280533	1	0	10	Lying	Normal
-0.4591	0.8817	9.6528	-6.9590	3.7531	-176.5059	-0.6576	-30.0038	-24.0939	0.1094	-0.3407	-0.0606	0.0308	-0.0616	-0.9972	-0.0284	0.2543	-0.1560	0.1196	-0.5685	1.2224	9.7134	0.1938129754993163	0	0	10	Lying	Normal
1.4174	0.8428	9.5768	-8.1121	0.3086	-175.7180	-2.0067	-29.7764	-24.2447	1.3668	-0.5411	-0.1315	0.0000	-0.0708	-0.9968	-0.0371	0.4226	-0.7888	0.4264	0.0506	1.3838	9.7083	0.013888236051551317	0	0	10	Lying	Normal
2.8347	0.3448	7.9296	-15.6589	-13.2876	-172.5601	-7.9003	-32.2380	-21.2761	0.2662	-1.9176	-1.2602	-0.1232	-0.1276	-0.9809	-0.0796	0.8029	-2.8607	0.8940	2.5685	2.2624	9.1898	-1.2896327882388636	0	0	10	Lying	Normal
4.2904	-1.1109	8.2361	-19.4337	-27.9405	-163.7951	-18.1314	-32.0723	-16.8683	-0.9264	-2.5965	0.0661	-0.2587	-0.1286	-0.9412	-0.1752	0.3875	-4.4245	2.0531	5.2168	1.4856	8.1699	0.9247002695561548	0	0	10	Lying	Normal
4.8650	-3.5243	5.0949	-28.1969	-50.8330	-150.9918	-30.9748	-26.1644	-7.8992	-3.2034	-2.3966	-0.3638	-0.4581	-0.1087	-0.8219	-0.3206	-0.9249	-3.5020	5.0668	8.0685	-1.1277	5.4586	-1.4758190602103873	0	1	11	PT	Normal
10.4968	-6.4350	7.8141	-33.0570	-66.5477	-129.2697	-41.7920	-10.4531	-0.0999	3.1542	-0.8176	4.5430	-0.5772	0.0104	-0.6574	-0.4844	-0.8663	-1.3970	4.4894	7.3426	-5.6174	3.2711	6.705612365076927	0	1	11	Jump	Normal
11.1097	-5.7838	5.6306	-34.8029	-59.4036	-105.8536	-43.7389	5.5650	0.2897	6.0632	1.5583	1.5321	-0.5338	0.0778	-0.5720	-0.6179	1.7191	0.7228	2.3578	5.0465	-7.3421	4.0984	-0.850103466023219	0	1	11	PT	Normal
5.7084	-7.0096	4.1749	-32.4137	-49.5711	-102.0779	-42.0713	12.1731	-6.0824	0.8130	-0.4232	-1.1938	-0.4724	0.0561	-0.6043	-0.6392	1.4549	0.4320	-0.4428	4.8954	-6.5864	5.3687	-3.7750807460164886	0	1	11	Jump	Normal
6.0142	-2.7581	2.1069	-36.2162	-55.9002	-113.2050	-42.6202	9.6324	-5.1042	-0.1710	3.4257	-2.3287	-0.5231	0.0160	-0.6208	-0.5838	-0.4019	-2.9279	-1.7675	6.1853	-6.1838	4.4356	-3.0135869562008857	0	1	11	PT	Normal
8.3516	-5.6689	2.2595	-41.1478	-74.6663	-137.3092	-42.1803	1.8468	6.8960	0.2432	-0.5104	0.3069	-0.6305	-0.0536	-0.6158	-0.4695	-2.5953	-1.2522	-2.4620	8.1084	-5.1585	1.9526	3.3998166619876944	0	1	11	PT	Normal
11.1097	-2.0680	0.8422	-28.1313	-84.5118	-156.2444	-40.1749	-9.0647	9.1110	1.9971	1.4597	0.0151	-0.6753	-0.0418	-0.6689	-0.3077	-2.3652	-2.4901	-3.9651	9.1126	-3.5277	0.8270	0.9882291210087146	0	1	11	PT	Normal
8.3127	-0.4980	-1.6855	-13.5171	-89.2665	-172.2439	-33.6635	-21.6781	9.4713	-1.4073	0.7964	-1.8075	-0.7018	-0.0364	-0.6995	-0.1303	-1.2850	-0.4767	-0.5211	9.7200	-1.2944	0.1220	-2.835409817590982	0	1	11	PT	Normal
11.1091	-3.2561	0.3448	-13.7721	-87.3371	-174.1055	-32.7952	-25.7088	5.5636	1.3538	-2.3578	-0.0977	-0.6891	-0.0514	-0.7129	-0.1196	1.4197	1.4908	-0.5935	9.7553	-0.8983	0.4425	3.0851241792375106	0	1	11	PT	Normal
9.9216	2.6049	0.4597	-12.2303	-89.6743	-175.9770	-32.1977	-25.6814	6.0075	0.1384	3.2813	0.4052	-0.7033	-0.0509	-0.7020	-0.0998	-0.9953	-0.9433	0.0605	9.7832	-0.6764	0.0545	-1.3134344374698212	0	1	11	PT	Normal
4.8650	0.9960	-1.4174	-8.5634	-94.0591	177.7681	-29.8482	-28.2271	6.2119	-4.9135	0.7184	-0.7308	-0.7285	-0.0651	-0.6807	-0.0414	0.0945	-0.9049	-0.5712	9.7785	0.2776	-0.6865	-5.103924685491121	0	2	12	Jump	Normal
17.6219	-3.0640	-5.5935	-24.0732	-95.1611	-159.1019	-33.1422	-17.3176	14.1777	8.6260	0.7561	-4.7880	-0.7355	-0.0074	-0.6209	-0.2710	0.2799	1.7753	1.6851	8.9959	-3.8201	-0.8055	13.576281054649877	0	2	12	Jump	Normal
6.0531	-7.1245	-1.0349	-20.3505	-89.9843	-150.7104	-37.2710	-10.1949	12.5205	-2.5001	-2.3276	-1.0373	-0.7049	0.0551	-0.6419	-0.2968	-0.3380	0.3084	1.1737	8.5533	-4.7969	0.0024	-9.334685500051668	0	2	12	Jump	Normal
5.5929	-4.7118	0.3448	-18.7283	-88.1854	-148.0828	-38.9739	-8.5312	9.2054	-2.7795	0.3858	0.0507	-0.6922	0.0764	-0.6502	-0.3037	0.2394	0.3670	-0.2995	8.3724	-5.0976	0.2940	-2.084590037093826	0	2	12	PT	Normal
7.1641	-5.2475	0.8422	-18.8768	-88.3113	-147.0444	-38.4343	-7.7768	8.2522	-1.1118	0.0066	0.5688	-0.6923	0.0821	-0.6463	-0.3103	-0.2953	-1.1158	1.0075	8.2759	-5.2541	0.2734	1.5989609447449267	0	2	12	PT	Normal
5.6318	-6.8181	-0.0772	-24.5817	-94.8715	-147.5459	-37.0214	-5.5673	12.9726	-2.4274	-1.2822	0.6803	-0.7312	0.0628	-0.5908	-0.3352	0.2448	-2.0053	-0.3060	8.0592	-5.5358	-0.7575	-0.07657517924622681	0	2	12	Upright	Normal
7.8919	-6.7032	-1.8393	-31.0641	-97.9354	-149.6647	-34.7754	-6.2147	16.6595	-0.1381	-1.1946	-0.6795	-0.7475	0.0205	-0.5576	-0.3605	0.7785	-0.3275	-0.2388	8.0300	-5.5086	-1.1598	1.6729380370306703	0	0	12	Upright	Normal
6.6272	-3.4860	0.3831	-34.1299	-95.0171	-151.0975	-34.0840	-5.9492	17.8511	-1.6924	1.6571	1.0931	-0.7321	-0.0160	-0.5713	-0.3707	0.4120	0.3948	-0.8780	8.3196	-5.1430	-0.7100	-3.018642407285653	0	0	12	Upright	Normal
7.0491	-4.6729	-1.0732	-35.6201	-92.2580	-152.3302	-34.7052	-7.8496	17.1838	-1.5247	0.0771	-0.7591	-0.7171	-0.0417	-0.5880	-0.3719	0.5568	0.3329	-0.0932	8.5738	-4.7499	-0.3141	1.0271977879988095	0	0	12	Upright	Normal
7.3939	-4.5580	-0.2687	-34.3387	-89.5054	-151.7867	-35.2273	-8.3196	15.1860	-1.2698	0.0361	-0.3386	-0.7035	-0.0394	-0.6074	-0.3669	-0.1324	0.1934	0.0378	8.6637	-4.5940	0.0699	0.164956487604762	0	0	13	Upright	Normal
8.4276	-5.1715	0.4597	-33.2222	-88.3213	-150.7307	-34.9047	-8.2608	14.4355	-0.2002	-0.5161	0.2194	-0.6978	-0.0298	-0.6148	-0.3664	-0.1303	0.1444	0.0304	8.6278	-4.6554	0.2403	1.2084235335294977	0	0	13	Upright	Normal
8.1600	-4.5963	0.1143	-32.1790	-88.3298	-150.4863	-35.9092	-9.1755	13.8333	-0.4453	0.1004	-0.1275	-0.6980	-0.0217	-0.6173	-0.3623	-0.1100	0.0740	0.0037	8.6054	-4.6967	0.2418	-0.5323506422795692	0	0	13	Upright	Normal
8.3516	-4.7495	0.1909	-31.4215	-88.0722	-150.4648	-36.1581	-9.7290	13.1203	-0.2605	-0.0675	-0.0905	-0.6967	-0.0177	-0.6212	-0.3584	-0.0621	0.0730	-0.0485	8.6121	-4.6820	0.2815	0.24340466766593494	0	0	13	Upright	Normal
8.5814	-4.3664	0.6506	-30.4283	-89.0191	-150.8960	-36.0298	-9.2800	14.2797	-0.0271	0.3286	0.5059	-0.7018	-0.0112	-0.6198	-0.3510	-0.3923	-0.2775	0.1390	8.6085	-4.6950	0.1447	0.04079686642763214	0	0	13	Upright	Normal
7.8153	-4.6346	-0.1921	-30.3159	-90.8350	-151.4378	-35.9108	-9.2615	14.5699	-0.7624	0.1172	-0.0687	-0.7115	-0.0083	-0.6106	-0.3476	0.0424	-0.0942	-0.0904	8.5777	-4.7517	-0.1235	-0.5621470836967557	0	0	13	Upright	Normal
7.8153	-4.7112	-0.1155	-31.2479	-91.4452	-152.3988	-35.6822	-9.4665	14.7785	-0.8130	-0.0552	0.0961	-0.7145	-0.0181	-0.6069	-0.3476	0.1020	-0.3115	-0.1927	8.6283	-4.6560	-0.2116	0.03800985261342582	0	0	13	Upright	Normal
8.0834	-4.9410	0.0377	-31.8113	-91.0383	-151.9319	-34.8295	-9.8083	15.6703	-0.5243	-0.2448	0.1888	-0.7123	-0.0199	-0.6063	-0.3531	0.0988	0.0177	0.0747	8.6078	-4.6962	-0.1511	0.34777031233292455	0	0	13	Upright	Normal
8.3516	-4.7112	-0.1538	-32.2201	-91.8212	-152.1198	-34.2872	-9.3404	15.2204	-0.2346	0.0193	0.1100	-0.7162	-0.0211	-0.6008	-0.3545	0.0392	-0.1613	-0.0542	8.5862	-4.7305	-0.2638	0.11603163164346597	0	0	13	Upright	Normal
8.1211	-4.7884	-0.1149	-32.0338	-91.3874	-152.1124	-35.2129	-9.2155	15.6453	-0.4851	-0.0913	0.0865	-0.7140	-0.0213	-0.6040	-0.3534	-0.0120	0.1242	-0.1022	8.6063	-4.6971	-0.2014	-0.16163461526566536	0	0	13	Upright	Normal
8.1977	-4.5969	-0.0383	-31.5978	-90.9554	-152.2036	-34.9394	-10.2841	15.1532	-0.4360	0.0515	0.1010	-0.7118	-0.0205	-0.6083	-0.3505	-0.0599	0.0283	-0.0503	8.6338	-4.6483	-0.1393	-0.029692166441263268	1	0	14	Upright	Normal
8.0828	-4.5203	-0.2298	-31.3288	-90.8330	-152.3502	-34.4714	-9.8548	15.5138	-0.5685	0.0961	-0.1080	-0.7112	-0.0202	-0.6103	-0.3482	-0.0226	0.0432	-0.0663	8.6513	-4.6163	-0.1218	-0.13490507050036626	1	0	14	Upright	Normal
8.1594	-4.2521	-0.0766	-31.5316	-90.0428	-151.9309	-35.6596	-10.2377	15.0454	-0.4919	0.3657	-0.0703	-0.7070	-0.0212	-0.6133	-0.3514	0.1745	0.0667	0.0882	8.6513	-4.6178	-0.0063	-0.06258030294220696	1	0	14	Upright	Normal
7.9296	-4.5586	0.3831	-31.7545	-88.9211	-150.6513	-35.8815	-9.4416	14.3226	-0.6644	0.1625	0.2261	-0.7012	-0.0182	-0.6156	-0.3593	0.1905	0.0060	0.1894	8.5940	-4.7211	0.1570	-0.04662722774174455	1	0	14	Upright	Normal
7.8919	-4.2898	-0.6901	-32.9442	-87.6145	-149.3699	-35.9959	-8.7610	14.8505	-0.6521	0.5113	-1.0326	-0.6943	-0.0220	-0.6156	-0.3721	0.4152	0.5407	-0.0098	8.5440	-4.8011	0.3425	-0.14564606381147094	1	0	14	Upright	Normal
7.5854	-4.7878	-0.2687	-32.6280	-87.6209	-149.4123	-35.3933	-8.2822	14.9453	-0.9610	0.0093	-0.6116	-0.6943	-0.0203	-0.6168	-0.3703	0.1148	0.1220	0.0340	8.5464	-4.7971	0.3428	-0.03487679537262167	1	0	14	Upright	Normal
8.0451	-4.8261	0.2292	-32.3310	-87.6012	-149.0823	-35.1283	-9.1719	15.3536	-0.4735	0.0199	-0.1175	-0.6943	-0.0165	-0.6168	-0.3705	-0.0866	0.0719	0.0052	8.5186	-4.8460	0.3467	0.4103766800178139	1	0	14	Upright	Normal
8.0828	-4.7118	0.4214	-31.6783	-87.3987	-148.8436	-36.4035	-8.7883	14.7933	-0.4215	0.1568	0.0426	-0.6932	-0.0116	-0.6193	-0.3684	-0.0898	0.0911	0.0095	8.5044	-4.8686	0.3787	-0.019046468665814942	0	0	14	Upright	Normal
8.0451	-4.7112	0.3442	-30.8927	-87.1312	-148.4309	-35.5665	-8.8489	14.4607	-0.4316	0.2019	-0.0769	-0.6917	-0.0050	-0.6221	-0.3666	-0.1047	0.0858	0.0340	8.4767	-4.9131	0.4211	-0.03598727942073765	0	0	14	Upright	Normal
8.1600	-4.7112	0.4208	-30.5169	-87.2094	-148.2789	-36.0810	-8.1583	13.8539	-0.2991	0.2328	0.0096	-0.6921	-0.0015	-0.6224	-0.3655	-0.0472	0.0006	0.0308	8.4592	-4.9440	0.4112	0.10236894831884236	0	0	14	Upright	Normal
8.1217	-4.7112	0.4974	-30.5179	-87.1724	-148.3009	-36.0458	-8.9612	13.5493	-0.3409	0.2266	0.0807	-0.6919	-0.0017	-0.6227	-0.3654	0.0403	-0.0046	-0.0237	8.4626	-4.9377	0.4167	-0.02937472900472038	1	0	15	Upright	Normal
8.0451	-4.6729	0.3059	-31.0353	-87.3457	-148.4733	-36.6484	-8.5962	13.6341	-0.4274	0.2500	-0.0832	-0.6929	-0.0055	-0.6205	-0.3671	0.0776	-0.0653	-0.0066	8.4725	-4.9229	0.3891	-0.093613754780284	1	0	15	Upright	Normal
8.0445	-4.9033	0.3065	-31.2964	-87.3147	-148.4975	-35.5588	-9.4027	14.2136	-0.4323	0.0120	-0.0860	-0.6928	-0.0074	-0.6200	-0.3683	0.0797	-0.0110	-0.0290	8.4768	-4.9153	0.3925	0.11727198100143887	1	0	15	Upright	Normal
8.1211	-4.8267	0.3065	-31.5015	-87.2247	-148.6168	-35.5416	-9.0708	14.5257	-0.3702	0.0625	-0.0983	-0.6923	-0.0097	-0.6202	-0.3687	0.0680	-0.0067	-0.0493	8.4913	-4.8893	0.4048	0.02611330440830173	1	0	15	Upright	Normal
8.0834	-4.7878	0.4974	-31.7440	-87.0223	-148.6983	-35.3915	-8.8311	14.4298	-0.4236	0.0714	0.0642	-0.6912	-0.0123	-0.6209	-0.3695	0.0723	-0.0280	-0.0322	8.5070	-4.8592	0.4332	-0.04408554782258278	1	0	15	Upright	Normal
8.0828	-4.7501	0.4597	-31.9958	-87.1279	-148.8207	-35.5605	-8.0530	14.8260	-0.4314	0.0980	0.0431	-0.6918	-0.0143	-0.6199	-0.3701	0.0243	-0.0409	-0.0229	8.5142	-4.8481	0.4166	-0.021567721068690204	1	0	15	Upright	Normal
8.0828	-4.6735	0.2682	-32.0711	-87.1628	-148.8642	-35.5399	-8.7277	14.5109	-0.4339	0.1706	-0.1431	-0.6920	-0.0149	-0.6196	-0.3703	0.0307	-0.0015	-0.0080	8.5168	-4.8441	0.4112	-0.045989244728184886	1	0	15	Upright	Normal
8.0451	-4.7878	0.3059	-32.0210	-87.1744	-148.8088	-35.2494	-7.8452	15.0671	-0.4664	0.0657	-0.1040	-0.6920	-0.0143	-0.6195	-0.3703	-0.0386	0.0038	-0.0144	8.5115	-4.8535	0.4099	0.026462718554206788	1	0	15	Upright	Normal
8.0834	-4.6346	0.3442	-31.8463	-87.3123	-148.8966	-35.1780	-8.5846	14.7773	-0.4295	0.2182	-0.0464	-0.6928	-0.0132	-0.6195	-0.3690	-0.0428	0.0188	-0.0176	8.5129	-4.8527	0.3906	-0.04284901317785206	1	0	15	Upright	Normal
8.0834	-4.5963	0.2676	-31.6589	-87.3443	-148.9117	-35.8440	-9.4757	13.8388	-0.4287	0.2580	-0.1191	-0.6929	-0.0121	-0.6199	-0.3680	-0.0258	0.0188	0.0026	8.5121	-4.8542	0.3867	-0.021496371204014153	1	0	15	Upright	Normal
8.0451	-4.6346	0.3059	-31.6520	-87.2949	-148.8831	-35.6821	-9.2131	14.0084	-0.4666	0.2198	-0.0880	-0.6927	-0.0120	-0.6202	-0.3681	-0.0087	0.0071	-0.0005	8.5117	-4.8544	0.3938	-0.013027244653629921	2	0	16	Upright	Normal
Total time: 16 seconds.
