-0.0760	-8.5419	2.7575	61.3777	-55.0145	-44.1734	15.1485	24.1291	-10.2589	-3.9247	0.0664	0.0642	-0.2701	-0.5382	0.5052	0.6181	0.7570	0.6875	-0.9007	3.8487	-8.6084	2.6933	-0.5626419300358396	5	0	1	Upright	Normal
-0.8039	-8.6951	4.4813	60.3128	-55.1146	-43.7407	13.5590	24.1993	-10.1740	-4.7878	-0.1755	1.7038	-0.2643	-0.5371	0.5012	0.6248	-0.5554	-0.6345	-0.7069	3.9840	-8.5196	2.7776	0.8386592620120297	5	0	1	Upright	Normal
-2.1446	-8.7334	3.4854	58.5727	-51.7580	-47.9211	13.0271	24.4719	-10.8765	-6.1606	-0.3653	0.3204	-0.2476	-0.5266	0.5138	0.6304	0.6846	-0.0656	-0.6839	4.0160	-8.3682	3.1650	-0.17027381038007938	0	0	1	Upright	Normal
-2.4128	-6.5882	2.0297	57.5795	-50.0939	-49.5736	13.1387	24.2477	-11.8603	-6.4458	1.6900	-1.3430	-0.2406	-0.5198	0.5180	0.6353	0.0039	0.2785	-0.5465	4.0330	-8.2783	3.3727	-2.340855282876256	0	0	1	Upright	Normal
-2.8730	-7.5848	3.9456	60.6470	-46.8992	-50.5347	13.9832	23.9277	-11.2427	-6.3829	0.9629	0.6611	-0.2722	-0.5083	0.5197	0.6304	-0.4457	0.1698	-0.0405	3.5099	-8.5477	3.2845	1.7156713038103328	0	0	1	Upright	Normal
-1.5323	-5.5929	2.1835	65.5941	-49.7183	-46.5959	14.6673	23.8427	-9.6124	-4.6234	3.3377	-0.4362	-0.3116	-0.5190	0.5108	0.6104	-1.4875	0.4415	-0.1726	3.0911	-8.9305	2.6197	-2.8230209007748535	0	0	1	Upright	Normal
-8.1588	-15.5138	12.4876	66.0710	-34.3761	-54.2272	17.3989	23.9689	-6.0833	-10.4046	-6.5499	9.2048	-0.3507	-0.4579	0.5084	0.6395	2.0833	-1.7998	0.3484	2.2458	-8.9639	3.2827	15.325251511921271	0	0	1	Upright	Normal
1.8777	-13.9049	-2.9886	51.9981	-40.5556	-68.0381	17.4393	20.2864	-12.2913	-2.0479	-6.1773	-7.5759	-0.1665	-0.4882	0.5976	0.6138	-1.1040	-2.6361	-1.5412	3.9256	-7.7276	4.5873	-7.175852993094795	0	0	1	Upright	Normal
-6.8181	-7.8524	2.9874	51.3039	-37.3463	-55.2491	17.2822	20.3072	-14.1905	-10.5373	-0.1984	-1.8866	-0.2295	-0.4459	0.5188	0.6924	-0.4851	2.2193	-1.5124	3.7192	-7.6540	4.8740	-3.525914823247705	0	0	1	Upright	Normal
-2.6426	-5.0943	3.3321	52.3826	-30.8321	-38.2813	18.7976	23.6877	-6.8167	-5.7105	2.6737	-1.8076	-0.3238	-0.3649	0.3945	0.7787	-0.8569	0.8153	-1.5231	3.0679	-7.7680	5.1398	-4.18382389778549	0	0	1	Upright	Normal
-0.5740	-6.7032	1.9531	53.3440	-43.6078	-28.1350	18.6035	24.7274	-4.7888	-4.6120	1.1642	-2.2860	-0.3236	-0.4233	0.3634	0.7643	-0.4979	-0.5535	-1.4336	4.0380	-7.8673	4.2391	0.36937325604341975	0	0	2	Upright	Normal
-1.1869	-7.8907	2.1063	51.5782	-46.3060	-31.1502	17.1482	25.2104	-7.2360	-5.5933	-0.2075	-2.1036	-0.2903	-0.4484	0.3871	0.7515	0.9051	-0.6633	0.2495	4.4064	-7.6831	4.2099	1.2472846419334491	0	0	2	Upright	Normal
-1.5317	-10.6105	4.4430	51.9499	-44.5139	-46.3487	16.6616	22.3281	-12.5773	-5.7691	-2.8879	0.1332	-0.2386	-0.4725	0.4799	0.6996	0.5919	-0.6984	0.5468	4.2374	-7.7226	4.3099	3.3519204304247268	0	0	2	Upright	Normal
2.7204	-9.9593	-0.3454	52.8975	-49.0411	-45.5367	15.9880	21.6279	-14.2143	-1.7470	-2.1377	-4.2231	-0.2298	-0.4995	0.4857	0.6796	-1.8358	-0.8486	-0.8178	4.4674	-7.8216	3.8777	-1.2747663984967996	0	0	2	Upright	Normal
-2.9113	-3.2178	5.5545	55.7476	-52.3603	-44.4185	15.1292	22.8787	-12.6732	-7.2820	4.8881	2.1840	-0.2410	-0.5197	0.4908	0.6565	-0.0771	1.1413	-0.1606	4.3706	-8.1059	3.3706	-3.2813613892454905	0	0	2	Upright	Normal
0.0389	-7.0862	2.2978	58.3804	-49.8338	-50.5868	16.3978	21.9586	-13.7230	-3.8900	1.2647	-1.0183	-0.2428	-0.5215	0.5241	0.6281	-0.1825	-1.6486	0.1825	3.9289	-8.3510	3.3161	0.4009665078562712	0	0	2	Upright	Normal
-3.1789	-6.7415	4.8261	64.1092	-60.9954	-39.6184	16.4139	21.4164	-13.8209	-6.9239	2.0810	2.7499	-0.2845	-0.5597	0.5009	0.5958	-1.2894	0.9922	-0.1158	3.7450	-8.8225	2.0762	1.4299015865390183	0	0	2	Upright	Normal
-5.0176	-10.9553	4.4813	61.7587	-46.5780	-50.1296	17.8377	21.2757	-11.1159	-8.3879	-2.3159	1.2918	-0.2833	-0.5071	0.5178	0.6281	2.4689	2.9554	-0.1128	3.3703	-8.6393	3.1895	3.9765682362175436	0	0	2	Upright	Normal
-2.6049	-16.6636	1.3408	47.0895	-44.0862	-69.1474	17.2241	16.3171	-15.7728	-7.2502	-9.4810	-3.4551	-0.1096	-0.4934	0.6056	0.6146	2.2228	-1.3312	-1.6766	4.6453	-7.1826	4.7959	4.063176794387564	0	0	2	Upright	Normal
-3.4093	-6.4356	0.8428	47.3441	-44.3497	-55.5144	16.0022	16.1266	-17.7133	-8.0544	0.7766	-3.9088	-0.1680	-0.4791	0.5291	0.6799	-1.5450	3.6958	-1.8354	4.6451	-7.2122	4.7516	-9.587706708590265	0	0	2	Upright	Normal
-3.5620	-6.2435	5.8221	41.3267	-52.6665	-41.2656	17.4027	21.0045	-11.6980	-9.4174	0.2325	1.3560	-0.1497	-0.4999	0.4420	0.7296	1.1650	-2.2995	-1.4806	5.8555	-6.4760	4.4661	1.9187096668041068	0	1	3	PT	Normal
0.3454	-4.9410	0.7272	40.0343	-54.6373	-41.6609	16.1275	20.4385	-14.6621	-5.7778	1.3671	-3.6182	-0.1309	-0.5112	0.4437	0.7244	-0.7311	-0.3714	-0.6625	6.1232	-6.3081	4.3455	-4.244032240307608	0	1	3	Jump	Normal
1.4174	-10.1897	1.7621	42.1437	-60.4534	-45.1485	15.1583	19.2688	-16.6481	-4.9083	-3.6094	-1.8235	-0.1065	-0.5530	0.4766	0.6750	0.3522	-2.1695	0.0506	6.3256	-6.5803	3.5856	5.431468232479177	0	1	3	Jump	Normal
-4.1749	-9.1931	8.0439	47.8171	-47.1231	-55.4950	15.9359	16.2064	-16.9178	-9.0006	-1.9263	3.5635	-0.1586	-0.4964	0.5335	0.6662	-0.0302	-0.1807	-0.4585	4.8257	-7.2669	4.4804	2.471565799445207	0	1	3	PT	Normal
-1.4551	-3.9450	4.2132	48.1641	-48.8817	-51.3765	16.8798	16.4197	-15.6162	-6.3828	3.3616	-0.0881	-0.1710	-0.5014	0.5124	0.6758	-1.3479	0.1101	-0.6311	4.9277	-7.3067	4.3013	-6.956762710343568	0	1	3	Jump	Normal
-3.5243	-4.4819	6.0908	48.5583	-43.7461	-48.4810	18.4511	17.3230	-13.8882	-8.0122	2.8696	1.4021	-0.2085	-0.4663	0.4870	0.7084	0.0742	2.1799	-0.4181	4.4879	-7.3515	4.6887	2.3905911072659247	0	1	3	PT	Normal
-4.5963	-4.5197	2.8724	46.5933	-30.2839	-50.9639	20.5824	16.5593	-10.4593	-7.9945	2.6049	-2.9467	-0.2414	-0.3808	0.4747	0.7559	1.1032	2.2662	0.6025	3.3983	-7.1245	5.8191	-1.2857994378851636	0	1	3	PT	Normal
2.4900	-14.3652	5.4779	41.8360	-26.6240	-49.4629	23.3042	13.6817	-7.8421	-0.7843	-7.8241	-1.0537	-0.2256	-0.3407	0.4550	0.7912	0.4172	-0.3042	-0.6579	3.2742	-6.5411	6.5317	8.517325909378744	0	1	3	Jump	Normal
-3.9073	-12.3349	2.5283	35.1753	-12.4114	-40.2147	23.5680	14.6802	-4.1867	-5.6301	-6.6854	-5.3002	-0.2467	-0.2000	0.3565	0.8787	2.2473	4.6833	-2.0949	1.7228	-5.6496	7.8284	-2.3908792617252637	0	1	3	PT	Normal
-2.0297	-6.5882	0.7272	33.2919	-5.8677	-28.2296	22.4740	17.0875	1.0335	-2.8677	-1.2052	-7.4270	-0.2655	-0.1173	0.2476	0.9244	-0.5618	2.5709	-1.1735	0.8380	-5.3831	8.1542	-6.251647383514365	0	2	4	Jump	Normal
0.6901	-8.2738	5.3241	38.9479	-1.3043	-16.8332	20.4869	18.5599	5.9802	0.5165	-2.1091	-2.3007	-0.3282	-0.0594	0.1417	0.9320	-0.7099	0.3030	-1.4824	0.1736	-6.1646	7.6248	2.930944587535812	0	2	4	PT	Normal
-3.9067	-10.1891	3.7918	38.9199	4.3137	-10.5370	17.3669	19.2355	9.3176	-3.3327	-4.0281	-3.8162	-0.3348	0.0048	0.0740	0.9394	0.3043	2.9832	-1.0744	-0.5740	-6.1610	7.6080	1.6894311373542106	0	2	4	PT	Normal
0.6901	-11.8746	3.5237	32.9562	10.4955	-4.3723	14.0868	19.9018	11.3792	2.1890	-6.5398	-4.5672	-0.2856	0.0769	0.0105	0.9552	1.8447	-1.5613	-0.4545	-1.4989	-5.3349	8.0909	0.8532025359657993	0	2	4	PT	Normal
4.0612	-9.7294	6.7798	30.9987	-0.0311	4.1960	13.7603	21.6916	8.0645	4.0567	-4.6787	-1.6261	-0.2671	0.0095	-0.0352	0.9630	1.2268	0.5554	-2.8482	0.0045	-5.0507	8.4059	0.12916483578427318	0	2	4	Tilt	Normal
-2.7581	-6.3590	2.2218	36.3074	-9.6969	19.7792	10.0484	23.0992	7.5819	-4.0891	-0.5522	-5.5679	-0.3196	-0.0258	-0.1367	0.9373	0.2201	0.3935	-1.5965	1.3310	-5.8068	7.7897	-5.255998451858026	0	0	4	Tilt	Normal
0.5369	-9.2698	2.7192	39.7064	-11.8289	31.2550	7.7164	23.7680	7.4529	-1.0096	-3.0046	-4.6650	-0.3514	-0.0023	-0.2183	0.9104	-0.1783	0.9378	-1.4282	1.5465	-6.2652	7.3842	2.3965405883872437	0	0	4	Tilt	Normal
2.1452	-8.6574	4.4436	42.1922	-13.3909	41.5497	5.0508	24.5717	7.6725	0.4625	-2.0710	-2.6243	-0.3728	0.0251	-0.2894	0.8812	-0.1996	0.6651	-1.1885	1.6827	-6.5864	7.0680	0.2895364441419268	0	0	4	Tilt	Normal
0.6895	-8.4659	3.6009	43.9338	-16.2593	50.0323	2.4126	24.5945	8.9900	-1.2876	-1.6616	-3.1788	-0.3910	0.0378	-0.3403	0.8543	-0.1474	0.6108	-0.9371	1.9772	-6.8043	6.7796	-0.7391500785532479	0	0	4	Tilt	Normal
0.5746	-8.3893	5.2481	45.5639	-16.8024	56.9554	1.7105	24.4861	9.1526	-1.4100	-1.3868	-1.3244	-0.4010	0.0643	-0.3852	0.8287	-0.2560	0.7397	-0.9392	1.9846	-7.0024	6.5725	0.6865787683754885	0	0	4	Tilt	Normal
0.3065	-8.8873	4.8650	48.3606	-16.7902	64.6529	0.8024	24.0494	10.1000	-1.5757	-1.5582	-1.3731	-0.4136	0.1041	-0.4321	0.7946	-0.5788	1.1871	-0.5078	1.8821	-7.3291	6.2381	0.22411387644264202	0	0	5	Upright	Normal
-0.1909	-7.6992	0.8422	55.3667	-3.5475	59.5836	0.6753	23.2609	10.9319	-0.5357	0.3701	-4.7203	-0.4166	0.2069	-0.4273	0.7753	-0.8782	1.6771	1.1711	0.3448	-8.0692	5.5625	-2.388904163161201	0	0	5	Upright	Normal
0.0772	-11.1851	2.1063	55.1545	13.6752	51.7579	2.1852	23.0073	11.7739	1.4020	-3.1367	-3.3378	-0.3675	0.2956	-0.4337	0.7677	1.1224	0.9527	-0.1285	-1.3247	-8.0484	5.4441	3.634476866294505	0	0	5	Upright	Normal
-1.5317	-7.5076	3.2555	51.4227	16.6461	62.4771	1.8655	23.2502	11.4636	0.2201	0.1591	-2.6032	-0.2994	0.3341	-0.5160	0.7297	1.1725	3.2346	-1.0024	-1.7518	-7.6667	5.8588	-3.0567864707462995	0	0	5	Upright	Normal
0.4980	-9.4236	2.4517	49.1979	12.9440	80.0406	-0.2233	23.8500	9.9827	1.9335	-2.0001	-3.7935	-0.2508	0.3445	-0.6169	0.6617	0.9978	1.8359	-1.6959	-1.4355	-7.4235	6.2451	1.4248604890636845	0	0	5	Upright	Normal
-1.3791	-7.9296	3.1412	49.9938	11.3789	94.2923	-4.3057	23.9881	8.7850	-0.1351	-0.4178	-3.0391	-0.2201	0.3694	-0.6896	0.5827	-0.0409	1.0849	-1.3390	-1.2439	-7.5118	6.1803	-1.1101449504616916	0	0	5	Upright	Normal
-2.9491	-9.0782	3.7535	55.1269	12.8478	103.0037	-6.7562	22.8050	9.4570	-1.7021	-1.0325	-1.7131	-0.2086	0.4216	-0.7217	0.5078	-0.3136	1.6846	-1.1750	-1.2469	-8.0457	5.4666	1.616804593941108	0	0	5	Upright	Normal
-4.5197	-9.4996	2.9491	57.4181	18.7765	112.5423	-9.1331	21.4071	9.0690	-2.8198	-1.2362	-2.0506	-0.1442	0.4736	-0.7632	0.4153	0.1828	2.9704	-0.7734	-1.6999	-8.2634	4.9997	0.6688444813499999	0	0	5	Upright	Normal
0.6129	-11.5305	3.0646	56.9567	16.7365	115.0961	-9.7219	21.5397	7.6338	2.1528	-3.3098	-2.0562	-0.1452	0.4667	-0.7711	0.4081	0.2478	-2.8939	0.0759	-1.5399	-8.2206	5.1207	1.021007993176033	0	0	5	Upright	Normal
5.8227	-8.2744	8.6574	55.6724	-2.8311	125.5197	-7.1096	21.9050	9.0782	5.5496	-0.1757	3.1340	-0.2331	0.4050	-0.7807	0.4149	1.1735	1.1573	-1.8768	0.2731	-8.0987	5.5234	1.3696177750434906	0	1	6	PT	Normal
-1.2252	-7.6225	2.0680	56.3713	-9.3281	138.2595	-9.3399	21.8932	8.1940	-2.1054	0.5430	-3.2911	-0.2347	0.4143	-0.8072	0.3489	-0.2752	-1.9224	-0.9596	0.8802	-8.1656	5.3591	-5.323647703765522	0	1	6	Jump	Normal
-1.9914	-8.7334	2.7958	55.6940	-12.4804	143.1771	-9.8099	22.4227	7.9169	-3.1858	-0.6327	-2.6007	-0.2378	0.4102	-0.8179	0.3258	0.0220	-0.5898	-0.5516	1.1944	-8.1008	5.3965	1.3912216267213715	0	1	6	PT	Normal
-1.9531	-6.7798	3.6386	56.7654	-8.1894	141.6120	-9.0687	22.2308	7.2804	-2.7186	1.4229	-1.6812	-0.2152	0.4271	-0.8176	0.3206	0.0124	1.2755	-0.0360	0.7655	-8.2027	5.3198	-1.4452387684388457	0	1	6	PT	Normal
-1.3785	-9.0399	7.0479	57.5513	-3.7894	140.7273	-8.8061	21.9691	8.2961	-1.7261	-0.7642	1.7977	-0.1890	0.4434	-0.8197	0.3094	0.4726	0.6428	-0.4848	0.3476	-8.2757	5.2502	3.6067618693744103	0	1	6	Jump	Normal
-2.3361	-4.7495	2.1829	62.1855	1.1134	143.7920	-9.4966	21.8917	8.2780	-2.2471	3.9242	-2.3920	-0.1526	0.4934	-0.8155	0.2613	-1.3021	0.9005	-0.3729	-0.0890	-8.6737	4.5749	-5.819860103982783	0	1	6	Jump	Normal
-1.9154	-9.6534	4.2521	63.9761	6.8190	141.3951	-10.6412	20.1919	11.0346	-1.4043	-0.8410	-0.0201	-0.1272	0.5158	-0.8095	0.2501	0.9967	-1.1661	-0.2547	-0.5110	-8.8125	4.2722	4.995482797772163	0	1	6	Jump	Normal
-1.0343	-14.6334	6.2058	55.5801	-6.9932	141.6022	-8.9683	21.2885	10.4254	-1.7090	-6.5437	0.7039	-0.2040	0.4217	-0.8246	0.3172	1.9096	-3.8356	-0.0544	0.6747	-8.0897	5.5019	5.207652576582786	0	1	6	Jump	Normal
-6.5882	-7.8907	-2.6438	58.0609	-13.7140	146.4839	-4.9555	24.1468	9.6073	-7.8181	0.4314	-7.6837	-0.2389	0.4312	-0.8145	0.3058	-2.2193	-0.9274	-0.6126	1.2299	-8.3221	5.0399	-5.314522031318237	0	1	6	Jump	Normal
-3.5237	-6.6266	5.2858	62.5167	-7.1570	156.1831	-7.6654	22.7982	10.5735	-4.0875	2.0734	0.7955	-0.1591	0.4957	-0.8281	0.2077	-0.5170	1.2190	-1.4042	0.5638	-8.6999	4.4903	-1.434251171709068	0	1	6	PT	Normal
-1.7998	-5.4390	1.6083	61.9325	-17.9298	170.2795	-10.8869	21.8945	10.9413	-3.2202	3.2144	-2.7816	-0.1762	0.4951	-0.8372	0.1517	-0.0728	1.4864	-1.2796	1.4204	-8.6534	4.3899	-3.229243375405793	0	2	7	PT	Normal
-4.3664	-6.6266	2.1446	61.5095	-16.5217	179.4440	-14.4538	20.9849	9.8825	-5.6967	1.9926	-2.3400	-0.1259	0.5055	-0.8501	0.0776	0.0135	0.6203	-0.9067	1.3303	-8.6191	4.4846	2.2699823597853745	0	2	7	PT	Normal
-2.7958	-7.2395	0.2292	62.6401	-20.6403	179.6772	-16.0673	20.2007	10.1715	-4.3844	1.4703	-3.9883	-0.1545	0.5110	-0.8402	0.0955	0.3501	-0.6995	-0.0875	1.5886	-8.7098	4.2175	-0.4565172198242875	0	2	7	PT	Normal
1.0726	-6.5505	5.4013	58.9826	-33.0049	170.6677	-12.3672	22.5397	11.4839	-1.6800	1.8540	1.1636	-0.2848	0.4503	-0.8204	0.2073	-0.0952	-6.9569	-0.2963	2.7526	-8.4045	4.2377	0.793680600345847	0	2	7	PT	Normal
-4.0217	-12.2577	3.8301	55.7775	-23.1051	176.2147	-10.1839	23.2477	11.9730	-6.1859	-4.1489	-1.2427	-0.1920	0.4522	-0.8624	0.1222	0.5535	1.0561	-1.1450	2.1642	-8.1089	5.0729	4.8994912295071735	0	2	7	Jump	Normal
-2.4511	-4.0600	-0.8051	61.9403	-45.1709	-166.2318	-11.3946	23.2253	12.6278	-5.7226	4.5940	-4.0571	-0.2700	0.5112	-0.8097	0.1013	-0.2784	2.5709	-0.2576	3.2715	-8.6540	3.2521	-8.646780339631617	0	2	7	Jump	Normal
-2.8724	-8.3887	3.7918	60.0799	-31.1396	-171.6275	-13.3129	22.6905	11.4247	-5.4019	0.1110	-0.3947	-0.1965	0.4979	-0.8415	0.0731	-0.6449	-1.3067	-0.1990	2.5295	-8.4997	4.1866	4.833211988710781	0	2	7	Jump	Normal
-1.7232	-6.0136	4.9410	64.1829	-35.4272	-170.5961	-12.2183	23.8011	11.1151	-4.1988	2.8142	1.4611	-0.2154	0.5255	-0.8176	0.0949	-0.8036	-0.6164	-0.1671	2.4756	-8.8279	3.4800	-1.6719916271702626	0	2	7	PT	Normal
-1.9537	-5.5929	3.3710	67.1523	-35.3944	-167.8042	-10.6186	23.5267	14.0916	-4.1590	3.4445	0.2671	-0.1959	0.5508	-0.8071	0.0829	-0.8856	0.9954	-0.1873	2.2054	-9.0374	3.1039	-1.15535329335777	0	2	7	PT	Normal
-9.0782	-12.9089	2.5277	69.6268	-23.8579	169.3131	-12.4442	23.3650	15.5028	-10.4589	-3.7157	-0.5945	-0.2210	0.5403	-0.7888	0.1923	0.0145	3.9589	0.4102	1.3807	-9.1933	3.1222	9.166335792423915	0	2	7	Jump	Normal
-1.8387	-13.2926	3.8307	52.6311	-20.7073	99.8641	-12.6712	26.6599	9.1829	-3.9433	-5.4987	-1.7367	-0.4040	0.2300	-0.6235	0.6286	0.3022	0.1058	0.5667	2.1045	-7.7939	5.5674	-2.027350385228262	0	3	8	Walk	Normal
-3.9840	-5.7078	-1.4174	60.5408	-21.8310	68.1517	-9.7280	27.9869	8.8309	-5.7774	2.8311	-5.8942	-0.5016	0.1419	-0.3961	0.7559	0.3181	-0.1221	-1.3561	1.7934	-8.5389	4.4769	-6.851685887764361	0	3	8	Run	Normal
-4.4813	-5.4007	4.4047	61.0547	-26.0995	52.5020	-10.9720	27.7309	9.2189	-6.5692	3.1810	0.1428	-0.5298	0.0444	-0.2683	0.8033	-1.0965	1.4193	-1.1707	2.0879	-8.5817	4.2620	1.1820508848874454	0	3	8	Walk	Normal
-3.2172	-7.0096	2.1829	63.1239	-28.0687	46.8014	-14.1367	26.3596	9.4366	-5.3030	1.7379	-1.7288	-0.5481	0.0120	-0.2118	0.8091	-0.5021	0.9644	-1.1078	2.0858	-8.7475	3.9117	-0.2699843711079346	0	3	8	Upright	Normal
-3.5620	-7.7758	1.6849	61.3967	-29.5340	42.7971	-17.0468	26.1783	9.4091	-5.8761	0.8342	-2.3996	-0.5396	-0.0239	-0.1822	0.8216	0.3171	0.4329	-1.1442	2.3141	-8.6100	4.0845	0.7016079979496812	0	0	8	Upright	Normal
-3.2178	-9.0405	1.9537	59.3890	-33.7700	43.5098	-18.4623	25.9562	8.1523	-5.9934	-0.6003	-2.1973	-0.5338	-0.0586	-0.1744	0.8253	0.8998	-1.9970	-0.8054	2.7756	-8.4402	4.1509	1.0757342208754057	0	0	8	Upright	Normal
-7.0479	-19.0381	8.3504	58.6103	-27.9874	34.6145	-17.6894	27.5820	7.0763	-9.4448	-10.6665	3.8401	-0.5162	-0.0600	-0.1387	0.8430	0.6974	-3.1752	0.3014	2.3969	-8.3716	4.5102	12.158164451462389	0	0	8	Upright	Normal
2.6438	-13.4069	9.3081	60.1754	-36.3749	38.6172	-13.9414	29.3666	8.1226	-0.2485	-4.8990	5.3814	-0.5388	-0.0974	-0.1241	0.8275	-0.1580	1.9189	-0.7500	2.8923	-8.5079	3.9266	-5.417044429180077	0	0	8	Upright	Normal
-0.9954	-9.0016	-0.1155	55.5585	-41.9440	51.7743	-15.0366	28.6874	6.8236	-4.7024	-0.9138	-4.2406	-0.5298	-0.0949	-0.2106	0.8161	-2.6966	-0.1189	-1.1847	3.7070	-8.0878	4.1251	-7.476861841574321	0	0	8	Upright	Normal
-6.7415	-8.1205	5.0176	58.4054	-45.7411	55.4987	-15.4763	28.0892	9.9814	-10.4209	0.2328	1.4323	-0.5558	-0.0909	-0.2067	0.8000	0.3480	1.5013	-0.3178	3.6794	-8.3534	3.5853	2.6289678975942063	0	0	8	Upright	Normal
-4.2521	-7.2784	1.9537	60.7360	-40.2056	51.9725	-15.1529	28.9295	9.3956	-7.3465	1.2769	-1.7074	-0.5567	-0.0585	-0.1988	0.8044	-0.3647	-0.1573	-0.1825	3.0944	-8.5552	3.6610	-3.033289130640936	0	1	9	PT	Normal
-2.0297	-8.2738	4.0983	62.2187	-37.0276	52.4857	-14.2120	28.6856	10.7900	-4.7821	0.4027	0.4494	-0.5597	-0.0272	-0.2118	0.8007	-0.4062	1.0454	-0.4658	2.7524	-8.6764	3.6489	0.8007664839343409	0	1	9	PT	Normal
-1.6849	-8.8484	3.8684	65.0574	-37.8475	54.1259	-13.4321	29.1988	10.3085	-4.2222	0.0438	0.6030	-0.5774	-0.0121	-0.2076	0.7896	-0.8739	0.5756	-0.0387	2.5373	-8.8922	3.2654	0.34928732922102235	0	1	9	Upright	Normal
-1.0337	-8.2355	3.4471	68.9445	-48.1712	62.0398	-11.7223	28.6985	12.5341	-3.6586	0.9167	1.0977	-0.6162	-0.0220	-0.1899	0.7640	-1.0838	-0.8689	-0.2986	2.6249	-9.1521	2.3493	-0.8154744774758136	0	0	9	Upright	Normal
-1.4551	-6.5116	3.1406	68.8126	-54.5712	65.7343	-8.9962	28.7543	15.7172	-4.3429	2.6323	1.0861	-0.6271	-0.0451	-0.1804	0.7565	0.3256	0.8697	-0.4635	2.8879	-9.1439	2.0545	-1.6130740473373253	0	0	9	Upright	Normal
-5.2092	-10.7637	1.7615	52.9563	-33.6594	48.3169	-10.6636	30.8185	10.7211	-8.4834	-2.9362	-3.1556	-0.4955	-0.0618	-0.2329	0.8345	1.0478	-1.8553	-0.7160	3.2742	-7.8275	4.9171	4.712623190239072	0	0	9	Upright	Normal
-5.7072	-8.5419	2.1063	51.6573	-34.0227	53.5878	-11.2780	32.4741	6.2357	-9.1110	-0.8502	-2.9359	-0.4906	-0.0473	-0.2742	0.8258	-0.1133	2.1618	-1.0537	3.4038	-7.6917	5.0422	-1.600226494512782	0	0	9	Upright	Normal
-0.4974	-5.7072	1.5700	52.2989	-39.2405	60.3340	-12.8815	31.0529	6.1051	-4.2910	2.0521	-3.0748	-0.5104	-0.0520	-0.2970	0.8054	-0.5884	-0.3799	-0.8630	3.7936	-7.7593	4.6448	-4.546715452350244	0	0	9	Upright	Normal
-4.1749	-8.4270	3.8301	58.2253	-45.1227	74.0554	-13.8170	30.1274	8.7394	-7.8340	-0.0899	0.1867	-0.5606	0.0030	-0.3368	0.7565	-1.0124	0.8856	-0.7863	3.6591	-8.3371	3.6434	4.214425236497063	0	0	9	Upright	Normal
-3.3321	-9.1548	0.5740	56.5243	-46.6250	78.6930	-15.5098	29.5160	9.5546	-7.2637	-0.9747	-3.1406	-0.5573	0.0061	-0.3679	0.7443	0.0571	-0.7730	-1.2267	3.9316	-8.1801	3.7146	-0.39525736683876467	0	0	9	Upright	Normal
-3.4854	-13.7900	0.7655	59.1674	-55.9094	89.2379	-17.2093	28.2706	11.3403	-7.6477	-5.3691	-2.0515	-0.5967	0.0161	-0.3748	0.7093	-0.1761	1.1391	-1.1266	4.1623	-8.4209	2.8171	4.484991965250337	0	0	10	Upright	Normal
-2.3744	-7.8907	1.4551	58.4163	-54.6337	93.7014	-18.4496	27.4970	10.7132	-6.5628	0.4634	-1.5176	-0.5888	0.0424	-0.4126	0.6938	-0.1271	1.4289	-0.5833	4.1884	-8.3541	2.9727	-5.876540516493259	0	0	10	Upright	Normal
-0.6123	-10.6871	1.4934	55.8694	-52.5386	93.5498	-19.8472	27.2432	9.2173	-4.9796	-2.5694	-1.8531	-0.5726	0.0383	-0.4353	0.6936	0.8902	-0.9041	-1.7082	4.3673	-8.1177	3.3465	2.440606379465777	0	0	10	Upright	Normal
-1.1486	-9.3847	2.2978	55.8505	-54.0242	97.1872	-21.4325	26.6951	8.7630	-5.6035	-1.2688	-0.9360	-0.5769	0.0475	-0.4497	0.6802	-0.5181	1.1753	-0.4384	4.4549	-8.1159	3.2338	-1.0783550430407391	0	0	10	Upright	Normal
-0.6512	-9.0022	1.4557	56.5563	-56.7623	99.8397	-21.1983	27.0524	9.4121	-5.1713	-0.8190	-1.5064	-0.5887	0.0494	-0.4478	0.6712	0.0273	0.4744	-0.7102	4.5201	-8.1832	2.9621	-0.587582136428292	0	0	10	Upright	Normal
-1.1109	-9.2703	1.8004	57.1268	-56.2853	99.4616	-21.2719	26.8735	9.1909	-5.5382	-1.0337	-1.1539	-0.5886	0.0539	-0.4451	0.6727	-0.0419	-0.2585	-0.4396	4.4273	-8.2367	2.9543	0.36626847115043226	0	0	10	Upright	Normal
-0.9954	-9.0016	1.8765	57.8696	-56.4454	100.3227	-20.6436	27.2423	9.9984	-5.3416	-0.6967	-1.0062	-0.5909	0.0622	-0.4455	0.6697	0.0539	0.1698	-0.6218	4.3462	-8.3049	2.8826	-0.25979631799325986	0	0	10	Upright	Normal
-1.0726	-9.9599	2.1069	58.1150	-56.3279	100.5128	-20.7126	26.6069	9.8872	-5.3835	-1.6328	-0.7651	-0.5910	0.0654	-0.4460	0.6690	0.0124	-0.3533	-0.7144	4.3109	-8.3270	2.8720	0.9878236181395348	0	0	10	Upright	Normal
-0.9960	-9.2320	2.2218	58.3171	-57.7651	104.1359	-20.3184	26.5986	10.3182	-5.3527	-0.8868	-0.5254	-0.5950	0.0772	-0.4584	0.6557	-0.0728	0.3327	-0.8124	4.3567	-8.3453	2.7472	-0.6889723883526937	0	0	10	Upright	Normal
-1.1869	-9.5762	1.8381	58.8859	-58.7180	105.0959	-21.1104	26.5097	10.1366	-5.5176	-1.1802	-0.7931	-0.5995	0.0805	-0.4560	0.6529	0.1839	-0.2585	-0.5597	4.3307	-8.3960	2.6312	0.27529767756014856	0	0	11	Upright	Normal
-1.6083	-9.4613	1.7998	59.4878	-57.7994	105.1471	-20.8553	27.0686	9.9321	-5.8212	-1.0124	-0.8532	-0.5972	0.0899	-0.4579	0.6524	0.0518	-0.0604	-0.5906	4.2129	-8.4488	2.6531	-0.05865205423604536	0	0	11	Upright	Normal
-1.1875	-9.4619	1.6089	59.7901	-58.3521	105.9693	-20.8892	26.6563	10.3962	-5.3879	-0.9869	-0.9800	-0.5995	0.0931	-0.4581	0.6497	-0.0249	0.0334	-0.6908	4.2003	-8.4750	2.5889	-0.09343047468422405	0	0	11	Upright	Normal
-1.2641	-9.3470	1.9154	59.9141	-58.3739	108.0847	-20.7270	26.8959	10.2182	-5.4498	-0.8613	-0.6623	-0.5980	0.1048	-0.4693	0.6413	0.0689	0.0174	-0.6940	4.1857	-8.4856	2.5777	-0.046287720860972215	0	0	11	Upright	Normal
-1.3408	-9.1171	1.7238	59.9731	-57.9557	109.2178	-20.8871	27.0602	9.5222	-5.5001	-0.6264	-0.8797	-0.5953	0.1134	-0.4775	0.6362	0.0188	-0.0220	-0.6237	4.1593	-8.4907	2.6035	-0.24960389461916677	0	0	11	Upright	Normal
-1.3408	-9.2320	1.5706	60.7603	-57.5858	109.6545	-20.8741	26.4907	9.5729	-5.3844	-0.6747	-0.9970	-0.5950	0.1229	-0.4777	0.6346	-0.0004	0.0313	-0.4686	4.0437	-8.5573	2.5676	0.08513977649015914	0	0	11	Upright	Normal
-1.3018	-9.6528	1.2635	61.3955	-56.8948	109.6245	-20.4047	27.2801	9.2496	-5.2345	-1.0430	-1.3007	-0.5934	0.1308	-0.4777	0.6344	0.0699	0.0760	-0.6593	3.9326	-8.6098	2.5642	0.36164907183121997	0	0	11	Upright	Normal
-1.4557	-9.3853	1.9537	61.7319	-57.4721	111.4133	-20.3748	27.3096	8.8459	-5.3712	-0.7480	-0.5435	-0.5944	0.1391	-0.4828	0.6278	-0.0121	-0.0135	-0.6433	3.9156	-8.6372	2.4972	-0.1254112656192916	0	0	11	Upright	Normal
-1.4174	-9.3853	1.6089	61.9301	-58.1439	112.9624	-20.2236	27.3439	9.1204	-5.3367	-0.7320	-0.8264	-0.5957	0.1448	-0.4868	0.6223	-0.0472	0.0281	-0.6625	3.9193	-8.6532	2.4354	-0.0692640588131681	0	0	11	Upright	Normal
-1.6472	-9.3470	1.7238	62.1605	-58.3264	114.0697	-20.0996	26.9048	9.1076	-5.5445	-0.6752	-0.6807	-0.5954	0.1511	-0.4906	0.6180	0.0145	0.0131	-0.6508	3.8973	-8.6718	2.4045	0.01918358675924381	0	0	11	Upright	Normal
-1.5323	-9.3087	1.7621	62.4379	-58.6309	115.1887	-19.6259	27.2310	9.2788	-5.4064	-0.6147	-0.5997	-0.5957	0.1572	-0.4935	0.6139	0.0007	-0.0039	-0.6317	3.8741	-8.6939	2.3619	-0.04917716640102121	1	0	12	Upright	Normal
-1.4174	-9.3087	1.7238	62.5287	-58.5835	116.1407	-20.9639	27.2652	9.5930	-5.2779	-0.6077	-0.6342	-0.5943	0.1630	-0.4984	0.6098	0.0199	0.0120	-0.6466	3.8605	-8.7010	2.3580	-0.024644772288395345	1	0	12	Upright	Normal
-1.3791	-9.2320	1.7238	62.4248	-58.5913	117.8181	-20.0222	26.7676	9.2895	-5.2535	-0.5393	-0.6418	-0.5918	0.1709	-0.5078	0.6023	-0.0142	0.1303	-0.6690	3.8744	-8.6927	2.3656	-0.08020895512111004	1	0	12	Upright	Normal
-1.2258	-9.4619	1.8004	62.5367	-58.4886	118.5245	-21.1111	26.1985	9.6612	-5.0814	-0.7603	-0.5634	-0.5904	0.1758	-0.5114	0.5991	0.0667	0.0216	-0.6456	3.8556	-8.7016	2.3638	0.21708261957139818	1	0	12	Upright	Normal
-1.3785	-9.3081	2.0297	62.5695	-58.7139	120.0955	-20.5871	27.0682	9.2200	-5.2391	-0.6039	-0.3163	-0.5890	0.1830	-0.5183	0.5925	-0.0078	0.0046	-0.6541	3.8607	-8.7041	2.3460	-0.08331391951007916	1	0	12	Upright	Normal
-1.5700	-9.3464	1.6849	62.4835	-58.8490	121.2031	-20.6020	26.9998	9.6331	-5.4471	-0.6488	-0.6586	-0.5877	0.1874	-0.5237	0.5875	-0.0355	0.0366	-0.6625	3.8771	-8.6975	2.3435	-8.722177319953062E-5	1	0	12	Upright	Normal
-1.4934	-9.4230	1.9914	62.7749	-58.6611	121.6579	-20.4041	27.6397	9.4791	-5.3249	-0.7025	-0.3418	-0.5864	0.1927	-0.5255	0.5855	0.0135	-0.0369	-0.5783	3.8315	-8.7204	2.3331	0.12026870890400687	1	0	12	Upright	Normal
-1.5706	-9.1171	1.7621	62.9833	-58.0655	122.3041	-20.4576	27.4378	9.1840	-5.3507	-0.3804	-0.5939	-0.5828	0.2004	-0.5307	0.5818	0.0422	0.1143	-0.6209	3.7801	-8.7367	2.3560	-0.3285110425836333	1	0	12	Upright	Normal
-1.3402	-9.5379	1.6466	63.1026	-57.5870	122.6466	-20.2134	27.6846	9.0507	-5.0853	-0.7920	-0.7313	-0.5802	0.2054	-0.5343	0.5795	0.0167	-0.0092	-0.6305	3.7451	-8.7459	2.3779	0.3536223086991175	1	0	12	Upright	Normal
-1.4557	-9.3470	1.8004	63.3337	-57.3319	123.7374	-20.6788	26.8641	8.8999	-5.1604	-0.5831	-0.5751	-0.5772	0.2137	-0.5398	0.5742	0.0390	0.0589	-0.6273	3.7047	-8.7638	2.3755	-0.14185224639444804	1	0	12	Upright	Normal
-1.4557	-9.3470	1.7615	63.3541	-57.2754	124.9026	-20.1590	27.3646	8.9649	-5.1555	-0.5816	-0.6159	-0.5748	0.2200	-0.5458	0.5686	-0.0089	0.0206	-0.6556	3.6998	-8.7653	2.3774	-0.007197156611844946	2	0	13	Upright	Normal
-1.3785	-9.3464	1.8381	63.3632	-57.5413	126.1486	-20.8653	27.3132	9.3625	-5.0880	-0.5803	-0.5213	-0.5737	0.2250	-0.5506	0.5632	0.0018	0.0035	-0.6556	3.7095	-8.7661	2.3595	0.002375200671577815	2	0	13	Upright	Normal
-1.4940	-9.3470	1.8004	63.5321	-57.9480	127.3980	-20.8535	27.5635	9.1657	-5.1983	-0.5680	-0.5189	-0.5733	0.2304	-0.5538	0.5582	-0.0046	-0.0540	-0.6066	3.7043	-8.7789	2.3194	0.010686180267269307	2	0	13	Upright	Normal
-1.4551	-9.3847	1.7232	63.5896	-57.9040	127.9895	-20.1599	27.2272	9.1431	-5.1502	-0.6014	-0.5944	-0.5719	0.2340	-0.5566	0.5553	0.0167	0.0035	-0.6481	3.6952	-8.7833	2.3176	0.01656211194559276	2	0	13	Upright	Normal
-1.5317	-9.3081	1.7232	63.5510	-57.9896	129.0704	-20.5714	27.3629	8.4265	-5.2352	-0.5278	-0.5920	-0.5701	0.2387	-0.5616	0.5502	0.0050	0.0280	-0.6588	3.7035	-8.7803	2.3152	-0.06252601107941302	2	0	13	Upright	Normal
-1.4934	-9.3081	1.8381	63.5462	-58.0973	130.1101	-20.3050	27.6245	8.2538	-5.2019	-0.5281	-0.4703	-0.5684	0.2433	-0.5660	0.5453	0.0124	0.0216	-0.6556	3.7085	-8.7800	2.3085	0.015282441816298231	2	0	13	Upright	Normal
-1.4551	-9.4996	1.7998	63.4814	-58.0913	131.3592	-20.3847	26.5467	8.3130	-5.1719	-0.7245	-0.5145	-0.5657	0.2491	-0.5723	0.5389	0.0071	0.0323	-0.6679	3.7168	-8.7750	2.3143	0.17281005720700726	2	0	13	Upright	Normal
-1.4940	-9.2320	1.8004	63.3563	-58.3145	132.8392	-21.0593	27.1345	7.9580	-5.2358	-0.4666	-0.5092	-0.5635	0.2545	-0.5788	0.5318	-0.0046	0.0195	-0.6636	3.7418	-8.7655	2.3097	-0.25364597490667684	2	0	13	Upright	Normal
-1.5706	-9.3087	1.8004	63.3606	-58.2760	133.7480	-20.6262	27.2000	8.7084	-5.3105	-0.5429	-0.5115	-0.5612	0.2591	-0.5831	0.5271	0.0018	0.0110	-0.6423	3.7399	-8.7658	2.3119	0.08658854712775543	2	0	13	Upright	Normal
-1.4940	-9.3087	1.8381	63.4224	-58.0692	134.5047	-20.8395	26.6693	8.9659	-5.2174	-0.5381	-0.4823	-0.5585	0.2642	-0.5873	0.5229	0.0092	0.0163	-0.6370	3.7234	-8.7706	2.3204	-0.005077987382502869	3	0	14	Upright	Normal
-1.4168	-9.4230	1.8381	63.4149	-58.1282	135.4991	-20.4995	26.5515	8.3548	-5.1438	-0.6530	-0.4791	-0.5565	0.2687	-0.5916	0.5179	0.0028	0.0067	-0.6589	3.7270	-8.7700	2.3173	0.09924088203205628	3	0	14	Upright	Normal
-1.5317	-9.3081	1.8381	63.4043	-58.5320	136.6780	-21.1129	26.8306	8.5743	-5.2761	-0.5388	-0.4536	-0.5558	0.2725	-0.5949	0.5127	-0.0089	-0.0423	-0.6472	3.7444	-8.7692	2.2917	-0.0938858970603409	3	0	14	Upright	Normal
-1.5317	-9.3081	1.7998	63.4640	-58.8793	137.6815	-20.9722	27.5268	7.9637	-5.2822	-0.5344	-0.4645	-0.5552	0.2763	-0.5974	0.5084	0.0007	-0.0295	-0.6451	3.7505	-8.7737	2.2643	-0.007251498059027028	3	0	14	Upright	Normal
-1.4934	-9.3847	1.7615	63.4663	-58.9074	138.4802	-20.4481	27.2548	8.1473	-5.2445	-0.6107	-0.5007	-0.5534	0.2800	-0.6008	0.5043	0.0050	-0.0157	-0.6440	3.7511	-8.7740	2.2622	0.061220884704219714	3	0	14	Upright	Normal
-1.5317	-9.3847	1.7232	63.4771	-59.0729	139.3997	-20.9536	27.4106	8.6979	-5.2882	-0.6101	-0.5273	-0.5520	0.2838	-0.6040	0.4999	0.0156	0.0003	-0.6589	3.7565	-8.7746	2.2505	-9.107159234620354E-4	3	0	14	Upright	Normal
-1.4168	-9.3081	1.8381	63.4266	-59.2286	140.3566	-21.0498	27.6282	8.1767	-5.1860	-0.5372	-0.4061	-0.5504	0.2874	-0.6077	0.4952	-0.0036	-0.0189	-0.6419	3.7692	-8.7709	2.2443	-0.07070015732859858	3	0	14	Upright	Normal
-1.5317	-9.3464	1.7998	63.4285	-59.3455	141.4424	-20.5504	27.4573	8.8920	-5.3051	-0.5754	-0.4366	-0.5483	0.2921	-0.6118	0.4897	0.0071	0.0087	-0.6535	3.7734	-8.7710	2.2365	0.04751722278860804	3	0	14	Upright	Normal
-1.4934	-9.3847	1.7998	63.3572	-59.1830	142.3137	-20.8664	27.0754	8.7341	-5.2699	-0.6192	-0.4530	-0.5452	0.2965	-0.6166	0.4844	0.0199	0.0588	-0.6663	3.7766	-8.7655	2.2528	0.031147603731641382	3	0	14	Upright	Normal
-1.4934	-9.3847	1.8765	63.2617	-59.0397	143.2463	-21.1288	27.2946	7.9779	-5.2768	-0.6265	-0.3932	-0.5420	0.3008	-0.6217	0.4788	0.0007	0.0279	-0.6567	3.7834	-8.7581	2.2697	0.014566179445413496	3	0	14	Upright	Normal
-1.3408	-9.3470	1.8771	63.1523	-59.0933	144.0519	-21.0374	27.8915	8.1885	-5.1407	-0.5972	-0.3977	-0.5402	0.3037	-0.6253	0.4743	0.0060	0.0108	-0.6642	3.7999	-8.7498	2.2748	-0.058840332953346675	4	0	15	Upright	Normal
-1.4557	-9.3470	1.9537	63.1020	-59.0548	144.8777	-20.9325	26.9582	8.4428	-5.2605	-0.6011	-0.3276	-0.5378	0.3074	-0.6291	0.4696	0.0060	-0.0051	-0.6503	3.8048	-8.7459	2.2812	0.03187455652475357	4	0	15	Upright	Normal
-1.5700	-9.2698	1.9148	63.0894	-59.0651	145.7671	-21.0260	26.4210	8.2846	-5.3769	-0.5249	-0.3668	-0.5354	0.3114	-0.6328	0.4647	-0.0131	0.0066	-0.6535	3.8069	-8.7448	2.2815	-0.0644984764215284	4	0	15	Upright	Normal
-1.3408	-9.2703	1.9154	63.0732	-58.9456	146.8105	-21.2234	27.5319	8.3787	-5.1451	-0.5267	-0.3754	-0.5319	0.3166	-0.6376	0.4585	-0.0067	0.0002	-0.6407	3.8044	-8.7436	2.2908	-0.03422491500266389	4	0	15	Upright	Normal
-1.3408	-9.4236	1.9154	63.0481	-59.0874	147.7812	-20.5730	27.0245	8.4819	-5.1541	-0.6819	-0.3680	-0.5300	0.3204	-0.6409	0.4535	-0.0046	-0.0094	-0.6588	3.8134	-8.7417	2.2833	0.14871791064033069	4	0	15	Upright	Normal
-1.4940	-9.1937	1.9920	63.0907	-59.4213	148.8279	-20.6149	27.1649	7.9156	-5.3148	-0.4488	-0.2658	-0.5289	0.3242	-0.6433	0.4486	-0.0121	-0.0477	-0.6450	3.8208	-8.7450	2.2577	-0.1843861017027244	4	0	15	Upright	Normal
-1.5317	-9.3081	1.9148	63.2400	-59.8565	150.1087	-20.3586	27.0007	8.8314	-5.3498	-0.5516	-0.3024	-0.5277	0.3294	-0.6456	0.4431	-0.0142	-0.0360	-0.6375	3.8182	-8.7565	2.2172	0.10073158008369099	4	0	15	Upright	Normal
-1.6089	-9.2703	1.7238	63.3191	-60.1611	151.0718	-20.6299	27.0670	8.1934	-5.4284	-0.5077	-0.4670	-0.5265	0.3332	-0.6475	0.4387	-0.0153	-0.0317	-0.6604	3.8195	-8.7626	2.1908	-0.060172513943996364	4	0	15	Upright	Normal
-1.4934	-9.3464	1.7998	63.3436	-60.5943	152.3878	-21.0376	27.0904	8.9736	-5.3261	-0.5819	-0.3602	-0.5251	0.3378	-0.6504	0.4326	-0.0270	-0.0445	-0.6487	3.8327	-8.7644	2.1600	0.06907357982781193	4	0	15	Upright	Normal
-1.6466	-9.3847	1.7232	63.3726	-60.6153	153.1583	-20.7208	26.8709	8.8711	-5.4763	-0.6180	-0.4334	-0.5229	0.3414	-0.6531	0.4283	0.0188	0.0024	-0.6529	3.8297	-8.7667	2.1566	0.04807008944134772	4	0	15	Upright	Normal
-1.5317	-9.3081	1.7232	63.3698	-60.7058	154.1699	-20.5886	27.0866	8.7466	-5.3651	-0.5417	-0.4275	-0.5204	0.3457	-0.6564	0.4228	-0.0110	-0.0253	-0.6497	3.8334	-8.7664	2.1507	-0.09324696468606675	5	0	16	Upright	Normal
Total time: 16 seconds.
