-2.1063	9.2326	1.6083	-72.4914	41.1662	44.0004	6.4890	-20.0811	-10.4623	-0.1642	-0.1196	-0.6126	0.6194	0.0555	-0.0901	0.7779	0.2575	-0.3699	-0.0309	-1.9421	9.3522	2.2209	-0.5165621579754376	1	0	1	Upright	Normal
-1.6849	8.8496	2.2595	-73.9565	42.1475	45.4496	5.2092	-21.5481	-9.7439	0.1336	-0.5752	0.2505	0.6287	0.0481	-0.0885	0.7711	0.4524	-0.0525	0.2546	-1.8185	9.4248	2.0090	-0.31780988498849894	0	0	1	Upright	Normal
-2.0297	8.8113	1.3402	-76.2698	40.9539	45.8501	4.5611	-22.2910	-9.3428	-0.5040	-0.7151	-0.4176	0.6400	0.0281	-0.0881	0.7628	0.1158	-0.3529	0.2365	-1.5257	9.5264	1.7578	-0.14677395664984338	0	0	1	Upright	Normal
-2.1829	10.7266	3.4471	-78.2702	41.2222	46.3077	3.5359	-23.3919	-8.5071	-0.8692	1.1248	1.9478	0.6505	0.0188	-0.0812	0.7549	0.3981	0.1638	0.3760	-1.3137	9.6018	1.4992	2.335555262244391	0	0	1	Upright	Normal
-2.9108	12.1057	3.2555	-78.9188	35.8720	42.1969	2.8365	-24.2936	-8.2524	-1.8064	2.4819	1.7285	0.6497	0.0042	-0.0818	0.7558	0.1392	-0.5116	0.2428	-1.1043	9.6238	1.5271	1.3929160961126286	0	0	1	Upright	Normal
-3.1789	13.5997	2.2212	-76.8727	32.2698	40.0361	1.5779	-24.9726	-8.2428	-1.9900	4.0492	0.3385	0.6356	0.0001	-0.0952	0.7661	-0.4722	-0.4136	-0.0927	-1.1889	9.5505	1.8827	1.2725119913806626	0	0	1	Upright	Normal
-0.4974	9.6157	0.1909	-75.4321	36.3687	45.9045	1.7002	-23.7122	-9.7837	0.9650	0.1242	-1.7946	0.6315	0.0007	-0.1173	0.7665	-0.0568	0.1872	-0.4016	-1.4624	9.4915	1.9855	-4.511368352381943	0	0	1	Upright	Normal
6.5128	7.1257	-1.1498	-85.0040	4.7689	10.5584	2.8271	-23.9303	-9.5838	6.5838	-2.6436	-1.9992	0.6751	-0.0316	-0.0398	0.7360	0.1339	0.3214	1.4369	-0.0709	9.7694	0.8493	0.09139359951979031	0	0	1	Upright	Normal
2.1458	8.5431	1.2635	-80.2811	-13.6000	-6.3958	1.4116	-24.8179	-9.4651	1.7567	-1.1229	-0.3448	0.6442	-0.0547	-0.0339	0.7621	-0.5639	-0.2048	-1.0750	0.3891	9.6660	1.6083	-0.8232208444458546	0	0	1	Upright	Normal
-4.2132	7.5088	1.0720	-81.0262	21.6904	24.7058	3.6659	-23.3833	-10.2262	-3.6479	-2.1778	-0.3490	0.6539	0.0032	-0.0403	0.7555	0.1105	1.8394	0.1351	-0.5653	9.6866	1.4210	-0.2220826006222527	0	0	1	Upright	Normal
0.7667	6.2064	1.4551	-82.7884	22.5948	15.8382	6.6481	-24.1854	-8.1819	1.2397	-3.5226	0.3189	0.6625	0.0562	0.0270	0.7465	0.1286	0.9180	0.2757	-0.4730	9.7290	1.1362	-2.2559039864461115	0	0	2	Upright	Normal
0.3071	11.0714	2.7192	-82.3442	3.3373	-4.4316	7.5364	-25.4470	-7.7769	0.3831	1.3520	1.4163	0.6568	0.0474	0.0483	0.7511	-0.3391	-0.3135	0.3045	-0.0760	9.7194	1.3029	4.983937113321647	0	0	2	Upright	Normal
-1.9537	12.9095	2.7581	-82.0443	12.9837	7.7994	6.5811	-25.6279	-8.1411	-1.6487	3.1973	1.4359	0.6564	0.0407	0.0231	0.7529	0.0295	-0.0866	-0.4094	-0.3050	9.7122	1.3222	1.9400624210016026	0	0	2	Upright	Normal
-0.5363	13.8289	3.6392	-80.6746	32.6801	24.5809	8.0225	-25.7975	-7.3911	0.3217	4.1518	2.3020	0.6526	0.0773	0.0222	0.7534	0.2425	-0.6000	-0.3955	-0.8580	9.6771	1.3372	0.9651487681654505	0	0	2	Upright	Normal
-1.7232	8.9262	-0.8434	-80.4860	38.2437	40.6053	7.5061	-25.5912	-8.2719	-0.7198	-0.7455	-2.1163	0.6592	0.0227	-0.0518	0.7498	0.0732	-2.2778	-0.3188	-1.0035	9.6717	1.2730	-5.179734069131488	0	0	2	Upright	Normal
-1.1869	7.8153	-3.1418	-82.3805	37.3343	49.9441	3.2738	-26.8809	-9.1050	-0.3983	-1.9047	-4.1755	0.6673	-0.0451	-0.1099	0.7353	0.0401	-0.9345	0.0359	-0.7886	9.7200	1.0337	-0.6236655172816441	0	0	2	Upright	Normal
-1.4174	7.9679	3.6392	-79.3897	35.9985	47.5308	2.2062	-25.1721	-10.6001	-0.3564	-1.6712	2.1790	0.6518	-0.0272	-0.1143	0.7493	0.0859	-0.4285	-0.0887	-1.0609	9.6391	1.4602	0.3671859436813474	0	0	2	Upright	Normal
-1.2252	8.8113	-0.3071	-78.0838	25.6199	46.9891	0.4123	-24.6144	-11.8275	-0.3496	-0.7840	-2.1328	0.6319	-0.0869	-0.1738	0.7502	-0.0482	-0.5372	0.0246	-0.8757	9.5952	1.8257	0.027803846626742512	0	0	2	Upright	Normal
-0.6123	9.9988	0.9188	-81.6724	31.9179	55.0724	-1.0069	-24.7524	-11.9683	0.1384	0.2955	-0.2863	0.6537	-0.1062	-0.1769	0.7281	0.6740	-0.7577	0.2824	-0.7507	9.7033	1.2050	1.1582052818403579	0	0	2	Upright	Normal
0.7667	16.5110	1.0720	-82.3104	21.4984	45.6020	-1.6143	-26.1934	-11.4851	1.2474	6.7925	-0.1480	0.6505	-0.1211	-0.1735	0.7294	-0.5617	0.6357	-0.0052	-0.4806	9.7185	1.2200	6.503939738279961	0	0	2	Upright	Normal
-0.7272	11.9908	0.9954	-76.5308	9.2988	33.0117	-2.1452	-23.3083	-12.4739	-0.3582	2.4538	-1.2583	0.6099	-0.1144	-0.1742	0.7646	-1.0251	0.1904	0.1652	-0.3690	9.5370	2.2537	-4.5095175417947075	0	1	3	Jump	Normal
0.5369	9.5391	1.6466	-75.2966	10.3490	30.8476	-2.2214	-21.4041	-14.6561	0.9842	0.0536	-0.8018	0.6054	-0.0930	-0.1566	0.7748	0.2777	1.3537	0.0800	-0.4473	9.4855	2.4484	-2.3589512506045534	0	1	3	PT	Normal
4.4059	7.1641	0.7655	-77.1310	-4.7073	6.7492	1.5990	-21.9166	-13.7105	4.2268	-2.3963	-1.4105	0.6199	-0.0687	-0.0715	0.7783	-0.3828	1.2173	0.6802	0.1791	9.5603	2.1760	-1.2497973494052435	0	1	3	PT	Normal
-1.3018	7.9302	3.5237	-74.2147	-11.3997	-3.1074	3.0286	-20.5289	-14.0437	-1.8290	-1.5067	0.9090	0.6023	-0.0629	-0.0384	0.7949	0.0454	-0.1260	0.1859	0.5272	9.4369	2.6146	0.32966815826017104	0	1	3	Upright	Normal
0.0389	7.0491	2.2595	-75.1893	-7.6494	-5.1066	3.5943	-20.9966	-13.7448	-0.2946	-2.4318	-0.2246	0.6105	-0.0257	-0.0054	0.7916	0.2638	1.6136	0.0602	0.3335	9.4809	2.4841	-1.3724430266834178	0	0	3	Upright	Normal
0.6518	7.9685	3.2172	-77.1361	-9.4363	-12.4224	6.6317	-22.1620	-11.8392	0.2940	-1.5920	1.0641	0.6247	0.0033	0.0333	0.7802	0.5706	0.3917	0.3702	0.3578	9.5605	2.1531	1.2156560109325705	0	0	3	Upright	Normal
-0.3442	8.5431	3.0257	-77.5942	-17.4295	-22.8367	7.3011	-23.6165	-11.2401	-0.9750	-1.0346	1.0159	0.6305	0.0069	0.0595	0.7739	0.5365	0.3182	0.3894	0.6309	9.5777	2.0098	0.4514811694639498	0	0	3	Upright	Normal
1.1115	14.2509	4.3664	-79.1738	-9.5799	-18.4224	7.2676	-25.5717	-9.1002	0.8052	4.6187	2.5510	0.6372	0.0381	0.0704	0.7665	0.1232	0.9968	-0.5663	0.3063	9.6322	1.8154	5.876590776314902	0	0	3	Upright	Normal
-0.5357	13.3698	1.9148	-78.9106	2.4910	-6.2869	8.4319	-25.5231	-8.5938	-0.4537	3.7463	0.0304	0.6334	0.0516	0.0561	0.7700	-0.2252	-0.1867	-0.4992	-0.0820	9.6235	1.8844	-1.4293643526883049	0	0	3	Upright	Normal
-0.4214	11.0708	2.0303	-78.8233	14.4439	4.8176	9.8298	-24.0179	-9.1023	0.0528	1.4501	0.1896	0.6334	0.0706	0.0475	0.7691	0.1434	0.2501	-0.3767	-0.4742	9.6207	1.8407	-2.2535236769894915	0	1	4	PT	Normal
-0.8045	8.4276	-0.4214	-77.1292	20.4762	17.3999	9.5209	-23.7190	-9.0081	-0.0404	-1.1326	-2.4674	0.6274	0.0446	-0.0069	0.7773	-0.3359	-1.9220	-0.6675	-0.7640	9.5602	2.0460	-2.7869237565686653	0	1	4	PT	Normal
-2.0303	7.7381	-0.4980	-77.0970	26.9180	30.7406	6.9657	-23.1200	-11.1411	-1.0392	-1.8211	-2.4497	0.6327	0.0149	-0.0617	0.7718	-0.1133	-0.2314	-0.3128	-0.9910	9.5591	1.9517	-0.46088839877046794	0	1	4	PT	Normal
-1.7238	7.6231	2.1835	-76.6289	34.1778	41.3786	6.2798	-23.4990	-10.8163	-0.4498	-1.9176	0.3075	0.6358	0.0063	-0.0945	0.7660	-0.1857	-1.0900	-0.2265	-1.2740	9.5407	1.8760	0.09934655283493932	0	1	4	Upright	Normal
-1.6472	8.8490	1.0726	-76.7541	31.8212	45.5687	4.5094	-23.1845	-11.3527	-0.4625	-0.6969	-0.8362	0.6337	-0.0331	-0.1350	0.7610	0.5557	-0.7982	0.0697	-1.1847	9.5458	1.9088	0.9498352206378993	0	0	4	Upright	Normal
-1.1109	12.1817	1.9154	-79.4118	35.3586	52.5440	3.1010	-24.1870	-10.9060	-0.0682	2.5420	0.4461	0.6492	-0.0599	-0.1505	0.7431	0.2958	-0.1004	0.0644	-1.0427	9.6397	1.4693	3.316616662854562	0	0	4	Upright	Normal
-1.6849	13.2549	1.4551	-78.7694	22.7311	41.9156	1.7738	-24.2196	-10.7895	-0.9469	3.6360	-0.3063	0.6354	-0.0803	-0.1543	0.7523	-0.2252	-0.0152	0.1965	-0.7380	9.6189	1.7614	1.0592541548195271	0	0	4	Upright	Normal
-0.8045	12.1817	2.1452	-76.8413	19.0022	37.0250	1.0483	-23.4326	-11.2500	-0.0777	2.6326	0.0349	0.6223	-0.0720	-0.1481	0.7653	-0.6065	0.2948	0.0441	-0.7268	9.5491	2.1103	-1.0452793796263737	0	0	4	Upright	Normal
1.3791	9.1937	0.4597	-80.7899	21.5124	31.4436	3.3534	-23.1227	-10.8906	1.9544	-0.4865	-0.9997	0.6514	-0.0357	-0.0863	0.7530	0.6792	1.1342	0.5116	-0.5754	9.6802	1.4594	-3.0873587446536632	0	0	4	Upright	Normal
2.4517	7.2784	2.8347	-79.3343	-6.2113	-1.0568	4.6381	-23.4324	-9.0051	2.2555	-2.3589	1.0312	0.6378	-0.0358	-0.0275	0.7689	-0.6768	0.1989	-0.0381	0.1962	9.6373	1.8036	-1.1212553329555899	0	0	4	Upright	Normal
-1.9154	8.1977	1.5323	-78.2851	-6.7759	-1.7593	4.4713	-22.9691	-9.4927	-2.1501	-1.4045	-0.4449	0.6308	-0.0362	-0.0254	0.7747	0.1605	0.6719	0.2070	0.2348	9.6022	1.9772	0.3701451507422959	0	0	5	Upright	Normal
0.3448	7.4699	2.2218	-80.2023	-3.1660	-5.0429	5.7618	-23.4781	-9.0120	0.2527	-2.1937	0.5559	0.6442	0.0072	0.0159	0.7646	0.5418	0.8967	0.2048	0.0920	9.6636	1.6659	-0.755867240401475	0	0	5	Upright	Normal
0.5363	9.6151	3.2561	-80.1567	-18.0682	-22.0319	6.9596	-23.9110	-7.5934	0.0166	-0.0473	1.6631	0.6471	0.0036	0.0452	0.7610	0.1913	-0.0621	0.5478	0.5197	9.6624	1.5930	2.3646842878639323	0	0	5	Upright	Normal
0.3454	11.9525	2.8341	-80.0062	-18.0662	-23.5499	6.5462	-24.9049	-6.9414	-0.1823	2.2945	1.2166	0.6461	0.0118	0.0556	0.7612	0.0518	0.4716	-0.2769	0.5276	9.6579	1.6176	2.123136752165024	0	0	5	Upright	Normal
0.0389	14.4807	3.5620	-80.5258	-1.5661	-9.1393	8.7430	-25.2777	-5.2933	-0.0051	4.8079	1.9484	0.6450	0.0411	0.0520	0.7613	0.1082	-0.3529	-0.3962	0.0440	9.6729	1.6135	2.6236488045100153	0	0	5	Upright	Normal
-0.5740	7.8919	0.3059	-80.9253	4.3618	-1.6219	7.9428	-25.1953	-5.8290	-0.4564	-1.7921	-1.2357	0.6480	0.0381	0.0355	0.7598	-0.0313	-0.3987	-0.1086	-0.1176	9.6839	1.5416	-6.993753944340825	0	0	5	Upright	Normal
-1.0720	9.5008	-2.6821	-82.5461	5.7844	10.9450	7.2557	-24.1786	-5.7691	-0.9438	-0.2231	-3.9467	0.6595	-0.0251	-0.0385	0.7503	0.4832	-2.3162	-0.1693	-0.1282	9.7239	1.2646	2.011500954020014	0	0	5	Upright	Normal
-0.6512	8.0828	-1.7621	-84.4107	12.1042	20.7659	4.9207	-23.9606	-7.2396	-0.4513	-1.6773	-2.6942	0.6712	-0.0436	-0.0631	0.7372	-0.2998	0.4684	-0.3067	-0.1999	9.7601	0.9321	-1.6319230187498963	0	0	5	Upright	Normal
-2.1452	7.5848	3.7158	-81.6235	18.2843	29.1165	5.6300	-23.5086	-6.4880	-1.6972	-2.1172	2.3604	0.6548	-0.0458	-0.0873	0.7493	-0.0281	-2.0626	-0.0340	-0.4480	9.7021	1.3554	0.41601953549372617	0	0	5	Upright	Normal
-0.8039	9.5008	-1.2264	-82.6365	10.3458	30.6080	2.0753	-23.4142	-7.3640	-0.5782	-0.2251	-2.4618	0.6521	-0.1083	-0.1400	0.7371	0.2351	-0.5063	0.0413	-0.2257	9.7258	1.2354	0.8990438593557553	0	0	5	Upright	Normal
-0.9194	11.6837	4.0606	-82.4179	13.4925	32.7356	1.4718	-24.0823	-7.1183	-0.6177	1.9626	2.8038	0.6527	-0.0996	-0.1363	0.7386	0.5408	-0.0376	0.1105	-0.3017	9.7211	1.2568	2.790031462236419	0	1	6	PT	Normal
0.3454	12.6420	-0.1155	-80.7788	-0.7496	20.4628	2.0076	-23.6649	-6.4985	0.3249	2.9621	-1.6866	0.6368	-0.1200	-0.1395	0.7488	-0.1974	0.4237	0.2107	0.0205	9.6799	1.5710	0.24391482802554876	0	1	6	Upright	Normal
2.6438	8.7730	0.9954	-83.5178	-22.8241	-10.8614	3.0048	-23.6930	-6.3711	2.2148	-0.9710	-0.0241	0.6639	-0.0851	-0.0620	0.7404	0.9339	1.3100	0.8786	0.4290	9.7440	1.0195	-3.430628407274275	0	0	6	Upright	Normal
4.6358	6.0914	-0.5369	-78.9909	-70.9844	-59.7919	2.2990	-24.9866	-4.8572	2.8662	-3.5349	-1.1467	0.6723	-0.1303	-0.0070	0.7287	-0.0685	0.4759	0.6144	1.7696	9.6263	0.6098	-1.543021915137274	0	0	6	Upright	Normal
1.2258	8.3893	1.4557	-78.3902	-54.9225	-47.3218	2.2358	-25.3430	-5.0238	-0.3889	-1.2167	0.3217	0.6571	-0.1023	0.0090	0.7468	-0.0899	0.7443	-0.5036	1.6147	9.6060	1.1340	0.9288471668766114	0	0	6	Upright	Normal
0.5363	7.7764	1.1109	-80.8001	-61.6022	-58.6957	4.1683	-25.4639	-3.6356	-0.8425	-1.9041	0.3656	0.6764	-0.0670	0.0313	0.7328	0.5961	1.1108	0.1505	1.3788	9.6805	0.7453	-0.7288078518960761	0	0	6	Upright	Normal
2.0686	9.9216	1.3408	-81.0352	-62.8675	-64.1610	5.4240	-26.1628	-1.8857	0.7090	0.2348	0.6440	0.6803	-0.0415	0.0574	0.7295	-0.0909	0.3800	-0.2405	1.3596	9.6868	0.6967	2.349623820332474	0	0	6	Upright	Normal
0.6129	12.9478	3.5243	-82.7054	-46.9328	-49.5150	6.2043	-25.4796	-0.8876	-0.2961	3.2205	2.6745	0.6755	-0.0176	0.0494	0.7354	0.2521	0.3236	-0.4514	0.9090	9.7273	0.8498	3.2096067225665585	0	0	6	Upright	Normal
1.1109	13.5608	1.2258	-83.3035	-5.9596	-9.4410	7.2997	-25.7726	-0.0908	0.9924	3.8210	0.0898	0.6647	0.0159	0.0270	0.7464	-0.0718	0.0711	-0.5398	0.1185	9.7398	1.1360	0.22846650174603944	0	0	6	Upright	Normal
-0.3831	9.1171	-0.3065	-83.8622	12.4282	12.4883	8.5011	-26.0696	0.0446	-0.1576	-0.6333	-1.3297	0.6692	0.0078	-0.0085	0.7430	-0.0004	-1.4192	-0.5278	-0.2255	9.7504	1.0232	-4.531040089423222	0	0	6	Upright	Normal
-3.0263	8.2361	-2.7581	-82.7041	23.3327	36.4830	8.0105	-25.4293	-1.6486	-2.5334	-1.4913	-3.9006	0.6621	-0.0584	-0.1032	0.7400	-0.2464	-2.0040	-0.4095	-0.4929	9.7273	1.1425	0.06747783030790444	0	0	7	Upright	Normal
-1.5323	8.1594	4.7501	-79.6949	41.5210	52.0493	8.0720	-25.5720	-2.6557	-0.3698	-1.4890	3.4372	0.6578	-0.0184	-0.1109	0.7447	0.1775	-0.0003	-0.1230	-1.1625	9.6485	1.3129	0.3671253368283569	0	0	7	Upright	Normal
-0.2682	7.3933	0.6129	-78.3192	30.7123	44.6309	9.1596	-25.3691	-3.1112	0.7455	-2.2103	-1.0933	0.6413	-0.0413	-0.1292	0.7552	-0.3540	-0.7065	0.0496	-1.0136	9.6036	1.7062	-2.1413867999379086	0	0	7	Upright	Normal
-3.3704	10.2286	1.3018	-80.1007	20.6387	41.2528	9.0220	-25.8904	-4.6597	-2.7762	0.5680	-0.2753	0.6408	-0.0947	-0.1574	0.7454	0.6825	-1.3681	0.4406	-0.5942	9.6606	1.5772	3.4244659568492395	0	0	7	Upright	Normal
-0.1909	15.2086	2.2595	-81.9335	23.8348	47.4775	6.6571	-27.7457	-4.6340	0.3653	5.4990	1.0009	0.6500	-0.1155	-0.1735	0.7308	-0.4350	0.1201	0.1634	-0.5562	9.7095	1.2586	4.528739420061665	0	0	7	Upright	Normal
0.6518	13.7146	0.4591	-79.9623	18.4291	40.0006	5.7475	-26.1938	-6.5274	1.1920	4.0580	-1.1618	0.6380	-0.1016	-0.1620	0.7459	-0.2731	1.1694	-0.0965	-0.5402	9.6566	1.6209	-1.638959827679086	0	0	7	Upright	Normal
3.2567	8.0834	0.1143	-82.7813	9.0000	23.9006	6.1594	-25.5907	-5.8527	3.4496	-1.6454	-1.1025	0.6571	-0.0789	-0.1041	0.7424	0.4012	0.2831	0.4649	-0.1929	9.7288	1.2169	-5.022220262796383	0	0	7	Upright	Normal
3.9079	6.5128	0.8422	-80.7290	-22.6552	-9.2287	4.1154	-25.5274	-5.8306	3.2995	-3.1657	-0.6155	0.6450	-0.0981	-0.0667	0.7549	-1.0752	0.7060	-0.0369	0.6084	9.6786	1.4576	-1.0737037626766384	0	0	7	Upright	Normal
-1.9148	7.4705	2.7958	-76.3484	-10.4959	2.9905	4.2436	-25.0596	-6.4314	-2.3363	-2.0592	0.5207	0.6134	-0.0879	-0.0769	0.7811	-0.3423	-0.4115	-0.0859	0.4215	9.5297	2.2751	0.5613000777172132	0	0	7	Upright	Normal
-0.4591	7.2790	2.0297	-76.0392	1.3132	12.0466	5.5743	-24.4140	-8.0752	-0.4048	-2.2381	-0.3349	0.6135	-0.0557	-0.0756	0.7841	0.2179	0.7241	-0.2152	-0.0543	9.5171	2.3646	-0.6325086880501187	0	1	8	PT	Normal
1.1109	9.2320	4.4053	-77.6843	5.6531	13.4735	6.5131	-24.7869	-7.2736	1.3170	-0.3490	2.3242	0.6266	-0.0353	-0.0605	0.7762	0.2371	0.5387	0.0170	-0.2061	9.5810	2.0812	2.7187235400038956	0	1	8	PT	Normal
0.2682	8.5425	2.5666	-76.6672	-2.8938	5.6334	6.1368	-25.5639	-6.8131	0.1541	-0.9999	0.3087	0.6183	-0.0503	-0.0542	0.7824	0.0390	-0.2559	0.1886	0.1140	9.5424	2.2579	-1.3655742395143413	0	1	8	PT	Normal
-0.8811	13.2543	5.2481	-77.6007	5.3346	10.8587	6.6362	-25.0463	-6.5027	-0.6853	3.6763	3.1521	0.6266	-0.0231	-0.0446	0.7777	0.3639	0.8839	-0.3920	-0.1957	9.5780	2.0960	5.358924735955496	0	1	8	Jump	Normal
0.4980	14.6717	3.4860	-74.4167	12.1174	15.3108	7.8085	-24.3143	-7.3213	1.0511	5.2255	0.9104	0.6072	0.0032	-0.0422	0.7934	-0.2710	0.2511	-0.1683	-0.5531	9.4462	2.5756	0.8056774883870794	0	1	8	PT	Normal
-0.8039	9.0411	-1.7627	-77.4148	19.0374	23.5909	7.3315	-23.5125	-7.3765	-0.1070	-0.5299	-3.7822	0.6301	0.0002	-0.0561	0.7745	0.1817	-0.7342	-0.3066	-0.6969	9.5710	2.0195	-5.842029544545934	0	1	8	Jump	Normal
-1.4551	8.6963	-0.8434	-77.1753	27.5961	35.8815	6.1882	-24.2217	-7.7002	-0.4470	-0.8658	-2.7717	0.6337	-0.0092	-0.0923	0.7680	-0.7354	-0.0589	-0.4472	-1.0081	9.5621	1.9284	-0.3889011210992681	0	1	8	Upright	Normal
-1.3018	8.6963	1.3402	-76.2702	32.5005	42.6460	5.0842	-23.2188	-8.3731	-0.0513	-0.8300	-0.6226	0.6323	-0.0105	-0.1136	0.7663	-0.2081	-0.4701	-0.2661	-1.2505	9.5264	1.9628	0.037301293909324684	0	1	8	Upright	Normal
-0.8805	8.4282	0.7272	-73.9939	28.8445	41.4161	4.6622	-23.1192	-8.8775	0.4241	-0.9982	-1.6412	0.6155	-0.0200	-0.1333	0.7765	-0.4521	-0.6288	-0.0510	-1.3045	9.4264	2.3685	-0.3895293628169849	0	1	8	Upright	Normal
-1.9148	8.6963	0.7272	-72.8539	25.8767	40.2044	3.3649	-21.6323	-9.7088	-0.6530	-0.6744	-1.8738	0.6054	-0.0297	-0.1447	0.7821	-0.4095	0.0061	-0.0275	-1.2617	9.3708	2.6010	0.4290413917401832	0	0	8	Upright	Normal
-2.1446	10.0371	4.2132	-73.2787	31.4016	42.5165	4.2030	-20.6983	-9.5724	-0.6744	0.6452	1.8051	0.6141	-0.0059	-0.1296	0.7785	0.7389	1.1172	0.0348	-1.4702	9.3919	2.4081	2.16050710873629	0	1	9	PT	Normal
-0.1526	7.3939	2.6426	-72.7966	30.0691	37.2099	5.4488	-22.3992	-8.3257	1.3007	-1.9740	0.1326	0.6097	0.0150	-0.1021	0.7858	-0.6672	-0.0280	0.2105	-1.4533	9.3679	2.5100	-3.2413307317574658	0	1	9	PT	Normal
-0.1143	9.7306	2.2212	-73.5799	22.3259	29.0636	4.4084	-21.6558	-8.5995	0.9385	0.3238	-0.3425	0.6077	0.0026	-0.0849	0.7896	0.5291	0.1925	0.4609	-1.0529	9.4068	2.5637	2.128120883820773	0	1	9	PT	Normal
-0.0760	9.7306	3.7535	-76.8177	20.3442	26.9654	4.0692	-23.1284	-7.8230	0.7015	0.1824	1.6566	0.6269	-0.0080	-0.0731	0.7756	0.2457	0.2543	0.0060	-0.7775	9.5482	2.0969	0.4481711373923467	0	1	9	PT	Normal
1.2264	9.0028	2.4894	-75.0753	15.1446	19.8160	4.6546	-22.8554	-7.6707	1.8863	-0.4730	0.0518	0.6130	-0.0010	-0.0562	0.7881	-0.3199	-0.2879	-0.1421	-0.6599	9.4758	2.4376	-1.0089174660522282	0	1	9	PT	Normal
-0.6123	9.7689	3.4087	-72.7245	15.0375	21.7996	4.4457	-22.3258	-8.2381	0.1432	0.4046	0.5968	0.5971	-0.0077	-0.0748	0.7986	-0.4094	0.1084	-0.2433	-0.7555	9.3643	2.8120	0.9438243625614628	0	1	9	PT	Normal
-0.6889	8.6580	2.6809	-71.0339	16.2050	22.7759	4.4291	-21.8256	-8.9772	0.2005	-0.6164	-0.3792	0.5865	-0.0011	-0.0788	0.8061	-0.2443	-0.0163	-0.1773	-0.8894	9.2744	3.0601	-1.274922928797503	0	1	9	PT	Normal
-1.0337	9.5391	3.6386	-70.0581	17.8360	24.2579	5.3267	-21.4198	-9.1322	-0.0093	0.3205	0.4549	0.5811	0.0050	-0.0830	0.8096	-0.0909	-0.0088	-0.1240	-1.0244	9.2186	3.1837	1.1719873271253292	0	1	9	PT	Normal
-1.5317	9.6540	4.4047	-69.2130	18.1223	25.1791	5.0448	-20.2043	-9.1991	-0.4492	0.4856	1.0974	0.5756	0.0043	-0.0899	0.8127	-0.0547	-0.1792	-0.0771	-1.0825	9.1684	3.3073	0.4596492385211164	0	1	9	PT	Normal
-1.0720	8.5814	2.9874	-68.1990	18.2869	26.1334	4.3995	-20.4815	-9.9459	0.0708	-0.5237	-0.4706	0.5689	0.0030	-0.0981	0.8165	-0.0909	-0.0461	-0.0761	-1.1428	9.1051	3.4580	-1.5717988423082954	0	1	9	PT	Normal
-1.0720	9.1560	3.5237	-68.8521	19.1930	26.9315	4.4010	-19.7525	-9.3245	0.0911	0.0099	0.1824	0.5741	0.0039	-0.0977	0.8129	0.1988	0.0029	0.0273	-1.1631	9.1461	3.3413	0.7194970377440129	0	2	10	PT	Normal
-1.4551	9.2326	3.3321	-69.6632	19.2295	27.7742	4.1844	-20.1596	-9.1538	-0.3326	0.0373	0.1146	0.5796	-0.0021	-0.1016	0.8085	0.1253	-0.1590	-0.0178	-1.1224	9.1954	3.2175	0.05371560437692757	0	2	10	Upright	Normal
-0.9954	9.5391	2.9108	-69.9611	20.9159	29.2536	4.8220	-20.8999	-9.3468	0.2043	0.3262	-0.2279	0.5831	0.0015	-0.1028	0.8059	0.0454	0.1638	-0.0721	-1.1996	9.2129	3.1386	0.10011655923082685	0	2	10	Upright	Normal
-0.8428	9.3087	3.2178	-69.9535	20.9619	29.2297	4.7014	-21.3426	-8.8826	0.3599	0.0961	0.0790	0.5831	0.0020	-0.1024	0.8059	-0.1101	-0.0876	-0.0402	-1.2026	9.2126	3.1388	-0.1377114321644548	0	2	10	Upright	Normal
-1.3785	9.4242	3.2555	-69.5582	20.6091	29.3662	4.7686	-21.2094	-9.4903	-0.1730	0.2349	0.0501	0.5801	-0.0001	-0.1061	0.8076	-0.0388	-0.1100	-0.0466	-1.2055	9.1892	3.2054	0.18032759730549408	0	2	10	Upright	Normal
-1.1869	9.3093	3.2555	-69.2086	21.2840	30.4251	4.6988	-20.9541	-9.3132	0.0766	0.1411	0.0123	0.5785	0.0002	-0.1111	0.8081	-0.0441	-0.0163	-0.0913	-1.2635	9.1681	3.2432	-0.13220826507546946	0	2	10	Upright	Normal
-1.1486	9.3476	3.4471	-68.8501	21.3140	30.7361	4.7290	-20.9848	-9.2533	0.1375	0.2014	0.1511	0.5761	-0.0002	-0.1140	0.8093	-0.0484	-0.0237	-0.0428	-1.2861	9.1461	3.2959	0.09564664725911776	0	2	10	Upright	Normal
-1.2635	9.1943	3.4087	-68.7866	20.9990	30.7502	4.8886	-20.5791	-9.7784	0.0081	0.0522	0.0961	0.5754	-0.0023	-0.1159	0.8096	0.0390	-0.0706	-0.0044	-1.2716	9.1421	3.3127	-0.14202725025791274	0	2	10	Upright	Normal
-1.1486	9.1560	3.3321	-68.8631	20.9802	31.0048	4.5816	-20.5159	-9.4866	0.1176	0.0091	0.0305	0.5759	-0.0039	-0.1176	0.8090	0.0177	-0.0322	-0.0279	-1.2662	9.1469	3.3016	-0.07596287231497278	0	2	10	Upright	Normal
-1.1109	9.2703	3.3327	-68.9573	21.2007	31.3709	4.1127	-20.9319	-9.6856	0.1625	0.1178	0.0500	0.5767	-0.0044	-0.1188	0.8082	0.0294	-0.0035	-0.0321	-1.2734	9.1526	3.2827	0.10266088467224854	0	2	10	Upright	Normal
-1.1492	9.2320	3.3327	-69.1742	21.3941	31.5619	4.6072	-20.8863	-9.4377	0.1227	0.0661	0.0866	0.5783	-0.0046	-0.1186	0.8071	0.0443	0.0029	-0.0034	-1.2719	9.1659	3.2461	-0.03142429903360977	0	2	10	Upright	Normal
-1.0726	9.3853	3.3710	-69.3679	21.3119	31.4923	4.6874	-21.0092	-9.3892	0.1833	0.2077	0.1519	0.5795	-0.0054	-0.1180	0.8064	0.0060	0.0104	-0.0149	-1.2559	9.1776	3.2192	0.14767866802144702	1	2	11	Upright	Normal
Total time: 11 seconds.
