7.4705	-4.2898	2.1063	60.7171	-61.6436	128.3400	-25.2933	-5.8335	10.1594	3.2497	4.2639	-0.1718	-0.5871	0.1980	-0.5541	0.5559	0.4098	0.1254	0.7133	4.2208	-8.5537	2.2781	-0.05758604281850488	0	0	1	Upright	Normal
8.1217	-3.5237	3.0640	59.3534	-55.5509	122.4141	-25.4083	-5.1793	10.1714	3.9997	4.9134	0.2364	-0.5658	0.1889	-0.5626	0.5724	0.4076	0.0529	0.7751	4.1221	-8.4370	2.8276	0.5000527293384209	0	0	1	Upright	Normal
8.5808	-4.5586	2.7581	57.7314	-54.4873	119.1583	-24.6346	-4.6237	10.0663	4.3193	3.7338	-0.2830	-0.5630	0.1671	-0.5595	0.5848	0.0998	-0.3146	0.4885	4.2615	-8.2923	3.0411	0.7320184033856307	0	0	1	Upright	Normal
7.6614	-3.9456	2.0686	57.3851	-55.6871	119.8510	-25.0094	-5.3986	10.2494	3.2958	4.3147	-0.9110	-0.5673	0.1621	-0.5589	0.5827	0.0827	0.1445	0.7058	4.3657	-8.2603	2.9796	-1.2378995646069306	0	0	1	Upright	Normal
8.0062	-3.3327	2.1452	58.0099	-54.7586	119.3289	-25.0594	-5.2735	10.2242	3.7634	4.9849	-0.8523	-0.5646	0.1685	-0.5576	0.5847	-0.0845	0.0562	0.7640	4.2428	-8.3176	2.9975	0.07103242849696478	0	0	1	Upright	Normal
7.8913	-3.6775	2.7964	58.3183	-53.9052	117.8954	-24.5676	-4.4083	10.3911	3.7297	4.6679	-0.2376	-0.5631	0.1679	-0.5529	0.5907	0.1424	-0.1100	1.0602	4.1616	-8.3454	3.0341	0.2106718411611368	0	0	1	Upright	Normal
11.2629	-6.3967	2.6809	60.3067	-53.7008	115.7056	-24.4998	-3.5357	11.1085	7.3480	2.1223	-0.1948	-0.5691	0.1716	-0.5325	0.6026	-0.1431	-0.1867	0.9846	3.9150	-8.5190	2.8757	4.082961318598889	0	0	1	Upright	Normal
10.3819	-8.1971	3.7918	62.0310	-57.2171	117.2451	-23.5528	-2.0823	11.3157	6.5154	0.4643	1.3017	-0.5859	0.1725	-0.5139	0.6024	-0.5074	-0.3252	1.2051	3.8665	-8.6615	2.4901	0.5334312216058628	0	0	1	Upright	Normal
3.7547	-6.3584	0.6123	66.1976	-63.0663	121.6192	-23.1247	-1.4744	12.2196	0.2266	2.6143	-1.1802	-0.6095	0.1927	-0.4841	0.5976	-0.8802	-0.5969	0.5606	3.5282	-8.9727	1.7925	-6.351013400349157	0	0	1	Upright	Normal
6.8187	-3.7541	-0.6129	69.0845	-78.2558	139.8729	-22.7471	-2.6181	11.6766	3.3915	5.4066	-1.3253	-0.6392	0.2348	-0.4774	0.5553	-0.5991	1.9842	0.7360	3.4272	-9.1607	0.7124	0.39833407974620183	0	0	1	Upright	Normal
4.3293	-4.7112	0.9954	70.5387	-80.7965	148.0006	-23.3005	-2.4765	9.4649	1.1046	4.5354	0.4730	-0.6298	0.2769	-0.4945	0.5311	-0.4436	-0.0025	0.2322	3.2247	-9.2466	0.5224	-1.3326520979688947	0	0	2	Upright	Normal
5.1721	-1.9914	-1.6861	70.5033	-68.9142	141.5178	-23.9400	-3.5512	7.9180	2.1186	7.2531	-2.8635	-0.5931	0.2971	-0.5281	0.5302	0.7133	2.0353	0.6189	3.0535	-9.2445	1.1773	-0.6822331981758936	0	0	2	Upright	Normal
11.5311	-6.2052	5.9753	66.0214	-59.8710	138.8840	-24.4102	-3.8851	4.6473	8.0843	2.7553	3.9750	-0.5576	0.2951	-0.5849	0.5097	-0.1623	-0.3551	-0.4049	3.4468	-8.9604	2.0004	8.60054208029518	0	0	2	Upright	Normal
7.2024	-6.6649	2.5660	66.8260	-42.2645	128.1629	-23.9343	-5.0959	2.2399	4.6069	2.3507	-0.2898	-0.4952	0.3304	-0.6135	0.5189	0.2872	0.4918	1.1355	2.5955	-9.0155	2.8558	-4.2506059306911155	0	0	2	Upright	Normal
3.6015	-5.6689	3.1789	67.8247	-36.0638	120.1783	-23.3133	-4.0663	1.6776	1.4226	3.4125	0.1869	-0.4872	0.3318	-0.5979	0.5432	0.4672	0.9828	1.0145	2.1789	-9.0814	2.9920	-2.712448202967038	0	0	2	Upright	Normal
6.6661	-5.2092	8.6185	63.7705	-27.7883	108.4017	-23.1318	-3.4850	1.7094	4.6455	3.5879	4.7842	-0.4653	0.2966	-0.5943	0.5850	0.2637	-3.0066	0.3689	2.0206	-8.7970	3.8343	4.646366141046644	0	0	2	Upright	Normal
5.3630	-4.6352	1.9537	62.9896	-30.7221	94.9587	-21.7062	-2.0336	7.2565	3.0879	4.1019	-1.8748	-0.5069	0.2186	-0.5125	0.6577	1.1905	-1.3491	1.2797	2.2751	-8.7370	3.8285	-4.724078289378941	0	0	2	Upright	Normal
4.5203	-4.7118	-0.4980	64.3809	-29.4627	87.7342	-20.9374	-0.5156	10.6296	2.4348	4.1309	-4.1897	-0.5206	0.2019	-0.4695	0.6839	0.3298	0.1604	0.8728	2.0855	-8.8427	3.6917	-0.8043600400398425	0	0	2	Upright	Normal
6.1675	-3.2178	3.1412	61.6023	-27.4537	85.4092	-20.1474	0.1357	10.5770	4.0173	5.4088	-0.9975	-0.5038	0.1876	-0.4766	0.6956	0.5162	-0.0366	0.5713	2.1501	-8.6266	4.1387	1.0843382277854543	0	0	2	Upright	Normal
11.6454	-6.1675	2.8730	58.9956	-29.6360	82.2713	-19.0574	0.2793	11.2248	9.1476	2.2383	-1.5173	-0.5050	0.1455	-0.4587	0.7166	0.2617	-0.6746	1.0962	2.4978	-8.4057	4.3904	5.854523306278614	0	0	2	Upright	Normal
13.8678	-10.1508	5.0176	59.8865	-39.0313	83.6273	-17.2317	1.5111	12.9843	10.7696	-1.6676	1.1958	-0.5436	0.0979	-0.4202	0.7199	-0.0323	-0.5010	1.0515	3.0982	-8.4833	3.8219	4.4160673679710545	0	1	3	Jump	Normal
3.1412	-4.7118	2.7198	59.5057	-35.4067	77.6638	-17.3087	3.2940	12.8730	0.2581	3.7385	-1.3361	-0.5338	0.0908	-0.4010	0.7389	-0.0994	-0.4222	0.6115	2.8831	-8.4503	4.0559	-11.621219154672037	0	1	3	Jump	Normal
7.4316	-6.5505	-1.6089	62.9677	-43.7923	80.8302	-17.0879	4.7705	13.6943	4.3473	2.1849	-4.8261	-0.5751	0.0720	-0.3647	0.7287	-0.4755	0.9563	0.4261	3.0843	-8.7354	3.2172	3.754090637975202	0	1	3	Jump	Normal
5.5168	-4.1749	2.7575	64.3134	-39.0218	85.1165	-18.9866	3.6456	10.8829	2.8407	4.6627	-0.5447	-0.5608	0.1310	-0.4088	0.7080	-0.3753	0.8540	0.0767	2.6761	-8.8376	3.3022	-2.5885190028449703	0	1	3	PT	Normal
4.2144	-2.7575	2.0297	60.2035	-32.3079	81.5569	-20.4666	3.1500	8.0730	1.6100	5.7528	-2.0889	-0.5220	0.1324	-0.4371	0.7204	1.0319	0.7475	0.8981	2.6044	-8.5103	4.1186	-2.0177523645645508	0	1	3	PT	Normal
9.9988	-5.8221	4.0600	57.7303	-23.8222	74.1016	-20.7829	4.2970	5.7414	7.8841	2.4699	-0.7296	-0.4859	0.1403	-0.4368	0.7439	0.3522	-0.1527	0.5870	2.1147	-8.2920	4.7896	6.832015025906928	0	1	3	Jump	Normal
9.4619	-7.6614	6.7804	55.6557	-22.3087	71.6673	-20.0966	3.4465	5.6613	7.3619	0.4357	1.6622	-0.4715	0.1294	-0.4347	0.7563	0.2542	1.7115	1.6118	2.1000	-8.0972	5.1182	1.6735168077769966	0	1	3	PT	Normal
3.7541	-5.4779	6.4739	55.2797	-19.2852	64.4642	-20.5588	4.5013	2.8005	1.9095	2.5827	1.2019	-0.4660	0.1184	-0.4001	0.7802	0.3661	-0.0110	0.8981	1.8446	-8.0607	5.2720	-4.661241802078257	0	1	3	Jump	Normal
7.3167	-4.4053	7.2784	52.2837	-27.0445	57.8792	-20.4668	5.0138	3.1048	4.5891	3.3523	1.9353	-0.4765	0.0236	-0.3322	0.8137	0.2766	-3.8768	0.7223	2.7276	-7.7577	5.3431	1.9469568776806963	0	1	3	PT	Normal
5.6695	-3.4860	1.8004	49.6304	-34.7609	47.4540	-19.0463	6.3104	9.8517	2.0479	3.9857	-3.4177	-0.4758	-0.0870	-0.2338	0.8434	1.2375	-1.7943	0.8225	3.6215	-7.4717	5.2182	-4.326525891305358	0	2	4	Jump	Normal
4.5969	-3.6775	1.5706	47.9773	-35.3938	38.8610	-17.5222	7.9311	12.5333	0.7947	3.6078	-3.7809	-0.4576	-0.1331	-0.1730	0.8619	0.8145	-0.7354	1.0058	3.8021	-7.2853	5.3515	-0.8018927446126636	0	2	4	PT	Normal
10.1137	-3.9450	3.4471	45.6704	-36.4117	32.4223	-16.3824	9.5017	13.2002	6.0461	3.0701	-2.0677	-0.4344	-0.1736	-0.1280	0.8745	0.9456	-0.4350	0.8247	4.0676	-7.0152	5.5147	5.297209673916403	0	2	4	Jump	Normal
9.7306	-3.8301	0.4208	43.5113	-42.4053	27.2059	-15.3973	11.2825	14.5111	4.9344	2.9218	-4.8308	-0.4149	-0.2452	-0.0734	0.8731	0.6505	-1.3010	0.8854	4.7962	-6.7519	5.2515	-0.9242939852141188	0	2	4	PT	Normal
10.9948	-4.5580	4.0217	41.2722	-48.5460	23.8720	-13.3704	12.3126	15.8786	5.4708	1.9110	-0.8576	-0.3939	-0.3099	-0.0347	0.8646	0.9381	-0.8632	0.4433	5.5240	-6.4690	4.8792	2.0975208522873103	0	2	4	PT	Normal
5.1338	-6.6266	1.6849	38.8615	-48.2040	15.4226	-13.6993	13.6410	16.3191	-0.5590	-0.4733	-3.4043	-0.3526	-0.3409	0.0191	0.8713	1.3718	-1.1124	0.7182	5.6928	-6.1532	5.0892	-4.013001477450517	0	2	4	Jump	Normal
8.6963	-3.9450	1.3018	36.8889	-48.0337	17.2264	-13.3132	14.4846	16.3375	2.8645	1.9417	-3.9428	-0.3436	-0.3385	-0.0024	0.8760	1.4655	1.1662	0.6255	5.8318	-5.8867	5.2446	1.0873593158891435	0	2	4	PT	Normal
4.5592	-4.3664	3.7535	32.9607	-42.1906	17.0521	-13.9191	17.7037	12.9336	-0.9668	0.9692	-2.3427	-0.3129	-0.3021	-0.0317	0.8999	1.5699	-1.8783	1.0026	5.5260	-5.3356	6.0962	-2.2931795308794998	0	2	4	PT	Normal
5.6312	-3.3710	2.4134	30.5186	-47.6658	18.8307	-11.3299	20.3627	13.1309	-0.6138	1.6091	-3.2760	-0.3013	-0.3452	-0.0395	0.8880	1.3654	-1.9177	0.6383	6.2450	-4.9801	5.6894	-0.35167049032086073	0	2	4	Upright	Normal
9.6540	-4.9410	1.7615	27.5657	-53.7111	17.8320	-9.4224	20.8406	12.8979	2.6468	-0.4028	-3.3836	-0.2780	-0.4005	-0.0280	0.8727	1.4666	-1.1592	0.9014	7.0072	-4.5382	5.1451	3.9943371996490313	0	0	4	Upright	Normal
8.6574	-6.6655	2.5283	28.5068	-53.1249	14.2472	-7.2855	22.6862	10.7804	1.7638	-1.9849	-2.6429	-0.2723	-0.4028	0.0017	0.8739	1.5528	1.1523	1.7348	6.8937	-4.6805	5.1712	0.22771423362832088	0	0	5	Upright	Normal
4.4819	-3.6392	5.0566	29.5411	-50.6038	6.5710	-5.3016	24.7765	7.7449	-2.1111	1.1961	-0.3584	-0.2538	-0.3994	0.0587	0.8790	1.7457	-1.4778	0.8912	6.5930	-4.8352	5.4149	-3.540141122237932	0	0	5	Upright	Normal
7.7381	-5.2864	2.3367	29.3257	-56.1026	-4.8768	-3.3847	26.6753	5.0071	0.6413	-0.4833	-2.4315	-0.2038	-0.4640	0.1553	0.8479	1.3888	-1.4352	1.1106	7.0967	-4.8031	4.7682	1.9837237629133444	0	0	5	Upright	Normal
7.6231	-5.4779	1.1492	32.5737	-60.3893	-8.9754	-2.6531	27.4203	3.1196	0.4384	-0.1981	-2.9339	-0.2039	-0.5002	0.2055	0.8161	0.6261	-0.3156	0.7601	7.1847	-5.2798	4.0832	-0.20112757997250696	0	0	5	Upright	Normal
7.5848	-3.0263	2.0686	33.6263	-59.4224	-12.5275	-2.1224	27.9596	2.0125	0.5547	2.4045	-2.0852	-0.1980	-0.4990	0.2332	0.8108	0.8338	-0.1654	0.7718	7.0301	-5.4308	4.1538	-1.0330778954237942	0	0	5	Upright	Normal
9.3476	-4.5969	2.0680	35.3453	-58.1804	-15.8819	-1.2676	27.1560	-0.5094	2.5507	1.0763	-2.1494	-0.1987	-0.4955	0.2612	0.8042	0.6760	-0.3029	1.1243	6.7968	-5.6732	4.2174	2.195884480998906	0	0	5	Upright	Normal
14.9021	-8.1971	1.6466	37.7706	-60.6084	-17.8455	-0.3773	27.4959	-2.0445	8.1481	-2.1905	-2.1578	-0.2020	-0.5150	0.2880	0.7817	0.3533	-0.6161	0.9592	6.7540	-6.0066	3.8044	6.467251177298614	0	0	5	Upright	Normal
4.0223	-6.3590	3.5626	40.6800	-60.4873	-19.0281	-0.6123	28.1501	-2.5636	-2.4497	0.0334	-0.1010	-0.2181	-0.5154	0.3066	0.7699	0.2819	-0.2528	0.4851	6.4720	-6.3924	3.6636	-8.762177771495779	0	0	5	Upright	Normal
5.3253	-8.8101	-0.4986	43.7935	-63.2114	-20.3386	-2.6230	28.1111	-3.7096	-0.9937	-2.0231	-3.6889	-0.2268	-0.5347	0.3319	0.7433	0.5067	-0.8664	0.5512	6.3190	-6.7870	3.1903	1.9814284079651312	0	0	5	Upright	Normal
5.1721	-5.8987	4.0983	47.0152	-56.0926	-15.7978	-3.0556	27.9606	-4.0194	-0.3769	1.2754	0.3686	-0.2894	-0.4755	0.2970	0.7758	-0.1922	2.5211	0.4745	5.5490	-7.1741	3.7297	-1.4555001670810501	0	0	5	Upright	Normal
3.7930	-3.6386	1.6083	46.8873	-45.5033	-18.8435	-3.4474	27.2333	-5.6335	-0.9876	3.5205	-3.0890	-0.3039	-0.4101	0.2903	0.8094	0.6345	1.0074	1.2534	4.7806	-7.1591	4.6973	-3.3544395140653833	0	1	6	PT	Normal
5.9382	-4.7878	0.6506	48.7813	-37.6119	-26.8311	-2.2865	27.5749	-7.7336	1.9945	2.5889	-4.4682	-0.3121	-0.3763	0.3295	0.8077	0.5930	0.3778	0.7303	3.9437	-7.3767	5.1188	2.158995419140317	0	1	6	PT	Normal
6.2064	-8.3504	9.7294	47.7390	-32.0028	-29.7133	-1.2676	27.3498	-8.4813	2.7113	-1.0924	4.1369	-0.3113	-0.3434	0.3332	0.8210	0.0902	1.6753	1.2576	3.4951	-7.2580	5.5926	6.589020414319553	0	1	6	Jump	Normal
5.8227	-6.4356	3.8690	48.2740	-31.5802	-34.5959	-0.3381	26.8924	-9.7770	2.4047	0.8836	-1.6912	-0.3019	-0.3541	0.3674	0.8053	0.2468	-1.1870	0.6973	3.4180	-7.3192	5.5602	-4.742539089839871	0	1	6	Jump	Normal
4.5592	-5.7838	7.2395	46.9442	-28.8666	-41.7935	-0.9863	26.1445	-10.5084	1.3270	1.3819	1.3764	-0.2788	-0.3512	0.4096	0.7945	0.2372	-0.6555	0.7314	3.2322	-7.1657	5.8631	0.8249987144205377	0	1	6	PT	Normal
5.7084	-3.2555	4.5197	46.3679	-36.4319	-46.5729	-2.9566	25.9754	-11.0193	1.6899	3.8425	-0.9246	-0.2299	-0.4118	0.4582	0.7534	0.3778	-1.9349	0.6696	4.0185	-7.0981	5.4443	-2.35140021887889	0	1	6	PT	Normal
5.2864	-4.4053	2.9113	46.2223	-41.6131	-50.7508	-4.9343	25.9486	-10.7353	0.7807	2.6755	-2.1612	-0.1915	-0.4524	0.4944	0.7171	-0.0280	-1.0784	0.6630	4.5057	-7.0809	5.0726	-0.5038626341242152	0	1	6	PT	Normal
7.3167	-3.9456	2.3367	47.5290	-39.9343	-54.1049	-6.4321	25.0919	-10.7014	3.0662	3.2880	-2.7405	-0.1952	-0.4506	0.5138	0.7035	0.1978	0.5824	0.7865	4.2505	-7.2336	5.0772	1.1630927216973346	0	1	6	PT	Normal
9.2320	-5.3247	3.6392	48.2808	-42.5006	-57.0657	-5.6678	24.8083	-10.6888	4.8230	1.9953	-1.1721	-0.1769	-0.4726	0.5365	0.6764	-0.0003	-0.9942	0.9676	4.4091	-7.3200	4.8113	2.6267760950601993	0	1	6	PT	Normal
13.4081	-11.0702	4.2515	50.6613	-50.9857	-55.8626	-5.8526	25.7232	-9.8730	8.5781	-3.4855	0.3383	-0.1590	-0.5246	0.5449	0.6345	-0.7045	-0.8259	0.8515	4.8300	-7.5847	3.9132	6.638062376861095	0	1	6	Jump	Normal
2.9503	-5.0560	2.1063	53.1117	-53.5651	-54.7673	-6.2618	26.2600	-7.0701	-1.7856	2.7876	-1.3897	-0.1690	-0.5415	0.5462	0.6164	-0.1825	-0.1047	0.2752	4.7359	-7.8436	3.4960	-11.678522446044553	0	2	7	Jump	Normal
7.8919	-6.6649	-1.5712	56.5426	-62.0910	-48.9606	-8.1588	26.7053	-6.0896	3.1143	1.5169	-4.1017	-0.1811	-0.5815	0.5350	0.5855	-0.8270	-0.0760	0.4161	4.7776	-8.1817	2.5305	4.227277078357532	0	2	7	Jump	Normal
4.7890	-4.0217	2.6809	59.0620	-62.3346	-41.5630	-8.8636	26.9161	-4.2311	0.3238	4.3898	0.3401	-0.2345	-0.5706	0.5027	0.6055	-0.7365	0.4993	0.4353	4.4652	-8.4114	2.3408	-3.644420679020601	0	2	7	Jump	Normal
5.1338	-3.9834	1.2635	60.0119	-58.2160	-41.5719	-9.3165	27.0038	-4.1298	0.9674	4.5107	-1.3180	-0.2590	-0.5489	0.4960	0.6210	0.4066	1.0521	0.9242	4.1664	-8.4940	2.5815	-0.18444952228798073	0	2	7	Upright	Normal
7.8919	-5.0560	0.6506	60.3198	-50.1193	-46.6705	-7.8835	27.1304	-6.2097	4.1658	3.4643	-2.4627	-0.2728	-0.5166	0.5057	0.6349	0.2127	0.4194	0.5215	3.7261	-8.5202	3.1134	2.7754785863548905	0	0	7	Upright	Normal
10.3819	-6.3584	4.7878	59.2367	-46.0451	-47.8106	-7.7820	26.7919	-7.4354	6.7710	2.0684	1.3063	-0.2781	-0.4952	0.5009	0.6531	0.5046	2.2697	1.2971	3.6109	-8.4268	3.4815	3.686768483212992	0	0	7	Upright	Normal
6.8959	-6.5882	3.3321	59.8331	-41.8317	-51.6750	-5.9975	26.1104	-8.4533	3.6093	1.8904	-0.3395	-0.2844	-0.4815	0.5131	0.6511	-0.1079	-0.5553	0.4950	3.2866	-8.4786	3.6717	-2.9793906992681105	0	0	7	Upright	Normal
4.9422	-5.4007	6.2052	58.5321	-37.7150	-57.6967	-6.2367	25.8857	-9.1867	1.8106	2.9639	2.1557	-0.2692	-0.4702	0.5367	0.6468	0.4865	-0.1622	0.5419	3.1316	-8.3646	4.0495	-0.5057700472573341	0	0	7	Upright	Normal
7.4322	-4.5197	4.2515	56.4872	-42.2777	-62.5129	-8.1283	25.3047	-9.4499	3.7899	3.6568	0.2456	-0.2125	-0.5006	0.5722	0.6138	0.4173	-1.8656	0.2638	3.6423	-8.1765	4.0059	0.0852300026704711	0	0	7	Upright	Normal
5.8227	-5.0566	3.1795	54.3105	-45.6155	-66.6268	-10.4676	24.3537	-8.2938	1.7342	2.9084	-0.8221	-0.1622	-0.5193	0.5983	0.5883	0.1509	-0.7385	0.4460	4.0885	-7.9649	4.0016	-1.3403715142448167	0	0	7	Upright	Normal
6.0525	-3.7924	1.8771	55.0504	-47.7977	-48.7391	-11.3835	23.3759	-7.7205	1.8911	4.2458	-1.8965	-0.2366	-0.5016	0.5051	0.6613	0.1488	0.2554	0.7219	4.1614	-8.0382	3.7736	-0.95657590267591	0	1	8	PT	Normal
8.2367	-4.7495	3.2172	55.6627	-44.6689	-27.6628	-10.7839	24.1857	-7.9502	4.3480	3.3483	-0.7166	-0.3390	-0.4296	0.3678	0.7518	-0.0089	0.5547	0.8290	3.8886	-8.0978	3.9338	2.652474987199618	0	1	8	PT	Normal
7.4322	-5.1326	3.6386	57.6112	-47.2318	2.5170	-10.8281	24.2012	-7.5648	3.5760	3.1487	0.0718	-0.4491	-0.3413	0.1754	0.8069	-0.7801	0.4482	0.5009	3.8562	-8.2812	3.5668	-0.29991095957980995	0	1	8	Upright	Normal
8.6580	-3.7535	1.0720	56.8354	-57.0416	29.3965	-11.4092	24.6981	-6.1518	4.1569	4.4559	-1.8464	-0.5110	-0.3001	0.0237	0.8051	-0.3156	-0.8866	-0.0456	4.5011	-8.2094	2.9184	-0.2402756767034706	0	1	8	Upright	Normal
6.8193	-4.7112	3.2555	56.4664	-54.7807	44.6616	-12.6494	23.3981	-5.7927	2.3936	3.4634	0.1314	-0.5425	-0.2153	-0.0959	0.8063	0.0966	0.4705	0.7150	4.4257	-8.1746	3.1241	-0.5924500188878241	0	0	8	Upright	Normal
8.4276	-5.3247	0.4980	57.5856	-61.2202	56.7550	-12.7695	24.2397	-5.5635	3.8204	2.9541	-2.0327	-0.5768	-0.1956	-0.1427	0.7802	-0.3508	-0.3050	0.5403	4.6072	-8.2789	2.5307	1.076365369881369	0	0	8	Upright	Normal
8.0445	-4.2521	1.5323	58.2787	-62.9562	65.1710	-12.8927	24.0303	-4.0048	3.4523	4.0897	-0.8119	-0.5955	-0.1606	-0.1869	0.7646	-0.2560	0.0029	0.6023	4.5922	-8.3418	2.3442	-0.7539683888866531	0	0	8	Upright	Normal
7.9296	-4.2904	1.6472	58.8289	-65.9502	68.1319	-12.2350	24.3206	-4.0662	3.2946	4.1005	-0.4212	-0.6069	-0.1620	-0.1879	0.7551	-0.2038	-0.1569	0.6555	4.6350	-8.3909	2.0684	-0.06214156660330694	0	0	8	Upright	Normal
8.1594	-4.5969	1.3408	59.3903	-67.7812	67.6417	-12.4031	24.6030	-3.6247	3.5370	3.8434	-0.5474	-0.6112	-0.1735	-0.1719	0.7528	-0.0685	0.0806	0.6033	4.6225	-8.4403	1.8881	0.29559438814321126	0	0	8	Upright	Normal
8.0451	-4.4813	1.3018	59.5553	-68.9321	64.5052	-12.3809	23.9256	-2.6664	3.4084	3.9733	-0.4842	-0.6084	-0.1969	-0.1442	0.7552	-0.0216	-0.0387	0.6704	4.6367	-8.4547	1.7861	-0.16015298710257397	0	0	8	Upright	Normal
8.1977	-4.5203	0.9577	59.5628	-69.4576	58.7536	-12.3932	24.1514	-2.3403	3.5458	3.9350	-0.7854	-0.5983	-0.2306	-0.1033	0.7604	0.1041	-0.0504	0.6150	4.6519	-8.4553	1.7431	0.10968048844762812	1	0	9	Upright	Normal
8.1211	-4.6352	1.3408	59.3313	-69.1988	55.2146	-12.6909	24.0161	-2.5761	3.4451	3.7999	-0.4356	-0.5897	-0.2484	-0.0824	0.7641	0.1242	-0.1580	0.6189	4.6760	-8.4351	1.7763	0.03619502535262953	1	0	9	Upright	Normal
7.9296	-4.5586	0.9577	59.1752	-69.5859	53.2422	-12.5858	24.3417	-2.3668	3.2204	3.8629	-0.7949	-0.5848	-0.2619	-0.0681	0.7647	0.0859	-0.1282	0.5922	4.7092	-8.4215	1.7526	-0.24988063172366992	1	0	9	Upright	Normal
7.9685	-4.4047	1.0337	58.9463	-69.7558	51.8374	-12.4938	24.0515	-2.8486	3.2224	3.9967	-0.7166	-0.5806	-0.2713	-0.0591	0.7653	0.1189	-0.1655	0.6285	4.7461	-8.4014	1.7503	-0.03320632431640291	1	0	9	Upright	Normal
8.2750	-4.6729	0.9188	59.0504	-70.6584	51.4370	-12.6224	23.6951	-2.4049	3.5163	3.7376	-0.7515	-0.5806	-0.2789	-0.0513	0.7632	-0.0292	-0.0451	0.6125	4.7586	-8.4105	1.6703	0.38420907108699254	1	0	9	Upright	Normal
8.3133	-4.2515	0.9954	58.9668	-71.7512	52.0363	-12.7970	23.9352	-3.2520	3.5121	4.1517	-0.5876	-0.5822	-0.2835	-0.0502	0.7604	-0.0111	-0.0174	0.6125	4.8011	-8.4032	1.5830	-0.15729239746735324	1	0	9	Upright	Normal
8.2367	-4.2132	0.7655	58.8913	-72.7499	53.2365	-13.5417	23.7331	-2.6710	3.3981	4.1834	-0.7368	-0.5853	-0.2844	-0.0535	0.7574	0.0070	-0.0441	0.6040	4.8385	-8.3966	1.5024	-0.10692962024894825	1	0	9	Upright	Normal
8.3133	-4.3664	0.9188	58.8736	-73.3135	57.2093	-13.5333	23.1489	-2.7900	3.4577	4.0285	-0.5366	-0.5951	-0.2677	-0.0769	0.7538	0.0166	-0.0750	0.6426	4.8556	-8.3950	1.4554	0.1517397541059129	1	0	9	Upright	Normal
8.3133	-4.1749	0.7655	58.8660	-74.0552	63.2435	-13.4976	23.7334	-2.0374	3.4381	4.2193	-0.6273	-0.6091	-0.2409	-0.1126	0.7472	0.0486	-0.0473	0.6372	4.8752	-8.3942	1.3928	-0.10090228837798598	1	0	9	Upright	Normal
8.2361	-4.1372	0.6895	58.8748	-74.2911	65.2539	-13.5979	24.2694	-2.4469	3.3565	4.2579	-0.6828	-0.6135	-0.2317	-0.1243	0.7446	0.0475	-0.0249	0.6362	4.8795	-8.3951	1.3723	-0.09159625873310517	1	0	9	Upright	Normal
8.3510	-4.1755	0.6895	58.8576	-74.6287	64.1996	-13.4357	23.8348	-2.8854	3.4608	4.2180	-0.6547	-0.6116	-0.2396	-0.1158	0.7451	0.0145	-0.0015	0.6394	4.8902	-8.3935	1.3442	0.11955196226631415	2	0	10	Upright	Normal
8.3516	-4.1366	0.8039	58.9002	-75.1040	65.3723	-13.6148	23.3754	-2.1707	3.4565	4.2606	-0.4981	-0.6147	-0.2362	-0.1206	0.7429	-0.0047	0.0177	0.6308	4.8951	-8.3972	1.3020	-0.0076122423941562545	2	0	10	Upright	Normal
8.2744	-4.1372	0.6512	58.9163	-75.3333	66.9676	-13.5581	23.5854	-2.6979	3.3764	4.2615	-0.6306	-0.6182	-0.2290	-0.1296	0.7406	0.0252	0.0221	0.6521	4.8979	-8.3987	1.2818	-0.08056255325196204	2	0	10	Upright	Normal
8.1977	-4.1755	0.7661	59.1151	-75.6724	59.1879	-12.8675	23.7375	-3.0369	3.3206	4.2407	-0.4794	-0.6023	-0.2716	-0.0761	0.7468	-0.0152	0.0285	0.6446	4.8771	-8.4162	1.2456	-0.042267612064609494	2	0	10	Upright	Normal
8.3893	-4.2138	0.9194	59.1508	-75.4054	53.3513	-13.5980	24.3868	-2.4125	3.5232	4.2056	-0.3476	-0.5877	-0.2999	-0.0392	0.7504	0.0263	0.0423	0.6414	4.8661	-8.4194	1.2670	0.20133087343364053	2	0	10	Upright	Normal
8.2744	-4.3287	0.9194	59.1521	-75.2263	51.5567	-13.5023	23.6455	-2.4759	3.4123	4.0908	-0.3627	-0.5829	-0.3079	-0.0283	0.7514	0.0199	0.0178	0.6286	4.8620	-8.4195	1.2821	-0.04959146613846954	2	0	10	Upright	Normal
8.2744	-4.3287	0.9194	59.0644	-75.0917	49.3084	-12.9444	23.7404	-2.9877	3.4029	4.0830	-0.3775	-0.5764	-0.3189	-0.0148	0.7523	0.0370	0.0018	0.6233	4.8715	-8.4117	1.2969	0.0	2	0	10	Upright	Normal
8.1983	-4.3664	0.9188	59.0238	-75.0338	42.1303	-13.4746	23.4685	-3.2216	3.3224	4.0417	-0.3846	-0.5551	-0.3541	0.0318	0.7520	0.0348	-0.0227	0.6288	4.8759	-8.4081	1.3033	-0.04951896886664109	2	0	10	Upright	Normal
8.3127	-4.2904	0.9960	59.0134	-75.0359	40.6144	-13.7525	23.8673	-2.5431	3.4352	4.1168	-0.3077	-0.5503	-0.3615	0.0417	0.7515	0.0220	-0.0152	0.6351	4.8774	-8.4072	1.3036	0.0735679702175851	2	0	10	Upright	Normal
8.2367	-4.2898	0.9571	59.0599	-75.0978	47.1200	-13.6190	23.9226	-2.8877	3.3645	4.1216	-0.3395	-0.5702	-0.3299	-0.0004	0.7524	0.0029	-0.0014	0.6383	4.8722	-8.4114	1.2966	-0.07143167475966195	3	0	11	Upright	Normal
8.2744	-4.3287	0.9960	59.1407	-75.1759	47.1570	-12.9659	23.4215	-2.9041	3.4119	4.0897	-0.2909	-0.5706	-0.3298	0.0002	0.7521	-0.0035	-0.0163	0.6426	4.8625	-8.4185	1.2869	0.05519744377934721	3	0	11	Upright	Normal
8.2367	-4.2898	0.9954	59.2127	-75.1930	42.0701	-13.5860	23.7787	-3.4361	3.3839	4.1349	-0.2873	-0.5558	-0.3546	0.0341	0.7512	0.0050	0.0114	0.6405	4.8527	-8.4247	1.2827	-0.05119334862575542	3	0	11	Upright	Normal
8.2367	-4.2898	1.0337	59.2412	-75.1800	43.8812	-13.1755	24.2696	-3.0496	3.3882	4.1375	-0.2490	-0.5614	-0.3455	0.0223	0.7516	0.0093	-0.0035	0.6389	4.8484	-8.4273	1.2827	0.004159358300746874	3	0	11	Upright	Normal
8.2367	-4.2515	1.0720	59.2688	-75.0298	44.8125	-13.4750	24.3168	-2.3451	3.3957	4.1783	-0.2224	-0.5644	-0.3398	0.0156	0.7522	0.0039	0.0146	0.6368	4.8409	-8.4298	1.2944	-0.013198445231974887	3	0	11	Upright	Normal
8.2750	-4.2898	0.9571	59.2718	-74.9672	50.3777	-12.9292	23.6263	-2.7761	3.4358	4.1402	-0.3425	-0.5802	-0.3116	-0.0212	0.7522	0.0103	0.0103	0.6400	4.8391	-8.4300	1.2996	0.03884203876793357	3	0	11	Upright	Normal
8.2750	-4.2898	0.9571	59.2908	-75.0143	53.2098	-13.0901	23.7509	-2.6840	3.4375	4.1418	-0.3377	-0.5878	-0.2974	-0.0395	0.7513	0.0029	0.0008	0.6368	4.8375	-8.4316	1.2948	0.0	3	0	11	Upright	Normal
8.1983	-4.2898	0.9954	59.3124	-75.1787	46.1917	-13.1620	23.7572	-3.2571	3.3603	4.1438	-0.2848	-0.5686	-0.3338	0.0075	0.7518	0.0007	-0.0014	0.6336	4.8381	-8.4336	1.2801	-0.06364885906570095	3	0	11	Upright	Normal
8.2750	-4.2898	0.9954	59.3252	-75.2861	43.3564	-13.5425	23.9659	-3.2068	3.4363	4.1448	-0.2752	-0.5602	-0.3484	0.0267	0.7510	-0.0067	-0.0035	0.6322	4.8387	-8.4346	1.2706	0.06763851333188597	3	0	11	Upright	Normal
8.2367	-4.2515	1.0337	59.3003	-75.4614	43.0486	-13.8065	23.7480	-3.0902	3.3905	4.1809	-0.2231	-0.5591	-0.3512	0.0294	0.7505	0.0018	-0.0173	0.6322	4.8462	-8.4324	1.2568	-0.04715422144958836	3	0	11	Upright	Normal
8.1977	-4.2904	0.9577	59.3260	-75.4966	45.6025	-13.5334	24.0224	-3.0461	3.3546	4.1444	-0.2951	-0.5669	-0.3387	0.0130	0.7508	0.0050	-0.0088	0.6364	4.8432	-8.4348	1.2528	-0.024694046098076683	4	0	12	Upright	Normal
8.2361	-4.3287	0.9577	59.3666	-75.6324	39.7436	-13.4283	24.1579	-3.3962	3.3956	4.1095	-0.2822	-0.5490	-0.3680	0.0523	0.7487	-0.0067	-0.0045	0.6322	4.8405	-8.4382	1.2399	0.05152262950173103	4	0	12	Upright	Normal
8.3133	-4.3281	0.9954	59.4059	-75.7993	28.0601	-13.3848	23.9956	-3.3320	3.4749	4.1135	-0.2289	-0.5087	-0.4229	0.1291	0.7387	-0.0109	-0.0120	0.6311	4.8384	-8.4417	1.2243	0.07167969132386354	4	0	12	Upright	Normal
8.1217	-4.2515	0.9954	59.4576	-75.8694	20.9720	-13.3360	23.6127	-3.0888	3.2892	4.1946	-0.2212	-0.4817	-0.4538	0.1751	0.7289	-0.0046	0.0040	0.6386	4.8325	-8.4461	1.2166	-0.20412360258151807	4	0	12	Upright	Normal
8.2744	-4.3670	0.9194	59.5366	-75.8508	10.6451	-13.3108	23.7308	-3.5149	3.4536	4.0860	-0.2958	-0.4394	-0.4949	0.2403	0.7101	-0.0014	0.0061	0.6418	4.8207	-8.4530	1.2152	0.18008526085658794	4	0	12	Upright	Normal
8.2367	-4.3281	0.9188	59.6041	-75.7099	7.4155	-13.0846	24.3137	-3.3813	3.4285	4.1307	-0.3059	-0.4260	-0.5060	0.2601	0.7034	0.0018	0.0306	0.6386	4.8082	-8.4589	1.2246	-0.05129349169028252	4	0	12	Upright	Normal
8.2367	-4.2898	1.0337	59.6077	-75.5399	-6.9059	-13.6560	23.6466	-3.6464	3.4327	4.1694	-0.2050	-0.3602	-0.5542	0.3452	0.6663	-0.0014	0.0189	0.6322	4.8040	-8.4592	1.2387	-0.005655467664860581	4	0	12	Upright	Normal
8.1983	-4.2898	0.9188	59.5837	-75.5385	-15.1021	-12.8141	23.8304	-2.4364	3.3909	4.1673	-0.3210	-0.3195	-0.5785	0.3918	0.6400	-0.0024	0.0125	0.6247	4.8074	-8.4571	1.2397	-0.04588656423110393	4	0	12	Upright	Normal
8.1600	-4.4047	1.0337	59.5555	-75.5182	-18.8922	-12.8834	23.9773	-3.3448	3.3489	4.0498	-0.2089	-0.3001	-0.5887	0.4126	0.6270	0.0018	-0.0057	0.6296	4.8111	-8.4545	1.2426	0.03203694843410432	4	0	12	Upright	Normal
8.1983	-4.3664	1.0337	59.5989	-75.5327	-18.0307	-12.9281	23.6131	-3.1811	3.3933	4.0920	-0.2059	-0.3047	-0.5865	0.4081	0.6298	-0.0025	-0.0131	0.6317	4.8050	-8.4584	1.2396	0.015559739214182855	4	0	12	Upright	Normal
8.1217	-4.3281	0.9571	59.6435	-75.5875	-20.3189	-12.7252	23.4129	-3.5740	3.3218	4.1342	-0.2764	-0.2930	-0.5927	0.4209	0.6211	-0.0003	-0.0035	0.6328	4.7999	-8.4623	1.2335	-0.09331953038947383	5	0	13	Upright	Normal
8.2367	-4.2898	0.9954	59.6756	-75.5149	-12.7068	-13.3321	23.5722	-2.9075	3.4429	4.1752	-0.2430	-0.3322	-0.5714	0.3787	0.6479	0.0082	-0.0089	0.6381	4.7938	-8.4650	1.2384	0.08745004867154371	5	0	13	Upright	Normal
8.1977	-4.3670	0.9960	59.6945	-75.4363	-4.7735	-13.2720	24.5364	-3.4083	3.4084	4.0998	-0.2482	-0.3712	-0.5466	0.3328	0.6728	0.0060	-0.0057	0.6349	4.7893	-8.4668	1.2442	0.001528199660510765	5	0	13	Upright	Normal
8.1977	-4.3287	1.1109	59.6730	-75.2029	-5.3090	-13.3536	23.6310	-3.3766	3.4104	4.1361	-0.1537	-0.3692	-0.5470	0.3351	0.6725	0.0178	0.0008	0.6331	4.7874	-8.4648	1.2646	-0.004869973961206142	5	0	13	Upright	Normal
8.1977	-4.4436	1.0726	59.6877	-74.9581	-3.2709	-13.0469	23.7165	-3.2049	3.4179	4.0224	-0.2119	-0.3797	-0.5388	0.3223	0.6794	0.0114	-0.0024	0.6342	4.7799	-8.4660	1.2845	0.04936822646979344	5	0	13	Upright	Normal
8.1983	-4.3281	1.0720	59.6794	-74.9009	-4.6709	-13.4097	23.7321	-3.6662	3.4188	4.1373	-0.2174	-0.3732	-0.5431	0.3304	0.6757	0.0061	-0.0045	0.6299	4.7796	-8.4654	1.2894	-0.053667134305021236	5	0	13	Upright	Normal
8.2367	-4.3664	0.9954	59.6488	-74.8716	-10.2272	-13.4488	23.3136	-3.5314	3.4533	4.0963	-0.2978	-0.3463	-0.5605	0.3625	0.6592	0.0029	-0.0077	0.6278	4.7833	-8.4628	1.2932	0.043069113359170075	5	0	13	Upright	Normal
8.2361	-4.3287	1.0726	59.5720	-74.9534	-7.0537	-13.0343	24.0505	-3.1678	3.4399	4.1273	-0.2167	-0.3610	-0.5513	0.3440	0.6689	-0.0056	-0.0045	0.6171	4.7962	-8.4560	1.2893	-0.009499504138647197	5	0	13	Upright	Normal
8.2361	-4.2904	0.9960	59.4725	-75.0579	1.5478	-13.3446	23.7763	-3.2085	3.4233	4.1569	-0.2884	-0.4005	-0.5236	0.2928	0.6926	-0.0014	-0.0163	0.6175	4.8128	-8.4473	1.2843	-0.026118417566692642	5	0	13	Upright	Normal
8.2750	-4.3664	1.1103	59.4013	-75.2103	11.7715	-13.6142	23.9477	-3.0320	3.4487	4.0748	-0.1639	-0.4448	-0.4870	0.2302	0.7155	-0.0057	-0.0280	0.6196	4.8263	-8.4412	1.2742	0.08213142085234182	5	0	13	Upright	Normal
8.1600	-4.2515	0.9571	59.3442	-75.3621	22.9726	-13.7609	23.2915	-3.0307	3.3224	4.1848	-0.3063	-0.4897	-0.4425	0.1596	0.7341	-0.0003	-0.0142	0.6239	4.8376	-8.4363	1.2634	-0.17120873255447222	6	0	14	Upright	Normal
8.3516	-4.2898	0.9954	59.3259	-75.4965	32.3633	-13.3289	23.7167	-2.9942	3.5083	4.1448	-0.2574	-0.5241	-0.4018	0.0995	0.7443	-0.0025	-0.0131	0.6281	4.8433	-8.4346	1.2528	0.1907487051922363	6	0	14	Upright	Normal
8.2367	-4.2898	0.9188	59.3283	-75.5474	40.6942	-13.3545	23.6756	-3.3800	3.3926	4.1451	-0.3297	-0.5519	-0.3630	0.0454	0.7494	-0.0025	0.0050	0.6292	4.8441	-8.4349	1.2484	-0.10933461784457776	6	0	14	Upright	Normal
8.2361	-4.2138	0.9960	59.3145	-75.4875	46.9018	-13.4430	24.3331	-3.1902	3.3915	4.2199	-0.2580	-0.5707	-0.3323	0.0044	0.7509	0.0125	0.0072	0.6367	4.8445	-8.4337	1.2540	-0.027275382718137564	6	0	14	Upright	Normal
8.2361	-4.2521	0.9960	59.3773	-75.3115	44.1052	-13.3196	24.4335	-3.5768	3.4041	4.1870	-0.2705	-0.5627	-0.3447	0.0222	0.7511	0.0092	0.0146	0.6472	4.8319	-8.4391	1.2665	0.017406995442920348	6	0	14	Upright	Normal
8.2750	-4.2515	1.0337	59.4346	-75.1419	44.6145	-13.7302	23.9961	-3.4269	3.4548	4.1925	-0.2450	-0.5645	-0.3408	0.0184	0.7516	0.0156	0.0093	0.6440	4.8201	-8.4440	1.2787	0.038200330015005335	6	0	14	Upright	Normal
8.2367	-4.3281	0.9954	59.4770	-75.0245	49.1050	-13.4131	23.4994	-3.6918	3.4254	4.1197	-0.2915	-0.5776	-0.3174	-0.0114	0.7520	0.0071	0.0114	0.6376	4.8113	-8.4478	1.2869	-0.002826513189576829	6	0	14	Upright	Normal
8.2750	-4.2515	0.9571	59.4401	-75.0308	47.3966	-12.8718	24.0406	-3.7325	3.4581	4.1930	-0.3307	-0.5726	-0.3262	-0.0004	0.7521	0.0135	-0.0163	0.6248	4.8168	-8.4445	1.2878	-0.005322695048791459	6	0	14	Upright	Normal
8.2750	-4.3281	0.9954	59.2959	-74.9254	38.9379	-12.6325	23.3420	-2.9534	3.4400	4.1038	-0.3068	-0.5464	-0.3675	0.0538	0.7507	0.0391	-0.0110	0.6089	4.8349	-8.4319	1.3021	0.03905178266285425	6	0	14	Upright	Normal
8.1983	-4.2132	1.0720	59.1531	-74.6247	31.5367	-13.0247	23.5235	-2.7276	3.3502	4.2065	-0.2611	-0.5211	-0.4007	0.1000	0.7470	0.0486	-0.0035	0.6247	4.8481	-8.4197	1.3331	-0.11175148712279181	6	0	14	Upright	Normal
8.2367	-4.2515	1.0337	59.0484	-74.0711	29.3596	-13.2967	24.0321	-2.8047	3.3867	4.1587	-0.3505	-0.5134	-0.4073	0.1111	0.7471	0.0849	-0.0003	0.6343	4.8499	-8.4102	1.3841	0.04700806944838476	7	0	15	Upright	Normal
8.1594	-4.2515	1.0343	59.0543	-73.3808	29.0060	-13.7021	23.6242	-3.3299	3.3275	4.1595	-0.4079	-0.5128	-0.4044	0.1104	0.7492	0.0849	-0.0163	0.6588	4.8319	-8.4110	1.4422	-0.06812820778415585	7	0	15	Upright	Normal
8.2361	-4.4436	1.2641	59.1376	-72.6801	34.6989	-13.8430	23.3509	-4.0875	3.4337	3.9745	-0.2334	-0.5331	-0.3734	0.0702	0.7559	0.0668	-0.0621	0.6620	4.8023	-8.4182	1.4976	0.18479612749666074	7	0	15	Upright	Normal
8.1977	-4.4053	1.1109	59.2272	-72.4356	45.0392	-13.6797	23.6834	-4.0732	3.4143	4.0206	-0.4031	-0.5650	-0.3218	0.0011	0.7597	0.0423	-0.0195	0.6492	4.7835	-8.4259	1.5140	-0.07088886288635443	7	0	15	Upright	Normal
8.2744	-4.2904	1.1875	59.1765	-72.2800	52.5443	-13.0120	23.4540	-3.5118	3.4882	4.1312	-0.3418	-0.5846	-0.2834	-0.0497	0.7586	0.0359	-0.0226	0.6280	4.7862	-8.4216	1.5293	0.023461469137112445	7	0	15	Upright	Normal
8.2750	-4.2898	1.1869	59.0574	-72.2518	49.8098	-13.2255	23.9949	-4.4465	3.4726	4.1213	-0.3500	-0.5771	-0.2976	-0.0324	0.7598	0.0370	-0.0066	0.6248	4.8023	-8.4111	1.5369	1.7857678708388391E-4	7	0	15	Upright	Normal
8.3127	-4.2521	1.0726	58.9372	-72.3396	43.3816	-13.4175	23.7083	-3.6340	3.4913	4.1486	-0.4624	-0.5589	-0.3307	0.0100	0.7604	0.0391	-0.0152	0.6259	4.8213	-8.4007	1.5350	0.002398300029597067	7	0	15	Upright	Normal
8.1211	-4.3670	1.1875	58.9773	-72.1264	37.2971	-13.4401	23.9895	-3.6968	3.3112	4.0371	-0.3636	-0.5409	-0.3583	0.0496	0.7594	0.0061	0.0200	0.6270	4.8100	-8.4041	1.5511	-0.10155912114256793	7	0	15	Upright	Normal
8.3127	-4.2904	1.1492	58.9222	-72.1684	41.6627	-13.5264	23.4426	-4.1595	3.4937	4.1087	-0.4009	-0.5539	-0.3379	0.0205	0.7607	0.0040	0.0274	0.6216	4.8189	-8.3992	1.5501	0.12798193645869382	7	0	15	Upright	Normal
8.1983	-4.1749	1.2252	58.8372	-72.0337	41.2854	-12.9331	23.5424	-4.6908	3.3713	4.2168	-0.3400	-0.5524	-0.3393	0.0219	0.7611	0.0018	0.0338	0.6241	4.8270	-8.3917	1.5652	-0.1435960829396823	7	0	15	Upright	Normal
8.2750	-4.2132	1.2635	58.7802	-72.0504	20.4386	-12.9680	23.3956	-4.7604	3.4396	4.1734	-0.3029	-0.4815	-0.4339	0.1590	0.7447	0.0018	0.0072	0.6231	4.8354	-8.3866	1.5664	0.0900710958048343	8	0	16	Upright	Normal
Total time: 16 seconds.
