1.1115	9.1943	-3.4482	-69.7154	-168.9484	-16.2384	-13.9564	-16.5948	33.8994	0.4598	-0.0040	-0.1115	0.1698	-0.8008	-0.5520	0.1586	-0.0069	-0.1799	-0.0020	0.6517	9.1984	-3.3368	0.030188623919471524	6	0	1	Upright	Normal
0.7284	9.4242	-3.4866	-69.7708	-167.9909	-14.9167	-13.5636	-16.6420	33.6271	0.0229	0.2225	-0.1698	0.1652	-0.8011	-0.5528	0.1589	0.0379	-0.0041	0.0651	0.7055	9.2017	-3.3167	0.19250359287027585	6	0	1	Upright	Normal
0.6518	9.5008	-3.4482	-69.7444	-168.4626	-15.1030	-13.2142	-16.8251	33.7308	-0.0272	0.3006	-0.1217	0.1642	-0.8016	-0.5531	0.1565	0.0081	-0.0243	-0.0410	0.6791	9.2002	-3.3266	0.053340377997679767	6	0	1	Upright	Normal
0.7284	9.0411	-3.4866	-69.6572	-169.3421	-16.1726	-12.9119	-16.7516	33.4932	0.0980	-0.1538	-0.1362	0.1675	-0.8017	-0.5523	0.1555	0.0720	0.1163	-0.0633	0.6304	9.1949	-3.3504	-0.4107558954662984	6	0	1	Upright	Normal
1.1115	9.1943	-3.6015	-69.2854	-170.0823	-17.9018	-13.7576	-15.8930	33.6576	0.5142	0.0217	-0.1845	0.1761	-0.8020	-0.5484	0.1584	0.0006	0.1110	-0.1358	0.5974	9.1726	-3.4170	0.21944080355297402	0	0	1	Upright	Normal
1.3408	9.3087	-3.4093	-68.8798	-170.2004	-18.4868	-14.1579	-16.2434	33.4908	0.7394	0.1609	0.0727	0.1797	-0.8033	-0.5448	0.1600	0.0603	0.0971	-0.0974	0.6014	9.1478	-3.4821	0.06677753156395028	0	0	1	Upright	Normal
0.2298	8.6191	-4.5203	-68.0625	-169.6261	-19.0337	-15.1677	-15.5874	33.3686	-0.4299	-0.4773	-0.9164	0.1864	-0.8056	-0.5373	0.1660	-0.1581	0.3347	0.1412	0.6598	9.0965	-3.6039	-0.26841249978597403	0	0	1	Upright	Normal
1.9920	9.3087	-2.9113	-68.0590	-169.4715	-20.1716	-15.7236	-15.4028	32.5650	1.3225	0.2123	0.6913	0.1951	-0.8035	-0.5353	0.1725	0.2329	0.0151	-0.1017	0.6695	9.0963	-3.6027	0.21944343388594056	0	0	1	Upright	Normal
1.2641	9.4619	-3.4093	-67.6301	-167.8905	-19.4238	-16.1903	-15.5800	32.4884	0.4812	0.3932	0.2399	0.1972	-0.8045	-0.5307	0.1797	0.2456	0.3677	0.0400	0.7829	9.0686	-3.6492	0.18183111831820042	0	0	1	Upright	Normal
-0.1149	9.1937	-2.8347	-69.6372	-163.7227	-17.2464	-17.2542	-15.9073	32.0454	-1.0713	0.0000	0.4408	0.2018	-0.7914	-0.5414	0.1997	-0.4425	0.2867	0.2637	0.9563	9.1937	-3.2756	-0.5150311663047589	0	0	2	Upright	Normal
2.2224	9.6157	-2.9503	-70.6455	-154.1394	-12.4848	-18.6331	-16.6951	31.3426	0.8049	0.3633	-0.0256	0.2151	-0.7764	-0.5403	0.2428	-0.2561	1.4766	0.0219	1.4175	9.2524	-2.9247	0.6792505528041914	0	0	2	Upright	Normal
1.1498	11.3012	-2.4523	-72.5392	-153.5045	-16.9791	-21.9335	-16.8171	28.8007	-0.1628	1.9465	0.1812	0.2499	-0.7562	-0.5423	0.2677	-0.1314	0.5530	-0.5500	1.3126	9.3547	-2.6335	1.3204989898194786	0	0	2	Upright	Normal
1.8010	10.2669	-2.5289	-75.2334	-164.8168	-29.1876	-22.2010	-18.1803	28.1090	1.1465	0.7843	-0.1166	0.2759	-0.7395	-0.5591	0.2537	-0.6097	0.0822	-0.9814	0.6545	9.4827	-2.4123	-0.8951766557899976	0	0	2	Upright	Normal
0.2682	9.6151	-1.0726	-82.6923	175.1757	-43.4531	-20.1631	-21.9774	27.3491	0.3730	-0.1118	0.1703	0.2518	-0.7071	-0.6248	0.2150	-1.4034	-0.9937	-1.1753	-0.1049	9.7269	-1.2429	-1.0475931728893055	0	0	2	Upright	Normal
0.4986	7.8919	-1.8010	-77.6028	49.0630	-158.8792	-15.2299	-27.2722	26.0770	2.0891	-1.6860	-3.1804	0.2136	-0.6197	-0.7446	0.1258	-2.8585	-1.3410	-1.8028	-1.5905	9.5779	1.3794	-1.5683229572014437	0	0	2	Upright	Normal
-1.0343	9.4619	2.9113	-61.7859	31.3679	-167.8604	-7.1065	-33.2967	21.8503	1.3791	0.8205	-1.0472	0.1784	-0.5161	-0.8362	0.0507	-3.2772	-1.3229	-1.5727	-2.4134	8.6414	3.9585	1.8434066311797395	0	0	2	Upright	Normal
-0.9954	6.3213	4.4047	-40.1454	21.0542	-174.5635	-0.1019	-37.5985	11.3802	1.9529	0.1136	-2.5910	-0.1554	0.3452	0.9254	-0.0188	-1.9786	-1.0598	-1.1412	-2.9483	6.2077	6.9957	-2.1849487244904244	0	0	2	Upright	Normal
-2.0303	3.9456	6.0142	-35.6860	12.3643	176.1075	3.7294	-37.5896	3.8770	0.4441	-1.4868	-1.7662	-0.1128	0.3010	0.9447	-0.0651	-0.5810	-1.7991	-0.5642	-2.4744	5.4324	7.7804	-0.2946059098217457	0	0	2	Tilt	Normal
-1.6855	5.3247	11.2240	-31.5049	6.3344	170.3448	5.8946	-36.0913	2.2016	0.2355	0.4850	2.9140	-0.0758	0.2656	0.9563	-0.0958	-2.3749	1.2348	-0.3437	-1.9210	4.8397	8.3100	5.06281940929446	0	0	2	Tilt	Normal
-1.4174	4.9033	10.5728	-20.4123	3.3235	170.7266	5.7806	-34.8473	-3.7988	-0.3060	1.6251	1.3975	-0.0428	0.1742	0.9801	-0.0846	-1.4876	-0.5452	0.7279	-1.1114	3.2783	9.1753	-0.7964714391886663	0	1	3	PT	Normal
-0.1532	3.0646	10.4579	-16.0454	4.6841	179.0729	2.6041	-33.6064	-8.0316	0.6913	0.3765	1.0648	-0.0416	0.1391	0.9893	-0.0137	-1.0955	-0.3982	1.2329	-0.8446	2.6881	9.3931	-0.8415773792525041	0	1	3	PT	Normal
-0.7655	1.4563	9.3464	-13.2113	2.8591	178.3571	-0.7129	-33.6042	-9.5187	-0.2892	-0.7848	-0.1888	0.0264	-0.1146	-0.9929	0.0171	-0.1997	-0.2299	0.1537	-0.4763	2.2411	9.5352	-1.4086575863926498	0	1	3	PT	Normal
-0.6123	2.2990	9.8827	-11.3355	4.4924	177.2581	-1.9945	-32.1017	-10.9902	0.1410	0.3716	0.2969	0.0414	-0.0977	-0.9940	0.0277	-0.5991	0.0715	-0.1360	-0.7533	1.9275	9.5858	0.6749416219334599	0	1	3	PT	Normal
-0.9188	2.0692	9.9593	-11.0711	5.5876	176.3336	-0.8548	-32.4296	-11.9359	0.0184	0.1861	0.3810	0.0516	-0.0947	-0.9935	0.0365	0.2126	0.1525	-0.0231	-0.9372	1.8830	9.5783	0.048353490221231255	0	1	3	Tilt	Normal
-0.7272	1.9160	9.6145	-10.8611	5.8301	176.1086	-0.7111	-32.0603	-12.3450	0.2511	0.0682	0.0334	0.0538	-0.0927	-0.9935	0.0386	-0.0495	0.2409	0.1016	-0.9783	1.8477	9.5811	-0.3829074778875068	0	1	3	Lying	Normal
-0.7661	2.2601	9.0022	-11.1566	5.4478	176.5323	-0.7673	-32.4281	-11.7370	0.1474	0.3627	-0.5757	0.0502	-0.0956	-0.9935	0.0347	0.0336	-0.0659	-0.2276	-0.9135	1.8974	9.5779	-0.5173481005820459	0	0	3	Lying	Normal
-0.7278	2.1069	9.5385	-9.9583	5.8739	176.9870	-0.1619	-32.1917	-11.7534	0.2607	0.4111	-0.0696	0.0533	-0.0853	-0.9945	0.0306	-0.3168	0.0801	-0.0880	-0.9885	1.6958	9.6081	0.482354306945469	0	0	3	Lying	Normal
-1.3791	2.0686	10.9942	-11.9971	5.0103	176.8961	-0.2130	-31.8584	-11.8441	-0.5412	0.0302	1.4385	0.0463	-0.1032	-0.9931	0.0315	0.7996	-1.1524	0.0546	-0.8378	2.0384	9.5557	1.4763050760130039	0	0	3	Lying	Normal
-0.0383	2.1835	9.9982	-13.0573	1.2789	176.1085	-1.7612	-32.7791	-10.5158	0.1749	-0.0320	0.4476	0.0149	-0.1133	-0.9928	0.0350	-0.1496	-1.1737	-0.1041	-0.2132	2.2155	9.5506	-1.0378773268009578	0	0	3	Lying	Normal
0.5369	0.6901	10.8020	-12.8702	-1.8574	177.4881	-2.9647	-32.4752	-10.0699	0.2271	-1.4941	1.2469	-0.0136	-0.1124	-0.9934	0.0200	0.1529	-0.0329	-0.4801	0.3097	2.1843	9.5551	0.6034076380513067	0	0	3	Lying	Normal
-2.5666	2.6432	13.0628	-11.8957	6.3981	178.0509	1.9691	-31.8288	-11.6926	-1.4060	0.6728	3.5265	-0.0573	0.1025	0.9928	-0.0227	0.4065	-1.6574	-1.0000	-1.1606	1.9704	9.5363	2.7350948933044794	0	1	4	PT	Normal
-0.4597	2.3750	9.5385	-11.3182	4.3631	173.6916	4.4701	-30.9434	-11.9212	0.4928	0.5496	-0.0495	-0.0432	0.0963	0.9927	-0.0585	0.6717	0.4305	-0.3512	-0.9524	1.8254	9.5880	-3.7319501339857	0	1	4	Jump	Normal
-0.6895	2.9880	8.9256	-12.9551	1.9818	170.8766	5.2813	-31.8653	-11.4895	-0.0063	0.8724	-0.6256	-0.0261	0.1111	0.9902	-0.0810	0.0560	-0.5602	-0.4406	-0.6832	2.1156	9.5512	-0.4027894111093566	0	1	4	PT	Normal
0.4220	2.8353	11.1851	-14.4006	-0.9628	161.6051	7.3674	-31.7489	-11.9418	1.0352	0.4694	1.6881	-0.0118	0.1251	0.9795	-0.1575	-0.0718	-0.3460	-2.7788	-0.6132	2.3659	9.4971	2.1088934104861607	0	1	4	PT	Normal
1.4174	0.8045	12.5265	-10.4315	-5.1477	155.6029	10.9180	-29.4552	-12.8053	1.3466	-1.1694	2.9209	0.0245	0.0982	0.9733	-0.2062	-0.0771	-0.3375	-0.3127	0.0708	1.9739	9.6055	1.0855017766988357	0	1	4	PT	Normal
0.5363	3.5626	11.2623	-21.8190	-11.9819	143.5104	12.2046	-29.9983	-11.3989	1.0199	-0.5146	2.3566	0.0384	0.2108	0.9337	-0.2870	4.2319	-0.0552	-2.2366	-0.4836	4.0772	8.9057	-0.807565955198509	0	1	4	PT	Normal
-0.0377	2.4523	9.7294	-31.9714	-23.6453	127.8141	19.2037	-31.3168	-1.7452	1.3087	-3.5713	2.1088	0.0583	0.3287	0.8699	-0.3632	3.6247	-0.3258	-2.7990	-1.3464	6.0235	7.6206	-1.7907500449140574	0	1	4	PT	Normal
-4.0983	3.7930	3.3321	-31.6840	-61.3828	82.0876	28.7458	-22.8641	7.7482	-0.4697	-4.3941	-0.6647	0.1454	0.5245	0.6483	-0.5324	5.7242	-1.9940	-5.0067	-3.6286	8.1871	3.9968	-3.5310103811655793	0	1	4	Jump	Normal
-7.2012	3.7547	0.9188	-11.2947	-84.5521	48.5000	37.1590	-5.3360	8.8323	-0.5959	-3.4360	0.0058	0.2086	0.6403	0.3628	-0.6441	1.9692	-1.0044	-2.3531	-6.6053	7.1907	0.9129	1.6703272374508433	0	1	4	PT	Normal
-7.2012	4.3293	0.2292	-2.9672	-83.7564	35.7623	37.8088	7.0755	3.8449	0.7416	-1.3231	-0.8357	0.1866	0.6410	0.2450	-0.7030	1.0147	-1.0097	-1.4082	-7.9428	5.6524	1.0650	0.2324325832400973	0	1	5	Tilt	Normal
-8.8867	4.1761	0.8422	1.3225	-83.4077	28.7237	36.8106	11.1928	-0.1061	-0.3560	-0.5284	-0.2833	0.1734	0.6423	0.1777	-0.7251	0.0996	-0.4068	-1.2399	-8.5307	4.7045	1.1254	1.4495637358203286	0	0	5	Tilt	Normal
-9.8061	4.0612	0.8422	4.2808	-83.2391	25.6130	35.6885	13.4614	-1.0083	-1.0617	-0.2263	-0.3090	0.1743	0.6410	0.1414	-0.7340	0.5290	-0.5271	-0.3717	-8.7444	4.2874	1.1512	0.7920937028060315	0	0	5	Tilt	Normal
-9.1931	3.5632	1.1103	4.1939	-82.5873	22.1810	34.6880	14.5424	-2.5201	-0.2230	-0.1938	-0.1514	0.1538	0.6419	0.1207	-0.7415	0.2871	0.2473	-0.3195	-8.9702	3.7570	1.2617	-0.7253639755002972	0	0	5	Tilt	Normal
-9.1931	4.0995	0.2676	4.0498	-84.9750	22.6309	34.8914	15.0502	-2.6270	-0.1996	0.2845	-0.5891	0.1580	0.6568	0.1212	-0.7273	-0.0229	0.2132	0.0682	-8.9935	3.8150	0.8567	0.147483220289077	0	0	5	Tilt	Normal
-9.0399	3.9846	0.1526	3.4751	-86.2922	22.0562	34.6051	14.6159	-1.9982	0.0157	0.2741	-0.4803	0.1525	0.6667	0.1192	-0.7198	0.1508	0.1834	-0.1427	-9.0556	3.7104	0.6330	-0.18900074621488372	0	0	5	Tilt	Normal
-8.7724	3.9456	0.0766	3.2662	-87.3291	22.0249	34.1808	14.7497	-1.3012	0.2990	0.2479	-0.3795	0.1521	0.6735	0.1188	-0.7135	0.1146	0.3176	0.0160	-9.0713	3.6977	0.4561	-0.2611089571855114	0	0	5	Tilt	Normal
-9.5768	3.6392	0.0766	2.2401	-87.9898	22.5575	34.7680	14.4223	-0.5474	-0.5311	-0.1327	-0.2671	0.1496	0.6783	0.1274	-0.7080	-0.1283	-0.0829	-0.0894	-9.0457	3.7719	0.3437	0.6260503683361396	0	0	5	Tilt	Normal
-8.9639	4.0606	-0.0383	2.1001	-87.8811	22.1002	34.7935	14.1273	-0.2700	0.1110	0.3612	-0.4006	0.1459	0.6784	0.1255	-0.7090	0.1348	-0.0275	0.0000	-9.0749	3.6993	0.3623	-0.4044260064514944	0	0	5	Tilt	Normal
-8.9633	4.0612	0.0760	2.3471	-87.8546	21.7082	34.9245	14.2511	-1.3474	0.1360	0.4226	-0.2907	0.1451	0.6784	0.1216	-0.7099	0.0815	0.1589	0.0512	-9.0993	3.6386	0.3668	-7.971411667995199E-5	0	0	5	Tilt	Normal
-9.0788	3.9840	0.1532	2.0576	-87.9085	21.4589	34.6406	15.4286	-1.3436	0.0373	0.3868	-0.2044	0.1419	0.6794	0.1218	-0.7095	-0.0719	0.0683	-0.0478	-9.1161	3.5971	0.3576	0.07493648109868367	1	0	6	Tilt	Normal
-9.1937	3.9456	0.1915	1.6818	-88.2024	21.3757	34.7525	14.4317	-1.0762	-0.0694	0.3647	-0.1158	0.1394	0.6818	0.1231	-0.7075	-0.0282	-0.0616	-0.1512	-9.1243	3.5810	0.3074	0.09076406028223438	1	0	6	Tilt	Normal
-9.0788	3.6009	0.3831	1.4931	-88.2488	21.3164	34.9790	14.8815	-0.8995	0.0500	0.0305	0.0835	0.1379	0.6824	0.1238	-0.7071	-0.0154	-0.2672	-0.1778	-9.1288	3.5704	0.2996	-0.23207837503911222	1	0	6	Tilt	Normal
-9.0405	3.9456	0.2298	1.3695	-87.7615	20.9693	34.9067	14.5965	-1.1176	0.1065	0.4304	-0.1529	0.1346	0.6800	0.1230	-0.7102	-0.0218	0.0577	-0.0106	-9.1470	3.5153	0.3828	0.09232429695789612	1	0	6	Tilt	Normal
-9.1937	3.9073	0.1915	1.4400	-87.7366	20.6237	34.2749	15.2495	-1.4240	-0.0260	0.4468	-0.1956	0.1330	0.6801	0.1205	-0.7108	-0.0090	0.0161	-0.0267	-9.1677	3.4605	0.3871	0.12471411354567685	1	0	6	Tilt	Normal
-9.1165	3.8696	0.1143	1.5168	-87.8538	20.5425	34.0604	15.2921	-1.4765	0.0567	0.4218	-0.2527	0.1331	0.6809	0.1194	-0.7103	0.0112	0.0481	0.0212	-9.1732	3.4478	0.3671	-0.08697024520727226	1	0	6	Tilt	Normal
-9.3081	3.8696	0.3059	1.6009	-87.7047	20.8378	34.8824	14.6533	-1.4840	-0.1540	0.3738	-0.0866	0.1352	0.6795	0.1209	-0.7109	-0.0058	-0.1713	-0.1429	-9.1541	3.4958	0.3925	0.180628243079763	1	0	6	Tilt	Normal
-9.4613	3.4482	0.5357	1.4752	-87.6279	20.8153	34.2709	14.5227	-1.4546	-0.3062	-0.0434	0.1300	0.1342	0.6792	0.1216	-0.7113	0.0719	-0.1287	-0.0928	-9.1551	3.4916	0.4057	-7.361129563374647E-4	1	0	6	Tilt	Normal
-8.8484	3.9846	0.1143	1.0824	-88.2228	21.8077	34.8341	14.2998	-1.1044	0.2500	0.3379	-0.1897	0.1383	0.6822	0.1294	-0.7062	-0.1933	0.2494	0.2566	-9.0984	3.6467	0.3041	-0.3794483566302791	1	0	6	Tilt	Normal
-9.7677	3.3716	0.1526	-3.2596	-88.3537	24.6051	35.1211	12.8758	-0.3406	-0.8484	-0.6952	-0.1285	0.1285	0.6849	0.1721	-0.6962	-0.8453	0.3709	0.7996	-8.9193	4.0669	0.2812	0.6294983260673312	1	0	6	Tilt	Normal
-9.1548	3.1418	0.5740	-10.9344	-87.8786	34.4971	36.5630	8.4888	2.8000	-1.0391	-2.3517	0.2177	0.1393	0.6800	0.2757	-0.6649	-1.4663	0.8566	2.9323	-8.1157	5.4935	0.3563	-0.6384429889924572	1	1	7	PT	Normal
-6.2052	6.2830	0.1909	-20.4391	-86.4954	52.9140	37.5751	-2.6361	7.2340	-0.1357	-1.3991	-0.3707	0.1847	0.6612	0.4282	-0.5876	-1.2575	0.7917	3.2114	-6.0695	7.6821	0.5616	-0.8631886839490015	1	1	7	PT	Normal
-3.6386	6.5894	1.8765	-36.5648	-75.8990	81.6463	32.6116	-17.5047	10.9547	-0.8484	-2.6140	-0.0425	0.1945	0.6036	0.6355	-0.4405	-2.9226	2.3161	4.3928	-2.7901	9.2035	1.9190	-1.0750936624013683	1	1	7	PT	Normal
0.1921	7.7004	10.1125	-49.3029	-55.5425	117.0325	19.8904	-31.3375	12.6715	0.2643	-1.4141	6.4946	0.1684	0.5359	0.7873	-0.2542	-2.2035	0.8865	1.9459	-0.0721	9.1144	3.6179	4.95439863442253	1	1	7	Jump	Normal
1.4946	7.2024	6.7798	-50.2432	-33.0560	145.4974	11.3916	-35.7443	10.2612	0.6657	-1.0349	1.5233	0.1253	0.4651	0.8648	-0.1421	-1.9617	2.1168	1.4420	0.8288	8.2373	5.2565	-2.7083269739913582	1	1	7	PT	Normal
0.3454	5.2870	8.8867	-40.7820	-2.5208	178.4010	5.1837	-37.9622	5.3002	0.0189	-1.1184	1.4684	-0.0158	-0.3486	-0.9371	0.0054	-2.3186	2.1030	1.5890	0.3265	6.4054	7.4183	0.3425567702112815	0	1	7	Tilt	Normal
0.7661	5.0182	9.3470	-31.9903	1.0722	172.9867	1.0066	-38.0008	-1.2043	0.9219	-0.1770	1.0312	0.0258	-0.2745	-0.9593	0.0614	-1.7678	1.0186	0.7080	-0.1558	5.1953	8.3158	0.2902640329933419	0	1	7	Tilt	Normal
-0.5357	2.4906	10.6871	-18.4676	3.3889	166.0829	-0.7063	-34.9033	-7.5971	0.0142	-0.6158	1.4018	0.0484	-0.1557	-0.9788	0.1242	-0.7505	-0.4004	0.5610	-0.5499	3.1063	9.2853	0.35002096270861394	0	1	7	Tilt	Normal
-0.0760	2.0692	10.8403	-15.1946	0.8209	164.1457	-3.1350	-32.8276	-12.0849	0.0597	-0.5010	1.3776	0.0253	-0.1300	-0.9816	0.1376	-0.0123	-0.2789	0.1551	-0.1357	2.5702	9.4628	0.04973393615971666	0	1	7	Tilt	Normal
-0.3442	2.2990	9.3081	-15.5380	-0.3897	164.3158	-4.5540	-32.4712	-11.2420	-0.4084	-0.3279	-0.1399	0.0151	-0.1344	-0.9816	0.1347	-0.4575	0.2612	0.0837	0.0642	2.6269	9.4480	-1.4422918070910669	0	0	7	Tilt	Normal
-0.3059	2.1841	9.3853	-15.2207	-1.1424	164.7693	-4.0626	-33.1351	-11.9086	-0.4944	-0.3904	-0.0754	0.0078	-0.1326	-0.9826	0.1300	0.1326	-0.3684	0.0166	0.1885	2.5745	9.4607	0.04695217877219804	0	0	8	Tilt	Normal
0.3071	2.1841	9.5379	-14.7406	-0.9091	165.3335	-5.2545	-32.7639	-11.5778	0.1567	-0.3111	0.0552	0.0086	-0.1282	-0.9837	0.1256	-0.1571	0.2303	-0.1027	0.1504	2.4952	9.4827	0.1486537354748041	0	0	8	Lying	Normal
-0.1532	1.9920	9.8450	-14.5043	-0.2346	167.0214	-4.9681	-32.2236	-12.3203	-0.1920	-0.4640	0.3510	0.0122	-0.1257	-0.9857	0.1119	0.2871	-0.2598	-0.2092	0.0388	2.4560	9.4939	0.25608052875726095	0	0	8	Tilt	Normal
-0.3065	2.1069	9.4619	-15.5491	-0.2351	168.2159	-4.6548	-33.1780	-11.2538	-0.3452	-0.5218	0.0144	0.0119	-0.1348	-0.9856	0.1014	0.1933	-0.0318	-0.1294	0.0388	2.6287	9.4475	-0.34719378936320844	0	0	8	Tilt	Normal
-0.2298	2.4134	9.2703	-15.5191	0.7551	169.1205	-4.2534	-33.4852	-11.5830	-0.1052	-0.2104	-0.1779	0.0193	-0.1338	-0.9863	0.0948	-0.0847	0.2004	-0.0760	-0.1246	2.6237	9.4483	-0.11642566383032715	0	0	8	Tilt	Normal
-0.2292	2.4140	9.1931	-15.3047	0.8973	169.9710	-4.0603	-33.1670	-11.0895	-0.0811	-0.1745	-0.2646	0.0194	-0.1320	-0.9872	0.0877	-0.0591	0.0289	-0.1516	-0.1481	2.5884	9.4577	-0.07453028650233229	0	0	8	Tilt	Normal
-0.4208	2.1841	9.3464	-14.9152	1.3509	170.5282	-3.6084	-33.0815	-11.4316	-0.1974	-0.3400	-0.1272	0.0224	-0.1284	-0.9880	0.0834	0.0410	0.0034	-0.0579	-0.2234	2.5241	9.4736	0.0998981054385073	0	0	8	Tilt	Normal
-0.4208	2.1841	9.4996	-14.6188	1.6979	170.9232	-3.2446	-33.3165	-10.7999	-0.1396	-0.2909	0.0147	0.0247	-0.1257	-0.9885	0.0804	0.0229	-0.0691	-0.0153	-0.2812	2.4750	9.4849	0.14910235670516414	0	0	8	Tilt	Normal
-0.3825	2.1841	9.4230	-14.3869	1.8557	171.1733	-3.2923	-32.9059	-10.8645	-0.0748	-0.2524	-0.0711	0.0257	-0.1236	-0.9889	0.0784	-0.0133	-0.0265	-0.0035	-0.3077	2.4365	9.4941	-0.07615615409268983	0	0	8	Tilt	Normal
-0.4208	2.2224	9.4613	-14.1788	1.8705	171.3202	-3.1071	-32.8136	-11.4494	-0.1104	-0.1796	-0.0414	0.0255	-0.1218	-0.9892	0.0771	-0.0368	-0.0052	0.0007	-0.3103	2.4020	9.5027	0.04754649771005148	0	0	8	Tilt	Normal
-0.3442	2.2224	9.4996	-14.1517	1.6705	171.5632	-3.9290	-33.1091	-11.0680	-0.0669	-0.1751	-0.0054	0.0235	-0.1218	-0.9895	0.0748	-0.0133	0.0204	-0.0078	-0.2773	2.3975	9.5050	0.03425399412061125	1	0	9	Tilt	Normal
-0.8039	1.6095	9.8061	-14.2977	0.8459	171.7910	-3.6491	-33.0160	-11.5066	-0.6635	-0.8122	0.3042	0.0162	-0.1236	-0.9896	0.0719	0.0389	-0.2022	0.0540	-0.1404	2.4217	9.5018	0.20760237057915276	1	0	9	Lying	Normal
-0.0377	2.6438	9.3081	-14.8778	0.1949	170.6307	-3.9917	-33.3553	-11.0787	-0.0054	0.1260	-0.1697	0.0123	-0.1289	-0.9883	0.0812	0.2605	-0.1969	0.2905	-0.0323	2.5178	9.4777	-0.29341765722527136	1	0	9	Tilt	Normal
0.4214	3.0263	8.9639	-14.5144	-0.0903	170.1229	-5.5428	-32.9791	-10.1241	0.4064	0.5686	-0.5297	0.0101	-0.1259	-0.9883	0.0853	-0.2530	0.0715	-0.1005	0.0150	2.4576	9.4936	-0.20600176194345465	1	0	9	Tilt	Normal
0.0006	1.8777	9.9593	-11.6851	1.5341	169.8566	-5.4888	-32.1826	-12.5159	0.2578	-0.1085	0.3594	0.0223	-0.1002	-0.9907	0.0893	-0.0805	-0.1479	-0.1337	-0.2572	1.9861	9.5999	0.6644107655129528	1	0	9	Tilt	Normal
0.3071	2.2990	9.8444	-12.0644	1.5619	169.3591	-6.0140	-32.2882	-12.4156	0.5685	0.2494	0.2580	0.0232	-0.1034	-0.9900	0.0936	-0.0283	0.1365	-0.0560	-0.2614	2.0496	9.5864	-0.020815349597132382	0	0	9	Tilt	Normal
-0.4980	2.3367	10.3046	-15.7621	0.6623	170.4153	-6.4485	-32.9078	-10.5217	-0.3889	-0.3271	0.8674	0.0172	-0.1362	-0.9870	0.0835	1.1116	-0.4611	-0.3606	-0.1091	2.6638	9.4372	0.4639989107650795	0	0	9	Tilt	Normal
-0.6123	2.6055	11.1468	-27.9694	-4.4061	171.8872	-6.2013	-35.6900	-5.7463	-1.2776	-1.9938	2.5112	-0.0201	-0.2435	-0.9679	0.0593	2.9875	-1.4837	-0.2371	0.6653	4.5993	8.6356	0.885678502982362	0	0	9	Tilt	Normal
0.3454	5.4785	7.5459	-37.7984	-6.9639	166.5938	-8.4929	-37.6803	3.7761	-0.5941	-0.5318	-0.1457	-0.0193	-0.3278	-0.9402	0.0907	1.4003	0.2526	0.6546	0.9394	6.0103	7.6917	-2.1322868567494684	0	0	9	Tilt	Normal
-0.4208	6.6277	4.4430	-45.0169	-3.0414	164.8391	-10.1167	-37.8451	7.8739	-0.7886	-0.3086	-2.4795	0.0262	-0.3826	-0.9168	0.1118	-0.1742	0.9184	0.2092	0.3678	6.9363	6.9225	-1.3411110239216564	0	1	10	PT	Normal
0.4220	4.8656	6.1286	-48.7423	-0.3403	164.3503	-11.3714	-37.7264	8.8455	0.3837	-2.5064	-0.3382	0.0535	-0.4092	-0.9026	0.1228	1.8093	0.3869	-0.2553	0.0383	7.3720	6.4667	-0.15365314527624552	0	1	10	Tilt	Normal
1.7238	4.2521	3.6392	-53.1229	2.3441	160.5855	-11.6484	-37.0129	12.4320	1.9646	-3.5924	-2.2408	0.0934	-0.4376	-0.8799	0.1598	-0.3074	1.9113	-0.5802	-0.2408	7.8445	5.8800	-1.980327748416003	0	0	10	Tilt	Normal
0.5746	10.6494	5.9376	-58.8557	3.7904	159.9215	-12.3990	-35.9194	13.3555	0.9099	2.2562	0.8769	0.1140	-0.4785	-0.8543	0.1677	1.4354	-0.5793	-0.1733	-0.3353	8.3932	5.0607	6.350103827574968	0	0	10	Tilt	Normal
-0.4214	7.0102	4.6352	-68.0034	2.9862	165.6627	-10.7210	-35.6014	18.2134	-0.2300	-2.0825	0.9671	0.0912	-0.5520	-0.8204	0.1179	1.3086	-0.6976	-0.3757	-0.1914	9.0927	3.6681	-3.7917457440809574	0	0	10	Tilt	Normal
0.1915	9.7300	2.6049	-72.6600	6.8216	169.9760	-9.2992	-33.5604	21.7520	0.5388	0.3692	-0.2972	0.0994	-0.5849	-0.7980	0.1054	0.6364	-0.0755	-0.2991	-0.3473	9.3609	2.9021	1.6598719365786838	0	0	10	Tilt	Normal
0.1149	10.1514	2.1835	-81.6203	23.6879	-171.6865	-7.4879	-31.1728	25.5754	0.6891	0.4495	0.8749	0.1086	-0.6492	-0.7485	0.0801	1.9382	0.4231	-0.2778	-0.5742	9.7019	1.3086	0.3097326124804116	0	0	10	Upright	Normal
-0.6123	9.9988	-1.8010	-85.7461	114.5189	-79.9540	-6.7366	-27.3104	28.7967	0.0495	0.2192	-1.4991	0.1141	-0.7088	-0.6932	0.0640	-0.0208	0.3304	0.1430	-0.6618	9.7796	-0.3020	-0.20606933328174648	0	0	10	Upright	Normal
-1.1869	8.8879	-4.6741	-76.2782	-0.2658	159.8470	-8.1076	-28.1358	28.1245	-1.1977	-0.6388	-7.0002	0.1063	-0.6084	-0.7746	0.1362	-5.8297	1.4745	1.5640	0.0108	9.5267	2.3261	-0.06622974895220857	0	0	10	Upright	Normal
0.8051	4.6358	8.2355	-52.9990	-7.6866	151.9688	-13.9422	-34.8070	14.9681	0.0157	-3.1960	2.3866	0.0496	-0.4465	-0.8736	0.1872	0.3030	-1.0438	-0.0275	0.7893	7.8317	5.8489	-0.6270641263079249	0	0	10	Upright	Normal
1.7244	6.8193	9.8444	-51.6814	-10.2933	148.1926	-15.7206	-35.4223	12.0112	0.6379	-0.8746	3.8618	0.0413	-0.4396	-0.8728	0.2080	0.6439	0.5115	0.4742	1.0865	7.6939	5.9825	2.6142714916948186	0	1	11	PT	Normal
2.5283	10.1514	3.5626	-65.5136	-19.8385	143.8248	-16.1651	-33.8785	16.9041	1.1489	1.2269	-0.2607	0.0278	-0.5516	-0.8164	0.1686	2.7276	-1.2718	-0.6198	1.3794	8.9245	3.8232	-1.047631331501183	0	1	11	PT	Normal
0.9960	7.7764	2.6815	-85.1263	-107.2896	62.2817	-11.4469	-29.4359	25.8793	0.2005	-1.9948	2.9292	0.0364	-0.7151	-0.6920	0.0920	5.3247	-0.5133	-0.7870	0.7955	9.7712	-0.2477	-2.7656629554626804	0	1	11	PT	Normal
0.1915	7.2018	-7.8147	-65.7004	-172.0175	-4.1876	-7.4295	-17.5768	34.2461	-0.3689	-1.7359	-3.8182	0.0684	-0.8361	-0.5386	0.0782	0.9379	-0.1010	0.2047	0.5604	8.9377	-3.9965	2.343012304312758	0	1	11	PT	Normal
-1.2258	5.4779	-2.0686	-65.1573	-164.8713	3.5852	-8.3777	-12.4892	34.8061	-2.3011	-3.4212	1.9088	0.0447	-0.8371	-0.5370	0.0942	0.0058	-0.5921	0.9067	1.0753	8.8991	-3.9774	-4.6464373902131815	0	1	11	Jump	Normal
3.8313	7.9685	-4.4059	-63.6812	-152.5374	2.6834	-12.7782	-13.0258	33.6971	1.8262	-0.8215	-0.5480	0.1059	-0.8279	-0.5171	0.1896	1.0753	3.1608	-1.3027	2.0051	8.7900	-3.8580	3.8962566893022217	0	1	11	Jump	Normal
-0.3065	13.3692	-4.8267	-66.7361	-173.6029	-23.6063	-16.4412	-13.8680	32.9228	-0.7380	4.3600	-0.9774	0.2006	-0.8099	-0.5280	0.1579	0.3350	0.8492	-0.0968	0.4316	9.0092	-3.8493	4.338465014472376	0	1	11	Jump	Normal
1.0343	9.2703	-4.5586	-66.1738	-173.4005	-23.5037	-14.7400	-14.7082	32.7472	0.5791	0.2996	-0.6232	0.2011	-0.8125	-0.5238	0.1582	-0.0571	-0.0329	-0.0819	0.4552	8.9708	-3.9353	-3.834967700885546	0	1	11	Jump	Normal
1.2641	8.6574	-3.3710	-66.9164	-170.4896	-23.6136	-15.1125	-15.0990	33.6241	0.6289	-0.3639	0.4211	0.2149	-0.8045	-0.5237	0.1801	0.0399	0.0737	-0.0798	0.6352	9.0214	-3.7921	-1.006002688581919	0	1	11	PT	Normal
0.9960	9.2320	-3.9840	-67.3143	-171.3558	-23.7997	-15.2142	-15.2146	32.7736	0.4275	0.1842	-0.2447	0.2120	-0.8036	-0.5278	0.1753	-0.0709	-0.0286	-0.0553	0.5685	9.0478	-3.7393	0.7280137773452857	0	1	11	PT	Normal
0.9966	9.1943	-3.6015	-67.4442	-169.3032	-22.2144	-15.1528	-15.8385	32.7735	0.2984	0.1380	0.0949	0.2103	-0.8026	-0.5275	0.1826	-0.0496	-0.0062	0.0461	0.6982	9.0564	-3.6963	-0.17948826859377043	0	1	12	Upright	Normal
1.1881	9.2326	-3.6781	-68.0424	-168.9197	-21.4189	-16.4456	-15.5896	32.2134	0.4835	0.1374	-0.0795	0.2064	-0.8006	-0.5323	0.1821	-0.1114	-0.0808	-0.0189	0.7046	9.0953	-3.5986	0.08436699618546761	0	1	12	Upright	Normal
1.3791	9.3470	-3.5243	-68.4726	-168.1927	-19.7043	-15.1193	-15.4219	32.1083	0.6428	0.2245	-0.0018	0.1977	-0.8003	-0.5368	0.1795	-0.0954	-0.1745	0.0162	0.7362	9.1225	-3.5225	0.07505599551588027	0	1	12	Upright	Normal
1.1875	9.1937	-3.3710	-69.0234	-167.3016	-17.8664	-14.4312	-15.4899	32.2398	0.4158	0.0371	0.0537	0.1891	-0.7993	-0.5421	0.1775	-0.0826	-0.1309	0.0226	0.7717	9.1566	-3.4248	-0.2201268276431616	0	1	12	Upright	Normal
1.0732	9.3093	-3.3333	-69.4653	-167.0597	-16.8117	-14.6197	-16.6488	32.7201	0.3029	0.1258	0.0193	0.1829	-0.7984	-0.5465	0.1744	-0.0815	-0.1170	-0.0189	0.7703	9.1834	-3.3526	0.08217055861735645	0	1	12	Upright	Normal
1.1115	9.4242	-3.3333	-69.6325	-167.5088	-16.5793	-14.3490	-16.6990	33.1876	0.3733	0.2307	-0.0009	0.1791	-0.7986	-0.5488	0.1702	0.0005	-0.1245	-0.0563	0.7382	9.1934	-3.3324	0.1117845933500714	0	1	12	Upright	Normal
0.9966	9.3093	-3.2950	-69.7836	-167.7658	-16.2203	-14.0262	-17.2167	32.8618	0.2785	0.1068	0.0169	0.1754	-0.7988	-0.5508	0.1668	-0.0304	-0.0829	-0.0212	0.7181	9.2024	-3.3119	-0.13253845019550603	0	1	12	Upright	Normal
0.8434	9.3476	-3.3716	-69.8237	-167.5948	-15.7694	-13.6391	-15.7474	32.6045	0.1169	0.1428	-0.0681	0.1731	-0.7990	-0.5514	0.1658	-0.0240	-0.0222	-0.0223	0.7265	9.2048	-3.3035	0.047407527721327725	0	1	12	Upright	Normal
1.1115	9.2709	-3.2950	-69.9375	-167.9141	-15.9081	-13.1702	-16.2873	33.9404	0.4072	0.0594	-0.0054	0.1725	-0.7987	-0.5525	0.1643	-0.0390	-0.0137	-0.0776	0.7043	9.2115	-3.2896	-0.0711766727776304	0	1	12	Upright	Normal
1.0732	9.2709	-3.3333	-70.1279	-167.7716	-15.7037	-13.1300	-16.7848	33.2116	0.3672	0.0483	-0.0754	0.1718	-0.7979	-0.5540	0.1644	-0.0347	0.0758	-0.0350	0.7060	9.2226	-3.2579	0.008590326248800295	1	1	13	Upright	Normal
0.8817	9.3476	-3.2950	-70.1326	-167.8125	-15.6359	-13.5749	-17.0144	33.9750	0.1781	0.1246	-0.0374	0.1711	-0.7980	-0.5541	0.1638	0.0090	0.0300	-0.0276	0.7036	9.2229	-3.2576	0.04027128084928222	1	1	13	Upright	Normal
1.0343	9.1937	-3.3327	-69.9055	-167.2553	-15.3872	-13.7825	-16.4320	33.2740	0.2910	-0.0159	-0.0464	0.1721	-0.7987	-0.5521	0.1664	0.0814	0.0215	-0.0265	0.7433	9.2096	-3.2863	-0.11682407497942471	1	1	13	Upright	Normal
1.0726	9.5002	-3.5243	-70.0710	-166.9102	-15.3547	-14.1695	-16.3901	32.9744	0.3156	0.2809	-0.2684	0.1735	-0.7974	-0.5528	0.1687	-0.0677	0.1557	-0.0723	0.7570	9.2193	-3.2558	0.3557981203035059	1	1	13	Upright	Normal
1.1109	9.3470	-3.1412	-70.0696	-166.8297	-16.0564	-14.5278	-16.4845	33.1112	0.3493	0.1278	0.1139	0.1788	-0.7962	-0.5516	0.1726	0.0644	0.0865	-0.1298	0.7617	9.2192	-3.2551	-0.2663671035936588	1	1	13	Upright	Normal
1.3791	9.3470	-3.2561	-70.1590	-166.4392	-16.1567	-14.2970	-16.6249	32.6903	0.5987	0.1226	-0.0204	0.1814	-0.7950	-0.5515	0.1759	-0.0230	0.0769	-0.0713	0.7804	9.2244	-3.2358	0.0704370246407322	1	1	13	Upright	Normal
1.1498	9.3476	-3.2950	-70.4300	-166.4611	-16.4591	-15.5248	-16.6523	32.5072	0.3808	0.1074	-0.1015	0.1834	-0.7932	-0.5529	0.1773	-0.0113	0.0012	-0.0851	0.7690	9.2401	-3.1936	-0.0157137204603508	1	1	13	Upright	Normal
1.4557	9.1937	-2.9880	-70.4294	-165.3399	-14.7800	-15.0871	-16.8177	32.6391	0.6243	-0.0462	0.1900	0.1772	-0.7941	-0.5538	0.1769	-0.0347	-0.1863	0.0789	0.8314	9.2400	-3.1780	-0.20175126963236067	1	1	13	Upright	Normal
1.0726	9.6917	-3.3327	-70.4256	-163.3258	-12.0144	-14.9958	-16.7174	33.0618	0.1300	0.4519	-0.1853	0.1677	-0.7952	-0.5550	0.1775	0.0292	-0.0169	0.1151	0.9426	9.2398	-3.1475	0.5286203176643962	1	0	13	Upright	Normal
1.1492	9.3087	-3.0263	-70.3366	-163.3452	-10.9111	-14.9056	-16.5971	33.0812	0.2035	0.0739	0.1353	0.1599	-0.7972	-0.5561	0.1720	-0.0113	-0.2693	0.0044	0.9457	9.2347	-3.1615	-0.44917084850375133	1	0	13	Upright	Normal
1.2258	9.5385	-3.4093	-70.5813	-163.7388	-10.3850	-13.7801	-16.0034	33.3605	0.3129	0.2897	-0.2794	0.1545	-0.7973	-0.5591	0.1667	-0.0379	0.0076	-0.0287	0.9129	9.2488	-3.1300	0.3478683714275199	0	0	14	Upright	Normal
1.1115	9.0794	-3.1035	-70.5579	-164.4439	-10.8159	-14.0715	-16.8767	32.7238	0.2361	-0.1680	0.0412	0.1540	-0.7979	-0.5593	0.1639	0.0069	-0.0691	-0.0723	0.8754	9.2475	-3.1446	-0.5440468398793001	0	0	14	Upright	Normal
1.3030	9.2326	-3.2184	-70.7027	-165.1698	-11.0403	-13.1159	-16.9364	32.9696	0.4736	-0.0229	-0.0854	0.1521	-0.7979	-0.5610	0.1600	-0.0528	-0.0275	-0.0426	0.8294	9.2555	-3.1330	0.20458509506392097	0	0	14	Upright	Normal
1.0349	9.3859	-3.2567	-70.7118	-164.3331	-10.8390	-14.0467	-16.6277	33.2648	0.1601	0.1297	-0.1377	0.1548	-0.7969	-0.5602	0.1648	0.0132	0.1642	-0.0469	0.8748	9.2561	-3.1190	0.12468992304870596	0	0	14	Upright	Normal
1.2647	9.3859	-3.1418	-70.7117	-165.0044	-12.0019	-14.2590	-17.0364	33.0035	0.4266	0.1297	-0.0127	0.1596	-0.7963	-0.5594	0.1658	0.0399	0.0545	-0.1300	0.8381	9.2561	-3.1291	-0.010354161379330762	0	0	14	Upright	Normal
1.3024	9.3087	-3.1412	-70.5412	-165.3482	-12.7433	-13.8914	-16.5366	32.7648	0.4761	0.0622	0.0195	0.1630	-0.7966	-0.5576	0.1670	0.0452	0.1408	-0.0991	0.8263	9.2464	-3.1606	-0.06788866147953954	0	0	14	Upright	Normal
1.3024	9.3087	-3.1029	-70.5179	-165.4376	-13.2257	-14.7536	-16.6091	32.8672	0.4802	0.0636	0.0627	0.1660	-0.7962	-0.5569	0.1687	0.0218	0.0524	-0.0852	0.8223	9.2451	-3.1656	-0.012072971062719873	0	0	14	Upright	Normal
1.3024	9.3470	-3.2178	-70.4414	-165.4847	-13.3745	-14.5326	-17.0774	32.3309	0.4797	0.1062	-0.0395	0.1667	-0.7964	-0.5562	0.1691	-0.0080	0.0098	-0.0573	0.8227	9.2407	-3.1783	0.07251315739366149	0	0	14	Upright	Normal
1.0349	9.3859	-3.3333	-70.5232	-165.5307	-13.3499	-15.3046	-17.2042	33.1972	0.2180	0.1405	-0.1671	0.1664	-0.7961	-0.5569	0.1687	-0.0155	-0.0020	-0.0605	0.8169	9.2454	-3.1662	0.043039275328929705	0	0	14	Upright	Normal
1.0349	9.5391	-3.2184	-70.6961	-166.3468	-14.0487	-14.8975	-16.6228	32.7487	0.2696	0.2839	-0.0681	0.1673	-0.7954	-0.5583	0.1665	-0.0134	-0.0329	-0.0861	0.7652	9.2552	-3.1503	0.10661023213656406	0	0	14	Upright	Normal
1.0732	9.3476	-3.1035	-70.9678	-166.8884	-14.5432	-14.7026	-16.9376	32.3765	0.3478	0.0771	0.0112	0.1681	-0.7941	-0.5603	0.1652	-0.0208	-0.0030	-0.0690	0.7254	9.2705	-3.1147	-0.21282341000638816	1	0	15	Upright	Normal
1.0732	9.2709	-3.1418	-70.8810	-167.0250	-14.6327	-14.2125	-16.8819	32.3642	0.3521	0.0052	-0.0118	0.1681	-0.7946	-0.5597	0.1647	0.0143	0.0108	-0.0392	0.7211	9.2657	-3.1300	-0.060179347326938526	1	0	15	Upright	Normal
0.9583	9.3859	-3.1418	-70.8417	-166.7514	-14.5100	-14.4265	-16.9165	33.0791	0.2207	0.1224	-0.0090	0.1685	-0.7946	-0.5592	0.1660	0.0068	0.0332	-0.0406	0.7376	9.2635	-3.1328	0.09661255283696057	1	0	15	Upright	Normal
1.1115	9.3859	-3.2184	-70.8950	-166.7562	-14.5626	-14.3624	-17.3649	32.9159	0.3762	0.1194	-0.0940	0.1689	-0.7942	-0.5595	0.1662	-0.0060	0.0524	-0.0502	0.7353	9.2665	-3.1244	0.04035858053459762	1	0	15	Upright	Normal
1.1115	9.3859	-3.2184	-70.7950	-166.8082	-14.6149	-14.7121	-16.8682	32.1403	0.3753	0.1251	-0.0777	0.1690	-0.7947	-0.5588	0.1661	0.0143	0.0151	-0.0480	0.7362	9.2608	-3.1407	0.0	1	0	15	Upright	Normal
1.1109	9.3087	-3.1029	-70.7885	-166.7108	-14.4541	-14.2851	-17.0643	32.5819	0.3692	0.0482	0.0377	0.1683	-0.7948	-0.5589	0.1660	-0.0038	-0.0062	-0.0427	0.7418	9.2605	-3.1406	-0.10950341902412575	1	0	15	Upright	Normal
1.0343	9.3853	-3.2178	-70.8052	-166.6728	-14.3623	-14.4125	-17.0117	32.5054	0.2912	0.1239	-0.0804	0.1679	-0.7948	-0.5591	0.1658	-0.0209	-0.0137	-0.0363	0.7431	9.2614	-3.1375	0.10044628877803774	1	0	15	Upright	Normal
0.9960	9.4619	-3.2178	-70.9246	-166.7400	-14.3894	-14.5007	-16.8622	32.7339	0.2610	0.1938	-0.0983	0.1678	-0.7943	-0.5600	0.1655	-0.0347	-0.0084	-0.0448	0.7350	9.2681	-3.1195	0.06823214583522308	1	0	15	Upright	Normal
1.0343	9.3853	-3.1412	-71.1451	-166.8799	-14.4581	-14.4595	-17.0669	33.0761	0.3150	0.1049	-0.0546	0.1676	-0.7933	-0.5616	0.1649	-0.0283	-0.0222	-0.0511	0.7193	9.2804	-3.0866	-0.09267716734788678	1	0	15	Upright	Normal
1.0732	9.4242	-3.2567	-71.2233	-166.8780	-14.4271	-14.7190	-17.1197	32.6153	0.3566	0.1395	-0.1826	0.1674	-0.7929	-0.5622	0.1648	-0.0091	-0.0052	-0.0468	0.7166	9.2847	-3.0742	0.07771125609435181	1	0	15	Upright	Normal
1.0726	9.3087	-3.1412	-71.2996	-166.8535	-14.3832	-14.5436	-17.2508	32.3341	0.3575	0.0198	-0.0793	0.1673	-0.7925	-0.5628	0.1648	-0.0059	0.0087	-0.0373	0.7151	9.2889	-3.0619	-0.14584110620827495	2	0	16	Upright	Normal
Total time: 16 seconds.
