-8.6191	-3.9456	2.2601	21.0260	76.5430	-145.1906	37.8066	-6.6276	5.2258	0.2833	-0.4271	0.1300	-0.6240	0.0455	0.7028	0.3387	-0.0568	-0.0116	0.0397	-8.9024	-3.5186	2.1301	-0.13928832657889068	6	0	1	Upright	Normal
-9.2698	-4.4430	1.9914	21.1390	77.3626	-145.4903	37.5812	-6.8107	5.2436	-0.3445	-0.9064	-0.0097	-0.6292	0.0455	0.6988	0.3371	-0.0706	0.1812	0.0511	-8.9253	-3.5367	2.0011	0.7256961424915538	6	0	1	Upright	Normal
-8.7718	-4.0983	1.7615	21.8794	78.2782	-145.8302	37.4235	-6.0220	5.3687	0.1389	-0.4437	-0.0872	-0.6356	0.0414	0.6927	0.3382	-0.0738	0.1013	-0.0628	-8.9106	-3.6546	1.8488	-0.6297734257000691	6	0	1	Upright	Normal
-8.6957	-4.8650	1.8387	23.4230	77.1538	-144.7569	38.1289	-5.1211	6.2688	0.0777	-0.9667	-0.1619	-0.6300	0.0336	0.6913	0.3524	0.3011	-0.1320	-0.4964	-8.7734	-3.8984	2.0007	0.2914305543617921	0	0	1	Upright	Normal
-7.6231	-3.9840	2.8347	26.2795	73.0454	-141.5205	38.5867	-2.8635	4.4168	0.7878	0.3581	0.2707	-0.6074	0.0185	0.6943	0.3856	0.0913	-0.1192	-0.3142	-8.4110	-4.3420	2.5640	-1.0758780729418174	0	0	1	Upright	Normal
-8.5808	-4.6352	2.7581	26.0140	72.5949	-141.0676	38.5183	-1.8133	3.8264	-0.1712	-0.3340	0.1220	-0.6043	0.0212	0.6960	0.3873	-0.2187	0.2579	0.1023	-8.4096	-4.3012	2.6362	1.0787442750222542	0	0	1	Upright	Normal
-10.2280	-4.8650	2.6049	26.3660	74.1099	-141.9684	38.9582	-2.7230	4.2859	-1.7772	-0.5097	0.1993	-0.6140	0.0191	0.6898	0.3831	-0.0674	-0.3397	-0.2716	-8.4508	-4.3554	2.4056	1.4865748844923061	0	0	1	Upright	Normal
-12.6408	-8.1588	2.9108	27.6710	76.0918	-142.1258	38.5237	-2.5502	4.8436	-4.2104	-3.6046	0.8233	-0.6271	0.0161	0.6755	0.3876	-0.1420	0.6606	-0.7699	-8.4304	-4.5542	2.0874	3.7023415242079256	0	0	1	Upright	Normal
-9.7677	-5.0943	2.2595	29.6009	77.3700	-142.7462	39.2999	-1.0938	5.5693	-1.4473	-0.2500	0.3952	-0.6363	0.0041	0.6642	0.3924	-0.5223	0.4444	-0.2458	-8.3204	-4.8442	1.8643	-4.078444030305308	0	0	1	Upright	Normal
-4.0217	-1.7615	-0.8051	28.5787	93.0571	-151.2018	38.0556	-1.6538	7.6365	4.5779	2.9298	-0.3457	-0.7234	0.0104	0.6012	0.3393	-2.1181	3.5741	0.8695	-8.5995	-4.6913	-0.4594	-6.781916298698517	0	0	1	Upright	Normal
-9.8067	-5.3630	0.3448	22.5118	89.8895	-151.7392	35.2976	-5.3761	11.1392	-0.7471	-1.6082	0.3274	-0.7056	0.0352	0.6395	0.3032	0.8636	-1.9418	1.1241	-9.0595	-3.7549	0.0174	6.718907504825005	0	1	2	Jump	Normal
-11.1474	-4.0989	0.2298	20.1876	85.8960	-151.1280	35.1717	-8.4832	7.5806	-1.9667	-0.7145	-0.4289	-0.6816	0.0430	0.6681	0.2953	-0.0792	-0.1660	-0.0700	-9.1807	-3.3844	0.6587	0.6966570636766125	0	1	2	PT	Normal
-9.6151	-3.7158	0.9194	19.0884	82.4091	-150.6308	35.8845	-8.7713	6.1411	-0.4289	-0.5086	-0.3048	-0.6600	0.0440	0.6900	0.2937	0.2511	-0.2875	0.1855	-9.1863	-3.2072	1.2242	-1.5302836908588517	0	1	2	PT	Normal
-9.3087	-4.2138	0.9577	17.4841	82.4926	-150.2005	35.5855	-9.1570	6.4063	-0.0352	-1.2673	-0.2643	-0.6591	0.0571	0.6924	0.2879	-0.2123	0.4337	0.1685	-9.2735	-2.9465	1.2219	-0.08623317082376225	0	1	2	Upright	Normal
-9.0016	-3.8301	1.0337	19.1057	83.9654	-149.9228	35.4320	-9.3183	7.2220	0.2135	-0.6202	0.0596	-0.6690	0.0520	0.6791	0.2974	0.2745	0.1119	-0.2992	-9.2151	-3.2099	0.9741	-0.42578364845152095	0	0	2	Upright	Normal
-10.3424	-4.7878	0.4208	23.5155	83.7030	-148.8752	35.9201	-7.1890	8.4568	-1.4043	-0.8749	-0.5655	-0.6700	0.0290	0.6660	0.3266	0.1616	-0.3067	-1.4028	-8.9380	-3.9129	0.9863	1.5675963831967419	0	0	2	Upright	Normal
-7.4693	-4.1366	0.7655	31.0070	86.0829	-149.9394	37.7120	-2.8545	8.6493	0.9164	0.9153	0.1914	-0.6859	-0.0181	0.6329	0.3588	-0.6448	0.3538	-0.7711	-8.3857	-5.0519	0.5742	-2.832111007407285	0	0	2	Upright	Normal
-7.9673	-4.1366	-0.5752	31.3571	91.3105	-151.9032	37.1377	-2.1993	10.5018	0.4048	0.9667	-0.3837	-0.7138	-0.0161	0.6059	0.3508	0.0295	-0.0979	-0.1961	-8.3721	-5.1032	-0.1915	0.4230568690865617	0	0	2	Upright	Normal
-8.0822	-6.8564	-0.8817	38.6389	86.1362	-154.2888	37.6314	-0.6128	9.1449	-0.4396	-0.7329	-1.3978	-0.6820	-0.0923	0.6219	0.3736	-0.4552	-1.6244	-2.4800	-7.6426	-6.1235	0.5161	1.6397338412006555	0	0	2	Upright	Normal
-4.6729	-5.7072	0.8422	47.1738	80.7236	-156.2307	39.6376	5.6112	4.3461	1.9062	1.4853	-0.2324	-0.6436	-0.1761	0.6300	0.3974	-0.4137	-0.3642	-0.5445	-6.5791	-7.1925	1.0745	-3.2111871136208885	0	0	2	Upright	Normal
-6.0519	-6.7798	1.7998	44.6286	80.1645	-157.6742	40.1473	6.2449	1.1976	0.8247	0.1095	0.6077	-0.6406	-0.1697	0.6471	0.3769	-0.2081	0.2228	0.8766	-6.8766	-6.8893	1.1922	1.8403616353165377	0	1	3	PT	Normal
-8.5419	-3.0640	-1.1115	39.1571	85.1601	-165.3044	39.8242	3.3246	2.0472	-0.9647	3.1285	-1.7530	-0.6638	-0.1632	0.6591	0.3136	-0.2613	-0.7445	1.5349	-7.5772	-6.1925	0.6415	-0.12184876692630908	0	1	3	Upright	Normal
-6.2052	-5.7072	-0.6518	37.7819	88.7585	-169.7855	39.2909	1.0104	2.8791	1.5438	0.3011	-0.8197	-0.6797	-0.1716	0.6534	0.2857	0.2777	-1.5594	-0.2711	-7.7490	-6.0082	0.1679	-0.686769152129397	0	0	3	Upright	Normal
-7.3544	-6.3584	2.4511	39.5565	83.2559	-167.7053	40.0833	2.2332	-0.5894	0.1543	-0.1130	1.5633	-0.6486	-0.1845	0.6753	0.2988	-0.1047	-0.4345	0.1881	-7.5087	-6.2454	0.8878	1.570327761570562	0	0	3	Upright	Normal
-6.8947	-8.9633	1.7615	40.4893	75.5226	-164.2840	40.1123	2.6543	-3.2251	0.3268	-2.5958	-0.1030	-0.6065	-0.1924	0.7058	0.3113	0.7986	-1.2643	0.0560	-7.2215	-6.3675	1.8645	1.4184889986626708	0	0	3	Upright	Normal
-7.4693	-10.6488	2.9108	43.9458	67.0162	-161.5679	39.4040	3.9003	-6.6805	-0.9691	-3.8430	0.1538	-0.5553	-0.2260	0.7302	0.3277	0.0764	-1.0278	-0.2189	-6.5003	-6.8058	2.7569	1.884249167401304	0	0	3	Upright	Normal
-5.4773	-6.9330	4.1366	39.5144	40.6189	-144.8802	37.1235	3.5940	-14.8637	-0.5520	-0.6933	-1.6059	-0.4071	-0.2037	0.8061	0.3782	2.1686	-2.0132	-1.3385	-4.9253	-6.2397	5.7425	-3.5729604145105913	0	0	3	Upright	Normal
-6.2435	-0.6889	7.5076	35.6564	21.9037	-133.8436	32.7489	4.6361	-22.4652	-3.2709	5.0277	0.1148	-0.2842	-0.2056	0.8370	0.4199	0.2010	-1.8438	-0.7127	-2.9726	-5.7166	7.3928	0.03280509141397836	0	0	3	Upright	Normal
-4.7495	0.4220	13.9815	27.0764	37.4326	-146.9637	32.1459	1.4902	-22.7729	0.5580	4.8858	7.0479	-0.3621	-0.1239	0.8614	0.3338	0.6218	0.7491	2.8495	-5.3075	-4.4638	6.9336	4.98344354352607	0	0	3	Upright	Normal
-4.0217	-5.0176	11.3000	5.9626	39.0907	-160.3272	29.7195	-10.6771	-20.6795	2.1286	-3.9989	3.7299	-0.3376	0.0088	0.9243	0.1779	2.1132	0.0514	4.6956	-6.1503	-1.0187	7.5702	-1.7706560567378489	0	0	3	Upright	Normal
-5.2858	-3.6386	9.4230	-6.4881	26.3131	-176.4517	17.4394	-23.6648	-21.5148	-0.9665	-4.7467	0.6888	-0.2254	0.0621	0.9721	0.0172	-0.8366	-3.2659	3.1233	-4.3193	1.1081	8.7342	-1.6010256578313857	0	1	4	PT	Normal
-3.1406	-5.2858	10.3040	-3.9081	12.8129	-167.8815	0.9293	-26.7880	-24.6722	-1.1510	-6.3795	0.7639	0.1073	-0.0455	-0.9880	-0.1011	0.2660	-1.4262	1.4732	-1.9896	1.0937	9.5401	0.5984500928545451	0	1	4	PT	Normal
-1.3018	-1.7615	7.8907	-6.0769	10.8112	-158.6351	-7.4281	-27.7899	-22.3989	0.0398	-3.3812	-1.6878	0.0827	-0.0693	-0.9778	-0.1794	-0.1622	-0.4334	0.3693	-1.3417	1.6197	9.5785	-3.8099172264889223	0	1	4	Jump	Normal
-2.2212	0.9200	7.8907	-5.4876	8.8570	-157.8314	-6.0962	-28.1920	-18.9384	-1.1726	-0.5079	-1.7545	0.0665	-0.0617	-0.9780	-0.1878	0.3565	0.2345	0.2766	-1.0487	1.4278	9.6452	0.059774313745974084	0	1	4	Tilt	Normal
-2.5660	2.7587	9.1165	-7.0385	13.0226	-158.2120	-3.4087	-30.1514	-15.5470	-0.9486	0.8514	-0.3659	0.0996	-0.0813	-0.9751	-0.1806	-0.0046	0.4177	-0.2081	-1.6174	1.9073	9.4824	1.615512802364993	0	0	4	Tilt	Normal
-1.5323	1.6855	10.0365	-7.0989	11.3705	-161.9516	-1.9775	-28.9872	-12.9399	-0.0621	-0.0431	0.4960	0.0880	-0.0764	-0.9818	-0.1497	0.7699	0.5349	-0.7333	-1.4702	1.7286	9.5404	0.427405778312	0	0	4	Tilt	Normal
-3.0263	2.4517	10.8409	-9.4657	14.1910	-165.8117	-1.4863	-29.5207	-7.6455	-1.0786	0.3466	1.4630	0.1120	-0.0965	-0.9826	-0.1120	0.0210	-0.6475	-0.1942	-1.9477	2.1051	9.3779	1.227554264144894	0	0	4	Tilt	Normal
-1.6855	1.6089	9.7300	-9.4218	11.5434	-168.2359	0.0765	-29.5633	-6.4017	-0.0850	-0.3310	0.2514	0.0913	-0.0916	-0.9872	-0.0934	-0.1761	-0.2715	-0.1094	-1.6005	1.9399	9.4786	-1.5141908207267996	0	0	4	Tilt	Normal
-1.4174	1.7238	10.0365	-10.0846	11.0017	-169.6786	0.0996	-30.0431	-7.5209	0.1220	-0.2698	0.5589	0.0872	-0.0957	-0.9883	-0.0808	0.1552	0.0321	0.0131	-1.5393	1.9936	9.4776	0.27650965459962507	0	0	4	Tilt	Normal
-1.4174	1.9920	9.6534	-10.4767	10.1549	-170.5874	0.0512	-29.7756	-6.7025	0.0013	-0.0223	0.1615	0.0804	-0.0979	-0.9892	-0.0733	-0.0855	-0.1095	0.1069	-1.4187	2.0143	9.4920	-0.32345252129084656	0	0	4	Lying	Normal
-1.5317	1.9926	10.1508	-10.2071	9.7156	-171.2021	-0.3670	-29.8543	-6.0504	-0.1582	0.0468	0.6379	0.0773	-0.0948	-0.9901	-0.0686	-0.0216	-0.0094	0.0696	-1.3735	1.9457	9.5129	0.4991343686108518	0	0	5	Lying	Normal
-1.4557	1.9537	9.9216	-9.8950	9.0387	-171.7027	-0.9665	-30.0732	-6.3834	-0.1713	0.0845	0.3808	0.0721	-0.0914	-0.9911	-0.0651	-0.0589	-0.0339	0.0717	-1.2843	1.8691	9.5407	-0.24094098444600576	0	0	5	Tilt	Normal
-1.1875	1.8771	10.0365	-9.8946	8.6836	-171.8223	-1.1177	-29.8881	-5.7337	0.0412	0.0177	0.4865	0.0691	-0.0912	-0.9914	-0.0643	-0.1090	-0.1394	0.0308	-1.2287	1.8594	9.5500	0.06298062699559637	0	0	5	Tilt	Normal
-1.2252	1.8393	9.8444	-9.6859	8.3217	-172.1186	-0.2900	-29.8482	-5.2523	-0.0431	0.0277	0.2794	0.0663	-0.0890	-0.9919	-0.0622	-0.1857	-0.0723	-0.0065	-1.1821	1.8117	9.5650	-0.18992968224477735	0	0	5	Tilt	Normal
-1.1869	1.8010	9.8444	-9.4621	7.7950	-172.3343	-0.8798	-29.9254	-5.4342	-0.0817	0.0407	0.2607	0.0621	-0.0866	-0.9924	-0.0609	-0.1239	-0.1778	0.0393	-1.1052	1.7603	9.5837	-0.011494184439584387	0	0	5	Tilt	Normal
-1.0726	1.6472	10.0748	-8.9955	7.0894	-172.6939	-1.0629	-30.7439	-5.6408	-0.0655	-0.0159	0.4628	0.0565	-0.0820	-0.9933	-0.0586	-0.0781	-0.1362	0.0276	-1.0071	1.6631	9.6120	0.18683729526256876	0	0	5	Tilt	Normal
-1.1492	1.5706	10.2663	-8.2655	6.4948	-172.9132	-1.3500	-30.5714	-7.1225	-0.2212	0.0437	0.6240	0.0519	-0.0753	-0.9941	-0.0575	-0.1015	-0.1107	0.0414	-0.9281	1.5269	9.6423	0.1843709650393599	0	0	5	Tilt	Normal
-0.9960	1.4940	10.0748	-8.2005	6.7016	-172.9942	-2.3317	-30.3779	-7.9316	-0.0295	-0.0244	0.4348	0.0538	-0.0748	-0.9941	-0.0567	0.1286	0.1962	0.0316	-0.9665	1.5184	9.6400	-0.21557775905787402	0	0	5	Tilt	Normal
-0.9571	1.7627	10.1125	-8.2444	6.4563	-173.0519	-6.8253	-30.3025	-15.4552	-0.0314	0.2424	0.4688	0.0517	-0.0750	-0.9942	-0.0563	0.0657	-0.0116	0.0604	-0.9257	1.5203	9.6437	0.07594654252781474	0	0	5	Tilt	Normal
-1.0337	1.4180	10.3424	-8.5923	6.0895	-173.0221	-6.8346	-31.0732	-21.8918	-0.1781	-0.1544	0.7006	0.0483	-0.0779	-0.9942	-0.0566	0.0231	-0.3407	-0.1921	-0.8556	1.5724	9.6417	0.1807081628115057	0	0	5	Tilt	Normal
-1.3402	2.4523	11.6831	-8.9485	3.3247	-174.1208	-4.9601	-30.7517	-24.7634	-0.9303	0.8793	2.0122	0.0249	-0.0794	-0.9953	-0.0488	0.6090	0.2899	-0.1090	-0.4099	1.5730	9.6709	1.5224812250044835	0	0	6	Tilt	Normal
-1.8381	2.6438	11.7214	-10.3647	4.8582	-172.7826	-4.1905	-29.9682	-22.6964	-1.2350	0.7955	2.1094	0.0364	-0.0927	-0.9933	-0.0588	0.3651	1.1613	0.0923	-0.6032	1.8483	9.6120	0.14294670716400049	0	0	6	Tilt	Normal
-3.1023	2.1075	8.6568	-18.1066	12.8858	-169.1239	-2.5925	-32.0609	-18.2085	-1.5151	-1.2227	-0.4293	0.0955	-0.1662	-0.9786	-0.0754	0.3480	0.5296	-0.1335	-1.5872	3.3302	9.0861	-2.7213373517523376	0	0	6	Tilt	Normal
-0.8422	2.4906	9.0016	-22.5909	18.8104	-161.8129	-2.1088	-33.2228	-15.9311	1.0490	-1.8841	0.4311	0.1277	-0.2161	-0.9603	-0.1213	2.0482	0.8875	1.0108	-1.8911	4.3747	8.5705	-0.05660299157958271	0	0	6	Tilt	Normal
-2.7575	5.8233	9.8061	-26.3991	26.7713	-152.6862	-5.5489	-35.1018	-9.2257	-0.6191	0.3376	1.9637	0.1666	-0.2691	-0.9328	-0.1723	1.8170	2.0881	1.4592	-2.1385	5.4857	7.8424	2.355769132618194	0	0	6	Tilt	Normal
-3.8684	7.8536	6.7032	-26.8021	57.1302	-124.0101	-12.8179	-34.7812	-1.2655	-1.2507	-0.3163	1.9526	0.3152	-0.3981	-0.8064	-0.3032	3.4863	3.9214	3.1274	-2.6178	8.1699	4.7505	-0.7072951859754912	0	0	6	Tilt	Normal
-0.4208	5.7850	2.0680	-10.0355	81.6510	-87.4864	-29.9178	-25.5429	4.0141	-1.0942	-3.8975	0.6659	0.4025	-0.5163	-0.5625	-0.5050	1.9662	2.9659	4.3152	0.6734	9.6825	1.4021	-4.8682554871173185	0	0	6	Tilt	Normal
2.6055	6.2830	0.4974	9.8919	91.0474	-64.1064	-38.5985	-14.1857	0.7601	-1.7039	-2.5241	0.6741	0.4285	-0.5705	-0.3183	-0.6242	2.1430	2.6793	4.1711	4.3094	8.8071	-0.1767	0.6620646503629386	0	0	6	Tilt	Normal
7.0874	3.8696	-1.0349	23.2972	93.4453	-45.7416	-42.3827	2.9336	-7.4611	0.0889	-2.9785	-0.4935	0.4047	-0.6032	-0.1255	-0.6758	0.9222	0.7980	2.7245	6.9986	6.8482	-0.5414	1.321031138566636	0	0	6	Tilt	Normal
9.4242	4.4825	-0.3837	28.9517	91.3602	-34.8283	-40.0882	9.5922	-10.9685	1.3122	-1.0241	-0.1799	0.3740	-0.6087	-0.0318	-0.6990	0.2607	0.8343	0.6387	8.1120	5.5067	-0.2038	2.3019569019458768	0	1	7	PT	Normal
7.8536	4.9039	-0.8051	29.5674	90.7304	-31.8601	-39.0736	11.5846	-12.8272	-0.5074	-0.2197	-0.6963	0.3612	-0.6124	-0.0118	-0.7031	0.0838	0.2611	0.6525	8.3610	5.1236	-0.1088	-1.1491282557734035	0	1	7	PT	Normal
7.2024	5.5168	-0.4603	30.1481	90.5098	-30.5126	-37.7908	12.5737	-13.0301	-1.2680	0.5758	-0.3847	0.3571	-0.6135	-0.0007	-0.7044	-0.1633	-0.1266	0.2285	8.4704	4.9410	-0.0756	-0.2097037156861603	0	1	7	Upright	Normal
8.2750	4.7507	-0.0772	30.1543	90.0179	-28.2165	-37.9279	12.7326	-13.0829	-0.3671	0.1155	-0.0745	0.3448	-0.6174	0.0120	-0.7069	0.3235	0.3432	0.2839	8.6420	4.6352	-0.0027	0.4579145980067878	0	0	7	Upright	Normal
8.3127	4.9416	0.0000	30.3737	90.2900	-27.4806	-37.3847	13.5791	-12.7563	-0.3989	0.4387	0.0429	0.3420	-0.6207	0.0187	-0.7053	0.3363	0.1440	0.1496	8.7116	4.5029	-0.0429	0.4579145980067878	0	0	7	Upright	Normal
8.8490	4.3670	-0.3065	29.2263	91.1492	-27.1099	-37.2088	14.3266	-13.4115	0.0778	-0.0154	-0.1347	0.3336	-0.6304	0.0164	-0.7007	-0.0770	-0.1096	0.0974	8.7712	4.3824	-0.1718	0.33061030904078237	0	0	7	Upright	Normal
8.3899	4.7124	-0.1538	28.3002	91.2231	-27.1989	-36.6286	14.8769	-13.4815	-0.3757	0.3193	0.0305	0.3291	-0.6333	0.0103	-0.7003	0.1051	0.1184	0.0889	8.7656	4.3931	-0.1844	-0.2486911470211428	0	0	7	Upright	Normal
8.3133	4.5975	0.1143	28.3658	91.0653	-27.0539	-36.9030	14.6009	-12.8870	-0.4582	0.2152	0.2749	0.3287	-0.6326	0.0112	-0.7012	-0.0291	-0.1713	-0.0304	8.7715	4.3823	-0.1606	-0.12338930103917534	0	0	7	Upright	Normal
8.3133	4.7507	-0.4220	28.1318	91.5955	-27.3961	-37.7375	14.2876	-13.0546	-0.4494	0.3543	-0.1811	0.3293	-0.6355	0.0091	-0.6983	0.1477	0.0385	0.1327	8.7626	4.3964	-0.2409	0.08368759757916067	0	0	7	Upright	Normal
8.4282	4.8273	-0.3071	28.1769	91.6136	-27.4281	-37.4106	13.7869	-13.7796	-0.3326	0.4277	-0.0636	0.3297	-0.6354	0.0093	-0.6982	-0.1484	-0.0488	0.0805	8.7608	4.3996	-0.2435	0.13332878421222993	0	0	7	Upright	Normal
8.2750	4.6358	-0.1538	28.0119	91.3721	-26.9406	-37.5624	14.3507	-13.2520	-0.5149	0.2924	0.0536	0.3261	-0.6358	0.0105	-0.6995	0.0764	0.0289	0.0826	8.7899	4.3434	-0.2074	-0.23129543715587708	1	0	8	Upright	Normal
8.5425	4.4436	-0.2298	27.7237	91.8360	-26.7681	-37.3004	14.9425	-13.3223	-0.2744	0.1598	0.0483	0.3236	-0.6399	0.0111	-0.6969	0.0561	-0.0723	0.1316	8.8169	4.2838	-0.2782	0.14555665398917306	1	0	8	Upright	Normal
8.1600	4.7507	-0.4603	26.9537	92.4082	-27.2660	-37.0723	14.6995	-12.6737	-0.6348	0.4281	-0.0929	0.3222	-0.6441	0.0048	-0.6937	0.0540	0.1046	0.0560	8.7948	4.3226	-0.3674	-0.17846582622915363	1	0	8	Upright	Normal
8.2744	4.6735	-0.8428	26.6413	92.7157	-27.2324	-37.6783	14.5365	-12.5847	-0.5308	0.3763	-0.4274	0.3203	-0.6470	0.0039	-0.6920	-0.0174	0.1354	0.1241	8.8051	4.2971	-0.4154	0.08692257830084316	1	0	8	Upright	Normal
8.3127	4.5969	-0.4214	26.0640	93.1227	-27.5181	-37.6534	14.5601	-11.6959	-0.4800	0.2809	0.0585	0.3188	-0.6502	-0.0003	-0.6896	0.0284	-0.0488	0.0729	8.7927	4.3160	-0.4799	-0.0318946526436541	1	0	8	Upright	Normal
8.3516	4.6358	-0.5369	25.7248	93.1006	-27.3813	-37.3736	14.4357	-12.6424	-0.4495	0.3367	-0.0590	0.3163	-0.6514	-0.0017	-0.6897	-0.0749	-0.0329	0.0697	8.8011	4.2991	-0.4779	0.058612832873592424	1	0	8	Upright	Normal
8.4276	4.4819	-0.4597	25.7276	93.0891	-27.1922	-37.1438	14.7215	-11.7384	-0.3873	0.2111	0.0165	0.3152	-0.6519	-0.0005	-0.6897	0.0838	0.0758	0.1166	8.8149	4.2708	-0.4761	-0.01071599869165496	1	0	8	Upright	Normal
8.3127	4.5969	-0.4597	25.2097	93.1017	-27.2674	-37.0866	14.1972	-12.1702	-0.4950	0.3115	0.0205	0.3128	-0.6531	-0.0042	-0.6896	-0.0792	-0.0691	0.0090	8.8077	4.2853	-0.4802	-0.046122461492149824	1	0	8	Upright	Normal
8.3899	4.4442	-0.5369	24.7606	93.1674	-27.2641	-37.3829	14.5309	-11.3881	-0.4178	0.1606	-0.0447	0.3104	-0.6548	-0.0069	-0.6891	-0.0333	-0.0254	0.1020	8.8077	4.2837	-0.4922	-7.465070883707625E-4	1	0	8	Upright	Normal
8.5425	4.4053	-0.2298	24.0448	93.5269	-27.3813	-37.4092	14.5229	-11.6424	-0.2619	0.1220	0.3211	0.3073	-0.6585	-0.0111	-0.6869	-0.1761	-0.3098	-0.0162	8.8044	4.2834	-0.5510	0.10480059219246662	2	0	9	Upright	Normal
8.6574	4.5586	-0.4597	23.2840	93.2803	-27.2743	-38.1258	15.1697	-11.4064	-0.1462	0.2692	0.0558	0.3025	-0.6594	-0.0160	-0.6881	-0.0195	0.0609	-0.0311	8.8036	4.2894	-0.5155	0.18078764078078358	2	0	9	Upright	Normal
8.0062	4.9033	-0.6895	22.6526	93.3965	-27.6587	-37.1770	14.8144	-10.1487	-0.7684	0.5573	-0.1532	0.3014	-0.6607	-0.0220	-0.6871	-0.0983	-0.0999	0.1116	8.7746	4.3461	-0.5363	-0.3813761985183568	2	0	9	Upright	Normal
8.4282	4.1378	-0.7667	21.7821	93.6937	-28.5595	-37.9224	14.0854	-10.6870	-0.2794	-0.3347	-0.1800	0.3019	-0.6624	-0.0321	-0.6849	-0.2049	-0.1298	-0.2090	8.7076	4.4725	-0.5867	0.006731204278231928	2	0	9	Upright	Normal
7.6614	4.9416	-0.4597	18.2117	93.7854	-33.1605	-38.8510	11.6706	-9.2347	-0.6407	-0.2414	0.1553	0.3094	-0.6600	-0.0818	-0.6797	-0.5170	-0.2810	-0.8951	8.3022	5.1830	-0.6150	-0.2919860751340728	2	0	9	Upright	Normal
7.0868	5.3630	-0.0766	14.0852	93.0294	-40.3570	-39.7610	8.6980	-6.7929	-0.4573	-0.8823	0.4262	0.3276	-0.6468	-0.1521	-0.6717	-0.7503	-0.4462	-1.5446	7.5441	6.2453	-0.5028	-0.24075240957152033	2	0	9	Upright	Normal
5.2487	7.3556	-0.4220	13.0262	92.2591	-46.7085	-41.1607	4.0036	-6.4947	-1.5339	0.2830	-0.0453	0.3561	-0.6264	-0.1979	-0.6646	0.0572	0.3410	-1.1451	6.7826	7.0726	-0.3766	0.1584396042478904	2	0	9	Upright	Normal
6.2447	7.0874	-0.3454	10.2273	92.6541	-53.5439	-41.9012	-0.7753	-5.7783	0.3590	-0.7437	0.1016	0.3795	-0.6155	-0.2523	-0.6431	-0.3668	-0.7232	-1.3976	5.8857	7.8311	-0.4470	0.4062521694783303	2	0	9	Upright	Normal
4.0995	6.7810	0.8805	0.7260	89.6894	-70.0385	-41.4330	-7.6661	-3.2530	0.7524	-2.4365	0.8273	0.4083	-0.5749	-0.4032	-0.5832	-1.6930	-1.6170	-3.5441	3.3471	9.2175	0.0531	-1.4796947155594298	2	0	9	Upright	Normal
-1.5700	8.2367	2.8724	-16.6693	74.9240	-97.4680	-34.5154	-20.3725	-0.0904	-1.0647	-1.2472	0.4290	0.3765	-0.4834	-0.6485	-0.4517	-3.1780	-2.8793	-4.5593	-0.5053	9.4839	2.4434	0.8906909920122006	2	0	9	Upright	Normal
-4.7495	6.5511	6.4350	-21.0647	48.4897	-129.7946	-17.5959	-33.7715	-4.2138	-1.8441	-0.5863	0.3701	0.2949	-0.3222	-0.8436	-0.3123	-3.8960	-1.8502	-3.2609	-2.9054	7.1374	6.0650	1.4751252858443191	2	1	10	PT	Normal
-4.1366	3.1035	9.4613	-14.9284	30.8077	-146.3252	-7.8584	-34.1411	-14.1413	-1.1598	-1.4871	1.3228	0.2158	-0.1962	-0.9249	-0.2439	-1.1114	-0.6688	-1.2678	-2.9767	4.5906	8.1385	0.4438976218220283	2	1	10	PT	Normal
-2.2978	2.4140	10.8787	-12.6321	23.3942	-154.2803	-3.1526	-32.7719	-17.0961	0.3560	-1.0491	2.0961	0.1725	-0.1499	-0.9538	-0.1949	-1.5279	-2.2007	-1.0495	-2.6538	3.4631	8.7825	0.5953953293390839	2	1	10	PT	Normal
-1.9531	2.1075	9.1548	-9.4201	5.5126	-165.1290	-2.9281	-30.5910	-20.3967	-1.4525	0.3217	-0.4748	0.0369	-0.0875	-0.9876	-0.1249	-0.6011	-1.3932	-0.8971	-0.5005	1.7858	9.6296	-1.7826286677394094	2	1	10	PT	Normal
-0.5740	1.6095	11.8746	-7.0380	6.0362	-163.2875	-2.8307	-29.3120	-19.9182	0.0702	0.1686	2.1959	0.0431	-0.0683	-0.9866	-0.1417	-0.3593	0.7810	0.3748	-0.6442	1.4409	9.6787	2.401790130002915	2	1	10	PT	Normal
-0.4591	0.9200	10.1891	-6.0600	5.0307	-162.7667	-5.2528	-29.1897	-19.4766	0.0567	-0.3198	0.4749	0.0354	-0.0588	-0.9867	-0.1472	0.4833	0.5317	-0.0414	-0.5158	1.2397	9.7142	-1.7560739917125616	2	1	10	PT	Normal
-0.9571	0.9200	10.1508	-9.7321	7.9754	-161.4759	-7.3604	-30.1732	-16.4219	-0.1884	-1.0689	0.5788	0.0548	-0.0947	-0.9820	-0.1542	0.4322	-0.5815	-0.0105	-0.7687	1.9888	9.5720	-0.0036019512996130487	0	1	10	Tilt	Normal
-1.1875	2.1452	9.9599	-10.3575	7.6911	-161.2942	-9.8373	-31.0190	-14.0447	-0.5047	0.0694	0.3998	0.0513	-0.0997	-0.9814	-0.1555	-0.1015	-0.0936	0.0886	-0.6828	2.0758	9.5600	0.020028255668160355	0	1	10	Tilt	Normal
-1.1109	1.7621	10.4579	-7.5653	5.8892	-161.2492	-10.8781	-30.9294	-15.5153	-0.5709	0.2227	0.7880	0.0398	-0.0734	-0.9837	-0.1590	-0.0174	0.1237	0.1429	-0.5400	1.5395	9.6699	0.4060647884743638	0	0	10	Tilt	Normal
-0.9577	1.3791	10.4579	-6.7988	6.1806	-160.8021	-11.0505	-30.7571	-15.9043	-0.3401	-0.0581	0.7769	0.0432	-0.0674	-0.9834	-0.1631	-0.2081	-0.0648	-0.0126	-0.6176	1.4371	9.6810	-0.071511527567095	0	0	10	Tilt	Normal
-1.0337	1.2647	10.3424	-6.1297	6.8798	-160.2561	-11.0163	-30.0203	-15.3084	-0.2792	-0.1106	0.6620	0.0499	-0.0629	-0.9826	-0.1677	0.0487	0.1865	-0.0039	-0.7545	1.3753	9.6804	-0.12123719491357221	1	0	11	Tilt	Normal
-0.8422	1.2264	9.6145	-5.7745	6.9571	-159.8430	-9.7158	-29.8431	-15.8417	-0.0645	-0.1022	-0.0705	0.0509	-0.0601	-0.9820	-0.1714	-0.0429	-0.0127	-0.0615	-0.7777	1.3286	9.6850	-0.7416645253114655	1	0	11	Tilt	Normal
-0.8805	0.9583	10.4190	-5.5180	7.5244	-159.8627	-10.1936	-29.9511	-16.0117	0.0034	-0.3615	0.7419	0.0561	-0.0588	-0.9819	-0.1711	-0.2283	-0.2651	-0.1616	-0.8839	1.3198	9.6771	0.7710362878834278	1	0	11	Tilt	Normal
-1.1486	1.3414	10.0359	-5.4490	7.0578	-160.3358	-9.8663	-29.8504	-14.9603	-0.3249	0.0657	0.3476	0.0525	-0.0572	-0.9828	-0.1674	0.0860	-0.0095	-0.0082	-0.8238	1.2757	9.6883	-0.3098709837568041	0	0	11	Tilt	Normal
-1.0343	1.1492	10.0742	-5.3462	7.1948	-159.9543	-8.3959	-29.9262	-14.1733	-0.1911	-0.1233	0.3871	0.0536	-0.0567	-0.9822	-0.1706	0.0125	0.0459	0.0877	-0.8432	1.2725	9.6871	0.002061059666592868	0	0	11	Tilt	Normal
-0.8422	1.1115	9.8061	-5.3060	7.1538	-159.6674	-8.6705	-30.1464	-13.1352	-0.0096	-0.1565	0.1175	0.0532	-0.0565	-0.9818	-0.1731	-0.0408	-0.0179	0.0286	-0.8326	1.2680	9.6886	-0.28738780568391853	0	0	11	Lying	Normal
-0.9954	1.2264	10.0742	-5.0255	6.7485	-159.4953	-7.7742	-29.7128	-13.6824	-0.2147	0.0238	0.3730	0.0501	-0.0535	-0.9818	-0.1750	0.0455	-0.0094	0.0414	-0.7807	1.2026	9.7012	0.2925101282396465	0	0	11	Tilt	Normal
-1.0337	1.2264	10.1891	-4.9335	6.6491	-159.2267	-5.9882	-30.0693	-13.3700	-0.2690	0.0406	0.4845	0.0492	-0.0527	-0.9815	-0.1774	0.0444	-0.0157	0.1032	-0.7646	1.1859	9.7046	0.1172970934137485	0	0	11	Tilt	Normal
-0.8422	1.0732	10.2274	-4.8728	6.5426	-158.8011	-5.8380	-29.9324	-12.5212	-0.0995	-0.1024	0.5200	0.0482	-0.0522	-0.9809	-0.1811	-0.0504	-0.0498	0.0723	-0.7427	1.1756	9.7074	0.003412536104496766	0	0	11	Tilt	Normal
-0.8422	1.0349	10.1508	-4.6873	6.2602	-158.9596	-4.3419	-29.6717	-12.9049	-0.1300	-0.0925	0.4353	0.0462	-0.0501	-0.9813	-0.1800	-0.1015	-0.0999	-0.1206	-0.7121	1.1274	9.7155	-0.07986494946447031	1	0	12	Tilt	Normal
-0.9188	1.3030	10.0359	-4.8699	6.2184	-159.2452	-3.2306	-29.2574	-12.7976	-0.2186	0.1528	0.3222	0.0457	-0.0515	-0.9817	-0.1774	0.0902	0.0854	0.0578	-0.7002	1.1503	9.7137	-0.0763612948841299	1	0	12	Tilt	Normal
-1.5317	0.7667	9.6528	-5.0687	8.5594	-159.3128	-2.2791	-29.1345	-13.3538	-0.4688	-0.5504	-0.0066	0.0654	-0.0568	-0.9806	-0.1756	0.3225	0.6138	-0.1212	-1.0629	1.3171	9.6594	-0.35816145959434387	1	0	12	Lying	Normal
-4.1749	1.3414	9.4996	-6.8486	16.4491	-161.2811	-0.0644	-30.2493	-15.1218	-1.9047	-0.6120	0.1615	0.1313	-0.0816	-0.9762	-0.1522	1.0926	1.1891	-0.6442	-2.2702	1.9534	9.3381	0.6592704453712201	1	0	12	Lying	Normal
-5.0943	1.3030	6.0136	-12.9753	34.0707	-163.0083	7.9685	-32.3096	-13.4329	-0.3732	-2.0467	-1.9022	0.2719	-0.1499	-0.9445	-0.1076	2.5616	3.8703	-0.8402	-4.7211	3.3498	7.9158	-2.4745562748452823	1	0	12	Lying	Normal
-6.1286	-0.0760	4.0600	-19.9646	59.2562	-166.8121	16.2130	-31.4671	-3.1735	1.7934	-3.4243	-0.6518	-0.4664	0.2056	0.8603	0.0132	0.8071	3.2919	-2.5223	-7.9220	3.3483	4.7118	-0.6364988096552828	1	0	12	Lying	Normal
-9.0399	-0.5740	5.4007	-2.5479	74.0161	-151.0270	25.8430	-23.7769	4.7788	0.3784	-1.0099	2.7031	-0.5782	0.1677	0.7763	0.1868	0.0210	1.1368	-3.8792	-9.4183	0.4359	2.6977	3.194128536534361	1	0	12	Lying	Normal
-12.4109	-2.6809	4.2515	19.1065	74.2584	-139.2284	33.9658	-13.1698	6.3967	-3.4919	0.5291	1.7376	-0.6041	0.0833	0.7021	0.3678	0.0966	-0.5069	-2.8758	-8.9190	-3.2100	2.5139	2.844091777737951	1	0	12	Lying	Normal
-11.4533	-3.7152	4.3664	32.1479	68.7824	-123.7542	38.1307	-1.5861	6.7588	-3.7130	1.5031	1.3616	-0.5864	0.0543	0.6256	0.5117	1.3749	-0.6337	-2.7522	-7.7403	-5.2183	3.0049	-0.5819765522815086	1	0	12	Lying	Normal
-10.3040	-2.8724	3.8684	34.9634	58.8764	-107.0317	39.1142	9.3718	4.9955	-3.4242	2.7475	-0.2855	-0.5325	0.0684	0.5801	0.6126	1.8319	0.0343	-0.8368	-6.8799	-5.6199	4.1539	-1.433186377266514	1	0	12	Lying	Normal
-9.8827	-3.0257	2.3744	29.1665	58.6098	-104.9894	39.0132	10.0179	3.6385	-2.5727	1.7538	-2.0856	-0.5095	0.1142	0.5945	0.6116	-0.1718	-0.6347	1.1115	-7.3099	-4.7794	4.4601	-0.7701331689189495	1	1	13	PT	Normal
-4.9416	-7.4699	1.6855	28.8270	63.1368	-112.3629	39.4810	6.7386	2.8027	2.7227	-2.7414	-2.1965	-0.5393	0.1060	0.6130	0.5675	-0.4041	1.3542	0.0743	-7.6643	-4.7285	3.8820	-1.4910235817010395	1	1	13	PT	Normal
-9.5379	-4.7878	6.8564	24.0672	72.2286	-126.7700	39.1577	4.3569	5.7224	-1.0110	-0.7884	4.1236	-0.5908	0.1077	0.6513	0.4638	-2.0115	-1.1077	2.3987	-8.5269	-3.9994	2.7328	3.571114006132831	1	1	13	Jump	Normal
-2.9497	-6.7804	1.9920	25.2885	75.2443	-131.1529	38.4970	-1.1889	5.9375	5.6249	-2.5911	-0.2664	-0.6140	0.0884	0.6484	0.4412	-0.4435	2.0562	-0.3422	-8.5745	-4.1893	2.2583	-5.026978254774481	1	1	13	Jump	Normal
-9.2703	-4.0223	3.1029	24.3863	87.1113	-140.1380	36.6773	-3.0212	10.6300	-0.3499	0.0269	2.6528	-0.6854	0.0857	0.6163	0.3783	-1.0805	0.2591	0.4578	-8.9205	-4.0492	0.4501	2.913120348632975	1	1	13	PT	Normal
-9.4619	-6.7038	-0.8428	26.1996	88.6785	-150.8415	36.4486	-4.9752	9.8380	-0.6651	-2.3740	-1.0457	-0.6996	0.0145	0.6343	0.3287	-0.8131	-0.9798	-0.6064	-8.7967	-4.3298	0.2029	1.0556745955293518	1	1	13	PT	Normal
-9.0016	-4.3281	0.8805	26.9832	90.1542	-154.0170	37.1291	-4.8140	8.4345	-0.2625	0.1217	0.9041	-0.7079	-0.0057	0.6320	0.3153	-0.6789	-0.0552	-0.1184	-8.7391	-4.4498	-0.0236	-1.5998505869538402	1	1	13	PT	Normal
-7.8913	-5.1332	0.1149	30.5123	90.9370	-160.4236	37.9395	-3.4953	6.5282	0.5562	-0.1540	0.2532	-0.7091	-0.0649	0.6348	0.2999	-0.3945	-0.0286	-0.1152	-8.4475	-4.9792	-0.1383	-0.6121447676081591	1	1	13	PT	Normal
-7.7375	-5.9370	-0.2687	32.1178	91.5285	-163.5614	38.1419	-3.8735	6.4737	0.5655	-0.7230	-0.0471	-0.7090	-0.0926	0.6352	0.2920	-0.1942	-0.0084	-0.1877	-8.3029	-5.2140	-0.2216	0.3418425971806176	0	1	13	Upright	Normal
-8.1971	-5.4390	-0.3071	32.3902	91.8533	-165.0725	39.0610	-2.6300	6.5240	0.0795	-0.1856	-0.0392	-0.7093	-0.1027	0.6363	0.2855	-0.0408	-0.0638	0.1095	-8.2766	-5.2535	-0.2679	0.08574033126644132	0	1	13	Upright	Normal
-7.9673	-5.7455	0.0377	33.4230	92.4698	-167.0028	37.9379	-2.2031	5.9741	0.2099	-0.3437	0.3906	-0.7097	-0.1193	0.6347	0.2813	-0.2592	-0.2235	-0.4998	-8.1772	-5.4018	-0.3528	-0.019293772983477453	1	1	14	Upright	Normal
-7.2012	-6.2435	-0.6518	36.4069	91.1875	-169.8869	38.7299	-1.2019	4.1340	0.6898	-0.4229	-0.4881	-0.6953	-0.1579	0.6425	0.2809	-0.0174	-0.5559	-0.4136	-7.8910	-5.8206	-0.1637	-0.2697464574375932	1	1	14	Upright	Normal
-7.0479	-5.9753	0.5357	37.9395	89.0685	-168.7700	38.9657	-0.2360	3.2544	0.6852	0.0542	0.4100	-0.6827	-0.1657	0.6486	0.2928	0.4023	-0.1714	-0.1781	-7.7331	-6.0295	0.1257	-0.29769981779284294	1	1	14	Upright	Normal
-8.2355	-4.9410	2.4128	27.3023	89.6635	-165.0529	38.3083	-3.4781	4.3908	0.4785	-0.4428	2.3616	-0.7011	-0.0768	0.6616	0.2546	0.3235	0.6563	1.7553	-8.7140	-4.4983	0.0512	0.6469625835081363	1	0	14	Upright	Normal
-8.6568	-5.0943	0.3059	25.8023	86.9877	-169.2217	37.6455	-6.4297	3.9722	0.1600	-0.8257	-0.1580	-0.6831	-0.0982	0.6896	0.2194	-0.3955	-0.3898	0.0434	-8.8168	-4.2686	0.4639	0.14671020257392087	0	0	14	Upright	Normal
-6.7415	-2.8724	0.5357	29.4466	85.4993	-169.3313	38.5158	-5.6330	1.7131	1.7720	1.9487	-0.1344	-0.6710	-0.1248	0.6911	0.2378	-0.0440	0.1482	-0.1547	-8.5135	-4.8212	0.6701	-2.7016809333619385	0	0	14	Upright	Normal
-8.2355	-5.6306	0.4208	23.4999	87.8910	-169.6990	37.8997	-6.1483	2.7637	0.7518	-1.7201	0.0899	-0.6899	-0.0850	0.6894	0.2040	0.2639	0.1408	0.1829	-8.9872	-3.9105	0.3308	2.6377177439903683	0	0	14	Upright	Normal
-7.8524	-5.4390	1.5317	26.5911	84.1685	-163.0135	37.9598	-7.2051	4.4944	0.8716	-1.0493	0.6407	-0.6703	-0.0725	0.6916	0.2591	1.7542	-0.5549	-1.3809	-8.7240	-4.3898	0.8909	-0.31105744645951106	0	0	14	Upright	Normal
-6.6266	-6.2435	1.8381	33.1989	76.0667	-152.3204	39.8017	-0.2253	3.2072	1.3381	-0.8737	-0.1377	-0.6271	-0.0772	0.6908	0.3515	-0.3796	0.6404	0.9243	-7.9646	-5.3697	1.9758	-0.38588361077742306	0	0	14	Upright	Normal
-8.0056	-6.7415	0.9571	32.5125	79.1930	-152.6164	39.7055	0.2957	4.1749	0.1175	-1.4705	-0.5935	-0.6456	-0.0647	0.6765	0.3484	0.0785	-0.1543	0.2276	-8.1231	-5.2710	1.5505	1.2214279253827858	0	0	14	Upright	Normal
-7.8907	-6.3201	2.0680	31.0843	77.9403	-151.7555	39.9948	-0.9422	4.1881	0.3225	-1.2568	0.3133	-0.6384	-0.0542	0.6853	0.3462	0.1637	-0.2555	0.4300	-8.2132	-5.0633	1.7547	-0.19060474408541772	0	0	15	Upright	Normal
-9.6145	-2.4894	1.6083	27.0994	78.8718	-151.0191	39.3527	-3.0204	4.4541	-1.0485	1.9781	-0.0766	-0.6432	-0.0207	0.6897	0.3320	0.3235	0.4454	0.6741	-8.5660	-4.4674	1.6849	-0.2581489387649025	0	0	15	Upright	Normal
-8.1594	-5.5162	1.5706	26.8832	78.4557	-149.6760	39.2214	-3.6043	4.2037	0.4105	-1.0819	-0.1799	-0.6408	-0.0129	0.6887	0.3389	-0.1452	-0.1287	0.0094	-8.5699	-4.4344	1.7505	-0.08741423411906801	0	0	15	Upright	Normal
-8.1594	-4.4819	1.9154	27.1542	77.9682	-151.1607	39.0002	-3.3334	4.4626	0.3747	-0.0061	0.0965	-0.6377	-0.0244	0.6950	0.3312	-0.1740	-0.2257	0.1202	-8.5341	-4.4758	1.8188	-0.46920317904771736	0	0	15	Upright	Normal
-8.3510	-4.0223	2.3750	26.5042	76.2951	-150.1890	39.2760	-3.6813	3.7880	0.1752	0.3542	0.2958	-0.6274	-0.0196	0.7033	0.3337	0.2852	-0.1884	-0.0193	-8.5262	-4.3765	2.0792	0.06431746989307818	0	0	15	Upright	Normal
-8.5419	-4.7501	2.6426	26.3230	75.0382	-148.1172	38.5923	-3.3741	4.3238	-0.0501	-0.4013	0.3733	-0.6198	-0.0108	0.7045	0.3455	0.2734	0.0108	0.0030	-8.4918	-4.3488	2.2693	0.5561315164702876	0	0	15	Upright	Normal
-8.1971	-5.0560	2.2978	26.3634	74.7302	-147.1059	39.4580	-2.5535	4.2250	0.2794	-0.7011	-0.0162	-0.6180	-0.0065	0.7030	0.3518	0.0487	0.0332	0.0677	-8.4765	-4.3549	2.3140	-0.22347741423650547	0	0	15	Upright	Normal
-8.1977	-4.6735	2.1452	26.2441	75.1410	-147.2891	39.7189	-2.7589	3.8938	0.3039	-0.3368	-0.1103	-0.6205	-0.0054	0.7017	0.3502	-0.0568	-0.0733	0.0858	-8.5017	-4.3366	2.2555	-0.2242119823947082	0	0	15	Upright	Normal
-8.6191	-4.4053	2.3367	25.8738	75.2405	-147.4799	39.5841	-3.5800	3.7438	-0.0866	-0.1257	0.0889	-0.6208	-0.0037	0.7028	0.3473	-0.0014	0.0215	0.0975	-8.5325	-4.2796	2.2479	0.2806220987853578	0	0	15	Upright	Normal
-8.4276	-4.3670	2.2984	25.6084	75.4465	-146.9963	39.1687	-3.6970	4.3797	0.1320	-0.1282	0.0763	-0.6219	0.0014	0.7010	0.3491	0.0902	0.0822	0.0283	-8.5596	-4.2388	2.2221	-0.19154180429114476	0	0	15	Upright	Normal
-8.3121	-4.8261	2.2978	25.6981	75.4285	-146.3000	38.9548	-2.9150	3.9225	0.2405	-0.5736	0.0747	-0.6218	0.0045	0.6987	0.3538	0.0838	0.0172	0.0091	-8.5525	-4.2526	2.2232	0.1162611852441362	1	0	16	Upright	Normal
Total time: 16 seconds.
