2.7587	-9.0016	0.8805	31.3818	83.1353	66.9834	-5.1983	25.2311	-6.7643	-1.6100	-0.2789	-0.1202	-0.1837	-0.6444	0.5471	-0.5017	0.0216	-0.0731	-0.2602	4.3687	-8.7227	1.0006	-0.14350341400771072	6	0	1	Upright	Normal
2.6055	-9.0016	1.0337	31.5568	82.5944	66.8443	-5.6558	25.6706	-7.3423	-1.8268	-0.3202	-0.0432	-0.1793	-0.6426	0.5480	-0.5046	0.1260	0.0696	-0.3593	4.4323	-8.6814	1.0769	-0.02798895694079029	6	0	1	Upright	Normal
3.0263	-10.8409	0.1532	28.3616	82.9497	64.6378	-5.8558	25.1172	-6.6684	-1.6590	-2.2913	-0.9059	-0.1882	-0.6408	0.5255	-0.5271	-0.5536	1.4204	-1.3596	4.6853	-8.5497	1.0591	1.8284883180124396	6	0	1	Upright	Normal
2.1458	-8.7334	0.0760	18.9276	83.5402	61.4676	-8.6294	25.7692	-5.2053	-2.8231	-0.3434	-0.9676	-0.2304	-0.6275	0.4701	-0.5764	-0.5408	-0.4087	0.4737	4.9689	-8.3900	1.0436	-2.262953376495755	6	0	1	Upright	Normal
4.7507	-7.7375	-1.2647	24.0485	93.7831	61.2113	-7.2604	24.5247	-3.2740	0.2695	0.9655	-0.6738	-0.2410	-0.6871	0.4712	-0.4978	-0.0615	-3.6290	-0.4051	4.4812	-8.7029	-0.5909	0.1737276399326788	0	0	1	Upright	Normal
-1.5323	-10.8026	0.9960	20.1730	89.1929	59.4667	-7.2732	24.3799	-2.9831	-6.5549	-2.3807	0.8664	-0.2346	-0.6621	0.4545	-0.5478	1.1540	2.7318	-0.4515	5.0226	-8.4219	0.1296	1.7889014873392846	0	0	1	Upright	Normal
6.7044	-8.8101	0.3825	19.1913	87.6275	58.7914	-8.0947	25.1996	-3.7546	1.5134	-0.4987	-0.0009	-0.2303	-0.6538	0.4498	-0.5632	-0.2958	0.0036	-0.7881	5.1909	-8.3113	0.3834	0.12149652057845906	0	0	1	Upright	Normal
4.0612	-9.2314	-0.4220	19.9463	89.0519	52.2622	-9.1819	24.2767	-3.7012	-1.9837	-1.5109	-0.5745	-0.1933	-0.6744	0.4183	-0.5769	-0.1871	-0.7165	-0.3141	6.0449	-7.7206	0.1525	-0.9835303958704049	0	0	1	Upright	Normal
2.0309	-10.1125	-0.3071	23.5933	93.1083	56.6262	-8.8350	23.7690	-2.8854	-3.1780	-1.8179	0.1803	-0.2133	-0.6923	0.4499	-0.5222	0.0153	-1.1831	0.9770	5.2089	-8.2946	-0.4874	0.22492260227421745	0	0	1	Upright	Normal
2.9119	-8.5036	0.1909	30.7686	90.6318	68.4430	-4.0030	25.1471	-3.7318	-0.6396	0.6370	0.2839	-0.2313	-0.6718	0.5373	-0.4545	1.5450	-0.0400	1.7014	3.5515	-9.1406	-0.0929	-1.3286148577032648	0	0	1	Upright	Normal
0.8428	-8.5808	0.9960	31.8127	79.2486	77.1071	-1.9053	24.7713	-5.7683	-2.2470	0.5957	-0.5586	-0.2172	-0.6112	0.5984	-0.4704	1.7793	0.7120	-0.2993	3.0897	-9.1765	1.5546	-0.31094646855725117	0	0	2	Upright	Normal
0.6518	-9.6911	2.5660	35.8515	77.5876	78.2386	-2.3505	25.5788	-8.0102	-2.5090	-0.5664	0.8576	-0.1900	-0.6138	0.6175	-0.4537	-0.1861	-1.0936	-0.8042	3.1608	-9.1248	1.7084	1.3667969454298188	0	0	2	Upright	Normal
-1.4551	-9.3847	0.9954	37.2041	80.3850	79.8913	-1.8424	25.3610	-7.8229	-4.1270	-0.0397	-0.3092	-0.2059	-0.6254	0.6227	-0.4229	-0.6143	0.0196	1.5543	2.6719	-9.3450	1.3045	-0.4973641578732533	0	0	2	Upright	Normal
0.1538	-12.2577	0.3059	41.3405	85.3674	93.1501	2.5019	23.5402	-7.0658	0.1686	-2.4690	-0.2888	-0.2823	-0.6245	0.6640	-0.2990	-0.1882	-0.7506	2.7580	-0.0148	-9.7887	0.5947	2.713620853630516	0	0	2	Upright	Normal
-1.8771	-10.2274	1.3791	43.0658	89.1095	97.8315	6.3873	20.6699	-6.1829	-0.6440	-0.4992	1.2677	-0.3200	-0.6260	0.6688	-0.2415	-0.5802	-0.8316	0.7000	-1.2330	-9.7282	0.1113	-1.7731945382421639	0	0	2	Upright	Normal
-3.9834	-9.4613	0.4208	47.9595	91.3358	101.7860	9.4245	19.0183	-7.4963	-1.8145	0.1015	0.5740	-0.3280	-0.6326	0.6788	-0.1772	-0.3224	-0.5258	0.6889	-2.1688	-9.5627	-0.1532	-0.21501048163931813	0	0	2	Upright	Normal
-4.0600	-9.4230	-1.3030	46.9553	90.0575	109.1346	10.5382	18.0052	-7.3540	-0.8386	-0.1604	-1.2963	-0.3655	-0.6056	0.6916	-0.1462	1.0006	0.9900	0.8881	-3.2214	-9.2626	-0.0067	0.06856434289345081	0	0	2	Upright	Normal
-6.0136	-7.8907	2.2595	44.0083	72.7072	123.3950	11.4934	16.6684	-7.4500	-2.5507	1.0416	0.1630	-0.3408	-0.5263	0.7627	-0.1585	2.2662	-2.5072	-0.2229	-3.4629	-8.9323	2.0966	-0.1677791313938588	0	0	2	Upright	Normal
-5.7455	-7.5076	3.1023	48.9976	57.7113	133.3076	11.8633	17.0490	-11.7848	-2.9359	1.2369	-0.3346	-0.2593	-0.5075	0.8110	-0.1321	0.3412	-1.8713	-0.1239	-2.8096	-8.7445	3.4369	-0.22523237924124295	0	0	2	Upright	Normal
-8.2361	-4.4436	6.5122	66.1639	29.5317	157.6816	11.2879	17.6820	-16.6665	-6.7283	4.6121	3.0641	-0.1074	-0.5592	0.8218	-0.0203	-1.9608	-4.7699	0.6708	-1.5077	-9.0558	3.4481	1.4513850978971732	0	0	3	Upright	Normal
-6.5122	-3.8690	9.6917	64.4440	-0.1029	151.2382	6.3990	16.0246	-23.3077	-6.5197	4.9783	5.4613	-0.1332	0.5163	-0.8194	0.2106	2.3599	-9.6274	-2.3348	0.0075	-8.8473	4.2304	0.8994754620103471	0	0	3	Upright	Normal
1.2258	-5.5545	7.8147	44.6780	4.2114	143.5836	0.4027	12.6759	-30.2004	1.7380	1.3408	0.8604	-0.0864	0.3714	-0.8824	0.2756	6.6551	4.0122	1.5172	-0.5122	-6.8953	6.9543	-2.635049341265564	0	0	3	Upright	Normal
-1.6849	-1.9531	9.4230	7.0060	4.8721	132.3580	2.1839	-1.2018	-28.5248	-0.8582	-0.7569	-0.2752	0.0142	0.0730	-0.9133	0.4004	3.0321	-2.6169	2.5601	-0.8267	-1.1962	9.6982	0.10402859194201852	0	0	3	Tilt	Normal
1.3414	-0.8422	11.1468	2.3054	-9.0633	126.9410	-6.6230	-8.3227	-27.9056	-0.2022	-0.4476	1.4705	-0.0796	-0.0173	-0.8910	0.4466	-0.8817	-3.8473	0.9207	1.5435	-0.3946	9.6763	1.4890972217445135	0	0	3	Tilt	Normal
0.2304	-0.1526	9.0782	-0.9202	-12.4966	125.5520	-10.6825	-7.2990	-28.1755	-1.8913	-0.3100	-0.4949	-0.0931	-0.0569	-0.8843	0.4540	1.1881	1.1445	0.8376	2.1217	0.1574	9.5731	-2.176360093456619	0	0	3	Tilt	Normal
-0.0766	0.3831	7.9296	-2.9042	-8.2653	129.0774	-6.5264	-6.5672	-27.4373	-1.4846	-0.1137	-1.7626	-0.0542	-0.0538	-0.9010	0.4270	0.3860	0.8441	0.2362	1.4079	0.4968	9.6922	-1.143187451472527	0	0	3	Tilt	Normal
1.8004	2.1835	7.8530	-11.6663	0.8406	125.7281	-5.8227	-7.7143	-23.9476	1.9414	0.2005	-1.7500	0.0528	-0.0871	-0.8850	0.4544	2.6337	2.2524	2.0312	-0.1410	1.9830	9.6030	0.4081600921363746	0	0	3	Tilt	Normal
0.1149	1.9154	12.4498	-10.1975	7.7939	127.5872	-7.4616	-10.6527	-18.6511	1.4238	0.1793	2.8874	0.0999	-0.0497	-0.8889	0.4443	-0.8007	0.2145	-0.5564	-1.3089	1.7361	9.5624	4.249425584923001	0	0	3	Tilt	Normal
1.1875	2.2601	9.7300	-9.9013	6.5698	127.9295	-9.8161	-12.2556	-17.7215	2.2929	0.5739	0.1330	0.0891	-0.0524	-0.8915	0.4410	0.0909	0.2475	0.0988	-1.1054	1.6863	9.5970	-2.5374252216156883	0	0	3	Tilt	Normal
0.5752	3.2567	9.9593	-12.3274	5.3103	133.2092	-12.6888	-13.1895	-14.2996	1.4620	1.1631	0.4199	0.0849	-0.0801	-0.9095	0.3989	-0.3576	-0.0198	-0.8152	-0.8868	2.0936	9.5394	0.43464857965431136	0	1	4	PT	Normal
0.1915	3.3710	8.1211	-14.3983	5.2152	137.3287	-13.2602	-13.7404	-7.1345	1.0549	0.9325	-1.3381	0.0876	-0.1002	-0.9211	0.3659	0.2464	0.2423	-0.3917	-0.8634	2.4385	9.4592	-1.698995353591238	0	1	4	PT	Normal
-0.3442	3.8696	8.7718	-16.4448	3.4759	140.4960	-9.1695	-14.6742	9.0355	0.2261	1.0936	-0.6164	0.0766	-0.1244	-0.9296	0.3384	0.3157	-0.4587	-0.0231	-0.5703	2.7761	9.3881	0.7985469232431512	0	1	4	PT	Normal
0.4220	3.6781	8.8484	-18.5142	2.1940	144.7242	-4.2620	-13.0767	7.8607	0.7780	0.5641	-0.4438	0.0667	-0.1475	-0.9395	0.3019	-0.0305	-0.1988	-0.1435	-0.3560	3.1140	9.2922	-0.0018798362842638028	0	1	4	Tilt	Normal
0.8434	3.5632	9.0016	-18.3509	1.6852	148.7476	-6.1255	-14.1523	6.1625	1.1172	0.4757	-0.3023	0.0569	-0.1496	-0.9500	0.2681	-0.1136	0.0857	-0.3235	-0.2738	3.0875	9.3039	0.12614673962963785	0	1	4	Tilt	Normal
0.1915	4.1372	9.8833	-18.1933	1.9861	152.5788	-8.6106	-14.8727	7.1561	0.5145	1.0754	0.5725	0.0541	-0.1495	-0.9585	0.2367	0.0398	-0.1199	-0.3012	-0.3229	3.0617	9.3108	0.998156842288008	0	0	4	Tilt	Normal
0.6895	3.9456	9.1554	-19.2008	3.3368	155.5330	-6.7482	-14.7468	7.9387	1.2287	0.7205	-0.0899	0.0634	-0.1568	-0.9622	0.2136	0.1495	0.5406	-0.4707	-0.5391	3.2251	9.2454	-0.7227786392238329	0	0	4	Tilt	Normal
0.1532	3.8690	9.8067	-19.5868	3.8936	159.4147	-3.1429	-12.8407	11.8870	0.7807	0.5816	0.5888	0.0633	-0.1613	-0.9680	0.1817	0.2688	-0.0219	-0.4121	-0.6274	3.2874	9.2178	0.550209640111671	0	0	4	Tilt	Normal
-0.2682	4.2904	9.0788	-22.0742	5.8973	163.7667	3.0606	-9.8112	14.4043	0.6656	0.6051	0.0392	0.0770	-0.1821	-0.9690	0.1481	-0.1562	0.1549	0.1865	-0.9337	3.6853	9.0396	-0.4983314197169335	0	0	4	Tilt	Normal
0.0766	4.4436	9.6151	-23.6557	5.0152	168.2465	9.4164	-7.1031	10.1635	0.8619	0.5089	0.6669	0.0636	-0.1993	-0.9718	0.1090	0.3008	-0.2051	0.0427	-0.7853	3.9347	8.9482	0.5474233658555683	0	1	5	PT	Normal
-0.0766	4.5203	9.0022	-24.0509	3.7222	177.0435	17.4878	-2.6941	5.3339	0.5049	0.5236	0.0658	0.0371	-0.2073	-0.9770	0.0320	-0.0476	-0.3862	-0.3301	-0.5815	3.9967	8.9364	-0.5188674697163904	0	1	5	PT	Normal
0.3065	4.4053	9.0022	-23.7666	-1.7500	170.6362	23.9035	2.4317	6.7886	0.6538	0.4589	0.0314	-0.0019	0.2064	0.9754	-0.0767	-0.1349	-0.1924	-0.3319	-0.3473	3.9464	8.9708	-0.0466834701337735	0	1	5	Tilt	Normal
0.1538	4.9422	9.1548	-22.4569	-8.8780	152.8553	26.0138	4.1145	8.6068	0.4957	0.9583	0.2005	0.0282	0.2065	0.9541	-0.2148	-0.0710	-0.0039	-0.2626	-0.3419	3.9840	8.9543	0.3778016450792645	0	1	5	Tilt	Normal
-0.4974	4.5975	9.4613	-21.1091	-13.0235	141.2669	18.5531	-1.1438	9.3164	-0.0682	0.5306	0.5481	0.0448	0.2087	0.9284	-0.3043	-0.0657	0.1325	-0.0879	-0.4292	4.0669	8.9132	0.12615953034304894	0	1	5	Tilt	Normal
-0.2292	3.9846	8.1971	-18.2008	-12.1370	138.7484	-3.8311	-11.3187	-1.0373	0.1953	0.3736	-0.9105	0.0423	0.1840	0.9248	-0.3302	-0.8892	-0.0870	-0.2200	-0.4245	3.6109	9.1077	-1.4138082426647944	0	0	5	Tilt	Normal
0.3071	2.6821	6.2818	-13.9318	-4.3196	152.8512	-12.7677	-13.5818	-19.4384	0.7242	0.2502	-3.2093	0.0079	0.1266	0.9653	-0.2284	-1.1981	1.7496	-0.5573	-0.4172	2.4319	9.4911	-2.2798049273257854	0	0	5	Tilt	Normal
-2.6043	4.0612	15.3223	-15.4203	12.9556	179.3317	-9.1071	-11.3101	-24.1868	-0.3760	1.5459	6.1094	-0.1126	0.1327	0.9845	-0.0209	0.6140	1.2010	-0.0044	-2.2283	2.5153	9.2129	9.226568662988594	0	0	5	Tilt	Normal
-2.6809	4.5975	14.9775	-26.0665	22.8592	163.3080	-8.0791	-13.5672	-21.5860	0.7413	0.2884	6.8603	0.2231	-0.1907	-0.9383	0.1828	2.3439	1.4450	1.6606	-3.4222	4.3091	8.1172	-0.1689317914980446	0	0	5	Tilt	Normal
-4.0989	5.2481	10.6111	-48.6441	36.5657	141.5500	-10.5862	-16.5540	-15.4666	-0.2387	-2.1129	5.4070	0.3987	-0.2751	-0.7744	0.4069	4.0004	2.9715	2.5863	-3.8602	7.3610	5.2041	-3.367430589623927	0	0	5	Tilt	Normal
-0.8045	6.4356	2.8347	-82.2320	76.2769	143.9481	-18.0185	-16.3199	-7.0495	0.4830	-3.2810	2.5203	0.6025	-0.3479	-0.4378	0.5695	3.5669	3.3273	2.7056	-1.2875	9.7166	0.3144	-5.4494154081835084	0	1	6	Jump	Normal
1.4180	7.9685	-0.6518	-78.1215	-147.1230	-92.1853	-26.5799	-10.9603	-2.9694	0.3225	-1.6282	1.0430	0.6602	-0.3880	-0.2608	0.5878	1.5780	1.3363	2.0419	1.0955	9.5967	-1.6948	1.0417733649539986	0	1	6	PT	Normal
2.9119	7.8919	-1.0732	-65.2213	-129.0697	-81.6813	-30.0311	-6.9127	-3.7028	-0.2788	-1.0120	1.5172	0.6726	-0.4238	-0.1313	0.5922	1.8582	1.7593	2.5927	3.1907	8.9039	-2.5904	0.36026689676681833	0	1	6	Tilt	Normal
7.1641	3.5249	-1.7244	-46.0943	-116.9917	-79.4707	-32.4369	0.6520	-5.8851	1.1043	-3.5406	1.3622	0.6588	-0.4725	0.0507	0.5831	0.7375	1.0210	1.8800	6.0597	7.0654	-3.0866	-0.3117507605733536	0	1	6	Tilt	Normal
8.5808	2.4900	-0.5746	-39.2104	-111.1809	-77.4370	-33.0180	4.0498	-7.4413	1.4958	-3.7095	2.1709	0.6341	-0.4878	0.1170	0.5885	-0.0124	0.2796	0.5729	7.0850	6.1995	-2.7456	0.7848308284658128	0	0	6	Tilt	Normal
8.3510	3.8690	-2.0686	-36.8627	-109.4239	-77.9840	-33.5244	5.1118	-8.2830	0.9515	-2.0140	0.5408	0.6292	-0.4870	0.1443	0.5883	0.3253	0.4713	-0.2004	7.3994	5.8830	-2.6094	0.4800829708996712	0	0	6	Tilt	Normal
7.3556	6.1298	-1.6861	-38.9437	-109.8431	-78.3337	-33.4677	4.5630	-7.8592	0.1812	-0.0343	0.9029	0.6358	-0.4772	0.1307	0.5924	-0.0763	-0.1145	-0.2901	7.1744	6.1640	-2.5890	0.28893758099019706	0	0	6	Tilt	Normal
7.7004	5.1721	-1.3414	-39.7041	-109.9338	-77.8814	-32.9476	5.1695	-7.9108	0.6077	-1.0927	1.2309	0.6357	-0.4765	0.1231	0.5947	-0.1434	-0.3500	-0.1751	7.0927	6.2647	-2.5723	-0.349627607110115	0	0	6	Tilt	Normal
7.5082	5.0182	-1.7621	-40.4780	-110.2052	-77.6778	-33.7335	4.7070	-7.0437	0.5080	-1.3478	0.8142	0.6368	-0.4753	0.1156	0.5960	-0.1008	-0.1987	-0.3519	7.0002	6.3660	-2.5763	-0.17151826475760146	0	0	6	Tilt	Normal
7.6231	5.6695	-1.8771	-41.9638	-110.3718	-77.4620	-33.1988	4.5947	-6.4179	0.7875	-0.8879	0.6612	0.6391	-0.4701	0.1042	0.5998	0.0036	-0.0208	-0.3807	6.8356	6.5574	-2.5383	0.4828155467898565	0	0	7	Tilt	Normal
7.4699	6.0142	-1.9920	-43.0793	-109.8615	-77.0301	-32.8880	4.5268	-6.6055	0.7334	-0.6838	0.4416	0.6391	-0.4643	0.0977	0.6053	-0.0049	0.1124	-0.2091	6.7365	6.6981	-2.4336	0.11087443081002135	0	0	7	Tilt	Normal
7.5465	5.5545	-1.8004	-43.6229	-109.8224	-77.1395	-32.9263	4.5116	-7.3090	0.8683	-1.2112	0.6069	0.6406	-0.4608	0.0950	0.6068	-0.1200	-0.2083	-0.2901	6.6782	6.7657	-2.4074	-0.25312262431219246	0	0	7	Tilt	Normal
7.3939	5.7084	-1.8010	-44.2639	-109.3817	-77.0874	-32.9935	3.7276	-6.8143	0.7691	-1.1362	0.5296	0.6413	-0.4555	0.0932	0.6103	-0.0667	-0.0241	-0.2365	6.6248	6.8446	-2.3306	-0.028569838018865923	0	0	7	Tilt	Normal
7.4316	5.7844	-1.7621	-44.6654	-108.7722	-76.6175	-33.0035	4.2310	-6.1688	0.8281	-1.1094	0.4824	0.6398	-0.4529	0.0915	0.6142	-0.0092	-0.0027	-0.1928	6.6035	6.8938	-2.2446	0.06775827837632598	0	0	7	Tilt	Normal
7.5088	5.7467	-1.7244	-44.8164	-108.3819	-76.3477	-33.0115	4.1349	-7.3619	0.9074	-1.1655	0.4693	0.6387	-0.4515	0.0913	0.6163	-0.1008	0.0068	-0.1672	6.6014	6.9122	-2.1937	0.030597261194543535	0	0	7	Tilt	Normal
7.4316	5.7078	-1.8387	-44.9340	-108.4190	-76.5544	-33.0023	4.4478	-6.5326	0.8452	-1.2186	0.3548	0.6398	-0.4500	0.0914	0.6163	-0.0327	-0.0507	-0.1885	6.5864	6.9264	-2.1935	-0.06219567780793156	0	0	7	Tilt	Normal
7.3550	5.7461	-1.9537	-45.1306	-108.4265	-76.1531	-32.8299	4.6193	-6.4612	0.7914	-1.2041	0.2331	0.6386	-0.4513	0.0880	0.6171	-0.1264	-0.1455	-0.1779	6.5636	6.9502	-2.1868	-0.013510296498711938	0	0	7	Tilt	Normal
7.5082	5.7078	-2.0303	-45.3643	-108.2109	-75.3540	-32.9909	4.8417	-6.0503	0.9632	-1.2704	0.1230	0.6358	-0.4534	0.0834	0.6191	-0.0955	-0.0666	-0.1975	6.5450	6.9782	-2.1533	0.11173986722302764	0	0	7	Tilt	Normal
7.3939	5.7467	-1.8777	-45.6719	-107.9118	-75.0205	-32.7652	3.9576	-6.5050	0.8737	-1.2686	0.2298	0.6349	-0.4521	0.0813	0.6212	-0.1019	-0.0527	-0.2359	6.5202	7.0153	-2.1075	-0.09657544025587406	0	0	7	Tilt	Normal
7.3167	5.8227	-1.8771	-45.8056	-107.4250	-75.1578	-32.9234	3.7945	-6.1761	0.7943	-1.2085	0.1701	0.6354	-0.4480	0.0839	0.6234	-0.0188	0.0623	-0.1709	6.5224	7.0312	-2.0472	-0.01354931787806457	1	0	8	Tilt	Normal
7.3933	5.7078	-1.8004	-45.6713	-107.2793	-74.9646	-32.6261	4.1299	-6.4916	0.8501	-1.3074	0.2351	0.6342	-0.4489	0.0845	0.6238	0.1314	0.0431	-0.1517	6.5432	7.0152	-2.0355	-0.025204433345198396	1	0	8	Tilt	Normal
7.8913	5.4396	-1.8387	-45.3742	-107.3325	-75.6410	-32.4378	4.0671	-6.1136	1.3155	-1.5399	0.2135	0.6363	-0.4470	0.0897	0.6223	-0.0316	-0.0687	-0.2806	6.5758	6.9795	-2.0523	0.247069674850664	1	0	8	Tilt	Normal
7.3556	5.7084	-1.9160	-45.9245	-107.4254	-75.8411	-32.6680	4.2388	-6.4958	0.8472	-1.3370	0.1269	0.6383	-0.4436	0.0868	0.6231	-0.0699	-0.0219	-0.2533	6.5083	7.0454	-2.0429	-0.25335697652391787	1	0	8	Tilt	Normal
7.2024	5.5935	-2.0692	-46.5141	-107.5876	-75.7750	-33.5276	4.1903	-6.1165	0.7693	-1.5217	-0.0299	0.6393	-0.4418	0.0818	0.6240	-0.0625	-0.0804	-0.3407	6.4331	7.1151	-2.0393	-0.15476124477268804	1	0	8	Tilt	Normal
7.4316	5.7078	-1.8387	-46.9191	-107.5997	-76.0211	-32.8451	3.9898	-5.5024	1.0472	-1.4549	0.1866	0.6411	-0.4384	0.0805	0.6247	0.0505	0.0506	-0.2906	6.3844	7.1627	-2.0253	0.19814816720076323	1	0	8	Tilt	Normal
7.3550	5.9376	-1.7621	-47.3165	-107.5062	-76.2560	-32.3896	4.0905	-5.8210	1.0147	-1.2715	0.2378	0.6427	-0.4346	0.0798	0.6258	0.0004	0.0112	-0.2554	6.3403	7.2091	-1.9999	0.06614457258542927	1	0	8	Tilt	Normal
7.3939	5.8999	-1.7627	-47.5152	-107.4636	-76.6116	-32.8319	3.6385	-6.7509	1.0760	-1.3321	0.2249	0.6444	-0.4313	0.0807	0.6262	0.0771	0.0282	-0.2501	6.3178	7.2320	-1.9876	0.006735246496324621	1	0	8	Tilt	Normal
7.3173	5.8999	-1.8777	-47.6308	-107.7012	-77.1654	-33.2860	3.8118	-6.3086	1.0216	-1.3454	0.1318	0.6469	-0.4289	0.0817	0.6252	0.0686	-0.0080	-0.2272	6.2957	7.2453	-2.0095	-0.036872887352632944	1	0	8	Tilt	Normal
7.3556	5.7467	-2.1841	-47.5893	-108.4618	-78.4153	-32.3445	3.4618	-5.9324	1.0822	-1.4938	-0.0896	0.6520	-0.4262	0.0844	0.6214	0.0899	0.0015	-0.2346	6.2734	7.2405	-2.0945	0.0011604094235444506	1	0	8	Tilt	Normal
7.1641	5.7467	-2.2990	-47.6012	-109.1714	-79.6862	-32.7008	3.6437	-6.0410	0.9185	-1.4953	-0.1275	0.6573	-0.4227	0.0872	0.6178	0.1239	0.1187	-0.2453	6.2456	7.2420	-2.1715	-0.11889435275793225	2	0	9	Tilt	Fall
7.2407	4.7507	-2.5289	-47.9637	-109.6586	-78.8542	-32.5156	3.6321	-6.4569	1.0570	-2.5331	-0.3198	0.6552	-0.4282	0.0776	0.6175	-0.4811	-0.5428	-0.2911	6.1836	7.2838	-2.2091	-0.4457752138148887	2	0	9	Tilt	Normal
7.8153	4.0229	-2.3373	-51.7097	-110.2076	-74.8302	-32.3890	1.9530	-5.6448	2.1127	-3.6742	-0.2382	0.6466	-0.4346	0.0287	0.6262	-0.9424	-0.4949	-1.3532	5.7025	7.6971	-2.0991	0.07359845154986644	0	0	9	Tilt	Normal
6.3596	3.2567	0.5357	-66.3923	-108.7901	-62.6954	-31.4661	-1.9939	-4.3725	2.6417	-5.7292	1.8007	0.6262	-0.4152	-0.1267	0.6476	-2.7011	-2.4773	-2.8674	3.7179	8.9859	-1.2650	-1.930337085429601	0	0	9	Tilt	Normal
2.6049	5.8610	3.5243	-79.1441	-16.3472	50.1794	-25.9930	-9.7641	-3.1771	2.0852	-3.7701	1.7521	0.5246	-0.3666	-0.4056	0.6526	-4.3331	-3.4574	-3.7633	0.5197	9.6311	1.7722	0.15327513676786264	0	0	9	Tilt	Normal
-2.1063	8.3133	7.5842	-46.2805	9.7904	101.6763	-17.8090	-16.5639	-7.1727	-0.9538	1.2257	0.9053	0.3081	-0.2540	-0.6892	0.6046	-4.5632	-2.6275	-2.0546	-1.1525	7.0876	6.6789	4.130173490896262	0	0	9	Tilt	Normal
-1.3018	5.7467	9.7294	-27.2416	7.3651	110.3413	-11.5586	-16.1523	-16.2011	-0.1841	1.2577	1.0825	0.1855	-0.1573	-0.7875	0.5663	-1.8297	-0.6653	-1.0926	-1.1178	4.4890	8.6470	-0.07392040338301165	0	0	9	Lying	Normal
-0.9960	4.9033	10.9176	-18.3263	7.3092	115.5509	-10.0300	-14.5777	-19.4554	0.1884	1.8199	1.6840	0.1380	-0.1009	-0.8281	0.5340	-0.9274	-0.1827	-0.7020	-1.1844	3.0834	9.2335	0.6349575357511039	0	0	9	Lying	Normal
-0.4597	3.7924	12.4115	-9.3518	3.1746	118.5261	-9.2613	-12.8530	-20.4532	0.0763	2.1989	2.7502	0.0654	-0.0559	-0.8552	0.5111	-1.6923	-0.6397	-0.6221	-0.5360	1.5935	9.6614	0.9765954186537389	0	0	9	Lying	Normal
-0.4214	3.2944	13.1011	-9.1318	2.3024	122.6949	-11.1817	-11.5459	-19.4314	-0.0323	1.7380	3.4266	0.0557	-0.0602	-0.8738	0.4793	0.3423	-0.5385	-0.6934	-0.3891	1.5564	9.6745	0.5294208416362522	0	1	10	PT	Normal
-0.0377	3.3716	9.6528	-9.0214	-1.0093	127.1900	-11.7209	-12.3426	-14.4415	-0.2083	1.8340	-0.0310	0.0271	-0.0743	-0.8932	0.4427	-0.4598	-0.4693	-0.5230	0.1706	1.5377	9.6838	-3.2907703813468494	0	1	10	PT	Normal
-0.0377	2.5289	9.4613	-10.0918	-1.4988	130.0794	-9.4012	-12.4811	-4.1810	-0.2901	0.8106	-0.1902	0.0253	-0.0852	-0.9035	0.4193	0.4915	0.1092	-0.3888	0.2524	1.7183	9.6515	-0.43124079673069105	0	1	10	PT	Normal
0.1921	3.2567	9.0399	-13.6771	0.1022	131.7994	-6.7871	-12.1112	1.3207	0.2092	0.9381	-0.4886	0.0494	-0.1083	-0.9063	0.4055	0.3317	0.2125	-0.0511	-0.0171	2.3186	9.5285	-0.18295981277515594	0	1	10	Tilt	Normal
0.6518	2.9886	9.0782	-14.5470	0.1373	132.2773	-7.0249	-12.0494	-0.9257	0.6746	0.5254	-0.4139	0.0523	-0.1153	-0.9071	0.4014	0.1410	0.0293	-0.3152	-0.0227	2.4632	9.4921	-0.03087464360343084	0	1	10	Tilt	Normal
0.2298	3.5626	9.0022	-17.5561	2.8806	135.2992	-3.9242	-12.7635	4.9036	0.6997	0.6045	-0.3358	0.0810	-0.1317	-0.9123	0.3792	0.5479	0.5097	-0.4249	-0.4699	2.9580	9.3380	0.10456014205986897	0	1	10	Tilt	Normal
-0.5357	4.2144	9.0399	-19.7594	4.9037	141.7852	1.9343	-7.8373	15.6405	0.2533	0.8992	-0.1555	0.0959	-0.1482	-0.9276	0.3291	0.1975	0.2636	-0.3631	-0.7890	3.3152	9.1954	0.3041482313658008	0	1	10	Tilt	Normal
-0.5357	4.0995	9.4996	-18.9625	4.2168	153.5739	4.7588	-4.7673	24.2832	0.1463	0.9129	0.2503	0.0730	-0.1520	-0.9582	0.2312	-0.3053	-0.2062	-0.1565	-0.6820	3.1865	9.2493	0.3718846110917582	0	1	10	Tilt	Normal
-0.3059	3.9079	9.5379	-19.5152	3.9979	162.7503	5.5964	-4.6118	27.8800	0.3386	0.6321	0.3172	0.0594	-0.1623	-0.9729	0.1535	0.0888	-0.0229	-0.1533	-0.6445	3.2759	9.2207	-0.048301006551302095	0	1	10	Lying	Normal
-0.0383	3.5626	9.3853	-19.0493	2.4426	168.6995	4.6467	-5.6974	31.9321	0.3569	0.3620	0.1242	0.0372	-0.1626	-0.9809	0.1006	-0.0880	-0.4202	0.0899	-0.3952	3.2006	9.2611	-0.27317682929730225	0	1	10	Tilt	Normal
0.5363	4.0989	9.2320	-18.9068	-0.1342	171.9336	-7.5133	-12.1839	23.1887	0.5146	0.9213	-0.0453	0.0104	-0.1639	-0.9840	0.0692	-0.4289	-0.4639	0.0122	0.0217	3.1776	9.2774	0.0764606989425527	1	1	11	Tilt	Normal
0.8051	2.4140	9.9210	-16.9341	-1.5615	170.4585	-19.8010	-17.0936	3.4662	0.5495	-0.4423	0.5430	-0.0012	-0.1478	-0.9857	0.0803	0.0271	-0.0079	-0.1082	0.2556	2.8563	9.3779	0.12690145769203554	1	1	11	Tilt	Normal
0.9960	4.1372	7.4699	-19.0655	0.0753	169.0865	-19.3881	-15.7298	-5.6233	1.0083	0.9339	-1.7986	0.0164	-0.1648	-0.9817	0.0939	0.6790	0.7942	-0.5130	-0.0123	3.2033	9.2686	-1.6451913488680834	1	0	11	Tilt	Normal
-1.8381	4.0995	6.8564	-22.8402	6.1078	163.4594	-20.3618	-15.1610	-4.7125	-0.8764	0.2930	-2.1299	0.0801	-0.1882	-0.9671	0.1512	-0.5120	0.2232	0.6162	-0.9617	3.8065	8.9863	-0.39972786978822406	0	0	11	Tilt	Normal
0.3454	5.5935	7.6225	-10.4354	10.3201	153.6107	-12.0446	-11.4569	-20.6040	2.0732	3.8173	-1.8658	0.1079	-0.0677	-0.9638	0.2344	-0.4630	2.1001	-0.4421	-1.7279	1.7762	9.4884	1.2636828446596713	0	0	11	Tilt	Normal
-3.2944	0.0000	5.8610	-7.7977	25.9096	143.3772	-6.6615	-10.3482	-25.1203	0.9511	-1.3304	-2.8783	0.2332	0.0074	-0.9183	0.3199	-0.7634	2.4655	-1.3699	-4.2455	1.3304	8.7393	1.2636828446596713	0	0	11	Tilt	Normal
-5.2481	-3.4477	4.9799	2.5052	46.3318	141.3444	2.6130	-6.9080	-23.8928	1.8389	-3.0189	-1.7849	0.3645	0.1491	-0.8702	0.2961	-1.4782	4.0165	-2.9486	-7.0870	-0.4287	6.7648	-1.4466481454590259	0	0	11	Tilt	Normal
-12.9089	-5.0943	7.0868	24.6257	75.1724	143.6891	11.1282	-1.2616	-18.8017	-4.2910	-1.0078	4.8055	0.5136	0.3463	-0.7762	0.1176	0.1399	3.6788	-3.7614	-8.6179	-4.0865	2.2814	7.56822669377107	0	0	11	Tilt	Normal
-16.1273	-4.5586	6.5122	45.1825	76.4142	143.5744	14.4201	6.4853	-12.0492	-9.4085	2.3979	4.8887	0.4481	0.4652	-0.7634	0.0011	0.6971	-0.1412	-3.2554	-6.7189	-6.9565	1.6236	2.397471213490233	0	0	11	Tilt	Normal
-12.6031	-4.9416	6.6272	54.8789	53.6523	147.0534	13.1658	12.5946	-14.1857	-8.0589	3.0797	3.2833	0.2675	0.5079	-0.8184	0.0252	1.3607	-2.6264	-1.9981	-4.5442	-8.0213	3.3438	-2.9075695856528867	0	0	11	Tilt	Normal
-8.5425	-3.2178	3.2561	52.6373	36.3868	147.5211	10.5077	14.1984	-19.1603	-5.0120	4.5767	-1.5347	0.1509	0.4827	-0.8563	0.1052	0.3924	-0.6557	-0.0359	-3.5305	-7.7945	4.7908	-5.380616164911215	0	1	12	Jump	Normal
-6.1292	-4.8267	2.8730	45.6809	58.1579	126.9284	10.7273	13.0906	-19.2727	-0.3087	2.1896	-0.7416	0.2492	0.5036	-0.8049	0.1910	-0.5024	2.8107	2.0616	-5.8205	-7.0164	3.6146	-1.3780473096306487	0	1	12	PT	Normal
-6.2052	-6.3584	2.7958	37.1355	74.6609	122.5901	13.9804	8.8777	-14.9130	1.3343	-0.4380	0.7278	0.3826	0.4982	-0.7539	0.1927	0.3168	2.1769	1.1519	-7.5395	-5.9204	2.0680	1.0002427598726218	0	1	12	PT	Normal
-8.7718	-6.6649	1.3402	38.4770	84.3355	125.1303	13.8114	7.0981	-9.8154	-1.1319	-0.5631	0.5825	0.4500	0.5088	-0.7230	0.1261	-0.1839	0.7771	-0.8071	-7.6399	-6.1018	0.7576	1.7838334319567313	0	1	12	PT	Normal
-8.5802	-5.1326	-0.7284	41.0399	89.1238	126.9316	13.9629	8.2074	-6.3427	-1.1844	1.3063	-0.8414	0.4764	0.5170	-0.7069	0.0780	0.2017	1.2266	-1.1104	-7.3958	-6.4389	0.1130	-1.073146449469176	0	1	12	PT	Normal
-7.1251	-6.6655	0.1915	46.5805	97.4543	119.0133	12.8569	11.6552	-3.9840	-1.6008	1.3900	1.0662	-0.4625	-0.5750	0.6729	-0.0514	0.0760	1.0210	-2.1341	-5.5243	-8.0554	-0.8746	-0.2659486905000481	0	1	12	Upright	Normal
-4.2904	-2.9113	-0.3448	46.9264	96.3613	99.6734	10.3237	16.9353	-3.3194	-1.8703	6.5631	0.3973	-0.3512	-0.6438	0.6588	-0.1677	0.5277	-0.2957	-2.2726	-2.4201	-9.4745	-0.7421	-4.562366808780275	0	0	12	Upright	Normal
-0.2682	-0.6129	0.9960	47.2563	87.2268	87.6448	5.7133	21.7902	-5.3689	-1.0187	9.1598	0.6740	-0.2282	-0.6569	0.6588	-0.2871	1.0720	-0.7687	-3.8364	0.7506	-9.7727	0.3220	-3.996522540874773	0	0	12	Upright	Normal
11.8369	-17.8129	3.9840	14.2379	76.9874	70.4281	-4.8137	25.2399	-6.0427	8.1246	-8.9919	1.8438	-0.2769	-0.5605	0.5109	-0.5900	-4.5153	13.0851	0.6921	3.7124	-8.8210	2.1401	20.55525785908333	0	0	12	Upright	Normal
1.8387	-5.3630	1.0726	25.3779	73.3805	72.6421	-7.4710	25.2953	-4.9024	-2.1120	3.2474	-1.4615	-0.2033	-0.5740	0.5691	-0.5526	1.0273	-3.1399	1.7559	3.9507	-8.6104	2.5341	-15.985074954696099	0	1	13	Jump	Normal
1.6861	-9.6145	0.2292	35.8543	81.7332	67.9743	-4.3262	25.8552	-6.6401	-2.7189	-0.9278	-0.9135	-0.1550	-0.6463	0.5692	-0.4840	-0.8060	0.0367	-0.4791	4.4050	-8.6868	1.1428	3.9939035082147294	0	1	13	Jump	Normal
1.7627	-9.8827	1.6083	26.5178	79.0095	69.0165	-4.6064	25.6140	-6.1444	-2.4638	-1.1931	-0.0645	-0.2050	-0.6105	0.5457	-0.5362	-0.0156	1.6793	-0.2202	4.2265	-8.6896	1.6728	0.4027686291169523	0	1	13	PT	Normal
2.3756	-9.3081	1.6083	21.9861	80.3751	68.5391	-4.3286	25.9830	-6.3232	-1.7330	-0.5344	0.0880	-0.2363	-0.6055	0.5240	-0.5504	-0.0934	-0.7569	-0.0860	4.1086	-8.7737	1.5203	-0.4265201424774343	0	1	13	PT	Normal
1.9154	-9.3470	1.1492	21.7883	82.2342	68.0808	-4.2298	25.2292	-6.5009	-2.1681	-0.5161	-0.0811	-0.2435	-0.6148	0.5171	-0.5434	-0.1605	0.0878	-0.2372	4.0835	-8.8309	1.2303	-0.12997155975144103	0	1	13	Upright	Normal
2.0309	-9.3464	1.3785	19.0411	81.6796	68.5683	-4.5863	25.3125	-5.9487	-1.9456	-0.4830	0.0371	-0.2599	-0.6034	0.5097	-0.5556	0.1282	-0.1604	-0.1412	3.9765	-8.8633	1.3414	0.053139507276590336	0	1	13	Upright	Normal
1.8393	-9.3464	0.8422	19.5947	82.3132	68.4270	-3.5713	25.7138	-5.3638	-2.1430	-0.4703	-0.3935	-0.2587	-0.6083	0.5098	-0.5506	-0.0135	-0.1934	-0.2498	3.9823	-8.8761	1.2357	-0.10051368856540144	0	1	13	Upright	Normal
1.7238	-9.3087	1.1492	18.4521	82.4384	68.6059	-3.9903	25.6202	-5.9157	-2.2025	-0.4060	-0.0748	-0.2669	-0.6053	0.5057	-0.5538	0.0238	-0.0368	-0.1731	3.9263	-8.9027	1.2240	-0.026361628883931232	0	1	13	Upright	Normal
1.8010	-9.2698	1.0720	17.7025	82.6370	68.5455	-3.8759	25.5534	-5.8331	-2.1118	-0.3576	-0.1252	-0.2719	-0.6042	0.5019	-0.5560	-0.0785	0.1474	-0.2520	3.9129	-8.9121	1.1973	-0.032670515283241386	0	1	13	Upright	Normal
2.0692	-9.1931	1.1103	17.6995	82.6580	68.6163	-3.6467	25.1189	-5.6049	-1.8319	-0.2753	-0.0835	-0.2724	-0.6041	0.5021	-0.5556	0.0046	-0.0688	-0.2190	3.9011	-8.9178	1.1938	-0.015508507693981599	0	1	13	Upright	Normal
2.0309	-9.3081	0.9960	17.9423	82.5982	68.6967	-3.8508	25.3253	-6.2816	-1.8648	-0.3889	-0.2059	-0.2711	-0.6043	0.5037	-0.5546	0.0387	-0.0081	-0.2175	3.8957	-8.9191	1.2019	0.0907234591719508	1	1	14	Upright	Normal
1.8393	-9.2698	0.9571	18.3539	82.9065	68.7720	-3.7863	25.3179	-6.1030	-2.0396	-0.3364	-0.1923	-0.2705	-0.6068	0.5050	-0.5510	-0.0231	0.0260	-0.2186	3.8789	-8.9334	1.1494	-0.08014690052860729	1	1	14	Upright	Normal
1.9543	-9.1931	1.0720	18.5588	82.9607	68.8593	-3.9146	25.3161	-5.5031	-1.9125	-0.2533	-0.0672	-0.2700	-0.6075	0.5061	-0.5495	-0.0103	0.0218	-0.2281	3.8668	-8.9398	1.1392	-0.03938642179894636	1	1	14	Upright	Normal
1.9543	-9.2698	0.8805	18.9238	82.9120	69.0636	-3.8425	25.4112	-6.4170	-1.8896	-0.3207	-0.2641	-0.2687	-0.6078	0.5087	-0.5473	0.0036	0.0175	-0.2218	3.8439	-8.9491	1.1446	0.05492842085901728	1	1	14	Upright	Normal
1.9537	-9.2703	0.9577	19.6537	83.0732	69.1743	-4.3773	24.9537	-6.4133	-1.8791	-0.3126	-0.1561	-0.2657	-0.6104	0.5118	-0.5430	-0.0295	0.0185	-0.2270	3.8328	-8.9578	1.1138	0.007818029341631672	1	1	14	Upright	Normal
1.9543	-9.2314	0.9571	20.2045	83.0433	69.2477	-3.7820	25.6839	-5.4107	-1.8784	-0.2738	-0.1576	-0.2627	-0.6117	0.5145	-0.5405	-0.0050	-0.0092	-0.2281	3.8327	-8.9576	1.1147	-0.037804014392930796	1	1	14	Upright	Normal
1.9926	-9.3081	1.0720	20.6370	83.1177	69.3678	-3.5973	24.9670	-5.7251	-1.8256	-0.3424	-0.0277	-0.2612	-0.6130	0.5166	-0.5377	-0.0082	-0.0379	-0.2249	3.8182	-8.9657	1.0997	0.0947510205530584	1	1	14	Upright	Normal
1.9154	-9.1937	1.0726	21.1197	83.3079	69.3498	-4.0048	24.6910	-5.8958	-1.9047	-0.2248	0.0066	-0.2591	-0.6152	0.5181	-0.5348	-0.0071	-0.0390	-0.2270	3.8201	-8.9690	1.0660	-0.12700193033062845	1	1	14	Upright	Normal
1.8777	-9.3464	0.9188	21.4596	83.0005	69.5356	-4.6972	25.8738	-5.5611	-1.9350	-0.3799	-0.1933	-0.2567	-0.6143	0.5210	-0.5341	0.0877	0.0335	-0.2259	3.8126	-8.9664	1.1121	0.12516385242785688	1	1	14	Upright	Normal
1.8771	-9.1937	0.9194	21.8093	83.2153	69.5856	-4.2128	25.8417	-5.5971	-1.9230	-0.2174	-0.1562	-0.2559	-0.6162	0.5221	-0.5313	-0.0614	0.0409	-0.2398	3.8000	-8.9763	1.0756	-0.14902064582106078	2	1	15	Upright	Normal
1.9537	-9.2320	1.1109	21.9851	83.1652	69.5577	-4.7125	25.7139	-5.8496	-1.8564	-0.2608	0.0287	-0.2545	-0.6165	0.5228	-0.5309	0.0195	-0.0432	-0.2270	3.8101	-8.9712	1.0822	0.07332069247698314	2	1	15	Upright	Normal
2.0692	-9.3081	0.9954	22.5287	83.1185	69.7009	-4.4552	25.3725	-6.3973	-1.7306	-0.3328	-0.0899	-0.2518	-0.6174	0.5257	-0.5282	0.0046	-0.0113	-0.2281	3.7997	-8.9753	1.0853	0.08550886225817855	2	1	15	Upright	Normal
1.9160	-9.2698	1.0720	23.0035	83.1361	69.6701	-4.2502	25.2819	-6.1157	-1.8961	-0.2990	-0.0067	-0.2489	-0.6189	0.5274	-0.5262	0.0099	0.0356	-0.2398	3.8120	-8.9708	1.0787	-0.06088379388839016	2	1	15	Upright	Normal
1.9160	-9.3081	0.9188	23.5001	83.0153	69.7764	-4.1441	25.4997	-5.4076	-1.8950	-0.3386	-0.1748	-0.2460	-0.6194	0.5301	-0.5242	0.0110	-0.0390	-0.2206	3.8110	-8.9694	1.0936	0.02131376515446526	2	1	15	Upright	Normal
2.0692	-9.3081	1.0337	23.6579	83.1077	69.8275	-4.1296	24.8081	-5.1819	-1.7313	-0.3322	-0.0441	-0.2458	-0.6202	0.5307	-0.5228	-0.0401	-0.0272	-0.2252	3.8005	-8.9759	1.0778	0.04362223389396114	2	1	15	Upright	Normal
1.9160	-9.2698	0.9954	23.6609	83.1589	69.8394	-4.0607	24.9814	-6.0653	-1.8797	-0.2909	-0.0745	-0.2461	-0.6204	0.5307	-0.5224	0.0121	0.0293	-0.2178	3.7957	-8.9789	1.0699	-0.07325154953769619	2	1	15	Upright	Normal
2.0309	-9.2698	0.9571	23.8288	83.1246	69.9190	-3.6691	25.4398	-5.9462	-1.7573	-0.2882	-0.1167	-0.2454	-0.6205	0.5318	-0.5215	-0.0007	0.0165	-0.2210	3.7882	-8.9815	1.0738	0.01987421670336076	2	1	15	Upright	Normal
1.9543	-9.2698	1.0337	23.8851	83.2007	69.8736	-3.9860	25.3196	-5.8154	-1.8377	-0.2884	-0.0278	-0.2451	-0.6211	0.5316	-0.5211	-0.0156	-0.0165	-0.2274	3.7920	-8.9814	1.0615	-0.008012062338460524	2	1	15	Upright	Normal
2.0692	-9.2698	0.9571	24.1057	83.1232	69.9384	-4.1421	25.8466	-5.9724	-1.7210	-0.2888	-0.1146	-0.2438	-0.6212	0.5329	-0.5202	0.0142	-0.0187	-0.2167	3.7902	-8.9809	1.0717	0.016240696551310663	2	1	15	Upright	Normal
1.9543	-9.2314	1.0720	24.2111	83.1805	69.9109	-4.5043	25.4056	-5.7655	-1.8387	-0.2505	0.0100	-0.2433	-0.6218	0.5331	-0.5196	-0.0316	-0.0060	-0.2308	3.7930	-8.9809	1.0620	-0.04934242310729253	3	1	16	Upright	Normal
Total time: 16 seconds.
