-3.4471	-9.7294	1.3402	-35.8006	-72.6508	-65.3970	-18.7358	28.6511	4.5048	-1.1052	-0.5065	-1.0315	-0.5129	0.3406	-0.2609	-0.7435	0.4239	1.2667	1.2941	-2.3418	-9.2229	2.3716	0.08110356133713914	0	0	1	Upright	Normal
-2.7198	-7.9679	2.0303	-46.4390	-66.3277	-53.7019	-15.6780	29.4095	4.3341	0.2976	0.9599	-0.6829	-0.5215	0.2995	-0.1551	-0.7838	-0.2109	-2.4106	0.7380	-3.0174	-8.9278	2.7132	-1.7479932231287858	0	0	1	Upright	Normal
-2.4517	-8.8873	3.8690	-42.4750	-63.3408	-50.8833	-13.6178	29.0264	4.0164	0.7724	-0.2129	0.6237	-0.4886	0.3095	-0.1690	-0.7980	0.9427	0.2931	0.0743	-3.2241	-8.6743	3.2453	1.3375542505649705	0	0	1	Upright	Normal
-4.1755	-8.2744	3.7541	-40.7428	-66.6377	-54.1441	-15.1230	30.1870	3.3115	-0.9592	0.5091	0.8079	-0.4934	0.3261	-0.1863	-0.7845	-0.6743	0.1855	-0.1717	-3.2163	-8.7834	2.9462	0.0014837481978453582	0	0	1	Upright	Normal
-4.3281	-13.6368	2.3361	-39.7849	-73.6646	-58.1142	-17.4795	28.8704	4.3569	-0.8558	-4.7136	0.2167	-0.5118	0.3605	-0.1872	-0.7570	-0.6680	0.3261	0.5502	-3.4723	-8.9232	2.1195	4.496936667038131	0	0	1	Upright	Normal
1.6095	-10.2657	0.8039	-47.8737	-73.2841	-60.3546	-17.4069	28.1074	5.4244	4.4371	-1.0681	-1.0880	-0.5556	0.3079	-0.1593	-0.7557	-0.6829	-1.6660	-0.1731	-2.8276	-9.1976	1.8919	-4.0744679353908	0	0	1	Upright	Normal
1.2641	-6.3590	1.0343	-53.4709	-75.0563	-66.0193	-16.9819	26.3476	8.3063	3.2585	3.1241	-0.4708	-0.5956	0.2618	-0.1560	-0.7432	-0.2653	-1.1195	-0.8709	-1.9944	-9.4831	1.5051	-3.856746622567165	0	0	1	Upright	Normal
0.0000	-8.5042	2.4134	-53.1026	-75.5044	-69.2981	-18.7674	26.0464	9.6716	1.5202	1.0713	0.9397	-0.6021	0.2496	-0.1770	-0.7374	0.5720	0.6616	-0.0176	-1.5202	-9.5755	1.4736	-3.856746622567165	0	0	1	Upright	Normal
0.0000	-10.8409	-0.9194	-55.6549	-72.8670	-71.4912	-20.9714	26.7221	8.7321	0.7132	-1.1970	-2.5492	-0.6116	0.2069	-0.1906	-0.7394	-0.3995	-1.6628	-1.2948	-0.7132	-9.6440	1.6299	-3.856746622567165	0	0	2	Upright	Normal
-1.8387	-8.1977	4.9416	-59.5160	-66.7844	-68.4307	-21.8456	26.4858	10.3898	-1.6234	1.4085	2.9806	-0.6113	0.1621	-0.1817	-0.7530	0.2247	-0.5911	-0.1699	-0.2153	-9.6063	1.9610	3.181512816059394	0	1	2	PT	Normal
-1.0337	-7.6992	3.5237	-56.4565	-62.1159	-60.7754	-22.2179	27.5233	9.4985	-0.1377	1.7321	0.9894	-0.5795	0.1871	-0.1713	-0.7745	0.5262	1.0409	1.8283	-0.8960	-9.4312	2.5343	-1.216818479546868	0	1	2	PT	Normal
4.8267	-15.3229	-1.4174	-56.6008	-56.1267	-48.3006	-18.7068	30.1508	7.0342	6.8360	-6.2079	-4.4260	-0.5512	0.2068	-0.1144	-0.8002	1.8290	-1.0129	-0.8764	-2.0093	-9.1150	3.0086	7.597428514347346	0	1	2	Jump	Normal
-2.5283	-6.1292	-1.7621	-41.8955	-59.8915	-50.1184	-18.9011	32.3932	1.6716	0.3906	2.4873	-5.4238	-0.4781	0.2911	-0.1811	-0.8086	-0.3750	2.9435	0.6874	-2.9188	-8.6164	3.6616	-9.267183763687786	0	1	2	Jump	Normal
-1.7238	-5.8227	2.7964	-50.1482	-58.1957	-42.0323	-16.0176	32.4829	2.6752	1.8100	2.7047	-0.5154	-0.5036	0.2784	-0.0915	-0.8127	0.2269	0.4433	0.2805	-3.5338	-8.5274	3.3118	-0.17490408455891604	0	1	2	Upright	Normal
-1.3402	-10.3813	1.6466	-48.3726	-55.1925	-45.7913	-16.0543	32.8486	1.4071	1.2751	-1.6918	-2.0717	-0.4989	0.2480	-0.1397	-0.8186	0.4453	0.5328	-0.4002	-2.6152	-8.6895	3.7183	3.9107248789308535	0	0	2	Upright	Normal
-5.1715	-11.0708	2.7581	-55.6133	-57.7869	-42.7652	-16.1232	33.2239	1.5171	-2.0093	-2.2699	-0.1942	-0.5361	0.2491	-0.0725	-0.8033	-0.9811	-0.7572	0.8688	-3.1621	-8.8009	2.9523	1.9303674878169428	0	0	2	Upright	Normal
5.7461	-11.2240	1.1875	-56.6520	-31.3645	-16.4836	-11.5325	32.8578	1.1501	8.6558	-3.0682	-3.4155	-0.4862	0.1700	0.0054	-0.8571	1.7630	-5.7746	-2.0138	-2.9097	-8.1558	4.6030	0.13861149771151737	0	0	2	Upright	Normal
4.6352	-11.2623	2.7581	-65.9456	17.2437	28.7040	-7.5826	31.3135	1.0753	6.1932	-2.3644	-1.0593	-0.5525	0.0115	0.1266	-0.8238	-2.1178	-4.7307	0.2595	-1.5580	-8.8979	3.8174	-0.17789194651494178	0	0	2	Tilt	Normal
0.9960	-8.1977	8.0445	-47.9417	64.9483	69.1830	-4.1812	30.2405	3.5299	0.7207	1.2022	5.2631	-0.5607	-0.2093	0.2581	-0.7584	-1.3412	-3.8636	0.0560	0.2753	-9.3999	2.7815	-0.9586716103647657	0	0	3	Tilt	Normal
0.3071	-8.9633	2.9108	-25.6080	79.3686	81.0139	0.0398	28.1473	2.7841	-0.4259	0.6789	1.2793	-0.5341	-0.3627	0.3798	-0.6625	-0.4208	-4.3589	0.3433	0.7329	-9.6422	1.6315	-2.099491559077679	0	0	3	Tilt	Normal
6.6661	-16.1651	2.6043	0.7022	76.2150	83.1449	2.7326	27.0415	-2.3721	5.5010	-6.7123	0.2679	-0.4059	-0.4649	0.5249	-0.5861	2.3563	-5.0343	-0.2032	1.1651	-9.4528	2.3364	8.24941660958157	0	0	3	Tilt	Normal
-3.4087	-10.4190	7.2778	23.0690	66.9639	87.8658	2.2914	25.0913	-12.1521	-5.2473	-1.4564	3.7472	-0.2549	-0.5050	0.6464	-0.5120	0.6487	-3.3895	2.2299	1.8386	-8.9625	3.5305	-4.520198794351884	0	0	3	Tilt	Normal
-7.0096	-2.2595	5.3241	46.7635	71.0140	112.3770	1.9319	20.7105	-15.7055	-5.6286	7.2003	3.1386	-0.2632	-0.5651	0.7491	-0.2243	-1.8877	-3.6367	4.8643	-1.3810	-9.4598	2.1855	-4.070634447145816	0	0	3	Tilt	Normal
-9.4619	-7.9679	2.7198	67.5141	58.2772	137.3537	2.5361	16.7657	-17.3467	-6.2715	1.0933	0.7477	0.2006	0.5993	-0.7749	0.0120	-1.1910	-2.1666	-0.2788	-3.1904	-9.0612	1.9721	3.577720060229572	0	0	3	Tilt	Normal
-4.3287	-5.2864	0.8045	65.7095	54.0087	125.2196	-1.0717	15.2804	-19.4722	-1.0647	3.6522	-1.5661	0.1163	0.6047	-0.7779	0.1256	-0.9502	-0.4952	0.0291	-3.2640	-8.9386	2.3706	-5.785652454930665	0	0	3	Tilt	Normal
-6.0142	-4.9416	12.0668	58.0519	52.0647	114.6959	-1.8197	15.7977	-20.1725	-1.9213	3.3797	8.8767	0.0879	0.5741	-0.7764	0.2446	3.0605	-1.9578	1.1455	-4.0929	-8.3213	3.1901	7.479840146945011	0	0	3	Tilt	Normal
-4.0989	-6.8953	7.0868	47.0270	46.2602	113.3380	-2.8493	12.3004	-21.2595	0.7308	0.2801	2.4651	0.0994	0.5045	-0.7907	0.3324	1.9952	-0.5112	0.5905	-4.8297	-7.1754	4.6217	-3.655899713398153	0	0	3	Tilt	Normal
-5.1332	-5.2098	6.8953	34.9081	42.9952	113.4572	-2.3368	9.0724	-21.8239	0.3512	0.4022	1.0133	0.1392	0.4251	-0.8024	0.3950	1.8173	-0.8329	1.2158	-5.4844	-5.6120	5.8820	-0.6519729643712591	0	1	4	PT	Normal
-7.4310	-1.0337	13.6751	14.5373	34.8923	112.6197	-3.5501	5.0732	-23.3041	-2.0008	1.4280	5.8890	0.1805	0.2654	-0.8084	0.4934	2.1752	-1.0683	1.8102	-5.4302	-2.4617	7.7861	5.5462578155907885	0	1	4	Jump	Normal
-7.6992	-1.7998	11.6831	7.7594	31.1542	108.8620	-6.1469	1.2712	-22.4479	-2.6721	-0.4757	3.3677	0.1800	0.2089	-0.7923	0.5443	1.0173	-0.4718	0.5820	-5.0271	-1.3241	8.3154	-1.4908164240656099	0	1	4	PT	Normal
-5.5156	1.4563	9.5379	2.3292	29.6550	104.5886	-6.7243	-0.2626	-22.1735	-0.6674	1.8549	1.0229	0.1904	0.1720	-0.7678	0.5870	0.1331	0.1023	0.5128	-4.8483	-0.3986	8.5150	-2.9934597459258345	0	1	4	PT	Normal
-5.4773	-0.8422	8.9250	1.5298	28.7643	100.6698	-7.1344	-0.1203	-21.5801	-0.7599	-0.5803	0.3316	0.1829	0.1685	-0.7477	0.6157	-0.1598	-0.1576	0.1761	-4.7175	-0.2619	8.5934	-0.6081835760513101	0	1	4	PT	Normal
-4.8644	-0.1909	8.2738	1.0822	27.4151	97.2148	-7.3834	-0.0873	-22.4619	-0.3499	-0.0057	-0.4299	0.1717	0.1636	-0.7303	0.6407	0.0969	-0.0458	0.2283	-4.5146	-0.1853	8.7037	-0.9057918500648068	0	1	4	PT	Normal
-5.0176	-0.4208	8.8484	0.6902	27.6647	95.4406	-7.6439	0.1009	-21.7879	-0.4648	-0.3026	0.1636	0.1730	0.1652	-0.7194	0.6522	0.0511	0.0309	0.0877	-4.5529	-0.1182	8.6848	0.5810265095303926	0	1	4	PT	Normal
-4.5963	-0.8039	8.6185	0.5034	27.8688	94.2232	-8.0452	-0.9754	-21.8305	-0.0123	-0.7177	-0.0503	0.1735	0.1670	-0.7118	0.6598	0.0500	-0.0138	0.1666	-4.5840	-0.0862	8.6688	-0.3801955664257779	0	1	4	Tilt	Normal
-4.9027	-0.3059	8.8484	-0.0034	27.8556	92.8452	-7.6621	-1.1032	-22.2332	-0.3205	-0.3063	0.1781	0.1744	0.1659	-0.7031	0.6691	0.0405	-0.0094	0.2383	-4.5822	0.0004	8.6703	0.3199360952476997	0	1	4	Tilt	Normal
-4.9027	-0.2676	8.8484	-0.4560	27.8579	91.5521	-7.0430	-0.9553	-22.5035	-0.3204	-0.3455	0.1785	0.1752	0.1651	-0.6949	0.6776	0.0128	-0.0062	0.2116	-4.5824	0.0780	8.6699	-0.0010852360999926702	0	1	4	Tilt	Normal
-4.6346	-0.3825	8.6951	-0.6995	27.8657	90.4685	-7.2937	-0.6633	-22.7571	-0.0512	-0.5022	0.0263	0.1751	0.1654	-0.6881	0.6845	0.0053	-0.0019	0.1925	-4.5834	0.1197	8.6688	-0.25884315406975666	1	1	5	Tilt	Normal
-4.7495	-0.2676	8.6951	-0.9546	27.9403	89.5594	-7.3404	-0.1360	-22.1386	-0.1552	-0.4308	0.0329	0.1758	0.1657	-0.6821	0.6902	0.0149	0.0098	0.1776	-4.5943	0.1633	8.6622	0.05075560330865514	1	1	5	Tilt	Normal
-4.7884	-0.3065	8.7340	-1.1259	28.0713	88.7362	-7.0745	-0.1260	-22.9972	-0.1745	-0.4990	0.0827	0.1764	0.1667	-0.6767	0.6951	0.0106	0.0023	0.1648	-4.6139	0.1926	8.6513	0.05390071187011003	1	1	5	Tilt	Normal
-4.8261	-0.2676	8.8101	-1.3227	28.1303	87.8227	-6.8842	-1.0296	-21.5960	-0.2037	-0.4938	0.1642	0.1766	0.1673	-0.6707	0.7007	0.0118	-0.0039	0.1866	-4.6225	0.2263	8.6459	0.08370220226038327	1	1	5	Tilt	Normal
-4.7112	-0.3059	8.7718	-1.5429	28.1289	87.2221	-7.5708	-1.0718	-21.7504	-0.0893	-0.5698	0.1266	0.1771	0.1669	-0.6667	0.7045	0.0118	-0.0092	0.1855	-4.6219	0.2640	8.6452	-0.08731640829833864	1	1	5	Tilt	Normal
-4.7495	-0.2676	8.7334	-1.7252	28.1419	86.6313	-7.2748	-0.4921	-22.3072	-0.1261	-0.5628	0.0901	0.1774	0.1669	-0.6627	0.7082	0.0043	-0.0028	0.1876	-4.6234	0.2952	8.6434	-0.016668841220919717	1	1	5	Tilt	Normal
-4.7501	-0.3442	8.7724	-1.8754	28.1245	86.0713	-6.8002	-0.4364	-21.3979	-0.1297	-0.6650	0.1284	0.1774	0.1667	-0.6590	0.7116	0.0086	-0.0060	0.1919	-4.6204	0.3208	8.6440	0.03689939059010072	1	1	5	Tilt	Normal
-4.6735	-0.3065	8.8490	-1.9998	28.0863	85.5869	-6.2751	-0.8544	-21.2494	-0.0593	-0.6487	0.2025	0.1772	0.1665	-0.6558	0.7146	0.0033	-0.0050	0.1887	-4.6142	0.3422	8.6465	0.030180329891290825	1	1	5	Tilt	Normal
-4.6729	-0.1909	8.7334	-2.1947	28.0775	84.8310	-6.6398	-0.4087	-21.9133	-0.0606	-0.5664	0.0874	0.1773	0.1665	-0.6508	0.7192	0.0077	0.0039	0.2115	-4.6123	0.3754	8.6461	-0.10520833307514721	1	1	5	Tilt	Normal
-4.8261	-0.2292	8.7718	-2.3825	28.1426	84.0574	-6.8191	-0.3997	-21.4692	-0.2046	-0.6369	0.1320	0.1777	0.1671	-0.6455	0.7237	0.0119	0.0071	0.2083	-4.6216	0.4076	8.6398	0.10760032057837776	2	1	6	Tilt	Fall
-4.7878	-0.1909	8.7718	-2.5219	28.1869	83.5677	-6.8010	-1.3343	-21.9785	-0.1601	-0.6223	0.1365	0.1781	0.1673	-0.6421	0.7266	0.0108	0.0039	0.2093	-4.6277	0.4314	8.6353	-0.01920591046225617	2	1	6	Tilt	Normal
-4.8261	-0.2676	8.6951	-2.6531	28.2004	83.1052	-6.4913	-0.7441	-21.8929	-0.1968	-0.7214	0.0619	0.1784	0.1674	-0.6389	0.7293	0.0087	-0.0025	0.2136	-4.6293	0.4539	8.6332	-0.04694952823177978	2	1	6	Tilt	Normal
-4.8650	-0.2298	8.7340	-2.8356	28.2044	82.5818	-6.7661	-0.8211	-21.8544	-0.2358	-0.7150	0.1025	0.1788	0.1672	-0.6353	0.7325	0.0046	0.0084	0.2294	-4.6292	0.4851	8.6315	0.05194289916856398	2	1	6	Tilt	Normal
-4.7878	-0.1909	8.8101	-2.9590	28.1831	82.0598	-6.4856	-0.1554	-22.9338	-0.1622	-0.6972	0.1776	0.1787	0.1672	-0.6317	0.7355	0.0109	-0.0055	0.2390	-4.6256	0.5062	8.6324	0.02863519121286373	2	1	6	Tilt	Normal
-4.7884	-0.2682	8.6957	-3.1094	28.1083	81.3967	-6.5727	-1.0430	-22.2235	-0.1748	-0.8001	0.0585	0.1782	0.1669	-0.6273	0.7395	0.0035	-0.0097	0.2337	-4.6136	0.5320	8.6372	-0.09827081842428242	2	1	6	Tilt	Normal
-4.7501	-0.1915	8.8873	-3.2130	28.0552	80.9764	-7.0730	-0.7486	-21.8897	-0.1450	-0.7412	0.2466	0.1780	0.1666	-0.6245	0.7420	0.0056	-0.0076	0.2358	-4.6051	0.5496	8.6407	0.14834568226891065	2	1	6	Tilt	Normal
-4.7884	-0.2682	8.8107	-3.2882	28.0126	80.5864	-6.8863	-0.5455	-22.4472	-0.1900	-0.8306	0.1673	0.1777	0.1665	-0.6219	0.7442	0.0077	-0.0065	0.2337	-4.5984	0.5625	8.6434	-0.04749143268838196	2	1	6	Tilt	Normal
-4.7878	-0.1143	8.9250	-3.3883	27.9580	79.9517	-6.7033	-0.0341	-22.1590	-0.1981	-0.6939	0.2780	0.1771	0.1666	-0.6177	0.7479	0.0057	-0.0021	0.2439	-4.5897	0.5795	8.6470	0.09734894725792209	2	1	6	Tilt	Normal
-4.7495	-0.2292	8.8867	-3.4749	27.9121	79.4770	-7.0314	-1.0238	-21.8793	-0.1671	-0.8236	0.2369	0.1767	0.1666	-0.6145	0.7506	0.0057	-0.0032	0.2461	-4.5824	0.5944	8.6498	-0.049882542483576486	2	1	6	Tilt	Normal
-4.7495	-0.1526	8.8484	-3.5284	27.8970	79.1854	-6.4839	0.1031	-21.7844	-0.1697	-0.7561	0.1978	0.1766	0.1666	-0.6125	0.7522	0.0046	-0.0032	0.2439	-4.5798	0.6035	8.6505	-0.03520889521455928	3	1	7	Tilt	Normal
-4.7878	-0.1909	8.8101	-3.6200	27.8727	78.6610	-5.9603	-1.2394	-21.2296	-0.2122	-0.8101	0.1585	0.1763	0.1668	-0.6089	0.7552	0.0078	-0.0074	0.2471	-4.5756	0.6192	8.6516	-0.014840940716032591	3	1	7	Tilt	Normal
-4.7112	-0.1909	8.8101	-3.7139	27.8302	78.3511	-6.9214	-1.1321	-21.6844	-0.1425	-0.8261	0.1559	0.1762	0.1665	-0.6068	0.7570	0.0067	-0.0053	0.2450	-4.5687	0.6352	8.6541	-0.036342261798806064	3	1	7	Tilt	Normal
-4.8261	-0.2292	8.7334	-3.8294	27.7834	78.1318	-6.2401	-1.1170	-21.5636	-0.2650	-0.8842	0.0768	0.1764	0.1659	-0.6052	0.7583	0.0206	-0.0202	0.2514	-4.5611	0.6550	8.6567	-0.011698200149146132	3	1	7	Tilt	Normal
-4.9027	-0.2292	8.8867	-3.8789	27.7883	77.9494	-6.1002	-1.0954	-22.3091	-0.3412	-0.8926	0.2309	0.1765	0.1659	-0.6039	0.7594	0.0078	-0.0073	0.2495	-4.5616	0.6633	8.6558	0.17118258389345797	3	1	7	Tilt	Normal
-4.7495	-0.1526	8.8101	-3.9414	27.7754	77.5014	-6.7159	-0.7367	-21.3350	-0.1902	-0.8266	0.1540	0.1762	0.1662	-0.6008	0.7618	0.0057	-0.0052	0.2495	-4.5593	0.6740	8.6561	-0.14202726750207795	3	1	7	Tilt	Normal
-4.7495	-0.2676	8.8101	-4.0003	27.7510	77.4054	-6.2377	0.0625	-21.8960	-0.1942	-0.9517	0.1526	0.1763	0.1658	-0.6001	0.7624	0.0057	-0.0010	0.2506	-4.5553	0.6841	8.6574	0.0024134598037068855	3	1	7	Tilt	Normal
-4.7495	-0.2292	8.8101	-4.0179	27.7317	77.0484	-6.5299	-0.3397	-21.6253	-0.1972	-0.9164	0.1513	0.1758	0.1662	-0.5978	0.7643	0.0057	-0.0020	0.2495	-4.5523	0.6871	8.6588	-9.527243521532114E-4	3	1	7	Tilt	Normal
-4.7878	-0.2292	8.7718	-4.0696	27.7118	76.7353	-6.7374	-0.2758	-21.7644	-0.2388	-0.9252	0.1119	0.1756	0.1662	-0.5956	0.7660	0.0078	-0.0063	0.2516	-4.5490	0.6960	8.6598	-0.015399306131481438	3	1	7	Tilt	Normal
-4.7884	-0.2298	8.8490	-4.1282	27.6760	76.4192	-6.4258	-0.7161	-22.2262	-0.2453	-0.9357	0.1869	0.1753	0.1662	-0.5934	0.7678	0.0047	-0.0082	0.2644	-4.5431	0.7058	8.6621	0.06811272051298012	3	1	7	Tilt	Normal
-4.7501	-0.1915	8.8490	-4.2109	27.6152	76.2325	-6.7516	-1.0778	-21.8178	-0.2165	-0.9116	0.1830	0.1753	0.1656	-0.5921	0.7689	0.0068	-0.0061	0.2654	-4.5336	0.7201	8.6660	-0.01896940757277399	4	1	8	Tilt	Normal
-4.7495	-0.1909	8.8484	-4.2571	27.5614	76.0971	-6.7207	-0.9110	-21.7251	-0.2243	-0.9189	0.1787	0.1751	0.1652	-0.5912	0.7697	0.0058	-0.0061	0.2654	-4.5252	0.7280	8.6697	-8.237348092503538E-4	4	1	8	Tilt	Normal
-4.7884	-0.1532	8.8490	-4.3032	27.5649	75.9619	-6.5021	-0.1604	-21.5637	-0.2631	-0.8890	0.1802	0.1752	0.1652	-0.5902	0.7705	0.0058	-0.0050	0.2644	-4.5253	0.7358	8.6688	0.01833549167479731	4	1	8	Tilt	Normal
-4.9033	-0.2298	8.8490	-4.3500	27.5740	75.8001	-6.5128	-0.6379	-22.0794	-0.3769	-0.9735	0.1814	0.1754	0.1653	-0.5890	0.7713	0.0079	-0.0029	0.2633	-4.5264	0.7437	8.6676	0.05663035630077573	4	1	8	Tilt	Normal
-4.7495	-0.2292	8.8101	-4.4067	27.5566	75.6611	-6.7066	-0.8225	-21.4640	-0.2260	-0.9827	0.1417	0.1755	0.1651	-0.5880	0.7721	0.0079	-0.0040	0.2633	-4.5235	0.7534	8.6684	-0.10788611997504738	4	1	8	Tilt	Normal
-4.8261	-0.1526	8.8867	-4.4294	27.5376	75.5822	-6.6898	-0.8975	-22.2405	-0.3057	-0.9099	0.2171	0.1754	0.1649	-0.5875	0.7726	0.0058	-0.0072	0.2644	-4.5204	0.7573	8.6696	0.10235063051569071	4	1	8	Tilt	Normal
-4.7884	-0.1532	8.8873	-4.5184	27.4938	75.5564	-6.1757	-1.2270	-22.0330	-0.2752	-0.9257	0.2153	0.1757	0.1642	-0.5872	0.7729	0.0036	0.0024	0.2622	-4.5132	0.7724	8.6719	-0.017398146814480597	4	1	8	Tilt	Normal
-4.7501	-0.2682	8.9639	-4.5092	27.4655	75.5531	-6.3768	-0.7692	-22.0043	-0.2411	-1.0391	0.2895	0.1755	0.1641	-0.5872	0.7729	0.0058	-0.0029	0.2622	-4.5090	0.7709	8.6743	0.05189232613785855	4	1	8	Tilt	Normal
-4.7878	-0.1143	8.8101	-4.3393	27.4961	76.6426	-6.5101	-0.8143	-21.8755	-0.2731	-0.8562	0.1362	0.1761	0.1635	-0.5948	0.7671	-0.0009	-0.0002	-0.0009	-4.5147	0.7419	8.6739	-0.12058602377780936	4	1	8	Tilt	Normal
-4.7112	-0.1526	8.8484	-4.1756	27.5175	77.4866	-5.6800	-0.5418	-22.2633	-0.1923	-0.8667	0.1743	0.1763	0.1632	-0.6007	0.7625	-0.0030	0.0030	0.0012	-4.5189	0.7141	8.6740	-0.0020479300434441683	4	1	8	Tilt	Normal
-4.7495	-0.2292	8.8867	-4.0182	27.5456	78.2165	-6.9126	-0.9740	-22.4292	-0.2254	-0.9164	0.2131	0.1765	0.1631	-0.6058	0.7584	-0.0030	-0.0002	0.0001	-4.5241	0.6871	8.6736	0.05326339001779523	5	1	9	Tilt	Normal
-4.8644	-0.1526	8.8484	-3.8657	27.5739	78.8646	-6.3723	-0.8555	-22.0296	-0.3352	-0.8137	0.1755	0.1766	0.1632	-0.6103	0.7548	-0.0030	-0.0002	0.0012	-4.5292	0.6611	8.6728	0.01963315857792125	5	1	9	Tilt	Normal
-4.7878	-0.0760	8.8484	-3.7229	27.6048	79.4519	-6.0386	-0.7497	-21.2958	-0.2532	-0.7127	0.1764	0.1767	0.1632	-0.6144	0.7514	0.0045	-0.0013	0.0033	-4.5346	0.6367	8.6719	-0.03754413863266848	5	1	9	Tilt	Normal
-4.7878	-0.2292	8.8101	-3.5391	27.6287	80.0263	-6.9110	0.0631	-21.3624	-0.2487	-0.8345	0.1383	0.1764	0.1635	-0.6184	0.7481	-0.0019	0.0051	0.0012	-4.5391	0.6053	8.6718	-0.031336708548350245	5	1	9	Tilt	Normal
-4.8267	-0.1915	8.8490	-3.3655	27.6609	80.6127	-6.6341	-1.4880	-21.6364	-0.2819	-0.7672	0.1782	0.1763	0.1638	-0.6225	0.7447	0.0002	-0.0024	-0.0009	-4.5448	0.5757	8.6708	0.051965663949742336	5	1	9	Tilt	Normal
-4.7501	-0.1915	8.8490	-3.2302	27.6856	81.0753	-6.5362	-0.1787	-22.2539	-0.2008	-0.7440	0.1790	0.1762	0.1640	-0.6257	0.7420	-0.0019	-0.0003	0.0001	-4.5493	0.5525	8.6700	-0.036448214573530535	5	1	9	Tilt	Normal
-4.8267	-0.1915	8.9256	-3.0987	27.7024	81.4988	-6.5552	-0.9004	-22.2588	-0.2744	-0.7216	0.2559	0.1761	0.1642	-0.6286	0.7395	-0.0009	-0.0014	0.0001	-4.5523	0.5300	8.6697	0.10374939932487237	5	1	9	Tilt	Normal
-4.8261	-0.2292	8.8101	-2.9662	27.7284	81.9443	-6.2299	-1.3232	-22.2752	-0.2693	-0.7367	0.1413	0.1760	0.1644	-0.6317	0.7368	-0.0009	-0.0024	-0.0009	-4.5568	0.5074	8.6688	-0.1009273637561332	5	1	9	Tilt	Normal
-4.8261	-0.1909	8.9250	-2.8443	27.7553	82.3776	-6.4013	-0.7556	-21.9830	-0.2647	-0.6776	0.2574	0.1760	0.1646	-0.6346	0.7343	0.0002	0.0018	-0.0009	-4.5614	0.4866	8.6676	0.10010299105697307	5	1	9	Tilt	Normal
-4.7495	-0.2292	8.8867	-2.7216	27.7793	82.7850	-6.2142	-0.8637	-22.0205	-0.1841	-0.6949	0.2201	0.1760	0.1648	-0.6374	0.7318	-0.0019	0.0040	-0.0020	-4.5654	0.4657	8.6666	-0.06919478739882656	6	1	10	Tilt	Normal
-4.7878	-0.1909	8.8867	-2.6072	27.7975	83.1826	-5.9576	-0.7846	-22.1195	-0.2191	-0.6370	0.2207	0.1759	0.1649	-0.6401	0.7294	0.0010	0.0016	-0.0001	-4.5687	0.4461	8.6660	0.01730796092698128	6	1	10	Tilt	Normal
-4.7878	-0.1909	8.8867	-2.4739	27.8205	83.5808	-6.4133	-0.0083	-21.8122	-0.2152	-0.6141	0.2218	0.1758	0.1652	-0.6428	0.7270	-0.0001	0.0027	0.0009	-4.5726	0.4232	8.6649	0.0	6	1	10	Tilt	Normal
-4.8644	-0.1909	8.8101	-2.3641	27.8427	83.8793	-6.4158	-0.8293	-21.9901	-0.2881	-0.5954	0.1462	0.1757	0.1655	-0.6449	0.7252	-0.0012	0.0005	-0.0001	-4.5764	0.4045	8.6639	-0.030563584701637225	6	1	10	Tilt	Normal
-4.7884	-0.1532	8.8873	-2.2424	27.8676	84.2797	-6.5604	-0.8908	-21.4779	-0.2078	-0.5369	0.2246	0.1756	0.1658	-0.6476	0.7227	0.0010	-0.0016	0.0020	-4.5806	0.3837	8.6627	0.030733861440255694	6	1	10	Tilt	Normal
-4.7495	-0.2292	8.7718	-2.1601	27.8806	84.5157	-6.1429	-0.3253	-21.8622	-0.1668	-0.5988	0.1097	0.1755	0.1660	-0.6492	0.7213	0.0010	-0.0005	-0.0001	-4.5827	0.3696	8.6621	-0.11863977234791179	6	1	10	Tilt	Normal
-4.8261	-0.1526	8.8484	-2.0651	27.9027	84.7748	-6.1851	-0.0439	-21.3474	-0.2397	-0.5059	0.1875	0.1754	0.1663	-0.6509	0.7196	-0.0001	-0.0005	-0.0001	-4.5864	0.3533	8.6609	0.10240163859949192	6	1	10	Tilt	Normal
-4.7878	-0.1526	8.8484	-1.9706	27.9208	85.0090	-6.8256	-0.3371	-21.9046	-0.1984	-0.4898	0.1884	0.1753	0.1666	-0.6525	0.7181	0.0016	0.0010	-0.0025	-4.5894	0.3371	8.6600	-0.01828088875527456	6	1	10	Tilt	Normal
-4.8261	-0.1143	8.8101	-1.8829	27.9317	85.1072	-6.8272	-0.1193	-21.3613	-0.2349	-0.4365	0.1505	0.1749	0.1670	-0.6533	0.7175	0.0005	-0.0000	-0.0004	-4.5912	0.3222	8.6595	-0.015831597924520935	6	1	10	Tilt	Normal
-4.7495	-0.1526	8.8101	-1.7877	27.9497	85.1077	-6.1362	-0.7409	-21.4004	-0.1553	-0.4585	0.1516	0.1745	0.1676	-0.6534	0.7173	0.0005	-0.0032	0.0007	-4.5942	0.3059	8.6585	-0.03606259872454842	6	1	10	Tilt	Normal
-4.7878	-0.0760	8.8484	-1.7002	27.9626	85.1080	-6.0467	-1.5965	-21.4193	-0.1914	-0.3669	0.1905	0.1740	0.1682	-0.6535	0.7171	0.0026	-0.0043	-0.0004	-4.5964	0.2909	8.6579	0.05102400143241681	7	1	11	Tilt	Normal
Total time: 11 seconds.
