-8.4659	-0.1532	-4.8267	3.2246	112.2579	135.1718	25.3426	-8.5290	-0.2331	0.5957	0.3985	-1.1179	0.7613	0.3310	-0.5239	0.1908	0.1028	0.9947	-0.6694	-9.0616	-0.5517	-3.7088	-0.14033183295295437	6	0	1	Upright	Normal
-8.2744	-0.1532	-4.0606	5.3773	114.0716	130.8681	26.0332	-7.7155	0.0982	0.6401	0.7658	-0.0781	0.7516	0.3716	-0.5107	0.1902	-0.7729	-0.2549	-0.7451	-8.9145	-0.9191	-3.9825	-0.5280513461227692	6	0	1	Upright	Normal
-8.5036	-0.8805	-4.5209	9.3570	115.5730	129.9148	26.9744	-5.2592	-1.5929	0.2248	0.7141	-0.3440	0.7456	0.3963	-0.5106	0.1624	0.0793	0.0722	-0.5778	-8.7284	-1.5945	-4.1768	0.4525026677332775	6	0	1	Upright	Normal
-8.0056	-1.1103	-5.1338	10.6977	115.9415	129.7276	27.5422	-4.0343	-1.4192	0.6598	0.7100	-0.9183	0.7432	0.4033	-0.5116	0.1528	0.4309	-0.1015	0.0028	-8.6654	-1.8203	-4.2154	-0.09595541651243167	0	0	1	Upright	Normal
-6.8564	-1.5317	-5.8616	10.4850	115.0222	130.5453	27.1762	-4.9425	-1.8217	1.8815	0.2529	-1.7829	0.7424	0.3959	-0.5181	0.1537	-0.1699	-0.7086	0.5478	-8.7379	-1.7846	-4.0787	-0.42530592030403547	0	0	1	Upright	Normal
-5.0560	-0.9188	0.6506	4.8489	111.4520	126.3683	26.7926	-5.8250	-3.4181	4.0387	-0.0898	4.2244	0.7261	0.3937	-0.5179	0.2226	-1.7167	-1.7259	0.7854	-9.0947	-0.8290	-3.5738	-3.969745226004126	0	0	1	Upright	Normal
-10.1508	-3.5237	0.2292	6.5887	107.4320	118.5026	25.5040	-5.3376	-6.5291	-0.8562	-2.3984	3.1478	0.6742	0.4407	-0.5314	0.2623	0.0293	-1.7600	-0.0530	-9.2946	-1.1253	-2.9185	5.567624825877279	0	0	1	Upright	Normal
-18.5024	3.9840	0.1149	-0.8259	97.0812	118.9132	23.5913	-4.9210	-10.0474	-8.7715	3.8427	1.3238	0.6478	0.3767	-0.5675	0.3411	0.2083	-1.3520	1.2583	-9.7309	0.1413	-1.2089	8.179360552797133	0	0	1	Upright	Normal
-10.4956	1.4180	-4.5209	-4.7469	94.1214	116.3177	22.2917	-4.4989	-13.1897	-0.7477	0.6065	-3.8185	0.6363	0.3619	-0.5622	0.3848	-0.2168	-0.7139	-0.1457	-9.7478	0.8115	-0.7024	-7.411307052025391	0	0	1	Upright	Normal
-3.2555	-0.1143	-3.7930	-2.5583	96.8951	114.6473	23.1509	-1.7252	-13.0274	6.4706	-0.5520	-2.6169	0.6377	0.3915	-0.5492	0.3721	0.2551	-0.2591	-0.1446	-9.7261	0.4377	-1.1762	-6.515686344473789	0	1	2	Jump	Normal
-0.3442	0.3454	0.3442	-1.8825	101.6087	107.5210	23.6277	-2.0983	-10.7626	9.2567	0.0232	2.3165	0.6311	0.4497	-0.5021	0.3838	-0.4075	0.8286	-0.1389	-9.6009	0.3222	-1.9724	-4.402953909855784	0	1	2	Jump	Normal
-19.6127	-1.9148	-6.8193	-2.4667	116.2567	106.8585	24.1311	-5.6109	-6.2581	-10.8260	-2.3367	-2.4849	0.6887	0.4967	-0.4131	0.3292	1.7422	2.3583	-0.3264	-8.7867	0.4220	-4.3344	20.255647446084875	0	1	2	Jump	Normal
-9.0405	-0.1532	-2.6815	3.1187	123.4317	108.2554	25.9006	-7.5681	-0.8521	-0.8685	0.3802	2.7134	0.7058	0.5263	-0.3979	0.2581	0.1965	-1.1752	-0.8068	-8.1720	-0.5335	-5.3949	-11.42147128127681	0	1	2	Jump	Normal
-2.4511	-2.1446	-1.7627	2.8237	119.0345	105.1391	26.4264	-6.7584	-1.4887	6.1128	-1.6614	2.9911	0.6765	0.5336	-0.4156	0.2914	-1.5281	-0.3965	0.4182	-8.5639	-0.4832	-4.7538	-5.72775775563187	0	1	2	Jump	Normal
-0.0760	0.2687	0.4591	-6.9356	119.9074	97.9567	24.0736	-6.9245	-1.8082	8.3626	-0.9155	5.3129	0.6718	0.5443	-0.3427	0.3675	-1.9638	0.0850	0.9285	-8.4387	1.1842	-4.8538	-3.165930663813091	0	1	2	PT	Normal
-16.0124	3.9840	3.7158	-10.3405	108.1723	100.2028	22.1614	-6.9895	-1.9936	-6.8462	2.2236	6.7247	0.6527	0.4768	-0.4014	0.4307	2.6520	-4.4349	-0.0047	-9.1662	1.7603	-3.0089	16.376439028286224	0	1	2	Jump	Normal
-10.9942	2.9113	-2.9880	-6.5149	104.0057	111.3119	22.0385	-7.3020	-3.1419	-1.5404	1.7988	-0.6298	0.6693	0.4150	-0.4822	0.3837	1.0647	-0.4018	-0.2550	-9.4538	1.1126	-2.3581	-5.154700510396751	0	1	2	Jump	Normal
-4.0989	1.1109	-3.2944	-4.7979	105.5412	108.7432	21.6749	-4.1354	-4.5736	5.3162	0.2907	-0.6761	0.6614	0.4428	-0.4719	0.3792	-0.8293	0.3013	-0.2508	-9.4150	0.8202	-2.6184	-6.384321997187298	0	1	2	Jump	Normal
-0.0383	-0.0766	0.1149	-5.0699	110.2069	103.6772	21.7556	-5.2746	-10.3300	9.1288	-0.9432	3.4891	0.6599	0.4864	-0.4270	0.3817	-0.9092	1.3175	-0.2550	-9.1671	0.8666	-3.3742	-5.231464286385847	0	1	2	Jump	Normal
-16.4338	-0.5746	0.9960	-7.1237	116.8887	109.2730	22.4062	-9.5481	-10.3920	-7.7548	-1.7907	5.3970	0.7124	0.4657	-0.3953	0.3455	2.9556	1.9503	0.3191	-8.6790	1.2161	-4.4010	16.330672642767478	0	2	3	Jump	Normal
-5.2092	-1.6083	-6.9725	-0.7909	124.7743	126.3258	20.1089	-13.7277	-0.7350	2.8454	-1.7436	-1.3798	0.7921	0.3972	-0.4108	0.2147	1.6474	-1.0826	0.4054	-8.0545	0.1353	-5.5927	-7.623094178194304	0	2	3	Jump	Normal
-2.3361	0.6135	0.3442	-3.5366	117.7140	110.6690	19.5718	-15.9806	-2.4348	6.3291	0.0085	4.8961	0.7127	0.4735	-0.4101	0.3157	-3.6896	-1.2466	-0.6566	-8.6652	0.6050	-4.5520	-6.4111668358561635	0	2	3	Jump	Normal
-0.0377	0.3071	0.8805	-10.4577	110.0027	94.0579	19.3027	-14.6254	-12.4961	9.0243	-1.4729	4.1794	0.6325	0.5178	-0.3670	0.4439	-2.5380	-0.6916	0.0528	-9.0621	1.7799	-3.2989	-1.506436880391008	0	2	3	PT	Normal
-19.6127	4.7890	5.6689	-9.5583	99.8918	96.3540	14.4803	-16.3456	-13.4904	-10.0859	3.1606	7.3301	0.6042	0.4687	-0.4354	0.4751	2.9289	-1.5396	-0.7397	-9.5268	1.6284	-1.6613	20.036434380368213	0	2	3	Jump	Normal
-11.4150	-0.5740	-6.7044	-5.6087	102.5133	106.8175	14.3043	-17.9265	-5.3214	-1.8871	-1.5324	-4.5897	0.6437	0.4398	-0.4791	0.4033	-0.4416	1.2461	-0.5395	-9.5279	0.9584	-2.1147	-7.719028574704817	0	2	3	Jump	Normal
-2.6426	0.3071	-1.8393	-3.0676	105.5012	101.7913	15.7549	-12.5557	-1.9127	6.7938	-0.2177	0.7778	0.6277	0.4893	-0.4561	0.3982	-0.5715	0.4569	-0.0921	-9.4364	0.5248	-2.6172	-10.01639011097549	0	2	3	Jump	Normal
-0.0377	0.1921	1.2635	-3.3716	109.5825	96.5518	16.1715	-11.4741	-2.7646	9.1858	-0.3846	4.5448	0.6208	0.5309	-0.4141	0.4015	-0.5395	0.5901	-0.2604	-9.2235	0.5767	-3.2813	-1.9557201947909053	0	2	3	PT	Normal
-18.2336	-0.1143	-3.4482	-0.9580	109.1393	111.1589	14.5843	-12.8557	-2.0711	-8.9703	-0.2782	-0.2334	0.6749	0.4566	-0.4743	0.3333	4.0869	1.3144	-0.6162	-9.2633	0.1639	-3.2148	17.278561420116393	0	2	3	Jump	Normal
-5.5156	-2.4128	-5.3636	8.7480	126.7853	114.1037	11.6790	-12.5175	6.7429	2.2471	-0.9212	0.4405	0.7295	0.5135	-0.4118	0.1857	-1.0040	-1.0004	-2.4133	-7.7628	-1.4916	-5.8041	-10.49415678083562	0	2	3	Jump	Normal
-1.1103	0.9966	0.9954	-0.3918	116.7479	100.9499	13.4932	-12.5368	2.4296	7.6469	0.9295	5.4090	0.6579	0.5405	-0.4026	0.3360	-2.6903	-2.6505	1.5016	-8.7572	0.0670	-4.4136	-6.269436763077736	0	3	4	Run	Normal
0.2687	0.5752	0.7272	-10.6907	100.2473	97.9349	10.6433	-12.8844	-7.7826	9.7516	-1.2439	2.4416	0.6156	0.4566	-0.4346	0.4730	0.4884	-0.7736	0.7389	-9.4828	1.8191	-1.7144	-0.8282071043911691	0	3	4	Walk	Normal
-19.6133	-0.9577	5.0182	-5.1280	95.3147	100.2107	8.7169	-12.2826	-8.1743	-9.8878	-1.8343	5.9231	0.5858	0.4505	-0.4950	0.4569	2.1098	1.4784	-1.6900	-9.7255	0.8766	-0.9049	19.302398188495303	0	3	4	Run	Normal
-1.7238	-3.3710	-13.4075	-0.2315	107.4425	111.0103	12.5470	-9.9133	-0.1906	7.6320	-3.4105	-10.4679	0.6651	0.4556	-0.4868	0.3364	-1.3364	-0.8055	-0.4020	-9.3558	0.0395	-2.9396	-6.3358937818617385	0	3	4	Run	Normal
-0.6506	-0.3059	0.3059	-2.6101	108.1204	99.8487	12.8410	-9.3447	-1.9033	8.6601	-0.7525	3.3528	0.6280	0.5109	-0.4371	0.3919	-1.8637	0.1340	-0.0580	-9.3108	0.4467	-3.0469	-13.150540700201278	0	3	4	Run	Normal
-1.3785	0.0006	3.6003	-2.3810	105.4947	97.2754	13.3764	-8.5360	-6.4294	8.0637	-0.4067	6.2179	0.6056	0.5164	-0.4433	0.4123	1.6538	-1.2210	-0.1443	-9.4421	0.4073	-2.6176	3.073881138213155	0	3	4	Walk	Normal
-19.6127	-0.9188	9.6911	0.4822	100.4646	110.4167	12.5341	-8.5501	-7.0030	-9.9695	-0.8362	11.4723	0.6297	0.4408	-0.5272	0.3623	1.5100	0.1468	-1.2699	-9.6432	-0.0826	-1.7811	18.040471124860538	0	3	4	Run	Normal
-1.6466	-1.5317	-3.4099	11.2557	129.9584	117.0276	13.0414	-8.0759	3.5815	5.7257	0.3825	2.7671	0.7473	0.5064	-0.4053	0.1441	-0.4671	-1.7983	-0.9130	-7.3723	-1.9142	-6.1770	-17.810947559173908	0	3	4	Run	Normal
-0.4214	0.6129	1.1492	2.9347	114.6372	102.5877	16.5390	-7.1151	0.9184	8.4809	1.1151	5.2321	0.6480	0.5369	-0.4347	0.3207	-2.6605	-3.2652	0.6561	-8.9022	-0.5022	-4.0829	-2.7158057320925924	0	3	4	Walk	Normal
-0.8805	0.9966	1.5700	-5.2540	97.6731	95.7830	15.7653	-6.7314	-8.2251	8.7976	0.0986	2.8739	0.5782	0.4819	-0.4647	0.4665	-0.2455	-0.7267	0.9128	-9.6781	0.8980	-1.3039	0.6886216499799735	0	3	4	Walk	Normal
-18.8466	2.4906	-3.5632	-7.8773	99.9978	95.6559	14.5433	-8.1489	-10.2771	-9.2799	1.1467	-1.8766	0.5960	0.4803	-0.4400	0.4695	3.1591	1.2547	-1.5767	-9.5666	1.3439	-1.6866	17.283983737555076	0	4	5	Run	Normal
-1.0726	-1.7238	-13.6374	-0.1183	110.4972	104.9681	17.5898	-4.3067	-1.2699	8.1132	-1.7440	-10.2033	0.6521	0.4999	-0.4516	0.3478	-1.5196	-0.2366	-0.6464	-9.1858	0.0202	-3.4340	-5.553806174868356	0	4	5	Run	Normal
-1.2258	0.4980	0.0000	-5.4431	112.7602	92.1856	17.6853	-6.2996	-5.8864	7.7765	-0.4322	3.7769	0.6175	0.5579	-0.3710	0.4120	-2.3100	0.4185	0.3135	-9.0023	0.9301	-3.7769	-5.553806174868356	0	4	5	Run	Normal
-15.0158	1.5712	8.3887	-10.3917	111.1718	92.2302	17.3261	-7.3586	-10.0797	-6.0210	-0.1977	11.8724	0.6276	0.5326	-0.3539	0.4440	2.7873	-1.3956	1.7558	-8.9949	1.7689	-3.4837	3.484047707947429	0	4	5	Walk	Normal
-18.9232	-0.4208	-6.4362	-2.3289	108.6867	107.4941	15.3085	-9.6415	-9.4488	-9.6410	-0.8193	-3.2968	0.6621	0.4708	-0.4602	0.3580	2.2451	4.0628	-0.1915	-9.2822	0.3985	-3.1394	2.720484046719715	0	4	5	Walk	Normal
-2.1069	-2.0303	-5.5929	6.9106	123.4390	115.8056	16.3878	-7.2552	0.3207	6.0171	-0.8502	-0.2280	0.7295	0.4913	-0.4288	0.2063	-0.4682	-1.0175	-0.9531	-8.1240	-1.1800	-5.3648	-13.680204053335114	0	4	5	Run	Normal
-0.4214	-0.1149	0.1915	0.8857	125.2018	102.4501	16.8941	-7.3433	-1.7674	7.5910	0.0367	5.8441	0.6899	0.5588	-0.3631	0.2828	-3.1366	0.3578	-0.1581	-8.0123	-0.1516	-5.6526	-5.835106572928474	0	4	5	Run	Normal
-10.9176	2.4517	1.4174	-12.0699	117.6962	91.4608	18.4493	-8.5664	-4.8363	-2.4264	0.4010	5.8746	0.6474	0.5551	-0.3056	0.4235	-0.6972	-2.9829	2.2675	-8.4912	2.0506	-4.4573	10.801991699669948	0	4	5	Run	Normal
-15.2846	4.3287	-1.4174	-4.0417	111.7701	105.7421	16.4262	-10.1010	-6.0162	-6.1999	3.6375	2.2107	0.6716	0.4837	-0.4293	0.3616	2.2600	0.0840	-0.3786	-9.0846	0.6912	-3.6281	4.669934260171676	0	4	5	Run	Normal
-2.3367	-1.6089	-4.9033	-3.1961	108.5098	101.3545	16.2883	-6.9400	-2.9421	6.9483	-2.1557	-1.7949	0.6379	0.5015	-0.4374	0.3876	-1.3949	-0.0332	-0.1347	-9.2850	0.5468	-3.1084	-10.283946998392803	0	5	6	Run	Normal
-2.5277	0.6135	-1.3030	-4.3849	109.5632	94.6130	16.5464	-5.3285	-4.7092	6.6860	-0.1362	1.9712	0.6150	0.5373	-0.4024	0.4137	-1.8168	0.4473	-0.1240	-9.2136	0.7497	-3.2742	-2.7556961481260505	0	5	6	Walk	Normal
-4.7112	2.0692	1.1486	-6.9693	112.9372	90.4313	17.2018	-7.4895	-5.8077	4.2534	0.8794	4.9424	0.6142	0.5623	-0.3557	0.4244	-0.0399	0.6156	0.1885	-8.9646	1.1898	-3.7938	2.363015266483525	0	5	6	Walk	Normal
-14.4795	-2.8724	-1.0732	-5.0217	108.4696	97.4990	16.3571	-9.8503	-4.8583	-5.2137	-3.7309	2.0218	0.6264	0.5152	-0.4156	0.4117	2.3719	2.2135	-0.3335	-9.2659	0.8585	-3.0950	9.528402496927997	0	5	6	Run	Normal
-7.7375	-2.6809	-2.3756	-0.6899	115.9926	101.5861	16.3116	-8.9085	-1.2085	1.0766	-2.7990	1.9219	0.6591	0.5336	-0.4074	0.3390	0.1966	0.3344	-0.3250	-8.8141	0.1181	-4.2976	-6.274213444305477	0	5	6	Run	Normal
-5.3624	0.1538	-0.0006	-2.3655	110.9132	96.0947	16.6437	-8.2270	-1.2423	3.7905	-0.2509	3.4970	0.6203	0.5418	-0.4102	0.3916	-1.3331	-0.6393	-0.1279	-9.1529	0.4048	-3.4976	-3.1618014319128074	0	5	6	Walk	Normal
-6.7038	1.3791	0.3831	-3.7582	107.8810	93.7947	16.3060	-10.1655	-3.2614	2.6092	0.7364	3.3876	0.6031	0.5380	-0.4114	0.4213	0.1625	-0.0129	0.1512	-9.3130	0.6427	-3.0046	1.4902922621162897	0	5	6	Walk	Normal
-15.8975	1.2258	0.9577	-4.9720	102.4060	96.0103	15.2643	-11.6846	-3.8014	-6.3559	0.3759	3.0566	0.5969	0.5008	-0.4426	0.4439	0.7388	-0.4763	0.0709	-9.5416	0.8499	-2.0990	9.118526777165307	0	5	6	Run	Normal
-5.2475	-0.3442	-2.0692	-2.2441	102.5334	104.6530	14.1271	-9.4229	-0.5998	4.3182	-0.7281	0.0573	0.6248	0.4670	-0.4858	0.3944	-0.3669	-0.4603	-0.1187	-9.5657	0.3840	-2.1265	-10.322201550878912	0	5	6	Run	Normal
-12.7557	1.9926	-0.3837	-3.4997	101.3247	101.3360	14.1633	-9.0861	-1.1624	-3.1578	1.3940	1.5386	0.6102	0.4750	-0.4751	0.4198	-0.5203	-0.0470	0.0241	-9.5979	0.5986	-1.9222	7.2648744456805785	0	5	6	Run	Normal
-8.0828	0.1532	-0.4597	-2.3863	101.9634	98.2084	14.3063	-10.6311	-2.4348	1.5025	-0.2550	1.5713	0.5957	0.4986	-0.4652	0.4243	0.0570	0.1639	-0.3935	-9.5853	0.4082	-2.0310	-4.818785948695707	0	6	7	Run	Normal
-10.4962	1.4174	-1.4557	-1.4931	101.8363	101.7531	14.8465	-10.3133	-2.6957	-0.9013	1.1619	0.5552	0.6073	0.4834	-0.4827	0.4056	0.9146	-0.0331	0.0251	-9.5949	0.2554	-2.0108	2.5937267057791757	0	6	7	Walk	Normal
-9.3087	1.3024	-1.1492	-1.7367	101.1982	103.9084	15.1550	-10.7017	-2.5167	0.3069	1.0053	0.7545	0.6144	0.4686	-0.4926	0.4004	-0.1901	-0.0097	-0.0054	-9.6156	0.2972	-1.9037	-1.2216770711876794	0	6	7	Walk	Normal
-9.5768	1.1109	-1.0726	-3.3791	100.6163	102.2160	15.2871	-10.9794	-2.0171	0.0453	0.5329	0.7310	0.6105	0.4683	-0.4826	0.4185	-0.2519	-0.0278	0.2183	-9.6221	0.5781	-1.8036	0.23113783750470773	0	6	7	Upright	Normal
-10.1508	0.8434	-0.5752	-5.7496	98.3347	99.5722	14.1047	-11.3320	-1.2273	-0.4965	-0.1390	0.8392	0.5982	0.4628	-0.4742	0.4506	-0.5331	-0.5242	0.2566	-9.6543	0.9824	-1.4144	0.5015067260174497	0	0	7	Upright	Normal
-9.8827	1.3797	-0.9966	-5.6449	96.6355	100.5617	13.4431	-11.3634	-1.5769	-0.1888	0.4151	0.1312	0.5947	0.4515	-0.4874	0.4527	0.3042	0.0350	-0.0107	-9.6938	0.9646	-1.1278	-0.1738180246449641	0	0	7	Upright	Normal
-9.6911	1.0349	-0.8434	-5.7199	96.4728	100.7841	13.0024	-11.0556	-1.9757	0.0045	0.0575	0.2568	0.5951	0.4493	-0.4888	0.4528	-0.1304	0.0116	-0.0225	-9.6956	0.9774	-1.1001	-0.24556180851426745	0	0	7	Upright	Normal
-9.8444	1.2264	-0.3454	-5.4839	96.1368	100.0163	13.6974	-10.9707	-1.9638	-0.1384	0.2892	0.6982	0.5899	0.4531	-0.4885	0.4562	-0.0474	0.0010	-0.0818	-9.7059	0.9372	-1.0436	0.14388325971395943	0	0	7	Upright	Normal
-9.7677	1.1115	-0.6901	-5.3742	95.6105	99.8323	13.5051	-10.9224	-1.9230	-0.0509	0.1930	0.2644	0.5865	0.4524	-0.4910	0.4586	-0.0207	-0.0289	-0.0445	-9.7169	0.9185	-0.9545	-0.07157922734221778	0	0	7	Upright	Normal
-9.7677	1.5712	-0.5752	-5.3060	95.6764	99.0445	13.4227	-11.3455	-1.8501	-0.0509	0.6644	0.3907	0.5834	0.4570	-0.4878	0.4614	-0.1262	0.0947	-0.0711	-9.7169	0.9068	-0.9659	0.05503970529743896	0	0	7	Upright	Normal
-9.7677	0.9200	-0.4220	-5.6028	95.3390	99.1657	13.7451	-11.6443	-1.0825	-0.0503	-0.0374	0.4862	0.5835	0.4537	-0.4887	0.4636	0.1242	-0.0289	0.0375	-9.7175	0.9574	-0.9082	-0.08996670298854248	1	0	8	Upright	Normal
-9.7677	0.4603	-0.8434	-5.4720	95.4684	99.5369	13.4748	-10.8985	-1.4578	-0.0501	-0.4748	0.0869	0.5851	0.4529	-0.4901	0.4609	-0.0548	0.1181	-0.0051	-9.7176	0.9351	-0.9303	-0.005158398883409632	1	0	8	Upright	Normal
-9.8827	0.9583	-0.5369	-5.3768	95.5053	98.3681	13.2754	-11.1736	-2.6261	-0.1642	0.0394	0.3998	0.5802	0.4594	-0.4856	0.4652	-0.2466	0.0670	-0.0239	-9.7185	0.9189	-0.9367	0.12871446935977104	1	0	8	Upright	Normal
-9.8444	1.6478	-0.8051	-5.7268	95.9404	97.4636	13.5018	-10.6893	-2.1230	-0.1390	0.6693	0.2049	0.5797	0.4642	-0.4781	0.4689	-0.0996	0.1927	0.0027	-9.7053	0.9785	-1.0099	0.07021434825522199	1	0	8	Upright	Normal
-9.6528	1.2264	-0.3837	-6.0544	95.8465	96.8039	13.5264	-10.6987	-2.4868	0.0485	0.1921	0.6098	0.5778	0.4656	-0.4744	0.4736	-0.1038	0.0361	-0.0004	-9.7013	1.0343	-0.9934	-0.2758151794606185	1	0	8	Upright	Normal
-9.7294	1.1881	-0.9966	-5.9613	95.5751	97.0858	14.1634	-10.6627	-2.5611	-0.0218	0.1697	-0.0489	0.5775	0.4635	-0.4774	0.4731	0.1881	-0.0193	-0.0420	-9.7076	1.0184	-0.9477	0.11425060136039811	1	0	8	Upright	Normal
-9.6917	1.2258	-1.2258	-5.8263	95.8239	97.2894	13.7696	-10.6683	-1.7024	0.0139	0.2304	-0.2358	0.5788	0.4641	-0.4776	0.4706	-0.0932	0.0201	-0.0303	-9.7056	0.9954	-0.9900	-0.006690682095239708	1	0	8	Upright	Normal
-9.7677	1.2264	-0.7284	-5.8361	95.8091	96.9920	13.2099	-10.9224	-1.6469	-0.0619	0.2292	0.2590	0.5776	0.4655	-0.4764	0.4719	0.0688	0.0255	-0.0257	-9.7058	0.9972	-0.9875	0.025783604123519765	1	0	8	Upright	Normal
-9.7294	1.1115	-0.9583	-5.7778	95.6561	97.0325	13.5759	-11.0832	-1.8962	-0.0201	0.1243	0.0034	0.5769	0.4650	-0.4776	0.4721	-0.0122	-0.0171	-0.0321	-9.7094	0.9872	-0.9617	-0.03184054032552197	1	0	8	Upright	Normal
-9.6911	1.1115	-0.8817	-5.6955	95.7187	97.1392	14.0091	-10.8751	-2.3354	0.0186	0.1383	0.0908	0.5773	0.4651	-0.4781	0.4710	0.0208	0.0148	-0.0267	-9.7097	0.9732	-0.9725	-0.04506198214749091	2	0	9	Upright	Normal
-9.6911	1.2264	-0.9200	-5.7221	95.7179	97.0052	13.9748	-10.3259	-2.8470	0.0183	0.2487	0.0522	0.5769	0.4656	-0.4774	0.4717	-0.0197	0.0255	-0.0214	-9.7094	0.9777	-0.9722	0.017220726231828465	2	0	9	Upright	Normal
-9.9210	0.9966	-1.0349	-5.6302	95.8997	97.0384	13.8759	-11.0333	-3.3599	-0.2132	0.0346	-0.0317	0.5774	0.4666	-0.4770	0.4704	0.0080	0.0510	-0.0235	-9.7077	0.9620	-1.0032	0.21287348608215062	2	0	9	Upright	Normal
-9.6911	1.1498	-0.8051	-5.5846	96.1919	96.5128	14.0614	-10.9025	-2.0759	0.0121	0.1954	0.2478	0.5763	0.4707	-0.4736	0.4712	-0.0814	0.0404	-0.0317	-9.7033	0.9544	-1.0529	-0.23226922748888867	2	0	9	Upright	Normal
-9.7294	1.0732	-1.0349	-5.5880	96.1397	96.1106	14.1217	-10.6014	-2.0598	-0.0253	0.1184	0.0090	0.5745	0.4725	-0.4722	0.4731	-0.0452	0.0234	-0.0253	-9.7041	0.9548	-1.0439	0.05074291318529234	2	0	9	Upright	Normal
-9.7300	1.0343	-1.0726	-5.5288	96.2997	95.7365	13.9914	-10.6373	-2.1533	-0.0278	0.0895	-0.0015	0.5734	0.4753	-0.4701	0.4737	-0.0527	0.0394	-0.0264	-9.7022	0.9448	-1.0711	4.644841769856356E-4	2	0	9	Upright	Normal
-9.7683	0.9577	-0.8428	-5.4364	96.2016	95.4948	14.6188	-10.1744	-2.2090	-0.0628	0.0286	0.2119	0.5716	0.4765	-0.4700	0.4747	-0.0196	0.0021	-0.0285	-9.7055	0.9291	-1.0546	0.00782185126801238	2	0	9	Upright	Normal
-9.7300	1.1875	-1.0343	-5.4390	96.1263	95.3362	14.0834	-10.3581	-2.8312	-0.0232	0.2580	0.0076	0.5707	0.4769	-0.4697	0.4756	-0.0345	-0.0064	-0.0274	-9.7068	0.9295	-1.0419	0.005360122805413425	2	0	9	Upright	Normal
-9.8061	0.9966	-0.9966	-5.3969	96.1147	95.3311	14.2782	-10.2729	-2.0314	-0.0983	0.0744	0.0434	0.5704	0.4771	-0.4700	0.4755	0.0293	0.0084	-0.0253	-9.7077	0.9222	-1.0400	0.050254019252047755	2	0	9	Upright	Normal
-9.7294	0.9583	-0.9583	-5.2845	96.0848	95.5153	14.6065	-9.8602	-2.2721	-0.0195	0.0551	0.0769	0.5707	0.4766	-0.4714	0.4744	0.0357	-0.0001	-0.0274	-9.7100	0.9032	-1.0352	-0.0835329625737895	2	0	9	Upright	Normal
-9.7294	0.9583	-1.1115	-5.1617	96.0079	95.6249	14.0902	-10.3521	-2.5524	-0.0162	0.0760	-0.0892	0.5703	0.4763	-0.4728	0.4737	0.0208	-0.0172	-0.0296	-9.7133	0.8823	-1.0223	0.016126569208438468	3	0	10	Upright	Normal
-9.7300	0.9577	-1.0343	-5.0226	96.0757	95.6527	13.8350	-10.0891	-2.7917	-0.0159	0.0992	-0.0003	0.5702	0.4770	-0.4732	0.4726	-0.0058	0.0095	-0.0264	-9.7142	0.8585	-1.0340	-0.00788634153091472	3	0	10	Upright	Normal
-9.8061	0.8817	-0.9966	-4.8944	96.1378	95.6263	13.5152	-10.3486	-2.3965	-0.0911	0.0449	0.0482	0.5699	0.4780	-0.4733	0.4719	0.0016	0.0127	-0.0274	-9.7149	0.8368	-1.0448	0.06439446510576374	3	0	10	Upright	Normal
-9.7294	0.9966	-0.9966	-4.8971	96.1239	95.6313	14.0577	-10.3498	-2.0778	-0.0142	0.1595	0.0458	0.5699	0.4779	-0.4734	0.4719	-0.0164	-0.0022	-0.0104	-9.7152	0.8371	-1.0424	-0.06501573174125319	3	0	10	Upright	Normal
-9.7294	0.9583	-0.8817	-4.9221	96.1137	95.6046	13.7233	-10.7099	-2.9768	-0.0145	0.1169	0.1589	0.5698	0.4779	-0.4733	0.4722	-0.0101	0.0106	-0.0083	-9.7149	0.8414	-1.0406	-0.014795522749567525	3	0	10	Upright	Normal
-9.8067	0.9960	-0.9960	-4.9550	96.1123	95.5926	13.6244	-10.9088	-2.4447	-0.0922	0.1489	0.0443	0.5699	0.4778	-0.4731	0.4724	-0.0005	0.0095	-0.0072	-9.7145	0.8471	-1.0403	0.0911826148539987	3	0	10	Upright	Normal
-9.7683	0.9577	-0.9960	-4.9679	96.1036	95.5919	14.8173	-9.8342	-2.6855	-0.0539	0.1085	0.0428	0.5699	0.4777	-0.4730	0.4725	-0.0058	0.0053	-0.0104	-9.7145	0.8492	-1.0388	-0.04179971140291272	3	0	10	Upright	Normal
-9.7683	0.8428	-1.0343	-4.9778	96.0989	95.5915	14.2987	-9.9484	-2.1697	-0.0539	-0.0081	0.0037	0.5699	0.4776	-0.4730	0.4726	-0.0122	0.0053	-0.0125	-9.7145	0.8508	-1.0380	-0.006546009663223273	3	0	10	Upright	Normal
-9.7677	0.9200	-1.0349	-4.9439	96.0970	95.5869	14.3303	-10.0871	-3.1032	-0.0528	0.0748	0.0028	0.5697	0.4778	-0.4732	0.4724	0.0017	0.0052	-0.0189	-9.7149	0.8452	-1.0377	0.00636830613873407	3	0	10	Upright	Normal
-9.8067	0.8428	-0.9960	-4.9465	96.0815	95.6052	14.5080	-10.1363	-2.1093	-0.0914	-0.0028	0.0392	0.5698	0.4776	-0.4733	0.4724	0.0187	0.0010	-0.0125	-9.7152	0.8456	-1.0352	0.027750260551004047	3	0	10	Upright	Normal
-9.7677	0.9200	-1.0349	-4.9594	96.0784	95.6049	14.0817	-10.6206	-2.8164	-0.0527	0.0723	-0.0003	0.5698	0.4776	-0.4733	0.4725	-0.0015	0.0042	-0.0136	-9.7151	0.8477	-1.0346	-0.027750260551004047	4	0	11	Upright	Normal
Total time: 11 seconds.
