-0.0760	-9.8827	1.3402	-16.0793	-79.8948	-99.0320	-40.5395	29.0520	4.7406	-2.0622	-0.4226	-0.3130	-0.5532	0.3312	-0.5191	-0.5611	0.6181	-0.4459	-0.0122	1.9861	-9.4601	1.6532	0.425754906998808	4	0	1	Upright	Normal
-1.9920	-9.9599	1.1875	-14.9041	-79.1748	-97.6116	-38.5366	30.0536	3.6182	-3.7373	-0.4752	-0.5923	-0.5413	0.3409	-0.5206	-0.5655	-0.4440	1.1722	0.0613	1.7454	-9.4846	1.7798	0.25288177142525115	0	0	1	Upright	Normal
-5.7078	-9.2703	5.5162	-21.3264	-73.2099	-85.6192	-35.7537	31.3300	1.7113	-6.0178	0.1695	2.8775	-0.5072	0.3290	-0.4552	-0.6537	1.7292	-2.9461	1.1052	0.3100	-9.4399	2.6387	1.9780094852694496	0	0	1	Upright	Normal
-2.1835	-8.3127	1.3791	-18.1247	-63.7966	-79.0713	-29.4590	34.0990	-2.1645	-1.8380	0.5821	-2.7363	-0.4353	0.3173	-0.4695	-0.6996	1.3915	1.1573	0.0389	-0.3455	-8.8948	4.1153	-3.499710018199842	0	0	1	Upright	Normal
-2.9880	-7.6231	4.8267	-14.5586	-61.8900	-76.8156	-28.7162	35.3313	-6.9607	-2.1458	1.0638	0.3546	-0.4020	0.3322	-0.4775	-0.7071	0.4168	0.1538	-0.0975	-0.8422	-8.6869	4.4721	0.7999393358711195	0	0	1	Upright	Normal
-2.9113	-6.6655	4.4819	-13.1699	-62.6550	-78.8491	-29.8005	35.4555	-6.9175	-2.2336	2.0795	0.0959	-0.4037	0.3368	-0.4928	-0.6933	-0.4844	0.1559	-0.8167	-0.6777	-8.7450	4.3860	-0.9610339069505667	0	0	1	Upright	Normal
-5.8604	-9.4996	4.4430	-11.3231	-62.0941	-78.9654	-30.6676	34.9536	-7.4300	-5.0860	-0.8209	-0.0573	-0.3916	0.3424	-0.5028	-0.6904	-0.0839	0.0047	-0.3607	-0.7744	-8.6787	4.5004	3.470080083894697	0	0	1	Upright	Normal
-5.7072	-14.9775	2.6809	-10.3352	-68.0532	-81.8560	-32.3024	34.4433	-7.5919	-5.0696	-5.8800	-0.9248	-0.4215	0.3722	-0.5027	-0.6566	-1.0852	0.5341	-0.5322	-0.6376	-9.0975	3.6057	4.2370730453138545	0	0	1	Upright	Normal
0.2298	-8.3893	3.0646	-18.4647	-78.9442	-88.0910	-35.4285	33.2472	-1.7484	-0.0447	1.2499	1.2809	-0.5253	0.3649	-0.4564	-0.6186	-1.3132	-2.4976	-0.9445	0.2746	-9.6392	1.7837	-7.316207593261833	0	0	1	Upright	Normal
-0.4597	-9.9599	1.8004	-19.7719	-82.4763	-93.2754	-35.4832	32.1425	2.4444	-1.4488	-0.2783	0.5921	-0.5608	0.3520	-0.4609	-0.5909	0.0514	1.4279	-0.7229	0.9891	-9.6816	1.2083	1.1972701275259077	0	0	1	Upright	Normal
-0.8039	-7.7375	3.0257	-20.3413	-79.2118	-94.8131	-36.6389	32.0358	2.3150	-2.2479	1.8084	1.3047	-0.5540	0.3245	-0.4821	-0.5961	0.6735	-1.7893	-0.7538	1.4440	-9.5458	1.7210	-1.7848933865563321	0	1	2	PT	Normal
0.1921	-7.5459	-3.5249	-21.4042	-74.5085	-97.4170	-36.6837	32.1608	0.9932	-1.9757	1.7021	-5.9635	-0.5445	0.2815	-0.5135	-0.6006	0.1622	2.7839	-0.8795	2.1678	-9.2481	2.4386	-0.01604531841464052	0	1	2	Upright	Normal
-2.4894	-6.8564	4.0983	-23.8194	-77.8726	-103.8002	-38.0037	31.0737	1.3177	-5.5843	2.2562	2.2136	-0.5830	0.2531	-0.5189	-0.5717	-0.1755	-0.0507	-0.9253	3.0950	-9.1126	1.8847	0.035991296906138004	0	1	2	Upright	Normal
-1.4557	-12.4882	3.4093	-21.2475	-77.5389	-104.2808	-39.4990	28.7754	2.1077	-4.5608	-3.3975	1.4373	-0.5741	0.2642	-0.5342	-0.5614	-0.0424	0.3317	-0.6377	3.1051	-9.0906	1.9721	4.6599973913231665	0	0	2	Upright	Normal
1.2641	-10.5345	5.8993	-14.5912	-72.9243	-99.2611	-40.3139	28.1283	0.2153	-0.9604	-1.3990	3.1126	-0.5153	0.3040	-0.5589	-0.5742	0.3486	0.7173	1.4683	2.2245	-9.1355	2.7867	-0.8869742669486698	0	0	2	Upright	Normal
-0.2682	-10.4579	0.5363	-5.4513	-68.5772	-96.9372	-36.7516	29.9334	-4.5653	-1.7086	-1.4367	-3.0293	-0.4473	0.3437	-0.6000	-0.5672	1.0730	1.6920	0.0765	1.4404	-9.0212	3.5656	-1.6647500787482876	0	0	2	Upright	Normal
-1.4174	-6.3590	2.9874	-0.0248	-64.5181	-91.1349	-34.2577	31.8209	-7.6640	-1.5945	2.4919	-1.2317	-0.3813	0.3735	-0.6038	-0.5921	1.5907	0.8355	0.3353	0.1772	-8.8509	4.2190	-3.3077569780024865	0	0	2	Upright	Normal
-0.1143	-5.9753	1.5317	0.9654	-60.8202	-91.2975	-32.3487	31.9156	-11.5414	-0.2276	2.5865	-3.2488	-0.3569	0.3590	-0.6197	-0.5998	0.0216	0.4819	-0.2122	0.1133	-8.5618	4.7805	-0.99776680784435	0	0	2	Upright	Normal
-2.2978	-8.3504	4.3664	1.6251	-61.7786	-94.3707	-33.0971	30.8538	-13.3029	-2.8252	0.2755	-0.2689	-0.3683	0.3578	-0.6344	-0.5778	-0.7657	0.1740	-1.1049	0.5273	-8.6259	4.6353	3.52964914295148	0	0	2	Upright	Normal
-1.4168	-9.9593	3.6386	2.4159	-70.8236	-89.5586	-33.7697	30.7589	-11.1511	-1.2095	-0.6981	0.4203	-0.3959	0.4233	-0.5826	-0.5698	-1.4453	-1.4686	0.0126	-0.2072	-9.2612	3.2183	0.9981995019560053	0	1	3	PT	Normal
-0.4597	-10.6111	1.4174	-4.6416	-75.6945	-92.4484	-33.6958	31.8086	-6.7108	-1.0615	-1.1256	-0.9978	-0.4648	0.4010	-0.5525	-0.5638	-0.7721	-0.0231	-0.5914	0.6018	-9.4855	2.4152	0.01781211050924192	0	1	3	Upright	Normal
0.0383	-8.7340	2.3367	-7.7771	-79.9185	-96.8990	-34.3110	31.2268	-3.8050	-1.3520	0.8235	0.6360	-0.5140	0.3861	-0.5434	-0.5398	-0.8594	-0.3490	-1.0633	1.3903	-9.5575	1.7008	-1.6739526164225484	0	0	3	Upright	Normal
-0.7661	-6.9336	4.0223	-12.4199	-77.0456	-99.4070	-35.5033	29.8169	-1.7080	-2.7946	2.4177	1.8754	-0.5270	0.3359	-0.5496	-0.5544	0.7630	-1.4399	-0.7448	2.0285	-9.3513	2.1469	-0.9888936879241825	0	0	3	Upright	Normal
1.3797	-9.7677	1.4551	-17.0835	-78.3108	-104.3304	-37.2406	28.3746	-2.4429	-1.5627	-0.6077	-0.4440	-0.5638	0.2920	-0.5481	-0.5444	-0.1457	-2.0140	-1.2807	2.9423	-9.1601	1.8991	1.9190349585304265	0	0	3	Upright	Normal
-0.7272	-9.1548	4.5580	-15.1779	-76.5904	-105.3667	-38.4860	26.9218	-1.1221	-3.8292	-0.1143	2.3631	-0.5514	0.2900	-0.5691	-0.5367	-0.0562	0.3615	-0.6308	3.1020	-9.0405	2.1949	0.2811370966852529	0	0	3	Upright	Normal
1.1881	-14.4412	5.0176	-9.9097	-74.2244	-103.5790	-39.4319	25.8191	-1.7612	-1.4735	-5.3754	2.3914	-0.5149	0.3177	-0.5920	-0.5324	0.0812	1.1392	0.2830	2.6616	-9.0658	2.6263	5.081611052233036	0	0	3	Upright	Normal
0.5752	-8.4270	1.2635	-5.6155	-71.8832	-99.0419	-37.1694	26.5099	-3.9557	-1.1842	0.7308	-1.7711	-0.4717	0.3504	-0.5964	-0.5468	1.0709	0.8931	-0.3072	1.7594	-9.1578	3.0347	-6.793563561032249	0	0	3	Upright	Normal
-4.0600	-10.4190	3.0640	1.8628	-64.4172	-95.6021	-35.6262	27.4285	-7.9473	-4.7863	-1.6025	-1.1684	-0.3856	0.3682	-0.6326	-0.5618	1.1678	-0.0006	0.8018	0.7263	-8.8165	4.2323	3.053690106948247	0	0	3	Upright	Normal
-0.3448	-4.9033	4.4819	2.5655	-61.4435	-91.6203	-33.4643	27.9277	-11.4428	-0.3786	3.7130	-0.2011	-0.3528	0.3698	-0.6242	-0.5909	0.3699	1.3075	0.2734	0.0338	-8.6163	4.6831	-4.942309517107266	0	0	3	Upright	Normal
-0.4974	-6.2435	3.3704	2.6700	-57.4756	-90.0590	-30.2511	28.3738	-13.9888	-0.2602	2.0255	-1.8964	-0.3256	0.3542	-0.6281	-0.6116	-0.3310	0.1581	-0.2912	-0.2372	-8.2690	5.2668	0.4605780491627076	0	1	4	PT	Normal
-3.3704	-8.6185	6.0519	2.7280	-58.5919	-92.0883	-31.1503	28.3120	-15.0521	-3.4322	-0.2454	0.9472	-0.3377	0.3545	-0.6357	-0.5968	-0.6155	-0.1360	-0.8380	0.0618	-8.3731	5.1047	3.9447432879569595	0	1	4	Jump	Normal
-6.7415	-17.8123	4.0600	2.1190	-64.4661	-88.4030	-32.1842	27.3905	-13.7521	-6.3385	-8.9711	-0.1642	-0.3606	0.3932	-0.5967	-0.5994	-0.7049	-0.5908	1.2105	-0.4030	-8.8412	4.2241	8.416012365431937	0	1	4	Jump	Normal
-0.9188	-11.0702	2.1063	-4.4701	-73.4759	-90.9190	-31.8344	28.3704	-10.2143	-1.2869	-1.6731	-0.6743	-0.4479	0.3970	-0.5544	-0.5783	-1.6317	0.2273	-1.0681	0.3681	-9.3971	2.7806	-8.167106831226116	0	1	4	Jump	Normal
-0.9954	-8.1205	1.5700	-6.0651	-80.0938	-96.0860	-33.1819	28.1338	-4.8888	-2.1968	1.4666	-0.1076	-0.5049	0.3994	-0.5457	-0.5364	-1.2259	0.3413	-1.0286	1.2014	-9.5871	1.6776	-2.9756335958152977	0	1	4	PT	Normal
-0.7272	-6.4350	4.5580	-15.2287	-79.4128	-100.4990	-35.2414	26.6920	-2.4855	-2.9491	2.9571	2.8195	-0.5520	0.3265	-0.5321	-0.5527	0.8993	-2.2569	-1.2236	2.2218	-9.3922	1.7385	-0.41138051204765347	0	1	4	PT	Normal
-0.3825	-13.6751	-5.1721	-12.0101	-77.6417	-103.6895	-36.4394	25.6564	-3.6088	-3.0739	-4.4710	-7.2250	-0.5406	0.3211	-0.5688	-0.5303	-1.3580	-0.4278	-0.6491	2.6914	-9.2041	2.0529	6.70632169564395	0	1	4	Jump	Normal
-2.2595	-9.4230	5.6306	-12.4269	-76.9303	-106.0920	-38.4679	24.2511	-3.3225	-5.3657	-0.3768	3.4650	-0.5451	0.3040	-0.5815	-0.5217	-0.0306	0.4201	-0.6768	3.1062	-9.0462	2.1656	-3.4182747396902613	0	1	4	PT	Normal
-1.3024	-12.1051	2.1452	-8.6427	-75.7876	-104.1953	-38.4810	23.5550	-3.8058	-3.9844	-2.9775	-0.2351	-0.5198	0.3293	-0.5925	-0.5199	-0.0392	0.9847	0.1573	2.6820	-9.1276	2.3803	1.1552797379424042	0	1	4	PT	Normal
0.1915	-9.3087	2.2984	-2.6846	-73.2640	-101.4763	-38.0964	23.5282	-6.2289	-1.8066	-0.1314	-0.5224	-0.4738	0.3630	-0.6123	-0.5185	0.4786	0.9506	-0.0185	1.9981	-9.1773	2.8208	-2.772344729766292	0	2	5	PT	Normal
-3.2178	-11.4539	2.4517	2.6224	-68.1253	-98.5588	-36.8313	23.6285	-9.4691	-4.4068	-2.4297	-1.1981	-0.4120	0.3797	-0.6361	-0.5306	0.9441	0.6310	0.8114	1.1890	-9.0242	3.6498	2.5571384155779686	0	2	5	PT	Normal
0.6512	-6.9336	0.0383	2.8964	-65.0127	-94.5187	-34.3858	24.3253	-12.0354	0.1597	1.9441	-4.0989	-0.3801	0.3803	-0.6284	-0.5622	-0.0179	0.9431	0.5292	0.4916	-8.8777	4.1372	-5.18308188631083	0	2	5	Jump	Normal
-1.0343	-6.9719	2.5283	4.3417	-59.9141	-93.1505	-32.8485	24.8712	-14.5495	-1.1290	1.5212	-2.3736	-0.3399	0.3668	-0.6418	-0.5814	0.9430	0.0835	0.0072	0.0947	-8.4931	4.9018	0.523736489061438	0	2	5	PT	Normal
-2.9874	-8.3887	6.0903	6.4746	-63.3956	-94.2396	-32.7132	23.9813	-15.0170	-3.1416	0.3923	1.7267	-0.3517	0.3922	-0.6427	-0.5563	-0.8349	0.3040	-0.8503	0.1543	-8.7810	4.3636	3.30030707046967	0	2	5	PT	Normal
-3.1789	-10.6871	1.6849	7.5965	-67.4752	-91.0232	-32.8715	24.0640	-14.4443	-2.8440	-1.6210	-2.0388	-0.3567	0.4276	-0.6177	-0.5552	-0.5665	-0.8103	0.7828	-0.3349	-9.0661	3.7237	0.48819186062286235	0	2	5	PT	Normal
-0.6512	-7.7381	1.3408	1.9255	-77.0289	-94.9534	-34.1870	24.3510	-11.3664	-1.4026	1.7891	-0.8591	-0.4500	0.4305	-0.5837	-0.5211	-0.7614	0.2007	-0.6958	0.7513	-9.5271	2.1998	-3.3960984894869233	0	2	5	PT	Normal
-1.0337	-7.6608	3.9067	-0.0976	-81.3636	-100.1356	-36.4792	24.7104	-7.2528	-2.7423	1.8829	2.4342	-0.5003	0.4179	-0.5811	-0.4872	0.2122	-1.0884	-0.9247	1.7086	-9.5437	1.4726	0.7809781552759079	0	2	5	PT	Normal
-0.1532	-4.0606	1.8387	-8.4578	-76.8401	-104.3594	-38.0717	22.8699	-5.6189	-2.8395	5.1089	-0.3696	-0.5250	0.3344	-0.5891	-0.5153	1.1795	1.7197	-1.0344	2.6863	-9.1695	2.2084	-4.201203469200628	0	2	5	Jump	Normal
-1.3402	-8.8484	3.9067	-7.5367	-79.8832	-107.3461	-39.0297	21.8517	-6.7211	-4.4341	0.2994	2.1991	-0.5460	0.3389	-0.5914	-0.4872	-0.3502	-0.8444	-0.6861	3.0939	-9.1478	1.7077	5.304736929365994	0	2	5	Jump	Normal
-0.8039	-10.3807	4.7112	-4.4234	-79.0996	-107.6897	-40.0330	21.0292	-5.8198	-3.8662	-1.2496	2.8623	-0.5313	0.3514	-0.6076	-0.4744	0.1259	0.5639	-0.7276	3.0623	-9.1310	1.8489	1.663195002581709	0	3	6	Walk	Normal
1.8387	-15.4761	5.5162	1.3709	-74.5885	-105.8730	-39.6199	20.6033	-8.1751	-0.6870	-6.3654	2.9109	-0.4777	0.3727	-0.6391	-0.4736	0.0940	0.5830	0.6934	2.5257	-9.1107	2.6053	5.1042988771063165	0	3	6	Run	Normal
-2.7575	-10.9936	1.3785	10.7762	-67.6230	-105.9096	-38.8163	20.6500	-10.3662	-4.5719	-2.0813	-2.2890	-0.3952	0.3960	-0.6917	-0.4566	1.5268	2.7434	-0.1580	1.8144	-8.9123	3.6675	-5.114685542490582	0	3	6	Run	Normal
0.7284	-7.7375	1.1103	6.5450	-65.7454	-100.6433	-36.4316	22.6828	-14.5970	-0.4715	1.1346	-2.8919	-0.3864	0.3829	-0.6651	-0.5115	0.6799	-1.2811	0.7038	1.1999	-8.8720	4.0022	-3.567054719602492	0	3	6	Run	Normal
-2.4134	-5.5162	2.4900	9.7392	-58.3603	-98.9503	-34.3589	23.0525	-16.7412	-2.8525	2.8666	-2.5802	-0.3211	0.3720	-0.6882	-0.5338	0.9185	-0.3895	0.3096	0.4392	-8.3828	5.0702	-1.3350190015981456	0	3	6	Walk	Normal
-1.1486	-6.5499	4.0983	9.8364	-57.3071	-98.4959	-32.6687	22.4837	-18.9620	-1.4729	1.7463	-1.1206	-0.3128	0.3689	-0.6892	-0.5396	-0.1084	-0.2052	-0.2337	0.3243	-8.2962	5.2189	1.2957067077269784	0	3	6	Walk	Normal
-3.6769	-9.3847	6.1669	11.1670	-59.3552	-100.2709	-33.5853	22.1969	-18.4131	-4.2286	-0.9101	1.2629	-0.3240	0.3807	-0.6946	-0.5173	-0.8168	0.0025	-1.0017	0.5517	-8.4746	4.9039	4.004902778100555	0	3	6	Run	Normal
-1.0337	-8.2738	2.7575	10.5361	-65.9800	-97.6058	-34.8928	22.5449	-17.1287	-1.4958	0.7015	-1.1669	-0.3573	0.4151	-0.6614	-0.5125	-0.8733	-0.7410	-0.1513	0.4621	-8.9753	3.9244	-3.0339500651004805	0	3	6	Walk	Normal
-0.8422	-9.1548	1.6849	7.9751	-73.2847	-97.9270	-36.0742	23.1983	-14.7044	-1.7499	0.2017	-1.1082	-0.4125	0.4330	-0.6310	-0.4942	-1.2237	-0.2574	-0.4943	0.9077	-9.3565	2.7931	0.5643192162256767	0	3	6	Walk	Normal
0.5369	-7.4693	3.2938	0.7080	-80.7239	-101.4079	-37.9905	23.7188	-10.7668	-1.3583	2.0219	1.7132	-0.4982	0.4138	-0.5922	-0.4795	-1.0469	-1.7829	-0.9535	1.8952	-9.4912	1.5806	-1.16563760195932	0	3	6	Walk	Normal
-0.3065	-5.5545	3.1029	-3.7665	-80.0701	-104.5203	-39.1429	23.3081	-7.0379	-2.8358	3.7689	1.4156	-0.5238	0.3736	-0.5922	-0.4851	0.7960	-0.1924	-0.8544	2.5293	-9.3235	1.6873	-1.8111385613891118	0	4	7	Walk	Normal
-0.9577	-12.1434	-3.9073	-3.6955	-76.3003	-106.8807	-40.3399	22.0203	-9.8277	-3.8675	-3.0697	-6.2249	-0.5110	0.3474	-0.6195	-0.4842	-0.3992	-1.7999	-0.6818	2.9099	-9.0737	2.3176	6.422629402605302	0	4	7	Run	Normal
-0.2682	-9.6534	3.5626	-6.1328	-76.8898	-108.9141	-41.5728	21.0913	-9.1225	-3.5889	-0.6951	1.3509	-0.5295	0.3268	-0.6170	-0.4817	-0.0583	-0.2904	-0.6083	3.3208	-8.9584	2.2116	-2.4991253716592237	0	4	7	Walk	Normal
0.1155	-9.3464	3.0640	-5.8171	-78.3422	-110.5215	-42.4025	19.1594	-8.7610	-3.4394	-0.4218	1.0927	-0.5408	0.3271	-0.6180	-0.4675	-0.5356	-0.4055	-0.4784	3.5549	-8.9245	1.9713	-0.45681299353535465	0	4	7	Walk	Normal
1.9543	-11.7597	4.9027	-4.5730	-79.6398	-112.4095	-43.1688	18.9432	-6.9423	-1.8533	-2.8950	3.1448	-0.5488	0.3304	-0.6236	-0.4481	-0.1212	-0.3714	-0.5657	3.8075	-8.8647	1.7579	3.0532798599997477	0	4	7	Walk	Normal
-0.4208	-11.0702	1.1486	-0.5393	-79.4334	-109.8805	-42.3812	18.2810	-8.0498	-3.7149	-2.0101	-0.6496	-0.5251	0.3641	-0.6279	-0.4443	-0.2032	1.1849	0.4250	3.2941	-9.0601	1.7982	-1.7521951237758753	0	4	7	Walk	Normal
-0.7661	-10.7643	2.4517	6.7130	-76.8186	-105.7101	-41.0323	19.4649	-9.5151	-3.0997	-1.5019	0.2307	-0.4667	0.4111	-0.6455	-0.4434	0.4924	0.9388	0.4356	2.3336	-9.2624	2.2209	-0.07105795134414983	0	4	7	Upright	Normal
0.6135	-9.1165	1.1486	11.3848	-72.8268	-104.3488	-36.9390	21.1935	-12.7614	-1.1546	0.1024	-1.6899	-0.4176	0.4253	-0.6686	-0.4446	0.8226	0.6864	0.0024	1.7681	-9.2189	2.8385	-1.8574917033094778	0	0	7	Upright	Normal
0.3831	-7.5082	0.8428	13.2403	-71.5967	-103.6059	-34.4830	22.3170	-14.4262	-1.1166	1.7027	-2.1709	-0.3988	0.4328	-0.6749	-0.4452	0.0450	-0.3927	0.1004	1.4997	-9.2109	3.0137	-1.6439691025648484	0	0	7	Upright	Normal
-1.3408	-9.0022	1.9920	19.1562	-74.9620	-102.7888	-32.6708	22.3071	-12.7768	-2.6228	0.4185	-0.4115	-0.3865	0.4776	-0.6747	-0.4091	-0.2480	0.6140	-0.3172	1.2821	-9.4207	2.4035	1.7518814518624355	0	1	8	PT	Normal
-1.0337	-8.3121	1.2252	19.2093	-75.2565	-103.8153	-32.4158	23.0663	-13.2647	-2.5009	1.0936	-1.1314	-0.3922	0.4754	-0.6774	-0.4016	-0.2373	0.3903	-0.7380	1.4672	-9.4056	2.3566	-0.8516802093054636	0	1	8	PT	Normal
-2.2212	-8.6185	1.8765	26.3263	-78.7154	-103.8355	-32.3174	23.2387	-13.8568	-3.6946	0.9231	0.1565	-0.3774	0.5195	-0.6817	-0.3507	-0.7721	0.3498	-0.5079	1.4733	-9.5416	1.7199	0.6305346182922698	0	1	8	PT	Normal
1.3797	-8.2738	0.3442	17.1258	-81.8894	-103.0546	-32.3371	23.4514	-11.9753	-0.4163	1.2760	-0.9780	-0.4374	0.4912	-0.6455	-0.3883	0.0887	0.3104	-0.5184	1.7960	-9.5497	1.3222	-0.7006904862931957	0	1	8	PT	Normal
-1.6466	-9.4613	1.8381	23.0062	-80.5664	-105.1830	-32.6312	22.3846	-12.6078	-3.5739	0.0397	0.3587	-0.4109	0.5057	-0.6721	-0.3517	0.3987	-0.6846	-0.2499	1.9273	-9.5009	1.4795	1.3827307908923405	0	1	8	PT	Normal
-0.0760	-9.3464	0.8039	19.6838	-80.7713	-104.8441	-31.9748	22.7927	-12.4986	-2.0438	0.1460	-0.6770	-0.4265	0.4925	-0.6623	-0.3699	-0.1457	0.4414	-0.4577	1.9677	-9.4924	1.4808	-0.3966202993823664	0	1	8	Upright	Normal
-0.4208	-9.3847	1.6466	20.8217	-81.7581	-105.2983	-31.9528	22.9329	-12.8202	-2.4994	0.1086	0.3326	-0.4288	0.4991	-0.6629	-0.3571	-0.0946	0.0739	-0.4193	2.0786	-9.4933	1.3140	0.15612845720803037	0	1	8	Upright	Normal
-0.7655	-9.4996	0.9188	20.4125	-81.6313	-105.7960	-31.8882	23.1484	-12.5983	-2.9275	-0.0281	-0.4188	-0.4322	0.4950	-0.6639	-0.3569	-0.0583	0.0110	-0.3693	2.1620	-9.4715	1.3376	0.037235216282859085	0	1	8	Upright	Normal
-0.7655	-9.4613	1.0337	21.0826	-81.2893	-105.8763	-31.8237	23.1728	-13.2179	-2.9034	0.0087	-0.3519	-0.4274	0.4967	-0.6671	-0.3545	0.1036	0.0771	-0.3219	2.1379	-9.4700	1.3856	-0.026244427497488232	0	1	8	Upright	Normal
-0.3065	-9.4619	0.8428	21.4247	-81.5055	-105.8270	-31.2679	22.7878	-13.1493	-2.4425	0.0139	-0.5056	-0.4268	0.4991	-0.6669	-0.3521	-0.0882	0.1324	-0.3517	2.1361	-9.4758	1.3484	-0.04403171964898078	0	1	8	Upright	Normal
-0.3825	-9.5379	1.0337	21.4002	-81.5341	-105.8732	-31.8067	22.1475	-13.1158	-2.5287	-0.0637	-0.3105	-0.4273	0.4989	-0.6669	-0.3518	0.0077	-0.0231	-0.3262	2.1463	-9.4742	1.3442	0.0970693959911113	1	1	9	Upright	Normal
-0.6512	-9.4619	0.9960	21.0023	-81.8863	-105.6178	-31.3593	22.3537	-12.9610	-2.7872	0.0218	-0.2961	-0.4301	0.4992	-0.6639	-0.3538	-0.0338	-0.1211	-0.3027	2.1359	-9.4837	1.2921	-0.06493706982169911	1	1	9	Upright	Normal
-0.7272	-9.4996	0.9954	20.7891	-82.1583	-105.3315	-31.5350	22.1457	-13.0794	-2.8379	-0.0048	-0.2554	-0.4314	0.5001	-0.6614	-0.3554	0.0173	-0.0380	-0.3070	2.1106	-9.4948	1.2508	0.04281428520143038	1	1	9	Upright	Normal
-0.6506	-9.5762	0.9954	20.6131	-82.5091	-105.0439	-31.9355	22.2144	-13.1218	-2.7396	-0.0696	-0.2011	-0.4330	0.5015	-0.6588	-0.3564	-0.0456	-0.0827	-0.3038	2.0889	-9.5066	1.1965	0.07050028273429376	1	1	9	Upright	Normal
-0.7278	-9.5385	1.0343	20.5630	-82.8628	-104.9083	-31.5147	22.0589	-12.6058	-2.8177	-0.0251	-0.1064	-0.4347	0.5029	-0.6569	-0.3559	-0.0232	-0.0114	-0.3496	2.0898	-9.5134	1.1407	-0.02777388115737267	1	1	9	Upright	Normal
-0.7278	-9.4619	0.9960	20.4524	-83.0143	-104.7868	-31.6959	22.5574	-12.9323	-2.8091	0.0561	-0.1215	-0.4355	0.5033	-0.6556	-0.3565	-0.0519	-0.0039	-0.3326	2.0813	-9.5180	1.1175	-0.08000398737476822	1	1	9	Upright	Normal
-0.8039	-9.3464	1.1103	20.4231	-83.0495	-104.6406	-32.0491	22.6789	-13.3770	-2.8636	0.1769	-0.0018	-0.4352	0.5038	-0.6550	-0.3574	-0.0093	-0.0337	-0.3198	2.0598	-9.5232	1.1121	-0.09558681452849527	1	1	9	Upright	Normal
-0.8045	-9.4619	1.0343	20.3899	-83.0893	-104.4386	-31.3146	22.4797	-12.9533	-2.8337	0.0687	-0.0717	-0.4347	0.5046	-0.6541	-0.3585	0.0290	-0.0604	-0.2974	2.0292	-9.5306	1.1060	0.10581442671635166	1	1	9	Upright	Normal
-0.8811	-9.4619	1.0726	20.5458	-83.1905	-104.3624	-31.6605	22.6075	-12.8896	-2.9010	0.0726	-0.0162	-0.4342	0.5059	-0.6539	-0.3577	0.0098	-0.0029	-0.3236	2.0200	-9.5345	1.0888	0.01097604932972196	1	1	9	Upright	Normal
-0.6889	-9.4613	1.0720	20.5334	-83.3498	-104.1376	-31.7457	23.0520	-12.7319	-2.6818	0.0817	0.0085	-0.4342	0.5072	-0.6526	-0.3583	-0.0211	-0.0092	-0.3172	1.9929	-9.5430	1.0635	-0.0164517856755122	1	1	9	Upright	Normal
-0.5363	-9.4619	0.9577	20.3926	-83.3467	-104.0841	-31.3563	22.9577	-12.8404	-2.5226	0.0823	-0.1073	-0.4346	0.5068	-0.6520	-0.3594	-0.0211	-0.0689	-0.3076	1.9863	-9.5442	1.0650	-0.021372025938081407	2	1	10	Upright	Normal
-0.8045	-9.4236	0.9577	20.3719	-83.5368	-103.9487	-31.6024	22.7365	-12.5224	-2.7803	0.1261	-0.0771	-0.4352	0.5078	-0.6508	-0.3594	-0.0072	-0.0242	-0.3215	1.9758	-9.5497	1.0347	-0.019110526534454664	2	1	10	Upright	Normal
-0.8039	-9.4230	1.0720	20.3686	-83.6257	-103.7541	-31.1558	22.7262	-11.9627	-2.7529	0.1338	0.0515	-0.4349	0.5088	-0.6499	-0.3601	-0.0360	0.0003	-0.3108	1.9490	-9.5568	1.0205	0.011549830824767682	2	1	10	Upright	Normal
-0.7272	-9.4996	0.8805	20.3190	-83.5205	-103.6855	-31.9187	22.3745	-12.7216	-2.6591	0.0588	-0.1573	-0.4342	0.5085	-0.6499	-0.3613	0.0162	-0.0018	-0.3215	1.9318	-9.5584	1.0377	0.05020141257256938	2	1	10	Upright	Normal
-0.6129	-9.5768	0.9577	20.3661	-83.5972	-103.5855	-31.6358	22.2124	-12.9258	-2.5320	-0.0145	-0.0675	-0.4340	0.5093	-0.6494	-0.3612	-0.0232	0.0238	-0.3367	1.9191	-9.5623	1.0252	0.07606851417963689	2	1	10	Upright	Normal
-0.7278	-9.5002	0.9960	20.3693	-83.6039	-103.5018	-31.0064	22.5571	-12.4045	-2.6333	0.0649	-0.0281	-0.4336	0.5097	-0.6492	-0.3617	-0.0008	-0.0049	-0.3164	1.9055	-9.5651	1.0241	-0.06410869451577206	2	1	10	Upright	Normal
-0.7272	-9.4613	1.0337	20.4221	-83.6314	-103.4275	-31.7232	23.5367	-13.0845	-2.6212	0.1067	0.0144	-0.4332	0.5103	-0.6490	-0.3617	0.0130	-0.0166	-0.3132	1.8940	-9.5680	1.0193	-0.0346119015001598	2	1	10	Upright	Normal
-0.8422	-9.4996	0.9571	20.5051	-83.6577	-103.3844	-31.6357	23.1390	-13.0470	-2.7291	0.0702	-0.0575	-0.4327	0.5109	-0.6490	-0.3614	-0.0253	-0.0134	-0.3239	1.8869	-9.5698	1.0145	0.039424655591247415	2	1	10	Upright	Normal
-0.7272	-9.3847	1.0720	20.5945	-83.6173	-103.4047	-31.8280	22.8564	-12.7065	-2.6134	0.1847	0.0516	-0.4322	0.5111	-0.6494	-0.3610	0.0045	0.0196	-0.3260	1.8862	-9.5693	1.0204	-0.11108747173962641	2	1	10	Upright	Normal
-0.7272	-9.4613	1.0720	20.6548	-83.5780	-103.3980	-31.6865	22.9177	-13.0000	-2.6088	0.1083	0.0456	-0.4316	0.5112	-0.6497	-0.3609	0.0002	-0.0125	-0.3163	1.8815	-9.5696	1.0264	0.0758863710568054	3	1	11	Upright	Normal
Total time: 11 seconds.
