-1.1486	9.8839	-0.5369	-79.1811	142.3905	-75.9797	-14.3557	-13.6382	24.7867	-0.0251	0.2515	0.9215	0.2871	-0.7014	-0.6284	0.1756	0.1754	0.3208	-0.1049	-1.1235	9.6323	-1.4584	-0.04332463451719626	6	0	1	Upright	Normal
-1.3018	9.8839	-0.4603	-78.7052	139.1763	-80.7109	-15.2225	-13.9709	24.2584	-0.0461	0.2673	0.9933	0.3007	-0.6955	-0.6275	0.1793	0.0412	0.2420	-0.2007	-1.2558	9.6166	-1.4536	0.014992192984919939	6	0	1	Upright	Normal
-2.1446	13.3315	-2.4140	-77.4664	131.3533	-89.1084	-14.7508	-13.7252	24.5101	-0.5471	3.7586	-1.0078	0.3151	-0.6873	-0.6317	0.1711	0.1893	0.3379	-0.3850	-1.5975	9.5729	-1.4061	3.7371007426021166	6	0	1	Upright	Normal
-2.1063	8.1983	-3.4866	-78.3018	129.1539	-86.3616	-14.2082	-13.8284	24.6357	-0.5643	-1.4045	-2.2309	0.2816	-0.6962	-0.6436	0.1474	-0.3114	-1.2217	0.1348	-1.5420	9.6028	-1.2556	-4.562474601196046	6	0	1	Upright	Normal
-0.5746	9.9599	-0.5363	-75.5869	139.2675	-73.7879	-12.8875	-13.9366	25.8939	1.0183	0.4619	1.3135	0.2742	-0.7205	-0.6246	0.1250	0.8572	-0.5676	0.3106	-1.5929	9.4979	-1.8498	0.8363577483144979	6	0	1	Upright	Normal
-2.2984	7.7764	-1.8387	-77.4285	138.9549	-69.7924	-12.2558	-13.4256	26.6581	-0.8968	-1.7951	-0.2288	0.2382	-0.7248	-0.6369	0.1107	-0.4690	-0.2086	0.1757	-1.4017	9.5714	-1.6100	-1.6760677128662635	6	0	1	Upright	Normal
-0.9960	9.9216	-2.2984	-76.1524	147.1290	-63.1626	-13.0098	-13.8179	26.5873	0.2780	0.4000	-0.3270	0.2468	-0.7346	-0.6205	0.1200	0.5047	0.0577	0.1938	-1.2740	9.5216	-1.9715	1.9181302490946521	6	0	1	Upright	Normal
-2.3744	12.6803	-1.5329	-76.5597	146.6073	-63.0144	-12.5883	-13.1007	27.5625	-1.1199	3.1422	0.3702	0.2412	-0.7341	-0.6238	0.1178	-0.4008	-0.1745	0.1395	-1.2546	9.5381	-1.9031	2.7585139585996394	6	0	1	Upright	Normal
0.8434	11.9908	-6.6277	-77.6434	147.3505	-66.3757	-13.5023	-14.5351	26.1250	1.9755	2.4114	-4.8607	0.2618	-0.7222	-0.6234	0.1461	-0.0013	1.9645	-0.0714	-1.1322	9.5794	-1.7671	0.7350658445922988	6	0	1	Upright	Normal
2.8347	9.0022	-3.3710	-76.3221	161.8731	-57.3457	-15.6397	-14.7745	26.2270	3.5563	-0.5263	-1.1672	0.2872	-0.7279	-0.5948	0.1841	0.1425	0.1781	-0.2461	-0.7216	9.5285	-2.2039	-3.7045929663284376	6	0	1	Upright	Normal
-0.6512	8.4276	-1.4940	-76.8472	166.9989	-51.7918	-15.3755	-14.8516	25.5407	-0.1492	-1.1217	0.6803	0.2767	-0.7310	-0.5942	0.1899	-0.3274	0.3560	0.1162	-0.5020	9.5493	-2.1742	-1.438177842897506	6	1	2	PT	Normal
-0.8811	6.1675	-1.2641	-77.0358	167.1168	-54.5940	-16.5242	-16.4302	25.5226	-0.3906	-3.3891	0.8805	0.2945	-0.7229	-0.5902	0.2058	0.3053	0.2548	-0.0884	-0.4905	9.5566	-2.1446	-2.226666534978974	6	1	2	PT	Normal
-0.1532	8.5808	-1.1492	-76.2859	164.0219	-58.0861	-16.3829	-15.7888	24.9705	0.4868	-0.9462	1.0859	0.3031	-0.7226	-0.5878	0.2014	-0.0238	0.0161	-0.2897	-0.6400	9.5270	-2.2351	2.3016975660976735	6	1	2	PT	Normal
-0.1526	14.0977	-2.4906	-76.7664	156.0219	-65.6380	-15.8308	-15.3929	25.3795	0.7597	4.5515	-0.4393	0.3072	-0.7143	-0.5987	0.1923	-0.1730	-0.5197	-0.4729	-0.9123	9.5461	-2.0512	5.658058780539697	6	1	2	Jump	Normal
-1.9531	8.3899	-1.9160	-76.9351	146.6986	-68.8105	-13.6325	-16.9707	25.7294	-0.7359	-1.1628	-0.0631	0.2768	-0.7196	-0.6185	0.1517	-0.2624	-1.0331	0.1140	-1.2172	9.5527	-1.8528	-5.492084068585063	6	1	2	Jump	Normal
-2.9108	10.1137	-4.7507	-76.7118	133.8305	-75.3429	-10.4621	-17.7093	25.3872	-1.2846	0.5697	-3.1897	0.2483	-0.7197	-0.6398	0.1055	-0.0898	-0.5463	-0.4615	-1.6261	9.5440	-1.5610	2.722067962415636	6	1	2	PT	Normal
-0.7655	7.8919	0.2292	-73.3129	142.2242	-63.5095	-9.2339	-17.2515	25.6656	0.9595	-1.5018	2.4551	0.2351	-0.7471	-0.6170	0.0765	0.8498	-0.5282	0.5111	-1.7250	9.3937	-2.2259	-3.614559282908881	6	1	2	Jump	Normal
-0.8805	5.2104	-2.6821	-75.5575	143.2178	-59.4877	-9.0602	-16.2280	26.6916	0.5842	-4.2862	-0.7230	0.2043	-0.7471	-0.6285	0.0719	-0.4925	0.0087	0.1840	-1.4647	9.4966	-1.9591	-2.006273647801339	6	1	2	PT	Normal
-3.0640	11.9141	-2.2224	-73.5852	144.3889	-58.0327	-8.0726	-16.9368	26.2406	-1.4503	2.5073	0.0307	0.2097	-0.7556	-0.6174	0.0625	0.3768	0.0225	-0.1420	-1.6137	9.4068	-2.2531	6.57493952363566	6	1	2	Jump	Normal
-1.9531	13.2549	-4.1378	-75.2644	140.7405	-62.0921	-8.4655	-17.0230	27.0068	-0.3744	3.7709	-2.2063	0.2090	-0.7449	-0.6299	0.0687	-0.3795	0.6660	0.0008	-1.5787	9.4840	-1.9315	1.5215064964331635	6	1	2	PT	Normal
1.9543	8.2367	-3.4482	-74.6362	156.3921	-53.3220	-9.9947	-17.0606	25.7387	2.9948	-1.2194	-1.0674	0.2385	-0.7513	-0.6033	0.1209	-0.0461	0.5211	0.0615	-1.0406	9.4560	-2.3809	-4.881712483816106	6	2	3	Jump	Normal
-0.5357	10.3052	-1.7244	-75.2240	158.6978	-55.2977	-11.6952	-16.9398	25.9540	0.3729	0.8230	0.6059	0.2613	-0.7420	-0.5992	0.1486	0.1659	0.3677	-0.1590	-0.9086	9.4822	-2.3303	1.3214908195657333	6	2	3	PT	Normal
-0.9954	6.9725	-1.2647	-76.1400	160.1139	-56.9267	-12.2042	-18.1334	25.4351	-0.1963	-2.5485	0.9444	0.2760	-0.7324	-0.5987	0.1700	-0.4147	0.5882	0.0892	-0.7991	9.5210	-2.2091	-3.3063622528721757	6	2	3	PT	Normal
-0.1526	8.4282	-0.4603	-75.3757	162.3276	-57.5307	-13.7990	-17.8754	25.7491	0.5990	-1.0606	1.8989	0.2940	-0.7307	-0.5881	0.1842	0.1627	0.1727	0.0083	-0.7516	9.4888	-2.3592	1.286299513973268	6	2	3	PT	Normal
-0.9188	10.8415	-1.6861	-76.4255	161.1491	-59.0229	-13.8186	-18.0895	25.6955	-0.1751	1.3089	0.4922	0.2937	-0.7244	-0.5944	0.1886	0.0476	0.0364	-0.1451	-0.7437	9.5327	-2.1783	2.5680949098676145	6	2	3	PT	Normal
-0.8422	15.1320	-3.2567	-76.1553	152.5797	-66.8569	-12.6810	-18.3388	25.6676	0.2385	5.6102	-1.1738	0.2993	-0.7188	-0.6028	0.1744	-0.0952	-0.2757	-0.4602	-1.0807	9.5217	-2.0830	4.4911470929867985	6	2	3	Jump	Normal
-1.4168	8.0451	-1.6095	-76.6141	147.0890	-67.1692	-11.4586	-17.9411	25.6071	-0.1832	-1.4950	0.2964	0.2700	-0.7241	-0.6182	0.1437	-0.2944	-1.3282	0.4123	-1.2336	9.5401	-1.9059	-7.175430792942102	6	2	3	Jump	Normal
-0.9188	9.3476	-0.9966	-74.0278	145.6422	-64.0096	-9.7787	-18.1130	25.3912	0.6042	-0.0805	1.2312	0.2535	-0.7411	-0.6127	0.1048	0.7687	-0.4824	-0.1619	-1.5230	9.4281	-2.2278	1.119420439694407	6	2	3	PT	Normal
-0.7661	6.5505	0.1149	-73.4412	151.0902	-54.7494	-8.9645	-17.1642	26.6742	0.5851	-2.8494	2.5616	0.2244	-0.7579	-0.6062	0.0885	0.0699	-0.9170	0.4996	-1.3512	9.3999	-2.4467	-2.849223456932771	6	2	3	PT	Normal
-1.3791	6.7421	-2.9497	-75.9022	146.9966	-57.1892	-8.4832	-17.2664	25.5766	-0.0780	-2.7692	-0.9463	0.2085	-0.7474	-0.6249	0.0856	-0.0387	-0.1085	-0.0085	-1.3011	9.5113	-2.0033	0.8910788477984148	6	3	4	Walk	Normal
-3.3321	12.9101	-0.9200	-72.5632	151.1390	-53.0795	-8.5706	-17.0997	27.6568	-1.9136	3.5542	1.6536	0.2169	-0.7643	-0.6025	0.0763	0.5631	0.1333	0.2417	-1.4186	9.3559	-2.5736	5.877652045270491	6	3	4	Run	Normal
-1.7621	13.4841	-3.7158	-74.9753	147.3664	-57.1720	-8.6406	-17.0573	27.2343	-0.3912	4.0128	-1.5748	0.2142	-0.7505	-0.6195	0.0837	-0.9325	0.9834	-0.1748	-1.3710	9.4713	-2.1410	0.7323955114582539	6	3	4	Walk	Normal
2.1841	7.7387	-3.7164	-74.0024	162.8310	-48.8648	-10.1571	-17.6280	26.6744	2.9820	-1.6882	-1.1341	0.2448	-0.7561	-0.5911	0.1376	-0.1985	0.4934	-0.1492	-0.7979	9.4269	-2.5823	-5.238978411240154	6	3	4	Run	Normal
-0.9188	9.5391	-0.4986	-74.3090	164.3469	-48.2111	-11.6670	-17.5412	26.9122	-0.2031	0.0980	2.0553	0.2474	-0.7543	-0.5905	0.1453	0.2830	-0.0169	0.1565	-0.7157	9.4411	-2.5539	0.7379131602365447	6	3	4	Walk	Normal
-1.4557	5.7844	-1.1109	-77.6969	165.4048	-50.5847	-12.5250	-18.2197	26.2700	-0.9291	-3.7969	0.9113	0.2580	-0.7325	-0.6048	0.1764	-0.2135	0.5871	0.0223	-0.5266	9.5813	-2.0222	-3.5288825469057254	6	3	4	Run	Normal
0.1532	8.1977	-0.8045	-75.1772	171.0563	-46.0345	-13.3177	-17.9164	25.8127	0.5433	-1.2825	1.6740	0.2651	-0.7457	-0.5839	0.1809	0.5866	0.0694	0.2430	-0.3901	9.4803	-2.4784	2.171179230007807	6	3	4	Walk	Normal
0.1538	12.5654	-1.8393	-75.4731	172.0307	-45.7115	-14.0444	-17.5624	26.3395	0.4949	3.0724	0.5968	0.2672	-0.7435	-0.5840	0.1865	0.0113	0.2420	-0.2438	-0.3410	9.4930	-2.4361	4.461729393195755	6	3	4	Run	Normal
-0.2676	15.2469	-4.2527	-76.3787	162.3539	-54.7637	-12.6412	-18.1340	26.7165	0.4326	5.7162	-2.0518	0.2730	-0.7333	-0.5979	0.1739	0.0231	-0.2821	-0.5623	-0.7002	9.5307	-2.2009	3.130906003543215	6	3	4	Walk	Normal
-1.3018	7.4705	-4.3676	-77.9501	147.5090	-62.9520	-10.1176	-18.5247	26.2434	-0.2022	-2.1201	-2.6408	0.2396	-0.7284	-0.6286	0.1298	-1.0241	-0.9682	-0.0563	-1.0997	9.5906	-1.7268	-7.080198793847115	6	3	4	Run	Normal
-1.3785	9.2326	-0.4220	-74.9112	143.8164	-62.2570	-8.7837	-19.7207	26.1768	0.1287	-0.2358	1.6385	0.2284	-0.7436	-0.6223	0.0878	1.0787	-0.2310	-0.1554	-1.5071	9.4685	-2.0605	0.5935353055608843	6	4	5	Walk	Normal
0.1155	4.6358	-2.0692	-74.4291	153.0554	-50.4304	-7.0944	-18.0508	27.5424	1.3084	-4.8108	0.2776	0.2025	-0.7607	-0.6112	0.0827	-0.6257	-0.1181	0.2045	-1.1929	9.4466	-2.3468	-4.266527780122726	6	4	5	Run	Normal
-2.0680	8.6197	-2.8353	-76.1064	147.9040	-54.9698	-7.0902	-18.8127	27.3709	-0.8167	-0.8999	-0.8404	0.1981	-0.7500	-0.6260	0.0803	0.0848	-0.0435	-0.0949	-1.2513	9.5196	-1.9950	4.2287571420569785	6	4	5	Run	Normal
-2.8341	14.4041	-0.6135	-73.2311	150.8095	-53.7427	-7.8995	-18.5216	27.1555	-1.4542	5.0145	1.8566	0.2170	-0.7608	-0.6063	0.0805	0.7527	0.5232	0.3962	-1.3800	9.3896	-2.4701	5.3863739846068	6	4	5	Run	Normal
-0.7655	12.1440	-4.9039	-77.3956	150.1353	-55.8652	-8.7766	-18.9850	27.9744	0.3002	2.5738	-3.0480	0.2109	-0.7417	-0.6279	0.1053	-0.8505	1.1624	-0.0107	-1.0657	9.5702	-1.8560	-1.5739736416053987	6	4	5	Walk	Normal
1.8771	8.1594	-3.4860	-76.1761	160.2248	-52.4288	-10.4150	-20.3220	27.1903	2.6698	-1.3630	-1.2809	0.2475	-0.7424	-0.6049	0.1472	0.0848	0.6638	-0.4400	-0.7928	9.5225	-2.2051	-4.04984507364893	6	4	5	Run	Normal
-1.3791	9.5385	1.0726	-77.4581	160.3492	-53.3431	-11.3963	-19.6908	25.9806	-0.6629	-0.0341	3.0782	0.2496	-0.7348	-0.6106	0.1578	-0.4638	0.1440	0.2192	-0.7162	9.5726	-2.0056	0.6279216695657563	6	4	5	Walk	Normal
-1.6855	5.2864	-0.9960	-80.6016	153.3461	-64.1981	-12.3773	-21.0913	25.6754	-0.9671	-4.3886	0.4353	0.2681	-0.7079	-0.6266	0.1855	0.1945	0.3144	-0.0045	-0.7184	9.6750	-1.4313	-4.05990132184529	6	4	5	Run	Normal
-0.0766	8.6574	-0.0766	-78.9855	153.5593	-64.0880	-12.8621	-21.1042	25.6945	0.7576	-0.9685	1.6010	0.2753	-0.7140	-0.6184	0.1789	0.0337	-0.2129	-0.1451	-0.8342	9.6259	-1.6776	3.020795744178228	6	4	5	Walk	Normal
0.1538	13.5997	-1.4563	-79.7824	148.0888	-69.8416	-11.7188	-20.9389	26.3107	1.0734	3.9486	0.0204	0.2777	-0.7058	-0.6263	0.1800	-0.0675	-0.0435	-0.3081	-0.9195	9.6510	-1.4766	5.02023722975532	6	4	5	Run	Normal
-2.7575	11.7609	-0.8051	-79.1232	135.0928	-79.3744	-10.5582	-21.0789	26.3585	-1.4512	2.1305	0.5056	0.2678	-0.7036	-0.6410	0.1493	-0.1794	-0.7114	-0.1483	-1.3063	9.6304	-1.3107	-1.5716743452283275	6	5	6	Walk	Normal
-1.6849	7.9685	-4.8656	-79.0550	126.6618	-82.4893	-8.5249	-22.1688	26.4585	-0.1912	-1.6596	-3.7538	0.2396	-0.7066	-0.6559	0.1147	-0.2039	-0.7274	-0.2804	-1.4937	9.6281	-1.1118	-2.619283519867839	6	5	6	Walk	Normal
-1.0337	9.3093	0.8805	-75.4800	136.8614	-67.9002	-5.8608	-21.7610	26.3987	0.6475	-0.1841	2.6746	0.2241	-0.7357	-0.6345	0.0767	1.3631	0.0257	0.1959	-1.6812	9.4933	-1.7942	-0.07954715033909388	0	5	6	Upright	Normal
-1.1486	4.4059	-1.3797	-76.4240	142.8656	-57.1787	-5.9927	-20.5688	28.4263	0.2411	-5.1266	0.4556	0.1835	-0.7483	-0.6346	0.0609	-0.6332	-0.4089	0.2630	-1.3897	9.5325	-1.8353	-4.650204718175965	0	0	6	Upright	Normal
-2.4128	11.4162	-2.8353	-75.3598	141.3426	-57.2184	-5.5252	-21.5734	27.8102	-0.8645	1.9279	-0.8998	0.1800	-0.7525	-0.6318	0.0462	0.5493	-0.0872	-0.2344	-1.5483	9.4882	-1.9356	7.2503147570040145	0	0	6	Upright	Normal
-3.9834	13.2549	-0.7284	-74.7722	142.7657	-53.4379	-5.1610	-19.6720	29.2619	-2.4247	3.7927	1.3223	0.1654	-0.7597	-0.6280	0.0321	-0.2710	-1.0065	0.4644	-1.5586	9.4622	-2.0508	1.8517485886694782	0	0	6	Upright	Normal
1.6095	12.4504	-5.0188	-76.2136	146.8340	-52.6246	-5.2252	-21.3731	28.0413	2.8880	2.9265	-3.0625	0.1764	-0.7541	-0.6297	0.0609	0.3842	0.7224	0.0702	-1.2785	9.5240	-1.9564	-0.3396350213621595	0	0	6	Upright	Normal
0.8051	8.1983	-1.8010	-78.1479	153.1155	-48.2784	-6.4201	-22.4516	27.8605	1.7159	-1.3991	-0.0045	0.1751	-0.7490	-0.6333	0.0860	-1.0785	0.4295	-0.2112	-0.9108	9.5975	-1.7965	-5.087719885302176	0	0	6	Upright	Normal
-0.7278	9.2320	-0.1915	-81.7539	145.1939	-58.0233	-7.2831	-24.1946	26.3453	0.0751	-0.4732	0.9634	0.1787	-0.7259	-0.6558	0.1051	-0.3264	0.0992	0.1861	-0.8030	9.7052	-1.1549	0.8303097893032074	0	0	6	Upright	Normal
-1.3018	5.4402	0.2292	-82.4658	135.5425	-69.1062	-8.0567	-25.1997	25.5887	-0.4012	-4.2817	1.1471	0.1895	-0.7148	-0.6639	0.1117	0.0081	0.2409	-0.1633	-0.9007	9.7220	-0.9179	-3.664142505174688	0	0	6	Upright	Normal
-0.9577	8.8873	0.2682	-81.8551	132.8963	-71.6364	-7.1273	-25.1220	25.8773	0.0603	-0.8203	1.2140	0.1931	-0.7148	-0.6636	0.1066	0.2414	-0.1298	-0.0355	-1.0180	9.7076	-0.9459	3.3442933064806546	0	1	7	PT	Normal
-1.2641	11.1091	0.5363	-81.3363	133.4972	-69.8282	-7.1521	-24.4821	26.8484	-0.1924	1.4144	1.5532	0.1879	-0.7187	-0.6624	0.0972	0.1285	-0.1799	-0.0653	-1.0717	9.6947	-1.0169	2.250870100992623	0	1	7	PT	Normal
-1.2641	13.2543	-0.4980	-81.4618	119.6839	-82.2302	-6.1021	-24.2136	27.4127	0.0007	3.5564	0.2231	0.1839	-0.7092	-0.6754	0.0842	0.0038	-0.1788	-0.3199	-1.2649	9.6979	-0.7211	2.1301096545365787	0	1	7	PT	Normal
-0.5740	8.8879	-4.3676	-81.3913	113.8394	-87.9992	-4.4664	-24.7083	27.9433	0.7687	-0.8082	-3.7743	0.1853	-0.7042	-0.6805	0.0818	-0.7717	0.4444	-0.0599	-1.3427	9.6961	-0.5933	-3.4040677444164835	0	1	7	PT	Normal
-0.1909	9.1943	-1.8777	-80.4899	127.8898	-72.2419	-4.9728	-25.5264	27.7967	1.0879	-0.4775	-0.8826	0.1750	-0.7212	-0.6665	0.0713	0.4875	-1.3090	0.1393	-1.2788	9.6718	-0.9951	-0.5336676983245479	0	1	7	PT	Normal
-0.6123	7.4322	-1.8393	-80.0470	128.9703	-69.1337	-3.8584	-25.6140	29.0925	0.7055	-2.2268	-0.7733	0.1640	-0.7263	-0.6651	0.0577	-0.2092	0.1738	-0.1452	-1.3179	9.6590	-1.0660	-1.7051637899020529	0	1	7	PT	Normal
-1.0720	8.8879	-1.4180	-79.3717	127.4458	-71.3440	-4.0970	-27.2865	28.6171	0.3641	-0.7504	-0.3181	0.1727	-0.7254	-0.6638	0.0571	-0.1847	0.1994	-0.1846	-1.4361	9.6383	-1.0998	1.3830670220270092	0	1	7	PT	Normal
-1.9914	8.3516	-2.1458	-78.8575	119.2664	-81.8101	-3.9659	-26.6539	28.3554	-0.3380	-1.2701	-1.2192	0.1937	-0.7139	-0.6699	0.0637	-0.4116	0.6606	-0.2624	-1.6533	9.6217	-0.9266	-0.2140999201517957	0	1	7	Upright	Normal
-1.8381	9.7689	1.1486	-77.2519	120.2982	-84.0819	-4.6915	-27.5262	27.3571	0.0304	0.2041	2.2404	0.2230	-0.7113	-0.6625	0.0738	0.4885	0.2494	0.0582	-1.8685	9.5648	-1.0918	1.1566408540053086	0	0	7	Upright	Normal
-1.6466	8.8879	-0.9583	-78.1595	111.7693	-92.9053	-5.2399	-26.7515	27.2308	0.2222	-0.7100	-0.2119	0.2222	-0.6990	-0.6751	0.0783	0.0315	-0.0861	-0.1516	-1.8688	9.5979	-0.7464	-0.9166662098824183	0	1	8	PT	Normal
-0.4208	11.0714	-0.0389	-78.0767	118.0499	-86.6287	-4.7418	-27.4733	28.1265	1.3674	1.4763	0.9138	0.2210	-0.7069	-0.6671	0.0796	0.0976	0.0854	0.0944	-1.7882	9.5951	-0.9527	1.9896652915398825	0	1	8	PT	Normal
-1.4168	9.6923	-0.5752	-79.2390	113.3013	-90.8729	-5.4009	-27.4402	28.1009	0.2650	0.0582	0.1492	0.2125	-0.7013	-0.6755	0.0824	0.0677	0.2612	-0.0760	-1.6818	9.6341	-0.7244	-1.2672831005626257	0	1	8	PT	Normal
-1.4934	9.9605	-0.2304	-80.0376	112.9665	-90.9048	-5.6685	-27.3661	28.0510	0.0688	0.3018	0.4316	0.2060	-0.7010	-0.6775	0.0854	-0.1165	-0.1341	0.1573	-1.5622	9.6587	-0.6620	0.2622880524444007	0	1	8	Upright	Normal
-1.1486	9.8839	-0.2304	-80.4315	112.8699	-90.5644	-5.9906	-27.1047	28.0145	0.3534	0.2137	0.4031	0.2010	-0.7014	-0.6786	0.0852	0.0518	-0.0456	0.0326	-1.5021	9.6702	-0.6336	-0.12138500232745209	0	1	8	Upright	Normal
-1.4557	9.7683	-0.4597	-80.8894	112.2675	-90.4000	-6.4587	-27.9192	28.0821	-0.0187	0.0854	0.1288	0.1937	-0.7018	-0.6805	0.0834	0.0230	-0.0531	-0.0100	-1.4370	9.6829	-0.5885	-0.06621824911561625	0	1	8	Upright	Normal
-1.4168	9.8839	-0.4986	-80.7984	113.2534	-88.9202	-5.5714	-28.0934	27.9056	0.0241	0.2035	0.1206	0.1910	-0.7036	-0.6797	0.0801	0.0582	-0.0787	-0.0132	-1.4409	9.6804	-0.6192	0.11050587815847202	0	1	8	Upright	Normal
-1.5317	9.9222	-0.5369	-80.5570	114.4988	-87.0935	-6.0228	-27.2585	27.6395	-0.0675	0.2485	0.1303	0.1886	-0.7060	-0.6784	0.0755	0.0858	-0.0925	-0.0134	-1.4642	9.6736	-0.6672	0.05670544441269243	0	1	8	Upright	Normal
-1.5317	9.9605	-0.6135	-80.3530	115.8188	-85.1793	-5.6235	-27.3469	28.5597	-0.0524	0.2925	0.1024	0.1857	-0.7085	-0.6771	0.0710	0.0699	-0.0968	0.0005	-1.4793	9.6679	-0.7159	0.0421640738302429	0	1	8	Upright	Normal
-1.5706	9.9982	-0.6895	-80.0480	116.6557	-83.7575	-5.4790	-26.3266	29.0818	-0.0558	0.3392	0.0709	0.1836	-0.7107	-0.6759	0.0660	0.0869	-0.0691	-0.0272	-1.5148	9.6590	-0.7605	0.04803058757069856	0	1	8	Upright	Normal
-1.3785	10.0754	-0.6518	-79.8680	117.3366	-82.8031	-5.8070	-26.6434	28.9418	0.1541	0.4217	0.1405	0.1828	-0.7120	-0.6750	0.0635	0.0102	-0.0329	-0.0283	-1.5326	9.6537	-0.7923	0.04586274203471241	1	1	9	Upright	Normal
-1.4551	9.8456	-0.8817	-79.8700	116.1313	-84.1049	-5.5754	-26.3247	28.9148	0.0935	0.1918	-0.1220	0.1837	-0.7106	-0.6762	0.0637	-0.0335	0.0588	-0.0517	-1.5486	9.6537	-0.7597	-0.1986083142045718	1	1	9	Upright	Normal
-1.5706	9.9216	-0.5746	-79.8169	114.7807	-85.4042	-5.4921	-26.4871	28.6272	0.0036	0.2695	0.1522	0.1841	-0.7093	-0.6775	0.0627	-0.0399	0.0129	-0.0335	-1.5742	9.6521	-0.7268	0.0700415769043321	1	1	9	Upright	Normal
-1.5317	9.8456	-0.6135	-79.7639	114.0482	-86.0655	-5.2097	-26.7526	29.5134	0.0599	0.1951	0.0967	0.1842	-0.7087	-0.6782	0.0618	-0.0026	-0.0169	-0.0292	-1.5915	9.6504	-0.7102	-0.07866379476679519	1	1	9	Upright	Normal
-1.5317	9.9222	-0.6518	-79.7621	113.4064	-86.5748	-5.2561	-27.0219	28.9109	0.0679	0.2717	0.0407	0.1836	-0.7082	-0.6790	0.0608	-0.0079	-0.0318	-0.0239	-1.5996	9.6504	-0.6925	0.07796318702475524	1	1	9	Upright	Normal
-1.4168	9.8456	-0.5369	-79.7875	112.6636	-87.3165	-5.2260	-26.2709	28.8198	0.1878	0.1944	0.1332	0.1836	-0.7074	-0.6798	0.0608	-0.0015	-0.0041	-0.0175	-1.6046	9.6512	-0.6701	-0.09936785755740907	1	1	9	Upright	Normal
-1.3785	9.8072	-0.5752	-79.8297	112.6312	-87.3331	-5.1990	-26.4766	28.9197	0.2198	0.1547	0.0911	0.1832	-0.7074	-0.6799	0.0609	0.0049	-0.0009	-0.0079	-1.5983	9.6525	-0.6663	-0.04119991282932922	1	1	9	Upright	Normal
-1.4168	9.8456	-0.5752	-79.8694	112.5839	-87.3542	-5.0988	-26.2128	28.6989	0.1760	0.1918	0.0872	0.1829	-0.7073	-0.6801	0.0610	0.0006	0.0044	-0.0068	-1.5927	9.6537	-0.6624	0.04333758859264947	1	1	9	Upright	Normal
-1.3785	9.8839	-0.5752	-79.9367	112.7967	-87.1526	-5.3165	-26.3694	28.5838	0.2013	0.2282	0.0889	0.1825	-0.7075	-0.6800	0.0615	0.0102	0.0215	0.0017	-1.5797	9.6557	-0.6641	0.032493925817822955	1	1	9	Upright	Normal
-1.4551	9.8456	-0.6901	-79.9725	112.8467	-87.0481	-4.7582	-26.4189	28.8895	0.1187	0.1888	-0.0271	0.1819	-0.7076	-0.6800	0.0614	0.0113	0.0161	-0.0068	-1.5737	9.6567	-0.6630	-0.0196867111339607	1	1	9	Upright	Normal
-1.3018	9.8072	-0.5752	-80.0770	112.8273	-87.0184	-5.6257	-26.1690	29.0055	0.2557	0.1474	0.0805	0.1810	-0.7076	-0.6803	0.0618	-0.0132	-0.0275	-0.0036	-1.5576	9.6599	-0.6557	-0.06651175113725216	2	1	10	Upright	Normal
-1.3408	9.9216	-0.6129	-80.0970	112.7287	-87.1534	-5.8761	-26.3099	29.6128	0.2149	0.2611	0.0388	0.1811	-0.7074	-0.6804	0.0621	-0.0335	0.0087	-0.0196	-1.5556	9.6605	-0.6517	0.12060031625158629	2	1	10	Upright	Normal
-1.4174	9.8833	-0.6895	-80.1556	112.3092	-87.5513	-5.5541	-26.9434	28.9571	0.1339	0.2210	-0.0530	0.1808	-0.7070	-0.6809	0.0622	-0.0036	0.0012	-0.0249	-1.5513	9.6622	-0.6366	-0.022331559179596283	2	1	10	Upright	Normal
-1.3791	9.9982	-0.5363	-80.1348	112.1174	-87.7454	-5.4886	-26.5118	28.6707	0.1776	0.3367	0.0964	0.1809	-0.7068	-0.6811	0.0621	0.0187	0.0055	-0.0262	-1.5567	9.6615	-0.6327	0.09890467639425182	2	1	10	Upright	Normal
-1.3024	9.8833	-0.5363	-80.1950	112.0547	-87.7876	-5.1809	-26.3877	28.9527	0.2454	0.2200	0.0908	0.1805	-0.7067	-0.6813	0.0623	0.0240	0.0023	-0.0198	-1.5479	9.6633	-0.6271	-0.12394397214310615	2	1	10	Upright	Normal
-1.3791	9.9982	-0.5746	-80.1255	112.4472	-87.4733	-5.0009	-26.6340	29.0250	0.1754	0.3368	0.0676	0.1813	-0.7070	-0.6807	0.0624	0.0081	0.0151	-0.0283	-1.5544	9.6614	-0.6422	0.12604858175502898	2	1	10	Upright	Normal
-1.3402	9.7689	-0.6901	-80.0948	112.4619	-87.5115	-5.7259	-25.9890	29.3895	0.2188	0.1085	-0.0455	0.1818	-0.7070	-0.6806	0.0626	0.0081	0.0428	-0.0369	-1.5589	9.6605	-0.6446	-0.224686127384377	2	1	10	Upright	Normal
-1.4551	9.8072	-0.6518	-80.0174	112.7543	-87.3150	-6.1668	-26.3198	29.0189	0.1127	0.1492	0.0058	0.1828	-0.7072	-0.6801	0.0627	0.0219	0.0204	-0.0283	-1.5678	9.6581	-0.6577	0.05143972094516158	2	1	10	Upright	Normal
-1.5317	9.9222	-0.5752	-79.9619	112.9113	-87.1505	-6.1862	-26.4131	28.7173	0.0428	0.2658	0.0904	0.1830	-0.7074	-0.6798	0.0624	0.0219	-0.0116	-0.0158	-1.5745	9.6564	-0.6656	0.12023101945118064	2	1	10	Upright	Normal
-1.4557	9.8833	-0.7278	-79.8734	113.1284	-86.9721	-5.7522	-26.4157	29.2284	0.1300	0.2294	-0.0504	0.1837	-0.7077	-0.6794	0.0621	0.0080	-0.0094	-0.0307	-1.5857	9.6539	-0.6774	-0.03978787006398221	3	1	11	Upright	Normal
Total time: 11 seconds.
