11.6077	0.1155	-2.4140	71.4968	141.8078	-53.2640	-22.2176	1.3641	-7.7338	2.1235	-0.3720	0.0320	0.5146	-0.5999	0.3745	-0.4848	-0.1874	-2.8959	0.5789	9.4842	0.4875	-2.4460	2.0960976575369834	5	0	1	Lying	Normal
7.6998	0.3065	-4.0223	64.3795	151.1235	-58.5057	-23.3450	1.2539	-3.2968	-1.3767	0.3132	-0.3092	0.5164	-0.6501	0.3470	-0.4362	-0.4622	-0.4277	0.4266	9.0764	-0.0067	-3.7131	-3.164108651192974	5	0	1	Lying	Normal
6.8953	0.3065	-3.5626	61.7672	141.8238	-48.1847	-22.5239	1.0345	-2.6774	-2.2081	0.3175	0.0842	0.4843	-0.6719	0.3283	-0.4542	-0.7285	0.7857	0.2753	9.1034	-0.0111	-3.6468	-0.9251941004045827	5	0	1	Lying	Normal
8.3893	0.3065	-4.0989	64.2836	141.6388	-47.9369	-22.2170	1.5671	-5.4418	-0.8314	0.4295	-0.7623	0.4846	-0.6598	0.3461	-0.4583	0.5998	-0.0112	0.1102	9.2207	-0.1230	-3.3366	1.5748065871225103	5	0	1	Lying	Normal
7.8153	0.1921	-4.4825	62.8927	150.3389	-56.0208	-22.4742	1.5584	-4.8757	-1.1872	0.4073	-0.5996	0.5052	-0.6654	0.3427	-0.4296	-0.0542	-0.3265	0.0527	9.0025	-0.2152	-3.8829	-0.33054135986841615	0	0	1	Upright	Normal
12.8712	-3.7924	-2.7581	65.5897	144.1417	-52.9289	-22.1903	1.1752	-5.1037	3.6337	-4.0131	0.5266	0.5057	-0.6417	0.3460	-0.4613	-1.3581	0.6600	-1.2150	9.2376	0.2207	-3.2847	4.6872198488591135	0	0	1	Upright	Normal
9.1943	3.6015	1.5317	68.0754	113.1163	-30.1217	-21.8024	0.4898	-8.7864	-0.3992	2.1647	2.9693	0.4775	-0.5876	0.3324	-0.5623	-0.6305	0.3159	0.0069	9.5936	1.4368	-1.4376	-3.7062025954216793	0	0	1	Upright	Normal
7.2024	1.3797	0.1526	72.2858	99.7730	-18.6063	-20.7312	1.7643	-9.9881	-2.4627	-0.2010	0.6592	0.4749	-0.5480	0.3610	-0.5864	0.8417	0.9817	-0.0922	9.6651	1.5806	-0.5065	-2.65765434660646	0	0	1	Upright	Normal
7.2024	1.7244	-0.8434	77.5461	84.2256	-3.9485	-19.5557	1.7847	-12.8764	-2.4650	0.0916	-1.0560	0.4823	-0.5065	0.3998	-0.5925	0.0235	0.9295	0.0293	9.6673	1.6328	0.2126	0.11887538781570495	0	0	1	Upright	Normal
9.8456	3.2567	-1.2264	74.2596	79.5793	0.9780	-18.0556	3.7409	-15.2743	0.1730	1.7147	-1.7075	0.4595	-0.5142	0.3915	-0.6093	-0.8287	-0.0463	0.2104	9.6726	1.5420	0.4811	2.9886879695927826	0	0	1	Upright	Normal
11.1857	4.0606	-0.9960	64.7261	90.7169	-10.7206	-19.0187	6.2225	-13.7385	1.5303	2.3457	-0.9435	0.4306	-0.5632	0.3238	-0.6265	0.0619	-0.3084	-0.1082	9.6554	1.7148	-0.0525	1.4990311339740732	0	1	2	PT	Normal
10.6883	0.9583	0.5357	66.0290	97.3870	-18.1981	-19.9217	5.7946	-12.2175	1.0897	-0.9843	1.0481	0.4547	-0.5651	0.3166	-0.6113	1.5256	-0.3989	-0.1018	9.5987	1.9426	-0.5124	-1.1970032285708712	0	1	2	PT	Normal
10.4202	-2.2978	2.4894	70.7138	99.5114	-14.9342	-20.0883	4.6518	-13.5164	0.6809	-3.3122	3.0246	0.4516	-0.5686	0.3695	-0.5798	0.2867	-0.2700	0.9891	9.7393	1.0144	-0.5353	0.21254174403590298	0	1	2	Upright	Normal
7.3556	1.5329	-0.7667	64.6601	134.9773	-44.5549	-22.4130	4.7697	-9.5612	-1.9828	1.1301	2.2000	0.4854	-0.6447	0.3345	-0.4867	0.6883	-2.4453	0.0910	9.3384	0.4028	-2.9667	-3.404432689121566	0	0	2	Upright	Normal
5.7844	0.1149	-2.0303	60.0911	136.9736	-45.6015	-23.8880	3.5046	-2.9556	-3.3372	-0.3183	1.5443	0.4813	-0.6712	0.3064	-0.4731	-0.2098	1.5644	-0.5087	9.1216	0.4332	-3.5745	-1.4212021653126543	0	0	2	Upright	Normal
13.5614	3.9846	-9.7306	64.0136	136.0240	-47.8285	-24.0059	2.1136	-5.5241	4.2885	3.1967	-6.6385	0.5002	-0.6384	0.3206	-0.4895	1.8792	-1.5206	0.0271	9.2729	0.7878	-3.0921	11.02877772111114	0	0	2	Upright	Normal
11.9141	-2.5277	1.8381	59.7558	124.4922	-37.8513	-24.8731	1.7781	-4.8211	2.5883	-3.6990	4.6353	0.4683	-0.6506	0.2861	-0.5249	-3.7912	2.7703	-0.7175	9.3259	1.1714	-2.7972	-4.84301200287123	0	0	2	Upright	Normal
10.2286	-0.0760	2.5660	56.5138	106.3634	-22.6729	-22.6949	2.5973	-6.4507	0.6583	-1.5767	4.0903	0.4168	-0.6356	0.2678	-0.5921	-0.2513	0.4277	-0.4299	9.5704	1.5007	-1.5244	-1.7713866042593924	0	0	2	Upright	Normal
7.1257	2.7587	1.1486	64.4342	97.6919	-15.6786	-22.6903	1.9724	-7.2303	-2.5510	1.2727	1.7151	0.4345	-0.5832	0.3217	-0.6063	1.8260	1.0062	0.4362	9.6768	1.4861	-0.5665	-2.818901943492394	0	0	2	Upright	Normal
7.7764	1.1875	-8.8107	77.9993	101.7036	-19.6973	-21.1798	-0.2535	-10.5410	-1.9203	-0.2170	-8.3971	0.4945	-0.5259	0.3969	-0.5669	1.3722	0.3606	-0.0368	9.6967	1.4045	-0.4136	4.0845563611225995	0	1	3	Jump	Normal
10.6117	5.0572	-0.5369	73.2992	110.7277	-30.9993	-21.2934	-0.2408	-8.9053	1.0376	3.1832	0.4604	0.5033	-0.5454	0.3514	-0.5706	0.6595	-0.7068	-0.1316	9.5741	1.8739	-0.9973	-0.04407696350949131	0	1	3	Upright	Normal
10.6117	1.8777	-0.1155	72.5401	-164.2944	-114.0949	-21.7126	-2.5378	-4.8256	1.3071	0.6244	2.7170	0.6262	-0.5023	0.4112	-0.4318	3.2321	-0.0644	-0.2211	9.3046	1.2532	-2.8325	-0.9902358128495798	0	0	3	Upright	Normal
12.0674	4.4442	-0.4220	61.1541	-145.6023	-133.9475	-20.1035	-4.8411	-2.2022	3.1196	3.5141	3.4821	0.6981	-0.4601	0.4244	-0.3477	2.0550	-2.2748	-0.5673	8.9477	0.9301	-3.9040	2.089503256508177	0	0	3	Upright	Normal
9.2320	1.0726	5.1715	35.6431	-113.1030	-160.3367	-18.5711	-7.5874	0.1545	-0.0166	1.9963	8.2986	0.7539	-0.3019	0.5606	-0.1620	4.0108	-0.3179	0.7547	9.2487	-0.9237	-3.1271	-2.230657472839397	0	0	3	Upright	Normal
5.9382	-3.2172	1.9148	14.5340	-110.9383	-168.2143	-19.1154	-7.6644	3.7637	-2.9277	-0.7561	5.3072	-0.8055	0.1552	-0.5700	0.0459	4.2260	-1.5047	-0.9050	8.8659	-2.4611	-3.3924	-3.616106156973556	0	0	3	Upright	Normal
6.4745	-5.7838	-2.7204	19.9981	-116.7707	159.1957	-16.9666	-6.3327	9.9782	-1.7530	-2.4300	1.4304	-0.8413	-0.0619	-0.4811	0.2386	3.7466	-4.1465	-0.9977	8.2275	-3.3538	-4.1508	2.0780116995726523	0	0	3	Upright	Normal
12.5271	-2.4128	-7.9302	17.1306	-121.8252	134.1555	-12.1482	-5.0801	17.4885	4.5645	0.4760	-2.9883	-0.8241	-0.2699	-0.3921	0.3071	1.8611	-2.7489	-2.6137	7.9625	-2.8888	-4.9419	5.923332497318368	0	0	3	Upright	Normal
3.1795	1.4174	-6.6655	9.4036	-132.4852	117.6001	-6.8326	-6.3969	20.4846	-3.9552	3.0198	-0.1311	-0.7974	-0.4443	-0.3046	0.2722	0.4646	-1.3566	-0.5577	7.1347	-1.6025	-6.5344	-7.501465382202008	0	0	3	Upright	Normal
6.3979	-1.8765	-6.8959	8.3267	-139.9431	108.8517	-2.4813	-5.9344	21.3602	0.1534	-0.4561	0.5311	-0.7766	-0.5249	-0.2381	0.2542	0.7820	-1.9031	-0.8187	6.2445	-1.4204	-7.4270	2.0722872687571297	0	1	4	PT	Normal
6.1298	2.6055	-6.8193	3.3219	-148.4912	103.0302	1.9640	-6.1035	21.6437	1.0132	3.1738	1.5275	-0.7579	-0.5925	-0.1951	0.1907	-0.3078	-1.3715	-1.5665	5.1166	-0.5683	-8.3468	-0.059707944854842765	0	1	4	Tilt	Normal
4.9422	-1.5317	-11.1863	-2.0379	-159.3306	98.6883	6.7171	-6.2782	20.9541	1.4829	-1.8803	-2.0167	-0.7441	-0.6433	-0.1475	0.1036	-1.3368	-1.5004	-1.1084	3.4593	0.3487	-9.1696	2.7926026626682408	0	0	4	Tilt	Normal
2.3373	3.5249	-12.6803	-8.3401	-166.9406	95.3079	10.3873	-7.3357	19.3187	0.1450	2.1026	-3.2283	-0.7268	-0.6736	-0.1325	0.0230	-0.0585	-0.8975	-1.1511	2.1923	1.4223	-9.4520	1.0420800773453145	0	0	4	Tilt	Normal
-2.7575	3.3716	-6.7810	-7.8497	-169.0641	90.1510	13.1379	-5.9359	18.8868	-4.0773	1.5148	2.7574	0.6986	0.7059	0.1154	-0.0189	0.3655	-0.4543	-0.9188	1.3198	1.8569	-9.5384	-5.307674431405978	0	0	4	Tilt	Normal
-4.8261	4.5209	-11.1480	-4.0669	-168.9673	87.8413	13.4676	-3.6767	19.4513	-5.4375	2.6199	-1.5468	0.6876	0.7189	0.0921	-0.0447	-0.3930	0.0826	-0.0538	0.6114	1.9010	-9.6012	4.902406788300615	0	0	4	Tilt	Normal
2.9886	0.2687	-9.0028	-0.0935	-168.4946	90.7496	12.8143	-3.9955	19.4157	2.9474	-1.6869	0.6069	0.7081	0.6990	0.0719	-0.0698	0.1514	-1.0050	0.5235	0.0412	1.9556	-9.6097	-3.4720810246279363	0	0	4	Tilt	Normal
1.5329	1.7244	-8.8879	-0.2298	-169.0684	90.8974	14.1684	-3.5836	19.6038	1.4653	-0.1344	0.7409	0.7092	0.6985	0.0693	-0.0654	-0.2460	0.0176	-0.2147	0.0676	1.8588	-9.6287	-0.3072070367102846	0	0	4	Tilt	Normal
1.0349	0.2304	-10.2669	-1.8853	-169.5611	91.0980	14.1600	-3.2396	19.7006	0.6837	-1.5399	-0.6277	0.7097	0.6984	0.0764	-0.0520	0.0661	0.2914	-0.0900	0.3512	1.7704	-9.6392	1.1390095294500018	0	0	4	Tilt	Normal
0.3454	1.9926	-9.7689	-3.3728	-169.8076	90.5811	13.1075	-3.6421	19.4700	-0.2400	0.2632	-0.1336	0.7057	0.7023	0.0837	-0.0416	-0.0713	0.1295	-0.0038	0.5854	1.7294	-9.6353	-0.34546953231546595	0	0	4	Lying	Normal
0.1921	2.2224	-9.5008	-2.7679	-169.1827	91.0357	13.8635	-3.5600	19.0774	-0.3062	0.3907	0.1205	0.7085	0.6990	0.0841	-0.0489	-0.1054	-0.0900	0.0399	0.4983	1.8317	-9.6212	-0.2168712245236044	1	0	5	Tilt	Normal
0.5363	1.8004	-9.4619	-2.4574	-168.6819	91.4151	13.7600	-4.4508	19.4780	0.0766	-0.1133	0.1453	0.7107	0.6963	0.0855	-0.0536	-0.0159	-0.0548	0.1038	0.4597	1.9137	-9.6072	-0.1125729709304899	1	0	5	Tilt	Normal
1.0732	2.1075	-9.5008	-2.8090	-168.0732	91.7333	13.0652	-3.7829	19.3579	0.5420	0.0961	0.0827	0.7118	0.6942	0.0915	-0.0548	-0.0521	0.0709	0.0772	0.5312	2.0114	-9.5835	0.14415118926936188	1	0	5	Tilt	Normal
0.4986	1.9926	-9.5391	-3.3060	-167.9911	91.9083	12.7363	-4.6006	19.5885	-0.1221	-0.0283	0.0371	0.7124	0.6933	0.0951	-0.0521	0.0086	0.0709	0.0250	0.6207	2.0209	-9.5762	-0.0329968643955052	1	0	5	Lying	Normal
0.3071	2.2607	-9.3859	-3.1817	-167.8953	91.8853	13.2335	-4.5100	20.4682	-0.2924	0.2230	0.1881	0.7123	0.6933	0.0949	-0.0535	0.0012	0.0368	0.0048	0.5994	2.0378	-9.5740	-0.09853737511932259	1	0	5	Tilt	Normal
0.6512	2.0303	-9.3853	-3.2964	-167.7838	91.9183	12.6940	-4.4039	19.4254	0.0310	-0.0251	0.1836	0.7123	0.6931	0.0963	-0.0534	-0.0180	0.0155	-0.0016	0.6202	2.0554	-9.5689	-0.034752537525937655	1	0	5	Tilt	Normal
0.5752	2.0692	-9.3859	-3.3560	-167.7681	91.9350	12.7752	-4.4323	20.1731	-0.0557	0.0117	0.1818	0.7124	0.6931	0.0968	-0.0531	0.0022	0.0048	-0.0165	0.6309	2.0575	-9.5677	0.004026652997255908	1	0	5	Tilt	Normal
0.6135	2.0309	-9.4625	-3.3589	-167.7690	91.9073	13.2078	-4.3437	19.7565	-0.0168	-0.0268	0.1052	0.7122	0.6932	0.0968	-0.0531	0.0086	0.0038	0.0005	0.6303	2.0577	-9.5677	0.06893767779884641	1	0	5	Tilt	Normal
0.6518	1.9926	-9.5008	-3.3723	-167.7724	91.8494	13.1969	-3.9993	19.5640	0.0214	-0.0651	0.0669	0.7119	0.6936	0.0968	-0.0530	-0.0031	-0.0048	0.0058	0.6304	2.0577	-9.5677	0.03194893846014324	1	0	5	Tilt	Normal
0.7661	1.9920	-9.4236	-3.3936	-167.7788	91.8147	12.8474	-3.8196	19.2284	0.1335	-0.0649	0.1441	0.7116	0.6938	0.0969	-0.0529	-0.0106	0.0133	0.0026	0.6327	2.0569	-9.5677	-0.06710564615109149	1	0	5	Tilt	Normal
0.6129	1.9920	-9.4619	-3.4277	-167.7824	91.7093	13.6853	-4.0611	19.1092	-0.0217	-0.0652	0.1056	0.7110	0.6945	0.0970	-0.0527	-0.0084	0.0006	0.0122	0.6346	2.0572	-9.5675	0.02646086732624653	2	0	6	Tilt	Fall
0.6512	2.0303	-9.5385	-3.4451	-167.7784	91.6732	13.5873	-4.5033	19.4292	0.0150	-0.0280	0.0286	0.7107	0.6947	0.0972	-0.0527	-0.0095	0.0006	0.0090	0.6363	2.0583	-9.5671	0.08518384438903581	2	0	6	Lying	Normal
0.6518	2.1458	-9.3093	-3.4582	-167.7659	91.6620	13.0029	-4.4281	19.9975	0.0138	0.0854	0.2574	0.7106	0.6948	0.0973	-0.0527	-0.0052	-0.0016	0.0026	0.6381	2.0604	-9.5666	-0.1982882972533364	2	0	6	Tilt	Normal
0.6901	2.1075	-9.3859	-3.4674	-167.7635	91.6186	13.0031	-4.4223	19.7718	0.0521	0.0462	0.1805	0.7104	0.6951	0.0974	-0.0527	-0.0095	0.0080	0.0026	0.6381	2.0613	-9.5663	0.0687062291534648	2	0	6	Tilt	Normal
0.7284	2.1075	-9.4625	-3.4833	-167.7480	91.6181	13.4590	-4.6801	19.4183	0.0877	0.0437	0.1032	0.7103	0.6951	0.0975	-0.0527	0.0012	0.0016	0.0026	0.6407	2.0638	-9.5657	0.07735812641441342	2	0	6	Tilt	Normal
0.6901	2.1458	-9.4242	-3.4901	-167.7377	91.6272	13.0049	-4.2750	19.9028	0.0479	0.0805	0.1411	0.7104	0.6950	0.0977	-0.0527	0.0012	0.0048	-0.0070	0.6422	2.0653	-9.5653	-0.03167057625426217	2	0	6	Tilt	Normal
0.6901	2.0692	-9.4242	-3.5079	-167.7260	91.5858	13.0157	-4.0638	19.7682	0.0464	0.0015	0.1405	0.7101	0.6953	0.0978	-0.0527	0.0033	-0.0165	-0.0059	0.6437	2.0677	-9.5647	-0.016674257575854057	2	0	6	Tilt	Normal
0.6901	1.9926	-9.4625	-3.5122	-167.7202	91.5644	12.7521	-4.5770	20.3307	0.0465	-0.0763	0.1019	0.7100	0.6954	0.0979	-0.0527	0.0033	-0.0016	-0.0038	0.6436	2.0689	-9.5644	0.021283518348566233	2	0	6	Tilt	Normal
0.6135	2.1075	-9.3476	-3.5190	-167.7157	91.5295	13.1690	-4.3749	19.3213	-0.0301	0.0376	0.2165	0.7097	0.6956	0.0979	-0.0527	0.0033	0.0006	-0.0038	0.6436	2.0699	-9.5641	-0.09276450696625105	2	0	6	Tilt	Normal
0.6518	2.1075	-9.4242	-3.5230	-167.6997	91.5120	12.4742	-4.2983	19.5057	0.0082	0.0347	0.1393	0.7096	0.6957	0.0980	-0.0528	0.0001	0.0048	-0.0038	0.6436	2.0728	-9.5635	0.07709133375225896	3	0	7	Tilt	Normal
0.6518	2.0309	-9.3859	-3.5490	-167.6955	91.4401	13.8416	-3.7966	20.0418	0.0064	-0.0434	0.1772	0.7092	0.6962	0.0982	-0.0527	-0.0031	0.0016	-0.0006	0.6454	2.0743	-9.5630	-0.053741734359871174	3	0	7	Tilt	Normal
0.6512	2.0686	-9.5002	-3.5593	-167.7005	91.3748	12.8291	-4.1226	19.5618	0.0066	-0.0055	0.0630	0.7088	0.6966	0.0982	-0.0527	-0.0010	0.0048	0.0005	0.6446	2.0741	-9.5632	0.11938509641798234	3	0	7	Tilt	Normal
0.6512	2.1069	-9.4619	-3.5718	-167.6985	91.3348	13.0315	-4.4218	19.7324	0.0058	0.0320	0.1010	0.7085	0.6969	0.0983	-0.0527	-0.0012	0.0016	0.0007	0.6454	2.0749	-9.5629	-0.029102482421484055	3	0	7	Tilt	Normal
0.6512	2.0686	-9.5002	-3.5809	-167.6912	91.2919	13.3356	-4.2612	19.8132	0.0058	-0.0079	0.0624	0.7082	0.6971	0.0983	-0.0527	-0.0034	0.0037	0.0050	0.6454	2.0765	-9.5626	0.029102482421484055	3	0	7	Tilt	Normal
0.6518	2.1075	-9.4242	-3.6021	-167.6916	91.2367	12.9984	-3.8569	19.7943	0.0049	0.0305	0.1383	0.7079	0.6975	0.0984	-0.0526	-0.0002	-0.0006	0.0018	0.6469	2.0770	-9.5624	-0.06564336205811117	3	0	7	Tilt	Normal
0.6901	1.9926	-9.4625	-3.6213	-167.6931	91.1844	12.9579	-4.0837	19.8857	0.0419	-0.0847	0.0998	0.7075	0.6978	0.0985	-0.0525	-0.0002	-0.0038	0.0007	0.6482	2.0773	-9.5623	0.015673173213992087	3	0	7	Tilt	Normal
0.6135	2.1075	-9.4625	-3.6351	-167.6909	91.1353	13.0676	-4.2222	19.8566	-0.0352	0.0293	0.0995	0.7072	0.6981	0.0986	-0.0525	-0.0023	-0.0016	0.0028	0.6487	2.0782	-9.5620	0.019128156446861055	3	0	7	Tilt	Normal
0.6518	2.0692	-9.5008	-3.6369	-167.6873	91.1357	12.7677	-4.1257	19.8738	0.0028	-0.0096	0.0611	0.7072	0.6981	0.0986	-0.0525	-0.0002	-0.0027	0.0028	0.6490	2.0788	-9.5618	0.03159436097077517	3	0	7	Tilt	Normal
0.6901	2.1075	-9.3859	-3.6399	-167.6846	91.1364	12.7390	-4.4065	19.4808	0.0406	0.0284	0.1758	0.7072	0.6981	0.0987	-0.0525	-0.0023	-0.0006	0.0060	0.6496	2.0791	-9.5617	-0.10101932835049965	3	0	7	Tilt	Normal
0.6901	2.0692	-9.4242	-3.6560	-167.6833	91.1222	12.9114	-4.0194	19.1558	0.0385	-0.0103	0.1374	0.7071	0.6982	0.0988	-0.0524	-0.0002	0.0016	-0.0014	0.6517	2.0795	-9.5615	0.02901329258429719	4	0	8	Tilt	Normal
0.6518	2.1841	-9.4625	-3.6619	-167.6785	91.0820	12.6466	-4.0574	19.6382	0.0006	0.1034	0.0988	0.7069	0.6984	0.0988	-0.0525	-0.0012	0.0026	0.0060	0.6512	2.0807	-9.5612	0.059807932937630426	4	0	8	Tilt	Normal
0.6135	2.0692	-9.3859	-3.6726	-167.6732	91.0702	13.3067	-4.5237	19.5214	-0.0391	-0.0126	0.1751	0.7068	0.6985	0.0989	-0.0524	-0.0023	-0.0006	0.0039	0.6526	2.0818	-9.5609	-0.10230093475345292	4	0	8	Tilt	Normal
0.6901	2.1841	-9.4625	-3.6752	-167.6654	91.0707	13.4597	-4.1755	19.5151	0.0371	0.1012	0.0982	0.7068	0.6985	0.0990	-0.0525	-0.0044	-0.0006	0.0071	0.6530	2.0830	-9.5606	0.10494077377440547	4	0	8	Tilt	Normal
0.6518	2.1075	-9.5008	-3.6872	-167.6624	91.0326	13.0596	-3.9077	19.8984	-0.0018	0.0236	0.0596	0.7065	0.6988	0.0990	-0.0524	-0.0012	-0.0027	0.0060	0.6536	2.0839	-9.5603	0.01776220947578011	4	0	8	Tilt	Normal
0.6518	2.0309	-9.5008	-3.7005	-167.6578	91.0135	13.4525	-3.9788	19.4969	-0.0034	-0.0540	0.0593	0.7064	0.6989	0.0991	-0.0524	-0.0023	-0.0016	0.0050	0.6553	2.0849	-9.5600	-0.016264155239461786	4	0	8	Tilt	Normal
0.6512	2.1452	-9.3853	-3.7016	-167.6484	91.0137	13.0093	-4.1449	19.5812	-0.0042	0.0588	0.1745	0.7064	0.6989	0.0992	-0.0525	-0.0023	0.0005	0.0060	0.6554	2.0864	-9.5597	-0.08793727148792208	4	0	8	Tilt	Normal
0.6895	2.0303	-9.4236	-3.7077	-167.6476	91.0150	12.7096	-4.9771	20.0439	0.0331	-0.0563	0.1360	0.7064	0.6989	0.0992	-0.0524	-0.0023	0.0048	0.0028	0.6565	2.0865	-9.5596	0.015117371878609731	4	0	8	Tilt	Normal
0.6129	2.0686	-9.5002	-3.7067	-167.6441	91.0148	13.1770	-4.2019	19.8909	-0.0434	-0.0186	0.0594	0.7064	0.6989	0.0993	-0.0524	-0.0023	0.0016	0.0082	0.6563	2.0871	-9.5596	0.07764326401365906	4	0	8	Tilt	Normal
0.6901	2.1458	-9.3859	-3.7139	-167.6438	91.0164	13.1560	-4.0877	19.5114	0.0326	0.0587	0.1736	0.7064	0.6989	0.0993	-0.0524	-0.0034	-0.0006	0.0028	0.6575	2.0871	-9.5594	-0.08934071145877276	4	0	8	Tilt	Normal
0.6895	2.1452	-9.4236	-3.7260	-167.6333	90.9860	12.7713	-4.0305	19.6816	0.0311	0.0560	0.1354	0.7062	0.6990	0.0994	-0.0524	-0.0034	0.0005	-0.0004	0.6584	2.0892	-9.5590	0.0364867758368721	5	0	9	Tilt	Normal
0.6895	2.0686	-9.5385	-3.7394	-167.6344	90.9550	13.0258	-3.8578	19.5497	0.0299	-0.0206	0.0204	0.7060	0.6992	0.0995	-0.0524	-0.0002	-0.0038	-0.0004	0.6596	2.0892	-9.5589	0.09530552693876082	5	0	9	Lying	Normal
0.6895	2.0686	-9.5002	-3.7475	-167.6358	90.9093	13.3139	-4.1214	19.3335	0.0302	-0.0209	0.0587	0.7057	0.6995	0.0995	-0.0523	-0.0002	0.0016	-0.0014	0.6593	2.0895	-9.5589	-0.037332697295358486	5	0	9	Tilt	Normal
0.7278	2.0686	-9.4619	-3.7636	-167.6392	90.8487	13.0343	-3.7052	19.8533	0.0681	-0.0211	0.0968	0.7053	0.6999	0.0996	-0.0523	-0.0044	-0.0016	0.0007	0.6598	2.0897	-9.5587	-0.0345312748372546	5	0	9	Tilt	Normal
0.6901	2.0692	-9.4625	-3.7911	-167.6413	90.7472	13.1015	-3.4105	19.6913	0.0295	-0.0212	0.0961	0.7047	0.7006	0.0997	-0.0522	-0.0034	-0.0059	-0.0004	0.6607	2.0904	-9.5586	-0.002039799714156132	5	0	9	Tilt	Normal
0.6518	2.1075	-9.4242	-3.8151	-167.6466	90.6351	13.0792	-3.9194	19.8974	-0.0087	0.0168	0.1342	0.7040	0.7013	0.0997	-0.0521	-0.0012	-0.0038	0.0028	0.6605	2.0907	-9.5584	-0.03170666493476482	5	0	9	Tilt	Normal
0.6901	2.1458	-9.4625	-3.8347	-167.6433	90.5570	13.5338	-4.4150	19.9068	0.0292	0.0536	0.0956	0.7035	0.7017	0.0998	-0.0521	-0.0023	-0.0006	0.0018	0.6609	2.0922	-9.5581	0.04831695471646569	5	0	9	Tilt	Normal
0.6895	2.0303	-9.4236	-3.8459	-167.6494	90.5232	13.1238	-4.1527	19.4900	0.0280	-0.0612	0.1347	0.7033	0.7020	0.0998	-0.0520	0.0009	0.0005	0.0018	0.6615	2.0915	-9.5583	-0.06280137326545088	5	0	9	Tilt	Normal
0.7284	1.9926	-9.4625	-3.8467	-167.6496	90.5234	12.7561	-4.8823	19.4505	0.0667	-0.0989	0.0958	0.7033	0.7020	0.0999	-0.0520	0.0012	-0.0010	0.0015	0.6617	2.0915	-9.5583	0.03295918113293794	5	0	9	Tilt	Normal
0.6518	2.0309	-9.5008	-3.8509	-167.6475	90.5243	12.7083	-4.4272	19.7276	-0.0106	-0.0609	0.0573	0.7033	0.7020	0.0999	-0.0520	-0.0009	0.0012	0.0015	0.6624	2.0918	-9.5581	0.0398607184763744	5	0	9	Tilt	Normal
0.6518	2.1458	-9.4625	-3.8538	-167.6496	90.5250	13.3613	-4.2332	19.4897	-0.0111	0.0543	0.0956	0.7033	0.7019	0.0999	-0.0519	-0.0020	0.0033	0.0036	0.6629	2.0915	-9.5581	-0.012660678326769315	6	0	10	Tilt	Normal
0.6512	2.1452	-9.4236	-3.8556	-167.6417	90.5253	12.8903	-4.1792	19.9020	-0.0120	0.0524	0.1342	0.7033	0.7019	0.1000	-0.0520	-0.0020	-0.0010	0.0004	0.6632	2.0928	-9.5578	-0.03802003665765952	6	0	10	Tilt	Normal
0.6518	2.0692	-9.3859	-3.8647	-167.6401	90.4946	13.0910	-3.6456	19.4275	-0.0118	-0.0242	0.1718	0.7031	0.7021	0.1000	-0.0519	-0.0020	-0.0010	0.0015	0.6636	2.0934	-9.5577	-0.05324251562472426	6	0	10	Tilt	Normal
0.6518	2.1458	-9.4625	-3.8790	-167.6330	90.4682	12.9554	-4.2587	19.8962	-0.0133	0.0509	0.0947	0.7029	0.7023	0.1001	-0.0519	0.0002	0.0012	0.0026	0.6651	2.0949	-9.5572	0.09126255228238378	6	0	10	Tilt	Normal
0.6895	2.1452	-9.4619	-3.8795	-167.6263	90.4673	12.8897	-4.5451	20.2267	0.0244	0.0492	0.0950	0.7029	0.7023	0.1002	-0.0520	-0.0003	-0.0000	-0.0003	0.6651	2.0960	-9.5569	0.001883694363245425	6	0	10	Tilt	Normal
0.6901	2.1075	-9.4625	-3.8840	-167.6253	90.4770	13.6269	-4.2615	19.9637	0.0239	0.0114	0.0944	0.7029	0.7022	0.1002	-0.0519	0.0007	-0.0011	0.0008	0.6662	2.0961	-9.5569	-0.007618604600013512	6	0	10	Tilt	Normal
0.6135	2.0692	-9.4625	-3.8837	-167.6247	90.4769	12.4968	-4.1027	19.5566	-0.0527	-0.0269	0.0944	0.7029	0.7022	0.1002	-0.0519	-0.0014	0.0010	0.0040	0.6662	2.0961	-9.5569	-0.013376149464084719	6	0	10	Tilt	Normal
0.6895	2.0303	-9.4619	-3.8851	-167.6313	90.4772	12.7662	-3.9188	19.7933	0.0230	-0.0648	0.0952	0.7029	0.7022	0.1002	-0.0519	-0.0025	-0.0000	0.0051	0.6665	2.0951	-9.5571	-0.0036993863012657613	6	0	10	Tilt	Normal
0.6512	2.0303	-9.4236	-3.8821	-167.6413	90.4908	13.3131	-4.6461	19.1087	-0.0153	-0.0630	0.1339	0.7030	0.7022	0.1001	-0.0518	-0.0014	0.0042	0.0008	0.6665	2.0933	-9.5575	-0.040005718530494505	6	0	10	Tilt	Normal
0.6901	2.1075	-9.4625	-3.8817	-167.6429	90.4884	12.8716	-3.7437	19.2467	0.0238	0.0145	0.0950	0.7030	0.7022	0.1001	-0.0518	-0.0025	0.0032	0.0072	0.6663	2.0930	-9.5575	0.057081254295844985	7	0	11	Tilt	Normal
Total time: 11 seconds.
