8.9639	2.4517	2.6432	57.0949	46.4236	26.2584	-5.2139	5.2298	-19.7563	0.0817	0.5052	-1.0291	0.3491	-0.4369	0.3668	-0.7434	-0.4234	0.2278	-0.3265	8.8822	1.9465	3.6723	0.21961836200844154	6	1	1	Upright	Normal
8.5042	1.9537	3.1412	53.0531	49.4878	20.8227	-4.8352	6.2568	-20.1596	-0.2744	-0.1544	-0.6877	0.3313	-0.4416	0.3307	-0.7654	-0.9155	-0.1205	-0.4969	8.7786	2.1081	3.8289	-0.3878051177412871	6	1	1	Upright	Normal
8.1977	1.9920	3.6009	49.2707	50.5121	17.5262	-5.1292	7.6788	-19.2545	-0.4425	-0.2351	-0.4681	0.3135	-0.4407	0.3010	-0.7854	-0.5107	0.0190	-0.2871	8.6402	2.2271	4.0689	-0.10130234640071123	6	1	1	Upright	Normal
8.1600	2.8736	3.2555	48.9349	51.9623	16.2081	-5.0014	7.4532	-18.9924	-0.5284	0.6548	-0.7139	0.3124	-0.4472	0.2950	-0.7845	-0.1208	-0.1695	0.1316	8.6884	2.2188	3.9694	0.07084211328155021	6	1	1	Upright	Normal
9.6157	2.5289	3.3321	49.5066	54.5831	15.2038	-5.2856	8.1768	-18.0426	0.7700	0.4543	-0.3581	0.3137	-0.4620	0.2971	-0.7745	-0.1347	-0.3463	0.1881	8.8457	2.0746	3.6902	1.2427222047874	6	0	1	Upright	Normal
12.3355	3.5249	4.4430	48.9701	56.0953	14.7537	-6.5788	9.7414	-18.0054	3.4138	1.6073	0.8522	0.3078	-0.4713	0.2964	-0.7715	-0.3403	-0.1184	0.0900	8.9217	1.9176	3.5909	3.090631299700295	6	0	1	Upright	Normal
10.4962	1.8387	3.6009	54.5381	53.5022	20.9574	-7.2553	9.6369	-18.2450	1.4350	0.2221	0.2170	0.3295	-0.4678	0.3472	-0.7430	1.5729	-0.0651	1.4270	9.0612	1.6167	3.3839	-2.328808210328978	6	0	1	Upright	Normal
11.1863	-1.3402	3.9067	65.7487	48.6161	40.0190	-6.3863	8.5496	-19.3191	1.7505	-1.1355	1.2439	0.3465	-0.4941	0.4719	-0.6427	1.1319	-1.7706	3.1133	9.4358	-0.2047	2.6628	0.6764183676745628	6	0	1	Upright	Normal
8.9645	0.6518	2.8724	63.6883	90.7151	13.4022	-9.0478	10.8975	-14.6839	-0.5489	3.0315	2.9268	0.2977	-0.6435	0.4425	-0.5490	-1.4396	-2.3661	2.9886	9.5134	-2.3797	-0.0543	-2.488434435513966	6	0	1	Upright	Normal
1.8010	-3.6386	1.1103	60.5856	114.8817	8.9223	-8.2107	16.5935	-10.6147	-6.4302	1.2920	3.1367	0.2140	-0.7467	0.4600	-0.4302	-0.6226	-2.9690	1.5037	8.2313	-4.9306	-2.0264	-5.22697246083516	6	0	1	Upright	Normal
2.4906	-4.1366	-3.3716	53.9981	139.1592	-6.0110	-7.8069	20.0433	-2.0343	-4.5158	1.1609	0.9894	0.2020	-0.8256	0.4086	-0.3328	0.2659	-2.7432	-0.0538	7.0063	-5.2975	-4.3610	1.6801509773567567	6	1	2	PT	Normal
6.9342	-7.1629	-4.7507	46.0878	143.7588	-9.3422	-8.6682	18.3824	4.8561	0.2887	-2.4816	0.7349	0.1926	-0.8617	0.3475	-0.3155	-0.7323	4.1619	-0.3680	6.6456	-4.6813	-5.4856	5.154361129637403	6	1	2	Jump	Normal
12.0674	-8.3121	-1.5329	31.6945	116.6523	4.1673	-11.2896	16.5512	1.0755	3.4939	-5.3699	2.2101	0.1135	-0.8234	0.2506	-0.4963	-1.7773	2.7174	-2.6956	8.5735	-2.9422	-3.7430	3.689532358310375	6	1	2	Jump	Normal
8.5425	0.8045	0.6895	31.4891	96.1794	-3.3440	-14.6397	11.1980	-4.0828	-1.2227	0.7863	1.5897	0.2021	-0.7107	0.1831	-0.6485	1.5687	2.9538	-3.1835	9.7652	0.0181	-0.9002	-6.125098657022923	6	1	2	Jump	Normal
8.2744	3.9840	0.4214	30.2841	98.7621	-13.2372	-15.6975	5.3176	-9.0464	-1.3328	2.4981	1.7114	0.2534	-0.7082	0.1245	-0.6471	-1.7539	-2.7538	-0.4479	9.6072	1.4859	-1.2900	0.5852752689847431	6	1	2	PT	Normal
7.4322	1.6095	-2.8736	23.1632	103.3876	-16.8894	-17.0113	5.6946	-2.5436	-1.9559	-0.3075	-0.7860	0.2360	-0.7421	0.0667	-0.6238	-0.5246	0.7743	-0.1624	9.3881	1.9170	-2.0876	-1.063923644532693	6	1	2	PT	Normal
9.5774	2.8353	-1.2264	21.0595	102.6947	-16.9832	-16.7137	7.1097	-2.7743	0.2016	0.7816	0.7847	0.2263	-0.7425	0.0505	-0.6284	-0.5469	-0.6222	0.1412	9.3758	2.0538	-2.0111	1.9339697492264314	6	1	2	PT	Normal
13.3309	3.4860	-4.9416	21.1280	108.1173	-19.8850	-17.4594	7.3080	-0.1562	4.1924	1.3494	-2.0970	0.2434	-0.7654	0.0466	-0.5940	0.3681	-0.3101	-0.1049	9.1385	2.1365	-2.8446	4.575181129774538	6	1	2	Jump	Normal
7.8919	-1.5700	-2.7204	26.1437	112.0845	-19.3079	-18.2167	7.2471	0.9785	-1.2212	-3.0414	0.5894	0.2600	-0.7753	0.0937	-0.5679	2.1428	-0.2313	0.2253	9.1131	1.4714	-3.3098	-6.144487620197863	6	1	2	Jump	Normal
5.4785	-0.9571	-3.6398	35.1070	129.9062	-23.5666	-18.1446	7.6685	2.8473	-2.8632	-0.6482	1.5070	0.3014	-0.8195	0.1850	-0.4509	1.6486	-1.6971	1.0829	8.3417	-0.3089	-5.1468	-1.8473079094226765	6	2	3	PT	Normal
7.1641	-0.4591	-4.1761	33.5063	144.4325	-20.7034	-14.9146	9.7177	7.2202	0.2716	1.6436	2.4755	0.2504	-0.8811	0.2175	-0.3370	2.0992	-2.9722	2.1865	6.8925	-2.1027	-6.6515	1.658449417449571	6	2	3	PT	Normal
1.2647	-2.2595	-3.6398	31.7132	151.0168	-12.5505	-10.5735	14.0468	12.6244	-4.3534	1.1097	3.6579	0.1698	-0.9183	0.2366	-0.2682	-0.0196	0.0957	0.6227	5.6181	-3.3692	-7.2977	-3.838241052855045	6	2	3	Jump	Normal
3.4482	-1.9148	-8.1983	27.4121	143.8072	-3.0933	-10.0088	16.2100	12.7814	-2.5308	1.4112	-1.1727	0.0985	-0.9211	0.2170	-0.3077	-0.2103	1.8364	-0.6301	5.9791	-3.3260	-7.0256	4.630856265416133	6	2	3	Jump	Normal
7.9679	-9.9216	-4.9033	14.4078	127.7054	8.7499	-11.6747	14.1278	11.4482	0.5266	-7.2663	0.9058	-0.0128	-0.8922	0.1456	-0.4273	-1.6985	2.4702	-0.9710	7.4413	-2.6553	-5.8091	4.539276983976745	6	2	3	Jump	Normal
11.4156	-3.4093	-3.4860	0.8142	120.6756	-0.3171	-14.8073	10.6088	8.9658	2.9809	-3.3848	1.5167	0.0059	-0.8689	0.0048	-0.4949	-1.4524	1.2079	-2.8565	8.4346	-0.0245	-5.0027	-1.2236484509116625	6	2	3	PT	Normal
10.1131	6.1675	-1.6472	11.5299	106.3488	-12.5647	-17.3379	4.1937	2.0109	0.8083	4.6590	1.0575	0.1470	-0.7850	0.0147	-0.6016	1.1063	2.1464	-0.7686	9.3048	1.5085	-2.7047	-0.4540047386344028	6	2	3	PT	Normal
5.3253	0.2687	-6.0148	12.9444	104.3613	-16.0658	-18.4092	2.4885	-1.9643	-3.9546	-1.8367	-3.6443	0.1781	-0.7676	0.0030	-0.6157	-2.2215	-0.0886	0.2307	9.2799	2.1054	-2.3706	-3.921390145315728	6	2	3	Jump	Normal
7.2407	1.8393	-2.7204	13.2542	103.0644	-16.6446	-18.2459	4.5330	-0.6513	-2.0574	-0.4099	-0.5626	0.1836	-0.7591	-0.0000	-0.6245	-1.4791	-0.2270	0.1199	9.2980	2.2492	-2.1578	-0.08740694706800678	0	2	3	Tilt	Normal
10.9565	3.1801	-2.4906	15.5862	105.7216	-18.9853	-17.8213	5.1224	0.1619	1.7980	0.7843	0.0690	0.2110	-0.7655	0.0080	-0.6078	-0.2625	-1.5778	0.2285	9.1584	2.3958	-2.5596	3.7268164495313263	0	0	3	Tilt	Normal
14.2509	2.9503	-3.6781	19.4935	108.2099	-20.0240	-18.1099	6.0720	2.3675	5.1484	0.7214	-0.7892	0.2366	-0.7690	0.0346	-0.5929	0.5812	-0.1535	0.0645	9.1025	2.2289	-2.8889	3.3333190964852033	0	1	4	PT	Normal
7.0874	-0.6123	-4.0995	28.8285	117.1088	-21.1801	-18.2153	6.9448	3.0965	-1.8307	-1.7569	-0.1845	0.2795	-0.7883	0.1159	-0.5357	3.3157	-1.8398	0.1944	8.9181	1.1446	-3.9150	-6.8002069285864835	0	1	4	Jump	Normal
7.5088	1.8777	-2.2990	32.2198	135.8429	-23.9251	-16.6652	7.3158	7.9014	-0.2569	2.5361	3.6533	0.2866	-0.8493	0.1767	-0.4066	1.2757	-0.8151	0.6056	7.7657	-0.6584	-5.9523	-0.13625136854596498	0	1	4	Tilt	Normal
7.0868	-0.9577	-5.1332	34.0738	150.0649	-20.6130	-13.5994	10.6873	11.3444	0.8302	1.7760	1.9062	0.2397	-0.8952	0.2343	-0.2936	2.1908	-3.0447	1.7593	6.2566	-2.7337	-7.0394	0.7285887914006377	0	0	4	Tilt	Normal
2.9886	-4.2898	-2.4523	30.3036	149.9277	-5.8239	-9.9981	14.1823	13.8983	-2.3346	-0.5282	4.8747	0.1151	-0.9275	0.2394	-0.2629	0.1860	-0.3250	0.2062	5.3232	-3.7616	-7.3270	-3.0280583457278176	0	0	4	Tilt	Normal
3.0652	-2.2978	-8.9645	23.5476	141.4907	2.4021	-10.6873	13.8717	13.8557	-2.9070	1.0213	-1.9297	0.0479	-0.9254	0.1994	-0.3187	-0.7866	2.0963	-0.2871	5.9722	-3.3191	-7.0348	3.973959931414411	0	0	4	Tilt	Normal
7.5471	-6.9330	-2.9886	11.2927	130.5993	16.0793	-11.1285	13.0777	12.2387	0.7386	-3.6699	3.2697	-0.0857	-0.9010	0.1467	-0.3993	-0.8591	1.9802	1.3247	6.8085	-3.2631	-6.2583	0.9263383467545481	0	0	4	Tilt	Normal
11.9902	-4.4819	-3.6775	1.2675	122.4339	9.6951	-12.5538	12.6638	9.9176	3.8511	-2.9733	1.5808	-0.0688	-0.8737	0.0503	-0.4789	-1.2277	0.3653	-2.5241	8.1391	-1.5086	-5.2583	2.643209065143946	0	0	4	Tilt	Normal
10.1131	2.8347	-3.5626	0.6601	111.6498	-7.4755	-16.9874	5.2503	4.0889	1.0704	1.6903	0.0552	0.0572	-0.8253	-0.0319	-0.5608	0.1444	2.5544	-2.0128	9.0428	1.1444	-3.6178	-2.2276243414755097	0	0	4	Tilt	Normal
5.0188	2.2607	-3.3333	6.8786	104.7379	-14.9375	-19.6274	2.7483	-0.8686	-4.2216	0.1049	-0.8565	0.1391	-0.7791	-0.0321	-0.6105	-1.8956	-0.1791	-0.0719	9.2404	2.1558	-2.4768	-4.65558567016739	0	1	5	Jump	Normal
7.7387	0.9200	-2.9119	6.9578	104.0969	-15.7557	-19.1403	4.6193	0.5605	-1.4938	-1.3841	-0.5409	0.1448	-0.7745	-0.0367	-0.6146	-0.4852	0.4728	-0.0676	9.2325	2.3041	-2.3710	1.884376743604987	0	1	5	PT	Normal
11.1091	3.7158	-2.2218	9.7871	107.5179	-17.8714	-18.1242	5.2009	1.4309	2.0545	1.3235	0.6871	0.1746	-0.7860	-0.0235	-0.5926	-0.2732	-1.5107	0.1369	9.0546	2.3923	-2.9090	3.603468144458647	0	1	5	Jump	Normal
13.7523	2.7581	-4.0989	13.5153	109.4137	-19.0855	-19.2067	6.4634	3.2445	4.7627	0.4539	-0.9295	0.2014	-0.7880	-0.0004	-0.5817	0.6547	-0.3037	0.1891	8.9896	2.3043	-3.1693	2.6898922347847165	0	1	5	PT	Normal
9.0794	0.4603	-6.0531	28.2688	123.6835	-22.5142	-19.9437	7.1545	3.9651	0.5549	-0.2848	-1.2629	0.2799	-0.8160	0.1218	-0.4908	3.8132	-3.0692	0.4171	8.5246	0.7450	-4.7902	-3.6909205111231067	0	1	5	Jump	Normal
7.9302	1.5712	-2.4523	30.3406	137.0404	-22.4261	-16.6398	8.2081	7.4306	0.3696	2.3728	3.7417	0.2686	-0.8623	0.1701	-0.3940	1.5165	-1.5852	1.3524	7.5606	-0.8016	-6.1939	-2.4737698369038075	0	1	5	PT	Normal
3.8690	-1.6089	-5.9376	31.6298	152.5838	-15.5570	-11.9739	14.0542	12.3154	-1.7054	1.5781	1.4745	0.1905	-0.9174	0.2315	-0.2617	0.2967	-0.8939	1.0499	5.5744	-3.1870	-7.4121	-1.1808647998943176	0	1	5	PT	Normal
1.8393	-4.2515	-3.1035	29.2120	149.7663	-3.3728	-9.5503	17.8973	15.2998	-3.3333	-0.4140	4.2918	0.0932	-0.9319	0.2359	-0.2594	0.4139	-0.3240	0.1966	5.1727	-3.8375	-7.3952	-1.6914028005765154	0	1	5	PT	Normal
2.7964	-2.0686	-7.1251	21.3025	138.6642	6.8603	-10.6927	17.4995	14.0932	-3.3146	1.3611	-0.2649	0.0101	-0.9218	0.1934	-0.3359	-0.1464	0.4611	0.3031	6.1111	-3.4297	-6.8603	2.3529691215543584	0	1	5	PT	Normal
7.2790	-5.4007	-2.7587	6.0915	127.1666	17.3501	-10.5612	17.8008	13.0009	0.0073	-2.4701	3.1324	-0.1115	-0.8877	0.1141	-0.4320	-1.9637	2.2614	-1.9851	7.2716	-2.9307	-5.8911	1.5454627997680577	0	1	5	PT	Normal
7.9302	-0.4208	-1.8393	-5.2654	120.4131	5.1732	-15.0731	13.7024	11.1893	-0.5336	-0.1119	3.1042	-0.0619	-0.8650	-0.0174	-0.4976	-0.5331	2.0335	-2.7659	8.4638	-0.3089	-4.9436	-1.3226969780828668	0	2	6	PT	Normal
8.7346	4.4059	-1.9543	-0.2398	106.3787	-9.3812	-20.2300	6.8181	4.8124	-0.5463	2.8609	0.8110	0.0642	-0.7980	-0.0507	-0.5970	0.2808	1.3006	-0.7036	9.2810	1.5450	-2.7653	1.8246210101427458	0	2	6	PT	Normal
4.5592	0.9583	-5.5168	-3.1511	105.6586	-12.3351	-21.5038	5.0275	1.8624	-4.6344	-1.2010	-2.8739	0.0691	-0.7937	-0.0867	-0.5981	-1.6985	0.4217	-0.0143	9.1936	2.1593	-2.6429	-2.75541164534038	0	2	6	PT	Normal
10.7649	2.9119	-0.1155	-2.7420	103.2045	-14.7051	-20.2250	6.9670	3.2486	1.5576	0.3849	2.1222	0.0855	-0.7790	-0.0981	-0.6134	-0.2870	-0.5935	-0.1081	9.2074	2.5271	-2.2377	3.93159583804887	0	2	6	Jump	Normal
12.7569	4.0995	-5.4785	-0.9724	108.4511	-15.7214	-21.5255	7.3333	5.6952	3.8167	1.5282	-2.3752	0.1060	-0.8044	-0.0868	-0.5781	0.3702	0.2577	-0.1081	8.9402	2.5712	-3.1033	3.3237506127232432	0	2	6	PT	Normal
8.6197	-2.0297	-3.4482	4.2322	112.1111	-14.1586	-22.2018	9.3615	6.4379	-0.2563	-3.9878	0.2330	0.1226	-0.8202	-0.0384	-0.5575	1.3183	-0.7416	0.4458	8.8761	1.9582	-3.6812	-4.973025759191922	0	2	6	Jump	Normal
7.9302	0.3837	-6.7044	16.9629	126.8760	-16.2772	-20.1974	10.2549	9.4251	-0.0813	-0.1668	-1.0754	0.1905	-0.8664	0.0680	-0.4565	3.1197	-1.3061	-0.2839	8.0114	0.5505	-5.6289	0.8884436606956037	0	2	6	PT	Normal
6.9342	1.9926	-4.8273	24.4668	141.0541	-15.8410	-17.6942	10.8830	12.5721	0.1417	3.3489	2.1148	0.1969	-0.9029	0.1530	-0.3502	2.9088	-2.5962	1.6794	6.7925	-1.3563	-6.9421	-1.710741613958362	0	2	6	PT	Normal
4.0995	-2.3361	-4.8273	28.3785	154.5309	-8.9930	-11.6181	18.4915	16.2256	-0.7235	1.1610	2.9624	0.1280	-0.9385	0.2216	-0.2318	1.2832	-1.9954	1.8158	4.8230	-3.4972	-7.7897	-1.930540828794867	0	2	6	PT	Normal
1.9920	-4.8650	-4.5203	28.7832	155.0544	3.1955	-7.0098	24.0153	17.8007	-1.8989	-0.3597	3.2730	0.0273	-0.9469	0.2484	-0.2024	0.2552	-0.0534	-0.2210	3.8909	-4.5053	-7.7933	0.1829437670557006	0	2	6	Tilt	Normal
1.5706	-3.2178	-7.5848	25.3365	148.8607	8.3406	-7.8223	24.0125	17.0997	-2.9259	1.0719	0.0015	-0.0096	-0.9416	0.2297	-0.2458	0.0475	1.0790	-0.7430	4.4965	-4.2897	-7.5863	1.4542933046766633	0	0	7	Tilt	Normal
7.4705	-5.7455	-3.1801	19.0665	141.6774	17.6464	-10.4903	22.7895	16.1496	2.4376	-1.5070	4.0915	-0.0892	-0.9289	0.2042	-0.2959	-0.1539	0.5485	1.2842	5.0329	-4.2385	-7.2716	1.5589624668853848	0	0	7	Tilt	Normal
10.0371	-6.3584	-7.0491	8.3932	132.4349	19.8973	-11.1786	23.0452	14.0284	3.5602	-2.9869	-0.5029	-0.1286	-0.9040	0.1354	-0.3846	-2.7297	2.7003	-0.7174	6.4769	-3.3715	-6.5462	3.868831458238807	0	0	7	Tilt	Normal
7.3550	-1.9537	-2.5666	-9.2402	129.5911	12.2436	-15.9335	18.0734	14.2627	-0.2430	-1.3316	3.6022	-0.1303	-0.8931	-0.0272	-0.4298	-2.4570	1.0492	-1.8551	7.5980	-0.6220	-6.1688	-5.784082619301124	0	0	7	Tilt	Normal
8.9256	2.4900	-3.7541	-14.8465	123.1317	-1.1117	-20.2276	12.8808	13.3651	0.7416	0.9575	1.4269	-0.0531	-0.8725	-0.1182	-0.4710	-0.5949	1.1024	-1.2309	8.1840	1.5324	-5.1811	1.9667705848731103	0	0	7	Tilt	Normal
5.8993	2.7581	-2.7581	-13.0632	119.2064	-7.2679	-23.2778	9.4629	10.2117	-2.4550	0.6024	1.9032	-0.0031	-0.8589	-0.1298	-0.4955	-0.5107	0.1426	-0.0751	8.3543	2.1557	-4.6614	-2.925787785995311	0	0	7	Tilt	Normal
7.5848	1.7238	-4.0989	-10.0649	116.7626	-11.2139	-24.0402	9.6331	10.0489	-0.8540	-0.7359	0.2490	0.0371	-0.8487	-0.1254	-0.5124	-0.1816	0.3929	-0.1486	8.4388	2.4597	-4.3479	1.719938698485084	0	0	7	Tilt	Normal
7.7764	1.3408	-3.5626	-7.0946	114.6701	-12.4516	-25.4886	11.7679	8.6161	-0.8166	-1.0742	0.4993	0.0579	-0.8389	-0.1102	-0.5299	-0.1975	0.0968	0.1987	8.5929	2.4150	-4.0619	-0.13406098854762938	0	0	7	Tilt	Normal
9.3087	3.0646	-3.4093	-5.8015	115.6505	-12.4187	-26.3170	13.7455	9.6030	0.7676	0.7444	0.8140	0.0646	-0.8433	-0.1001	-0.5241	-0.1123	-0.6915	0.1092	8.5410	2.3201	-4.2234	1.7181955468714385	0	0	7	Tilt	Normal
7.7381	1.5323	-2.9113	-5.1299	116.3800	-12.9133	-25.2567	13.1797	11.7473	-0.7382	-0.8107	1.4284	0.0720	-0.8462	-0.0970	-0.5190	-0.0654	-0.0012	0.0155	8.4762	2.3430	-4.3398	-1.9678340352502843	0	0	7	Tilt	Normal
8.8873	2.1835	-3.7158	-4.3235	114.8164	-12.3990	-25.2280	13.3461	11.8230	0.2605	-0.0307	0.3885	0.0707	-0.8392	-0.0897	-0.5317	-0.0132	0.2598	0.1380	8.6268	2.2142	-4.1043	1.468756273697167	0	1	8	PT	Normal
8.3893	1.9920	-3.9456	-2.6350	112.8914	-12.4874	-25.9938	14.6390	10.1504	-0.3934	-0.1326	-0.1350	0.0780	-0.8296	-0.0791	-0.5472	0.1263	0.2385	0.0251	8.7827	2.1246	-3.8107	-0.3947782422072059	0	1	8	Tilt	Normal
8.3516	2.1841	-3.4866	-1.7510	112.8479	-12.7223	-26.3522	14.6298	8.8317	-0.4381	0.0805	0.3195	0.0839	-0.8289	-0.0739	-0.5482	0.0837	-0.0427	-0.0207	8.7897	2.1036	-3.8060	-0.17242579106791922	0	1	8	Tilt	Normal
8.5431	2.1458	-3.6398	-0.6209	112.2081	-13.3629	-26.5444	14.6045	9.5270	-0.2809	0.0084	0.0666	0.0936	-0.8248	-0.0694	-0.5534	0.0560	0.1415	-0.0612	8.8240	2.1374	-3.7064	0.22086473129332518	0	1	8	Tilt	Normal
8.5042	1.9920	-3.6392	-0.3489	111.9040	-13.5646	-26.1151	13.9353	8.5892	-0.3355	-0.1637	0.0192	0.0962	-0.8230	-0.0686	-0.5557	-0.0037	0.0776	-0.0357	8.8397	2.1557	-3.6583	-0.06865186801047152	0	1	8	Tilt	Normal
8.5431	2.1458	-3.3333	0.2474	112.1088	-14.1169	-26.8045	14.8404	8.2934	-0.2719	-0.0546	0.3575	0.1031	-0.8231	-0.0668	-0.5544	0.0326	-0.0161	-0.0495	8.8150	2.2004	-3.6908	-0.04413848184417013	0	1	8	Tilt	Normal
8.5431	2.1075	-3.5632	0.8171	111.6808	-14.4999	-26.5377	14.0758	8.7948	-0.2924	-0.1240	0.0594	0.1084	-0.8203	-0.0650	-0.5577	0.0571	0.0787	-0.0591	8.8355	2.2315	-3.6226	0.07522482243478201	0	1	8	Tilt	Normal
8.5425	2.1452	-3.5243	1.0447	111.6198	-14.6649	-26.9613	13.3175	7.5664	-0.2939	-0.0991	0.0883	0.1106	-0.8197	-0.0642	-0.5583	0.0251	0.0031	-0.0175	8.8364	2.2443	-3.6126	-0.006619709077639868	0	1	8	Tilt	Normal
8.6191	2.1835	-3.4860	1.1002	111.5684	-14.7577	-26.7527	13.2105	7.7936	-0.2176	-0.0726	0.1184	0.1116	-0.8193	-0.0643	-0.5586	-0.0292	0.0116	-0.0016	8.8367	2.2561	-3.6043	0.0636589115345334	0	1	8	Tilt	Normal
8.4665	2.4140	-3.5249	1.1223	111.5910	-14.9242	-27.0012	14.3259	7.8932	-0.3626	0.1339	0.0832	0.1129	-0.8193	-0.0650	-0.5584	-0.0186	-0.0289	-0.0069	8.8291	2.2800	-3.6081	-0.06697624046108608	1	1	9	Tilt	Normal
8.5048	2.2990	-3.4099	1.1911	111.5946	-14.9777	-26.6261	14.4826	8.4245	-0.3231	0.0150	0.1986	0.1136	-0.8192	-0.0647	-0.5584	-0.0111	0.0020	-0.0090	8.8279	2.2841	-3.6085	-0.036423329806700266	1	1	9	Tilt	Normal
8.4665	2.2607	-3.4866	1.2799	111.6014	-15.0339	-27.0005	13.0466	6.9924	-0.3602	-0.0265	0.1229	0.1144	-0.8191	-0.0644	-0.5584	0.0091	0.0127	0.0006	8.8267	2.2872	-3.6094	-0.01566191574726794	1	1	9	Tilt	Normal
8.5814	2.3756	-3.4099	1.3802	111.5971	-15.0952	-26.7826	13.8494	7.6621	-0.2447	0.0851	0.1987	0.1153	-0.8190	-0.0640	-0.5585	0.0070	0.0031	0.0048	8.8261	2.2905	-3.6087	0.10347710177817326	1	1	9	Tilt	Normal
8.5431	2.3756	-3.4482	1.4893	111.5516	-15.1647	-26.7667	13.6767	7.5947	-0.2848	0.0801	0.1529	0.1163	-0.8186	-0.0636	-0.5589	0.0187	0.0063	0.0080	8.8279	2.2956	-3.6012	-0.020641428549211582	1	1	9	Tilt	Normal
8.5425	2.2601	-3.3710	1.5876	111.4348	-15.1911	-26.7814	13.8573	7.7808	-0.2928	-0.0359	0.2114	0.1169	-0.8179	-0.0631	-0.5598	0.0198	0.0254	0.0102	8.8354	2.2960	-3.5825	-0.056512171473693584	1	1	9	Tilt	Normal
8.5431	2.2990	-3.3716	1.6512	111.3946	-15.1913	-26.8513	14.2170	7.9399	-0.2957	0.0060	0.2043	0.1172	-0.8177	-0.0627	-0.5601	0.0091	-0.0150	0.0123	8.8388	2.2930	-3.5759	0.010127155838938862	1	1	9	Tilt	Normal
8.6191	2.2601	-3.4093	1.7765	111.3380	-15.1911	-26.3760	14.5319	7.8536	-0.2251	-0.0266	0.1573	0.1178	-0.8173	-0.0618	-0.5606	0.0251	0.0148	0.0016	8.8442	2.2868	-3.5666	0.0727374605574056	1	1	9	Tilt	Normal
8.5048	2.1458	-3.4482	1.8167	111.3122	-15.1795	-26.4464	13.9130	7.8004	-0.3419	-0.1372	0.1142	0.1179	-0.8171	-0.0615	-0.5609	0.0198	-0.0055	0.0027	8.8467	2.2830	-3.5624	-0.11569048585617203	1	1	9	Tilt	Normal
8.5425	2.2601	-3.3710	1.8595	111.3057	-15.2012	-27.2190	13.6184	7.2606	-0.3045	-0.0239	0.1903	0.1183	-0.8171	-0.0613	-0.5609	0.0102	0.0105	0.0070	8.8470	2.2841	-3.5614	0.03282586945982757	1	1	9	Tilt	Normal
8.5814	2.2990	-3.4482	1.9366	111.3097	-15.2352	-27.2637	13.9509	7.3615	-0.2653	0.0145	0.1136	0.1189	-0.8170	-0.0609	-0.5610	0.0091	-0.0023	0.0144	8.8467	2.2845	-3.5618	0.07214904542819944	2	1	10	Tilt	Fall
8.5431	2.1458	-3.4866	1.9832	111.3077	-15.2516	-26.4223	14.1967	8.0631	-0.3038	-0.1386	0.0748	0.1192	-0.8169	-0.0607	-0.5610	0.0059	0.0084	0.0112	8.8469	2.2844	-3.5614	-0.056333205201028136	2	1	10	Tilt	Normal
8.5814	2.2224	-3.4866	1.9794	111.3148	-15.2454	-27.1176	13.9053	8.6614	-0.2653	-0.0611	0.0760	0.1192	-0.8170	-0.0607	-0.5610	-0.0069	-0.0044	0.0155	8.8467	2.2835	-3.5626	0.0521325988478889	2	1	10	Tilt	Normal
8.5048	2.1841	-3.4866	1.9608	111.3191	-15.2375	-26.8935	13.8903	8.2427	-0.3416	-0.0992	0.0768	0.1190	-0.8170	-0.0608	-0.5609	0.0049	-0.0087	0.0123	8.8464	2.2833	-3.5633	-0.07787687004214838	2	1	10	Tilt	Normal
8.5431	2.2224	-3.4099	1.9536	111.3277	-15.2197	-26.9002	14.3360	7.6639	-0.3035	-0.0584	0.1547	0.1189	-0.8171	-0.0607	-0.5609	0.0038	0.0169	0.0080	8.8466	2.2808	-3.5647	0.015480628816426645	2	1	10	Tilt	Normal
8.4665	2.1075	-3.4866	1.9915	111.3435	-15.2284	-27.0048	14.0036	7.3915	-0.3793	-0.1719	0.0805	0.1191	-0.8171	-0.0605	-0.5608	0.0006	-0.0087	0.0070	8.8458	2.2794	-3.5671	-0.06742084000340576	2	1	10	Tilt	Normal
8.5431	2.0692	-3.5632	2.0617	111.4133	-15.1771	-26.6459	14.3777	8.0074	-0.3018	-0.1966	0.0148	0.1191	-0.8175	-0.0597	-0.5604	0.0198	-0.0001	0.0112	8.8449	2.2658	-3.5780	0.0891383727302788	2	1	10	Tilt	Normal
8.5431	2.1841	-3.4482	2.1387	111.4263	-15.0705	-26.1924	13.9728	7.6784	-0.3065	-0.0603	0.1317	0.1188	-0.8176	-0.0586	-0.5604	0.0123	-0.0055	0.0070	8.8496	2.2444	-3.5799	-0.01675766942800827	2	1	10	Tilt	Normal
8.5814	2.2224	-3.4482	2.1626	111.4325	-15.0664	-27.2145	14.5955	7.7898	-0.2684	-0.0198	0.1326	0.1188	-0.8176	-0.0584	-0.5604	0.0006	0.0105	0.0027	8.8499	2.2422	-3.5808	0.043448110327751976	2	1	10	Tilt	Normal
8.4282	2.1458	-3.5249	2.2395	111.3711	-15.0550	-26.5275	13.9628	7.7004	-0.4269	-0.0914	0.0461	0.1191	-0.8172	-0.0578	-0.5609	0.0315	0.0297	-0.0080	8.8551	2.2372	-3.5710	-0.1273109174088951	2	1	10	Tilt	Normal
8.6197	2.1075	-3.4866	2.2808	111.4825	-15.0585	-26.4197	14.1971	8.0361	-0.2294	-0.1252	0.1021	0.1194	-0.8177	-0.0574	-0.5601	0.0240	0.0041	-0.0112	8.8491	2.2327	-3.5886	0.1497624551867034	3	1	11	Tilt	Normal
Total time: 11 seconds.
