-0.1909	-8.8101	5.0943	77.0473	25.7276	-33.5803	-25.5200	28.9091	-16.5009	0.7632	0.7473	3.1146	-0.6317	-0.0087	0.0876	0.7702	1.1554	-1.6637	-0.1390	-0.9541	-9.5574	1.9797	0.6676492609581715	3	0	1	Upright	Normal
0.5746	-10.5728	0.8045	76.7685	14.8289	-25.1129	-26.4725	27.8043	-16.3136	1.1492	-1.0264	-1.3653	-0.6230	-0.0351	0.0908	0.7761	-0.1218	-0.9510	-0.3232	-0.5746	-9.5464	2.1697	0.4402082767224407	3	0	1	Upright	Normal
0.0772	-9.2314	2.7958	77.8198	11.6816	-23.1053	-28.1485	26.8827	-15.3971	0.4960	0.3546	0.7703	-0.6281	-0.0476	0.0924	0.7712	-0.2997	-0.1063	-0.1400	-0.4188	-9.5861	2.0255	-0.9731344072397139	3	0	1	Upright	Normal
0.3831	-9.0022	2.9113	79.0867	-5.0908	-10.0024	-29.0525	26.3004	-14.3671	0.2185	0.6271	1.0621	-0.6306	-0.0896	0.0953	0.7650	-0.3413	-0.9350	-0.3712	0.1646	-9.6293	1.8492	-0.17678219426637298	0	0	1	Upright	Normal
0.2682	-8.8107	3.5243	78.8062	-14.5146	-3.5874	-31.8900	25.0765	-12.8152	-0.2087	0.8097	1.6822	-0.6264	-0.1173	0.1042	0.7636	-0.0451	-0.3864	-0.2180	0.4769	-9.6204	1.8420	0.024207306350737312	0	0	1	Upright	Normal
-1.2252	-8.9633	2.1063	75.6481	7.4107	-23.9160	-31.6998	24.8986	-12.1434	-0.9117	0.5375	-0.3038	-0.6093	-0.0769	0.1246	0.7793	0.4779	1.4032	1.4161	-0.3135	-9.5008	2.4101	-0.20459706591126192	0	0	1	Upright	Normal
2.7581	-11.6454	1.1875	72.5738	27.7087	-40.5798	-28.9177	25.8187	-14.6971	4.1236	-2.2886	-1.4121	-0.6059	-0.0182	0.1385	0.7832	1.1331	-0.2969	-0.4247	-1.3654	-9.3568	2.5997	2.7377156259641318	0	0	1	Upright	Normal
-1.8381	-8.1971	-0.3071	68.5050	31.4882	-37.6270	-28.0224	27.1838	-16.6850	0.0388	0.9276	-3.3710	-0.5851	0.0376	0.1120	0.8023	0.5184	2.0797	0.5383	-1.8769	-9.1248	3.0640	-3.620060649503392	0	0	1	Upright	Normal
-0.3442	-7.4310	4.2898	65.9967	38.6368	-43.9188	-26.0991	27.1495	-19.1291	2.1467	1.5278	1.1739	-0.5804	0.0651	0.1289	0.8014	0.8295	-0.2319	0.5191	-2.4909	-8.9588	3.1159	0.1809666904861107	0	0	1	Upright	Normal
-2.0297	-8.5802	2.1829	66.8242	32.2623	-36.1747	-25.9921	26.4831	-19.1351	0.0305	0.4351	-1.0805	-0.5748	0.0562	0.1035	0.8097	-1.0625	0.5915	-0.6327	-2.0602	-9.0154	3.2634	0.4959665366716166	0	0	2	Upright	Normal
-4.5197	-10.6105	3.6769	70.6840	41.4989	-43.7295	-26.4873	26.8584	-18.7482	-2.3704	-1.3557	1.2477	-0.6097	0.0667	0.0939	0.7842	-0.4904	0.5766	0.4613	-2.1492	-9.2548	2.4292	3.021754994611122	0	0	2	Upright	Normal
-3.2938	-14.4795	2.3744	68.4982	52.7873	-55.7492	-26.3020	27.2323	-17.6929	-0.4313	-5.3552	0.2008	-0.6174	0.0891	0.1250	0.7715	-0.4755	-0.7231	0.6435	-2.8626	-9.1243	2.1736	2.933087770910385	0	0	2	Upright	Normal
3.8696	-9.1548	-2.5289	67.0829	41.1244	-46.8562	-24.7359	27.5543	-16.6568	6.3811	-0.1221	-5.4052	-0.5911	0.0629	0.1322	0.7932	0.5269	0.2783	-0.6828	-2.5115	-9.0327	2.8763	-4.782339170101505	0	0	2	Upright	Normal
1.1498	-7.2395	3.1023	77.8090	49.6761	-56.1221	-26.3331	27.6583	-16.2983	2.7283	2.3462	1.7627	-0.6567	0.0203	0.0994	0.7473	-1.1956	-1.5241	-0.3973	-1.5785	-9.5856	1.3396	-2.2960161675001443	0	0	2	Upright	Normal
0.6518	-8.2738	0.9954	77.9209	33.8064	-46.3652	-28.5935	27.1414	-12.9507	1.7936	1.3159	-0.7096	-0.6420	-0.0290	0.1248	0.7559	0.9956	2.0594	-0.4306	-1.1417	-9.5897	1.7050	0.39922310542667017	0	0	2	Upright	Normal
0.1149	-8.5425	4.4819	78.4015	10.4620	-23.0717	-30.1337	25.1961	-14.5001	0.4729	1.0641	2.5438	-0.6308	-0.0567	0.0979	0.7676	-0.0632	-1.0650	-0.7480	-0.3579	-9.6066	1.9381	1.2886217631758452	0	0	2	Upright	Normal
-0.9571	-7.7758	4.2898	79.1251	-9.4218	-10.5543	-31.9061	24.9815	-12.1478	-1.2599	1.8549	2.4647	-0.6263	-0.1214	0.1228	0.7603	-0.2369	-0.7721	-0.3241	0.3029	-9.6307	1.8251	-0.7154861588000365	0	0	2	Upright	Normal
-1.5317	-7.4310	4.5197	77.9567	-8.9611	-11.9396	-32.9728	23.8993	-10.7199	-1.8503	2.1600	2.4989	-0.6174	-0.1256	0.1295	0.7657	0.0571	0.1963	0.3215	0.3186	-9.5910	2.0207	-0.10065260940760545	0	0	2	Upright	Normal
1.8393	-12.2960	2.7575	72.1049	39.1295	-52.9627	-29.9239	25.5789	-12.8531	3.7409	-2.9637	0.4202	-0.6171	-0.0049	0.1633	0.7697	-0.2582	1.6482	3.2861	-1.9016	-9.3323	2.3373	3.9035335671227376	0	0	2	Upright	Normal
0.9960	-8.3893	-3.3327	68.9864	21.2665	-35.6894	-27.2582	26.3142	-13.5818	2.2713	0.7654	-6.6095	-0.5764	-0.0258	0.1488	0.8031	2.3581	1.3702	-0.2612	-1.2754	-9.1547	3.2768	-3.6531201128254853	0	1	3	Jump	Normal
-5.3247	-7.1635	4.9416	63.2637	42.5714	-49.0100	-23.9329	25.8692	-19.0127	-2.3402	1.5950	1.6929	-0.5729	0.0785	0.1558	0.8008	-1.5855	-1.4250	1.0704	-2.9845	-8.7584	3.2488	1.1205218793257323	0	1	3	PT	Normal
1.9160	-8.5036	0.5357	63.3176	30.8368	-33.8318	-21.9243	25.9948	-18.8489	4.1732	0.2589	-3.2450	-0.5499	0.0693	0.1052	0.8256	0.7773	0.9782	-0.7022	-2.2573	-8.7625	3.7807	-1.4691049563762792	0	1	3	PT	Normal
-2.4894	-9.8444	3.1023	70.2247	33.7708	-32.6636	-21.4320	24.6332	-19.5865	-0.6451	-0.6159	0.3445	-0.5950	0.0732	0.0598	0.7981	-1.6760	0.1217	-0.3134	-1.8443	-9.2285	2.7578	1.8843813075181615	0	1	3	PT	Normal
-4.1749	-11.7214	3.5620	69.6335	55.0922	-54.3963	-21.7194	26.2704	-16.8865	-1.3762	-2.5275	1.6092	-0.6238	0.1063	0.0978	0.7681	-0.6523	-0.8381	0.3109	-2.7987	-9.1939	1.9528	2.324913512749788	0	1	3	PT	Normal
2.8353	-7.4310	-2.1458	66.4822	48.6733	-50.7287	-22.4906	26.7918	-14.5162	5.7738	1.5613	-4.7296	-0.5990	0.0975	0.1223	0.7853	1.7466	-0.7422	-0.8034	-2.9384	-8.9923	2.5838	-4.7046121154255705	0	1	3	Jump	Normal
4.8650	-8.4659	1.1109	75.7303	45.6300	-47.9166	-26.9324	25.2084	-14.8986	6.5930	1.0382	-0.5794	-0.6413	0.0500	0.0780	0.7616	-2.6199	-0.3939	-0.6245	-1.7280	-9.5041	1.6903	1.5892872981063224	0	1	3	PT	Normal
0.3454	-9.0782	1.2635	79.6622	40.5397	-52.0568	-31.8969	24.0005	-10.0655	1.4887	0.5695	-0.0732	-0.6567	-0.0246	0.1167	0.7447	-0.0941	1.1635	-0.0322	-1.1434	-9.6477	1.3367	-0.6549855214702944	0	1	3	PT	Normal
-0.8039	-10.6871	0.4208	78.4133	25.3702	-32.1718	-32.9583	23.1057	-12.1900	0.0401	-1.0802	-1.3587	-0.6397	-0.0074	0.0761	0.7648	0.2180	-1.0352	-0.6724	-0.8440	-9.6069	1.7795	1.5533399357121045	0	1	3	PT	Normal
-0.6895	-9.2703	2.7964	80.3668	4.2225	-18.8330	-36.4298	21.2405	-14.3775	-0.5686	0.3982	1.1603	-0.6407	-0.0777	0.1015	0.7570	-0.4329	-1.5156	-0.1472	-0.1209	-9.6685	1.6361	-1.018145315918181	0	2	4	PT	Normal
-0.5746	-8.6574	3.7924	78.9766	2.6779	-21.3799	-38.2613	20.9083	-12.3897	-0.4871	0.9686	1.9203	-0.6281	-0.1002	0.1285	0.7609	0.0870	-0.5196	0.0182	-0.0875	-9.6260	1.8721	-0.2383487026577047	0	2	4	Upright	Normal
0.0000	-8.6191	3.5243	73.3352	35.6346	-51.3037	-36.5036	22.1140	-13.9626	1.6384	0.7757	1.2388	-0.6187	-0.0249	0.1659	0.7675	0.2084	1.2072	2.6888	-1.6384	-9.3948	2.2854	-0.2383487026577047	0	2	4	Upright	Normal
0.3837	-9.9210	-2.8353	67.1454	18.9939	-39.1995	-34.4481	23.9114	-16.3230	1.6234	-0.8841	-6.4367	-0.5599	-0.0535	0.1897	0.8047	2.6436	0.4520	-0.4431	-1.2397	-9.0369	3.6013	0.8562703449189719	0	0	4	Upright	Normal
-1.6849	-6.6649	4.2132	64.5070	40.0291	-50.8654	-32.6720	21.9564	-24.4430	1.0298	2.1871	0.9813	-0.5771	0.0461	0.1763	0.7961	-1.7677	-1.6519	0.8011	-2.7147	-8.8520	3.2319	-2.262397723209343	0	0	4	Upright	Normal
1.9160	-8.2738	1.8765	64.7175	30.2274	-39.6059	-31.5270	21.3981	-24.6874	4.0245	0.5936	-1.7422	-0.5608	0.0322	0.1450	0.8145	0.9147	0.6235	-0.7243	-2.1085	-8.8674	3.6187	0.6346605246027011	0	0	4	Upright	Normal
-5.0943	-8.5036	2.9108	68.7018	47.3700	-50.3409	-27.5764	18.5859	-27.7384	-2.4737	0.6334	0.4986	-0.6087	0.0804	0.1164	0.7807	-0.6161	-0.0455	1.4193	-2.6206	-9.1370	2.4122	1.6337148763701883	0	0	4	Upright	Normal
-4.7112	-16.3566	0.7655	66.1702	54.4981	-62.0698	-22.4563	20.2202	-25.9786	-1.4859	-7.3857	-1.5350	-0.6136	0.0785	0.1699	0.7671	0.0262	-0.2511	0.9729	-3.2253	-8.9709	2.3005	6.707467168188199	0	0	4	Upright	Normal
5.6318	-8.6185	-2.5672	65.7956	37.9770	-44.0612	-20.6108	18.5720	-26.5562	8.1059	0.3262	-5.7364	-0.5786	0.0606	0.1340	0.8023	-0.6640	0.8770	-1.8532	-2.4741	-8.9447	3.1692	-6.428106405671539	0	0	4	Upright	Normal
-0.5740	-8.0056	3.4087	76.3968	43.4068	-62.9388	-22.2242	20.2057	-24.0249	1.0108	1.5262	1.7334	-0.6418	-0.0521	0.1861	0.7421	-0.3391	-3.8517	0.4179	-1.5848	-9.5318	1.6753	-1.890669002017903	0	1	5	PT	Normal
-0.4591	-9.3847	1.4551	74.2561	45.1899	-57.4331	-22.5610	21.4666	-20.9403	1.4286	0.0542	-0.4199	-0.6359	0.0009	0.1503	0.7570	1.2907	2.5473	-0.2500	-1.8877	-9.4388	1.8750	0.7879304972243393	0	1	5	PT	Normal
-0.0377	-8.4270	5.4007	75.7687	25.4753	-42.1710	-21.9935	19.6417	-22.4786	0.9991	1.0789	3.2248	-0.6215	-0.0531	0.1506	0.7670	-0.2326	-1.5209	-0.5770	-1.0368	-9.5059	2.1759	0.5012342256306344	0	1	5	PT	Normal
-2.0680	-7.3161	2.8341	74.9267	19.7838	-39.9009	-24.8258	19.3630	-21.1288	-1.2047	2.1533	0.4347	-0.6098	-0.0763	0.1686	0.7707	-0.1431	-0.1755	0.4307	-0.8633	-9.4694	2.3994	-1.8953418523321943	0	1	5	PT	Normal
2.4140	-17.1227	2.4894	68.6870	45.3429	-65.5020	-23.4802	18.8891	-20.8137	4.9494	-7.9866	-0.0157	-0.6100	-0.0140	0.2293	0.7584	-0.0941	1.0464	2.1628	-2.5355	-9.1361	2.5051	9.356479628419558	0	1	5	Jump	Normal
-0.0760	-10.5339	-2.3373	69.2062	33.5560	-56.9332	-21.9689	18.5260	-21.6023	1.8485	-1.3659	-5.2385	-0.5912	-0.0503	0.2315	0.7709	1.3834	0.2133	-0.1382	-1.9245	-9.1680	2.9012	-6.679942294976758	0	1	5	Jump	Normal
-2.6426	-8.0822	2.2978	70.2999	44.5617	-59.6839	-20.7717	17.5392	-22.8726	-0.3232	1.1507	-0.0572	-0.6164	0.0038	0.1871	0.7649	-1.4395	-0.1243	-0.0817	-2.3194	-9.2329	2.3550	-1.9821120321309937	0	1	5	PT	Normal
-0.4591	-9.1548	0.4591	75.0957	47.5149	-66.1998	-21.7275	18.5790	-21.2930	1.4011	0.3220	-1.2444	-0.6417	-0.0370	0.1906	0.7420	-0.2592	1.0293	-0.5461	-1.8601	-9.4768	1.7035	0.3695498593209301	0	1	5	Upright	Normal
-2.1829	-10.9170	1.4168	75.2368	49.0272	-58.7327	-20.5982	17.9487	-22.3759	-0.2963	-1.4338	-0.2215	-0.6452	0.0141	0.1327	0.7523	0.3853	-0.9797	-0.1776	-1.8866	-9.4831	1.6382	2.0450952409308147	0	0	5	Upright	Normal
1.2264	-8.4270	0.2676	79.1195	45.8112	-57.2163	-21.3717	18.1133	-22.1839	2.5536	1.2035	-1.0223	-0.6587	-0.0175	0.1224	0.7421	-0.0707	1.0656	-0.7219	-1.3271	-9.6305	1.2899	-2.702913657635598	0	0	5	Upright	Normal
0.1921	-8.6568	1.1869	83.7633	54.7042	-60.5671	-21.3858	18.0873	-22.4551	1.0606	1.0921	0.5722	-0.6846	-0.0037	0.0686	0.7257	-0.6832	0.3018	0.0163	-0.8685	-9.7489	0.6147	0.21992213142995176	0	0	6	Upright	Normal
1.6095	-6.3201	1.8381	82.9831	50.0030	-57.8864	-20.7191	18.6751	-22.4745	2.5271	3.4132	1.0684	-0.6787	-0.0135	0.0835	0.7296	-0.2337	-1.1289	0.1814	-0.9176	-9.7333	0.7697	-1.9640026657173344	0	0	6	Upright	Normal
-1.1486	-8.2738	1.9148	79.9692	42.5273	-53.0590	-21.7414	18.3100	-22.8761	0.0060	1.3831	0.6562	-0.6599	-0.0189	0.1104	0.7430	0.6473	0.8727	0.2539	-1.1546	-9.6569	1.2586	1.7939061853810738	0	0	6	Upright	Normal
-1.9531	-8.6951	1.9914	71.8098	26.7458	-35.6657	-20.5365	16.7585	-23.6213	-0.5754	0.6216	-0.7421	-0.6005	0.0036	0.1122	0.7917	1.3813	-0.6676	0.1026	-1.3777	-9.3167	2.7334	0.5617386695120317	0	0	6	Upright	Normal
-1.6083	-8.5419	3.6769	67.0677	28.6751	-39.5661	-20.6942	14.0224	-25.3087	0.2251	0.4899	0.3249	-0.5735	0.0131	0.1446	0.8062	0.2361	0.0152	0.7055	-1.8334	-9.0318	3.3520	0.3061641576602554	0	0	6	Upright	Normal
-1.5700	-8.1205	3.8301	62.5557	31.2671	-42.3083	-20.0598	13.5913	-25.5073	0.7760	0.5825	-0.0331	-0.5494	0.0344	0.1665	0.8181	0.5035	0.0450	0.7098	-2.3460	-8.7031	3.8632	-0.32304185788921025	0	0	6	Upright	Normal
-1.7615	-7.7375	5.1709	57.3718	33.2584	-44.6596	-18.7792	12.0632	-27.7610	1.1383	0.5216	0.7495	-0.5208	0.0575	0.1923	0.8297	0.7634	0.0557	0.8067	-2.8998	-8.2591	4.4213	0.35687319974980447	0	0	6	Upright	Normal
-2.0297	-7.8524	5.1326	52.3405	35.0023	-47.6069	-18.5482	10.9439	-28.3501	1.4072	-0.0887	0.2249	-0.4938	0.0772	0.2241	0.8367	0.6111	-0.0242	0.9356	-3.4369	-7.7636	4.9077	0.1265598303417459	0	0	6	Upright	Normal
-4.0983	-7.5842	5.6306	46.3518	36.7328	-50.5641	-17.3626	8.5813	-27.4767	-0.0498	-0.4881	0.2059	-0.4614	0.1024	0.2605	0.8419	0.7112	0.1313	0.9133	-4.0484	-7.0961	5.4247	0.6984960369480007	0	0	6	Upright	Normal
-4.6735	-8.0828	6.2058	40.3316	39.1535	-52.5510	-16.9082	7.0633	-27.5731	0.0467	-1.7356	0.4088	-0.4305	0.1382	0.2880	0.8442	0.7059	0.2123	0.7961	-4.7202	-6.3472	5.7970	0.9143495906742682	0	1	7	PT	Normal
-4.9027	-7.5842	7.3927	36.0933	39.2080	-52.9369	-16.9115	4.9687	-26.6350	0.1065	-1.8069	1.2526	-0.4034	0.1555	0.3062	0.8481	0.4897	-0.0082	0.5500	-5.0093	-5.7774	6.1401	0.45990117780139883	0	1	7	PT	Normal
-5.5156	-7.1629	7.5842	32.6950	38.8068	-52.8827	-17.3143	4.3608	-26.3900	-0.3436	-1.8655	1.1533	-0.3797	0.1672	0.3193	0.8520	0.4343	0.0153	0.3610	-5.1721	-5.2973	6.4310	0.12954152961110132	0	1	7	Upright	Normal
-4.7112	-6.1669	8.0439	30.7319	37.8513	-52.3742	-16.8986	3.1931	-25.5797	0.4613	-1.1552	1.3880	-0.3630	0.1700	0.3254	0.8564	0.3033	-0.0124	0.2182	-5.1725	-5.0117	6.6559	-0.6231581323258517	0	0	7	Upright	Normal
-4.9799	-5.0182	7.3167	29.5548	37.6757	-52.5275	-17.2891	2.5711	-25.7740	0.2340	-0.1809	0.5649	-0.3546	0.1732	0.3311	0.8571	0.1541	0.0376	0.1756	-5.2140	-4.8373	6.7518	-1.002953134605237	0	0	7	Upright	Normal
-4.8650	-4.8267	7.0868	28.4884	37.8463	-52.9901	-17.0656	2.9602	-25.4011	0.4233	-0.1490	0.2807	-0.3485	0.1775	0.3376	0.8562	0.0859	0.0408	0.2203	-5.2883	-4.6777	6.8061	-0.3158759435816396	0	0	7	Upright	Normal
-5.0182	-4.8267	7.0485	27.4290	38.0200	-53.6785	-16.4072	2.4340	-24.9110	0.3431	-0.3092	0.1915	-0.3429	0.1812	0.3458	0.8544	0.0678	0.0270	0.2416	-5.3614	-4.5176	6.8570	0.049212022673064126	0	0	7	Upright	Normal
-5.0949	-4.9033	7.0868	26.5810	38.1896	-54.5343	-16.4784	2.2819	-24.7691	0.3274	-0.5152	0.1939	-0.3390	0.1835	0.3545	0.8519	0.0422	-0.0029	0.2291	-5.4223	-4.3881	6.8929	0.1035392652784548	0	0	7	Upright	Normal
-5.2475	-4.7501	7.2012	25.8534	38.3638	-55.3733	-16.8820	1.9098	-24.2622	0.2300	-0.4736	0.2816	-0.3359	0.1854	0.3626	0.8493	0.0391	0.0099	0.2121	-5.4775	-4.2765	6.9195	0.0862269424178308	0	0	7	Upright	Normal
-5.3241	-4.7878	7.2395	25.4793	38.3322	-56.0495	-16.8443	1.9129	-24.2223	0.1667	-0.5689	0.2952	-0.3343	0.1848	0.3690	0.8473	0.0231	-0.0231	0.1652	-5.4908	-4.2189	6.9442	0.08493429092606064	0	0	7	Upright	Normal
-5.3247	-4.5586	7.1635	25.0813	38.1914	-56.6997	-17.0859	1.6559	-24.5959	0.1670	-0.4013	0.1829	-0.3322	0.1836	0.3755	0.8455	0.0241	-0.0220	0.1279	-5.4917	-4.1572	6.9806	-0.1598851546888227	1	0	8	Upright	Normal
-5.1326	-4.6729	7.3544	24.7683	38.0048	-57.0977	-16.7407	1.6877	-24.3953	0.3503	-0.5643	0.3382	-0.3301	0.1825	0.3800	0.8446	0.0295	-0.0039	0.1034	-5.4829	-4.1086	7.0162	0.09027937728994928	1	0	8	Upright	Normal
-5.1326	-4.4813	7.3927	24.5348	37.7620	-57.2739	-16.9275	1.9487	-24.7298	0.3307	-0.4091	0.3400	-0.3280	0.1812	0.3828	0.8444	0.0348	-0.0040	0.0832	-5.4633	-4.0722	7.0527	-0.058965940019509944	1	0	8	Upright	Normal
-5.1326	-4.4813	7.4310	24.3006	37.4877	-57.4580	-16.3000	1.5727	-24.8193	0.3069	-0.4456	0.3391	-0.3258	0.1797	0.3857	0.8443	0.0433	-0.0114	0.0832	-5.4395	-4.0357	7.0919	0.02819614275117388	1	0	8	Upright	Normal
-5.2098	-4.4436	7.3550	24.1475	37.3471	-57.7388	-17.4449	1.3482	-24.6934	0.2188	-0.4317	0.2412	-0.3247	0.1785	0.3886	0.8436	0.0263	-0.0018	0.0906	-5.4286	-4.0119	7.1138	-0.032873320398437045	1	0	8	Upright	Normal
-5.1326	-4.3664	7.3161	24.0728	37.2432	-58.0308	-17.0740	1.5756	-23.9808	0.2863	-0.3662	0.1884	-0.3243	0.1772	0.3913	0.8428	0.0103	-0.0071	0.0896	-5.4188	-4.0003	7.1277	-0.10248599146878767	1	0	8	Upright	Normal
-5.2092	-4.4813	7.3544	24.0164	37.1469	-58.2921	-17.0007	1.2271	-24.4095	0.2001	-0.4899	0.2144	-0.3240	0.1760	0.3937	0.8420	0.0124	-0.0114	0.0959	-5.4092	-3.9914	7.1400	0.1184644593053914	1	0	8	Upright	Normal
-4.9793	-4.5580	7.5076	23.9066	36.9579	-58.6711	-17.2139	1.6561	-23.7217	0.4109	-0.5837	0.3437	-0.3232	0.1741	0.3974	0.8410	0.0188	-0.0103	0.0994	-5.3902	-3.9742	7.1639	0.03114071611947189	1	0	8	Upright	Normal
-5.0949	-4.5203	7.3933	23.8765	36.7926	-58.9238	-16.9892	1.7780	-24.1310	0.2759	-0.5508	0.2122	-0.3228	0.1723	0.3998	0.8404	0.0060	-0.0114	0.1005	-5.3708	-3.9694	7.1811	-0.043717305754158886	1	0	8	Upright	Normal
-5.2475	-4.4813	7.3927	23.7565	36.6230	-59.3636	-17.2631	1.6260	-24.3223	0.1070	-0.5306	0.1891	-0.3220	0.1703	0.4039	0.8391	0.0060	-0.0061	0.1069	-5.3545	-3.9507	7.2036	0.060416336219779154	1	0	8	Upright	Normal
-5.0949	-4.4436	7.3550	23.6774	36.5667	-59.6672	-16.7962	1.4323	-24.3539	0.2559	-0.5053	0.1419	-0.3217	0.1694	0.4065	0.8382	0.0167	-0.0124	0.1069	-5.3507	-3.9383	7.2131	-0.12290320400090415	2	0	9	Upright	Normal
-5.1709	-4.4813	7.3927	23.6211	36.4517	-60.1620	-16.9477	1.0489	-24.8949	0.1676	-0.5519	0.1656	-0.3217	0.1675	0.4106	0.8366	0.0114	-0.0178	0.1069	-5.3385	-3.9295	7.2270	0.08336880543667213	2	0	9	Upright	Normal
-5.0566	-4.4053	7.3550	23.5320	36.3140	-60.5267	-16.8572	0.9283	-24.4808	0.2682	-0.4898	0.1103	-0.3211	0.1658	0.4139	0.8355	0.0145	-0.0210	0.0997	-5.3247	-3.9156	7.2447	-0.11985775767028173	2	0	9	Upright	Normal
-5.1715	-4.4436	7.4316	23.4115	36.1261	-60.8346	-17.2332	1.2953	-24.4388	0.1342	-0.5471	0.1628	-0.3201	0.1642	0.4171	0.8347	0.0209	-0.0071	0.0869	-5.3057	-3.8966	7.2688	0.13208096990419627	2	0	9	Upright	Normal
-5.0560	-4.4430	7.3927	23.3726	36.0761	-61.0504	-17.1573	1.3943	-24.3573	0.2450	-0.5525	0.1172	-0.3199	0.1634	0.4189	0.8339	0.0177	0.0024	0.0837	-5.3009	-3.8906	7.2755	-0.08779789507496716	2	0	9	Upright	Normal
-4.9799	-4.4053	7.4316	23.3658	35.9533	-61.3838	-17.4263	1.6270	-24.0899	0.3057	-0.5158	0.1443	-0.3199	0.1616	0.4217	0.8329	0.0156	-0.0018	0.0880	-5.2856	-3.8895	7.2874	-0.026072301647074525	2	0	9	Upright	Normal
-5.0176	-4.4430	7.5459	23.2972	35.8941	-61.7027	-16.7000	1.7697	-24.3271	0.2632	-0.5644	0.2494	-0.3197	0.1606	0.4244	0.8318	0.0135	0.0067	0.0986	-5.2809	-3.8786	7.2965	0.12073340839613955	2	0	9	Upright	Normal
-4.9799	-4.3670	7.5082	23.2491	35.8583	-62.1663	-17.2567	1.3894	-24.4410	0.2982	-0.4959	0.2058	-0.3199	0.1593	0.4280	0.8301	0.0050	0.0057	0.1103	-5.2782	-3.8711	7.3025	-0.08028021951254338	2	0	9	Upright	Normal
-5.0560	-4.3664	7.4310	23.2544	35.8795	-62.7462	-17.1704	1.2926	-24.1141	0.2248	-0.4946	0.1308	-0.3208	0.1578	0.4321	0.8279	-0.0014	0.0067	0.1199	-5.2807	-3.8719	7.3002	-0.01973613485868775	2	0	9	Upright	Normal
-5.0182	-4.4436	7.4316	23.2233	35.9012	-63.1514	-16.6734	1.7262	-23.8290	0.2664	-0.5767	0.1317	-0.3212	0.1569	0.4351	0.8264	0.0071	0.0014	0.1199	-5.2846	-3.8669	7.2999	0.015411975086292884	3	0	10	Upright	Normal
-5.1332	-4.3670	7.4699	23.0047	35.9662	-63.7530	-16.6304	1.4227	-24.7943	0.1683	-0.5344	0.1640	-0.3208	0.1567	0.4399	0.8240	0.0241	0.0046	0.1274	-5.3015	-3.8327	7.3059	0.052980632033978736	3	0	10	Upright	Normal
-5.0566	-4.4053	7.4699	22.9066	35.9332	-64.1775	-16.8992	1.7319	-24.0570	0.2447	-0.5881	0.1558	-0.3206	0.1558	0.4434	0.8224	0.0103	-0.0050	0.1071	-5.3012	-3.8173	7.3141	-0.022117968751860673	3	0	10	Upright	Normal
-5.1332	-4.3287	7.5082	22.8310	35.8658	-64.5779	-16.6608	1.7232	-24.6750	0.1624	-0.5236	0.1838	-0.3204	0.1545	0.4467	0.8209	0.0156	-0.0050	0.1029	-5.2955	-3.8051	7.3245	0.03406896475123666	3	0	10	Upright	Normal
-5.0566	-4.2904	7.4699	22.7299	35.8220	-64.9149	-17.7359	1.2773	-24.4533	0.2373	-0.5011	0.1359	-0.3200	0.1538	0.4495	0.8197	0.0263	-0.0050	0.0933	-5.2939	-3.7893	7.3340	-0.08395723899872465	3	0	10	Upright	Normal
-5.0566	-4.3287	7.5082	22.6782	35.7439	-65.2164	-17.1578	1.2118	-24.5633	0.2292	-0.5477	0.1643	-0.3198	0.1526	0.4520	0.8186	0.0241	-0.0039	0.0901	-5.2858	-3.7810	7.3439	0.04513736323797346	3	0	10	Upright	Normal
-5.0943	-4.3664	7.5842	22.5713	35.6222	-65.5090	-16.6039	1.4802	-24.7527	0.1800	-0.6021	0.2234	-0.3190	0.1515	0.4548	0.8176	0.0252	-0.0082	0.0944	-5.2743	-3.7643	7.3608	0.09213817407787239	3	0	10	Upright	Normal
-5.0943	-4.2515	7.6225	22.4792	35.5303	-65.8375	-17.4569	1.3692	-24.4554	0.1718	-0.5019	0.2482	-0.3185	0.1503	0.4577	0.8164	0.0252	-0.0082	0.0997	-5.2660	-3.7496	7.3743	-0.020155022872605954	3	0	10	Upright	Normal
-4.9799	-4.2138	7.6231	22.3415	35.4013	-66.2931	-16.7131	1.0989	-23.9880	0.2747	-0.4859	0.2297	-0.3176	0.1488	0.4617	0.8147	0.0135	-0.0060	0.1103	-5.2547	-3.7279	7.3934	-0.07261876539715395	3	0	10	Upright	Normal
-5.0566	-4.2904	7.6231	22.2830	35.3464	-66.7373	-17.1185	1.4285	-24.7028	0.1932	-0.5718	0.2216	-0.3176	0.1475	0.4652	0.8130	0.0060	0.0003	0.1157	-5.2497	-3.7186	7.4015	0.07057710346033019	3	0	10	Upright	Normal
-5.0176	-4.3281	7.6608	22.2071	35.3382	-67.2610	-17.3080	1.5049	-24.2015	0.2339	-0.6216	0.2545	-0.3177	0.1464	0.4692	0.8109	-0.0004	-0.0050	0.1263	-5.2515	-3.7065	7.4063	0.025119042574473838	4	0	11	Upright	Normal
Total time: 11 seconds.
