1.5329	-9.6528	0.9188	64.6323	74.2715	96.9425	3.8283	20.8853	-15.5128	0.2895	0.0078	-0.2201	-0.0994	-0.6573	0.7183	-0.2051	0.0060	0.1881	-0.2870	1.2433	-9.6606	1.1389	0.32247676107447987	6	1	1	Upright	Normal
0.0766	-9.4236	0.4597	65.2158	80.6098	90.6795	3.2617	20.7524	-15.3450	-1.2611	0.2683	-0.2110	-0.0987	-0.6753	0.7020	-0.2036	-0.6108	-0.1528	-0.0356	1.3378	-9.6919	0.6707	-0.3817316044866228	6	1	1	Upright	Normal
0.8045	-9.1554	1.1109	69.5058	78.8807	93.9648	2.7017	21.4386	-14.0852	-0.2975	0.5667	0.4489	-0.0813	-0.6780	0.7110	-0.1681	0.3873	-1.1531	0.1477	1.1019	-9.7221	0.6620	-0.17754313667091637	6	1	1	Upright	Normal
0.9194	-9.3853	1.1492	72.1334	63.7652	108.5440	1.9192	20.2738	-15.8841	-0.1947	0.2668	-0.1808	-0.0547	-0.6551	0.7388	-0.1484	1.1863	-0.0857	0.0529	1.1141	-9.6521	1.3300	0.24241600517688866	6	1	1	Upright	Normal
1.2647	-9.6911	-0.3454	60.2355	50.0752	121.5899	3.1745	17.8239	-19.1635	0.5505	-0.4229	-3.4696	-0.0977	-0.5755	0.7877	-0.1970	1.9299	1.5251	-0.0386	0.7142	-9.2683	3.1243	0.2793858504360589	6	1	1	Upright	Normal
-1.5700	-9.1931	0.5357	65.2334	51.0467	120.7257	3.0007	15.9001	-20.5160	-2.4858	0.2230	-2.0470	-0.0749	-0.6022	0.7755	-0.1740	-0.1559	-0.0281	-0.0631	0.9158	-9.4161	2.5827	-0.4378039919660228	6	0	1	Upright	Normal
-0.7661	-11.4539	-2.1452	71.1696	66.7882	109.7193	3.3756	16.0958	-19.9262	-1.1687	-1.7352	-3.3927	-0.0864	-0.6549	0.7396	-0.1289	-2.3067	-2.1235	0.8136	0.4025	-9.7187	1.2475	2.336639858765265	6	0	1	Upright	Normal
3.9073	-13.3692	5.8610	75.6373	90.8689	90.7009	2.4632	19.3448	-16.9109	4.1714	-3.5662	5.8980	-0.0980	-0.7016	0.7014	-0.0788	-0.2912	0.7442	0.5537	-0.2641	-9.8031	-0.0370	3.4331688208310833	6	0	1	Upright	Normal
0.4220	-11.3766	1.6466	82.1012	103.9454	75.6149	3.1394	19.8559	-14.8567	1.7300	-1.6629	1.9715	0.0445	0.7173	-0.6935	0.0499	-0.1942	1.5858	0.7359	-1.3080	-9.7137	-0.3249	-3.6084933871045344	6	0	1	Upright	Normal
2.5289	-3.1789	0.2292	81.2476	107.5644	76.8697	3.3041	20.1483	-15.0960	3.2536	6.5906	0.6797	-0.0793	-0.7188	0.6902	-0.0248	0.4332	1.4547	-0.7557	-0.7247	-9.7695	-0.4504	-7.434315669151849	6	0	1	Upright	Normal
0.0006	-0.5357	0.4208	76.7078	76.2344	104.0902	3.0331	20.0255	-16.1666	0.1169	9.2557	-0.1157	-0.0814	-0.6827	0.7221	-0.0774	1.1139	-0.1155	-0.2199	-0.1163	-9.7914	0.5365	-3.3873609930163298	6	1	2	PT	Normal
10.8032	-18.9232	6.0903	81.8823	10.0626	162.7045	-1.2341	16.6273	-17.2615	11.0452	-9.2147	4.7269	-0.0327	0.6553	-0.7526	0.0563	0.3320	-2.0404	-0.4319	-0.2420	-9.7085	1.3633	21.94374053196367	6	1	2	Jump	Normal
-1.9531	-16.9695	2.4894	86.1499	-133.3913	-58.1692	-4.2935	17.2020	-16.3859	-3.9054	-7.3698	2.9419	0.0900	-0.7176	0.6886	-0.0524	-1.2361	0.1913	-2.9172	1.9523	-9.5997	-0.4525	-5.362980301829882	6	1	2	Jump	Normal
-1.5700	-11.7980	-2.4140	69.2743	-42.4362	-154.5872	-8.5463	15.9258	-15.2671	-4.6419	-2.8440	-4.9753	0.1739	-0.5824	0.7935	-0.0320	5.6594	-0.6268	-0.7025	3.0719	-8.9540	2.5613	-5.117625858796966	6	1	2	Jump	Normal
-4.9410	-3.2938	0.8039	73.3145	-65.6722	-145.8937	-14.0496	11.7994	-17.7340	-7.5066	6.1000	-0.3560	-0.2688	0.6071	-0.7393	0.1118	-1.1146	-0.6769	1.7196	2.5655	-9.3938	1.1598	-6.151944910514882	6	1	2	Jump	Normal
1.8771	-15.0930	-0.1532	84.2706	146.3758	12.9357	-9.4974	15.8772	-15.6866	2.4192	-5.3353	0.6620	-0.1128	0.7272	-0.6623	0.1408	-2.6508	4.7666	3.2249	-0.5421	-9.7577	-0.8152	9.217650702806878	6	1	2	Jump	Normal
2.5666	-8.1594	1.0343	80.0594	111.3722	48.1568	-0.2724	20.3681	-13.3776	4.1432	1.5001	1.6513	-0.0730	0.7253	-0.6611	0.1773	1.1842	0.1924	0.5585	-1.5766	-9.6596	-0.6170	-6.5941918285246075	6	1	2	Jump	Normal
1.9537	-3.1412	1.6089	82.2011	124.3582	46.3338	1.4388	20.0504	-11.6242	3.0523	6.5748	2.3599	-0.0199	0.7334	-0.6729	0.0946	0.1147	1.0233	-0.0647	-1.0986	-9.7160	-0.7510	-4.581922575350415	6	1	2	Jump	Normal
1.7621	1.4174	-12.8712	79.2621	124.9226	62.4727	3.2722	19.7038	-11.3269	3.2603	11.0524	-11.8251	0.1020	0.7368	-0.6682	0.0112	-1.3415	3.6652	0.9676	-1.4982	-9.6350	-1.0461	9.03441493199483	6	1	2	Jump	Normal
9.9216	-17.5447	8.0445	84.5981	109.5453	73.0116	3.8953	21.0190	-10.3912	10.7917	-7.7816	8.3535	0.0474	0.7166	-0.6957	0.0159	-0.9431	1.0148	-2.1654	-0.8701	-9.7631	-0.3090	8.633461324839098	6	1	2	Jump	Normal
-1.4551	-14.3646	-0.3071	82.7849	-143.4165	-46.5857	-5.7047	22.0340	-8.6609	-3.1131	-4.7498	0.6820	0.0911	-0.7363	0.6697	-0.0320	2.2218	-1.7006	-1.6530	1.6580	-9.6148	-0.9891	-7.260435509977841	6	2	3	Jump	Normal
-6.0136	-5.7838	-13.4847	66.8599	-52.0819	-152.0072	-14.1988	12.2794	-17.1683	-9.0538	3.2340	-15.8529	-0.2358	0.5689	-0.7861	0.0533	0.9690	-5.1371	-1.0256	3.0402	-9.0178	2.3682	1.4158885910566834	6	2	3	PT	Normal
-1.7232	1.9543	0.3825	77.6319	-55.0945	-151.3860	-12.7414	8.3803	-22.7694	-3.4457	11.5335	-0.8194	-0.2118	0.6276	-0.7410	0.1102	-1.6601	-0.5756	2.1681	1.7225	-9.5792	1.2019	-13.223824138616038	6	2	3	Jump	Normal
5.9765	-19.0381	1.0720	82.5812	131.9720	33.5536	-2.4467	16.2910	-21.8754	6.9180	-9.3134	1.9190	-0.0590	0.7346	-0.6654	0.1188	-0.5128	3.5075	4.0398	-0.9415	-9.7246	-0.8469	17.349475445235996	6	2	3	Jump	Normal
6.1681	-9.4996	-0.7667	78.8924	104.5315	60.9245	5.2511	17.8842	-21.3033	7.9969	0.1235	-0.2927	-0.0255	0.7235	-0.6727	0.1526	0.9530	1.2332	0.2506	-1.8289	-9.6230	-0.4741	-8.630573672126333	6	2	3	Jump	Normal
1.5329	-0.8805	0.3059	81.1620	93.6984	92.7293	12.4839	15.4739	-23.1553	3.0366	8.8098	0.4031	0.0940	0.7044	-0.7034	0.0150	0.7251	2.2100	-0.3086	-1.5037	-9.6902	-0.0973	-9.55828692336824	6	2	3	Jump	Normal
-0.3059	-4.6729	4.2132	75.5893	102.6770	81.1780	18.4422	10.9940	-16.9916	2.0753	4.8254	4.7489	0.1107	0.7177	-0.6846	0.0635	0.3970	2.5029	1.2328	-2.3812	-9.4982	-0.5357	4.505199856705511	6	2	3	Jump	Normal
0.3837	-12.4109	4.0600	61.2418	108.5198	72.2095	9.3252	10.2281	-7.1260	0.1428	-2.7224	5.5587	-0.1712	-0.7397	0.6302	-0.1625	-3.5680	2.6361	-3.1060	0.2409	-9.6886	-1.4988	6.764482630767704	6	2	3	Jump	Normal
-3.6386	-10.5339	-0.4986	73.7328	86.7463	85.7719	6.5892	16.5627	-9.3356	-4.8933	-0.8089	-0.6544	-0.0544	-0.6994	0.6977	-0.1457	4.3203	-2.4708	-1.3344	1.2547	-9.7249	0.1558	-1.907974761042432	6	2	3	PT	Normal
-1.3402	-1.0720	-0.4220	72.9755	63.0104	107.0041	4.0541	15.5710	-15.0559	-2.8540	8.5292	-1.7249	-0.0362	-0.6575	0.7359	-0.1579	-1.8060	0.5109	1.0384	1.5139	-9.6012	1.3029	-9.38844840254176	6	2	3	Jump	Normal
-0.8811	-5.2481	1.3024	58.6136	100.2586	83.0424	8.3414	16.4837	-10.4363	-0.5700	4.5114	2.2121	-0.2087	-0.7091	0.6518	-0.1695	-1.7612	2.5317	1.8661	-0.3111	-9.7595	-0.9096	3.7112915217382443	6	3	4	Run	Normal
3.2950	-12.8323	-2.0309	60.0367	89.8328	100.1921	12.2013	13.9088	-9.7661	5.0060	-3.1761	-2.0451	-0.2417	-0.6640	0.6970	-0.1224	1.1981	-0.0153	-0.0961	-1.7110	-9.6563	0.0142	7.924732463542273	6	3	4	Run	Normal
1.0732	-1.0337	1.1103	42.6020	96.2514	91.5124	12.8923	12.2191	-11.3072	2.0532	8.6923	1.8964	-0.3278	-0.6577	0.6342	-0.2401	-0.3796	1.8095	-0.7140	-0.9800	-9.7260	-0.7860	-11.545098385982534	6	3	4	Run	Normal
-2.0680	-1.7998	-1.0349	46.3774	91.2446	94.7821	13.3653	12.1392	-11.3996	-1.0968	7.9576	-0.8878	-0.2971	-0.6475	0.6637	-0.2281	0.2106	-2.7690	0.9233	-0.9711	-9.7574	-0.1471	1.0721040374235304	6	3	4	Walk	Normal
8.3516	-15.7054	5.3241	38.2775	92.6513	93.1612	12.4685	9.1431	-12.4860	9.1725	-5.9396	5.6802	-0.3407	-0.6341	0.6368	-0.2762	-0.0366	0.5909	-0.8341	-0.8209	-9.7658	-0.3561	15.637230461763208	6	3	4	Run	Normal
-0.0377	-12.5642	2.8341	39.5685	106.7865	75.2861	9.4561	11.8648	-10.1828	-0.6774	-3.0249	5.0175	-0.3015	-0.7214	0.5579	-0.2784	-0.5330	-1.7751	-0.5454	0.6397	-9.5392	-2.1834	-5.687642492959306	6	3	4	Run	Normal
-1.9914	-6.8564	-6.0531	52.1243	66.4942	98.4219	6.1005	11.2324	-13.2082	-3.7282	2.4918	-8.4544	-0.1329	-0.5999	0.7262	-0.3084	6.4679	-0.7876	-1.6544	1.7368	-9.3482	2.4012	-3.519595679958803	6	3	4	Run	Normal
-1.3024	-2.4900	1.7621	61.1659	81.8731	89.8478	1.3578	8.4696	-15.7620	-2.5426	7.2151	1.0936	-0.1262	-0.6708	0.6953	-0.2251	-2.3471	0.3735	1.3497	1.2402	-9.7050	0.6686	-6.043510270960013	6	3	4	Run	Normal
-1.0726	-5.6312	1.3791	57.0047	101.8779	82.0191	3.0546	11.2025	-12.3182	-0.7284	4.1077	2.4783	-0.2208	-0.7122	0.6430	-0.1747	-1.3447	3.9986	2.3532	-0.3442	-9.7389	-1.0992	2.5791714475999465	6	3	4	Walk	Normal
1.1492	-7.2401	-5.7078	72.1866	77.3070	111.7180	4.6883	10.2849	-11.1945	2.7836	2.4071	-6.3669	-0.1595	-0.6640	0.7288	-0.0496	1.9874	-0.2667	0.6381	-1.6343	-9.6471	0.6592	3.3947864948179713	6	4	5	Walk	Normal
1.3408	-2.2601	0.6512	53.4828	95.4563	90.7833	5.7019	10.7822	-11.7198	2.2236	7.4910	1.2062	-0.2579	-0.6795	0.6615	-0.1848	-0.7428	2.4561	-0.6945	-0.8829	-9.7511	-0.5550	-6.583414065853757	6	4	5	Run	Normal
2.1458	-2.2212	-2.6821	49.4991	93.9862	92.2995	6.9992	12.5913	-10.8904	3.0563	7.5331	-2.2393	-0.2811	-0.6660	0.6588	-0.2083	0.8923	-0.9847	0.6306	-0.9105	-9.7543	-0.4428	1.3830871993636848	6	4	5	Walk	Normal
11.7992	-19.0381	5.5156	66.6742	85.7988	105.7452	4.6963	11.9091	-12.8443	13.8183	-9.4457	5.2312	-0.2104	-0.6642	0.7138	-0.0711	-0.5713	3.6460	-0.3569	-2.0191	-9.5924	0.2845	18.97666542696947	6	4	5	Run	Normal
0.8434	-17.6973	3.2938	55.2695	103.4351	77.7105	5.1648	12.3567	-11.5211	0.6428	-7.9790	4.5919	-0.2125	-0.7218	0.6279	-0.1990	-2.7615	0.5834	-2.2562	0.2005	-9.7184	-1.2981	-5.046167249827391	6	4	5	Run	Normal
-2.4517	-10.4579	-0.9960	76.2740	40.9433	129.1400	0.5030	13.3617	-10.1640	-3.9763	-0.9312	-2.7536	-0.0000	-0.6406	0.7582	-0.1214	6.3358	-0.6161	-1.9478	1.5247	-9.5267	1.7576	-7.23343941263955	6	4	5	Run	Normal
-2.3367	-3.9456	-0.0766	79.0249	-28.9274	-160.9507	-4.7996	10.7623	-14.3845	-4.0703	5.5673	-1.7107	0.0881	-0.6395	0.7630	-0.0331	-1.6995	1.0574	0.8794	1.7336	-9.5129	1.6340	-6.201255529913119	6	4	5	Run	Normal
0.0766	-13.6757	-0.7661	84.9421	83.1686	97.9598	-2.6312	13.4449	-12.7232	0.9351	-3.9072	-0.8689	0.0379	0.7024	-0.7104	0.0240	-0.1591	3.6556	4.0518	-0.8585	-9.7685	0.1028	9.111094242076405	6	4	5	Run	Normal
2.4517	-7.4316	-1.1492	79.1523	74.5688	99.4675	1.8165	14.4700	-13.1608	4.2309	2.1998	-1.6402	0.0286	0.6886	-0.7174	0.1019	0.4801	1.4281	0.4309	-1.7792	-9.6314	0.4910	-5.787856744854504	6	4	5	Run	Normal
0.7661	-1.6472	1.1109	75.6181	90.1877	100.1527	4.4882	14.3299	-13.3081	2.5254	8.0004	1.1190	-0.1514	-0.6910	0.7064	-0.0250	0.0390	3.4191	0.0645	-1.7593	-9.6476	-0.0081	-5.780115000148888	6	4	5	Run	Normal
4.9416	-4.0989	-6.3973	76.5917	101.5395	91.6605	8.4989	14.6713	-11.6892	7.1277	5.4503	-5.9423	-0.1630	-0.7047	0.6905	-0.0015	-1.7559	-7.2187	1.0997	-2.1861	-9.5491	-0.4550	6.934049929301191	6	5	6	Run	Normal
7.4322	-16.4715	8.0056	69.5494	96.5900	96.2047	8.4161	14.2476	-12.6529	9.5336	-6.9007	8.3989	-0.2031	-0.6920	0.6911	-0.0480	0.9637	2.0971	-2.3081	-2.1014	-9.5708	-0.3932	10.701119073123914	6	5	6	Run	Normal
-0.1909	-14.4029	1.1103	70.9657	118.0012	63.3280	5.9399	15.8169	-10.5855	-0.1884	-4.7118	2.6119	-0.1119	-0.7510	0.6436	-0.0958	0.7847	-5.6740	-1.4751	-0.0025	-9.6911	-1.5016	-5.317659499062769	6	5	6	Run	Normal
-2.6809	-6.6266	-4.5209	82.3228	-31.2152	-156.6392	-2.2091	13.7019	-13.7732	-3.3598	3.0923	-5.6412	-0.0700	0.6618	-0.7459	0.0266	5.2152	1.3642	-1.8543	0.6789	-9.7188	1.1203	-5.988904020322774	6	5	6	Run	Normal
-1.8387	-4.2521	1.6472	77.9535	-41.2465	-151.4019	-5.6595	9.9640	-18.1561	-3.1880	5.3386	0.1083	-0.1199	0.6381	-0.7598	0.0350	-1.1860	0.0102	-0.1350	1.3493	-9.5907	1.5389	-3.5412384462292517	6	5	6	Run	Normal
-0.1915	-8.6957	1.3408	86.8175	-82.2588	-105.7201	-5.5612	11.8702	-16.4765	-0.7310	1.0958	1.2674	-0.0684	0.7011	-0.7091	0.0300	-2.2523	2.8151	1.4967	0.5394	-9.7915	0.0733	3.8837950511137924	6	5	6	Run	Normal
7.0108	-15.8586	4.8644	73.7006	128.0555	64.7180	3.1561	15.0334	-13.5957	9.1780	-6.4461	6.5610	0.1632	0.7482	-0.6430	0.0074	-1.6419	1.5517	2.2104	-2.1672	-9.4125	-1.6966	9.208032074701986	6	5	6	Run	Normal
5.5551	-4.9027	1.9148	71.3178	106.7157	90.5443	10.0279	15.6993	-10.0603	8.5638	4.3872	2.8183	0.2183	0.7060	-0.6737	0.0089	0.8412	0.7932	1.3220	-3.0086	-9.2900	-0.9035	-10.35599279938003	6	5	6	Run	Normal
1.5706	-2.4517	0.9194	60.6899	103.9760	93.2412	12.4416	14.5199	-9.6844	4.1707	6.9327	2.0789	-0.2805	-0.6931	0.6597	-0.0757	0.4779	1.8766	-0.6690	-2.6001	-9.3844	-1.1595	-4.599240642160744	6	5	6	Run	Normal
2.7587	-9.3464	3.0257	53.2773	93.6434	91.2033	10.6218	14.6680	-8.7686	3.4637	0.4280	3.3984	-0.2511	-0.6752	0.6658	-0.1943	0.3118	-0.9506	-1.5702	-0.7049	-9.7743	-0.3727	7.150599883904235	6	6	7	Run	Normal
-1.7615	-13.4452	-3.1801	61.2204	86.4796	88.1486	7.3545	15.9599	-9.7607	-2.6052	-3.6791	-3.4699	-0.1436	-0.6816	0.6867	-0.2078	3.5139	-1.3192	-1.5670	0.8437	-9.7661	0.2898	3.7240603574848574	6	6	7	Run	Normal
1.9543	-8.3121	-2.0692	64.9378	81.2736	96.6166	4.3692	15.2356	-12.4108	1.7325	1.4718	-2.6993	-0.1393	-0.6697	0.7106	-0.1648	-0.8110	0.7091	1.2869	0.2218	-9.7839	0.6301	-5.142113317053358	6	6	7	Run	Normal
2.4906	-9.3081	1.9531	62.2273	83.8518	94.4533	6.4275	16.0748	-11.9154	2.3212	0.4850	1.4638	-0.1588	-0.6707	0.7020	-0.1791	0.3118	-1.2063	0.3739	0.1694	-9.7930	0.4893	1.0456092944673845	6	6	7	Walk	Normal
1.5329	-9.1931	-0.6135	59.3871	80.1911	96.7473	6.1621	14.7437	-11.9542	1.2405	0.5722	-1.4642	-0.1665	-0.6549	0.7087	-0.2029	0.6644	2.1301	-0.1672	0.2924	-9.7654	0.8507	-0.49130537830910725	6	6	7	Walk	Normal
0.3837	-9.6145	0.8805	54.5778	80.3171	95.5046	7.5952	14.5892	-12.3084	-0.0269	0.1369	-0.0754	-0.1887	-0.6447	0.7016	-0.2378	-0.5277	-1.0731	0.0703	0.4106	-9.7514	0.9559	0.32216018345725494	0	6	7	Upright	Normal
1.3797	-9.2314	0.8039	59.0037	83.8808	93.0831	6.7707	15.3251	-11.6300	1.0095	0.5535	0.2656	-0.1703	-0.6660	0.6963	-0.2064	-0.1708	-0.3871	0.1721	0.3702	-9.7850	0.5382	-0.2938678234049288	0	6	7	Upright	Normal
1.4563	-9.5762	0.8422	55.5718	82.4948	93.8626	6.3156	15.0180	-11.9028	1.0572	0.1956	0.1181	-0.1868	-0.6544	0.6958	-0.2297	0.2425	0.7612	0.0325	0.3991	-9.7718	0.7241	0.35435679917479845	0	6	7	Upright	Normal
1.1492	-9.4619	0.6512	53.5942	81.5922	94.4268	6.5514	15.3337	-11.8000	0.7474	0.2996	-0.1998	-0.1962	-0.6466	0.6960	-0.2428	-0.0398	-0.1559	0.1316	0.4018	-9.7615	0.8510	-0.16919251744708141	0	6	7	Upright	Normal
1.5712	-9.3081	0.9954	54.2278	83.6938	92.3701	7.3866	14.7928	-11.3578	1.1012	0.4672	0.3657	-0.1934	-0.6561	0.6890	-0.2397	-0.0057	-0.0931	0.1082	0.4700	-9.7752	0.6297	-0.06153900532616774	0	6	7	Upright	Normal
1.8010	-9.2698	0.8422	53.0402	82.6694	92.6723	6.7454	14.8723	-11.5082	1.2559	0.4929	0.0899	-0.1960	-0.6506	0.6896	-0.2505	0.0742	0.2925	0.0112	0.5451	-9.7627	0.7522	-0.011496198077342257	1	6	8	Upright	Normal
1.0732	-9.4613	0.8805	52.8813	82.0739	92.6691	7.0208	15.0500	-11.0419	0.4485	0.2915	0.0645	-0.1934	-0.6488	0.6904	-0.2548	-0.0600	-0.2827	0.0573	0.6247	-9.7528	0.8160	0.0819786538461802	1	6	8	Upright	Normal
1.4940	-9.3853	0.7278	53.9516	82.0718	92.6966	7.4442	15.3015	-11.4512	0.8586	0.3684	-0.0681	-0.1872	-0.6514	0.6920	-0.2485	0.0699	-0.1091	0.1201	0.6354	-9.7537	0.7959	-0.03130086897644091	1	6	8	Upright	Normal
1.3414	-9.4230	0.5740	54.2767	81.4489	93.0740	7.0445	15.5154	-12.1130	0.6794	0.3243	-0.2773	-0.1836	-0.6503	0.6942	-0.2479	0.0540	-0.1410	0.0647	0.6620	-9.7472	0.8513	0.003995812345122474	1	6	8	Upright	Normal
1.3408	-9.4619	0.6895	54.8109	82.4672	92.0820	6.7214	15.0791	-12.2999	0.6440	0.2919	-0.0513	-0.1809	-0.6554	0.6912	-0.2450	-0.1080	0.0092	0.0381	0.6967	-9.7538	0.7409	0.04597776446469304	1	6	8	Upright	Normal
1.2641	-9.4619	0.8045	54.5853	82.4305	92.1592	6.2014	15.3213	-11.3976	0.5785	0.2921	0.0560	-0.1825	-0.6546	0.6911	-0.2461	0.0625	-0.0025	0.1127	0.6856	-9.7540	0.7485	-0.0014605682241715101	1	6	8	Upright	Normal
1.4174	-9.3087	0.6129	54.4787	81.7542	92.8245	6.7098	14.6409	-11.3351	0.7524	0.4413	-0.2041	-0.1828	-0.6518	0.6935	-0.2465	0.0412	-0.0217	0.1169	0.6650	-9.7499	0.8170	-0.14388923790503405	1	6	8	Upright	Normal
1.3414	-9.4230	0.7272	54.0964	82.7617	91.8781	7.3708	14.0778	-11.7703	0.6599	0.3331	0.0027	-0.1858	-0.6546	0.6893	-0.2487	-0.1239	0.1178	0.0821	0.6814	-9.7561	0.7245	0.10981926677603404	1	6	8	Upright	Normal
1.4180	-9.3464	0.8422	54.0734	83.1158	91.3749	7.2166	15.0737	-11.0530	0.7000	0.4097	0.1525	-0.1852	-0.6562	0.6876	-0.2498	0.0209	-0.0643	0.0671	0.7180	-9.7561	0.6897	-0.05494101683671637	1	6	8	Upright	Normal
1.3408	-9.3853	0.8045	53.6558	82.6014	91.7720	7.3261	15.0647	-11.2937	0.6249	0.3666	0.0561	-0.1868	-0.6534	0.6887	-0.2528	0.0880	0.1040	0.0874	0.7159	-9.7519	0.7483	0.023866432471200127	1	6	8	Upright	Normal
1.5329	-9.3847	0.7272	53.4280	82.5116	91.8386	7.4513	14.8015	-11.9094	0.8191	0.3663	-0.0341	-0.1880	-0.6525	0.6886	-0.2542	-0.0227	-0.0281	0.0959	0.7138	-9.7510	0.7614	0.022170318649965992	2	6	9	Upright	Normal
1.3797	-9.4230	0.7655	53.3338	82.8343	91.5652	7.3492	15.0193	-11.0633	0.6647	0.3303	0.0352	-0.1890	-0.6535	0.6873	-0.2546	0.0082	0.0102	0.1076	0.7150	-9.7532	0.7304	0.01735395176528165	2	6	9	Upright	Normal
1.1881	-9.5379	0.8039	53.1818	82.7708	91.6705	7.0909	14.9995	-12.0256	0.4844	0.2155	0.0643	-0.1901	-0.6528	0.6875	-0.2552	-0.0132	-0.0068	0.0906	0.7037	-9.7534	0.7395	0.0909861066846851	2	6	9	Upright	Normal
1.7627	-9.3081	0.7655	52.7732	82.9388	91.6022	7.6229	14.7879	-11.5868	1.0754	0.4473	0.0364	-0.1931	-0.6523	0.6864	-0.2570	0.0337	0.1072	0.0927	0.6873	-9.7553	0.7292	-0.14076286418718986	2	6	9	Upright	Normal
1.2647	-9.3847	0.8039	52.9426	82.6311	91.4342	6.9498	14.5696	-11.2600	0.5049	0.3632	0.0459	-0.1893	-0.6523	0.6868	-0.2587	0.0082	-0.1783	0.0320	0.7599	-9.7478	0.7579	-8.159787897703552E-4	2	6	9	Upright	Normal
1.2264	-9.4230	0.5740	53.4077	82.1799	91.9581	7.3437	15.2728	-11.6486	0.4878	0.3235	-0.2213	-0.1868	-0.6516	0.6894	-0.2555	0.0646	-0.0260	0.0916	0.7386	-9.7465	0.7953	0.01619880453185374	2	6	9	Upright	Normal
1.2647	-9.4613	0.6506	53.3345	82.2749	92.0584	7.2102	14.7633	-11.8210	0.5571	0.2882	-0.1365	-0.1884	-0.6514	0.6894	-0.2548	-0.0302	-0.0164	0.0885	0.7076	-9.7495	0.7871	0.04780506433744769	2	6	9	Upright	Normal
1.2647	-9.2698	0.7655	52.9628	83.0797	91.5187	7.0610	14.6126	-11.2762	0.5800	0.4871	0.0539	-0.1924	-0.6532	0.6863	-0.2556	-0.0536	0.0529	0.1001	0.6847	-9.7568	0.7117	-0.18065806506850635	2	6	9	Upright	Normal
1.3024	-9.4236	0.6129	52.8138	82.7528	91.8677	6.6563	15.2623	-11.1842	0.6345	0.3317	-0.1347	-0.1933	-0.6515	0.6874	-0.2562	0.0337	0.0263	0.0937	0.6680	-9.7553	0.7476	0.14595689847312165	2	6	9	Upright	Normal
1.2647	-9.4613	0.6123	52.8299	83.0695	91.6836	7.4533	14.6913	-12.4876	0.6083	0.2973	-0.1025	-0.1941	-0.6526	0.6865	-0.2554	-0.0643	0.0018	0.0937	0.6565	-9.7586	0.7148	0.03217307619119403	2	6	9	Upright	Normal
1.1498	-9.3847	0.7655	52.9487	83.4635	91.4616	7.7771	14.6758	-12.5062	0.5077	0.3778	0.0929	-0.1944	-0.6541	0.6855	-0.2538	-0.0153	-0.0717	0.0959	0.6421	-9.7625	0.6726	-0.07925891858389633	3	6	10	Upright	Normal
1.3414	-9.3464	0.5740	53.0460	83.0735	91.9094	7.3582	15.0294	-11.8892	0.7213	0.4149	-0.1369	-0.1941	-0.6528	0.6873	-0.2528	0.0391	0.0273	0.0810	0.6201	-9.7613	0.7109	-0.02621178455774853	3	6	10	Upright	Normal
1.0732	-9.3847	0.7655	52.8479	83.3753	91.4809	6.7320	14.4210	-11.6637	0.4236	0.3766	0.0823	-0.1946	-0.6537	0.6855	-0.2548	-0.0504	0.0156	0.0474	0.6496	-9.7613	0.6832	0.017231934360207646	3	6	10	Upright	Normal
1.2264	-9.3847	0.6506	52.8077	83.4010	91.5467	7.3028	14.5499	-11.6977	0.5920	0.3778	-0.0305	-0.1954	-0.6535	0.6856	-0.2545	0.0114	0.0753	0.0921	0.6345	-9.7625	0.6812	0.009997484590623884	3	6	10	Upright	Normal
1.2647	-9.3847	0.5740	52.8224	83.2054	91.6608	7.6860	14.8548	-11.8805	0.6229	0.3759	-0.1270	-0.1948	-0.6529	0.6862	-0.2548	-0.0036	-0.0132	0.0645	0.6418	-9.7606	0.7011	8.458246978371164E-5	3	6	10	Upright	Normal
1.2264	-9.4230	0.6889	52.7748	83.4349	91.4837	7.5462	15.0536	-12.1011	0.5863	0.3392	0.0108	-0.1954	-0.6536	0.6853	-0.2548	-0.0121	0.0071	0.0804	0.6401	-9.7622	0.6782	0.04049802129702762	3	6	10	Upright	Normal
1.2264	-9.4230	0.7272	52.7406	83.1314	91.6635	7.4881	14.7948	-11.7298	0.5761	0.3364	0.0172	-0.1948	-0.6526	0.6862	-0.2557	0.0178	-0.0142	0.0751	0.6503	-9.7594	0.7100	0.002845919706036426	3	6	10	Upright	Normal
1.2258	-9.3853	0.7278	52.6327	83.1944	91.5448	8.0689	14.7392	-11.6943	0.5652	0.3736	0.0226	-0.1952	-0.6526	0.6856	-0.2567	-0.0067	-0.0238	0.0714	0.6607	-9.7589	0.7052	-0.03730618732942226	3	6	10	Upright	Normal
1.3414	-9.3847	0.6506	52.5308	83.1421	91.5956	7.5575	14.7089	-11.7859	0.6835	0.3739	-0.0617	-0.1958	-0.6522	0.6857	-0.2572	0.0210	0.0124	0.0809	0.6578	-9.7586	0.7123	0.009428444675988246	3	6	10	Upright	Normal
1.2264	-9.3464	0.6506	52.4747	83.1436	91.5390	7.0270	14.8004	-11.7871	0.5598	0.4117	-0.0624	-0.1958	-0.6522	0.6855	-0.2579	0.0060	0.0114	0.0799	0.6666	-9.7580	0.7130	-0.05343636961753262	4	6	11	Upright	Normal
Total time: 11 seconds.
