1.2641	-8.7724	2.6049	32.5551	79.7075	85.3850	13.7222	16.8294	-13.0801	-0.4519	0.7694	1.1281	-0.2590	-0.5980	0.6317	-0.4198	0.3524	0.4512	0.0322	1.7160	-9.5418	1.4768	-0.29212598286574654	6	0	1	Upright	Normal
0.1921	-8.8101	2.2212	31.8074	75.1090	88.8549	14.7597	15.8220	-13.8761	-1.3252	0.6390	0.0796	-0.2552	-0.5707	0.6530	-0.4276	0.3651	0.0699	0.1132	1.5173	-9.4490	2.1416	-0.15006057205335566	6	0	1	Upright	Normal
1.3414	-8.8484	2.7192	31.1821	74.7027	89.6586	15.0383	15.3302	-13.7544	-0.0545	0.6027	0.5058	-0.2605	-0.5651	0.6554	-0.4281	-0.0801	0.0496	0.0525	1.3958	-9.4511	2.2134	0.2656591309275207	6	0	1	Upright	Normal
0.6512	-8.9639	2.9880	30.0135	74.2833	90.6988	15.4338	15.3809	-13.7971	-0.5622	0.4917	0.6879	-0.2698	-0.5567	0.6576	-0.4299	-0.0534	0.2841	0.1845	1.2134	-9.4556	2.3001	0.11772386246656374	6	0	1	Upright	Normal
-0.1532	-9.5385	4.0989	26.1978	74.4136	92.3624	16.9622	14.9986	-13.9861	-0.9261	-0.0525	1.7347	-0.3000	-0.5380	0.6546	-0.4382	-0.3069	0.7347	0.0652	0.7729	-9.4860	2.3641	0.9118318565187256	6	0	1	Upright	Normal
3.2184	-9.2314	4.5197	23.1432	73.8562	90.5730	17.9179	14.6438	-11.9338	2.2411	0.1989	2.0125	-0.3055	-0.5281	0.6413	-0.4653	-0.1195	-0.1122	-0.4824	0.9773	-9.4303	2.5072	0.3875040127478364	0	0	1	Upright	Normal
-1.6855	-8.8107	0.2682	26.7434	73.6281	85.0661	18.6494	15.9019	-11.3561	-3.7339	0.4565	-2.2003	-0.2577	-0.5548	0.6287	-0.4803	0.2225	0.1339	-1.0438	2.0484	-9.2672	2.4684	-1.7960600951399854	0	0	1	Upright	Normal
-2.4128	-13.6368	2.1063	21.5096	70.2892	90.4993	18.5515	16.9101	-11.3179	-3.5449	-4.3944	-0.9707	-0.2942	-0.5065	0.6461	-0.4893	1.6127	0.3597	0.8428	1.1322	-9.2424	3.0770	5.03339013639857	0	0	1	Upright	Normal
3.9840	-7.4699	-0.9577	28.4957	65.7280	87.3637	16.7215	15.7920	-14.2394	1.6516	1.3720	-4.5005	-0.2138	-0.5231	0.6589	-0.4965	-2.4844	0.9349	-0.7360	2.3324	-8.8419	3.5428	-5.48796048377339	0	0	1	Upright	Normal
0.5369	-6.2818	2.7958	29.1698	67.8615	84.4976	15.9777	17.6662	-13.8270	-2.1269	2.5874	-0.4310	-0.2085	-0.5404	0.6439	-0.4999	0.4461	-0.4841	0.1631	2.6638	-8.8692	3.2268	-1.6231151979934841	0	0	1	Upright	Normal
4.2527	-10.8403	2.9491	31.3625	69.3425	86.2639	15.1424	18.1041	-13.5459	1.8582	-1.8009	-0.0049	-0.2122	-0.5517	0.6536	-0.4727	-0.9856	-1.2244	0.1226	2.3945	-9.0395	2.9540	5.115480642825832	0	1	2	Jump	Normal
2.3373	-10.2274	6.8947	27.3736	74.6275	80.5061	14.4552	18.9093	-12.9445	-0.4012	-1.0982	4.5862	-0.2369	-0.5711	0.6088	-0.4971	-0.7587	0.1540	-0.3759	2.7385	-9.1292	2.3085	0.5415919784132566	0	1	2	PT	Normal
1.2641	-9.6534	0.0766	21.3615	68.2511	79.8616	13.8789	20.8044	-11.9846	-1.6420	-0.9200	-3.3074	-0.2362	-0.5212	0.6019	-0.5570	2.4233	2.0055	-0.5059	2.9061	-8.7334	3.3841	-2.8177505773274785	0	1	2	PT	Normal
-0.8805	-7.6992	0.3059	24.8027	72.3375	79.6178	13.4582	19.3601	-14.5400	-3.7921	1.2674	-2.3949	-0.2358	-0.5538	0.6021	-0.5245	-2.6260	1.5059	0.4228	2.9116	-8.9666	2.7008	-1.980696143136087	0	1	2	PT	Normal
-0.8422	-8.8484	3.7535	10.2989	80.3081	78.1211	14.5585	21.7495	-9.9889	-3.1207	0.5507	2.1292	-0.3514	-0.5419	0.5246	-0.5546	0.0084	0.8316	-0.1173	2.2785	-9.3990	1.6243	1.893012470906224	0	1	2	PT	Normal
3.0646	-9.5768	1.1109	16.8392	71.4052	82.0342	16.0552	22.4681	-8.8229	0.8794	-0.4972	-1.8820	-0.2892	-0.5136	0.5917	-0.5500	2.1528	-1.0986	0.2364	2.1852	-9.0796	2.9929	0.46793933689260925	0	1	2	PT	Normal
0.5752	-8.5419	5.3241	13.3953	74.1130	82.8076	16.5692	21.2690	-10.7562	-1.2225	0.7382	2.7128	-0.3260	-0.5105	0.5769	-0.5480	-0.4678	0.6995	0.3887	1.7977	-9.2801	2.6113	-0.034658268716462715	0	1	2	Upright	Normal
1.9154	-9.2703	3.1029	9.6299	74.7886	83.0875	18.5212	21.1656	-10.8071	0.3493	0.0723	0.5661	-0.3514	-0.4972	0.5632	-0.5587	-0.4465	0.2702	-0.0363	1.5661	-9.3426	2.5368	-0.12002653618682046	0	1	2	Upright	Normal
0.8811	-9.1554	4.6352	9.4403	74.7218	82.5224	20.4700	20.9967	-10.1637	-0.7702	0.1691	2.0861	-0.3497	-0.4977	0.5599	-0.5625	-0.0768	-0.0109	-0.5198	1.6513	-9.3245	2.5491	0.3379621358584739	0	1	2	Upright	Normal
-2.9491	-12.4876	0.3825	6.5534	73.2466	79.8791	22.9508	21.4591	-11.9087	-4.9166	-3.3000	-2.4258	-0.3472	-0.4861	0.5405	-0.5925	1.2079	1.2653	0.0778	1.9676	-9.1876	2.8082	2.537159700995039	0	0	2	Upright	Normal
7.4705	-10.4573	-6.1298	12.8346	59.1631	83.6903	23.2468	19.1510	-17.5812	5.4353	-2.2106	-11.0310	-0.2549	-0.4303	0.6176	-0.6070	1.9174	-2.1233	-0.5422	2.0352	-8.2467	4.9012	1.4017987388891129	0	1	3	PT	Normal
0.8051	-8.8484	4.9793	10.3661	72.8357	75.7211	20.8573	17.5829	-22.7736	-2.0105	0.1037	2.1326	-0.3055	-0.5114	0.5342	-0.5998	-1.7972	0.8658	-0.8660	2.8156	-8.9521	2.8467	-4.053530207856124	0	1	3	Jump	Normal
-0.0760	-7.4310	1.7615	11.3155	70.7687	78.4737	19.0068	19.8244	-22.5817	-2.5471	1.5151	-1.4057	-0.3022	-0.4972	0.5574	-0.5923	0.5432	-0.3411	0.4315	2.4711	-8.9461	3.1672	-2.547772612585062	0	1	3	PT	Normal
4.3293	-9.1548	2.0297	16.9374	72.1589	81.1152	15.7440	19.6073	-24.2553	2.0228	-0.0669	-0.8444	-0.2883	-0.5199	0.5857	-0.5509	-0.6914	-0.8769	0.3881	2.3065	-9.0879	2.8741	2.6909522318429815	0	1	3	PT	Normal
1.8010	-9.5762	5.6306	12.4045	75.5651	78.5019	14.4583	20.6112	-24.3878	-0.6066	-0.3744	3.2431	-0.3193	-0.5257	0.5484	-0.5666	-0.6285	-0.2484	-0.2937	2.4077	-9.2018	2.3875	0.9256692761076408	0	1	3	PT	Normal
0.8811	-6.8953	-5.8227	15.1843	66.1643	74.2161	11.5285	20.6833	-23.4567	-2.5576	1.4545	-9.6473	-0.2381	-0.4983	0.5586	-0.6188	3.7966	2.8046	-0.5622	3.4387	-8.3498	3.8246	-2.1861076124123375	0	1	3	PT	Normal
-0.1149	-9.5768	0.5363	15.2073	77.5649	73.1636	10.2634	18.7435	-26.1457	-3.4188	-0.5710	-1.5013	-0.2872	-0.5600	0.5270	-0.5711	-3.0137	0.8690	0.4413	3.3038	-9.0058	2.0376	0.5246745653693203	0	1	3	PT	Normal
-1.3791	-9.9216	3.4477	4.6656	80.8796	74.8736	11.5911	22.6917	-22.8037	-4.0276	-0.6072	1.8985	-0.3694	-0.5334	0.4832	-0.5878	0.0564	0.8935	-0.1637	2.6486	-9.3143	1.5492	1.0012175214470567	0	1	3	PT	Normal
2.2990	-8.7334	-1.2264	12.1035	73.5013	78.1791	12.8420	23.2624	-22.4606	-0.1986	0.3505	-3.9494	-0.3096	-0.5151	0.5514	-0.5786	0.7658	0.6101	0.0961	2.4976	-9.0839	2.7230	-1.4798893026238442	0	1	3	PT	Normal
1.8004	-8.8107	3.6775	8.1546	77.0329	75.5401	12.7431	21.0408	-23.7470	-0.8879	0.3653	1.4994	-0.3365	-0.5251	0.5130	-0.5898	-0.3165	0.2618	-0.2747	2.6884	-9.1759	2.1781	0.6018303661752302	0	1	3	PT	Normal
1.5323	-10.2280	1.6089	6.9004	78.0451	72.9143	11.7930	21.9708	-23.4600	-1.5196	-1.1292	-0.4076	-0.3359	-0.5333	0.4913	-0.6012	-0.5849	0.7528	-0.7881	3.0519	-9.0989	2.0165	0.7508892507951721	0	2	4	PT	Normal
-2.1063	-7.0096	1.0337	1.2570	72.1779	76.4553	11.9604	20.9489	-22.5494	-4.3567	2.0514	-1.9670	-0.3575	-0.4682	0.5051	-0.6308	1.0630	-0.3635	0.6756	2.2504	-9.0610	3.0007	-3.0746853000248597	0	2	4	PT	Normal
6.7427	-8.1205	-5.7084	3.3809	69.0391	71.6332	10.7909	19.5075	-23.2764	3.6609	0.5056	-9.2103	-0.3118	-0.4735	0.4955	-0.6580	0.9704	2.1760	-1.7714	3.0818	-8.6262	3.5020	4.607825428796631	0	2	4	Jump	Normal
1.0732	-6.2818	1.1486	-1.7271	84.2667	68.0341	9.3880	21.0604	-23.0942	-2.5492	2.7786	0.1695	-0.3845	-0.5497	0.4064	-0.6203	-2.3202	0.6325	-0.0898	3.6224	-9.0604	0.9791	-5.524185075921221	0	2	4	Jump	Normal
0.9200	-8.9633	1.1869	-0.7277	79.7936	73.4136	10.4297	23.6829	-20.4442	-1.8139	0.2930	-0.5505	-0.3873	-0.5113	0.4553	-0.6175	1.7171	-0.2985	0.8232	2.7339	-9.2563	1.7374	2.6127312010263504	0	2	4	PT	Normal
2.8353	-10.1508	-0.3454	7.6927	75.3162	77.8930	9.6702	19.0471	-23.9550	0.5204	-0.9451	-2.8087	-0.3419	-0.5075	0.5284	-0.5885	-0.3974	0.7444	-0.2197	2.3149	-9.2057	2.4633	1.4567698180332034	0	2	4	PT	Normal
-0.1909	-7.5842	2.1829	5.5226	80.6639	78.1538	9.6465	20.1775	-23.4750	-2.3272	1.8551	0.5994	-0.3790	-0.5250	0.5042	-0.5714	-1.0589	-0.4455	-0.1004	2.1362	-9.4393	1.5835	-2.650595026903181	0	2	4	PT	Normal
1.7627	-7.3544	3.9450	3.3768	76.6376	77.9549	9.6062	20.7172	-23.3140	-0.3588	1.9489	1.6827	-0.3719	-0.4963	0.5075	-0.5982	0.9288	0.3768	-0.2645	2.1216	-9.3033	2.2624	0.635389147034056	0	2	4	PT	Normal
0.7284	-8.1205	2.2212	6.9097	71.6572	77.5438	8.8265	19.2811	-23.8690	-1.6418	0.8887	-0.8425	-0.3278	-0.4861	0.5343	-0.6089	0.0842	0.2949	-0.2523	2.3703	-9.0092	3.0637	-0.07953614642833529	0	2	4	Upright	Normal
1.5329	-8.0439	3.6769	7.7886	68.9284	77.3613	8.0257	18.3066	-24.1427	-0.9354	0.7808	0.1838	-0.3091	-0.4757	0.5441	-0.6181	0.8788	-0.5179	-0.1937	2.4683	-8.8247	3.4931	0.526030128354531	0	0	5	Upright	Normal
2.0692	-7.7758	3.5620	11.2910	65.3342	75.8931	6.5608	17.8617	-25.2721	-0.8800	0.6722	-0.4513	-0.2650	-0.4745	0.5570	-0.6280	0.6328	-0.3198	-0.5836	2.9492	-8.4479	4.0133	-0.17671116550589971	0	0	5	Upright	Normal
2.6055	-6.7032	4.5197	12.3079	61.5516	73.5994	6.1951	17.0517	-25.8481	-0.7843	1.2873	-0.0444	-0.2310	-0.4625	0.5556	-0.6511	0.7148	-0.1408	-0.5368	3.3897	-7.9905	4.5641	-0.3055050434925288	0	0	5	Tilt	Normal
2.5283	-7.0102	5.0566	13.3096	58.2632	71.5605	5.3152	16.2997	-25.9993	-1.2362	0.5264	0.0368	-0.2006	-0.4515	0.5530	-0.6709	0.7595	-0.0865	-0.6848	3.7644	-7.5366	5.0197	0.5117297504593701	0	0	5	Tilt	Normal
2.7204	-6.9713	5.3624	14.3880	51.7190	69.7644	5.9990	14.5010	-26.0999	-1.3586	-0.2704	-0.5224	-0.1550	-0.4194	0.5554	-0.7011	0.9864	0.2097	-0.6781	4.0790	-6.7009	5.8848	0.20044573963516576	0	0	5	Upright	Normal
4.3293	-8.1971	7.0479	15.0958	46.4576	67.8896	5.6224	12.7329	-26.3358	0.0238	-2.2734	0.5255	-0.1182	-0.3918	0.5517	-0.7268	0.8096	0.1223	-0.6227	4.3055	-5.9237	6.5224	2.4388480297640722	0	0	5	Upright	Normal
4.4825	-6.7798	8.6568	15.9336	42.3886	65.8123	6.5011	11.5589	-26.3546	-0.0400	-1.5636	1.6921	-0.0860	-0.3708	0.5437	-0.7480	0.5731	0.0200	-0.5620	4.5225	-5.2162	6.9647	0.2291942602631476	0	0	5	Upright	Normal
4.2527	-5.3624	7.5842	16.4325	39.7154	64.8049	6.7321	10.8362	-27.0427	-0.3457	-0.6006	0.3490	-0.0667	-0.3559	0.5398	-0.7599	0.4314	0.1298	-0.3916	4.5984	-4.7618	7.2353	-1.6585694845822196	0	0	5	Upright	Normal
4.9422	-6.1669	8.4270	16.6283	36.9425	65.0108	6.4230	10.2331	-26.8506	0.4196	-1.7720	0.9170	-0.0528	-0.3381	0.5430	-0.7669	0.5742	0.2501	0.0260	4.5226	-4.3949	7.5100	1.3372187568723	0	0	5	Upright	Normal
3.9846	-5.0943	8.2738	16.9236	35.7051	65.7788	8.1058	9.6415	-27.1316	-0.4775	-0.8257	0.6554	-0.0470	-0.3307	0.5491	-0.7661	0.0692	-0.1834	-0.0329	4.4620	-4.2686	7.6184	-1.0512840816791869	0	0	5	Upright	Normal
3.9079	-3.9834	7.2395	17.1375	35.9612	65.3796	6.8001	9.3998	-27.4036	-0.6174	0.2776	-0.3457	-0.0456	-0.3334	0.5467	-0.7667	0.0596	-0.0471	-0.1298	4.5253	-4.2609	7.5851	-1.361109228869946	0	1	6	PT	Normal
3.7164	-3.9450	7.7375	16.8599	34.1480	65.3462	6.2274	8.7603	-27.2511	-0.7190	0.0762	-0.0295	-0.0388	-0.3201	0.5467	-0.7727	0.2951	0.1724	-0.1075	4.4354	-4.0212	7.7669	0.3063383906911188	0	1	6	Upright	Normal
4.0995	-3.9450	8.2738	16.6213	32.5083	65.1662	7.2110	7.9189	-26.9260	-0.2608	-0.1555	0.3494	-0.0322	-0.3081	0.5457	-0.7786	0.2557	0.1149	-0.1991	4.3603	-3.7896	7.9244	0.5942688101385816	0	0	6	Upright	Normal
3.8313	-4.0217	8.1588	16.4529	31.7635	64.5287	6.9019	8.5560	-27.0478	-0.5207	-0.3766	0.1625	-0.0282	-0.3025	0.5413	-0.7840	0.0490	-0.0417	-0.1991	4.3521	-3.6450	7.9963	-0.1710460582540989	0	0	6	Upright	Normal
3.9079	-3.4854	7.9673	16.3953	31.5734	63.4389	7.4597	7.6656	-27.1948	-0.4974	0.0530	-0.0479	-0.0249	-0.3012	0.5338	-0.7898	0.0533	0.0073	-0.1764	4.4053	-3.5383	8.0152	-0.336082406541081	0	0	6	Upright	Normal
4.0223	-3.5243	8.0062	16.3046	31.1849	62.9404	7.2731	7.9989	-27.5572	-0.3852	-0.0735	-0.0459	-0.0224	-0.2982	0.5303	-0.7933	0.0778	0.0019	-0.1348	4.4074	-3.4508	8.0521	0.09400135262038667	0	0	6	Upright	Normal
3.9846	-3.4471	8.1205	16.2763	30.6873	62.4251	6.9486	7.5165	-27.1938	-0.4272	-0.1047	0.0253	-0.0190	-0.2948	0.5267	-0.7970	0.0437	-0.0311	-0.1103	4.4118	-3.3423	8.0952	0.051959128271924726	0	0	6	Upright	Normal
3.9073	-3.5243	8.0445	16.2266	30.6908	62.0003	7.3432	7.3291	-27.1941	-0.5231	-0.2110	-0.0525	-0.0183	-0.2947	0.5237	-0.7991	0.0074	-0.0279	-0.1263	4.4305	-3.3133	8.0970	-0.06740314058723129	0	0	6	Upright	Normal
3.9073	-3.3327	8.0062	16.0796	30.6828	61.3254	6.7920	7.7171	-26.3858	-0.5432	-0.0630	-0.0976	-0.0176	-0.2941	0.5188	-0.8025	0.0160	-0.0066	-0.1093	4.4505	-3.2697	8.1038	-0.10084292757190028	0	0	6	Upright	Normal
4.0229	-3.3704	7.9673	16.0568	30.6838	61.0087	6.5205	7.6048	-26.9133	-0.4429	-0.1238	-0.1372	-0.0169	-0.2941	0.5166	-0.8040	0.0149	-0.0268	-0.0910	4.4658	-3.2467	8.1045	0.028766747332104714	1	0	7	Upright	Normal
4.0223	-3.4093	7.9296	15.8078	30.3659	60.4469	6.9664	7.5613	-26.5444	-0.4280	-0.2336	-0.2116	-0.0159	-0.2910	0.5123	-0.8078	0.0394	0.0126	-0.1581	4.4502	-3.1758	8.1412	-0.017857202823078566	1	0	7	Upright	Normal
4.0995	-3.3704	8.2355	15.3592	30.1137	59.8237	7.1042	7.8546	-27.2827	-0.3160	-0.2463	0.0555	-0.0165	-0.2875	0.5073	-0.8122	0.0160	0.0424	-0.1581	4.4155	-3.1241	8.1799	0.27475036987198465	1	0	7	Upright	Normal
3.9079	-3.3704	8.0822	14.9327	29.9963	59.0933	7.2450	7.3612	-27.1927	-0.4880	-0.2879	-0.1240	-0.0173	-0.2851	0.5016	-0.8166	0.0043	0.0424	-0.1571	4.3959	-3.0825	8.2063	-0.20817071425703126	1	0	7	Upright	Normal
3.9846	-3.3704	8.1205	14.3361	29.8890	58.2841	7.3247	7.0975	-26.7063	-0.3753	-0.3199	-0.1169	-0.0193	-0.2822	0.4949	-0.8216	-0.0181	0.0563	-0.1837	4.3598	-3.0505	8.2374	0.06370962716780326	1	0	7	Upright	Normal
3.9079	-3.2555	8.2355	13.7155	30.0217	57.3066	7.4864	7.5707	-27.2432	-0.4365	-0.2135	-0.0133	-0.0221	-0.2810	0.4870	-0.8267	-0.0681	0.0308	-0.1916	4.3444	-3.0420	8.2488	0.026601991077553677	1	0	7	Upright	Normal
4.0223	-3.3327	8.1594	13.3140	30.2297	56.5655	6.8211	7.3406	-27.3529	-0.3264	-0.2875	-0.0859	-0.0242	-0.2811	0.4810	-0.8301	-0.0575	0.0095	-0.1682	4.3486	-3.0453	8.2453	0.00868263941919345	1	0	7	Upright	Normal
3.9462	-3.2172	8.1205	12.8477	30.2509	55.8015	7.0632	7.5356	-27.0091	-0.3885	-0.1896	-0.1386	-0.0259	-0.2797	0.4747	-0.8341	-0.0074	0.0276	-0.1117	4.3347	-3.0276	8.2591	-0.10357617120347129	1	0	7	Upright	Normal
3.9462	-3.2172	8.1588	12.4832	30.2239	55.2988	7.4317	7.5434	-26.9893	-0.3698	-0.2014	-0.1143	-0.0273	-0.2783	0.4705	-0.8369	-0.0085	0.0158	-0.1117	4.3160	-3.0158	8.2732	0.032471275137330835	1	0	7	Tilt	Normal
3.9073	-3.2561	8.1977	12.1642	30.4069	54.8947	8.2704	7.6339	-27.2278	-0.4051	-0.2203	-0.0700	-0.0295	-0.2785	0.4670	-0.8387	-0.0234	-0.0161	-0.0883	4.3124	-3.0358	8.2678	0.03024058077195768	1	0	7	Tilt	Normal
3.9456	-3.2944	8.0828	11.8852	30.5793	54.4868	7.8275	8.1596	-27.3349	-0.3677	-0.2435	-0.1788	-0.0313	-0.2789	0.4635	-0.8405	-0.0138	-0.0001	-0.0937	4.3133	-3.0510	8.2616	-0.06860321295529381	2	0	8	Tilt	Fall
3.9840	-3.3710	8.0828	11.6033	30.7158	54.0758	7.3131	7.4902	-27.1800	-0.3280	-0.3095	-0.1757	-0.0330	-0.2790	0.4600	-0.8423	-0.0020	-0.0065	-0.0979	4.3120	-3.0616	8.2585	0.04245146741284955	2	0	8	Tilt	Normal
3.9079	-3.4087	8.1205	11.2864	30.8049	53.5822	7.2365	7.7788	-26.9521	-0.4000	-0.3460	-0.1396	-0.0345	-0.2787	0.4558	-0.8447	-0.0031	0.0010	-0.1022	4.3079	-3.0628	8.2601	0.013807553343436751	2	0	8	Tilt	Normal
3.9840	-3.3710	8.1211	10.9850	30.9138	53.1289	7.7230	7.3288	-26.6141	-0.3216	-0.3024	-0.1381	-0.0361	-0.2785	0.4519	-0.8467	-0.0138	-0.0065	-0.1032	4.3055	-3.0686	8.2592	0.01839117185267547	2	0	8	Tilt	Normal
3.9462	-3.3321	8.0822	10.7101	30.9119	52.7760	7.1700	7.3851	-27.5982	-0.3463	-0.2664	-0.1848	-0.0373	-0.2777	0.4488	-0.8486	0.0129	0.0223	-0.1139	4.2925	-3.0658	8.2670	-0.06187750951936266	2	0	8	Tilt	Normal
3.8696	-3.2938	8.1971	10.4456	30.8943	52.3517	7.6121	7.8641	-27.1629	-0.4139	-0.2388	-0.0786	-0.0383	-0.2767	0.4452	-0.8507	0.0097	0.0042	-0.0937	4.2835	-3.0550	8.2757	0.05292303248595864	2	0	8	Tilt	Normal
3.8696	-3.4087	8.1588	10.1867	30.9162	51.9784	7.5941	8.2086	-27.7348	-0.4060	-0.3560	-0.1218	-0.0394	-0.2761	0.4420	-0.8526	0.0044	0.0053	-0.0900	4.2756	-3.0528	8.2806	0.0074466260928289785	2	0	8	Tilt	Normal
3.9846	-3.3321	8.1588	9.8855	31.0108	51.5029	7.3133	7.5745	-27.5636	-0.2897	-0.2761	-0.1212	-0.0409	-0.2760	0.4378	-0.8547	0.0054	-0.0011	-0.1081	4.2742	-3.0560	8.2800	0.020021275470224253	2	0	8	Tilt	Normal
3.8696	-3.3704	8.1205	9.6408	31.1467	51.0170	7.1747	8.2835	-26.7281	-0.4139	-0.3117	-0.1538	-0.0422	-0.2763	0.4337	-0.8566	-0.0063	-0.0118	-0.1113	4.2835	-3.0587	8.2744	-0.06588006503530153	2	0	8	Tilt	Normal
3.9073	-3.3327	8.1211	9.4233	31.2024	50.6383	7.2138	7.7687	-27.2344	-0.3765	-0.2756	-0.1537	-0.0431	-0.2761	0.4305	-0.8582	0.0054	-0.0054	-0.1156	4.2838	-3.0571	8.2748	0.0026146871364503	2	0	8	Tilt	Normal
3.9073	-3.3710	8.0828	9.1965	31.2820	50.1370	6.9395	8.2425	-27.3463	-0.3846	-0.3208	-0.1903	-0.0439	-0.2761	0.4263	-0.8603	0.0044	-0.0043	-0.1049	4.2919	-3.0502	8.2732	-0.018952972971336024	3	0	9	Tilt	Normal
3.9079	-3.2938	8.0822	8.9271	31.1685	49.6740	7.2919	8.1370	-26.8326	-0.3692	-0.2670	-0.2071	-0.0445	-0.2746	0.4223	-0.8627	0.0406	0.0244	-0.0965	4.2771	-3.0269	8.2893	-0.0271262394716274	3	0	9	Tilt	Normal
3.9079	-3.3704	8.1971	8.6561	31.0053	49.3826	7.8500	8.1003	-26.8644	-0.3409	-0.3593	-0.1125	-0.0453	-0.2725	0.4197	-0.8646	0.0267	0.0095	-0.0933	4.2488	-3.0112	8.3097	0.12369383329809835	3	0	9	Tilt	Normal
3.9073	-3.2561	8.2361	8.3323	30.8115	49.0329	6.8739	7.4972	-26.7985	-0.3075	-0.2634	-0.0974	-0.0462	-0.2701	0.4165	-0.8668	0.0203	0.0265	-0.1029	4.2148	-2.9928	8.3335	-0.006258082551376276	3	0	9	Tilt	Normal
3.8307	-3.3327	8.1977	8.0977	30.6469	48.6345	7.1467	7.1910	-27.1221	-0.3647	-0.3663	-0.1549	-0.0465	-0.2683	0.4132	-0.8690	0.0352	0.0138	-0.0987	4.1954	-2.9664	8.3526	-0.03721497227964932	3	0	9	Tilt	Normal
3.7541	-3.2561	8.2361	7.7262	30.4534	48.2899	7.8476	7.5898	-27.0103	-0.4013	-0.3017	-0.1408	-0.0479	-0.2657	0.4099	-0.8712	0.0363	0.0542	-0.0976	4.1554	-2.9544	8.3769	-0.023602370984002974	3	0	9	Tilt	Normal
3.7547	-3.2172	8.1971	7.3668	30.3364	47.7959	7.5681	7.8603	-27.2974	-0.3765	-0.2771	-0.1968	-0.0491	-0.2638	0.4056	-0.8738	-0.0021	0.0020	-0.1028	4.1312	-2.9401	8.3939	-0.04627996643414001	3	0	9	Tilt	Normal
3.7924	-3.2561	8.2361	7.0713	30.4062	47.3410	7.5767	7.7704	-27.3368	-0.3365	-0.3114	-0.1574	-0.0506	-0.2636	0.4015	-0.8756	-0.0117	-0.0086	-0.1102	4.1290	-2.9447	8.3935	0.06129183851528808	3	0	9	Tilt	Normal
3.7541	-3.2178	8.2744	6.7474	30.3783	46.9016	7.9474	8.0722	-27.3715	-0.3600	-0.2756	-0.1272	-0.0520	-0.2626	0.3975	-0.8777	0.0182	0.0159	-0.1070	4.1141	-2.9422	8.4016	0.004948016527851706	3	0	9	Tilt	Normal
3.7924	-3.2944	8.2744	6.5107	30.3535	46.5135	7.8630	7.3990	-26.9232	-0.3141	-0.3591	-0.1333	-0.0529	-0.2618	0.3941	-0.8794	0.0107	0.0020	-0.0921	4.1065	-2.9353	8.4077	0.04078167469465299	3	0	9	Tilt	Normal
3.7158	-3.2561	8.2361	6.2693	30.3739	46.1377	7.3663	7.2922	-27.0934	-0.3862	-0.3210	-0.1739	-0.0539	-0.2613	0.3908	-0.8810	0.0033	-0.0044	-0.0974	4.1020	-2.9351	8.4099	-0.07562425992321309	4	0	10	Tilt	Normal
3.7930	-3.1789	8.2355	5.9926	30.4051	45.7302	7.8833	7.3432	-27.3402	-0.3038	-0.2412	-0.1761	-0.0553	-0.2609	0.3871	-0.8826	0.0033	0.0021	-0.1010	4.0968	-2.9377	8.4116	0.003800492052077331	4	0	10	Tilt	Normal
3.7547	-3.2555	8.2355	5.7640	30.3588	45.2838	7.5996	7.2695	-27.2718	-0.3364	-0.3313	-0.1836	-0.0559	-0.2600	0.3832	-0.8845	0.0140	-0.0022	-0.1127	4.0911	-2.9242	8.4191	0.010599693814963729	4	0	10	Tilt	Normal
3.6781	-3.1789	8.2738	5.4979	30.3237	44.8697	8.0269	7.2215	-27.0314	-0.4030	-0.2605	-0.1522	-0.0569	-0.2591	0.3795	-0.8863	0.0086	0.0063	-0.1010	4.0811	-2.9184	8.4259	-0.022374550242744817	4	0	10	Tilt	Normal
3.7164	-3.3321	8.1971	5.2106	30.3299	44.4475	7.9845	7.5368	-26.7437	-0.3572	-0.4130	-0.2322	-0.0582	-0.2585	0.3757	-0.8880	0.0012	0.0031	-0.1052	4.0736	-2.9191	8.4294	9.050430548942501E-4	4	0	10	Tilt	Normal
3.7930	-3.2555	8.2355	4.9295	30.2725	44.0030	7.8544	7.5207	-27.1356	-0.2684	-0.3446	-0.2025	-0.0592	-0.2574	0.3717	-0.8900	0.0193	0.0085	-0.1116	4.0615	-2.9109	8.4379	0.036484609825009784	4	0	10	Tilt	Normal
3.6398	-3.2172	8.3121	4.5930	30.1806	43.3612	7.6994	7.1817	-27.2296	-0.4106	-0.3256	-0.1380	-0.0602	-0.2560	0.3661	-0.8926	0.0012	0.0042	-0.1294	4.0504	-2.8916	8.4500	-0.006181397086223228	4	0	10	Tilt	Normal
3.7547	-3.1789	8.3121	4.2927	30.1503	42.8219	6.9819	7.0615	-27.3356	-0.2894	-0.2963	-0.1440	-0.0612	-0.2552	0.3613	-0.8947	0.0044	0.0010	-0.1188	4.0441	-2.8826	8.4560	0.03135137918210873	4	0	10	Tilt	Normal
3.6398	-3.2172	8.3121	4.0325	30.0502	42.2969	7.2496	6.9676	-27.2483	-0.3941	-0.3539	-0.1553	-0.0618	-0.2539	0.3567	-0.8969	0.0183	0.0128	-0.1209	4.0339	-2.8633	8.4674	-0.03135137918210873	4	0	10	Tilt	Normal
3.6398	-3.1023	8.4270	3.7532	29.9510	41.6922	7.9906	7.4272	-27.6332	-0.3861	-0.2610	-0.0516	-0.0623	-0.2526	0.3515	-0.8993	0.0033	0.0021	-0.1188	4.0259	-2.8413	8.4786	0.06197658682442331	5	0	11	Tilt	Normal
Total time: 11 seconds.
