-2.0297	-9.2698	2.6426	75.0760	-55.0103	-94.3904	1.0698	19.9580	-13.4703	-4.0987	0.2062	1.1944	-0.0985	-0.6453	0.7072	0.2715	0.2598	-0.1996	-0.4009	2.0690	-9.4760	1.4482	0.29630580443860843	6	0	1	Upright	Normal
-0.5746	-9.4619	1.8771	72.6337	-52.2709	-102.1928	0.6610	19.4045	-16.0333	-2.8897	-0.1022	0.0860	-0.0577	-0.6367	0.7268	0.2513	-0.0566	-0.3966	-0.7013	2.3150	-9.3597	1.7910	-0.18709732024025172	6	0	1	Upright	Normal
-2.8730	-9.2320	1.4557	73.7708	-52.1530	-104.0445	-0.2084	20.1341	-16.8306	-5.0373	0.1839	-0.2258	-0.0546	-0.6413	0.7286	0.2341	-0.1567	-0.1506	-0.2742	2.1642	-9.4159	1.6815	0.11428405901830274	6	0	1	Upright	Normal
-0.6889	-6.5499	2.5277	75.9345	-43.3473	-114.5072	0.7673	19.7162	-16.4025	-2.3248	2.9628	0.7946	-0.0644	-0.6384	0.7391	0.2052	-0.1216	-0.5937	0.2691	1.6358	-9.5128	1.7331	-2.7232456287720597	6	0	1	Upright	Normal
-2.7192	-7.0479	1.3785	78.6932	-50.9804	-106.9459	1.8384	18.3506	-15.7454	-4.2129	2.5685	0.1680	-0.0732	-0.6580	0.7233	0.1962	-1.0558	1.1715	-0.1083	1.4937	-9.6165	1.2104	0.624576707554283	6	0	1	Upright	Normal
-2.0297	-6.6266	1.9914	81.7440	-42.5025	-112.5083	4.6241	19.1576	-12.3112	-2.9811	3.0785	0.9533	-0.1109	-0.6594	0.7178	0.1943	-0.3964	-1.3745	-0.2670	0.9514	-9.7050	1.0380	-0.4681037568448758	6	0	1	Upright	Normal
-1.4557	-19.0004	3.4860	78.9820	-61.3377	-101.8242	4.4071	18.1515	-14.0306	-3.1002	-9.3743	2.5871	-0.0394	-0.6728	0.7197	0.1667	1.1738	-1.9806	-1.3387	1.6445	-9.6260	0.8989	12.161405111382113	6	0	1	Upright	Normal
-5.7461	-8.8490	0.7278	69.1071	5.9040	-156.8851	6.1236	16.1313	-15.9292	-5.3864	0.3129	-2.7508	-0.1550	-0.5464	0.8000	0.1934	2.5576	1.2717	1.5908	-0.3597	-9.1619	3.4786	-8.796294133122174	6	0	1	Upright	Normal
-3.8690	-4.9416	-1.3024	75.7677	-17.6467	-144.7421	6.4141	12.0057	-21.0428	-4.5999	4.5641	-3.5998	-0.0684	-0.6150	0.7718	0.1464	-3.3120	3.6515	-0.2223	0.7308	-9.5057	2.2974	-4.166274273234288	6	0	1	Upright	Normal
-3.9067	-8.9633	2.5277	86.0121	-73.0934	-76.9885	8.0862	15.7709	-13.9033	-4.5590	0.8197	2.3294	-0.1578	-0.6819	0.6836	0.2070	-1.3147	-1.4501	-0.7228	0.6523	-9.7830	0.1983	3.6893806042714274	6	0	1	Upright	Normal
-1.4168	-5.0176	-0.2304	78.3675	-78.0710	-78.1375	7.2880	17.0892	-14.4008	-3.3513	4.5877	-0.6391	-0.0733	-0.6883	0.6884	0.2167	0.9714	-0.6021	-2.1971	1.9345	-9.6054	0.4087	-4.880243593009221	6	1	2	Jump	Normal
-5.6312	-9.0788	2.0303	72.4185	-54.2884	-84.8125	5.0388	18.6201	-14.0706	-8.0363	0.2698	0.3014	-0.1399	-0.6263	0.6832	0.3484	0.3269	1.1460	0.0890	2.4051	-9.3486	1.7289	5.655729186676031	6	1	2	Jump	Normal
-8.3887	-18.8849	1.7998	72.4052	-51.3144	-101.3176	5.9542	17.1310	-15.3574	-10.7025	-9.5369	-0.0530	-0.0673	-0.6332	0.7247	0.2633	0.9054	-3.2003	0.3553	2.3138	-9.3480	1.8528	9.867833829343663	6	1	2	Jump	Normal
-0.9188	-14.7094	8.4270	69.1176	-53.5576	-102.0288	4.2323	14.6750	-21.2042	-3.7308	-5.5468	6.3506	-0.0302	-0.6271	0.7323	0.2639	-0.6031	-3.4954	-1.9350	2.8120	-9.1626	2.0764	-3.765253921096278	6	1	2	Jump	Normal
-1.4557	-6.0525	0.6512	66.1838	-59.5247	-89.0139	2.9156	16.5352	-20.9567	-4.8685	2.9191	-1.3571	-0.0465	-0.6288	0.7031	0.3287	0.0478	-0.2154	-1.0399	3.4128	-8.9717	2.0083	-10.718126266494734	6	1	2	Jump	Normal
-1.7615	-3.1406	2.3361	67.8524	-53.8644	-93.6973	3.4303	17.1766	-20.0164	-4.7473	5.9426	0.1561	-0.0661	-0.6201	0.7126	0.3215	-0.3580	0.1489	0.7892	2.9857	-9.0832	2.1801	-1.966789863494852	6	1	2	PT	Normal
-2.4511	-7.0479	1.6849	71.7702	-54.2356	-92.0167	4.7160	15.8369	-19.5202	-4.9403	2.2666	-0.1080	-0.0967	-0.6319	0.7044	0.3086	-0.4805	0.8903	-0.3134	2.4892	-9.3145	1.7930	3.3575417312105857	6	1	2	PT	Normal
-2.8347	-8.8107	2.2984	74.8173	-47.5324	-92.2667	5.5460	15.5915	-17.0338	-4.7291	0.6538	0.5644	-0.1545	-0.6227	0.6938	0.3273	0.1618	-0.6138	-0.4220	1.8944	-9.4644	1.7340	1.8867776440744937	6	1	2	PT	Normal
-5.0176	-12.6791	3.2172	69.0361	-27.9846	-108.6495	5.3353	15.2528	-18.3908	-6.6640	-3.5216	0.1190	-0.1588	-0.5628	0.7294	0.3550	1.2814	2.8089	0.7008	1.6463	-9.1575	3.0982	4.473626849572911	6	1	2	Jump	Normal
-3.0640	-11.4150	0.7272	68.2206	-33.5843	-107.8283	6.9980	13.9827	-18.4182	-5.0766	-2.3082	-2.3038	-0.1229	-0.5748	0.7360	0.3359	0.3972	-1.9433	-0.7803	2.0126	-9.1068	3.0311	-2.1688037218294003	6	2	3	PT	Normal
-2.4894	-1.9148	0.4980	66.1644	-34.8079	-106.6117	5.2907	13.3907	-20.6708	-4.7514	7.0556	-2.7559	-0.1103	-0.5674	0.7386	0.3468	-0.8694	1.5050	-0.7057	2.2621	-8.9703	3.2539	-8.661545968267358	6	2	3	Jump	Normal
-2.2984	-10.1897	1.6472	70.9612	-55.5600	-82.1432	5.6618	15.1444	-17.2606	-4.9367	-0.9194	-0.1619	-0.1378	-0.6235	0.6773	0.3654	-1.6300	-0.4072	-1.3534	2.6383	-9.2703	1.8091	7.394906230413461	6	2	3	Jump	Normal
-0.6895	-5.1715	0.1149	68.6624	-66.1357	-72.4469	3.7720	17.2985	-16.5896	-3.9527	3.9630	-1.3286	-0.1150	-0.6428	0.6572	0.3764	-0.0204	0.6251	-0.6844	3.2631	-9.1345	1.4436	-5.356249286553469	6	2	3	Jump	Normal
-5.0182	-13.0628	2.5283	72.4932	-66.7822	-71.3245	4.7451	17.8915	-15.6031	-7.7292	-3.7103	1.3654	-0.1423	-0.6484	0.6570	0.3574	0.6018	-1.3563	0.6940	2.7110	-9.3525	1.1628	9.001577749661095	6	2	3	Jump	Normal
-3.4477	-7.1635	0.9960	73.3386	-32.7011	-116.6678	5.5408	12.2578	-19.9267	-4.9666	2.2315	-1.3699	-0.1086	-0.6063	0.7433	0.2610	-0.0459	0.6581	-0.4053	1.5190	-9.3950	2.3659	-6.20796537501494	6	2	3	Jump	Normal
-0.3825	-5.2092	0.0377	71.6670	-41.8744	-111.0523	4.4367	11.3121	-22.9445	-2.4413	4.0998	-2.2589	-0.0707	-0.6147	0.7426	0.2561	-1.6279	0.7208	-1.6176	2.0589	-9.3090	2.2966	-2.7887794759626114	6	2	3	PT	Normal
-1.8765	-4.6729	4.2132	67.5240	-48.1152	-104.0792	3.8824	13.4350	-21.6437	-4.6675	4.3889	1.7104	-0.0449	-0.6086	0.7379	0.2883	-0.1589	0.0178	-0.6482	2.7910	-9.0618	2.5028	1.342331258404034	6	2	3	PT	Normal
-3.1029	-5.6695	2.2601	69.5718	-39.0735	-108.3487	3.8376	13.7386	-20.1982	-5.2604	3.5205	-0.3970	-0.0920	-0.5967	0.7392	0.2983	0.0819	1.7893	-0.2775	2.1575	-9.1900	2.6571	0.28115231695290444	0	2	3	Upright	Normal
-5.5156	-7.1629	6.8947	67.6096	-29.5822	-106.5388	7.1555	12.0731	-16.4761	-7.3596	1.9046	3.6462	-0.1517	-0.5580	0.7288	0.3666	0.4803	1.8117	-0.6056	1.8440	-9.0674	3.2485	4.522671239747523	0	0	3	Upright	Normal
-2.0303	-8.2361	5.4779	71.2765	-7.6691	-124.8175	9.5963	9.2844	-13.9604	-2.4503	1.0517	2.3583	-0.2211	-0.5404	0.7367	0.3410	-1.6097	0.1137	1.4894	0.4200	-9.2877	3.1196	-1.2718492450352965	0	1	4	PT	Normal
-6.5499	-10.4190	-5.3636	50.6266	-2.2611	-114.2927	9.5942	8.8526	-12.6071	-6.7953	-2.8380	-11.5797	-0.2169	-0.3688	0.7638	0.4832	3.3714	3.9913	0.2740	0.2454	-7.5809	6.2161	3.3271228308691096	0	1	4	PT	Normal
-7.1629	-6.3967	3.8301	61.2904	10.9545	-106.5088	9.3852	8.9347	-4.4281	-6.2677	2.2045	-0.7946	-0.3694	-0.3575	0.6571	0.5513	-0.3772	4.0914	0.8982	-0.8951	-8.6012	4.6247	-3.0858054155396744	0	1	4	PT	Normal
-1.3402	-9.1165	2.9491	57.5320	18.2672	-90.9100	7.3956	8.3785	2.5365	0.3100	-0.8426	-2.0500	-0.4325	-0.2410	0.5632	0.6615	0.6230	1.0842	-1.7436	-1.6502	-8.2739	4.9991	-0.6640724185363052	0	1	4	PT	Normal
-0.1909	-8.7334	0.6889	56.5746	10.6133	-53.3019	4.0953	11.6800	4.7137	0.8040	-0.5486	-4.6205	-0.4583	-0.1389	0.3541	0.8033	1.2739	2.2176	-0.7263	-0.9949	-8.1849	5.3094	-0.9123022178108471	0	1	4	PT	Normal
-3.5243	-10.0748	1.8387	53.2771	16.7267	-35.6616	-0.3704	13.1248	6.3685	-1.8365	-2.2143	-3.7769	-0.4621	-0.0121	0.2087	0.8618	0.4047	1.7830	-0.9510	-1.6878	-7.8605	5.6156	2.068046834036691	0	1	4	PT	Normal
-5.8227	-8.1211	1.3024	55.3813	27.7913	-26.3299	-2.8732	13.7674	7.0613	-3.2251	-0.0506	-3.6260	-0.4877	0.1043	0.0871	0.8624	-0.5253	0.6751	0.8760	-2.5976	-8.0706	4.9285	-0.7533365645795271	0	1	4	PT	Normal
-1.3791	-6.6272	0.1532	50.3318	31.7618	-24.7668	-0.1089	11.6010	6.0541	1.9161	0.9216	-5.1691	-0.4526	0.1542	0.0730	0.8752	1.8289	-1.6056	-0.5014	-3.2952	-7.5488	5.3223	-3.306412731634052	0	1	4	PT	Normal
3.1418	-8.8484	3.0640	56.4352	18.3496	21.0129	-3.1143	15.9615	3.5748	4.8487	-0.6767	-2.0821	-0.4333	0.2233	-0.2328	0.8415	-2.0806	4.1031	-1.8788	-1.7069	-8.1717	5.1460	3.1059956460243585	0	1	4	PT	Normal
-2.7581	-10.6111	0.9577	59.5978	23.2693	25.3180	-10.1952	16.1161	6.3183	-0.7974	-2.1528	-3.6013	-0.4366	0.2774	-0.2841	0.8073	0.9959	-0.6373	0.2230	-1.9607	-8.4583	4.5590	1.1285402726891771	0	1	4	PT	Normal
-1.6083	-8.8101	3.1789	59.8682	18.4421	35.6227	-10.1050	15.8699	6.1525	-0.0509	-0.3283	-1.4908	-0.4265	0.2829	-0.3378	0.7899	0.1437	0.1563	-1.1597	-1.5574	-8.4818	4.6697	-1.502290418174324	0	2	5	PT	Normal
-1.9920	-8.9256	1.8004	63.9630	7.8042	50.7805	-11.6161	16.5437	5.3361	-1.4073	-0.1142	-2.4642	-0.4526	0.2787	-0.3954	0.7491	0.2736	0.3512	-1.1884	-0.5846	-8.8114	4.2647	-0.18243050470938904	0	2	5	Upright	Normal
-1.6472	-8.5042	1.6472	65.6020	0.2658	60.2221	-12.4246	16.5277	6.2175	-1.6282	0.4269	-2.4033	-0.4676	0.2735	-0.4228	0.7265	-0.0374	0.4386	-0.8304	-0.0190	-8.9311	4.0505	-0.5032410613034592	0	0	5	Upright	Normal
-2.6426	-7.6992	2.7192	66.0277	1.8052	59.0231	-12.6516	15.5908	6.2744	-2.5171	1.2617	-1.2631	-0.4676	0.2799	-0.4205	0.7254	-0.1077	0.8455	0.6183	-0.1255	-8.9609	3.9823	-0.23522698861032865	0	0	5	Upright	Normal
0.3837	-17.5441	0.8039	64.7087	27.3715	40.3399	-11.6543	13.9298	6.4301	2.3100	-8.6773	-2.9166	-0.4192	0.3669	-0.4019	0.7268	0.6167	0.9382	-0.0368	-1.9263	-8.8668	3.7204	8.984446172342407	0	0	5	Upright	Normal
0.4220	-8.6185	-0.2304	62.2691	21.0998	49.7900	-11.1724	14.5478	5.1728	2.0648	0.0619	-4.4876	-0.3951	0.3561	-0.4401	0.7234	0.9927	2.7609	-0.8518	-1.6429	-8.6805	4.2572	-8.93479865153448	0	0	5	Upright	Normal
-1.7615	-8.6951	2.6809	60.2648	27.5492	55.2374	-15.1528	16.1591	4.9852	0.4883	-0.1797	-1.6315	-0.3365	0.4085	-0.4953	0.6889	0.8329	0.8999	-0.2853	-2.2498	-8.5154	4.3124	0.6360479623479982	0	0	5	Upright	Normal
-2.8730	-7.8530	0.9194	60.8152	32.4863	58.8848	-16.6503	16.3814	3.1768	-0.3045	0.7088	-3.1143	-0.3046	0.4489	-0.5303	0.6515	0.1245	2.5373	-0.6358	-2.5685	-8.5618	4.0336	-0.8555150210162186	0	0	5	Upright	Normal
-1.5317	-8.0056	1.0337	65.7477	32.1197	61.1363	-19.5857	15.9613	3.2224	0.6101	0.9357	-2.3777	-0.3310	0.4653	-0.5398	0.6185	-0.3069	0.5399	-0.9096	-2.1418	-8.9413	3.4114	-0.19633512032740263	0	0	5	Upright	Normal
-1.2252	-5.9370	0.6889	69.5763	31.5812	63.7558	-21.7049	15.0404	3.4098	0.5670	3.2533	-2.2260	-0.3482	0.4797	-0.5492	0.5891	-0.0608	1.0651	-0.9469	-1.7922	-9.1903	2.9149	-2.114978340563326	0	0	5	Upright	Normal
-2.1829	-5.5923	1.0337	71.3090	27.5014	70.3785	-25.1184	13.7831	3.4288	-0.7317	3.6974	-1.7535	-0.3514	0.4841	-0.5681	0.5651	0.2129	1.0917	-0.7434	-1.4512	-9.2897	2.7872	-0.009535087992561309	0	0	6	Upright	Normal
-4.5969	-13.8289	2.6432	69.6131	29.5695	58.6482	-26.6325	12.3437	2.7198	-2.9111	-4.6364	-0.3277	-0.3786	0.4530	-0.5158	0.6208	1.6510	-3.6658	2.1038	-1.6858	-9.1925	2.9709	8.719103137692926	0	0	6	Upright	Normal
-0.3059	-2.4511	-5.7850	54.5902	19.2643	55.4137	-21.6215	15.3919	1.9570	1.5690	5.5417	-11.1489	-0.3311	0.3419	-0.4753	0.7400	2.4329	2.2549	-0.2579	-1.8748	-7.9927	5.3639	-8.52040267576509	0	0	6	Upright	Normal
-1.4934	-6.1286	0.4974	67.0269	-3.3207	75.3560	-23.0721	15.3261	2.4401	-1.7150	2.9004	-3.3235	-0.4516	0.3182	-0.4967	0.6694	-0.2419	-1.1443	-0.7255	0.2216	-9.0290	3.8208	0.03722519189091322	0	0	6	Upright	Normal
-3.0257	-4.9027	6.1669	66.2078	-12.3879	88.1901	-25.2593	14.6173	2.9512	-3.8743	4.0706	2.3029	-0.4528	0.3129	-0.5372	0.6391	-0.3186	0.0573	-0.8470	0.8486	-8.9733	3.8639	2.111801358670781	0	0	6	Upright	Normal
-3.5626	-4.9416	1.9154	68.9411	0.8824	77.3073	-26.9020	15.2972	3.3578	-3.5083	4.2102	-1.6079	-0.4380	0.3585	-0.5183	0.6411	-1.0089	0.1595	1.0481	-0.0543	-9.1518	3.5232	-2.0533676231142532	0	0	6	Upright	Normal
-1.6089	-5.1332	0.6512	69.4459	12.1348	66.3828	-24.5954	15.3920	3.7342	-0.8850	4.0493	-2.7144	-0.4264	0.3828	-0.4978	0.6510	0.6113	-0.0589	-0.2582	-0.7239	-9.1825	3.3656	-0.9672392252778819	0	0	6	Upright	Normal
-0.4208	-7.5076	2.0680	74.7072	14.8159	60.1253	-24.9770	14.4020	5.3107	0.2406	1.9520	-0.4320	-0.4694	0.3901	-0.4626	0.6430	-0.8215	-0.8931	-0.5469	-0.6614	-9.4596	2.5000	2.3798686736608623	0	0	6	Upright	Normal
-7.2395	-17.8889	-0.3071	68.0966	4.9873	74.3858	-26.4093	14.1835	7.3088	-6.9213	-8.7900	-3.9513	-0.4238	0.3669	-0.5198	0.6447	2.6470	5.1608	2.3389	-0.3181	-9.0989	3.6443	11.502137182100235	0	0	6	Upright	Normal
-5.8993	-9.0788	-0.0383	60.6189	10.9288	60.5574	-25.5650	18.1486	2.0694	-4.9870	-0.5335	-4.7622	-0.3924	0.3243	-0.4748	0.7179	1.3932	-4.4958	-0.0100	-0.9123	-8.5454	4.7239	-8.473531145595215	0	1	7	Jump	Normal
-3.2944	-3.9073	0.0000	63.6801	1.1650	67.2360	-21.4917	20.1362	1.8095	-3.2058	4.8828	-4.3468	-0.4345	0.2993	-0.4748	0.7044	-1.7227	2.2228	-0.9730	-0.0886	-8.7902	4.3468	-8.473531145595215	0	1	7	Jump	Normal
-3.0263	-3.9456	2.1452	75.5242	1.7056	68.7677	-23.4160	18.8619	4.4754	-2.9531	5.5499	-0.3045	-0.4987	0.3555	-0.4539	0.6472	-1.9922	-1.2041	-0.4411	-0.0732	-9.4956	2.4497	-5.411634165492362	0	1	7	Jump	Normal
-1.8004	-5.1715	0.7661	79.1035	-41.3279	102.6692	-23.8022	15.9018	9.1125	-3.0240	4.4586	-0.6255	-0.5847	0.2952	-0.4229	0.6262	0.3663	-1.2414	-1.6725	1.2236	-9.6301	1.3916	0.11371871091700037	0	1	7	Upright	Normal
-9.1937	-17.6979	5.8610	71.5857	-8.3387	69.8937	-23.8818	17.2716	8.2234	-9.6429	-8.3933	2.7961	-0.5119	0.2858	-0.4285	0.6875	1.6670	0.7453	0.8149	0.4492	-9.3046	3.0649	15.25753751647036	0	0	7	Upright	Normal
-5.1715	-18.8855	13.4841	68.7194	-36.5658	89.8134	-22.1001	19.8749	5.0700	-7.2915	-9.7472	10.6259	-0.5624	0.1949	-0.4279	0.6801	-0.3027	-4.5086	-1.7972	2.1201	-9.1382	2.8582	2.9877115221622255	0	0	7	Upright	Normal
-1.0337	-5.6689	-1.8393	66.9724	-30.3878	89.9363	-22.4416	19.6697	6.1977	-2.9740	3.3565	-5.1483	-0.5312	0.2216	-0.4665	0.6716	-0.8662	4.5174	-0.8640	1.9404	-9.0254	3.3089	-17.72571283465389	0	0	7	Upright	Normal
-4.1372	-3.7158	4.1372	67.0031	-33.6370	99.9841	-25.4978	19.0726	5.5610	-6.2593	5.3115	0.9475	-0.5245	0.2496	-0.5087	0.6355	-0.4188	2.4967	0.6636	2.1222	-9.0273	3.1897	0.8822899970040243	0	0	7	Upright	Normal
-0.2676	-2.6809	1.3018	72.5287	-27.2724	97.3215	-26.4934	19.1153	6.1454	-1.6165	6.6735	-1.3149	-0.5224	0.3060	-0.4962	0.6223	-1.1943	-0.6938	-0.1545	1.3490	-9.3544	2.6167	-3.938847478295831	0	0	7	Upright	Normal
-3.9840	-9.7300	1.1109	74.8787	-32.2747	98.9323	-25.5336	19.3230	7.9733	-5.3495	-0.2628	-1.0517	-0.5472	0.3004	-0.4699	0.6241	-0.1578	0.4631	0.2418	1.3656	-9.4673	2.1626	7.580327409637015	0	0	7	Upright	Normal
-1.2258	-18.4258	4.7501	70.3987	-37.4481	97.9203	-24.8433	19.9123	8.2948	-3.2260	-9.1873	2.1385	-0.5563	0.2395	-0.4622	0.6477	1.3165	-2.4440	-1.7950	2.0002	-9.2385	2.6116	8.495102583531652	0	0	7	Upright	Normal
-5.6312	-11.8752	1.6855	66.6148	-5.7351	77.3526	-25.2165	22.4774	3.8087	-6.0199	-2.8739	-2.1871	-0.4543	0.3101	-0.5002	0.6688	0.6635	1.4325	-0.0149	0.3888	-9.0013	3.8726	-5.8173257304705235	0	1	8	Jump	Normal
-3.0257	-5.3624	-0.1921	62.8834	-19.1662	76.8054	-23.0479	24.6873	1.2095	-4.4930	3.3665	-4.4140	-0.4913	0.2082	-0.4545	0.7132	-0.1748	-2.2906	-0.5033	1.4673	-8.7290	4.2219	-7.090225720435939	0	1	8	Jump	Normal
-3.5620	-6.5882	1.4934	70.3087	-22.3557	86.9007	-23.2402	23.6929	3.3992	-4.8186	2.6451	-1.5624	-0.5191	0.2734	-0.4706	0.6590	-1.3445	1.4378	-0.6428	1.2567	-9.2334	3.0557	1.476793261500072	0	1	8	PT	Normal
-1.4940	-7.2784	1.1109	70.2390	-54.2603	115.2774	-25.8423	21.6182	6.0582	-4.1851	1.9508	-0.8257	-0.5891	0.2328	-0.4745	0.6112	-0.3655	-0.8291	-2.3153	2.6911	-9.2292	1.9366	-0.12417628491475696	0	1	8	Upright	Normal
-2.7958	-7.0096	2.1829	67.9386	-56.8236	123.2274	-28.9039	20.3454	8.1855	-5.8785	2.0792	0.1674	-0.5808	0.2448	-0.5153	0.5807	-0.2878	1.5986	-0.6428	3.0827	-9.0888	2.0155	0.3432174135734849	0	1	8	Upright	Normal
-10.3424	-18.3486	4.4430	65.7576	-32.5961	95.8409	-28.8535	22.7025	5.0231	-12.5113	-9.4065	1.0509	-0.5241	0.2288	-0.4962	0.6533	2.6630	0.2745	1.5697	2.1690	-8.9420	3.3921	13.670228397626556	0	0	8	Upright	Normal
1.9926	-9.7677	4.6346	63.9588	-40.4237	98.5430	-24.5700	24.8640	1.7315	-0.7991	-0.9566	1.3572	-0.5464	0.1854	-0.4838	0.6580	-2.5238	-0.6118	-2.9417	2.7916	-8.8111	3.2774	-10.532643513438757	0	0	8	Upright	Normal
-0.6506	-7.0096	2.1829	61.1581	-52.3114	113.9673	-27.7240	23.2626	3.7485	-4.3941	1.5806	-0.7091	-0.5670	0.1761	-0.5258	0.6091	-1.1496	0.4684	-1.3802	3.7435	-8.5902	2.8920	-3.62313875509403	0	0	8	Upright	Normal
-1.8004	-9.5768	2.4134	62.0883	-49.3452	112.7721	-31.0053	21.6288	5.4362	-5.2830	-0.9108	-0.5773	-0.5573	0.1923	-0.5292	0.6103	-0.8449	-0.3455	0.0622	3.4825	-8.6660	2.9907	2.66857416643285	0	0	8	Upright	Normal
-2.4128	-7.9673	2.1446	64.4285	-47.4678	118.1870	-32.0778	21.2206	5.1081	-5.5318	0.8788	-0.7168	-0.5428	0.2438	-0.5543	0.5819	-0.7341	0.4694	-0.2766	3.1190	-8.8461	2.8614	-1.4425362238094301	0	1	9	PT	Normal
0.0389	-8.6951	0.7655	65.9446	-56.8572	124.7475	-31.0020	20.6633	5.7280	-3.3080	0.2599	-1.4199	-0.5758	0.2388	-0.5335	0.5717	-0.2334	0.5003	-0.9573	3.3469	-8.9551	2.1855	0.13237801324687304	0	1	9	Upright	Normal
-2.4128	-9.5379	-0.0389	65.3806	-51.6181	124.5629	-33.3863	19.3158	5.5406	-5.6150	-0.6226	-2.5753	-0.5505	0.2600	-0.5613	0.5606	0.8095	-1.0165	-0.3599	3.2022	-8.9153	2.5364	1.1096093281572532	0	0	9	Upright	Normal
-0.6123	-9.2314	1.4168	67.5929	-57.8201	126.8138	-33.1681	20.9863	5.4500	-3.7758	-0.1649	-0.5739	-0.5772	0.2556	-0.5301	0.5661	-0.3133	0.2319	-0.6901	3.1635	-9.0665	1.9906	-0.4788883417072931	0	0	9	Upright	Normal
-1.9148	-9.4613	0.4591	67.5821	-52.0452	123.7279	-33.1376	20.4841	5.4909	-4.8632	-0.3955	-1.8408	-0.5572	0.2688	-0.5435	0.5673	0.5080	-0.7928	-0.2480	2.9485	-9.0658	2.2999	0.30448847697132386	0	0	9	Upright	Normal
-1.2252	-9.2314	1.7232	69.1756	-56.1364	126.1357	-32.2317	20.0906	5.1827	-4.1198	-0.0652	-0.2192	-0.5722	0.2711	-0.5267	0.5672	-0.0811	0.0264	-0.4547	2.8946	-9.1662	1.9424	-0.19358556478341704	0	0	9	Upright	Normal
-1.6083	-9.6528	0.5357	69.8735	-56.1347	125.4870	-32.3578	20.8331	4.9842	-4.4101	-0.4449	-1.3446	-0.5743	0.2726	-0.5197	0.5708	-0.0161	-0.1132	-0.4153	2.8018	-9.2079	1.8803	0.3300755664342656	0	0	9	Upright	Normal
-1.7232	-9.2314	1.0720	70.6648	-57.2442	126.6097	-32.4587	20.1178	5.4283	-4.4537	0.0221	-0.6847	-0.5772	0.2780	-0.5153	0.5692	-0.0332	-0.0333	-0.4451	2.7304	-9.2536	1.7567	-0.34867433080376564	0	0	9	Upright	Normal
-1.6083	-9.3464	1.0720	71.3528	-58.5255	127.9669	-32.8476	20.5484	5.4076	-4.2823	-0.0545	-0.5650	-0.5800	0.2831	-0.5118	0.5670	-0.0310	0.0381	-0.4643	2.6740	-9.2919	1.6370	0.09231789478444163	0	0	9	Upright	Normal
-1.5706	-9.3087	1.0726	71.8788	-58.9328	128.6583	-32.6578	19.7430	5.3646	-4.1827	0.0118	-0.5011	-0.5803	0.2881	-0.5102	0.5656	-0.0321	-0.0354	-0.4291	2.6121	-9.3205	1.5737	-0.04315357247666185	0	0	9	Upright	Normal
-1.4557	-9.4619	0.8428	72.3542	-59.3630	129.3049	-32.7114	20.6084	5.8229	-4.0130	-0.1164	-0.6719	-0.5808	0.2924	-0.5086	0.5644	-0.0118	-0.0013	-0.4355	2.5573	-9.3455	1.5146	0.10924334932525603	1	0	10	Upright	Normal
-1.4557	-9.3853	0.9577	72.8455	-60.5099	130.4410	-32.3144	20.4817	5.8459	-3.9732	-0.0148	-0.4661	-0.5831	0.2957	-0.5057	0.5629	-0.0172	-0.0312	-0.4323	2.5175	-9.3705	1.4238	-0.06456585856660269	1	0	10	Upright	Normal
-1.5323	-9.5002	0.7661	73.3282	-61.7109	131.6099	-31.6750	20.3834	5.5265	-4.0092	-0.1055	-0.5670	-0.5854	0.2990	-0.5026	0.5616	-0.0278	-0.0663	-0.4307	2.4770	-9.3947	1.3331	0.10774225329704024	1	0	10	Upright	Normal
-1.5706	-9.3470	0.9194	73.7513	-62.7073	132.6023	-31.9977	20.3638	5.5531	-4.0089	0.0681	-0.3388	-0.5871	0.3019	-0.5000	0.5605	-0.0246	-0.0461	-0.4371	2.4383	-9.4150	1.2582	-0.13090174134966936	1	0	10	Upright	Normal
-1.4551	-9.4996	0.8422	74.1448	-63.2075	133.1408	-32.1899	20.2626	5.8785	-3.8463	-0.0658	-0.3654	-0.5878	0.3048	-0.4979	0.5601	-0.0161	-0.0312	-0.4381	2.3912	-9.4338	1.2076	0.1247033655205545	1	0	10	Upright	Normal
-1.5317	-9.4613	0.7655	74.4376	-63.6513	133.8057	-31.5959	19.9387	6.2141	-3.8886	-0.0139	-0.4019	-0.5879	0.3080	-0.4972	0.5588	-0.0001	-0.0014	-0.4339	2.3569	-9.4474	1.1675	-0.03222544581566744	1	0	10	Upright	Normal
-1.4551	-9.4996	0.7655	74.6058	-64.1868	134.5825	-32.0831	21.2962	6.1530	-3.7984	-0.0447	-0.3680	-0.5881	0.3105	-0.4973	0.5572	-0.0172	0.0519	-0.4743	2.3433	-9.4549	1.1335	0.025832344862381618	1	0	10	Upright	Normal
-1.4557	-9.4236	0.7661	74.8142	-64.1982	135.0003	-31.7512	20.5121	5.8508	-3.7682	0.0409	-0.3518	-0.5869	0.3139	-0.4981	0.5557	-0.0150	0.0008	-0.4328	2.3125	-9.4644	1.1179	-0.0747387388809102	1	0	10	Upright	Normal
-1.6089	-9.4619	0.7661	74.9483	-64.2757	135.4592	-31.9600	20.4533	6.5271	-3.9031	0.0084	-0.3391	-0.5859	0.3168	-0.4992	0.5542	0.0244	0.0232	-0.4356	2.2942	-9.4703	1.1052	0.06214347291657063	1	0	10	Upright	Normal
-1.4940	-9.4236	0.8045	75.0757	-64.3146	135.7264	-31.8612	20.4611	6.1011	-3.7694	0.0525	-0.2900	-0.5853	0.3188	-0.4996	0.5533	0.0063	0.0178	-0.4378	2.2754	-9.4761	1.0944	-0.05309054659785417	1	0	10	Upright	Normal
-1.5706	-9.3470	0.8811	75.1454	-64.1624	135.9780	-32.3050	20.3298	5.7578	-3.8330	0.1321	-0.2144	-0.5839	0.3212	-0.5012	0.5519	0.0137	0.0264	-0.4420	2.2624	-9.4791	1.0955	-0.0562459820538983	2	0	11	Upright	Normal
-1.4557	-9.4236	0.9194	75.2148	-63.9443	136.2029	-32.1486	20.2503	6.0710	-3.7038	0.0585	-0.1799	-0.5823	0.3239	-0.5030	0.5505	0.0148	0.0349	-0.4559	2.2482	-9.4821	1.0992	0.06068889342481043	2	0	11	Upright	Normal
-1.5317	-9.3847	0.9188	75.2734	-63.8981	136.3523	-31.9449	20.2211	5.5991	-3.7700	0.1000	-0.1778	-0.5816	0.3252	-0.5036	0.5498	-0.0023	-0.0024	-0.4452	2.2383	-9.4846	1.0965	-0.02643166176232903	2	0	11	Upright	Normal
-1.6849	-9.4613	0.8805	75.3109	-63.9860	136.7013	-32.1335	20.2243	5.4535	-3.9195	0.0250	-0.2101	-0.5810	0.3268	-0.5047	0.5486	0.0073	0.0177	-0.4636	2.2345	-9.4863	1.0906	0.09724625123602948	2	0	11	Upright	Normal
-1.4168	-9.4613	0.9954	75.3350	-64.2484	137.0783	-32.5931	20.6707	5.4917	-3.6528	0.0260	-0.0832	-0.5811	0.3276	-0.5050	0.5477	-0.0012	-0.0110	-0.4647	2.2360	-9.4873	1.0786	-0.031969999369307445	2	0	11	Upright	Normal
-1.5317	-9.4996	0.8422	75.2877	-64.5380	137.5756	-32.3653	20.2924	6.0549	-3.7803	-0.0144	-0.2285	-0.5810	0.3285	-0.5062	0.5462	-0.0065	-0.0142	-0.4807	2.2486	-9.4852	1.0707	0.040641878241890694	2	0	11	Upright	Normal
-1.5700	-9.3464	0.9954	75.1859	-65.0559	138.4759	-32.6360	19.9397	5.5910	-3.8433	0.1344	-0.0619	-0.5807	0.3299	-0.5084	0.5435	-0.0129	0.0145	-0.4775	2.2733	-9.4807	1.0573	-0.12960300713436013	2	0	11	Upright	Normal
-1.4168	-9.4230	0.8422	75.2340	-65.2624	138.7613	-32.2971	20.5985	6.4255	-3.6868	0.0599	-0.2037	-0.5808	0.3307	-0.5084	0.5430	-0.0012	0.0050	-0.4583	2.2700	-9.4828	1.0458	0.03658651613606878	2	0	11	Upright	Normal
-1.4940	-9.4236	0.8428	75.2960	-64.9950	138.6069	-32.5126	19.9204	6.1424	-3.7495	0.0621	-0.2092	-0.5800	0.3316	-0.5087	0.5430	0.0020	-0.0056	-0.4456	2.2555	-9.4857	1.0520	0.012381096320213558	2	0	11	Upright	Normal
-1.4551	-9.3464	0.9571	75.3221	-64.9872	138.6611	-32.0983	20.3623	5.4920	-3.7064	0.1405	-0.0934	-0.5798	0.3321	-0.5089	0.5428	0.0020	-0.0056	-0.4477	2.2513	-9.4869	1.0505	-0.071154406515328	2	0	11	Upright	Normal
-1.4551	-9.4613	0.8805	75.3395	-64.7214	138.5944	-32.4378	20.5183	5.1449	-3.6990	0.0262	-0.1793	-0.5788	0.3331	-0.5098	0.5423	0.0063	0.0231	-0.4498	2.2440	-9.4875	1.0597	0.10565965413212908	3	0	12	Upright	Normal
-1.3785	-9.5762	0.8039	75.4292	-64.2983	138.3582	-31.4461	20.2768	4.9331	-3.6009	-0.0847	-0.2658	-0.5776	0.3345	-0.5103	0.5423	0.0126	0.0008	-0.4424	2.2224	-9.4915	1.0696	0.09530064341374356	3	0	12	Upright	Normal
-1.4557	-9.4230	0.9960	75.4214	-64.3538	138.6310	-32.6318	20.4752	5.4217	-3.6803	0.0681	-0.0721	-0.5770	0.3356	-0.5114	0.5413	0.0084	-0.0163	-0.4456	2.2247	-9.4911	1.0681	-0.1215917163452982	3	0	12	Upright	Normal
-1.5323	-9.4236	0.9960	75.3344	-64.6256	138.9505	-32.5842	20.4771	5.2692	-3.7752	0.0637	-0.0678	-0.5773	0.3353	-0.5120	0.5405	-0.0076	-0.0216	-0.4675	2.2429	-9.4873	1.0638	0.012518924051274638	3	0	12	Upright	Normal
-1.5700	-9.4230	1.0337	75.3661	-65.3120	139.5609	-32.2659	20.0523	5.2500	-3.8208	0.0657	-0.0010	-0.5786	0.3354	-0.5112	0.5398	-0.0246	-0.0493	-0.4760	2.2508	-9.4887	1.0347	0.00948421298411084	3	0	12	Upright	Normal
-1.5700	-9.4230	0.9188	75.4805	-65.1967	139.3979	-32.7652	20.2892	5.4453	-3.8015	0.0706	-0.1125	-0.5785	0.3358	-0.5104	0.5404	-0.0023	-0.0546	-0.4366	2.2315	-9.4936	1.0313	-0.011681059187537812	3	0	12	Upright	Normal
-1.6083	-9.3081	0.9954	75.5242	-64.9186	139.2850	-31.9228	20.7964	5.1502	-3.8280	0.1875	-0.0435	-0.5775	0.3368	-0.5110	0.5402	0.0201	0.0263	-0.4494	2.2197	-9.4956	1.0389	-0.09865556312838741	3	0	12	Upright	Normal
-1.4934	-9.3464	1.0337	75.4979	-64.6642	139.2563	-32.1826	20.2921	6.1299	-3.7128	0.1480	-0.0171	-0.5765	0.3377	-0.5123	0.5395	0.0052	0.0285	-0.4611	2.2194	-9.4944	1.0508	0.022913572158232753	3	0	12	Upright	Normal
-1.4551	-9.3464	1.0720	75.4342	-64.1240	138.8470	-32.3353	20.3062	5.8907	-3.6736	0.1453	-0.0040	-0.5753	0.3378	-0.5135	0.5396	0.0244	-0.0121	-0.4411	2.2185	-9.4917	1.0760	-0.0016952519202870775	3	0	12	Upright	Normal
-1.4168	-9.5762	0.9954	75.3994	-63.4977	138.2884	-32.5696	21.0651	5.7816	-3.6287	-0.0860	-0.1076	-0.5742	0.3377	-0.5142	0.5402	0.0126	0.0220	-0.4507	2.2119	-9.4902	1.1030	0.21193899524410753	4	0	13	Upright	Normal
-1.3785	-9.3081	0.9954	75.4443	-63.6847	138.3476	-33.2133	20.5644	5.1431	-3.5871	0.1841	-0.0970	-0.5748	0.3374	-0.5133	0.5406	-0.0215	-0.0600	-0.4326	2.2087	-9.4921	1.0924	-0.26935722691886	4	0	13	Upright	Normal
-1.6849	-9.3847	1.0337	75.5601	-64.3649	138.8939	-32.2308	20.3988	5.6680	-3.8891	0.1124	-0.0239	-0.5762	0.3377	-0.5118	0.5404	-0.0417	-0.0387	-0.4709	2.2042	-9.4971	1.0576	0.12849645385702324	4	0	13	Upright	Normal
-1.4168	-9.3847	0.9954	75.4666	-65.8841	140.4368	-31.9500	20.0618	6.4049	-3.6622	0.1083	-0.0099	-0.5785	0.3377	-0.5119	0.5378	-0.0790	0.0593	-0.5434	2.2455	-9.4930	1.0053	-0.04752240272629393	4	0	13	Upright	Normal
-1.5323	-9.4236	1.0726	75.2800	-66.0326	140.7635	-32.8679	20.0851	6.2077	-3.8087	0.0615	0.0606	-0.5784	0.3375	-0.5137	0.5364	0.0073	-0.0110	-0.4792	2.2764	-9.4851	1.0120	0.06432828564395443	4	0	13	Upright	Normal
-1.3024	-9.1937	1.1492	75.0057	-66.5755	141.0393	-33.1955	19.7812	5.9828	-3.6302	0.2792	0.1408	-0.5802	0.3346	-0.5138	0.5362	0.0180	-0.0728	-0.4398	2.3278	-9.4730	1.0084	-0.2510910797104611	4	0	13	Upright	Normal
-1.1869	-9.5379	0.9188	75.1823	-66.7210	140.7769	-32.7655	20.4938	6.1151	-3.4901	-0.0572	-0.0721	-0.5815	0.3337	-0.5108	0.5381	-0.0566	0.0092	-0.4696	2.3032	-9.4807	0.9909	0.2989455246255073	4	0	13	Upright	Normal
-1.4168	-9.3847	0.9571	75.1086	-66.2710	140.2024	-33.1351	20.1788	6.0038	-3.7237	0.0928	-0.0570	-0.5812	0.3324	-0.5108	0.5392	0.0105	-0.0579	-0.4451	2.3070	-9.4774	1.0141	-0.11610159285370614	4	0	13	Upright	Normal
-1.4934	-9.3847	1.1486	75.1199	-66.1563	139.9412	-32.5336	19.7612	6.5759	-3.7965	0.0932	0.1308	-0.5814	0.3317	-0.5101	0.5401	0.0041	-0.0419	-0.4536	2.3031	-9.4779	1.0178	0.03276430758515225	4	0	13	Upright	Normal
-1.4174	-9.4236	1.0726	75.0923	-65.8855	139.4993	-32.3918	20.5999	6.1473	-3.7195	0.0533	0.0420	-0.5815	0.3306	-0.5095	0.5412	-0.0044	-0.0163	-0.4674	2.3022	-9.4768	1.0306	0.017828155352411557	4	0	13	Upright	Normal
-1.4557	-9.4619	1.0343	75.1296	-65.4291	139.1232	-32.3383	20.3264	6.1545	-3.7442	0.0165	-0.0121	-0.5806	0.3311	-0.5099	0.5416	-0.0129	0.0156	-0.4514	2.2886	-9.4783	1.0464	0.03916245936216356	5	0	14	Upright	Normal
-1.3018	-9.5379	0.9188	75.1533	-64.8879	138.7341	-32.1879	20.3794	5.4403	-3.5765	-0.0584	-0.1474	-0.5793	0.3318	-0.5106	0.5419	0.0041	-0.0078	-0.4237	2.2746	-9.4795	1.0662	0.04114337397226109	5	0	14	Upright	Normal
-1.3402	-9.4996	0.9571	75.0822	-64.7231	138.7165	-32.5903	21.0150	5.1447	-3.6229	-0.0233	-0.1208	-0.5786	0.3320	-0.5118	0.5413	0.0073	0.0071	-0.4536	2.2827	-9.4763	1.0778	-0.028782433900644833	5	0	14	Upright	Normal
-1.5700	-9.3081	1.1486	75.0140	-64.6478	138.7687	-31.7513	20.0309	5.4068	-3.8614	0.1652	0.0630	-0.5782	0.3322	-0.5128	0.5407	0.0030	0.0071	-0.4568	2.2914	-9.4733	1.0856	-0.1320948105829558	5	0	14	Upright	Normal
-1.4934	-9.3847	1.0337	74.9962	-64.1682	138.5425	-31.9880	20.3539	5.3430	-3.7782	0.0878	-0.0724	-0.5767	0.3332	-0.5142	0.5403	-0.0001	0.0412	-0.4549	2.2848	-9.4725	1.1061	0.049636302926016285	5	0	14	Upright	Normal
-1.3402	-9.3847	1.1486	74.9800	-63.6786	138.2425	-32.2842	20.3141	5.5869	-3.6176	0.0871	0.0220	-0.5754	0.3339	-0.5154	0.5402	0.0254	0.0210	-0.4485	2.2775	-9.4718	1.1266	-0.00959601159783574	5	0	14	Upright	Normal
-1.5317	-9.4230	1.0720	75.0091	-63.4136	138.1636	-32.9949	20.4643	6.3050	-3.7994	0.0501	-0.0630	-0.5744	0.3350	-0.5161	0.5399	0.0020	0.0093	-0.4378	2.2678	-9.4731	1.1350	0.057434773092518654	5	0	14	Upright	Normal
-1.3785	-9.3847	1.1103	75.0142	-63.0362	138.0152	-32.2440	20.5782	5.8430	-3.6384	0.0886	-0.0394	-0.5731	0.3360	-0.5173	0.5394	0.0020	0.0349	-0.4485	2.2600	-9.4733	1.1497	-0.05651273610782148	5	0	14	Upright	Normal
-1.3024	-9.5385	0.9577	74.9629	-62.8905	137.9515	-32.7862	20.5694	5.3601	-3.5668	-0.0675	-0.2016	-0.5727	0.3361	-0.5180	0.5392	-0.0076	0.0210	-0.4591	2.2643	-9.4710	1.1592	0.12436068056310212	5	0	14	Upright	Normal
-1.3402	-9.3847	1.0337	74.9317	-62.9122	137.9366	-32.2742	21.0550	6.1509	-3.6099	0.0848	-0.1270	-0.5728	0.3357	-0.5180	0.5393	0.0031	-0.0238	-0.4430	2.2697	-9.4695	1.1607	-0.13842087459025265	5	0	14	Upright	Normal
-1.4168	-9.4613	1.0337	74.8867	-63.1367	137.9867	-32.8917	20.8906	5.3927	-3.6975	0.0063	-0.1215	-0.5737	0.3346	-0.5174	0.5396	-0.0001	-0.0184	-0.4548	2.2808	-9.4676	1.1552	0.08637338608900258	6	0	15	Upright	Normal
-1.3785	-9.4613	1.1103	74.8834	-63.2661	137.9779	-32.6669	20.4727	5.2102	-3.6622	0.0061	-0.0400	-0.5743	0.3339	-0.5167	0.5400	-0.0097	-0.0163	-0.4537	2.2838	-9.4674	1.1503	0.002970201221634383	6	0	15	Upright	Normal
-1.4551	-9.4996	1.0337	74.8814	-63.3440	138.0071	-32.6891	20.6933	5.3256	-3.7406	-0.0322	-0.1136	-0.5746	0.3337	-0.5165	0.5401	-0.0140	-0.0195	-0.4537	2.2856	-9.4674	1.1473	0.040382808278229376	6	0	15	Upright	Normal
-1.4551	-9.4613	1.1486	74.8323	-63.4666	138.0769	-32.3599	20.2909	5.4876	-3.7504	0.0039	0.0025	-0.5750	0.3331	-0.5165	0.5401	-0.0012	-0.0163	-0.4537	2.2953	-9.4652	1.1461	-0.02462656974947741	6	0	15	Upright	Normal
-1.4551	-9.4613	1.1486	74.8002	-63.4581	138.1129	-33.0557	20.9565	6.0958	-3.7547	0.0025	0.0000	-0.5748	0.3331	-0.5168	0.5398	-0.0119	-0.0046	-0.4561	2.2996	-9.4638	1.1486	0.0	6	0	15	Upright	Normal
-1.4168	-9.4613	1.1103	74.7882	-63.3022	137.8824	-32.8605	20.5300	6.0533	-3.7154	0.0019	-0.0456	-0.5748	0.3326	-0.5166	0.5404	0.0180	0.0093	-0.4572	2.2986	-9.4632	1.1560	-0.01019653891189698	6	0	15	Upright	Normal
-1.2635	-9.4613	0.9571	74.7721	-62.9504	137.6801	-32.7705	20.7423	6.0930	-3.5572	0.0012	-0.2141	-0.5738	0.3332	-0.5175	0.5403	-0.0097	-0.0056	-0.4476	2.2936	-9.4625	1.1712	-0.037849018130284406	6	0	15	Upright	Normal
-1.3785	-9.3081	0.9954	74.6688	-63.4385	138.1594	-32.5497	20.5779	6.0777	-3.6971	0.1498	-0.1637	-0.5747	0.3326	-0.5179	0.5393	-0.0108	0.0050	-0.4699	2.3186	-9.4578	1.1591	-0.13103264370734635	6	0	15	Upright	Normal
-1.3785	-9.4230	1.1486	74.6505	-63.3865	138.0681	-32.2712	20.4863	5.7088	-3.6992	0.0340	-0.0142	-0.5747	0.3323	-0.5178	0.5396	-0.0108	0.0082	-0.4540	2.3207	-9.4569	1.1628	0.13018883742989118	6	0	15	Upright	Normal
-1.3402	-9.4230	1.1486	74.5760	-63.3229	138.0012	-32.5247	20.7328	5.1981	-3.6700	0.0307	-0.0220	-0.5747	0.3318	-0.5182	0.5396	-0.0108	0.0050	-0.4572	2.3299	-9.4537	1.1706	-0.005429127383946408	6	0	15	Upright	Normal
-1.3018	-9.3847	1.1486	74.5552	-63.5432	138.2689	-33.4543	20.2502	5.2836	-3.6393	0.0681	-0.0147	-0.5749	0.3319	-0.5185	0.5389	-0.0108	0.0060	-0.4679	2.3375	-9.4528	1.1633	-0.042956734285100495	7	0	16	Upright	Normal
Total time: 16 seconds.
