-0.8811	-8.7724	5.5162	72.2787	-14.8301	0.6195	4.6313	32.3092	18.8358	-1.6450	0.5692	2.6311	-0.5854	-0.1011	0.0718	0.8012	1.2759	-0.5129	0.0144	0.7639	-9.3416	2.8852	1.0134329224421403	4	0	1	Upright	Normal
0.5746	-8.5425	4.5203	70.5063	-10.1462	-2.2570	4.6658	32.7579	17.4824	-0.0018	0.7021	1.2992	-0.5734	-0.0835	0.0671	0.8122	0.4865	0.3117	0.0145	0.5764	-9.2446	3.2211	-0.7181736920796737	4	0	1	Upright	Normal
0.4980	-9.1171	3.3710	69.9740	-7.6052	-3.1536	4.0499	32.8254	16.1380	0.0536	0.0967	0.0425	-0.5704	-0.0701	0.0605	0.8161	-0.0759	0.3234	0.0486	0.4444	-9.2138	3.3285	0.05127906477724409	0	0	1	Upright	Normal
0.6895	-8.3893	3.6775	70.2572	-7.3933	-2.7549	3.2823	32.8237	16.2559	0.2634	0.8410	0.3925	-0.5728	-0.0665	0.0567	0.8150	-0.1750	-0.0005	-0.0025	0.4262	-9.2302	3.2850	-0.5472492276449703	0	0	1	Upright	Normal
0.3831	-8.9639	3.7924	70.6109	-8.5513	-1.7476	3.4428	32.0863	17.5808	-0.1009	0.2867	0.5733	-0.5753	-0.0696	0.0555	0.8130	-0.2101	0.0081	0.1573	0.4839	-9.2506	3.2192	0.554818660993492	0	0	1	Upright	Normal
0.2298	-11.4922	3.7541	72.2758	-5.5850	-4.0179	4.3537	31.8090	17.6560	-0.0606	-2.1509	0.7831	-0.5873	-0.0600	0.0570	0.8051	-0.5233	-0.0122	-0.2220	0.2904	-9.3413	2.9711	2.351345952522685	0	0	1	Upright	Normal
-0.0383	-9.8450	1.8004	73.3129	-15.2868	6.6753	2.8510	31.0175	19.0407	-0.7807	-0.4512	-0.9156	-0.5969	-0.0721	0.0330	0.7984	0.4481	0.1283	-0.4938	0.7424	-9.3938	2.7161	-2.0836677751581636	0	0	1	Upright	Normal
4.7507	-12.1811	3.5620	67.8586	-22.2492	8.0720	2.4515	31.5504	16.8073	3.3513	-3.0975	0.1413	-0.5576	-0.1211	0.0501	0.8197	0.9083	-0.2797	-0.8070	1.3994	-9.0836	3.4207	3.5428997020559407	0	0	1	Upright	Normal
-0.5363	-7.9296	2.6049	62.3063	-28.1098	12.8013	0.5198	33.1568	13.2544	-2.6836	0.7537	-1.4150	-0.5219	-0.1506	0.0323	0.8390	-0.4979	-1.4717	-0.5609	2.1473	-8.6833	4.0199	-5.187531385431656	0	0	1	Upright	Normal
-0.3059	-4.5963	3.4087	57.8624	-33.0989	12.9104	-0.9889	32.9708	9.8200	-3.1545	3.7079	-0.9613	-0.4888	-0.1956	0.0426	0.8491	-0.3785	-0.5726	-0.1625	2.8487	-8.3041	4.3700	-2.6331981787483114	0	1	2	PT	Normal
0.9583	-6.0136	4.0217	58.6887	-30.8313	9.5193	-1.0093	32.6010	8.9855	-1.6535	2.3649	-0.3542	-0.4900	-0.1917	0.0601	0.8482	-0.0536	-0.1763	0.5086	2.6118	-8.3785	4.3759	1.5671431140242857	0	1	2	PT	Normal
6.2447	-14.4029	4.7112	63.4770	-36.1736	13.0921	1.0071	32.2946	10.2787	3.6600	-5.6283	1.1763	-0.5269	-0.2053	0.0701	0.8218	-0.5810	-0.0656	-0.8006	2.5847	-8.7746	3.5349	9.092438118225795	0	1	2	Jump	Normal
2.1458	-12.2960	3.5620	66.4324	-36.3948	21.0203	-0.1964	32.3096	13.0901	-0.1805	-3.3071	0.4061	-0.5593	-0.1620	0.0232	0.8126	-0.7088	-0.1007	0.2657	2.3263	-8.9889	3.1559	-3.4099596760252044	0	1	2	PT	Normal
0.0006	-9.1165	3.4087	68.9683	-30.8939	20.8044	-0.6638	31.1673	14.6126	-1.8063	0.0370	0.3888	-0.5764	-0.1174	0.0049	0.8087	-0.4617	0.1198	0.3743	1.8069	-9.1535	3.0200	-3.2472112451499697	0	1	2	PT	Normal
0.8817	-7.3544	1.7232	71.2699	-22.9205	12.7549	0.1535	31.0737	15.8067	-0.3445	1.9332	-1.1766	-0.5854	-0.0971	0.0266	0.8044	-0.1815	0.3168	0.5064	1.2261	-9.2876	2.8998	-2.1280560111027915	0	1	2	PT	Normal
1.1881	-6.5499	3.1789	72.5558	-12.6683	1.9534	1.3430	30.5249	15.3706	0.5435	2.8059	0.3109	-0.5895	-0.0789	0.0516	0.8022	-0.0718	-0.0688	0.5714	0.6446	-9.3558	2.8680	-0.2280000947216072	0	1	2	Upright	Normal
1.5323	-7.6998	2.6815	73.5870	-8.7294	-0.9697	2.5039	30.0097	15.5208	1.1118	1.7075	-0.0569	-0.5967	-0.0660	0.0523	0.7980	-0.3029	0.4692	0.3584	0.4205	-9.4073	2.7384	0.9192340981474665	0	0	2	Upright	Normal
-0.4591	-12.2960	3.3704	74.1148	-11.5655	1.0495	3.1015	28.9693	16.6642	-0.9972	-2.8638	0.7410	-0.6003	-0.0749	0.0534	0.7945	-0.2156	0.0751	-0.3084	0.5381	-9.4323	2.6294	4.4617182438019345	0	0	2	Upright	Normal
-0.7272	-7.6608	0.7272	72.7876	-23.6235	13.9098	1.7486	28.1158	16.3428	-1.8899	1.7068	-1.9311	-0.5965	-0.0932	0.0252	0.7968	0.4034	0.1731	-0.8176	1.1627	-9.3676	2.6583	-5.028299005676195	0	0	2	Upright	Normal
1.9920	-11.9896	3.1029	68.7473	-19.7867	10.0905	-0.2757	29.8248	15.9163	0.7887	-2.8497	-0.2417	-0.5665	-0.0923	0.0251	0.8185	1.5336	-0.8230	0.0133	1.2032	-9.1399	3.3446	4.814264845592336	0	1	3	Jump	Normal
2.7581	-6.3590	-0.6895	64.9666	-29.2746	16.0360	-0.5652	30.1278	12.5241	0.7292	2.5266	-4.3090	-0.5443	-0.1386	0.0205	0.8271	-0.6118	-0.3638	-0.7377	2.0289	-8.8856	3.6194	-5.578198384060623	0	1	3	Jump	Normal
0.3448	-5.0949	2.9113	58.6938	-32.3295	16.1291	-2.4475	30.8332	10.0893	-2.3801	3.2841	-1.3942	-0.5001	-0.1742	0.0176	0.8481	1.5698	0.3510	-0.3489	2.7249	-8.3790	4.3055	-1.0874448166675084	0	1	3	PT	Normal
2.0309	-7.7758	4.3664	59.9618	-31.3460	14.9590	-3.9493	30.1962	8.3888	-0.5227	0.7139	0.1742	-0.5075	-0.1694	0.0253	0.8445	-0.6385	-0.3372	0.4788	2.5536	-8.4897	4.1922	3.2680625614547667	0	1	3	PT	Normal
6.2830	-13.5985	3.1406	63.5572	-38.7633	21.8973	-2.4341	30.8051	9.8906	3.5490	-4.8177	-0.2644	-0.5413	-0.1826	0.0193	0.8205	-0.9783	0.2445	-0.6599	2.7340	-8.7807	3.4050	6.159305699250966	0	1	3	Jump	Normal
2.9503	-10.1508	2.3361	67.6623	-42.1024	33.5202	-3.7379	30.2618	12.5101	0.4515	-1.0799	-0.4290	-0.5836	-0.1359	-0.0321	0.8000	-0.6076	-1.0445	-0.0336	2.4988	-9.0709	2.7652	-4.479599037563068	0	1	3	Jump	Normal
-0.2676	-9.2698	3.1023	71.5132	-39.9407	38.2980	-4.0585	29.6126	15.2160	-2.2636	0.0311	0.7186	-0.6097	-0.0817	-0.0616	0.7859	-0.8430	1.0945	0.2296	1.9960	-9.3009	2.3837	-1.047104743539867	0	1	3	PT	Normal
1.0349	-6.9713	2.5277	72.3988	-27.4338	24.5002	-3.6745	29.0080	15.2595	-0.3311	2.3764	-0.1040	-0.6013	-0.0653	-0.0295	0.7958	0.5354	-0.3734	0.6854	1.3660	-9.3477	2.6317	-2.2915306267379316	0	1	3	PT	Normal
1.3408	-6.5122	-0.1915	73.2529	-16.7509	11.7190	-1.4761	29.3643	14.0116	0.5264	2.8786	-2.8973	-0.5991	-0.0560	0.0054	0.7987	-0.5458	0.2529	0.6258	0.8143	-9.3908	2.7057	-0.8357230419826633	0	1	3	PT	Normal
2.0309	-9.2314	3.9834	75.1685	-11.6614	7.7988	-0.3022	28.9992	16.0000	1.5236	0.2487	1.5254	-0.6109	-0.0391	0.0082	0.7907	-0.3115	-0.4022	-0.0549	0.5073	-9.4801	2.4579	3.6056765423615165	0	2	4	Jump	Normal
-0.0760	-13.7134	5.5539	74.0805	-15.6480	12.9919	-1.6701	28.0051	16.6477	-0.8013	-4.2826	2.9645	-0.6053	-0.0404	-0.0080	0.7950	0.3298	-0.2137	-0.0848	0.7253	-9.4308	2.5895	4.538340726392901	0	2	4	Jump	Normal
-0.3442	-6.8564	0.2676	72.0517	-24.5163	22.6621	-2.6417	27.8569	15.0594	-1.5980	2.4732	-2.4816	-0.5973	-0.0554	-0.0328	0.7994	0.8241	0.3605	-0.5471	1.2538	-9.3296	2.7491	-7.925323014301234	0	2	4	Jump	Normal
3.9840	-10.1514	2.9113	66.6975	-24.7887	22.5918	-3.9117	28.8305	13.7871	2.3575	-1.1446	-0.6104	-0.5616	-0.0707	-0.0441	0.8232	1.3014	0.2231	-0.7079	1.6264	-9.0068	3.5217	4.416861559734863	0	2	4	Jump	Normal
1.9543	-4.6346	3.6769	62.6879	-34.6527	29.7323	-5.9770	29.0444	10.6270	-0.6041	4.0790	-0.0245	-0.5452	-0.1184	-0.0594	0.8278	-0.0707	-0.8677	-0.7867	2.5584	-8.7135	3.7014	-5.056667917814364	0	2	4	Jump	Normal
1.7244	-6.8564	3.8684	57.7162	-34.7309	31.0774	-8.6814	28.9574	8.9631	-1.2595	1.4344	-0.4360	-0.5138	-0.1284	-0.0851	0.8439	-0.2880	-0.2893	-0.0432	2.9839	-8.2908	4.3045	1.8286091421202713	0	2	4	PT	Normal
5.9765	-12.0662	7.0862	62.4004	-38.4929	34.5153	-7.8836	28.6254	9.7996	3.1490	-3.3752	3.5305	-0.5507	-0.1242	-0.0765	0.8218	-1.1487	-0.6003	0.2934	2.8276	-8.6910	3.5557	7.156927063371636	0	2	4	Jump	Normal
0.2304	-9.1548	2.6043	61.7933	-40.2245	46.5347	-8.5110	28.3780	11.3415	-2.7628	-0.5127	-0.9346	-0.5595	-0.0806	-0.1561	0.8100	-0.9804	1.3672	0.0186	2.9932	-8.6422	3.5389	-5.695167081797804	0	2	4	Jump	Normal
0.4603	-8.9633	1.9148	68.2987	-43.8071	51.3351	-9.1794	27.9351	13.1470	-2.0496	0.1484	-0.7020	-0.6032	-0.0527	-0.1438	0.7828	-0.6683	0.6546	0.0229	2.5099	-9.1117	2.6167	-0.34371526526429896	0	2	4	Upright	Normal
0.9966	-8.5802	2.4128	73.0285	-42.7363	53.2352	-9.3620	27.5131	14.8381	-0.9456	0.7995	0.3106	-0.6266	-0.0135	-0.1415	0.7663	-0.5351	-0.1667	0.5246	1.9421	-9.3797	2.1021	-0.20855854730481838	0	2	4	Upright	Normal
0.6901	-5.8221	3.1023	73.7010	-26.6148	37.3589	-8.0582	27.0244	15.5836	-0.5427	3.5906	0.6418	-0.6119	0.0124	-0.1186	0.7819	0.6644	0.5406	0.6748	1.2329	-9.4127	2.4605	-2.335486664703761	0	0	5	Upright	Normal
1.6478	-8.3887	4.0600	75.3728	-19.5051	28.8930	-6.2655	27.6046	14.3158	0.8211	1.1003	1.7259	-0.6169	0.0205	-0.0943	0.7811	-0.6140	0.6056	0.5065	0.8267	-9.4890	2.3340	2.831046515358671	0	0	5	Upright	Normal
0.7661	-9.5385	3.6775	75.7387	-21.7625	29.7846	-5.4202	27.1149	15.1437	-0.1293	-0.0338	1.4346	-0.6209	0.0109	-0.0872	0.7789	-0.1751	0.0815	-0.2466	0.8954	-9.5047	2.2429	0.7874347462069249	0	0	5	Upright	Normal
-0.8039	-9.6911	0.9188	75.5140	-30.7355	38.9928	-6.2259	25.8618	15.5846	-2.0574	-0.1962	-1.1895	-0.6265	-0.0005	-0.1015	0.7728	0.2542	0.2934	-0.7292	1.2535	-9.4950	2.1082	-0.4838360930944141	0	0	5	Upright	Normal
3.6398	-13.1771	3.5620	70.7227	-22.0933	29.9415	-8.5183	25.9651	14.7880	2.4222	-3.9202	0.5623	-0.5891	-0.0042	-0.0996	0.8019	1.0361	-0.6408	0.1038	1.2176	-9.2569	2.9996	4.359298713749652	0	0	5	Upright	Normal
0.8434	-8.0056	0.3059	64.3123	-28.7561	35.7337	-8.6786	27.0271	11.4198	-1.2016	0.8320	-3.4206	-0.5552	-0.0419	-0.1258	0.8211	0.5504	-1.1500	-0.5577	2.0449	-8.8376	3.7264	-6.071279867842904	0	0	5	Upright	Normal
1.0343	-4.8650	2.8730	59.6642	-34.5962	38.6705	-10.6079	26.5864	10.9327	-1.7778	3.5991	-1.2040	-0.5336	-0.0861	-0.1347	0.8305	1.1150	0.0218	-0.3436	2.8121	-8.4641	4.0770	-2.3118366737661162	0	0	5	Upright	Normal
2.1841	-7.6992	4.4430	61.2343	-36.2825	40.8633	-11.2621	25.8778	9.5562	-0.6084	0.8975	0.6391	-0.5471	-0.0821	-0.1369	0.8217	-0.8483	-0.3937	0.4106	2.7925	-8.5967	3.8039	3.4097133098459036	0	0	5	Upright	Normal
6.1292	-14.8632	2.7964	62.9237	-42.9457	52.9046	-10.8258	25.2812	12.3412	3.0881	-6.1313	-0.4709	-0.5739	-0.0632	-0.1825	0.7958	-0.0441	2.6945	-0.9231	3.0411	-8.7320	3.2673	7.165161245144493	0	0	5	Upright	Normal
1.8004	-9.8067	2.4517	66.8632	-39.8823	54.0397	-11.5772	25.1430	12.1340	-0.6702	-0.7887	-0.5052	-0.5907	-0.0183	-0.1890	0.7842	-0.5362	-0.7686	0.1603	2.4707	-9.0179	2.9568	-6.051150828882816	0	1	6	Jump	Normal
0.8051	-8.1588	3.1023	71.0918	-37.0265	55.7599	-11.1941	25.0271	13.9233	-1.1084	1.1188	0.5655	-0.6081	0.0294	-0.1976	0.7683	-0.4830	0.0868	0.4330	1.9134	-9.2777	2.5368	-1.5018455819559762	0	1	6	PT	Normal
-0.4591	-6.6266	2.3744	72.0773	-26.4817	46.1140	-9.9813	25.5031	14.1690	-1.8046	2.7044	-0.3265	-0.5995	0.0539	-0.1843	0.7770	0.3490	0.3989	0.4543	1.3455	-9.3310	2.7010	-1.71165231488588	0	1	6	PT	Normal
2.2218	-7.1251	1.5323	73.4716	-15.7409	34.7602	-8.8378	25.5367	13.4576	1.4651	2.2764	-1.1527	-0.5982	0.0723	-0.1590	0.7821	-0.4617	0.6790	0.4180	0.7567	-9.4016	2.6849	0.5650430978514001	0	1	6	PT	Normal
2.6055	-9.4230	4.0600	72.9308	-13.2408	31.2464	-8.2803	24.9046	13.8446	1.9463	-0.0482	1.2583	-0.5935	0.0697	-0.1491	0.7878	-0.2571	-0.3298	0.2945	0.6592	-9.3748	2.8017	2.9669372206588944	0	1	6	PT	Normal
0.2687	-13.4835	5.2092	73.0961	-17.4028	33.3425	-8.0026	24.2742	14.6992	-0.5840	-4.1005	2.4883	-0.5988	0.0524	-0.1415	0.7866	-0.3168	-0.0464	-0.4725	0.8528	-9.3830	2.7209	3.871188762259937	0	1	6	Jump	Normal
-0.3059	-6.7798	0.9188	73.5761	-28.2783	44.0689	-8.6107	23.6475	15.6193	-1.6192	2.6269	-1.5227	-0.6117	0.0365	-0.1557	0.7747	-0.0281	0.1027	-0.7122	1.3134	-9.4067	2.4415	-7.608662570960314	0	1	6	Jump	Normal
2.4523	-10.6105	2.7958	68.3945	-23.3879	38.7779	-9.5998	23.8125	14.8731	1.0190	-1.4926	-0.5180	-0.5748	0.0246	-0.1614	0.8018	1.5602	-0.5418	-0.1391	1.4332	-9.1179	3.3139	4.394743423594967	0	1	6	Jump	Normal
1.1498	-6.3967	3.2172	61.6924	-34.9541	45.0496	-9.7285	24.3347	11.5539	-1.5143	2.2374	-0.5941	-0.5505	-0.0508	-0.1715	0.8154	0.2222	-1.2800	-0.9296	2.6641	-8.6341	3.8113	-3.9914440627184886	0	1	6	Jump	Normal
2.9503	-6.4350	1.1486	53.6014	-33.7579	41.0572	-11.1491	24.0605	10.7629	-0.2833	1.4587	-3.6892	-0.4950	-0.0914	-0.1769	0.8458	1.2086	-0.0305	-0.4459	3.2335	-7.8937	4.8378	-0.08024429682649359	0	1	6	Upright	Normal
1.8777	-6.8181	4.7878	53.1176	-32.9951	39.7271	-11.1684	23.9128	8.9692	-1.3274	1.0261	-0.1484	-0.4895	-0.0932	-0.1720	0.8498	-0.0058	-0.3351	0.3274	3.2051	-7.8442	4.9362	1.368550159417122	0	0	7	Upright	Normal
4.7124	-7.8907	5.9370	55.8639	-35.1911	39.4464	-10.7295	23.3762	9.8612	1.5410	0.2264	1.4398	-0.5104	-0.1007	-0.1509	0.8405	-0.8409	-0.7836	0.5448	3.1714	-8.1171	4.4972	2.401349101445428	0	0	7	Upright	Normal
4.7501	-12.1051	3.4093	56.7042	-38.9652	44.1789	-9.5664	22.9265	11.1400	1.3648	-3.9081	-0.7763	-0.5252	-0.1036	-0.1652	0.8283	-0.9421	0.6545	-0.3522	3.3853	-8.1970	4.1857	2.5016578872884754	0	0	7	Upright	Normal
0.3071	-7.2778	1.2635	66.4119	-40.9787	51.9352	-8.6555	23.6664	12.7736	-2.2663	1.7096	-1.6988	-0.5895	-0.0387	-0.1708	0.7886	-1.1647	1.2202	-0.1678	2.5733	-8.9874	2.9624	-6.050176804149404	0	0	7	Upright	Normal
0.4603	-8.6951	2.9491	70.8557	-39.9255	58.7881	-9.5441	22.2494	14.9973	-1.6034	0.5694	0.4832	-0.6113	0.0251	-0.2035	0.7644	-0.1847	0.3670	0.1816	2.0637	-9.2645	2.4659	1.800095118499466	0	0	7	Upright	Normal
2.8353	-7.0479	1.8765	71.2546	-34.7604	50.1128	-8.4659	22.9156	15.0821	1.0388	2.2387	-0.7123	-0.6064	0.0155	-0.1709	0.7764	0.1296	-0.2637	0.3489	1.7965	-9.2867	2.5887	-1.3679836969240107	0	0	7	Upright	Normal
0.0006	-8.6568	0.8805	71.8157	-31.2485	46.1860	-7.5554	23.6635	14.8842	-1.5869	0.6602	-1.7358	-0.6051	0.0209	-0.1606	0.7795	-0.0217	0.0069	0.1987	1.5875	-9.3170	2.6163	0.8763071841481764	0	0	7	Upright	Normal
0.3065	-8.3893	1.7238	74.4793	-30.3279	45.3726	-7.1370	22.7871	15.1432	-1.0183	1.0599	-0.5408	-0.6192	0.0331	-0.1503	0.7700	-0.4915	0.2828	0.1177	1.3247	-9.4492	2.2646	-0.131411904931781	0	0	7	Upright	Normal
1.9926	-9.7294	2.2595	74.2076	-37.9364	53.2727	-6.9408	23.2396	16.0521	0.3521	-0.2928	0.1549	-0.6262	0.0241	-0.1629	0.7621	-0.2986	0.3147	-0.5130	1.6405	-9.4366	2.1047	1.6150850193823079	0	0	7	Upright	Normal
-0.8805	-9.2314	2.2595	74.4232	-40.0372	55.0061	-7.0781	23.0161	17.0086	-2.5741	0.2152	0.2438	-0.6299	0.0206	-0.1619	0.7593	0.1083	-0.0634	0.0847	1.6936	-9.4466	2.0158	-0.6405385037665408	0	1	8	PT	Normal
1.8387	-9.1554	0.8045	75.5178	-46.6797	62.1744	-7.1568	23.0416	16.9018	0.0548	0.3398	-0.8778	-0.6432	0.0221	-0.1670	0.7469	-0.5724	0.4788	-0.3596	1.7840	-9.4953	1.6822	-0.17179770355905788	0	1	8	Upright	Normal
2.2601	-9.5002	0.9960	75.4900	-52.0202	68.1552	-8.1414	22.4989	17.4706	0.3240	-0.0061	-0.5157	-0.6500	0.0211	-0.1758	0.7390	-0.0483	-0.0783	-0.1007	1.9362	-9.4941	1.5116	0.44320018333894673	0	0	8	Upright	Normal
0.9194	-8.2361	1.6855	75.9829	-55.7586	71.9182	-7.6893	21.5653	17.9817	-1.0440	1.2787	0.3491	-0.6568	0.0212	-0.1761	0.7329	-0.1516	0.1912	-0.0453	1.9634	-9.5147	1.3364	-1.3590774669908647	0	0	8	Upright	Normal
1.9154	-9.1937	1.3791	76.2656	-54.2270	70.3593	-8.4787	21.7878	18.3369	0.0266	0.3326	0.0183	-0.6558	0.0237	-0.1734	0.7344	0.1168	0.0803	0.0111	1.8887	-9.5264	1.3608	1.0349041896688522	0	0	8	Upright	Normal
2.8736	-9.7294	1.2252	75.3407	-49.7796	66.4222	-8.9945	21.9028	17.3456	0.9789	-0.2418	-0.3771	-0.6463	0.0249	-0.1781	0.7416	0.3064	-0.0858	0.0239	1.8947	-9.4876	1.6023	0.7267785127378126	0	0	8	Upright	Normal
2.2607	-9.4996	-0.1538	74.8261	-54.5251	70.5092	-8.4355	22.3254	16.9947	0.1706	-0.0347	-1.6433	-0.6510	0.0146	-0.1803	0.7372	-0.1932	-0.1711	-0.0741	2.0901	-9.4649	1.4895	-0.45250006357209216	0	0	8	Upright	Normal
1.8393	-8.8101	2.7192	76.6861	-63.8767	79.4690	-8.4557	21.4565	18.0097	-0.1875	0.7332	1.7253	-0.6701	0.0175	-0.1731	0.7216	-0.4382	-0.1625	0.1070	2.0268	-9.5433	0.9939	-0.36424834955307617	0	0	8	Upright	Normal
2.6055	-9.8061	-0.5369	75.5169	-58.3891	72.6307	-8.1478	21.2960	18.7221	0.5170	-0.3109	-1.8223	-0.6591	0.0058	-0.1681	0.7330	0.5216	-0.0432	-0.0017	2.0885	-9.4951	1.2854	0.7586780831782356	0	0	8	Upright	Normal
0.8051	-8.1205	2.5277	77.5288	-66.5618	80.6678	-7.4361	21.4914	18.2164	-1.1378	1.4548	1.6854	-0.6759	0.0126	-0.1600	0.7193	-0.4361	0.1890	-0.0123	1.9429	-9.5753	0.8423	-1.6177044330993535	0	0	8	Upright	Normal
1.4563	-9.8827	-0.0389	76.5615	-55.7084	70.2476	-7.0274	21.4241	18.4835	-0.4262	-0.3443	-1.3225	-0.6590	0.0152	-0.1625	0.7342	0.3021	0.0846	0.0239	1.8824	-9.5384	1.2836	1.4466672428722553	0	1	9	PT	Normal
1.5323	-8.8107	2.5283	76.8360	-57.4579	71.5876	-7.2458	21.2678	17.9596	-0.3500	0.7385	1.3273	-0.6623	0.0132	-0.1596	0.7320	0.1466	0.0420	-0.0028	1.8823	-9.5491	1.2010	-0.696023099444627	0	1	9	PT	Normal
1.6472	-9.1937	1.3791	76.7079	-54.2519	67.3823	-7.2940	21.7448	18.2730	-0.1823	0.3503	0.0621	-0.6579	0.0089	-0.1517	0.7376	0.1125	-0.0667	0.0399	1.8295	-9.5440	1.3170	0.14788572859550086	0	1	9	Upright	Normal
1.0726	-9.4236	1.3408	76.7120	-52.0472	64.6733	-6.7965	21.8904	18.1920	-0.7042	0.1208	-0.0450	-0.6552	0.0076	-0.1469	0.7410	0.0198	-0.0123	-0.0028	1.7768	-9.5443	1.3858	0.13738904822717757	0	1	9	Upright	Normal
1.1875	-9.3853	1.3024	76.8935	-50.7333	63.3576	-6.2783	22.2683	17.7304	-0.5338	0.1661	-0.1047	-0.6543	0.0095	-0.1449	0.7421	-0.0175	0.0601	-0.0092	1.7213	-9.5514	1.4072	-0.0293915142115182	0	1	9	Upright	Normal
1.4180	-9.3081	1.3785	76.6952	-50.2922	62.9390	-6.9606	21.6135	17.7222	-0.3175	0.2357	-0.0627	-0.6530	0.0090	-0.1457	0.7431	-0.0026	0.0601	-0.0518	1.7355	-9.5437	1.4412	-0.03349265886326336	0	1	9	Upright	Normal
1.3414	-9.1931	1.4934	76.5838	-49.6151	62.0839	-6.5034	22.1000	17.5214	-0.3916	0.3460	0.0193	-0.6517	0.0079	-0.1446	0.7445	0.0102	0.0345	-0.0380	1.7330	-9.5391	1.4741	-0.10615381638239363	0	1	9	Upright	Normal
1.3797	-9.1548	1.4168	76.5335	-49.3979	61.9300	-6.6706	22.4719	17.9943	-0.3539	0.3823	-0.0691	-0.6513	0.0082	-0.1451	0.7448	-0.0196	0.0579	-0.0529	1.7336	-9.5372	1.4859	-0.04374914833193699	0	1	9	Upright	Normal
1.4180	-9.1931	1.4934	76.4967	-49.8877	62.8137	-6.8174	22.5795	17.9795	-0.3329	0.3427	0.0184	-0.6517	0.0099	-0.1482	0.7438	-0.0111	0.0697	-0.0582	1.7509	-9.5358	1.4750	0.05497392953387248	0	1	9	Upright	Normal
1.6095	-9.1931	1.3785	76.3231	-49.8970	63.1026	-6.6654	22.0451	17.7754	-0.1636	0.3356	-0.1146	-0.6510	0.0105	-0.1509	0.7439	0.0230	0.0068	-0.0316	1.7731	-9.5288	1.4931	0.013247603505996963	0	1	9	Upright	Normal
1.4946	-9.1165	1.6083	76.1876	-50.0887	63.4585	-6.1886	21.9327	18.1059	-0.3008	0.4067	0.1065	-0.6506	0.0106	-0.1528	0.7438	0.0071	0.0314	-0.0549	1.7954	-9.5232	1.5018	-0.05703002844900951	1	1	10	Upright	Normal
1.5712	-9.2314	1.4934	76.0201	-49.9065	63.4168	-6.4042	22.3641	18.3694	-0.2406	0.2849	-0.0319	-0.6497	0.0107	-0.1544	0.7442	0.0017	0.0154	-0.0539	1.8118	-9.5164	1.5253	0.10533717122840613	1	1	10	Upright	Normal
1.4946	-9.3081	1.4168	75.8713	-49.9365	63.5792	-6.4366	22.1036	18.1149	-0.3368	0.2022	-0.1235	-0.6491	0.0106	-0.1561	0.7444	0.0124	-0.0070	-0.0326	1.8314	-9.5102	1.5402	0.05070666106660404	1	1	10	Upright	Normal
1.6095	-9.0782	1.5317	75.8596	-49.9962	63.7082	-7.5640	21.7572	17.8687	-0.2254	0.4314	-0.0081	-0.6491	0.0109	-0.1566	0.7443	0.0060	0.0164	-0.0347	1.8349	-9.5096	1.5398	-0.1870593047979323	1	1	10	Upright	Normal
1.6095	-9.2314	1.4934	75.8591	-50.0680	62.9806	-6.4150	21.8318	17.5930	-0.2274	0.2782	-0.0443	-0.6493	0.0063	-0.1515	0.7453	-0.0132	0.0196	-0.0294	1.8370	-9.5096	1.5377	0.14277393579107311	1	1	10	Upright	Normal
1.6089	-9.1937	1.5323	75.8618	-50.3199	62.9343	-6.9634	23.0569	17.4431	-0.2340	0.3160	0.0033	-0.6496	0.0044	-0.1497	0.7453	-0.0218	-0.0028	-0.0199	1.8429	-9.5098	1.5290	-0.03055068718945897	1	1	10	Upright	Normal
1.6089	-9.1554	1.5706	75.8989	-50.6793	63.1067	-6.6219	22.5994	18.0275	-0.2390	0.3560	0.0570	-0.6502	0.0033	-0.1486	0.7450	-0.0239	0.0078	-0.0263	1.8479	-9.5114	1.5136	-0.030918525589278545	1	1	10	Upright	Normal
1.5323	-9.1554	1.5706	75.8892	-50.6804	63.2166	-6.8154	22.2733	17.7840	-0.3171	0.3554	0.0558	-0.6502	0.0038	-0.1494	0.7449	-0.0239	0.0249	-0.0423	1.8494	-9.5108	1.5148	-0.012770102659565907	1	1	10	Upright	Normal
1.6855	-9.1937	1.5706	75.8407	-50.6554	63.3823	-6.8529	22.2025	17.5883	-0.1694	0.3151	0.0500	-0.6500	0.0047	-0.1509	0.7448	-0.0079	0.0398	-0.0412	1.8549	-9.5089	1.5206	0.0632907651056005	1	1	10	Upright	Normal
1.6478	-9.1165	1.4934	75.8485	-50.8346	63.7414	-6.6011	22.0688	17.6697	-0.2108	0.3926	-0.0206	-0.6502	0.0056	-0.1522	0.7443	-0.0122	0.0206	-0.0338	1.8586	-9.5092	1.5140	-0.09414554119709706	1	1	10	Upright	Normal
1.5712	-9.1548	1.4551	75.7906	-50.9940	64.0510	-6.9238	22.4225	17.7022	-0.2988	0.3521	-0.0596	-0.6502	0.0060	-0.1535	0.7441	-0.0101	0.0217	-0.0423	1.8700	-9.5069	1.5146	0.018114665864214174	2	1	11	Upright	Normal
Total time: 11 seconds.
