-0.7655	-9.6911	1.1486	80.6016	29.6450	-84.2351	6.8414	21.9834	-0.2325	0.0262	-0.0159	-0.2426	-0.5947	-0.2747	0.3717	0.6578	0.0338	-0.0484	0.0186	-0.7917	-9.6753	1.3912	0.1344288073428821	6	1	1	Upright	Normal
-0.5740	-9.6528	1.4168	81.1512	30.8262	-84.9389	6.8056	21.9673	0.4861	0.1989	0.0373	0.1218	-0.5988	-0.2745	0.3669	0.6568	-0.2815	0.2733	0.0101	-0.7729	-9.6901	1.2950	-0.0158140884293676	6	1	1	Upright	Normal
-0.9577	-9.3853	0.8811	81.9523	33.3252	-87.3434	7.0519	22.5607	1.6704	-0.2037	0.3250	-0.2655	-0.6039	-0.2772	0.3634	0.6530	0.3012	0.0773	0.0016	-0.7540	-9.7103	1.1465	-0.2980001429668402	6	1	1	Upright	Normal
-0.7272	-9.6145	1.3018	81.8841	31.1684	-85.3926	6.5385	22.0401	1.0781	-0.0111	0.0941	0.1179	-0.6015	-0.2789	0.3640	0.6541	-0.0621	-0.0473	-0.0138	-0.7162	-9.7086	1.1839	0.25435329411167196	6	1	1	Upright	Normal
-0.8422	-9.3464	1.1103	81.7154	27.9082	-82.2894	7.2451	21.8765	0.8260	-0.1811	0.3581	-0.1378	-0.5981	-0.2804	0.3642	0.6565	0.1179	0.0283	-0.1342	-0.6611	-9.7044	1.2481	-0.2797227380677594	6	1	1	Upright	Normal
-0.9571	-9.4613	1.0337	82.0046	22.7452	-75.9596	6.2401	23.2147	0.4102	-0.4299	0.2502	-0.2236	-0.5986	-0.2786	0.3533	0.6628	0.1946	0.0400	-0.2663	-0.5272	-9.7115	1.2573	0.11588058369505028	6	1	1	Upright	Normal
-1.0337	-9.1165	1.1103	81.4134	16.7193	-67.8994	6.5902	23.2080	0.2202	-0.6126	0.5803	-0.2915	-0.5968	-0.2690	0.3402	0.6751	0.2170	0.6110	-0.2268	-0.4211	-9.6968	1.4018	-0.32374921149859404	6	1	1	Upright	Normal
-0.3059	-9.9593	1.6466	81.0300	10.5600	-58.5818	4.7539	23.5745	1.3797	-0.0257	-0.2723	0.1443	-0.5984	-0.2555	0.3182	0.6894	0.2266	-0.0889	-0.1970	-0.2801	-9.6869	1.5024	0.8572804365960085	6	0	1	Upright	Normal
-0.1526	-8.5802	2.1063	79.4344	12.9192	-61.9854	5.0553	23.1900	1.0809	0.2493	1.0603	0.3542	-0.5889	-0.2528	0.3319	0.6922	0.1819	-1.0444	-0.0255	-0.4019	-9.6406	1.7521	-1.2628673568128832	6	0	1	Upright	Normal
-0.6889	-10.0742	2.4128	82.1834	19.0699	-60.0963	4.0458	23.2167	1.4021	-0.2533	-0.3585	1.1530	-0.6236	-0.2165	0.2779	0.6978	-0.4498	1.7178	0.1081	-0.4356	-9.7157	1.2598	1.5457211195132494	6	1	2	PT	Normal
-0.8045	-9.3087	0.6512	80.4230	18.6087	-62.9322	5.0442	23.4381	1.3683	-0.2839	0.3615	-0.8945	-0.6079	-0.2273	0.3044	0.6973	0.1041	-0.7334	0.5225	-0.5206	-9.6702	1.5458	-1.015923751601953	6	1	2	PT	Normal
-0.3065	-10.1131	1.3791	81.2891	33.2488	-81.5853	7.2500	23.4934	0.9200	0.5076	-0.4194	0.1375	-0.6144	-0.2434	0.3339	0.6722	-0.4807	-0.0441	0.1667	-0.8140	-9.6937	1.2415	0.8452353809711894	6	1	2	PT	Normal
-0.9188	-8.8484	1.7615	81.7993	44.7182	-87.7247	7.2284	22.1628	1.9149	0.0651	0.8582	0.7681	-0.6358	-0.2123	0.3048	0.6766	-0.3987	-0.3520	-0.0559	-0.9839	-9.7065	0.9934	-1.1426034667271256	6	1	2	PT	Normal
-1.2252	-10.3040	0.5740	84.1360	58.9092	-100.9913	5.6061	21.9693	2.7912	-0.3672	-0.5486	0.0567	-0.6528	-0.2179	0.2892	0.6654	-0.0781	0.5034	0.1965	-0.8580	-9.7555	0.5173	1.3237527036322039	6	1	2	PT	Normal
-1.2635	-10.1508	1.1103	84.6142	44.0183	-82.9149	6.2132	22.2749	3.4726	-0.6240	-0.3874	0.4486	-0.6512	-0.2055	0.2649	0.6809	0.2170	0.3063	-0.4432	-0.6396	-9.7634	0.6617	-0.10323499139538939	0	1	2	Upright	Normal
0.1532	-11.1857	1.0343	84.5436	-15.5423	-25.5007	4.5495	22.7005	3.5684	-0.0964	-1.4234	0.1369	-0.6280	-0.2447	0.2505	0.6950	0.4641	-0.9059	-0.9162	0.2496	-9.7624	0.8974	0.9452477423925494	0	0	2	Upright	Normal
1.2647	-9.8061	0.9954	82.1104	-34.3870	-8.0001	3.1218	23.4367	2.1652	0.5052	-0.0920	-0.1145	-0.6104	-0.2662	0.2440	0.7050	0.0189	-0.4958	-0.4965	0.7596	-9.7140	1.1099	-1.2971646351309278	0	0	2	Upright	Normal
-0.8422	-7.3161	-1.1881	80.2239	-41.7935	-4.2233	2.4112	23.4999	1.7608	-1.9517	2.3483	-2.4294	-0.5914	-0.2948	0.2560	0.7055	0.4759	-0.5363	-0.0981	1.1096	-9.6643	1.2412	-2.477659259824791	0	0	2	Upright	Normal
1.5329	-9.6145	0.7655	79.9529	-26.8335	-19.5627	3.0834	23.3057	0.7049	0.7611	0.0419	-0.7603	-0.5857	-0.2814	0.2736	0.7092	0.6825	0.6515	0.3386	0.7718	-9.6564	1.5259	2.3063426553159045	0	0	2	Upright	Normal
0.4597	-10.7643	3.0646	78.8396	-1.7691	-40.2334	4.2686	23.5767	0.8833	0.4012	-1.1429	1.1678	-0.5921	-0.2296	0.2749	0.7219	0.7070	-0.8846	0.0265	0.0585	-9.6214	1.8968	1.4355037437090417	0	1	3	PT	Normal
0.3071	-6.2052	0.9954	78.6568	-24.1314	-25.1129	4.0097	24.1693	0.3019	-0.4814	3.4101	-0.7646	-0.5698	-0.2926	0.2938	0.7095	-0.7289	-1.3064	-1.5448	0.7884	-9.6153	1.7600	-4.909454721161623	0	1	3	Jump	Normal
0.8051	-9.0016	1.3402	66.3477	-79.4143	21.0085	-0.7821	24.5376	0.7457	-3.0622	-0.0187	0.6176	-0.5114	-0.4490	0.2263	0.6969	-0.3465	-1.4545	-2.8785	3.8672	-8.9829	0.7226	2.8443330599163748	0	1	3	PT	Normal
2.6055	-9.3081	1.1869	55.2617	-85.3777	23.3939	-7.1837	24.6579	1.5081	-2.9643	-1.2492	0.7367	-0.4556	-0.5191	0.1759	0.7014	0.0892	-1.1871	-2.3128	5.5698	-8.0589	0.4503	0.6021215979689103	0	1	3	PT	Normal
5.7850	-9.1165	3.3327	53.5230	-84.9471	27.7223	-9.8760	23.3683	1.3605	-0.0221	-1.2309	2.8193	-0.4669	-0.5058	0.1374	0.7122	-0.3188	0.1189	-0.7682	5.8071	-7.8856	0.5134	1.5612358650206968	0	1	3	PT	Normal
7.5471	-8.8867	4.5580	56.5417	-75.5136	28.1178	-10.0054	23.2151	2.6412	2.3125	-0.7049	3.2055	-0.4943	-0.4322	0.1122	0.7459	-0.3082	1.5420	1.0574	5.2346	-8.1817	1.3524	1.218566751693979	0	1	3	PT	Normal
7.4322	-8.3121	3.6769	55.3317	-57.2684	11.7239	-8.0962	24.5083	0.7272	2.7399	-0.2463	0.6609	-0.4487	-0.3806	0.1420	0.7960	1.5475	1.0467	1.0915	4.6923	-8.0658	3.0159	-0.7774098278070429	0	1	3	PT	Normal
5.8999	-7.2778	3.5620	46.7243	-32.5391	-11.9116	-5.8088	24.3072	-4.7591	2.2841	-0.1378	-2.1051	-0.3519	-0.2953	0.2019	0.8650	3.4959	0.7399	0.6771	3.6158	-7.1400	5.6671	-1.7177522563832195	0	1	3	PT	Normal
5.5935	-6.2435	3.2555	24.4559	-21.3220	-26.7919	-5.1957	22.2765	-12.5632	2.3477	-2.1835	-5.0601	-0.1606	-0.2241	0.2606	0.9252	3.8048	-0.1603	-0.8568	3.2458	-4.0600	8.3157	-1.0305271027550589	0	1	3	PT	Normal
3.4093	-2.5666	7.5465	12.3740	-15.9571	-28.0041	-5.3809	15.1813	-17.1784	0.7760	-0.4651	-1.6631	-0.0702	-0.1597	0.2527	0.9517	3.1784	0.7111	-0.2262	2.6333	-2.1015	9.2096	-0.32308661993522314	0	1	3	Tilt	Normal
1.6478	-0.7272	8.7718	-7.5014	-8.4265	-35.8395	5.5680	-1.4220	-24.2369	0.2231	-2.0074	-0.8459	0.0846	-0.0497	0.3016	0.9483	2.2453	2.1174	0.0106	1.4247	1.2801	9.6177	0.28529401094039386	1	1	4	Tilt	Normal
-0.4974	-0.3059	8.9250	-10.2713	-3.5497	-44.9902	15.0039	4.3108	-28.7233	-1.0947	-2.0544	-0.7058	0.0945	0.0057	0.3783	0.9208	-0.1185	0.9520	-0.0778	0.5974	1.7485	9.6308	-0.01072304241107247	1	1	4	Tilt	Normal
0.4603	1.8777	10.1508	-17.7378	-0.2225	-56.4422	13.4482	9.4680	-28.6542	0.4241	-1.1100	0.8106	0.1368	0.0712	0.4670	0.8707	1.8266	0.6824	0.8852	0.0362	2.9877	9.3402	1.3891827604436013	1	0	4	Tilt	Normal
-0.1149	3.1029	11.4539	-22.7583	-1.6158	-64.5297	17.6013	4.4448	-30.2106	-0.3699	-0.6907	2.4144	0.1742	0.0936	0.5209	0.8304	-0.2144	-1.8657	0.7286	0.2550	3.7936	9.0395	1.5340438667696397	1	0	4	Tilt	Normal
1.4946	6.0148	9.4230	-25.0636	-7.1039	-68.8124	20.9039	2.3162	-36.6939	0.3961	1.8606	0.6080	0.2129	0.0725	0.5394	0.8114	0.3885	-0.5096	0.2846	1.0985	4.1542	8.8150	-0.5888080373794526	1	0	4	Tilt	Normal
1.4563	1.7244	9.5379	-24.6190	-13.3738	-76.8745	23.0947	3.9709	-39.2371	-0.6057	-2.3608	0.8646	0.2366	0.0425	0.5838	0.7755	-0.0546	0.1690	1.4798	2.0620	4.0853	8.6733	-1.4771795926958582	1	0	4	Tilt	Normal
1.4180	2.9119	10.0742	-19.9460	-13.4037	-79.0635	24.6123	3.7782	-37.5895	-0.7189	-0.4334	1.1070	0.2058	0.0208	0.6070	0.7673	-1.0304	-0.2657	0.7703	2.1368	3.3453	8.9672	0.7807098328359938	1	0	4	Tilt	Normal
3.1418	5.5551	5.7455	-22.4832	-23.1522	-78.3225	29.0242	4.6744	-40.5364	-0.4208	1.8049	-2.5859	0.2724	-0.0320	0.5765	0.7697	-0.3092	1.5741	1.4223	3.5626	3.7502	8.3314	-1.9947840772483048	1	0	4	Tilt	Normal
3.2178	1.1875	9.1171	-17.1240	-15.4746	-85.2651	65.1087	16.5841	-75.6741	0.7174	-1.6999	0.0850	0.1987	0.0020	0.6489	0.7345	-1.0720	0.7325	1.1645	2.5004	2.8874	9.0321	1.15369225488452	1	0	4	Tilt	Normal
2.6432	2.0686	10.4196	-16.3378	-14.4733	-89.8144	69.0685	152.2881	-144.5468	0.2913	-0.6900	1.3077	0.1879	0.0112	0.6806	0.7081	2.0919	0.6398	1.6119	2.3519	2.7586	9.1119	1.2059170350046262	1	1	5	PT	Normal
3.0646	1.6855	9.6151	-14.7508	-16.0717	-81.1879	-19.5416	88.8100	3.1176	0.4392	-0.8113	0.5023	0.1867	-0.0226	0.6253	0.7573	-0.3114	-0.4745	0.9494	2.6254	2.4969	9.1128	-0.7153937086966735	1	1	5	PT	Normal
3.1418	1.3797	8.1588	-12.6227	-15.6061	-62.6480	12.5343	8.5054	11.8108	0.5674	-0.7633	-1.0579	0.1632	-0.0587	0.4992	0.8490	-0.1122	0.6632	0.6628	2.5744	2.1430	9.2168	-1.380445944094724	1	1	5	PT	Normal
2.3367	1.4174	9.6534	-10.7250	-12.1971	-53.5399	26.3328	17.5805	7.0511	0.3011	-0.4076	0.2357	0.1306	-0.0526	0.4370	0.8884	0.5590	0.8571	0.5925	2.0357	1.8250	9.4177	1.1817958361422942	1	1	5	PT	Normal
2.0686	1.8387	9.3087	-14.5253	-7.5564	-47.1960	35.9163	69.0295	70.9558	0.8203	-0.6208	-0.1021	0.1418	-0.0094	0.3886	0.9104	1.6668	1.6294	0.3582	1.2483	2.4596	9.4107	-0.3213857478758477	0	1	5	Tilt	Normal
1.3797	1.9543	9.9593	-17.0962	-2.5017	-39.1103	32.6480	86.8038	157.7077	0.9705	-0.9287	0.5950	0.1473	0.0294	0.3279	0.9327	0.2042	0.4991	-0.3598	0.4091	2.8829	9.3643	0.5311566795174816	0	0	5	Tilt	Normal
-0.5363	3.3327	11.2623	-20.3492	3.8234	-23.8444	-0.9832	60.6609	150.0796	0.0769	-0.0774	2.0882	0.1660	0.0686	0.2090	0.9613	-0.7289	-0.2283	-0.4944	-0.6132	3.4101	9.1741	1.5147077108271283	0	0	5	Tilt	Normal
-1.3402	3.6015	9.3464	-19.0035	5.0674	-11.8232	24.6951	83.4942	121.0721	-0.5210	0.4082	0.1104	0.1595	0.0604	0.1087	0.9793	0.7220	0.8498	-0.6254	-0.8191	3.1933	9.2359	-1.6517414937698671	0	0	5	Tilt	Normal
-1.1486	2.9119	9.4996	-16.2786	7.0174	-9.6629	65.8990	251.2430	234.1109	0.0015	0.1631	0.1567	0.1357	0.0723	0.0919	0.9838	-0.7225	0.1403	-0.0992	-1.1501	2.7488	9.3429	-0.10350739545967436	0	0	5	Tilt	Normal
-1.9537	3.7158	9.6534	-19.7049	7.9169	-11.3212	205.3468	496.7392	299.4652	-0.6819	0.4093	0.5091	0.1632	0.0845	0.1087	0.9769	0.2170	-0.1665	0.2715	-1.2718	3.3065	9.1444	0.5246975328193972	0	0	5	Tilt	Normal
-1.6089	3.6392	9.7683	-23.3512	6.6435	-15.8299	145.7675	347.4474	232.9663	-0.5671	-0.2478	0.8256	0.1923	0.0840	0.1462	0.9667	1.3057	-0.1772	0.3940	-1.0418	3.8870	8.9428	0.020867470591802828	0	0	6	Lying	Normal
-1.1492	4.7118	8.3127	-26.3978	4.8850	-21.0155	-4.6361	539.6873	49.9739	-0.4012	0.3518	-0.4395	0.2167	0.0824	0.1870	0.9546	-0.1675	-0.1794	0.6649	-0.7480	4.3600	8.7522	-0.9235382566685519	0	0	6	Lying	Normal
0.3831	4.2904	10.8793	-25.7627	-0.9953	-19.3412	-163.2371	148.6122	-62.0561	0.2297	0.0280	2.0488	0.2212	0.0291	0.1618	0.9613	0.4663	-0.1953	1.0548	0.1534	4.2624	8.8304	2.0769337831161305	0	0	6	Lying	Normal
0.0772	4.4059	9.0399	-26.1063	-3.0468	-6.7490	-29.6686	-19.3752	-4.8730	-0.3907	0.0907	0.2463	0.2269	-0.0126	0.0513	0.9725	0.1201	-0.1453	0.7277	0.4679	4.3152	8.7936	-1.6442786141724213	0	0	6	Lying	Normal
1.0726	4.0989	9.3087	-27.2882	-4.1473	22.4026	-1.7858	-14.1490	-15.4480	0.4423	-0.3971	0.6164	0.2244	-0.0803	-0.1970	0.9510	0.2937	0.5866	0.5679	0.6303	4.4960	8.6923	0.17085308629597762	0	0	6	Tilt	Normal
1.1109	3.8690	9.5768	-25.4660	-5.7510	58.5706	-1.3317	-13.3841	-20.4234	0.2237	-0.3476	0.7676	0.1681	-0.1504	-0.4862	0.8443	0.2532	-0.3445	-0.1309	0.8872	4.2166	8.8092	0.16079903061914358	0	0	6	Lying	Normal
0.9583	4.6358	8.7334	-27.9348	-7.2522	94.5112	-1.0349	-13.8729	-20.6623	-0.1354	0.0417	0.1389	0.1184	-0.2186	-0.7216	0.6461	0.3236	-0.5297	0.0312	1.0937	4.5940	8.5946	-0.4545321886953708	0	0	6	Lying	Normal
-0.0377	5.4785	9.3081	-33.2118	-3.2912	125.1370	-0.3082	-15.4150	-19.5452	-0.5086	0.1071	1.1169	0.1072	-0.2662	-0.8540	0.4340	1.6019	1.0490	0.3060	0.4709	5.3714	8.1912	0.8669012714444673	0	0	6	Lying	Normal
-1.6466	7.2024	9.6528	-44.5475	5.5536	150.5308	1.1684	-17.9865	-15.2128	-0.9703	0.3231	2.6968	0.1396	-0.3547	-0.8892	0.2528	2.3028	2.3763	0.9239	-0.6764	6.8793	6.9561	1.3550103681238888	0	0	6	Lying	Normal
-1.6083	9.0794	7.2778	-56.9541	9.7644	162.7802	0.5889	-21.6059	-8.7140	-0.7014	0.8592	2.0077	0.1451	-0.4585	-0.8599	0.1712	2.1281	1.7318	1.8869	-0.9070	8.2202	5.2701	-0.4089048651149163	0	0	6	Lying	Normal
0.3837	8.5048	4.1749	-76.1127	-14.8257	139.5557	-2.8816	-23.9954	-1.9391	-0.2185	-1.0151	1.8996	0.1160	-0.6087	-0.7602	0.1953	3.2765	1.8596	2.4856	0.6021	9.5199	2.2752	-2.2648345163959505	0	1	7	PT	Normal
2.5672	7.6620	0.3442	-72.1425	-100.9005	47.1425	-11.6402	-23.0702	7.8406	-0.3856	-1.6721	0.9129	0.0944	-0.7212	-0.6219	0.2902	3.2126	1.6636	2.7654	2.9528	9.3341	-0.5688	-1.3940478889373615	0	1	7	PT	Normal
5.2487	6.2064	-0.0389	-54.1429	-110.6772	27.1740	-19.5950	-17.8085	12.9452	-0.1255	-1.7416	1.9894	0.0795	-0.7727	-0.4828	0.4043	2.4882	1.7307	2.3308	5.3742	7.9480	-2.0283	0.040362499607384805	0	1	7	Tilt	Normal
7.4699	4.2904	-2.1835	-39.3651	-108.2070	16.6956	-25.1236	-12.4366	14.1644	0.2679	-1.9296	0.1854	0.0846	-0.7833	-0.3501	0.5066	1.0852	1.2919	0.8959	7.2021	6.2200	-2.3689	0.7584350725459412	0	0	7	Tilt	Normal
7.8536	4.6741	-1.6861	-34.8991	-107.0309	14.4348	-28.1660	-8.5667	13.0775	0.1634	-0.9366	0.6696	0.0805	-0.7833	-0.3105	0.5325	0.3193	-0.1079	0.5774	7.6902	5.6107	-2.3557	0.4067356880929296	0	0	7	Tilt	Normal
7.6620	5.1721	-2.1075	-33.2423	-106.6875	15.1194	-28.4259	-7.6897	13.7181	-0.1944	-0.2037	0.2477	0.0682	-0.7845	-0.3027	0.5369	-0.4328	-0.1068	0.0639	7.8564	5.3757	-2.3551	0.18797600897605804	0	0	7	Tilt	Normal
7.0491	5.6318	-2.3756	-33.7053	-107.9690	16.6461	-27.2958	-7.7752	14.7929	-0.7111	0.1899	0.1413	0.0566	-0.7906	-0.3135	0.5229	-0.0386	-0.2389	0.0406	7.7602	5.4419	-2.5169	-0.15139432660166285	0	0	7	Tilt	Normal
7.3550	5.6312	-2.1069	-34.0464	-107.7431	18.1830	-26.5734	-8.2531	14.0141	-0.3841	0.1408	0.3695	0.0484	-0.7899	-0.3226	0.5193	-0.1313	0.2511	0.0065	7.7391	5.4904	-2.4764	0.16967774675143765	0	0	7	Tilt	Normal
7.6620	5.4402	-2.0692	-34.2514	-105.6533	20.3592	-27.6132	-8.9001	14.1019	-0.1432	-0.0792	0.1179	0.0405	-0.7809	-0.3330	0.5269	-0.1196	0.1062	0.0428	7.8052	5.5194	-2.1871	0.12227644395024839	0	0	7	Tilt	Normal
7.4316	5.7078	-2.1069	-34.3951	-105.2480	21.5352	-27.4172	-9.1996	13.7058	-0.3756	0.1680	0.0214	0.0345	-0.7793	-0.3392	0.5258	-0.0663	-0.1516	-0.0180	7.8072	5.5397	-2.1283	-0.017523822688662705	1	0	8	Tilt	Normal
7.5848	5.5545	-1.9920	-34.6091	-105.5733	22.2864	-27.9539	-9.0460	13.7360	-0.1900	-0.0153	0.1749	0.0296	-0.7808	-0.3440	0.5207	-0.0152	-0.1580	-0.0489	7.7749	5.5698	-2.1669	0.005362414861934894	1	0	8	Tilt	Normal
7.5465	5.5545	-2.1452	-34.8302	-105.9451	22.8365	-27.8971	-9.2040	14.0377	-0.1935	-0.0464	0.0663	0.0259	-0.7824	-0.3480	0.5159	0.0285	0.0008	-0.0237	7.7400	5.6009	-2.2115	0.0028246485836724844	1	0	8	Tilt	Normal
7.5088	5.5168	-2.0309	-34.8556	-106.0865	23.3650	-27.8150	-8.7387	14.1561	-0.2233	-0.0877	0.1990	0.0220	-0.7831	-0.3505	0.5133	0.0029	-0.0514	-0.0279	7.7321	5.6045	-2.2299	-0.07636445018953353	1	0	8	Tilt	Normal
7.5471	5.4402	-2.2224	-34.8798	-106.1193	23.7841	-27.6549	-8.9825	13.4686	-0.1815	-0.1677	0.0112	0.0191	-0.7833	-0.3526	0.5117	0.0242	0.0552	0.0157	7.7286	5.6080	-2.2336	0.02888984840923925	1	0	8	Tilt	Normal
7.4699	5.5545	-2.0686	-34.9637	-105.9386	24.1704	-27.5872	-9.2324	14.8367	-0.2578	-0.0651	0.1384	0.0175	-0.7824	-0.3548	0.5115	-0.0077	-0.0034	0.0008	7.7277	5.6196	-2.2070	-0.02945240079109901	1	0	8	Tilt	Normal
7.6614	5.4396	-2.0686	-34.8879	-105.8896	24.5618	-27.7839	-8.1066	14.4373	-0.0753	-0.1694	0.1338	0.0146	-0.7824	-0.3560	0.5108	0.0328	-0.0588	0.0094	7.7367	5.6090	-2.2024	0.08531751861223213	1	0	8	Tilt	Normal
7.5471	5.3253	-2.0309	-34.7789	-105.7907	24.6496	-27.8564	-9.1288	13.9861	-0.2037	-0.2684	0.1610	0.0137	-0.7820	-0.3557	0.5116	0.0626	-0.0025	0.0162	7.7508	5.5938	-2.1919	-0.16370830036114192	1	0	8	Tilt	Normal
7.4705	5.4402	-1.8777	-34.7532	-105.7214	24.8647	-28.1105	-8.2564	14.0648	-0.2854	-0.1499	0.3056	0.0123	-0.7818	-0.3565	0.5114	-0.0248	0.0178	-0.0190	7.7559	5.5902	-2.1832	-0.02711798099653251	1	0	8	Tilt	Normal
7.4699	5.4779	-1.9920	-34.9631	-105.3635	25.2286	-27.7654	-8.2908	13.6827	-0.2795	-0.1417	0.1374	0.0121	-0.7800	-0.3594	0.5121	-0.0290	0.0359	-0.0424	7.7494	5.6196	-2.1293	0.04469446324024595	1	0	8	Tilt	Normal
7.6231	5.5545	-2.2218	-35.2777	-105.3113	25.4432	-27.6891	-8.4410	13.7416	-0.0985	-0.1091	-0.1077	0.0125	-0.7795	-0.3623	0.5108	-0.0205	0.0497	-0.0744	7.7216	5.6636	-2.1141	0.21526828271104392	2	0	9	Tilt	Fall
7.6237	5.4785	-2.1841	-35.3714	-105.5997	25.3358	-27.3009	-8.3856	12.9483	-0.0781	-0.1983	-0.0337	0.0128	-0.7807	-0.3624	0.5089	0.0881	0.0231	-0.0211	7.7018	5.6768	-2.1504	-0.05150099086198345	2	0	9	Tilt	Normal
7.5088	5.2870	-2.2607	-35.5503	-105.7416	24.9595	-28.2255	-8.8700	13.2217	-0.1706	-0.4146	-0.0961	0.0159	-0.7811	-0.3619	0.5086	0.0519	0.0007	-0.0938	7.6794	5.7016	-2.1647	-0.18117900593128056	2	0	9	Tilt	Normal
7.6237	4.6358	-1.5712	-36.2747	-106.2530	24.5319	-27.5015	-8.6786	13.2459	0.0338	-1.1663	0.6416	0.0210	-0.7825	-0.3645	0.5043	-0.0003	-0.0163	-0.2547	7.5899	5.8020	-2.2128	-0.3977403407132787	2	0	9	Tilt	Normal
7.9302	2.1075	-1.4180	-42.8346	-108.9643	30.9080	-25.9948	-10.6187	13.3451	1.1292	-4.5598	0.9192	0.0026	-0.7869	-0.4306	0.4421	-2.4504	-1.8336	-1.7471	6.8010	6.6673	-2.3372	-0.7327220352352413	2	0	9	Tilt	Normal
4.4825	5.0955	0.1526	-61.7648	-105.3115	48.4605	-21.7500	-16.1689	11.8785	0.0078	-3.5443	1.3779	0.0039	-0.7500	-0.5858	0.3073	-2.8158	-1.5098	-3.0042	4.4748	8.6398	-1.2252	-1.538844721254189	2	0	9	Tilt	Normal
0.3454	9.1560	1.4168	-78.4009	-63.1452	101.8560	-13.5835	-22.6615	7.7546	-1.4136	-0.4503	0.5261	0.0244	-0.6738	-0.7212	0.1592	-2.5484	-1.0571	-2.6324	1.7590	9.6063	0.8906	2.4831647575677804	2	0	9	Tilt	Normal
-0.1532	9.0788	4.4436	-72.1494	-3.6297	169.9111	-5.8329	-24.4737	1.3898	-0.3434	-0.2557	1.4437	0.0263	-0.5885	-0.8064	0.0525	-3.2536	-2.2928	-2.2235	0.1902	9.3345	2.9999	0.8376826714124483	2	0	9	Tilt	Normal
-0.2292	7.4705	8.9250	-47.6063	-11.9412	163.4619	-1.2736	-23.9854	-7.9258	-0.1573	0.1004	2.4563	0.0365	0.4109	0.9066	-0.0893	-2.3811	-1.9189	-1.4490	-0.0720	7.3701	6.4687	1.5320684990780364	2	0	9	Tilt	Normal
0.1149	6.0142	9.1937	-34.1667	-15.5521	155.8378	0.9871	-19.8421	-15.5925	-0.1122	0.0971	1.3768	0.0655	0.3117	0.9344	-0.1594	-1.9454	-1.2190	-1.1635	0.2271	5.9171	7.8169	-0.6544410348565446	2	0	9	Tilt	Normal
0.0766	5.5545	9.0788	-25.3470	-18.5228	148.1586	1.6424	-17.0346	-18.9106	-0.4697	0.5293	0.6755	0.0916	0.2513	0.9357	-0.2302	-1.0421	-1.5332	-0.6458	0.5463	5.0253	8.4033	-0.3432693087015064	0	0	10	Tilt	Normal
0.0383	4.2521	8.7340	-11.6135	-18.7478	139.0160	0.2730	-12.9933	-22.8650	-1.1149	0.7738	-0.3621	0.1168	0.1502	0.9252	-0.3282	-1.9454	-0.2688	-0.5553	1.1533	3.4783	9.0962	-0.929303097221398	0	0	10	Tilt	Normal
0.2682	3.0646	10.4579	-12.1304	-15.7207	129.9046	1.7832	-10.8000	-23.0956	0.0853	-0.2462	1.2290	0.0789	0.1524	0.8985	-0.4040	-0.0045	0.9244	-0.8360	0.1829	3.3107	9.2289	1.1868372470590884	0	0	10	Tilt	Normal
-0.8422	2.8353	11.8363	-8.0841	-11.7844	124.5019	5.0043	-9.5862	-18.6118	-0.8640	0.4202	2.3318	0.0580	0.1097	0.8815	-0.4556	-0.7001	-0.2378	0.6766	0.0218	2.4152	9.5045	1.2992744089149948	0	0	10	Tilt	Normal
-0.6506	2.6821	10.7254	-9.2799	-13.5326	121.8177	2.7313	-9.4921	-13.6031	-0.5540	-0.0784	1.3159	0.0636	0.1273	0.8695	-0.4729	0.3300	-0.3656	-0.4611	-0.0967	2.7605	9.4095	-1.1254572258552447	0	0	10	Tilt	Normal
-0.3065	3.4860	9.4619	-9.5462	-13.9872	128.7298	-2.7429	-11.1139	2.6979	-0.5583	0.6496	0.0778	0.0737	0.1270	0.8961	-0.4188	0.3715	-0.1035	-0.1777	0.2518	2.8364	9.3841	-0.9865032811143468	0	0	10	Tilt	Normal
0.7667	2.7204	10.1125	-12.0177	-13.9602	138.7702	-9.9532	-14.7971	11.1873	0.2936	-0.3291	0.8042	0.0765	0.1398	0.9284	-0.3356	0.2117	-0.2261	0.0716	0.4732	3.0495	9.3084	0.41175625991327713	0	0	10	Tilt	Normal
0.3448	3.4477	9.5385	-16.8771	-13.2537	147.2788	-9.8255	-16.1001	8.9040	-0.0486	-0.0991	0.4043	0.0685	0.1720	0.9475	-0.2605	0.6602	0.2746	0.1513	0.3934	3.5467	9.1342	-0.3517256877087309	0	0	10	Lying	Normal
0.4214	5.3247	8.6957	-20.7696	-10.4291	159.8014	-4.2405	-14.4301	8.8724	-0.0637	1.5021	-0.3220	0.0565	0.1924	0.9672	-0.1556	-0.4700	-0.3198	0.0363	0.4851	3.8226	9.0178	0.05683049403195817	0	0	10	Tilt	Normal
0.8045	3.0263	9.9599	-19.1590	-4.0166	174.8668	-6.9981	-15.5086	3.9202	0.4076	-0.2328	0.7192	0.0271	0.1677	0.9847	-0.0383	-0.2815	0.2959	-0.1278	0.3968	3.2591	9.2407	0.23540562255371	0	0	10	Tilt	Normal
1.3408	4.6735	9.0405	-16.1338	-10.4199	175.9417	-2.3724	-14.5879	-4.4175	-0.3630	1.9484	-0.2245	-0.0849	-0.1428	-0.9858	0.0222	-0.6224	-1.3553	0.0981	1.7038	2.7251	9.2650	-0.17557300485213467	1	0	11	Tilt	Normal
0.9577	2.5283	10.0748	-18.7645	-10.7660	169.8300	1.3413	-13.5405	-7.3410	-0.7768	-0.6262	0.9529	-0.0778	-0.1699	-0.9798	0.0718	1.2354	0.8158	0.5774	1.7344	3.1545	9.1219	0.1662666019457042	1	0	11	Tilt	Normal
1.8010	3.5632	7.7375	-20.2025	-11.8285	173.9838	6.3058	-11.3405	-8.5235	-0.0854	0.1766	-1.2704	-0.0921	-0.1795	-0.9789	0.0333	-1.3276	-2.3332	-0.6683	1.8865	3.3866	9.0079	-1.7244238689237523	1	0	11	Tilt	Normal
1.3797	0.6135	9.3464	-15.4650	-11.7626	171.1835	9.9881	-10.8676	-10.6974	-0.2034	-2.2226	0.0934	0.0909	0.1412	0.9838	-0.0620	0.7422	1.5391	0.2297	1.5830	2.8361	9.2530	0.7607533706660146	1	0	11	Tilt	Normal
-1.2635	3.7930	11.4533	-19.3410	-7.6733	160.4105	5.9820	-11.8731	-8.9253	-1.4180	0.3216	2.2830	0.0365	0.1764	0.9712	-0.1562	2.0088	1.5231	0.7943	0.1544	3.4714	9.1702	2.6634244557202678	1	0	11	Tilt	Normal
-1.4934	1.8393	8.1205	-19.1157	-7.8715	152.1354	8.8210	-12.3532	-9.4215	-1.1938	-1.6007	-1.0579	0.0258	0.1771	0.9576	-0.2258	-0.4391	0.6240	0.2521	-0.2996	3.4400	9.1785	-3.671943650654395	1	0	11	Tilt	Normal
-3.6386	-0.8039	7.3161	-16.2056	-0.4501	143.5732	7.9191	-11.0705	-18.2384	-2.0753	-3.0516	-2.1006	-0.0404	0.1351	0.9406	-0.3089	-1.0101	1.4848	-0.8824	-1.5633	2.2477	9.4167	-0.2486456669951096	0	0	11	Tilt	Normal
-4.7112	-3.9834	5.6306	-23.8890	15.5752	136.0306	8.3925	-7.1841	-19.9876	-0.1601	-4.9084	-3.0067	-0.1997	0.1405	0.8883	-0.3889	-0.3965	4.4920	-1.1498	-4.5511	0.9251	8.6372	0.1422173053372866	0	0	11	Upright	Normal
-8.6951	-4.9793	7.8141	-42.1166	34.4304	127.9297	14.8236	-1.5746	-11.6978	-1.0080	-3.9403	1.8142	-0.3988	0.1872	0.7543	-0.4868	-0.9387	4.1629	-2.6205	-7.6872	-1.0391	5.9999	4.353989318950692	0	0	11	Upright	Normal
-12.5259	-9.4230	13.1771	-54.5723	45.6221	111.6169	16.2895	6.2231	-4.9457	-4.7479	-4.9656	9.2015	-0.5225	0.1559	0.5777	-0.6074	-1.7057	0.1234	-2.3915	-7.7780	-4.4574	3.9756	7.770851162155656	0	1	12	Jump	Normal
-10.2274	-6.9330	13.5985	-54.0711	51.8374	102.2235	15.6010	9.8670	-2.8132	-3.7994	-0.4360	10.0431	-0.5597	0.0738	0.4988	-0.6576	-1.0272	-1.6172	-1.9675	-6.4280	-6.4970	3.5554	-2.1039798058736956	0	1	12	PT	Normal
-7.4310	-5.3624	7.6225	-34.8493	55.4959	92.7803	13.0351	14.4167	-6.7010	-3.8683	2.5557	3.0638	-0.5044	-0.1145	0.5152	-0.6833	-0.7821	-3.4441	-1.5488	-3.5627	-7.9181	4.5587	-6.453866352451927	0	1	12	Jump	Normal
-3.4854	-7.5459	4.2515	-23.1527	60.5502	91.6128	8.5468	17.3248	-11.3368	-1.3499	0.9369	-0.1815	-0.4749	-0.2200	0.5361	-0.6623	-0.5307	-0.4050	-0.8291	-2.1355	-8.4828	4.4330	-2.583471710869084	0	1	12	PT	Normal
-2.4128	-7.3927	3.9067	-16.7052	64.6944	91.8712	5.9402	19.5343	-9.8037	-0.9189	1.4289	-0.1080	-0.4657	-0.2800	0.5466	-0.6372	0.1681	-0.4465	-0.7088	-1.4938	-8.8216	4.0148	-0.6335203955143012	0	1	12	PT	Normal
-0.3448	-7.5082	2.1452	-0.6890	66.3801	93.1071	4.4246	19.8171	-10.4735	0.1894	1.4612	-1.7837	-0.4009	-0.3728	0.6053	-0.5779	-0.1164	-0.0396	-0.2198	-0.5342	-8.9694	3.9289	-0.8863840840755266	0	1	12	PT	Normal
0.5752	-5.8987	3.4854	7.5737	66.9381	97.1787	2.9689	19.4475	-10.7792	1.2005	3.1168	-0.3225	-0.3763	-0.4053	0.6484	-0.5232	-0.0002	1.1589	0.0699	-0.6253	-9.0155	3.8078	-0.9406797889990193	0	1	12	PT	Normal
-0.1143	-9.7294	4.2515	8.9431	66.6114	103.2967	5.2466	20.0376	-9.8452	1.3669	-0.8306	0.4060	-0.3889	-0.3908	0.6800	-0.4834	0.2160	0.6923	0.7730	-1.4813	-8.8988	3.8455	3.7427833788480465	0	1	12	Jump	Normal
-0.6506	-10.3807	3.3704	7.4037	68.4510	105.6236	6.4813	19.8504	-8.5222	1.3590	-1.4714	-0.2014	-0.4149	-0.3818	0.6793	-0.4698	-0.2708	0.7124	0.4733	-2.0096	-8.9093	3.5718	0.3151593370962473	0	1	12	Tilt	Normal
-2.9108	-9.5379	3.2172	3.5746	69.7666	105.5130	7.6772	19.5418	-6.8709	-0.6535	-0.6150	-0.1677	-0.4396	-0.3663	0.6635	-0.4820	0.0168	0.0264	-0.0444	-2.2573	-8.9229	3.3850	-0.4552226653814202	0	0	12	Tilt	Normal
-1.8765	-8.9250	2.8341	-1.7256	70.7394	102.8882	7.2546	19.4192	-6.0870	0.2836	0.0780	-0.3992	-0.4603	-0.3511	0.6322	-0.5150	-0.1473	0.0893	-0.3267	-2.1600	-9.0029	3.2334	-0.9279546195308601	0	1	13	PT	Normal
-1.7232	-8.9633	2.4894	-5.3443	72.0414	99.7994	7.2759	19.7023	-5.9869	0.1422	0.1817	-0.5210	-0.4736	-0.3495	0.6003	-0.5414	-0.3241	0.2352	-0.4470	-1.8654	-9.1450	3.0104	-0.08951217616910867	0	1	13	Tilt	Normal
-1.7621	-8.0445	2.3367	-13.4164	75.5891	93.4054	6.1916	20.2948	-4.2036	-0.6325	1.4033	-0.0373	-0.5063	-0.3502	0.5221	-0.5903	-0.7268	0.2778	-1.5517	-1.1296	-9.4478	2.3740	-0.9005042026104757	0	0	13	Tilt	Normal
-0.3825	-7.0096	1.1486	-23.8532	78.9659	87.7011	2.5659	21.2678	-2.1415	-0.0100	2.6386	-0.5679	-0.5460	-0.3381	0.4284	-0.6356	-0.7640	0.0883	-0.7893	-0.3724	-9.6482	1.7165	-1.4469506115000357	0	0	13	Tilt	Normal
0.5752	-8.7718	0.7655	-40.6577	81.4056	81.4484	0.7078	22.2408	-0.2668	0.0777	0.9590	-0.3461	-0.5986	-0.2916	0.2921	-0.6866	-0.3188	-0.0012	0.4720	0.4975	-9.7308	1.1117	1.7105327340466392	0	0	13	Tilt	Normal
-0.1143	-2.2212	1.1869	-50.5903	82.4831	83.4341	0.7732	22.2349	-0.7714	-0.2412	7.5509	0.3726	-0.6365	-0.2311	0.2421	-0.6949	-0.5371	-0.0758	0.1801	0.1269	-9.7721	0.8143	-6.302889470831759	0	0	13	Tilt	Normal
0.5752	-17.9655	-1.1498	-57.9032	82.5210	81.5676	0.5482	22.5850	-0.6868	0.2191	-8.1888	-1.8280	-0.6525	-0.1992	0.1879	-0.7066	1.3196	1.9589	-0.9491	0.3561	-9.7767	0.6782	15.49042628577077	0	0	13	Tilt	Normal
0.9960	-2.0303	1.6855	-64.9493	56.2386	56.8725	-0.5231	22.4449	-1.7069	0.6753	7.4958	-0.6217	-0.6058	-0.1241	0.1318	-0.7748	-0.0578	-1.5149	-0.0766	0.3207	-9.5261	2.3073	-15.190974295010909	0	0	13	Tilt	Normal
1.1115	-8.5802	1.1486	-72.8373	66.4340	63.7827	-0.5212	22.8502	-1.1519	0.5013	1.1389	-0.0082	-0.6546	-0.1119	0.0795	-0.7434	0.4749	0.2024	0.0553	0.6102	-9.7191	1.1568	5.907334495001775	0	0	13	Tilt	Normal
0.9200	-9.2698	1.1103	-75.7482	58.2610	55.2531	-0.6629	22.2952	-0.8606	0.2750	0.4331	-0.1592	-0.6533	-0.0918	0.0549	-0.7495	0.2640	0.0085	0.0266	0.6449	-9.7028	1.2695	0.6534739253578508	0	0	13	Tilt	Normal
0.8051	-9.3464	0.9571	-77.2306	54.0602	50.8133	-1.0616	22.7183	-0.8377	0.1395	0.3548	-0.3147	-0.6545	-0.0822	0.0424	-0.7504	-0.0450	0.0649	0.0234	0.6656	-9.7012	1.2718	0.0484324806837364	0	0	14	Tilt	Normal
1.0349	-9.5762	1.4551	-78.0848	51.0370	48.0519	-0.8098	22.8054	-1.0970	0.4254	0.1284	0.1823	-0.6554	-0.0742	0.0375	-0.7507	-0.0141	-0.1289	0.1054	0.6095	-9.7046	1.2728	0.3115393145651044	0	0	14	Tilt	Normal
0.8434	-9.3847	1.5317	-77.9836	50.0861	47.0096	-1.0603	23.0476	-1.3072	0.2164	0.3139	0.2222	-0.6540	-0.0743	0.0366	-0.7519	0.0200	0.0351	0.0308	0.6270	-9.6986	1.3095	-0.19504453175650127	0	0	14	Tilt	Normal
0.3454	-9.6145	1.2252	-77.4479	50.2455	47.4208	-0.5486	22.8280	-1.5279	-0.2482	0.0789	-0.1374	-0.6518	-0.0755	0.0409	-0.7535	0.0690	-0.0715	0.0341	0.5936	-9.6934	1.3626	0.15219890517986556	0	0	14	Tilt	Normal
0.4603	-9.3081	1.5317	-77.1372	53.2549	50.5510	-0.0777	22.4426	-1.6475	-0.1160	0.3941	0.2258	-0.6536	-0.0789	0.0458	-0.7513	-0.1259	0.0648	-0.0011	0.5763	-9.7022	1.3059	-0.253896905344682	0	0	14	Tilt	Normal
0.6901	-9.4996	1.5317	-76.3391	54.4884	51.9354	-0.3427	22.8039	-1.5780	0.1266	0.1981	0.1867	-0.6516	-0.0830	0.0517	-0.7523	0.0978	0.0403	0.0149	0.5635	-9.6977	1.3449	0.20250091458939323	0	0	14	Tilt	Normal
0.8428	-9.6151	1.0726	-75.2135	56.1912	53.4937	-0.4859	22.4034	-1.5619	0.2361	0.0733	-0.3198	-0.6486	-0.0909	0.0579	-0.7534	-0.0152	-0.0257	-0.0224	0.6066	-9.6884	1.3924	0.06437405312145117	0	0	14	Tilt	Normal
0.3065	-9.3470	1.5706	-75.4148	59.5003	56.7416	-0.1441	22.1910	-1.3161	-0.2996	0.3605	0.3177	-0.6538	-0.0931	0.0593	-0.7486	-0.1387	0.1309	-0.0022	0.6060	-9.7074	1.2529	-0.22838937126520165	0	0	14	Tilt	Normal
1.2258	-9.3470	1.1492	-74.2352	59.1589	56.5043	-0.6101	22.9695	-0.1891	0.6140	0.3449	-0.2165	-0.6486	-0.0983	0.0659	-0.7519	0.2544	0.0169	0.0319	0.6119	-9.6919	1.3657	0.01383151374131053	0	0	14	Tilt	Normal
0.8817	-9.3847	1.0337	-73.6715	61.3026	58.4660	-0.9855	23.2711	-1.0416	0.2345	0.3106	-0.2901	-0.6493	-0.1042	0.0695	-0.7501	-0.0951	0.0104	0.0021	0.6472	-9.6953	1.3238	-0.014285849957289543	1	0	15	Tilt	Normal
0.6512	-9.2320	1.3024	-73.6631	64.0966	61.3765	-0.3453	22.2114	-0.9972	0.0341	0.4808	0.0977	-0.6537	-0.1059	0.0727	-0.7457	-0.1388	0.0381	0.0639	0.6171	-9.7128	1.2047	-0.13640814660885958	1	0	15	Tilt	Normal
0.7278	-9.6534	1.1109	-72.7388	66.9412	64.5262	-0.3990	22.5599	-0.8656	0.1585	0.0702	-0.0287	-0.6553	-0.1115	0.0820	-0.7426	0.1095	-0.0994	0.0543	0.5694	-9.7236	1.1396	0.3981986136584972	1	0	15	Tilt	Normal
0.5752	-9.4613	1.1103	-71.9199	66.8330	64.2615	-0.4626	22.9804	-1.4362	-0.0362	0.2529	-0.0868	-0.6522	-0.1168	0.0855	-0.7441	-0.0162	-0.0195	-0.0245	0.6114	-9.7142	1.1971	-0.2007535364498061	1	0	15	Tilt	Normal
0.6901	-9.3464	1.3785	-70.7864	69.5094	66.8180	-0.1677	23.2306	-0.9846	0.0540	0.3742	0.2488	-0.6531	-0.1259	0.0932	-0.7409	-0.1014	0.0360	-0.0177	0.6361	-9.7206	1.1296	-0.07089295926964745	1	0	15	Tilt	Normal
0.7667	-9.4613	1.1103	-69.3242	69.8524	67.4284	0.1525	22.9361	-0.6147	0.1511	0.2532	-0.0822	-0.6493	-0.1329	0.1035	-0.7417	0.1020	-0.1333	0.0494	0.6156	-9.7145	1.1925	0.08434666389847045	1	0	15	Tilt	Normal
0.6129	-9.4236	1.2641	-68.5020	71.2340	68.7080	-0.3293	22.5482	-0.3532	-0.0236	0.2939	0.1082	-0.6494	-0.1392	0.1086	-0.7397	0.0083	-0.0566	-0.0027	0.6366	-9.7175	1.1560	-0.029288006502801167	1	0	15	Tilt	Normal
0.6518	-9.4613	0.9188	-68.0172	71.6790	69.2500	-0.5000	22.4274	-0.3808	0.0266	0.2572	-0.2351	-0.6489	-0.1418	0.1123	-0.7391	-0.0130	-0.0385	0.0175	0.6252	-9.7185	1.1539	3.88151775720047E-4	1	0	15	Tilt	Normal
0.6895	-9.3853	1.0343	-67.4761	72.6045	70.1561	-0.1851	22.3897	-0.8730	0.0603	0.3365	-0.0886	-0.6492	-0.1457	0.1160	-0.7374	0.0040	-0.0119	0.0143	0.6292	-9.7218	1.1229	-0.06086716871266695	1	0	15	Tilt	Normal
0.7278	-9.4236	1.0726	-67.0122	73.5279	70.9951	-0.2160	22.9873	-0.0352	0.0857	0.3017	-0.0132	-0.6498	-0.1495	0.1189	-0.7357	-0.0141	-0.0321	0.0122	0.6421	-9.7252	1.0858	0.04506775491152659	1	0	15	Tilt	Normal
0.7284	-9.5379	0.9954	-66.7248	73.9159	71.3479	-0.3938	22.1340	-0.2985	0.0796	0.1882	-0.0781	-0.6498	-0.1516	0.1206	-0.7350	-0.0397	0.0233	-0.0082	0.6488	-9.7261	1.0735	0.10499507046019296	2	0	16	Tilt	Fall
Total time: 16 seconds.
