0.3071	-9.3081	1.9531	35.4803	-79.4098	-88.3735	0.5481	23.6566	-4.7163	1.6264	0.2981	0.4856	-0.2560	0.5997	-0.6503	-0.3898	0.6690	-0.0797	0.0100	-1.3194	-9.6061	1.4675	0.009448818651337731	6	0	1	Upright	Normal
-2.3744	-9.7677	1.6849	41.3873	-73.1624	-90.1114	0.9819	23.3770	-4.2083	-0.5146	-0.3778	-0.4462	-0.1941	0.5947	-0.6805	-0.3816	0.6935	1.1102	0.7973	-1.8598	-9.3899	2.1311	0.6766240119958447	6	0	1	Upright	Normal
-2.1829	-8.1588	0.9954	38.7207	-72.5247	-85.0090	2.1103	22.6467	-4.8243	0.4661	0.9996	-1.3021	-0.1800	0.5920	-0.6585	-0.4283	-0.3611	-0.9990	0.6290	-2.6490	-9.1584	2.2975	-1.6881530450530953	6	0	1	Upright	Normal
-1.6466	-9.2698	2.8341	30.9888	-76.6839	-81.4930	3.9328	21.8517	-4.6513	0.9153	-0.0037	0.8980	-0.2315	0.5897	-0.6189	-0.4644	0.0213	0.9856	-0.0954	-2.5619	-9.2660	1.9362	1.3279951007098063	6	0	1	Upright	Normal
-2.9113	-8.3893	2.0303	20.9789	-79.3622	-78.5918	3.7741	22.1552	-3.1437	-0.3696	0.9303	0.3401	-0.2892	0.5746	-0.5692	-0.5120	-0.2684	1.0016	-0.1686	-2.5417	-9.3196	1.6902	-0.7229889704342334	6	0	1	Upright	Normal
-2.3361	-9.9976	0.9954	5.0640	-83.6365	-73.8979	2.6519	22.0015	0.1181	0.4592	-0.6602	-0.0872	-0.3741	0.5521	-0.4711	-0.5773	-0.3376	-0.2373	0.4546	-2.7954	-9.3374	1.0826	1.2058123500055462	6	0	1	Upright	Normal
2.8736	-10.9170	2.6426	-18.3074	-77.3446	-70.0359	1.7002	22.7246	-0.8892	5.5064	-1.6930	0.6029	-0.4557	0.4340	-0.3609	-0.6883	1.0206	-2.3401	-0.6480	-2.6327	-9.2240	2.0397	1.2789950260365313	6	0	1	Upright	Normal
1.3797	-17.3526	3.0640	-30.0454	-78.9471	-76.9470	0.8081	23.3596	-3.7791	2.6365	-7.7638	1.4367	-0.5386	0.3562	-0.3348	-0.6862	-1.6405	2.4099	-0.9974	-1.2568	-9.5888	1.6273	6.080923826717605	6	0	1	Upright	Normal
-3.4087	-9.6145	1.6849	-31.4550	-73.8678	-76.0103	-2.7948	24.3135	-3.1229	-2.5111	-0.1296	-0.6394	-0.5269	0.3223	-0.3454	-0.7065	0.1620	-0.7219	-0.5830	-0.8977	-9.4849	2.3243	-7.335877552204828	6	0	1	Upright	Normal
-1.9148	-0.5740	2.3361	-34.2773	-77.8054	-76.0133	-3.8931	24.6184	-3.2761	-0.7301	9.0092	0.6246	-0.5502	0.3316	-0.3121	-0.6999	-0.5070	-0.0168	0.9982	-1.1847	-9.5832	1.7116	-7.264465970899424	6	0	1	Upright	Normal
-0.8039	-5.1709	3.3321	-33.7039	-76.7665	-62.3254	-1.0770	23.8696	-3.8233	2.5268	3.8620	1.4647	-0.5020	0.3909	-0.2342	-0.7351	-1.1324	-0.4642	1.0302	-3.3306	-9.0329	1.8675	3.1291956631021347	6	1	2	PT	Normal
0.6135	-7.4693	-0.7667	-24.7135	-70.7791	-71.6570	-1.7804	24.1047	-4.4521	2.2465	1.7451	-3.6995	-0.4726	0.3565	-0.3657	-0.7182	1.7662	2.9606	0.6723	-1.6330	-9.2144	2.9327	1.3297508369356832	6	1	2	PT	Normal
-1.0720	-2.7192	1.0720	-19.5024	-71.8229	-65.6174	-2.5941	23.6780	-5.3795	1.8443	6.1887	-1.8117	-0.4285	0.4115	-0.3490	-0.7247	-1.3816	-2.1644	0.9642	-2.9163	-8.9079	2.8837	-4.420303695723678	6	1	2	Jump	Normal
0.2687	0.6518	0.0760	-18.1148	-81.0526	-65.6314	-0.6904	22.5004	-4.2474	3.8339	9.6718	-1.3735	-0.4483	0.4744	-0.3208	-0.6863	-0.8959	1.2487	1.0547	-3.5651	-9.0200	1.4495	-2.404167310852631	6	1	2	PT	Normal
8.1594	-19.0387	5.0182	-16.9411	-75.6593	-66.7213	-1.3962	22.1558	-2.7525	11.2641	-10.0313	2.6948	-0.4308	0.4427	-0.3541	-0.7022	1.9601	-2.6171	-1.8274	-3.1047	-9.0074	2.3234	20.60358067837585	6	1	2	Jump	Normal
-1.7232	-11.3000	8.2738	-20.4567	-76.2772	-74.4032	-3.1814	22.9158	-4.7715	0.0551	-1.9055	6.0941	-0.4787	0.3996	-0.3806	-0.6828	-1.3422	-5.3282	-0.9741	-1.7783	-9.3945	2.1796	-7.201859833061619	6	1	2	Jump	Normal
-1.9531	-0.6889	2.1446	-14.8444	-78.0339	-73.3928	-3.3833	22.2081	-3.9891	0.2897	8.6534	0.1793	-0.4535	0.4406	-0.3952	-0.6664	0.9193	1.3648	1.1670	-2.2428	-9.3423	1.9653	-11.129460768762176	6	1	2	Jump	Normal
-1.3408	2.8730	-0.5363	-8.7425	-70.9497	-63.2188	-3.0675	21.1126	-4.9416	2.4017	11.3677	-3.6999	-0.3562	0.4603	-0.3879	-0.7147	0.3750	0.1302	1.9628	-3.7424	-8.4946	3.1636	0.2341505589219257	0	1	2	Upright	Normal
1.3797	-10.3807	-2.4523	-10.2913	-75.8243	-72.8865	-3.2120	19.3082	-4.8337	3.7676	-1.1673	-4.8152	-0.4205	0.4503	-0.4224	-0.6648	-0.2216	0.9494	-3.8056	-2.3879	-9.2133	2.3629	7.53978302245228	0	0	2	Upright	Normal
-2.7964	-10.6494	1.5706	1.9825	-73.8675	-64.3394	-4.6423	20.8375	-4.6840	1.3680	-2.1988	-1.1525	-0.3082	0.5159	-0.4343	-0.6710	-1.8621	-1.9833	1.3904	-4.1644	-8.4506	2.7231	0.36659531442665383	0	0	3	Upright	Normal
0.4597	0.5363	1.8387	-11.0008	-75.4938	-60.4126	-1.7057	19.2969	-4.6657	4.7398	9.0239	-0.5725	-0.3721	0.4885	-0.3453	-0.7097	-0.9587	-2.4009	0.4753	-4.2801	-8.4876	2.4113	-9.152175661593539	0	0	3	Upright	Normal
1.9160	-18.1570	1.2635	-3.3497	-74.2728	-57.0200	4.8068	13.4690	-5.3730	6.9242	-10.1540	-1.3900	-0.3085	0.5192	-0.3648	-0.7086	1.8024	3.2152	-2.6107	-5.0082	-8.0031	2.6535	16.33176813581233	0	0	3	Upright	Normal
-3.6775	-12.1817	2.7198	1.8927	-73.5517	-64.1226	3.7558	14.4153	1.2660	0.5100	-3.7593	-0.0554	-0.3065	0.5143	-0.4335	-0.6735	-2.2296	-2.1016	-0.4515	-4.1875	-8.4224	2.7752	-5.289364058264384	0	0	3	Upright	Normal
-2.1452	-2.4517	0.8811	-10.3637	-75.3405	-65.4364	0.1050	17.4511	2.3590	1.3927	6.3629	-1.5601	-0.3891	0.4734	-0.3796	-0.6931	-0.0554	1.5885	0.4604	-3.5379	-8.8146	2.4412	-9.637347519964134	0	0	3	Upright	Normal
-1.6472	3.7158	0.7661	-8.7179	-67.1380	-53.9512	-3.5687	20.8733	0.3386	3.2036	11.3617	-2.9998	-0.3065	0.4626	-0.3394	-0.7595	1.5478	0.0024	1.6464	-4.8508	-7.6459	3.7659	0.761335761695054	0	0	3	Upright	Normal
3.3710	-18.4641	3.7158	-16.4517	-74.4991	-62.0729	-2.6059	22.1727	-2.0183	7.1412	-9.7670	1.2023	-0.4065	0.4546	-0.3320	-0.7197	-0.1757	3.9907	-5.6741	-3.7701	-8.6971	2.5135	14.997474832853781	0	0	3	Upright	Normal
-4.5580	-11.2234	2.8724	-1.7452	-74.2544	-52.1100	-4.9186	24.1960	-0.5291	1.1748	-3.7246	0.2126	-0.2760	0.5368	-0.3419	-0.7202	-0.4005	-3.2360	3.4947	-5.7328	-7.4988	2.6598	-6.684049322847361	0	0	3	Upright	Normal
0.8051	0.8817	-0.6135	-18.7612	-71.4016	-43.0765	2.3066	23.5081	-1.2171	6.9073	7.9645	-3.5748	-0.3345	0.4870	-0.2057	-0.7802	-1.0344	0.3550	0.6760	-6.1022	-7.0828	2.9613	-11.107156173840195	0	0	3	Upright	Normal
3.4866	3.2950	1.7998	-17.5355	-78.3965	-37.7555	5.3187	21.8990	1.4276	10.7176	9.6468	-0.0810	-0.3139	0.5528	-0.1567	-0.7559	0.5422	-0.5771	2.1120	-7.2311	-6.3518	1.8808	3.781365165844319	0	0	3	Upright	Normal
-5.6689	-12.9089	-1.4946	-13.8741	-76.2156	-40.0022	9.2695	22.4491	-0.9771	1.2667	-6.3574	-3.7629	-0.2988	0.5432	-0.1971	-0.7595	-0.6285	6.8509	-2.2927	-6.9356	-6.5516	2.2684	9.054060853485943	0	1	4	Jump	Normal
-6.8181	-8.9250	7.5459	-30.7824	-66.1574	-34.2105	9.7815	22.4055	0.2768	-0.5409	-2.2040	4.1405	-0.3673	0.4375	-0.0992	-0.8147	-0.4783	-4.9969	-0.5318	-6.2771	-6.7210	3.4055	-0.6469918787909155	0	1	4	PT	Normal
-1.4168	1.7627	0.5740	-27.0993	-69.3151	-33.4014	12.0376	23.0291	-4.0283	5.3738	8.1307	-2.5096	-0.3435	0.4741	-0.1022	-0.8042	1.2549	-1.3143	1.2824	-6.7906	-6.3680	3.0836	-11.197587659985466	0	1	4	Jump	Normal
-0.2292	-0.1143	0.6123	-23.1998	-67.4339	-18.9406	14.5283	19.7470	-8.0741	7.8551	4.2274	-2.8466	-0.2544	0.5088	-0.0240	-0.8221	0.0980	2.3268	3.4321	-8.0843	-4.3417	3.4589	-1.6695106253858834	0	1	4	PT	Normal
-3.9450	-3.5237	-2.7970	-16.3376	-73.6484	-34.5094	14.3496	19.7033	-5.6585	3.3692	2.4475	-5.4464	-0.2846	0.5328	-0.1537	-0.7820	3.3183	2.6954	-2.3704	-7.3143	-5.9711	2.6493	5.319827241768783	0	1	4	Jump	Normal
-2.2212	-4.2515	1.0720	-10.9181	-74.2508	-28.0765	12.1032	22.0131	-5.8797	5.8694	0.6357	-1.5416	-0.2193	0.5645	-0.1368	-0.7839	-3.0349	-1.5018	1.2205	-8.0906	-4.8872	2.6136	-1.0684394989999246	0	1	4	PT	Normal
0.6135	-0.1526	0.2676	-12.4977	-76.9775	-33.7928	10.4180	22.2987	-5.7124	8.2878	5.5589	-1.8898	-0.2613	0.5672	-0.1613	-0.7642	0.2056	0.5637	-1.2403	-7.6743	-5.7115	2.1573	-4.228598342401913	0	1	4	Jump	Normal
1.6861	-2.7958	1.3785	-11.2775	-75.9395	-36.1388	5.0575	25.8089	-4.8181	9.0939	3.1907	-0.9580	-0.2635	0.5580	-0.1859	-0.7646	-0.0181	-1.3825	0.5398	-7.4078	-5.9866	2.3364	2.85746823876202	0	1	4	PT	Normal
-6.2435	-15.9735	-0.3454	-6.7076	-76.8846	-39.6030	0.5774	27.4951	-7.2424	0.9496	-9.6848	-2.5552	-0.2534	0.5684	-0.2307	-0.7480	0.6498	1.3019	1.8660	-7.1931	-6.2887	2.2098	13.609847475512641	0	1	4	Jump	Normal
-2.4134	-5.2481	5.8227	-12.3032	-68.6976	-46.4158	-0.0656	29.2718	-9.7552	3.3357	1.8937	2.3420	-0.3024	0.4807	-0.2679	-0.7783	-0.0224	0.3698	-1.1583	-5.7491	-7.1418	3.4807	-8.951930081391312	0	1	4	Jump	Normal
-1.9154	1.3791	-0.8811	-5.2727	-67.3371	-43.2318	1.2674	29.6870	-11.7246	4.4402	7.8307	-4.6436	-0.2396	0.5008	-0.2826	-0.7823	0.8256	0.3198	1.0979	-6.3556	-6.4516	3.7625	-5.682555571224004	0	2	5	Jump	Normal
-0.2298	2.3750	-0.6512	0.5105	-68.2497	-31.4102	6.6794	25.0648	-13.3172	7.5607	7.0945	-4.2850	-0.1483	0.5410	-0.2265	-0.7962	-1.3881	-0.0275	2.4907	-7.7906	-4.7194	3.6338	-0.045970602882365874	0	2	5	Upright	Normal
-3.1406	-7.9673	1.1869	22.4014	-76.3390	-48.6357	3.1547	26.9267	-8.3879	3.8192	-1.3987	-0.9544	-0.1105	0.6153	-0.4270	-0.6534	0.9172	3.4442	2.1115	-6.9598	-6.5686	2.1413	6.172449464112677	0	0	5	Upright	Normal
0.5752	-0.6123	0.1143	11.1946	-68.0773	-36.2897	5.9319	27.3524	-10.7593	8.3288	4.1994	-3.4773	-0.0967	0.5546	-0.3087	-0.7667	-0.5252	-1.1759	0.6606	-7.7536	-4.8117	3.5916	-7.797967478226994	0	0	5	Upright	Normal
1.7244	0.6901	1.4551	16.9533	-78.4459	-30.4866	8.0631	26.7019	-12.2057	10.2946	5.0712	-0.4236	-0.0543	0.6335	-0.2914	-0.7148	-0.4730	1.3392	0.7362	-8.5702	-4.3811	1.8787	1.5116334295608365	0	0	5	Upright	Normal
-3.1406	-16.0884	-0.7667	16.9549	-68.7515	-36.1460	9.6745	23.8574	-14.4008	4.8516	-11.5341	-4.1662	-0.0576	0.5686	-0.3324	-0.7502	0.5529	1.9592	-1.3793	-7.9921	-4.5544	3.3995	14.050518763339067	0	0	5	Upright	Normal
-5.1326	-7.0479	7.8524	10.4242	-70.5873	-29.8198	11.5917	22.2234	-10.6594	3.1852	-2.9601	4.6468	-0.0764	0.5751	-0.2599	-0.7719	-1.8355	-6.0185	0.0141	-8.3178	-4.0878	3.2055	-4.676421259538408	0	0	5	Upright	Normal
-1.2641	-2.6049	1.3408	5.0197	-65.3028	-31.8927	11.5886	22.8011	-12.7975	6.4899	1.7980	-2.7409	-0.1126	0.5284	-0.2538	-0.8023	-0.4868	0.9142	0.2186	-7.7541	-4.4029	4.0817	-8.542771062000854	0	0	5	Upright	Normal
-1.8004	0.7661	1.1875	1.2153	-65.2231	-27.4721	11.9945	22.0912	-10.5754	6.1398	4.7965	-2.9214	-0.1193	0.5256	-0.2056	-0.8168	-0.7894	-0.8733	1.1443	-7.9402	-4.0303	4.1089	-0.9020205768349285	0	0	5	Upright	Normal
-10.2274	-19.0381	5.0943	6.2359	-63.8077	-23.5888	13.6813	20.0898	-11.5645	-1.9748	-15.9475	0.7914	-0.0627	0.5260	-0.2014	-0.8239	0.4953	1.9049	0.9398	-8.2527	-3.0906	4.3028	19.91484361952815	0	0	5	Upright	Normal
-5.4390	-17.6973	-1.9926	13.2273	-63.2714	-27.2689	12.5302	20.2155	-10.0512	2.8088	-14.5813	-6.2861	-0.0275	0.5295	-0.2581	-0.8076	1.8876	0.8545	-1.4058	-8.2479	-3.1161	4.2936	-3.582461742229224	0	1	6	Jump	Normal
-0.9954	-4.8261	1.4168	15.7768	-68.5034	-24.3337	10.8910	21.9588	-10.2063	7.7212	-1.9565	-2.0414	-0.0066	0.5689	-0.2481	-0.7841	-2.1710	-0.4089	1.2244	-8.7165	-2.8696	3.4581	-13.49384270698389	0	1	6	Jump	Normal
-0.1915	-4.4053	0.7278	10.8053	-72.1292	-25.7832	12.4657	21.7190	-9.2253	8.4583	-0.8534	-2.2281	-0.0566	0.5883	-0.2336	-0.7721	-0.5508	1.4297	-0.5621	-8.6498	-3.5519	2.9559	-0.6581972793299995	0	1	6	PT	Normal
-3.2178	-7.3167	0.8045	11.4267	-83.2215	-30.2169	10.4943	23.0588	-4.9121	5.3126	-2.6137	-0.3300	-0.1004	0.6573	-0.2577	-0.7010	0.0788	1.6289	-0.7624	-8.5304	-4.7030	1.1344	3.564282362321796	0	1	6	Jump	Normal
0.0772	-8.0822	-1.3030	9.1869	-77.1238	-35.6334	9.2939	24.0561	-4.0149	8.0507	-2.7960	-3.4602	-0.1305	0.6107	-0.2860	-0.7268	0.6786	-1.5903	-0.7964	-7.9734	-5.2862	2.1572	0.15352165438323517	0	1	6	Upright	Normal
-1.6466	-9.9210	2.3744	5.5889	-84.8930	-41.5962	8.3827	25.3263	-5.1752	5.7145	-3.4999	1.5058	-0.2057	0.6429	-0.2925	-0.6773	-0.4900	0.0907	0.0294	-7.3611	-6.4211	0.8686	2.1462892350810296	0	0	6	Upright	Normal
-1.9531	-8.6951	0.4208	5.2914	-82.8956	-45.5066	7.3796	26.3865	-2.5407	4.9467	-1.8317	-0.7868	-0.2238	0.6232	-0.3178	-0.6787	0.6679	-0.3226	0.1487	-6.8998	-6.8634	1.2076	-1.411530032126871	0	0	6	Upright	Normal
-1.6089	-9.7300	1.4940	2.7064	-83.7059	-48.0739	7.9986	25.8571	-3.7059	4.9419	-2.5117	0.4202	-0.2556	0.6164	-0.3177	-0.6736	-0.3633	0.2643	-0.0697	-6.5508	-7.2184	1.0738	1.0529588343982415	0	0	6	Upright	Normal
-2.9497	-9.3087	0.8428	2.2231	-83.7779	-50.2584	6.8823	25.7060	-2.0447	3.3148	-1.8386	-0.2192	-0.2704	0.6105	-0.3278	-0.6684	0.0341	-0.4260	0.2307	-6.2644	-7.4701	1.0620	-0.1734722684264547	0	0	6	Upright	Normal
-1.9154	-9.0405	1.9537	1.3949	-84.5518	-52.8868	6.8348	26.0059	-2.4458	3.9932	-1.2692	1.0229	-0.2915	0.6063	-0.3368	-0.6588	-0.0043	0.3240	0.0240	-5.9086	-7.7713	0.9307	-0.35572995828017007	1	0	7	Upright	Normal
-2.1452	-9.4236	0.2298	1.2871	-83.8127	-54.7907	7.1028	26.7278	-2.2664	3.4955	-1.4712	-0.8267	-0.2999	0.5968	-0.3491	-0.6573	-0.0139	-0.0339	0.1732	-5.6407	-7.9523	1.0566	0.2219760609533008	1	0	7	Upright	Normal
-1.7998	-9.4613	0.8805	1.0154	-84.7993	-56.8835	6.4760	26.0039	-2.3110	3.5491	-1.2899	-0.0082	-0.3154	0.5960	-0.3569	-0.6465	0.0895	0.1056	0.0798	-5.3489	-8.1714	0.8887	0.0037140525713112993	1	0	7	Upright	Normal
-1.8387	-9.2320	0.9960	0.4439	-85.3666	-58.8106	6.3978	26.8219	-1.8453	3.2284	-0.8733	0.2040	-0.3304	0.5920	-0.3632	-0.6391	-0.0927	-0.0105	0.1639	-5.0672	-8.3588	0.7920	-0.20526164761515098	1	0	7	Upright	Normal
-2.0686	-9.5385	0.3448	-0.5045	-85.3258	-59.7255	6.4811	26.3605	-1.6545	2.8528	-1.0939	-0.4543	-0.3402	0.5861	-0.3636	-0.6392	-0.0714	-0.0787	0.2225	-4.9214	-8.4446	0.7991	0.30044984212727854	1	0	7	Upright	Normal
-2.0303	-9.2320	0.4597	-1.0027	-85.7843	-60.8383	6.5295	26.6108	-2.0219	2.7243	-0.6853	-0.2610	-0.3501	0.5837	-0.3658	-0.6348	-0.1033	0.0002	0.1884	-4.7546	-8.5467	0.7207	-0.30253081545619054	1	0	7	Upright	Normal
-2.1829	-9.3081	0.3059	-1.9742	-85.7374	-61.5863	7.1416	26.4822	-1.4543	2.4485	-0.6946	-0.4226	-0.3591	0.5779	-0.3651	-0.6355	-0.0234	-0.1021	0.2300	-4.6314	-8.6134	0.7284	0.10174173368231365	1	0	7	Upright	Normal
-2.3361	-9.1165	0.5357	-2.5289	-86.0199	-62.3145	7.1341	26.8544	-1.8387	2.1826	-0.4395	-0.1443	-0.3667	0.5752	-0.3654	-0.6334	-0.0586	-0.0084	0.1903	-4.5188	-8.6770	0.6800	-0.13924098070688729	1	0	7	Upright	Normal
-1.9531	-9.3081	0.6506	-3.1168	-86.1609	-62.8001	6.9297	26.5714	-1.6383	2.4877	-0.5890	-0.0049	-0.3727	0.5724	-0.3645	-0.6329	-0.0448	-0.0755	0.2052	-4.4408	-8.7191	0.6556	0.10673867232864609	1	0	7	Upright	Normal
-2.1829	-9.3081	0.4974	-3.2551	-86.2855	-63.5122	6.4242	26.5377	-1.9940	2.1495	-0.5330	-0.1368	-0.3774	0.5703	-0.3673	-0.6304	-0.0277	-0.0456	0.1743	-4.3325	-8.7750	0.6342	0.04053988404492159	1	0	7	Upright	Normal
-2.0297	-9.2698	0.5740	-3.0958	-86.5326	-64.2699	6.6674	25.4679	-2.0647	2.1911	-0.4377	-0.0181	-0.3811	0.5697	-0.3715	-0.6262	-0.0256	-0.0073	0.1530	-4.2208	-8.8321	0.5921	-0.06681366491160112	2	0	8	Upright	Normal
-2.2595	-9.2314	0.5357	-3.0291	-86.5604	-64.7766	6.7758	26.6896	-1.8086	1.8839	-0.3624	-0.0518	-0.3834	0.5684	-0.3745	-0.6242	0.0096	-0.0414	0.1817	-4.1435	-8.8690	0.5875	0.012230723837289403	2	0	8	Upright	Normal
-2.2212	-9.2698	0.6506	-2.3339	-86.7256	-65.2510	6.8506	25.7421	-2.1338	1.8569	-0.3687	0.0910	-0.3826	0.5702	-0.3801	-0.6197	-0.0351	0.0631	0.1778	-4.0781	-8.9010	0.5596	0.03539768544324495	2	0	8	Upright	Normal
-1.7998	-9.5379	0.2676	-1.7009	-86.6421	-65.6187	6.4770	25.7315	-1.9154	2.2260	-0.6141	-0.3065	-0.3808	0.5707	-0.3856	-0.6169	0.0256	0.0376	0.1725	-4.0259	-8.9238	0.5740	0.15553231975843396	2	0	8	Upright	Normal
-1.9914	-9.2314	0.4591	-0.9595	-86.7657	-66.0568	6.3204	26.3758	-2.2700	1.9737	-0.2791	-0.0941	-0.3795	0.5725	-0.3913	-0.6124	0.0096	-0.0082	0.1874	-3.9651	-8.9524	0.5532	-0.25501113578462054	2	0	8	Upright	Normal
-1.9148	-9.4230	0.4208	-0.2031	-86.7902	-66.4476	6.6384	26.2380	-2.0991	1.9960	-0.4465	-0.1282	-0.3775	0.5740	-0.3971	-0.6085	-0.0010	-0.0232	0.1842	-3.9108	-8.9765	0.5490	0.1698813539780204	2	0	8	Upright	Normal
-2.0297	-9.3847	0.4208	0.3289	-86.8185	-66.7916	6.0394	26.1233	-1.6976	1.8319	-0.3867	-0.1235	-0.3765	0.5749	-0.4015	-0.6054	-0.0117	-0.0349	0.1746	-3.8615	-8.9980	0.5442	-0.01388677383639525	2	0	8	Upright	Normal
-2.1835	-9.2320	0.5746	1.2184	-86.8346	-67.0900	6.7096	25.6983	-2.1244	1.6390	-0.2171	0.0334	-0.3733	0.5771	-0.4075	-0.6013	-0.0064	-0.0030	0.1904	-3.8225	-9.0149	0.5412	-0.10681031832912424	2	0	8	Upright	Normal
-2.0303	-9.2703	0.3831	1.8808	-86.7818	-67.2479	6.5162	25.9381	-2.1993	1.7731	-0.2479	-0.1671	-0.3704	0.5786	-0.4117	-0.5988	-0.0117	-0.0040	0.1894	-3.8033	-9.0224	0.5502	-0.006332246246275375	2	0	8	Upright	Normal
-2.1063	-9.3081	0.4591	2.4018	-86.7554	-67.4294	6.4850	26.6573	-1.9014	1.6732	-0.2759	-0.0953	-0.3685	0.5796	-0.4153	-0.5965	-0.0032	-0.0264	0.1872	-3.7795	-9.0321	0.5544	0.05672040229622688	2	0	8	Upright	Normal
-2.1063	-9.3081	0.4974	2.8776	-86.8078	-67.6044	6.4916	26.4727	-2.0250	1.6496	-0.2655	-0.0479	-0.3670	0.5810	-0.4184	-0.5939	0.0117	0.0013	0.1808	-3.7559	-9.0426	0.5453	0.001916916087370879	3	0	9	Upright	Normal
-2.1446	-9.2698	0.5740	3.6011	-86.8128	-67.7800	7.1529	25.6947	-2.3804	1.5899	-0.2183	0.0299	-0.3640	0.5829	-0.4228	-0.5907	0.0075	-0.0179	0.1819	-3.7345	-9.0514	0.5441	-0.024446735493704352	3	0	9	Upright	Normal
-2.0303	-9.2320	0.4214	4.3636	-86.7768	-67.9054	6.5860	25.8986	-2.0388	1.6914	-0.1757	-0.1284	-0.3604	0.5849	-0.4273	-0.5878	0.0181	0.0023	0.1864	-3.7216	-9.0564	0.5498	-0.0699409113721714	3	0	9	Upright	Normal
-2.1452	-9.3087	0.4597	4.8962	-86.8197	-68.1062	6.8466	26.0822	-1.7460	1.5490	-0.2405	-0.0823	-0.3588	0.5862	-0.4307	-0.5849	0.0064	0.0183	0.1661	-3.6943	-9.0682	0.5420	0.10173423642940094	3	0	9	Upright	Normal
-2.0686	-9.2320	0.5363	5.1519	-86.8229	-68.1919	6.3321	25.7259	-1.7722	1.6143	-0.1592	-0.0049	-0.3578	0.5868	-0.4324	-0.5836	-0.0021	0.0119	0.1810	-3.6829	-9.0728	0.5412	-0.08763421481636513	3	0	9	Upright	Normal
-2.1069	-9.4236	0.5746	5.5623	-86.7044	-68.3069	6.7771	25.6375	-2.3428	1.5628	-0.3467	0.0136	-0.3558	0.5872	-0.4353	-0.5823	0.0011	-0.0169	0.1768	-3.6697	-9.0769	0.5610	0.1972318420681347	3	0	9	Upright	Normal
-2.1069	-9.2703	0.6129	6.3669	-86.6724	-68.4871	6.4335	25.8393	-2.3877	1.5420	-0.1853	0.0473	-0.3522	0.5892	-0.4402	-0.5789	-0.0021	-0.0019	0.1746	-3.6489	-9.0851	0.5656	-0.14689225101478698	3	0	9	Upright	Normal
-2.1452	-9.2703	0.6512	6.6506	-86.5372	-68.5766	6.9531	26.4904	-1.7973	1.4941	-0.1829	0.0630	-0.3506	0.5891	-0.4424	-0.5782	0.0064	-0.0446	0.1815	-3.6393	-9.0875	0.5882	0.011082192743815611	3	0	9	Upright	Normal
-2.1835	-9.3087	0.6512	6.8675	-86.4963	-68.6566	6.8509	26.2022	-1.9218	1.4458	-0.2177	0.0563	-0.3497	0.5894	-0.4439	-0.5773	-0.0128	-0.0307	0.1794	-3.6293	-9.0909	0.5950	0.045981682556567094	3	0	9	Upright	Normal
-2.1446	-9.3081	0.5357	6.8469	-86.3657	-68.8123	7.0399	25.5270	-2.0182	1.4618	-0.2095	-0.0814	-0.3501	0.5882	-0.4450	-0.5774	0.0149	-0.0297	0.1687	-3.6064	-9.0986	0.6171	-0.016533165506137593	4	0	10	Upright	Normal
-2.1446	-9.3081	0.5740	6.9615	-86.3395	-68.8142	6.8367	25.9164	-2.2894	1.4630	-0.2102	-0.0474	-0.3494	0.5884	-0.4456	-0.5771	-0.0064	-0.0211	0.1783	-3.6076	-9.0978	0.6214	0.0022210027155757928	4	0	10	Upright	Normal
-2.1452	-9.3470	0.6512	7.3528	-86.3141	-68.9105	6.5177	25.8287	-2.4169	1.4515	-0.2451	0.0260	-0.3476	0.5893	-0.4480	-0.5755	0.0138	-0.0424	0.1868	-3.5967	-9.1019	0.6252	0.04289858150817771	4	0	10	Upright	Normal
-2.1835	-9.3087	0.6512	7.7509	-86.3543	-68.9727	6.5657	25.5463	-2.4601	1.4066	-0.2037	0.0334	-0.3459	0.5906	-0.4501	-0.5735	-0.0011	-0.0211	0.1800	-3.5901	-9.1050	0.6179	-0.028586418717615913	4	0	10	Upright	Normal
-2.0686	-9.3470	0.6129	8.5806	-86.3201	-69.0448	6.9682	25.5568	-2.7434	1.5191	-0.2414	-0.0094	-0.3416	0.5929	-0.4544	-0.5703	0.0053	-0.0083	0.1853	-3.5877	-9.1056	0.6223	0.009258374395317404	4	0	10	Upright	Normal
-2.1835	-9.2703	0.6512	9.7790	-86.3661	-69.1182	7.8618	26.1430	-3.0676	1.4036	-0.1639	0.0388	-0.3356	0.5968	-0.4602	-0.5652	0.0032	0.0279	0.1778	-3.5871	-9.1065	0.6125	-0.04655258916912253	4	0	10	Upright	Normal
-2.1446	-9.3464	0.5357	10.7911	-86.4295	-69.1020	6.8781	25.8320	-2.4814	1.4536	-0.2433	-0.0642	-0.3302	0.6003	-0.4645	-0.5611	-0.0085	0.0215	0.1874	-3.5982	-9.1031	0.5999	0.05802925831717154	4	0	10	Upright	Normal
-2.1829	-9.2698	0.5357	10.9806	-86.4769	-69.0013	6.7889	25.4077	-1.5563	1.4319	-0.1727	-0.0558	-0.3288	0.6014	-0.4648	-0.5605	-0.0043	0.0204	0.1885	-3.6148	-9.0971	0.5915	-0.06583513250310524	4	0	10	Upright	Normal
-2.0297	-9.3081	0.4208	10.9098	-86.4618	-68.9098	7.1296	26.3847	-2.0709	1.5993	-0.2168	-0.1734	-0.3286	0.6014	-0.4640	-0.5612	0.0171	0.0343	0.1872	-3.6290	-9.0912	0.5942	-0.002293447539409854	4	0	10	Upright	Normal
-2.2978	-9.2314	0.4208	11.3153	-86.5188	-68.9379	7.4932	25.7400	-2.7771	1.3291	-0.1387	-0.1631	-0.3268	0.6029	-0.4659	-0.5592	0.0373	0.0268	0.1872	-3.6269	-9.0927	0.5839	-0.013735641156930711	4	0	10	Upright	Normal
-2.2595	-9.2698	0.6506	11.9359	-86.6033	-68.8758	6.8968	25.7692	-2.5281	1.3807	-0.1814	0.0823	-0.3233	0.6054	-0.4681	-0.5566	0.0085	0.0290	0.1830	-3.6402	-9.0884	0.5683	0.0409793494808639	5	0	11	Upright	Normal
Total time: 11 seconds.
