0.4986	-9.2314	1.4168	80.2700	-40.0206	-26.2541	7.8370	31.6853	-23.1879	-0.5668	0.4344	0.1481	-0.5304	-0.3924	0.3780	0.6495	-0.2252	-0.0792	-0.0895	1.0654	-9.6658	1.2686	-0.08894610976273754	6	0	1	Upright	Normal
0.8817	-9.0782	1.0720	80.0349	-36.6360	-29.0812	7.7215	32.3800	-22.4768	-0.1309	0.5806	-0.2897	-0.5305	-0.3862	0.3782	0.6530	-0.0004	0.2329	0.0160	1.0126	-9.6588	1.3617	-0.1690914475216747	6	0	1	Upright	Normal
1.1109	-9.2703	0.8045	79.4779	-37.9534	-25.8534	8.3210	32.5996	-22.7969	0.0099	0.3716	-0.6071	-0.5333	-0.3790	0.3653	0.6622	0.5716	0.9200	-0.2961	1.1010	-9.6419	1.4115	0.18752328563213716	6	0	1	Upright	Normal
1.3791	-8.5042	1.4557	79.1326	-40.7882	-22.8017	7.8216	32.4807	-23.3106	0.1716	1.1268	0.0563	-0.5322	-0.3814	0.3604	0.6644	-0.5500	-0.2731	-0.0860	1.2074	-9.6310	1.3994	-0.633807202764002	6	0	1	Upright	Normal
0.2682	-9.6151	1.8004	79.8562	-40.9127	-23.0111	8.0289	32.8053	-22.6177	-0.8627	0.0385	0.4956	-0.5358	-0.3826	0.3631	0.6593	0.1233	-0.1932	0.3252	1.1308	-9.6536	1.3048	1.0484699796360033	6	0	1	Upright	Normal
0.8811	-9.0788	0.9577	80.6147	-45.9095	-17.2061	7.9051	32.8648	-23.1678	-0.2673	0.5968	-0.1547	-0.5445	-0.3832	0.3545	0.6565	-0.3199	0.2415	-0.1329	1.1483	-9.6756	1.1124	-0.6142894226719573	6	0	1	Upright	Normal
0.9200	-9.7294	0.7272	80.3153	-44.2542	-17.5547	8.4236	32.4996	-22.3908	-0.2310	-0.0624	-0.4542	-0.5465	-0.3757	0.3481	0.6626	0.2490	-0.0312	-0.0892	1.1510	-9.6670	1.1814	0.6282240926246647	6	0	1	Upright	Normal
0.9200	-10.6871	1.3018	81.0239	-50.3942	-12.3594	9.0984	32.3449	-22.4498	-0.2581	-1.0003	0.3271	-0.5496	-0.3851	0.3491	0.6541	-0.6490	-0.1932	-0.1243	1.1781	-9.6868	0.9747	1.005513684287095	6	0	1	Upright	Normal
0.4986	-9.6145	0.3825	81.6898	-51.7332	-11.3642	8.2866	32.8897	-21.5845	-0.6138	0.0893	-0.4949	-0.5529	-0.3867	0.3513	0.6491	0.0295	0.3618	-0.1607	1.1124	-9.7038	0.8773	-1.1703166725364653	6	0	1	Upright	Normal
1.4563	-9.4613	0.5740	81.4968	-50.3731	-11.5917	8.6955	32.5083	-21.8919	0.3401	0.2378	-0.3502	-0.5551	-0.3804	0.3456	0.6539	-0.2304	0.0028	-0.1394	1.1161	-9.6991	0.9242	-0.04509966092020967	0	0	1	Upright	Normal
1.1115	-9.5379	1.2635	80.5832	-42.1106	-18.9234	8.3266	32.6887	-21.8338	0.0361	0.1368	0.0739	-0.5503	-0.3695	0.3462	0.6639	0.3693	0.2137	0.0055	1.0754	-9.6747	1.1896	0.09529994150296339	1	0	2	Upright	Normal
1.1881	-9.3081	0.9571	79.2570	-38.3299	-21.1419	8.7684	32.4777	-22.9726	0.0549	0.3270	-0.4761	-0.5459	-0.3591	0.3393	0.6767	0.3341	-0.1389	0.0001	1.1332	-9.6350	1.4332	-0.2529123995718976	1	0	2	Upright	Normal
0.6518	-9.8827	1.1869	79.6156	-61.8348	3.2248	8.5295	33.1648	-21.8560	-0.9064	-0.2366	0.3527	-0.5601	-0.3791	0.3103	0.6680	-0.6970	0.7890	-0.7274	1.5582	-9.6461	0.8342	0.5427323578032759	1	0	2	Upright	Normal
0.8045	-10.3046	1.0343	77.5341	-51.2214	-6.0796	7.7322	32.9603	-21.4496	-0.8456	-0.7290	-0.2913	-0.5460	-0.3665	0.3076	0.6877	0.9359	-0.0366	-0.3644	1.6501	-9.5756	1.3256	0.412542303691497	1	0	2	Upright	Normal
1.4563	-9.9210	1.5317	75.7768	-57.0281	1.8303	7.3668	32.9987	-21.6122	-0.5649	-0.4148	0.2206	-0.5456	-0.3681	0.2821	0.6981	0.2563	-0.3168	-0.0416	2.0212	-9.5062	1.3111	-0.24395192197767201	0	0	2	Upright	Normal
2.3367	-9.2703	1.1492	75.2052	-57.3102	1.6354	6.9813	32.9152	-22.2269	0.2294	0.2113	-0.2032	-0.5408	-0.3722	0.2827	0.6993	-0.1751	0.4491	-0.2163	2.1073	-9.4816	1.3524	-0.5145403871770036	0	0	2	Upright	Normal
0.3065	-9.8067	2.7198	69.4759	-58.4458	0.4359	5.1118	32.9577	-23.1932	-2.6233	-0.6223	0.9206	-0.4988	-0.3993	0.2755	0.7182	0.5141	0.1679	0.2950	2.9298	-9.1843	1.7992	0.5523983868623272	0	0	2	Upright	Normal
1.6089	-9.1171	0.2682	75.2162	-32.2918	-31.5470	6.3042	31.6242	-24.5174	0.2723	0.3651	-1.8467	-0.5042	-0.3714	0.3702	0.6861	-0.6439	-0.4063	1.9632	1.3366	-9.4822	2.1148	-0.9196267177597104	0	0	2	Upright	Normal
-3.9067	-7.3544	2.6043	82.8928	-4.0348	-62.1553	9.6364	32.5963	-23.5564	-3.9920	2.3771	1.3952	-0.5530	-0.3641	0.4067	0.6295	-0.2770	-0.1259	-0.1910	0.0853	-9.7315	1.2091	-0.5364984815429938	0	0	2	Upright	Normal
3.5249	-11.7214	1.3785	80.1555	-15.9657	-55.1845	8.5700	31.9500	-23.1285	3.0638	-2.0590	-0.2333	-0.5159	-0.3895	0.4302	0.6301	1.1057	-1.2221	-0.0930	0.4610	-9.6624	1.6117	3.5919626858154654	0	0	2	Upright	Normal
0.1921	-10.6105	0.4974	76.2680	-13.3955	-59.1577	7.9403	30.7164	-25.3143	-0.3470	-1.0840	-1.7668	-0.4881	-0.3825	0.4483	0.6438	-0.1130	0.2213	0.4908	0.5391	-9.5265	2.2642	-1.6934319555118513	0	1	3	PT	Normal
0.8045	-10.4579	5.3630	79.0280	11.8301	-86.7111	9.3731	30.9051	-24.9990	1.1869	-0.8303	3.5368	-0.5148	-0.3767	0.4791	0.6029	-0.0555	-0.9302	0.2181	-0.3825	-9.6275	1.8262	1.1564612363796112	0	1	3	PT	Normal
-1.3791	-10.3046	2.9880	78.3638	13.3168	-87.2012	9.7467	30.8959	-25.0545	-0.9234	-0.6994	1.0633	-0.5164	-0.3677	0.4779	0.6081	-0.4081	-0.0503	0.0423	-0.4556	-9.6052	1.9246	-0.9630110415899065	0	1	3	PT	Normal
-2.1829	-9.3847	2.2595	81.5578	0.4482	-73.7481	9.7866	30.8170	-24.6269	-2.1717	0.3159	0.8209	-0.5243	-0.3896	0.4523	0.6072	-0.5840	-0.9750	-0.5151	-0.0112	-9.7006	1.4386	-0.9207248806577617	0	1	3	PT	Normal
0.6512	-11.6454	2.6815	81.4596	-16.7352	-61.2147	8.6044	31.2571	-25.2031	0.2321	-1.9472	1.2878	-0.4995	-0.4236	0.4635	0.5969	-0.5818	-1.7100	-0.6685	0.4191	-9.6982	1.3937	2.0712524770321004	0	1	3	PT	Normal
1.0349	-10.1891	2.4511	80.6976	-12.3696	-66.3629	7.3179	31.5916	-24.8197	0.6954	-0.5113	0.9029	-0.4938	-0.4210	0.4731	0.5959	-0.0705	-0.2410	0.1262	0.3395	-9.6778	1.5482	-1.4371182463573096	0	1	3	PT	Normal
0.7661	-8.5425	0.8811	83.7501	-13.7065	-69.7231	6.9338	31.5205	-24.3254	0.5133	1.2059	-0.1556	-0.4930	-0.4517	0.4879	0.5611	0.0999	-1.4171	0.0474	0.2529	-9.7484	1.0367	-1.9088266309179573	0	1	3	PT	Normal
1.3414	-6.2818	-0.0772	80.3032	31.6013	-114.8101	8.1408	30.1775	-25.1128	2.2070	3.3848	-1.4840	-0.5096	-0.4106	0.5250	0.5441	0.9788	0.5025	1.5206	-0.8657	-9.6666	1.4067	-2.1980354698520674	0	1	3	PT	Normal
-0.9188	-10.4190	-0.3837	75.5195	56.0724	-145.6496	10.1474	30.0875	-25.8592	1.1158	-0.9237	-1.7523	-0.5146	-0.4067	0.5817	0.4810	-0.2027	-0.0408	0.9431	-2.0346	-9.4953	1.3686	4.042582128729766	0	1	3	Jump	Normal
-4.7112	-10.2657	1.3785	70.4644	57.1216	-143.1427	11.9504	28.9399	-25.6599	-1.9573	-1.0235	-0.4016	-0.5307	-0.3573	0.5934	0.4885	0.6528	-0.3295	0.6768	-2.7539	-9.2422	1.7801	0.9124709063910785	0	2	4	PT	Normal
-1.9914	-10.8403	2.6043	61.0991	56.2737	-136.0357	14.4363	26.5327	-26.0459	1.9504	-2.2549	-0.0271	-0.5444	-0.2636	0.6145	0.5065	1.7979	1.5944	0.8909	-3.9418	-8.5855	2.6314	-0.05374020982920413	0	2	4	Upright	Normal
-2.9108	-9.8827	4.0983	54.0097	60.8023	-134.1040	17.7662	23.1103	-26.6002	2.1199	-1.9478	1.2870	-0.5679	-0.1848	0.6181	0.5112	0.8892	1.0138	1.1700	-5.0307	-7.9348	2.8112	-0.23752284742172236	0	2	4	Tilt	Normal
-2.4894	-5.1326	6.9713	53.5578	52.3930	-129.1668	19.3524	20.7588	-26.8367	2.1256	2.7566	3.4165	-0.5295	-0.1960	0.6382	0.5235	0.0988	-1.1860	-1.0575	-4.6150	-7.8892	3.5548	-2.079918060512723	0	0	4	Tilt	Normal
-3.7535	-6.7415	10.8020	57.3271	28.8960	-110.0911	16.7097	21.5804	-27.9288	-1.1953	1.5136	6.1672	-0.4456	-0.2553	0.6279	0.5849	1.0428	-2.0051	-2.7477	-2.5582	-8.2551	4.6349	4.26702136307723	0	0	4	Tilt	Normal
-3.4093	-9.4619	11.0708	49.7518	3.0048	-86.7127	11.5024	21.4163	-30.6774	-3.0771	-1.9769	4.7435	-0.3221	-0.2714	0.6146	0.6670	3.0466	-1.4927	-2.9607	-0.3322	-7.4850	6.3273	1.682274470814031	0	0	4	Tilt	Normal
-5.0566	-9.8833	9.8067	28.7673	-13.2492	-72.7771	6.5334	15.8430	-32.9730	-7.0267	-5.1637	1.4392	-0.1323	-0.2364	0.5939	0.7576	3.8104	-1.2637	-2.1117	1.9701	-4.7196	8.3674	-0.144216269387762	0	0	4	Tilt	Normal
-1.7998	-5.8221	8.0439	4.1706	-18.5159	-68.5999	4.4735	7.7207	-33.7372	-4.9059	-5.1088	-1.2303	0.0609	-0.1531	0.5607	0.8115	3.6825	-0.2580	-1.1360	3.1060	-0.7133	9.2742	-4.721235395361079	0	0	4	Tilt	Normal
-1.0726	-0.7278	7.9296	-12.7441	-17.9445	-67.4656	4.5280	1.1494	-31.6355	-4.0196	-2.8911	-1.1702	0.1772	-0.0680	0.5307	0.8260	2.2295	-0.2548	-0.3956	2.9470	2.1633	9.0998	-2.0567590861953775	0	0	4	Tilt	Normal
2.0303	1.8771	6.0908	-24.1471	-19.7274	-67.1992	5.4557	-3.2616	-27.7490	-0.9902	-2.1346	-2.3324	0.2643	-0.0255	0.5033	0.8223	1.6487	0.0455	-0.8455	3.0204	4.0116	8.4233	-1.345788303378077	0	0	4	Tilt	Normal
2.6055	3.2184	6.8181	-31.1887	-17.8565	-66.2634	6.4599	-5.6293	-23.9673	0.0332	-1.8600	-1.1669	0.3041	0.0200	0.4851	0.8196	1.2045	-0.0280	-0.7944	2.5723	5.0784	7.9850	1.2879874949232688	0	1	5	PT	Normal
2.7581	4.4819	6.8570	-32.3104	-20.5298	-62.2195	6.9558	-5.8834	-22.2027	-0.1484	-0.7597	-0.9047	0.3228	-0.0051	0.4459	0.8348	0.2394	-0.1932	-0.6548	2.9066	5.2417	7.7617	0.6666247132643646	0	1	5	PT	Normal
2.3373	3.6015	7.5076	-31.8997	-17.0204	-59.2108	6.2850	-5.5291	-23.2015	-0.0995	-1.5806	-0.4533	0.3066	0.0106	0.4344	0.8468	-0.6043	0.1605	-0.4951	2.4368	5.1821	7.9609	0.0049060551895667714	0	1	5	Upright	Normal
1.3797	4.9805	9.3464	-30.5658	-13.6586	-56.5051	7.3884	-5.2230	-24.0908	-0.6141	-0.0064	1.1413	0.2848	0.0228	0.4258	0.8585	0.4812	0.0444	-0.0136	1.9938	4.9870	8.2051	2.031508202855676	0	0	5	Upright	Normal
1.2264	5.4402	8.8101	-31.4493	-13.0351	-56.2131	7.4590	-4.5856	-24.1142	-0.6605	0.3237	0.6596	0.2890	0.0305	0.4234	0.8581	0.0965	0.1530	0.1577	1.8869	5.1166	8.1505	-0.25330465805947	0	0	5	Tilt	Normal
2.1458	5.2487	7.4310	-29.6510	-17.4995	-54.0688	7.0281	-4.5884	-24.1350	-0.4169	0.3973	-0.6970	0.2921	-0.0160	0.3996	0.8687	-0.2614	-0.9890	-0.3696	2.5627	4.8514	8.1280	-1.0794207557373454	0	0	5	Tilt	Normal
1.3414	5.7850	9.4613	-30.9417	-14.0359	-53.4499	6.6729	-3.9573	-25.0759	-0.6985	0.7428	1.3014	0.2894	0.0139	0.4011	0.8690	0.4236	0.1466	0.1652	2.0399	5.0422	8.1599	1.8232195966945337	0	0	5	Tilt	Normal
1.9160	5.2487	7.4693	-31.3618	-14.7022	-54.0820	6.1968	-4.5915	-23.2279	-0.2092	0.1450	-0.6303	0.2948	0.0121	0.4033	0.8662	0.1232	0.6324	0.0182	2.1252	5.1037	8.0996	-1.8426424353330155	0	0	5	Tilt	Normal
0.4597	5.4779	8.3510	-32.1564	-9.9257	-55.4715	6.5395	-4.6558	-22.7285	-0.9713	0.2586	0.1731	0.2829	0.0548	0.4243	0.8584	-0.4052	0.7708	0.4570	1.4310	5.2194	8.1778	0.6699615477511252	0	0	5	Tilt	Normal
1.2641	5.2481	9.0788	-30.8214	-7.1076	-56.2419	6.8004	-4.8155	-22.0815	0.2222	0.2236	0.7220	0.2621	0.0723	0.4390	0.8564	0.1093	0.5951	0.0341	1.0419	5.0245	8.3568	0.5645434690280116	0	0	5	Tilt	Normal
0.8045	4.5969	9.0788	-28.1089	-3.9516	-57.0486	6.5704	-4.6277	-21.3732	0.2084	-0.0235	0.4495	0.2292	0.0865	0.4556	0.8558	-0.1047	0.3448	0.2187	0.5960	4.6204	8.6293	-0.3544359169726192	0	0	6	Tilt	Normal
0.6129	5.5162	8.0062	-34.4241	-1.6225	-58.8502	6.2348	-5.7900	-20.6784	0.3840	-0.0275	-0.0798	0.2644	0.1336	0.4656	0.8340	1.2578	1.3866	0.0621	0.2289	5.5438	8.0860	-0.4661680725337565	0	0	6	Tilt	Normal
0.3837	5.8233	8.5036	-39.1896	1.4602	-58.1149	7.4177	-6.0852	-19.3883	0.5775	-0.3733	0.9055	0.2873	0.1734	0.4613	0.8214	0.6506	-1.1998	0.2123	-0.1938	6.1966	7.5981	0.5717127030472735	0	0	6	Tilt	Normal
0.8051	6.7044	7.6992	-43.6386	-5.4575	-60.7011	6.0848	-7.0975	-20.4885	0.1302	-0.0633	0.6343	0.3427	0.1495	0.4533	0.8092	0.6485	-0.2720	0.5383	0.6749	6.7677	7.0648	-0.07270529702146256	0	0	6	Tilt	Normal
0.8428	7.5082	5.4396	-47.3270	-5.3936	-52.8550	6.5176	-7.5163	-19.8968	0.2180	0.2981	-1.1779	0.3782	0.1398	0.3903	0.8277	-0.3784	0.3065	-1.2034	0.6247	7.2101	6.6176	-0.9310285901270383	0	0	6	Tilt	Normal
2.8353	6.1298	6.5499	-47.1583	-7.9841	-49.3924	8.3877	-6.6772	-20.5579	1.9092	-1.0608	-0.0536	0.3892	0.1088	0.3567	0.8423	0.4728	-1.5684	-0.5225	0.9261	7.1905	6.6035	0.09840420729562105	0	0	6	Tilt	Normal
3.6392	7.3933	7.5465	-48.5477	-13.9900	-41.5759	8.5062	-7.0022	-21.3978	2.0698	0.0431	1.2472	0.4209	0.0410	0.2743	0.8637	-0.0971	-2.4142	-1.4962	1.5694	7.3502	6.2993	1.7656054860806023	0	0	6	Tilt	Normal
4.2521	9.4619	10.0748	-52.0500	-23.4270	-32.1627	8.0776	-6.3597	-24.6377	1.8545	1.7289	4.5414	0.4634	-0.0563	0.1581	0.8701	0.8947	-3.4070	-0.9944	2.3976	7.7330	5.5334	3.2867951715988823	0	0	6	Tilt	Normal
2.8730	7.4699	7.0868	-60.6177	-34.5564	-14.9699	5.4785	-5.7962	-26.2651	0.1440	-1.0753	3.1244	0.5112	-0.1915	-0.0412	0.8369	0.9096	-4.6171	-2.9769	2.7291	8.5452	3.9624	-3.770610440574403	0	0	6	Tilt	Normal
-1.0343	7.4316	1.1109	-84.2991	-3.1213	51.7745	3.7387	-6.6394	-25.2849	-1.0873	-2.3266	0.1395	0.5947	-0.3111	-0.3400	0.6587	1.6861	-4.2710	-3.8538	0.0530	9.7582	0.9714	-3.1049862755004165	0	0	6	Tilt	Normal
-4.7501	7.3167	-0.1149	-71.9322	84.1951	159.7045	5.6354	-7.8683	-24.2013	-1.7241	-2.0063	-0.4224	0.6109	-0.3334	-0.5218	0.4934	1.2791	-2.5175	-2.9004	-3.0260	9.3230	0.3075	1.1391258609703554	0	1	7	PT	Normal
-5.6312	7.0102	-0.1915	-60.1521	84.1428	171.8622	7.5220	-7.4330	-24.1853	-0.7759	-1.4955	-0.6895	0.6048	-0.3299	-0.6169	0.3805	0.6304	-1.5535	-1.6796	-4.8553	8.5057	0.4980	0.2697385242717587	0	1	7	Tilt	Normal
-6.7804	7.7381	0.0000	-53.1120	86.2509	177.5394	9.1840	-6.9752	-23.7921	-0.9065	-0.1053	-0.3849	0.6183	-0.3131	-0.6461	0.3196	0.0434	-0.0610	-0.8476	-5.8739	7.8434	0.3849	0.2697385242717587	0	1	7	Tilt	Normal
-7.6992	7.3173	0.1143	-49.7015	87.6854	179.8070	10.1649	-6.0539	-23.7876	-1.3617	-0.1621	-0.1417	0.6291	-0.3020	-0.6540	0.2922	0.2330	0.1605	-0.5376	-6.3375	7.4793	0.2560	1.6284311261034663	0	0	7	Tilt	Normal
-7.6225	6.8576	0.0760	-46.3347	90.4775	-177.4428	11.3437	-6.0586	-22.4726	-0.8517	-0.2364	0.1326	0.6464	-0.2915	-0.6534	0.2648	0.4386	0.1445	-0.2297	-6.7708	7.0940	-0.0566	-0.3687831592502615	0	0	7	Tilt	Normal
-7.2778	7.1257	-0.2304	-44.5362	91.1556	-179.0212	12.3520	-6.0331	-22.3713	-0.2890	0.2478	-0.0893	0.6586	-0.2709	-0.6500	0.2651	-0.3708	-0.0109	-0.2816	-6.9888	6.8779	-0.1411	-0.06554812867199367	0	0	7	Tilt	Normal
-7.6231	6.9719	-0.3831	-43.2012	89.5328	179.3224	12.0679	-5.2227	-22.7859	-0.4747	0.2587	-0.4413	0.6563	-0.2575	-0.6586	0.2631	-0.0342	-0.2325	-0.1911	-7.1485	6.7132	0.0582	0.14960587304566708	0	0	7	Tilt	Normal
-7.4693	6.7810	0.1143	-42.3442	89.4291	178.5065	12.2336	-4.9748	-22.9164	-0.2215	0.1754	0.0422	0.6594	-0.2481	-0.6593	0.2627	0.1075	-0.0375	-0.0494	-7.2478	6.6056	0.0721	-0.2487134996313003	0	0	7	Tilt	Normal
-7.5465	6.9719	0.1532	-42.1501	89.3035	-179.9705	11.6003	-5.1941	-22.8644	-0.2765	0.3910	0.0649	0.6557	-0.2560	-0.6639	0.2525	0.0947	-0.0983	-0.0377	-7.2700	6.5809	0.0883	0.18636007148267808	0	0	7	Tilt	Normal
-7.6608	6.8193	0.3442	-41.8171	88.9693	-179.7001	12.1630	-5.2676	-22.7124	-0.3533	0.2807	0.2128	0.6539	-0.2563	-0.6671	0.2483	-0.0118	-0.0482	-0.0675	-7.3076	6.5386	0.1314	-0.013212089423927154	1	0	8	Tilt	Normal
-7.5459	6.7427	0.3059	-41.4654	88.9248	-179.9668	11.7023	-4.6368	-22.4646	-0.1984	0.2491	0.1680	0.6550	-0.2528	-0.6676	0.2478	-0.0172	0.0370	-0.0793	-7.3475	6.4935	0.1378	-0.13788765872518205	1	0	8	Tilt	Normal
-7.6225	6.8959	-0.0006	-41.0962	88.9359	-179.9257	12.8746	-4.7422	-23.1013	-0.2334	0.4498	-0.1378	0.6558	-0.2509	-0.6684	0.2454	0.0382	0.0817	-0.0889	-7.3891	6.4461	0.1372	0.1547688081288232	1	0	8	Tilt	Normal
-7.6225	6.5894	-0.1538	-40.5510	88.8927	179.6148	12.8480	-4.9078	-23.6098	-0.1725	0.2140	-0.2978	0.6577	-0.2452	-0.6689	0.2449	-0.0651	-0.0141	-0.0985	-7.4500	6.3755	0.1440	-0.20188662500948773	1	0	8	Tilt	Normal
-7.8530	6.6655	-0.1532	-40.0463	88.7627	179.9775	12.5145	-4.3658	-23.0604	-0.3475	0.3558	-0.3153	0.6572	-0.2446	-0.6715	0.2396	0.0542	0.0306	-0.0591	-7.5055	6.3096	0.1621	0.22453115539047808	1	0	8	Tilt	Normal
-7.4699	6.6272	0.0766	-39.8599	89.1708	-179.9005	12.5409	-5.5294	-22.2904	0.0570	0.3419	-0.0323	0.6597	-0.2433	-0.6698	0.2387	-0.0438	0.0189	-0.1049	-7.5269	6.2852	0.1089	-0.31530864103669565	1	0	8	Tilt	Normal
-7.5848	6.7038	0.0383	-39.7721	89.5743	179.8402	12.5806	-4.7094	-22.8650	-0.0476	0.4302	-0.0177	0.6628	-0.2405	-0.6671	0.2406	-0.0077	0.1328	-0.0199	-7.5372	6.2736	0.0560	0.13658188381137215	1	0	8	Tilt	Normal
-7.8913	6.7038	0.1532	-39.4828	90.1174	-179.9148	13.4872	-4.7691	-22.1778	-0.3223	0.4684	0.1688	0.6661	-0.2391	-0.6650	0.2386	-0.0130	-0.0067	-0.0753	-7.5690	6.2354	-0.0156	0.23270591703090027	1	0	8	Tilt	Normal
-7.6608	6.6277	-0.0006	-39.2839	90.1964	179.9304	12.6277	-4.4937	-22.1909	-0.0703	0.4185	0.0254	0.6672	-0.2369	-0.6647	0.2385	-0.0620	-0.0610	-0.1093	-7.5905	6.2092	-0.0260	-0.22566139803539187	1	0	8	Tilt	Normal
-7.7381	6.6655	-0.0383	-38.9127	89.9672	179.5684	13.0696	-4.7598	-23.1089	-0.1074	0.5056	-0.0426	0.6674	-0.2331	-0.6660	0.2380	0.0104	-0.0163	-0.1030	-7.6306	6.1598	0.0043	0.08328602381834216	1	0	8	Tilt	Normal
-7.6231	6.5888	0.1149	-38.5487	90.2095	-179.9732	12.8268	-4.3669	-22.9406	0.0464	0.4776	0.1431	0.6686	-0.2331	-0.6663	0.2337	0.0733	-0.0120	-0.1243	-7.6695	6.1112	-0.0281	-0.13659204455903584	2	0	9	Tilt	Fall
-7.7764	6.5505	0.1149	-38.1118	90.4192	-179.4722	12.7708	-4.5625	-22.7031	-0.0606	0.4978	0.1715	0.6697	-0.2331	-0.6670	0.2286	0.0340	-0.0418	-0.1165	-7.7158	6.0527	-0.0566	0.09175218997876122	2	0	9	Tilt	Normal
-7.7375	6.3596	0.1143	-37.7670	90.4707	-179.1135	12.7357	-3.8395	-22.5874	0.0145	0.3536	0.1781	0.6700	-0.2331	-0.6681	0.2246	0.0617	-0.0450	-0.0920	-7.7520	6.0060	-0.0637	-0.15200492952499722	2	0	9	Tilt	Normal
-7.9290	6.0148	-0.4986	-37.4026	89.8545	-178.3402	12.9425	-4.5812	-22.7381	-0.1387	0.0582	-0.5183	0.6656	-0.2367	-0.6738	0.2167	0.1586	-0.3443	-0.0590	-7.7903	5.9566	0.0198	-0.05160023435139216	2	0	9	Tilt	Normal
-8.5808	4.8267	0.1915	-39.4219	88.2679	-177.4525	12.0374	-4.6029	-23.1588	-1.0087	-1.4008	-0.0374	0.6500	-0.2566	-0.6807	0.2198	-0.1024	-0.1334	0.9796	-7.5721	6.2275	0.2289	-0.1176890771481709	2	0	9	Tilt	Normal
-6.7415	6.1681	0.7272	-49.3562	88.2104	178.3865	10.0343	-6.0677	-23.9810	-0.3570	-1.2730	0.5278	0.6366	-0.2909	-0.6483	0.2997	-0.5999	0.5494	2.2984	-6.3844	7.4410	0.1995	-0.680664928955494	2	0	9	Tilt	Normal
-4.6346	7.6620	-0.2687	-64.3495	88.9258	173.4646	5.0942	-7.8495	-24.5206	-0.3903	-1.1781	-0.3482	0.6136	-0.3456	-0.5818	0.4068	-0.5488	1.1705	3.0174	-4.2443	8.8401	0.0795	-0.20767580090600113	0	0	9	Tilt	Normal
-0.9188	7.5854	2.0680	-82.6076	61.2158	135.9087	0.9133	-7.4318	-25.1545	0.1864	-2.1397	1.4609	0.5678	-0.3830	-0.4731	0.5542	-0.8481	1.8352	3.5298	-1.1052	9.7251	0.6071	-1.0429300792977	0	0	9	Tilt	Normal
2.8353	6.0531	1.4934	-72.2017	-42.3904	13.8172	-2.6123	-5.5943	-27.6028	0.8145	-3.2841	-0.7205	0.5102	-0.3561	-0.3021	0.7222	-1.8633	5.1950	3.6662	2.0209	9.3372	2.2139	-1.066722489272128	0	0	9	Tilt	Normal
3.2567	4.7507	8.6951	-47.0003	-24.4931	3.0120	2.3417	0.8011	-32.5543	0.4841	-2.4214	2.6091	0.3844	-0.2047	-0.1081	0.8936	-2.1893	3.6600	2.4560	2.7726	7.1721	6.0861	3.5807369949049352	0	0	9	Tilt	Normal
2.9119	4.0229	10.3424	-33.6668	-20.1862	-3.5487	5.1221	4.9536	-33.5861	0.0956	-1.4135	2.6820	0.2902	-0.1588	-0.0215	0.9435	-0.9440	1.2450	1.3918	2.8163	5.4363	7.6604	1.0431643101807015	0	1	10	PT	Normal
2.8353	2.8353	10.1125	-24.4434	-17.6630	-7.9210	6.7584	6.4542	-33.0839	0.1266	-1.2225	1.6058	0.2191	-0.1352	0.0343	0.9657	-1.1379	0.8477	0.3351	2.7087	4.0579	8.5067	-0.5944871954197843	0	1	10	PT	Normal
2.6821	3.6398	10.9553	-19.2319	-11.2601	-8.7939	8.9241	8.1318	-32.6907	0.8742	0.4096	1.8742	0.1732	-0.0837	0.0589	0.9796	-0.2942	1.0117	0.9167	1.8079	3.2302	9.0811	0.9731569640259483	0	1	10	PT	Normal
3.0652	3.0652	9.7294	-17.7920	-10.1758	-17.1357	10.8779	8.2724	-31.3919	1.4156	0.0687	0.5388	0.1654	-0.0637	0.1330	0.9751	0.3578	0.1169	1.0584	1.6496	2.9965	9.1906	-1.200208913933082	0	1	10	PT	Normal
2.4906	3.1418	9.9210	-16.6944	-6.2347	-20.2168	11.6115	6.8621	-31.9106	1.4705	0.3247	0.5833	0.1522	-0.0275	0.1656	0.9740	-0.2026	0.7134	-0.0729	1.0201	2.8171	9.3377	0.04908731783591591	0	1	10	Tilt	Normal
0.1532	1.0343	8.3127	-15.7253	-7.4995	-17.5211	12.2734	8.2987	-30.9203	-1.0787	-1.6236	-1.0461	0.1448	-0.0432	0.1417	0.9783	-0.2164	0.4269	0.0560	1.2320	2.6579	9.3588	-2.322278065557823	0	0	10	Tilt	Normal
-0.3831	4.1372	9.3470	-19.6907	-3.2002	-17.5533	12.9798	7.2106	-30.1820	-0.8984	0.8329	0.1282	0.1731	-0.0011	0.1456	0.9741	0.0255	-0.7459	-0.2336	0.5154	3.3043	9.2187	1.8506612811373326	0	0	10	Tilt	Normal
0.3065	2.9880	9.7300	-18.6419	-3.0680	-17.1095	13.1926	6.4959	-29.7129	-0.1908	-0.1466	0.4513	0.1640	-0.0020	0.1425	0.9761	-0.2792	0.1958	-0.3220	0.4972	3.1346	9.2787	-0.04578806152285608	0	0	10	Lying	Normal
-0.1532	2.9497	9.6534	-18.9452	-2.8452	-15.7851	13.5948	7.4015	-30.2608	-0.6135	-0.2342	0.3895	0.1663	-0.0017	0.1314	0.9773	0.1225	-0.1866	-0.0738	0.4603	3.1838	9.2639	-0.08790883036260055	0	0	10	Lying	Normal
0.0389	2.8353	9.7677	-18.5841	-2.4550	-14.9054	13.2464	6.9029	-30.3997	-0.3591	-0.2900	0.4811	0.1628	-0.0000	0.1245	0.9788	0.0724	0.1372	-0.2357	0.3980	3.1253	9.2867	0.07579473893011368	0	0	10	Lying	Normal
-0.0383	3.5243	9.4619	-22.4797	-1.8116	-13.8865	12.7171	6.1284	-29.8979	-0.3247	-0.2254	0.4051	0.1953	0.0082	0.1155	0.9739	1.0343	-0.3475	-0.1356	0.2864	3.7496	9.0568	-0.07394430065981084	1	0	11	Tilt	Normal
0.5746	4.5969	8.6191	-26.6153	-4.8665	-10.5266	12.0169	4.9274	-30.1500	-0.1691	0.2035	-0.1167	0.2328	-0.0200	0.0795	0.9691	0.6029	-1.2711	-0.7076	0.7437	4.3934	8.7358	-0.31179454069159895	1	0	11	Tilt	Normal
2.4134	3.7541	6.4739	-29.5439	-9.2443	-12.1224	10.8150	3.4268	-30.4823	1.0428	-1.0814	-1.9468	0.2610	-0.0506	0.0813	0.9606	-0.1481	0.0605	-0.2005	1.3705	4.8355	8.4207	-1.9220689821486996	1	0	11	Tilt	Normal
2.0692	4.5592	6.3584	-26.9308	-13.7671	-6.9357	9.2841	4.3865	-31.6283	-0.0114	0.1176	-2.1335	0.2378	-0.1024	0.0305	0.9654	-0.6818	-1.8975	-1.5801	2.0806	4.4415	8.4919	0.22987923172040148	0	0	11	Tilt	Normal
2.4906	7.3939	6.5499	-30.6500	-18.0197	1.0058	6.4130	5.4925	-32.6244	-0.1193	2.3945	-1.4727	0.2597	-0.1533	-0.0498	0.9521	0.9693	-0.7438	1.6978	2.6098	4.9994	8.0227	2.0939238165404426	0	0	11	Tilt	Normal
6.1681	2.0309	7.2778	-18.2036	-42.0311	-15.2838	0.4322	3.4284	-32.6521	-0.0691	-1.0326	0.3582	0.1934	-0.3313	0.0663	0.9211	-1.9186	-3.7478	2.3252	6.2372	3.0635	6.9195	-0.43316594943959963	0	0	11	Tilt	Normal
5.7467	-4.3664	3.6003	-11.7541	-58.2445	-21.8572	-7.4866	5.0560	-32.4399	-2.4169	-6.3641	-1.4525	0.1796	-0.4584	0.1158	0.8627	-0.0842	-3.0117	1.9012	8.1636	1.9977	5.0528	-1.6882959263903317	0	0	11	Tilt	Normal
8.8879	-4.5197	6.5499	0.6728	-68.8900	-20.7094	-12.5024	6.6320	-28.8810	-0.2599	-4.4044	3.0183	0.0969	-0.5573	0.1515	0.8106	-2.3777	-0.5318	3.0688	9.1478	-0.1152	3.5316	3.8644553807095594	0	0	11	Tilt	Normal
12.9095	-5.5545	6.9719	17.7035	-74.5060	-17.9772	-14.3453	11.8164	-27.6983	3.9069	-2.5723	4.4764	-0.0275	-0.6099	0.2149	0.7623	-1.7737	-1.0761	3.2200	9.0026	-2.9823	2.4955	3.7581068143037157	0	0	11	Tilt	Normal
14.1360	-4.5963	9.7677	38.2363	-66.4018	-14.1523	-12.4323	18.9141	-27.0760	7.0774	1.4732	6.6843	-0.2082	-0.5472	0.2754	0.7625	-2.1721	2.9016	2.6405	7.0586	-6.0695	3.0834	2.0984692929606883	0	0	11	Tilt	Normal
9.8072	-3.8301	5.4773	49.9964	-45.3179	-13.4779	-4.2333	25.9157	-28.1723	5.3250	3.6820	1.0448	-0.3463	-0.3925	0.2598	0.8115	-1.1505	4.1298	1.3729	4.4822	-7.5121	4.4326	-5.9184294332867236	0	1	12	Jump	Normal
5.0188	-6.5116	2.5277	57.3733	-33.8158	-10.6185	3.4539	28.7023	-27.5201	2.0764	1.7478	-1.8651	-0.4337	-0.2965	0.2167	0.8228	-0.5742	1.5039	1.0693	2.9425	-8.2594	4.3928	-3.2670157679006806	0	1	12	PT	Normal
0.6901	-9.8827	4.8261	60.6169	-29.4491	-16.4531	6.9613	30.0726	-25.8566	-1.6753	-1.3373	0.6366	-0.4517	-0.2870	0.2464	0.8080	0.3749	-0.5616	1.1491	2.3655	-8.5454	4.1896	2.4186871263418706	0	1	12	PT	Normal
1.4180	-6.2435	5.5923	58.9015	-12.7684	-29.4570	9.0206	29.4143	-25.9278	0.2985	2.1539	0.6523	-0.4480	-0.2179	0.2729	0.8230	1.6202	3.1093	0.8754	1.1194	-8.3974	4.9400	-2.518834146405565	0	1	12	PT	Normal
0.6135	-4.6346	0.8422	58.9732	-7.5969	-32.8822	12.4351	28.5364	-25.7866	-0.0546	3.7691	-4.1680	-0.4547	-0.1943	0.2771	0.8238	1.0599	-0.9153	0.4589	0.6681	-8.4036	5.0102	-3.7506471952714273	0	1	12	Jump	Normal
-0.2298	-10.2280	5.2864	57.1026	-21.1023	-26.0318	10.6813	27.1791	-27.4651	-2.1474	-1.9939	0.3174	-0.4216	-0.2625	0.2798	0.8216	-0.8523	-1.2604	-1.7590	1.9176	-8.2341	4.9690	6.76539227596527	0	1	12	Jump	Normal
3.7158	-7.9296	0.4214	60.0038	-23.4530	-22.8013	7.2714	28.4550	-27.9430	1.7645	0.5637	-4.0763	-0.4451	-0.2693	0.2672	0.8111	-0.2472	0.7497	0.3843	1.9513	-8.4933	4.4977	-2.7485049180359074	0	1	12	PT	Normal
1.1492	-8.3127	4.9033	57.2976	-19.4595	-32.1414	7.9795	27.6511	-28.2533	-0.6158	-0.0603	-0.0920	-0.4130	-0.2733	0.3173	0.8087	0.0340	-0.7331	0.6858	1.7650	-8.2524	4.9954	0.9520872515703331	0	1	12	PT	Normal
-1.1492	-9.2320	4.7884	58.4036	-17.8349	-37.5944	7.7602	26.9228	-28.4410	-2.7228	-0.8791	-0.1027	-0.4127	-0.2834	0.3495	0.7920	0.9566	-0.8109	-0.1920	1.5736	-8.3529	4.8911	0.7439750794103333	0	1	12	PT	Normal
2.4134	-10.6494	2.8347	59.3300	-34.7925	-15.5033	6.1475	27.7611	-28.7126	-0.4408	-2.2143	-1.2731	-0.4329	-0.3211	0.2585	0.8016	-0.9226	0.6166	-0.7321	2.8542	-8.4351	4.1079	0.8181549883012629	0	1	12	PT	Normal
1.6089	-8.8873	3.9456	66.6967	-35.9742	-24.7866	4.4358	29.2343	-27.4356	-0.6698	0.1196	0.8062	-0.4553	-0.3642	0.3363	0.7395	-0.3505	-2.3502	1.7351	2.2787	-9.0068	3.1394	-1.4254055103728938	0	2	13	PT	Normal
5.6312	-8.3127	2.9497	73.8488	-17.9077	-50.3092	4.2643	30.1074	-27.6909	4.7924	1.1070	0.3540	-0.4843	-0.3649	0.4203	0.6750	-0.8033	0.6038	2.3689	0.8387	-9.4197	2.5956	0.6088207091332531	0	2	13	PT	Normal
-0.9571	-6.4733	2.9491	77.5782	4.7120	-70.1691	9.2574	30.2715	-25.6052	-0.7838	3.1039	0.8472	-0.5306	-0.3336	0.4266	0.6521	0.4601	-0.8972	-1.6440	-0.1733	-9.5773	2.1018	-3.287280737519435	0	2	13	PT	Normal
0.0006	-4.4430	-1.6095	85.7022	-28.7768	-34.7487	7.9128	31.2910	-23.5292	-0.3528	5.3362	-2.2531	-0.5743	-0.3706	0.3734	0.6272	-2.4150	0.4951	0.4386	0.3534	-9.7793	0.6436	-2.451982457730315	0	2	13	PT	Normal
0.0006	-0.6889	0.6506	85.4332	15.8978	-73.3798	9.0379	32.5548	-21.6063	0.2146	9.0867	-0.1001	-0.5995	-0.3200	0.3595	0.6395	0.8990	1.8587	0.1616	-0.2140	-9.7757	0.7507	-3.777984236010822	0	2	13	Jump	Normal
0.8434	-4.8261	4.9027	75.4967	-12.7690	-33.1048	9.7916	31.1467	-22.3018	0.3006	4.6682	2.5079	-0.5581	-0.2576	0.2891	0.7338	2.3882	1.8214	-0.2571	0.5427	-9.4944	2.3948	5.983462600237052	0	2	13	Jump	Normal
0.9966	-10.5339	-0.5369	79.1422	-22.7216	-27.0758	8.9501	31.4185	-23.8268	0.2834	-0.9026	-2.2401	-0.5717	-0.2939	0.2989	0.7053	-1.2613	1.6531	-0.7300	0.7132	-9.6313	1.7032	3.6635323698075757	0	2	13	Jump	Normal
0.1538	-9.1548	1.7615	81.4089	-36.5060	-9.7702	9.7134	32.8427	-21.5808	-0.7172	0.5420	0.5846	-0.5969	-0.2893	0.2649	0.6999	0.3067	-0.8705	0.1030	0.8710	-9.6968	1.1769	-1.2705554805540853	0	2	13	PT	Normal
0.9200	-9.8061	0.4974	77.6936	-26.7231	-19.8053	8.5891	32.3081	-22.2098	-0.0198	-0.2246	-1.3690	-0.5702	-0.2823	0.2731	0.7215	0.7041	-0.1323	-0.0717	0.9397	-9.5814	1.8664	0.5377176237571426	0	2	13	PT	Normal
0.9194	-9.3087	1.2641	79.0800	-32.2940	-14.3907	8.6980	31.6617	-22.7780	-0.0727	0.3207	-0.3056	-0.5798	-0.2894	0.2685	0.7127	-0.6520	0.0360	-0.1580	0.9921	-9.6293	1.5697	-0.42269209566914867	0	2	13	PT	Normal
0.6129	-8.9639	2.2601	79.1953	-35.1484	-11.3193	8.9222	31.9318	-22.1589	-0.4449	0.6692	0.7578	-0.5818	-0.2915	0.2640	0.7120	0.2556	-0.1547	-0.0035	1.0578	-9.6331	1.5024	-0.17429334470164903	0	2	14	Upright	Normal
1.2258	-9.4236	1.3024	77.4895	-30.9005	-16.2099	8.1370	32.0924	-23.2615	0.1353	0.1504	-0.5197	-0.5679	-0.2908	0.2711	0.7207	0.2407	-0.1099	0.0050	1.0906	-9.5740	1.8221	0.3270946907983774	0	2	14	Upright	Normal
0.8045	-9.2320	1.6855	78.3112	-36.8153	-10.3531	8.3110	32.1839	-22.9999	-0.3859	0.3714	0.0952	-0.5746	-0.2979	0.2650	0.7148	-0.2664	0.0424	-0.1229	1.1904	-9.6034	1.5903	-0.17280195600623927	0	2	14	Upright	Normal
0.9583	-9.3081	1.6849	77.6543	-34.8744	-12.3251	8.1087	32.1500	-22.3835	-0.2405	0.2719	-0.0350	-0.5696	-0.2963	0.2666	0.7188	0.2662	-0.0386	0.0018	1.1987	-9.5799	1.7199	0.0887623091024139	0	2	14	Upright	Normal
1.0726	-9.2703	1.5323	77.6903	-36.5375	-10.6850	8.2744	31.9465	-22.8614	-0.1719	0.3109	-0.1472	-0.5703	-0.2986	0.2646	0.7180	-0.2163	0.0157	-0.0771	1.2445	-9.5813	1.6795	-0.05067645552226274	0	2	14	Upright	Normal
0.8428	-9.2703	1.9154	77.5759	-36.5527	-10.5446	8.4411	32.3113	-22.8245	-0.4134	0.3069	0.2210	-0.5699	-0.2981	0.2637	0.7189	0.1149	-0.0088	-0.0196	1.2562	-9.5773	1.6943	0.04644643510310864	0	2	14	Upright	Normal
0.9577	-9.3470	1.6466	77.7107	-36.6445	-10.3361	8.1020	31.4677	-23.1947	-0.2878	0.2352	-0.0275	-0.5711	-0.2975	0.2630	0.7184	-0.1141	0.0541	-0.0686	1.2454	-9.5822	1.6741	0.035570763686562756	0	2	14	Upright	Normal
1.1109	-9.2703	1.8004	77.6832	-37.0437	-9.5752	8.3626	32.1756	-22.9243	-0.1489	0.3108	0.1314	-0.5720	-0.2962	0.2602	0.7193	0.0330	0.0264	-0.0610	1.2598	-9.5811	1.6691	-0.030496648760534484	0	2	14	Upright	Normal
0.9194	-9.4619	1.4557	77.5934	-37.5086	-8.9347	8.5673	31.8179	-22.7218	-0.3630	0.1160	-0.2150	-0.5720	-0.2960	0.2583	0.7200	-0.0831	-0.0002	-0.0759	1.2824	-9.5779	1.6707	0.10864359217343456	0	2	14	Upright	Normal
0.8428	-9.3087	1.5706	77.4823	-37.3654	-9.1275	8.5090	31.8896	-22.6120	-0.4470	0.2650	-0.1184	-0.5711	-0.2962	0.2586	0.7206	0.0095	-0.0268	-0.0482	1.2897	-9.5737	1.6890	-0.13945583310279908	1	2	15	Upright	Normal
0.9583	-9.3847	1.4934	77.3426	-38.1211	-8.1691	8.2530	31.8230	-22.7792	-0.3680	0.1839	-0.1966	-0.5709	-0.2964	0.2561	0.7215	0.0245	0.0371	-0.0812	1.3262	-9.5686	1.6900	0.07316220130731921	1	2	15	Upright	Normal
0.9583	-9.2698	1.5700	77.3450	-38.4372	-7.7167	7.8064	32.5442	-22.3500	-0.3768	0.2988	-0.1122	-0.5714	-0.2961	0.2549	0.7217	0.0042	-0.0098	-0.0525	1.3351	-9.5686	1.6822	-0.10045197762558367	1	2	15	Upright	Normal
0.9583	-9.2698	1.5700	77.3038	-38.7711	-7.3601	8.2058	31.7628	-23.2300	-0.3913	0.2972	-0.1103	-0.5713	-0.2965	0.2542	0.7218	-0.0065	0.0008	-0.0600	1.3496	-9.5669	1.6803	0.0	1	2	15	Upright	Normal
0.9966	-9.2698	1.6466	77.2266	-38.4189	-7.7727	7.8728	31.8500	-22.4585	-0.3503	0.2945	-0.0515	-0.5706	-0.2965	0.2549	0.7222	0.0351	-0.0322	-0.0291	1.3469	-9.5642	1.6981	0.01698189471423639	1	2	15	Upright	Normal
0.7667	-9.3081	1.6466	77.2317	-38.5309	-7.4351	7.6608	31.9385	-22.6906	-0.5831	0.2562	-0.0485	-0.5712	-0.2955	0.2533	0.7227	-0.0065	-0.0013	-0.0419	1.3499	-9.5642	1.6951	0.016154297833100628	1	2	15	Upright	Normal
0.9966	-9.1931	1.8381	77.1153	-38.6865	-7.0297	7.7513	31.9671	-22.9512	-0.3702	0.3668	0.1314	-0.5711	-0.2946	0.2513	0.7238	0.0234	0.0275	-0.0642	1.3668	-9.5599	1.7068	-0.05578240756287478	1	2	15	Upright	Normal
1.0726	-9.3470	1.5706	76.9155	-38.5659	-6.9180	7.8191	32.2057	-22.6697	-0.3112	0.2052	-0.1651	-0.5704	-0.2935	0.2496	0.7254	-0.0129	0.0051	-0.0482	1.3838	-9.5521	1.7356	0.11065646162985843	1	2	15	Upright	Normal
1.1109	-9.2320	1.7621	76.8377	-38.4382	-6.9736	8.7205	32.0543	-22.6147	-0.2771	0.3171	0.0133	-0.5700	-0.2931	0.2492	0.7260	0.0245	0.0275	-0.0418	1.3880	-9.5491	1.7488	-0.07444976748756282	1	2	15	Upright	Normal
1.0343	-9.3853	1.6089	76.8457	-37.6282	-7.7138	8.0661	31.8291	-23.2843	-0.3282	0.1642	-0.1585	-0.5699	-0.2917	0.2498	0.7264	0.0191	0.0243	-0.0162	1.3625	-9.5494	1.7674	0.11412801261711891	1	2	15	Upright	Normal
1.0726	-9.2703	1.8004	76.8960	-37.6033	-7.5564	7.6459	31.6963	-23.1833	-0.2840	0.2810	0.0391	-0.5707	-0.2907	0.2488	0.7266	-0.0150	0.0861	-0.0557	1.3566	-9.5514	1.7614	-0.07398497886581268	2	2	16	Upright	Normal
Total time: 16 seconds.
