1.8393	8.8879	0.5357	-82.7613	-56.1553	108.7680	-5.0703	-28.7952	-2.5248	0.8131	-0.8405	-0.1523	0.0526	-0.6798	-0.7194	0.1326	0.1907	-0.2512	-0.0684	1.0262	9.7284	0.6880	-0.7155801747821542	3	0	6	Tilt	Normal
1.0349	8.8113	0.5357	-83.6049	-63.3594	102.0856	-4.8539	-28.8469	-1.9590	0.0587	-0.9343	0.0459	0.0522	-0.6872	-0.7134	0.1266	0.1811	0.2558	-0.0833	0.9762	9.7456	0.4898	-0.203990993638552	0	0	6	Upright	Normal
1.5323	8.5425	0.0766	-83.1278	-64.4131	96.8107	-5.9099	-29.2229	-2.5055	0.4741	-1.1937	-0.4301	0.0744	-0.6846	-0.7082	0.1558	-0.0490	0.9781	0.0648	1.0582	9.7362	0.5067	-0.2088491721605763	0	0	6	Upright	Normal
2.2224	8.0068	-0.0006	-81.3674	-71.2881	83.5714	-7.3590	-29.3308	-3.1443	0.8284	-1.6887	-0.4727	0.1005	-0.6825	-0.6939	0.2064	0.2216	0.3592	0.2288	1.3940	9.6955	0.4721	-0.369669959507382	0	0	6	Upright	Normal
-1.1869	11.7226	1.1869	-82.9859	-74.9463	80.1680	-8.0375	-29.0008	-3.3049	-2.3433	1.9894	0.8760	0.1089	-0.6872	-0.6912	0.1953	-0.0309	0.1195	-0.6628	1.1564	9.7332	0.3109	3.5326557399236584	0	0	6	Upright	Normal
-0.2676	17.5070	0.9954	-84.2274	-33.9470	119.3006	-7.4855	-29.2552	-3.3483	-0.8182	7.7502	0.1773	0.1372	-0.6629	-0.7112	0.1895	-0.4666	1.2359	-0.0708	0.5507	9.7568	0.8181	5.69515421004734	0	0	6	Upright	Normal
1.6089	6.3590	-0.1532	-82.7887	-38.8537	109.5679	-8.0820	-29.1079	-4.3288	0.8368	-3.3700	-1.1118	0.1558	-0.6533	-0.7048	0.2283	-0.1875	0.1919	0.1987	0.7721	9.7290	0.9586	-10.976149713517596	0	0	6	Upright	Normal
-0.3448	6.7804	0.1149	-82.0212	-37.2371	112.3263	-8.6762	-29.4847	-5.6064	-1.1684	-2.9313	-0.9688	0.1462	-0.6507	-0.7106	0.2242	-0.2077	-0.1160	-0.1145	0.8236	9.7116	1.0837	0.228966279821611	0	0	6	Upright	Normal
0.7661	8.9639	0.0766	-82.6253	-34.8033	116.6600	-8.4494	-28.7859	-5.5255	0.0477	-0.7615	-0.9569	0.1396	-0.6541	-0.7137	0.2083	0.1491	-0.5804	-0.0442	0.7184	9.7254	1.0335	2.2067702050254487	0	0	6	Upright	Normal
0.9577	9.3470	1.5323	-85.6580	-52.6302	106.3706	-7.3492	-29.4265	-3.7581	0.3677	-0.4314	1.0817	0.1049	-0.6827	-0.7069	0.1526	0.6125	-1.9663	-0.3382	0.5900	9.7784	0.4506	0.5231565535383211	0	0	6	Upright	Normal
0.5369	19.0776	2.5277	-88.0750	-66.8222	101.5113	-4.4774	-28.6800	-1.1711	0.2342	9.2765	2.3981	0.0605	-0.6998	-0.7069	0.0832	-0.1609	0.2175	-0.1487	0.3027	9.8011	0.1296	9.731754607517257	0	1	7	Jump	Normal
0.5363	7.2018	0.4597	-83.5269	-9.6914	152.0823	-4.2368	-28.8957	-2.1795	0.3503	-2.5423	-0.6300	0.0989	-0.6593	-0.7349	0.1247	-0.9449	1.0292	0.0314	0.1860	9.7441	1.0897	-12.015457650074588	0	1	7	Jump	Normal
-0.1143	5.3636	0.3442	-82.0963	-3.4190	157.9556	-4.5881	-29.4384	-4.2834	-0.1947	-4.3498	-1.0018	0.1034	-0.6486	-0.7437	0.1249	0.1257	-0.4249	-0.2136	0.0804	9.7134	1.3460	-1.8605091304792127	0	1	7	PT	Normal
0.3065	7.5848	0.8428	-87.5554	-22.2568	136.1719	-4.7780	-29.0143	-2.5264	0.1481	-2.2128	0.4559	0.1241	-0.6818	-0.7071	0.1405	0.6850	0.6702	0.1858	0.1583	9.7977	0.3868	2.2617853428280483	0	1	7	PT	Normal
1.1109	9.7683	0.7278	-85.5430	-50.0614	104.6534	-6.2463	-28.1670	-2.0095	0.5267	-0.0085	0.2387	0.1302	-0.6768	-0.7020	0.1791	-0.2322	0.6894	0.5523	0.5842	9.7769	0.4892	2.2205348260897697	0	1	7	PT	Normal
-0.9954	17.2389	2.0680	-85.3315	-36.2098	116.9906	-8.1439	-28.0173	-2.2589	-1.4667	7.4648	1.4241	0.1418	-0.6686	-0.7059	0.1857	-0.1747	-0.1458	-0.3591	0.4714	9.7740	0.6439	7.532837998988855	0	1	7	Jump	Normal
1.3414	6.8193	0.2292	-82.9577	-21.2658	130.4553	-8.1150	-28.5908	-3.3312	0.9053	-2.9133	-0.8911	0.1472	-0.6490	-0.7198	0.1976	0.1257	0.3027	0.4824	0.4360	9.7326	1.1203	-10.437248703031251	0	1	7	Jump	Normal
0.0766	6.1292	0.0383	-83.0066	-29.6333	122.9657	-8.6320	-27.7287	-4.3246	-0.5137	-3.6045	-0.9994	0.1376	-0.6543	-0.7171	0.1968	-0.2972	-0.5037	-0.1929	0.5903	9.7336	1.0377	-0.8239590962869894	0	1	7	PT	Normal
0.3454	8.3516	0.1909	-83.1224	-22.1997	132.8579	-8.1798	-28.1509	-4.4230	-0.0983	-1.3844	-0.8963	0.1283	-0.6543	-0.7241	0.1766	0.0043	-0.5804	-0.1961	0.4437	9.7360	1.0873	2.2311204213189004	0	1	7	PT	Normal
1.0349	8.6197	1.0337	-85.2025	-16.5502	141.4315	-7.1249	-27.5437	-3.0063	0.8013	-1.1525	0.2477	0.1212	-0.6673	-0.7197	0.1486	0.3399	-0.8062	-0.1162	0.2336	9.7722	0.7860	0.38200925413382514	0	1	8	Upright	Normal
0.8434	18.6945	2.7192	-89.2182	-49.7521	116.6994	-4.7534	-27.3214	-0.8435	0.7413	8.8889	2.6329	0.0794	-0.6995	-0.7048	0.0874	0.4314	-0.7892	-0.2243	0.1021	9.8056	0.0863	10.167114377031686	0	0	8	Upright	Normal
1.7244	10.3052	0.4974	-83.2147	6.7908	171.1043	-2.7042	-26.7062	-0.9883	1.8615	0.5674	-0.6530	0.0956	-0.6574	-0.7411	0.0971	-1.5564	1.1048	-0.3756	-0.1371	9.7378	1.1504	-8.449731549436716	0	0	8	Upright	Normal
-0.5363	3.8690	-0.1532	-77.8833	9.9717	169.4039	-4.1099	-27.9344	-4.4337	-0.1799	-5.7191	-2.1805	0.1251	-0.6172	-0.7665	0.1259	-0.1417	0.0875	-0.2339	-0.3564	9.5882	2.0273	-6.551314918979859	0	0	8	Upright	Normal
2.7198	9.2703	0.4980	-84.2083	6.8301	167.9116	-3.4071	-27.5869	-3.4864	2.8376	-0.4862	-0.4845	0.1144	-0.6609	-0.7323	0.1177	1.3891	-0.4004	0.1294	-0.1178	9.7565	0.9825	5.764874953703128	0	0	8	Upright	Normal
1.1881	11.5311	1.1869	-85.3965	-60.0256	104.4772	-3.0804	-25.8840	-1.1038	0.5064	1.7561	0.7938	0.0690	-0.6893	-0.7108	0.1215	0.6147	-0.5548	0.9209	0.6817	9.7749	0.3931	1.9788793681757326	0	0	8	Upright	Normal
-2.1063	17.0856	3.1023	-85.0500	-124.0725	48.0611	-3.1361	-24.0641	0.9833	-2.8072	7.3156	3.5765	0.0244	-0.7236	-0.6860	0.0725	0.2375	-2.6278	-0.5795	0.7009	9.7700	-0.4742	5.8394906423128035	0	0	8	Upright	Normal
2.8736	8.4282	0.4974	-86.0118	-78.4357	103.7999	0.8487	-23.8693	1.5914	2.2055	-1.3547	0.3608	-0.0378	-0.7011	-0.7119	0.0102	-0.8001	-0.5069	0.1768	0.6681	9.7829	0.1366	-8.573746829872531	0	0	8	Upright	Normal
2.3756	5.4785	0.6123	-80.8028	-60.3643	126.4427	3.1761	-24.6177	-0.3269	1.1633	-4.2219	-0.1627	0.0894	0.6727	0.7345	-0.0057	-0.5892	-1.7671	0.0224	1.2124	9.7004	0.7750	-2.9157989185959137	0	0	8	Upright	Normal
-1.0337	10.1137	1.0337	-70.2611	-75.6190	109.3132	4.9081	-25.1400	-2.2222	-2.0119	0.3907	0.2111	0.1460	0.6609	0.7311	-0.0860	-0.1300	-1.5487	-0.3174	0.9782	9.7230	0.8226	4.216110986139001	0	0	8	Upright	Normal
3.2184	12.0674	0.3825	-67.9551	-70.2982	114.1849	7.1098	-25.3315	-3.5298	2.2315	2.3899	-0.8583	0.1525	0.6430	0.7441	-0.0983	-0.7798	-0.3343	0.5987	0.9869	9.6775	1.2408	2.2762548478049816	0	1	9	PT	Normal
2.2990	12.4504	4.1366	-53.4127	-90.1700	96.1425	8.0744	-24.8070	-4.8871	1.2266	2.7028	4.1539	0.2586	0.6588	0.6819	-0.1847	1.4754	-4.8084	-0.7557	1.0725	9.7477	-0.0174	0.8244484596302559	0	1	9	PT	Normal
3.1029	9.6917	1.3024	-23.1875	-94.7818	91.2274	13.2321	-23.7351	-7.6063	2.5718	-0.0715	2.0539	0.4201	0.6015	0.5774	-0.3582	0.2322	-3.3565	-0.2603	0.5311	9.7633	-0.7515	-3.0602071062034124	0	1	9	PT	Normal
-0.1532	4.6352	1.9154	-11.3328	-94.5798	88.9368	15.3712	-22.5128	-11.5685	-0.1257	-5.1412	2.6832	0.4644	0.5687	0.5246	-0.4309	0.1321	-2.2731	-0.6694	-0.0275	9.7764	-0.7678	-5.24160290993585	0	1	9	Jump	Normal
-2.2212	10.2669	1.4168	-0.4570	-91.3815	84.9956	16.7514	-21.5248	-13.9534	-1.3678	0.5004	1.6532	0.4814	0.5295	0.4740	-0.5131	-1.2485	-0.2896	-0.1975	-0.8534	9.7665	-0.2364	5.581842554661149	0	1	9	Jump	Normal
-0.1915	12.6031	1.5706	-10.6528	-81.6365	88.2521	16.5970	-21.0845	-15.3991	0.3681	2.9133	0.1688	0.4027	0.5161	0.5682	-0.4986	-2.8006	5.1560	0.6537	-0.5596	9.6898	1.4018	2.102488714789965	0	1	9	PT	Normal
1.1881	9.3859	2.0297	-33.0562	-72.2868	100.5636	13.9488	-22.8690	-13.5214	1.0754	-0.0958	-0.4709	0.2881	0.5380	0.7027	-0.3656	-0.2152	-0.0574	1.7110	0.1127	9.4816	2.5006	-3.0259583758432385	0	1	9	PT	Normal
-2.6043	13.9444	4.3281	-13.7220	-90.7341	92.6099	12.7605	-22.9348	-11.9933	-3.0804	4.1502	4.4502	0.4529	0.5488	0.5631	-0.4204	3.0147	-5.9994	0.1514	0.4761	9.7942	-0.1221	5.155013917054795	0	1	9	Jump	Normal
2.7970	5.6701	1.5317	18.7177	-98.9824	95.6153	12.9212	-23.3333	-14.6460	2.3384	-4.0178	2.9818	0.6268	0.4256	0.3918	-0.5220	0.5251	-4.3280	0.5903	0.4586	9.6878	-1.4501	-8.325753735141081	0	1	9	Jump	Normal
2.1069	8.4659	1.4557	23.5362	-90.6876	97.4397	10.6133	-23.4421	-17.8347	0.8839	-1.2635	1.5637	0.6179	0.3517	0.4214	-0.5630	-1.6278	0.2494	0.1141	1.2230	9.7294	-0.1080	2.3394151716522487	0	1	9	PT	Normal
-2.6815	10.1514	1.9537	22.9071	-77.7664	90.6044	10.8752	-22.2438	-20.7557	-3.5913	0.5766	0.0397	0.5461	0.3229	0.4546	-0.6252	-1.7066	0.1908	0.0971	0.9098	9.5749	1.9140	1.8350604345987112	0	2	10	PT	Normal
3.4866	10.5734	0.1526	21.1599	-75.7712	90.7720	11.6843	-19.7610	-23.3664	2.4885	1.0802	-2.0952	0.5315	0.3208	0.4731	-0.6251	0.6167	-1.4891	0.0105	0.9981	9.4932	2.2479	0.4546629340943671	0	2	10	PT	Normal
4.4825	12.4504	4.0217	50.3099	-91.5381	95.7841	9.6007	-21.4170	-22.6165	3.6962	2.6769	4.1899	0.6800	0.2149	0.2642	-0.6493	1.9451	-5.8652	-1.0931	0.7863	9.7736	-0.1682	2.695906686188099	0	2	10	PT	Normal
1.5329	9.5774	1.1486	84.2765	-142.7047	141.5445	5.8512	-21.8363	-23.6032	1.7074	-0.1968	1.9264	0.7340	0.0288	0.0145	-0.6783	0.2396	-0.8052	-0.9216	-0.1745	9.7742	-0.7778	-4.063307518750753	0	2	10	Jump	Normal
-1.8381	6.3213	2.4894	84.1507	116.4431	-119.9469	5.9693	-22.3608	-24.7953	-1.2191	-3.4556	2.9344	0.7229	-0.0102	-0.0534	-0.6888	0.3067	-1.0395	-0.2920	-0.6191	9.7769	-0.4450	-2.728991032634129	0	2	10	PT	Normal
-3.2938	6.7427	-0.8051	82.2173	126.8788	-135.6885	7.2000	-22.6305	-23.8386	-1.7542	-2.9096	-0.0088	0.7350	0.0182	-0.0902	-0.6718	0.2098	1.0984	-0.5061	-1.5396	9.6522	-0.7962	0.509192584291049	0	2	10	PT	Normal
0.6518	8.3516	0.1526	82.0423	-70.3594	65.5585	9.3403	-21.1766	-23.9929	1.5015	-1.4075	-0.3035	0.6864	0.0750	0.0159	-0.7232	-1.7832	-0.9756	1.3279	-0.8496	9.7591	0.4561	0.831114043062839	0	2	10	PT	Normal
0.2682	10.1131	0.8811	63.5939	-66.4592	66.8807	10.5897	-17.3166	-26.8017	0.5719	0.4673	-0.8607	0.6245	0.1458	0.1508	-0.7524	1.1313	1.9208	0.5663	-0.3038	9.6458	1.7418	1.7765668130634502	0	2	10	PT	Normal
-4.2515	16.0896	1.6849	66.2553	-74.5978	71.2887	11.8820	-17.9558	-25.6850	-3.4765	6.3701	0.6363	0.6490	0.1591	0.1191	-0.7344	0.3803	-1.2611	-0.5054	-0.7750	9.7196	1.0487	6.571952644987059	0	2	10	Jump	Normal
1.8393	8.1217	1.6849	72.7355	-64.8108	66.1181	9.4439	-19.0919	-26.1383	1.7876	-1.6062	0.4464	0.6550	0.0886	0.1045	-0.7431	0.0788	-1.6563	0.7708	0.0518	9.7279	1.2386	-8.230792643523342	0	3	11	Run	Normal
-0.2292	6.9342	-0.1921	63.4514	-63.6717	69.1538	8.6945	-18.9403	-27.5636	-0.7376	-2.6643	-2.1359	0.6225	0.1159	0.1817	-0.7524	-0.7904	1.1261	0.3053	0.5083	9.5985	1.9438	-1.5554668911409522	0	3	11	Walk	Normal
-0.1143	8.9262	0.1143	66.0733	-63.6725	67.7809	9.3396	-18.5163	-28.1152	-0.4709	-0.7139	-1.6493	0.6311	0.1088	0.1584	-0.7515	0.7658	-0.8893	-0.1953	0.3566	9.6401	1.7636	1.9870177531556106	0	3	11	Walk	Normal
0.9960	7.7381	1.0726	69.3608	-69.4076	73.7340	8.9928	-18.9604	-27.5770	0.4688	-1.9785	-0.1431	0.6551	0.0939	0.1464	-0.7352	0.4580	-0.9106	0.0061	0.5272	9.7166	1.2157	-1.052342511357172	0	3	11	Walk	Normal
-0.4974	12.4888	2.6043	73.8483	-68.4505	70.4581	8.2143	-18.3863	-28.8569	-0.7069	2.7358	1.6023	0.6651	0.0808	0.1053	-0.7348	0.7680	-0.4707	-0.5415	0.2095	9.7529	1.0020	4.891820995611979	0	3	11	Run	Normal
3.1801	15.7066	0.5357	80.0361	-62.1115	62.7059	8.1210	-19.3519	-28.3884	3.1400	5.9322	-0.2578	0.6760	0.0508	0.0581	-0.7329	-1.0228	-0.1756	-0.0365	0.0401	9.7743	0.7935	3.2671120632227666	0	3	11	Walk	Normal
-0.5740	5.8233	-0.2687	68.9161	-59.1142	62.6450	8.4680	-18.1039	-29.0828	-0.8787	-3.8098	-2.0794	0.6319	0.0916	0.1344	-0.7578	-0.8395	2.2031	0.2457	0.3047	9.6331	1.8106	-10.17656693064579	0	3	11	Run	Normal
-0.7661	5.3630	0.6512	66.4763	-59.7276	61.8197	10.6488	-17.4386	-29.5563	-0.7620	-4.2430	-1.3217	0.6218	0.1131	0.1384	-0.7625	0.4068	-0.4760	0.0914	-0.0042	9.6060	1.9730	-0.40124690641337857	0	3	11	Walk	Normal
1.4174	7.0868	0.8045	67.3244	-71.6566	74.5127	10.0459	-18.3699	-29.2391	1.1586	-2.6438	-0.3852	0.6526	0.1157	0.1503	-0.7335	0.5326	0.0097	0.1607	0.2587	9.7306	1.1896	1.8153532418899312	0	3	11	Walk	Normal
-1.2258	16.5870	2.4134	66.9406	-78.2201	79.9560	10.2084	-18.8034	-28.7022	-1.3653	6.8129	1.6293	0.6660	0.1283	0.1493	-0.7195	0.4516	0.6990	-0.3080	0.1395	9.7742	0.7841	9.534623585220773	0	3	11	Run	Normal
-1.5706	14.9398	1.1109	67.1513	-65.4066	67.4009	10.0029	-19.1964	-29.0520	-1.6161	5.2623	-0.4738	0.6369	0.1163	0.1404	-0.7491	-0.9077	0.7011	0.5910	0.0455	9.6775	1.5847	-1.7432660349297233	0	4	12	Walk	Normal
1.5712	5.5935	-0.0006	62.7894	-63.2621	70.1471	9.9118	-18.3353	-30.6834	0.8549	-3.9766	-2.0180	0.6202	0.1115	0.1940	-0.7518	-0.3687	-0.2853	0.2278	0.7163	9.5701	2.0174	-9.253166946171586	0	4	12	Run	Normal
-0.7278	8.0062	0.8428	65.2997	-63.5536	68.6726	9.9730	-18.2436	-31.2327	-1.2306	-1.6159	-0.9821	0.6288	0.1074	0.1691	-0.7513	0.2503	-0.6528	-0.1610	0.5028	9.6221	1.8248	2.2732852141225734	0	4	12	Walk	Normal
-0.3448	7.6614	0.8428	70.7967	-62.6094	66.8884	9.2006	-18.3958	-31.0989	-0.8455	-2.0192	-0.6410	0.6464	0.0806	0.1327	-0.7470	0.0958	-0.6209	-0.0097	0.5007	9.6807	1.4838	-0.36794374840442146	0	4	12	Upright	Normal
-0.1526	9.9988	2.4894	72.9448	-62.0145	65.1003	7.6055	-19.1612	-31.8784	-0.4969	0.2916	1.1399	0.6524	0.0750	0.1127	-0.7457	0.5283	-1.0033	-0.2739	0.3443	9.7071	1.3494	2.5898386023445124	0	0	12	Upright	Normal
0.8428	19.2302	3.5243	85.5493	-58.7169	60.3329	6.0417	-20.5596	-30.9410	0.5797	9.4351	3.1292	0.6926	0.0137	0.0336	-0.7204	0.2662	-0.7349	0.1320	0.2631	9.7951	0.3950	9.2634738371193	0	0	12	Upright	Normal
0.8434	6.1298	0.8805	80.4866	-48.3131	51.8250	4.0985	-21.5618	-30.6324	0.3132	-3.6030	-0.1971	0.6667	0.0234	0.0665	-0.7420	-0.9119	1.2220	0.1831	0.5302	9.7327	1.0775	-13.318753870625525	0	0	12	Upright	Normal
-0.3059	6.7427	1.1486	76.1902	-45.7620	49.2517	5.9772	-19.8868	-31.7556	-0.7530	-2.9167	-0.4839	0.6442	0.0413	0.0840	-0.7590	-0.4123	0.2697	-0.2388	0.4471	9.6594	1.6325	0.5967839072228225	0	0	12	Upright	Normal
1.4946	12.6420	2.1063	82.7327	-22.9370	24.6402	5.3461	-19.8658	-32.4414	1.2335	2.9057	0.9643	0.6646	0.0076	0.0286	-0.7466	0.6870	-1.2185	-0.1522	0.2611	9.7363	1.1420	6.056451817786499	0	0	12	Upright	Normal
0.8817	8.6580	1.0720	79.4994	-42.9381	46.6552	3.9657	-21.2206	-32.1100	0.3334	-1.0454	-0.2360	0.6579	0.0227	0.0684	-0.7497	-0.4762	1.6503	0.5072	0.5483	9.7034	1.3080	-4.134565519457549	0	0	12	Upright	Normal
1.5323	12.6797	0.8811	72.3033	-49.0381	55.4967	6.6113	-19.6428	-32.4326	0.6800	3.1077	-1.0731	0.6310	0.0467	0.1254	-0.7641	-0.4262	0.3570	0.1364	0.8523	9.5720	1.9541	4.033753012056744	0	1	13	Jump	Normal
-0.6506	7.7387	1.7998	73.6402	-49.8886	56.3474	6.8181	-18.8063	-33.1632	-1.5408	-1.8639	0.0205	0.6384	0.0410	0.1199	-0.7592	0.4655	-0.2331	0.1034	0.8902	9.6025	1.7793	-4.830479511688445	0	1	13	Jump	Normal
2.6821	11.2246	1.7232	78.3816	-59.7322	66.0091	5.1831	-20.7322	-32.0297	1.7024	1.5179	0.7280	0.6698	0.0252	0.1022	-0.7350	0.4069	-0.3535	0.0619	0.9797	9.7067	0.9952	3.696707783376157	0	1	13	Jump	Normal
0.7667	9.3859	0.8422	76.3092	-60.1316	67.4587	4.8464	-21.2507	-31.5998	-0.3557	-0.2875	-0.3135	0.6634	0.0307	0.1205	-0.7378	-0.3122	0.7799	0.1909	1.1224	9.6733	1.1557	-2.2137885295900546	0	1	13	PT	Normal
1.5323	10.0365	0.6129	71.7763	-59.2245	67.0537	5.7087	-20.0318	-31.4318	0.4281	0.4194	-0.9559	0.6460	0.0522	0.1475	-0.7471	-0.2142	0.0619	-0.0595	1.1042	9.6171	1.5688	0.7165322906550191	0	1	13	PT	Normal
0.9583	9.6923	1.1103	73.3491	-65.2553	72.2824	6.6374	-19.9647	-32.1081	-0.0775	0.0118	-0.0657	0.6613	0.0526	0.1383	-0.7354	0.3845	-0.2267	-0.1202	1.0358	9.6805	1.1760	-0.36863770960584574	0	1	13	Upright	Normal
1.3030	9.8456	1.1103	73.8534	-65.7449	72.5938	6.8532	-20.7371	-31.3553	0.2852	0.1565	-0.0097	0.6635	0.0510	0.1346	-0.7341	-0.1449	0.1312	-0.0041	1.0178	9.6890	1.1200	0.1906770706829395	0	1	13	Upright	Normal
0.9966	9.9605	0.9571	72.9861	-62.7987	69.6264	6.6863	-20.7899	-31.3032	0.0147	0.2918	-0.3543	0.6559	0.0541	0.1373	-0.7403	-0.1098	0.0289	-0.0669	0.9819	9.6687	1.3114	0.06256561084856394	0	1	13	Upright	Normal
0.9583	9.7306	1.2252	73.7117	-64.3131	70.6817	6.6622	-20.2589	-31.7412	0.0316	0.0410	0.0332	0.6606	0.0537	0.1314	-0.7372	0.1459	-0.0787	-0.0496	0.9267	9.6896	1.1920	-0.2017461344342184	0	1	13	Upright	Normal
1.0732	9.8456	1.1103	73.5638	-64.5545	70.8013	6.4757	-21.0002	-31.6637	0.1688	0.1538	-0.0816	0.6604	0.0554	0.1316	-0.7372	-0.0852	0.1024	-0.0145	0.9044	9.6917	1.1919	0.11182228493865232	0	1	13	Upright	Normal
0.9966	9.7306	0.9188	73.4672	-64.3023	70.4728	7.2872	-20.3072	-32.0131	0.1082	0.0397	-0.2910	0.6597	0.0562	0.1315	-0.7378	0.0170	-0.0574	-0.0347	0.8884	9.6910	1.2098	-0.14139990765651334	1	1	14	Upright	Normal
0.9200	9.8072	1.1869	73.8474	-64.8584	70.9790	7.2718	-20.1377	-31.9593	0.0298	0.1101	0.0281	0.6618	0.0547	0.1294	-0.7364	0.0032	-0.0020	0.0186	0.8902	9.6971	1.1588	0.09694708586223477	1	1	14	Upright	Normal
0.9960	9.8067	1.0343	73.5745	-64.5493	70.8910	7.0804	-20.5217	-32.0276	0.0753	0.1164	-0.1573	0.6605	0.0548	0.1322	-0.7371	-0.0469	0.0811	0.0313	0.9207	9.6902	1.1916	-0.010243628573739727	1	1	14	Upright	Normal
0.9960	9.7683	1.0343	73.5536	-64.8525	71.2223	7.2366	-20.3294	-31.7273	0.0694	0.0772	-0.1453	0.6609	0.0549	0.1327	-0.7366	0.0341	-0.0094	-0.0078	0.9266	9.6911	1.1796	-0.03799301097420482	1	1	14	Upright	Normal
0.9960	9.8450	1.2258	73.6168	-64.7957	71.1982	7.2115	-20.2934	-32.1839	0.0628	0.1541	0.0483	0.6611	0.0543	0.1325	-0.7365	-0.0170	-0.0201	-0.0036	0.9331	9.6908	1.1775	0.09761831975384538	1	1	14	Upright	Normal
0.9960	9.6534	1.0726	73.7482	-64.5643	70.9865	7.0229	-20.2231	-31.4460	0.0582	-0.0368	-0.1061	0.6611	0.0533	0.1317	-0.7367	-0.0074	-0.0574	-0.0078	0.9378	9.6902	1.1787	-0.2071488344233714	1	1	14	Upright	Normal
0.9200	9.7306	1.1103	73.8792	-64.1935	70.6730	7.1924	-20.3190	-31.3749	-0.0283	0.0422	-0.0747	0.6610	0.0520	0.1311	-0.7370	-0.0224	-0.0222	0.0092	0.9483	9.6884	1.1850	0.07311628579317109	1	1	14	Upright	Normal
0.9583	9.7306	1.2252	74.0199	-64.0727	70.5962	6.5642	-20.7152	-32.2856	0.0004	0.0426	0.0450	0.6612	0.0508	0.1305	-0.7370	0.0139	-0.0435	-0.0004	0.9578	9.6880	1.1802	0.01728140527992572	1	1	14	Upright	Normal
1.1115	9.8456	1.2635	74.1436	-63.8269	70.3499	7.0472	-19.9385	-31.7657	0.1525	0.1579	0.0817	0.6612	0.0500	0.1297	-0.7372	-0.0150	0.0097	0.0118	0.9590	9.6877	1.1818	0.134240482472487	1	1	14	Upright	Normal
0.9966	9.7689	1.1103	74.1506	-63.8972	70.4349	6.7251	-20.4835	-32.2415	0.0346	0.0811	-0.0678	0.6614	0.0499	0.1298	-0.7370	0.0202	0.0044	0.0022	0.9620	9.6878	1.1781	-0.10620354863818449	1	1	14	Upright	Normal
0.9194	9.7300	1.1875	74.1642	-63.8837	70.4332	6.8679	-20.7041	-32.3702	-0.0449	0.0423	0.0099	0.6614	0.0497	0.1298	-0.7370	-0.0224	0.0364	0.0150	0.9643	9.6877	1.1776	-0.03695568712438124	2	1	15	Upright	Normal
1.1498	9.8072	1.1486	74.0996	-63.8763	70.4769	6.6506	-19.9600	-32.0280	0.1782	0.1209	-0.0341	0.6612	0.0498	0.1305	-0.7371	0.0117	-0.0329	-0.0063	0.9716	9.6863	1.1827	0.09573143613459045	2	1	15	Upright	Normal
1.1492	9.8450	1.2641	74.0462	-63.5592	70.2851	6.7478	-20.2574	-32.2579	0.1591	0.1627	0.0640	0.6606	0.0492	0.1313	-0.7375	-0.0299	0.0268	0.0128	0.9902	9.6823	1.2001	0.05117811144413409	2	1	15	Upright	Normal
1.0343	9.8067	1.1492	74.0654	-63.3603	70.0933	6.1141	-20.5302	-32.3703	0.0434	0.1252	-0.0576	0.6604	0.0489	0.1311	-0.7378	0.0064	0.0012	-0.0069	0.9909	9.6814	1.2068	-0.06429945621444233	2	1	15	Upright	Normal
0.9960	9.7300	1.1875	74.0676	-63.3198	70.0700	7.1849	-19.9688	-31.8451	0.0024	0.0491	-0.0211	0.6603	0.0488	0.1312	-0.7378	0.0128	-0.0094	-0.0101	0.9936	9.6810	1.2086	-0.07516159369223807	2	1	15	Upright	Normal
0.9583	9.7306	1.1869	74.0673	-63.3403	70.0891	6.6686	-20.2424	-32.2637	-0.0353	0.0495	-0.0206	0.6603	0.0488	0.1312	-0.7378	-0.0096	-0.0009	-0.0080	0.9936	9.6811	1.2076	-0.003218409484306406	2	1	15	Upright	Normal
0.9583	9.8072	1.1869	73.9702	-63.2770	69.9746	6.5877	-20.4898	-32.0360	-0.0242	0.1263	-0.0307	0.6599	0.0496	0.1314	-0.7381	0.0021	0.0236	-0.0016	0.9825	9.6810	1.2176	0.07568286519493483	2	1	15	Upright	Normal
0.9960	9.7683	1.2641	74.1007	-63.5086	70.1647	6.7371	-20.4364	-32.8802	0.0168	0.0847	0.0661	0.6607	0.0492	0.1305	-0.7376	0.0064	0.0119	0.0027	0.9792	9.6836	1.1980	-0.025149926270096046	2	1	15	Upright	Normal
0.9966	9.7689	1.1486	74.0560	-63.2190	69.8742	7.1407	-19.6683	-31.8830	0.0198	0.0869	-0.0649	0.6601	0.0493	0.1306	-0.7381	-0.0149	0.0034	-0.0114	0.9768	9.6820	1.2136	-0.013430935067981764	2	1	15	Upright	Normal
0.9966	9.8072	1.3402	74.1614	-63.1944	69.8193	7.1303	-20.0086	-31.9486	0.0229	0.1240	0.1333	0.6604	0.0489	0.1298	-0.7380	0.0138	-0.0169	0.0025	0.9737	9.6832	1.2068	0.061841800490615384	3	1	16	Upright	Normal
0.9966	9.8456	1.2252	74.1586	-63.1770	69.8012	7.2080	-20.1967	-32.7775	0.0230	0.1625	0.0175	0.6603	0.0489	0.1298	-0.7381	-0.0085	0.0012	0.0035	0.9735	9.6830	1.2077	0.02307450117322496	3	1	16	Upright	Normal
0.9583	9.7306	1.1869	74.2463	-63.3642	69.9984	6.7664	-20.1744	-32.6584	-0.0195	0.0462	-0.0064	0.6609	0.0484	0.1295	-0.7376	0.0341	-0.0318	0.0025	0.9777	9.6844	1.1934	-0.12201830552069737	3	1	16	Upright	Normal
0.9583	9.6923	1.2252	74.2410	-63.6009	70.2512	6.7805	-20.2725	-32.3550	-0.0232	0.0070	0.0413	0.6613	0.0485	0.1298	-0.7372	-0.0000	0.0257	0.0195	0.9815	9.6853	1.1839	-0.03312982787090846	3	1	16	Upright	Normal
1.0343	9.6151	1.1875	74.1497	-63.9605	70.6247	7.3143	-20.2285	-31.9176	0.0506	-0.0709	0.0121	0.6615	0.0492	0.1306	-0.7368	0.0192	-0.0116	-0.0060	0.9837	9.6860	1.1754	-0.0731127827993614	3	1	16	Upright	Normal
0.9583	9.8072	1.1869	74.0782	-64.1296	70.8688	6.7347	-20.1040	-32.1662	-0.0374	0.1223	0.0132	0.6616	0.0493	0.1316	-0.7366	-0.0053	0.0545	0.0366	0.9957	9.6850	1.1738	0.1819254758652047	3	1	16	Upright	Normal
1.1498	9.8072	1.2635	74.1758	-64.4334	71.1566	5.9777	-20.1156	-31.7063	0.1535	0.1199	0.1097	0.6624	0.0490	0.1312	-0.7359	0.0490	-0.0531	-0.0199	0.9963	9.6874	1.1539	0.02974854979646757	3	1	16	Upright	Normal
1.0343	9.8067	1.1875	74.3607	-64.2417	70.9521	6.7413	-20.0733	-31.4690	0.0376	0.1188	0.0388	0.6627	0.0479	0.1299	-0.7360	-0.0128	-0.0137	-0.0007	0.9967	9.6878	1.1488	-0.022545120184528145	3	1	16	Upright	Normal
0.8428	9.9599	1.2641	75.0443	-64.2447	70.9430	6.1041	-20.2160	-31.6053	-0.1646	0.2674	0.1648	0.6648	0.0441	0.1260	-0.7350	0.1150	-0.1650	0.0355	1.0074	9.6925	1.0994	0.14277553376760999	3	1	16	Upright	Normal
1.1115	9.6157	1.1486	75.8675	-66.7640	73.4766	6.6468	-20.8729	-32.0072	0.0775	-0.0904	0.2041	0.6710	0.0407	0.1229	-0.7301	0.1001	-0.0339	0.0181	1.0340	9.7061	0.9445	-0.3274758283301207	3	1	16	Upright	Normal
0.9966	9.6923	0.9188	75.5093	-65.6520	72.3187	6.4471	-21.1438	-31.9892	-0.0193	-0.0088	-0.0928	0.6683	0.0425	0.1240	-0.7323	-0.0991	0.0843	-0.0181	1.0159	9.7012	1.0116	0.03899225294322051	4	1	17	Upright	Normal
0.9583	9.6540	0.8805	75.2850	-64.9566	71.3658	6.2609	-20.6699	-30.8759	-0.0073	-0.0477	-0.1739	0.6665	0.0448	0.1233	-0.7339	-0.0001	-0.0105	-0.0458	0.9656	9.7018	1.0543	-0.04530637448411312	4	1	17	Upright	Normal
0.9577	9.6534	1.0726	75.2559	-64.4581	70.6796	5.9517	-20.7814	-31.2784	0.0263	-0.0494	-0.0034	0.6656	0.0458	0.1219	-0.7348	-0.0757	0.0332	-0.0383	0.9313	9.7028	1.0760	0.01858647827721427	4	1	17	Upright	Normal
0.9577	9.8067	1.1109	74.6863	-62.4659	68.5935	6.8170	-19.7024	-32.1369	0.0608	0.1148	-0.0862	0.6608	0.0483	0.1232	-0.7388	-0.1300	0.0055	-0.0575	0.8969	9.6919	1.1971	0.15586996861658342	4	1	17	Upright	Normal
0.8428	9.8067	1.2258	74.5954	-61.3437	67.1829	6.7325	-20.6421	-32.0021	0.0007	0.1164	-0.0230	0.6587	0.0497	0.1210	-0.7410	-0.0342	-0.0222	-0.0545	0.8420	9.6902	1.2489	0.0031061473442939302	4	1	17	Upright	Normal
0.8811	9.8450	1.3791	74.4080	-60.5671	66.1453	7.1201	-20.1319	-32.2855	0.0899	0.1565	0.0841	0.6567	0.0516	0.1198	-0.7427	-0.0597	0.0140	-0.0481	0.7911	9.6884	1.2950	0.061210506034703016	4	1	17	Upright	Normal
0.8051	9.8072	1.3018	74.2910	-59.7703	65.2286	6.7300	-19.3718	-32.1528	0.0397	0.1224	-0.0347	0.6551	0.0524	0.1191	-0.7443	-0.0320	-0.0190	-0.0225	0.7654	9.6848	1.3366	-0.0541662477352034	4	1	17	Upright	Normal
0.7278	9.8450	1.3408	74.5258	-60.1177	65.5044	7.2253	-19.4794	-32.2276	-0.0316	0.1552	0.0373	0.6564	0.0518	0.1176	-0.7434	0.0479	-0.0180	-0.0076	0.7594	9.6898	1.3035	0.03657494352885493	4	1	17	Upright	Normal
0.8434	9.8072	1.3785	74.6889	-60.0959	65.4740	6.9676	-19.5648	-32.1660	0.0822	0.1158	0.0877	0.6570	0.0509	0.1166	-0.7431	0.0170	0.0012	-0.0001	0.7612	9.6914	1.2908	-0.023048073837550476	4	1	17	Upright	Normal
0.7667	9.8072	1.2635	74.6103	-60.3181	65.7118	6.7771	-20.0203	-33.3883	0.0036	0.1157	-0.0248	0.6570	0.0514	0.1173	-0.7429	0.0255	0.0311	0.0205	0.7632	9.6916	1.2884	-0.021519678082825067	4	1	17	Upright	Normal
0.7667	9.7689	1.3402	74.8123	-61.5226	66.9738	6.6075	-19.9631	-32.1747	-0.0145	0.0706	0.1152	0.6595	0.0508	0.1175	-0.7407	0.0607	-0.0435	-0.0030	0.7813	9.6983	1.2249	-0.027770002139680727	5	1	18	Upright	Normal
0.8051	9.7306	1.2635	74.6661	-61.6440	67.1638	7.0460	-20.4584	-32.2104	0.0145	0.0338	0.0322	0.6592	0.0513	0.1188	-0.7407	-0.0064	0.0534	0.0322	0.7905	9.6968	1.2314	-0.04490244037707036	5	1	18	Upright	Normal
0.7667	9.8456	1.2635	74.6525	-62.4672	68.0396	6.5424	-19.8304	-31.6206	-0.0355	0.1457	0.0637	0.6604	0.0517	0.1198	-0.7395	0.0426	0.0002	0.0056	0.8022	9.6998	1.1998	0.11064504615816695	5	1	18	Upright	Normal
0.8045	9.8067	1.1875	74.4612	-63.2178	68.8212	6.8536	-20.2698	-32.2865	-0.0024	0.1053	0.0040	0.6609	0.0531	0.1216	-0.7386	0.0064	0.0470	0.0098	0.8068	9.7013	1.1835	-0.04486680298809986	5	1	18	Upright	Normal
1.0343	9.7683	1.2258	74.2897	-63.3252	68.9357	7.0031	-19.6208	-31.9770	0.2291	0.0678	0.0341	0.6605	0.0541	0.1226	-0.7387	-0.0214	0.0321	0.0097	0.8052	9.7006	1.1917	-0.011947842374688378	5	1	18	Upright	Normal
0.8817	9.8072	1.1103	74.0149	-63.8178	69.4921	7.3649	-20.0936	-32.0887	0.0688	0.1073	-0.0810	0.6604	0.0556	0.1249	-0.7383	0.0053	0.0364	-0.0042	0.8128	9.7000	1.1913	0.010061111011891555	5	1	18	Upright	Normal
0.7667	9.7306	1.1869	73.9767	-64.4676	70.1311	6.6380	-20.0097	-32.0113	-0.0465	0.0277	0.0204	0.6613	0.0563	0.1255	-0.7374	0.0298	0.0279	0.0044	0.8133	9.7030	1.1666	-0.07649739927089172	5	1	18	Upright	Normal
0.9200	9.8072	1.1869	73.7698	-64.2084	69.7515	7.0950	-20.1160	-31.7504	0.1323	0.1053	-0.0055	0.6602	0.0580	0.1257	-0.7382	-0.0576	0.0183	-0.0244	0.7877	9.7019	1.1925	0.08885053537754573	5	1	18	Upright	Normal
0.9966	9.8072	1.1486	73.4608	-63.5431	69.0311	7.1798	-20.3232	-31.6327	0.2276	0.1103	-0.0950	0.6581	0.0596	0.1266	-0.7399	-0.0480	0.0108	-0.0212	0.7690	9.6970	1.2436	0.0028903562369180236	5	1	18	Upright	Normal
0.7667	9.8456	1.3018	73.6132	-63.9552	69.3115	7.0119	-20.1168	-32.4165	0.0150	0.1437	0.0872	0.6592	0.0598	0.1252	-0.7391	0.0073	-0.0275	-0.0302	0.7518	9.7019	1.2146	0.03644313051194281	5	1	18	Upright	Normal
0.7284	9.8456	1.2252	73.4566	-63.9868	69.3111	6.9606	-19.7516	-32.0382	-0.0150	0.1441	0.0009	0.6587	0.0609	0.1259	-0.7393	-0.0012	0.0076	-0.0153	0.7434	9.7015	1.2243	-0.012598796053588046	6	1	19	Upright	Normal
0.8051	9.8072	1.2252	73.5147	-64.4139	69.6502	7.5399	-19.3038	-32.1364	0.0733	0.1021	0.0236	0.6595	0.0614	0.1253	-0.7386	0.0212	-0.0084	-0.0121	0.7317	9.7052	1.2016	-0.03206951099205568	6	1	19	Upright	Normal
0.7284	9.8456	1.1869	73.5446	-64.4816	69.6931	7.6185	-19.7017	-31.8926	0.0000	0.1396	-0.0096	0.6597	0.0614	0.1250	-0.7385	0.0159	-0.0180	-0.0121	0.7284	9.7059	1.1965	0.02742521854526636	6	1	19	Upright	Normal
0.6901	9.8072	1.1869	73.5344	-65.3184	70.3958	7.8146	-20.3985	-31.5153	-0.0196	0.0955	0.0265	0.6610	0.0628	0.1248	-0.7373	0.0340	0.0225	-0.0153	0.7097	9.7118	1.1604	-0.04076249250732822	6	1	19	Upright	Normal
0.6135	9.8456	1.1869	73.3720	-65.7263	70.5822	7.5918	-20.0068	-32.1702	-0.0576	0.1302	0.0334	0.6610	0.0653	0.1245	-0.7371	-0.0310	0.0502	-0.0192	0.6711	9.7154	1.1536	0.03300652452699104	6	1	19	Upright	Normal
0.6901	9.8456	1.1103	73.3169	-65.6164	70.4635	7.9876	-20.1274	-32.3897	0.0221	0.1311	-0.0518	0.6606	0.0655	0.1247	-0.7374	0.0319	-0.0467	-0.0064	0.6680	9.7145	1.1621	-0.003830806866478298	6	1	19	Upright	Normal
0.5746	9.8833	1.0726	73.7467	-66.1308	70.8449	7.7875	-20.7129	-31.7702	-0.0816	0.1619	-0.0377	0.6628	0.0642	0.1218	-0.7361	0.0298	-0.0243	-0.0022	0.6562	9.7214	1.1103	0.025912880489450174	6	1	19	Upright	Normal
0.6135	9.8072	1.1869	73.9634	-65.8888	70.5411	7.6532	-20.2337	-32.2723	-0.0349	0.0848	0.0805	0.6630	0.0632	0.1200	-0.7362	-0.0086	-0.0180	-0.0011	0.6484	9.7224	1.1064	-0.060131659489858436	6	1	19	Upright	Normal
0.6135	9.8839	1.1486	73.9016	-65.5935	70.2676	7.1210	-20.1683	-31.7508	-0.0361	0.1636	0.0251	0.6624	0.0632	0.1203	-0.7368	-0.0128	0.0140	0.0053	0.6496	9.7203	1.1235	0.07151737571319217	6	1	19	Upright	Normal
0.6895	9.7683	1.0726	73.8838	-65.8632	70.5437	7.6988	-20.4377	-31.5502	0.0380	0.0470	-0.0404	0.6627	0.0634	0.1206	-0.7363	0.0212	0.0193	0.0063	0.6515	9.7214	1.1130	-0.11813892348199317	7	1	20	Upright	Normal
0.6895	9.8067	1.1875	73.8956	-65.7712	70.4436	8.1633	-20.5437	-30.8674	0.0395	0.0854	0.0715	0.6626	0.0633	0.1204	-0.7365	-0.0086	-0.0190	-0.0226	0.6500	9.7212	1.1160	0.05119889871026828	7	1	20	Upright	Normal
0.6901	9.8456	1.1486	73.8019	-65.3475	69.9984	7.0036	-19.8315	-31.9555	0.0476	0.1267	0.0078	0.6616	0.0637	0.1205	-0.7373	-0.0203	0.0119	0.0008	0.6425	9.7188	1.1408	0.03399588300757905	7	1	20	Upright	Normal
0.7278	9.8067	1.1875	73.8045	-65.3479	70.0041	7.4006	-20.0167	-31.8949	0.0844	0.0880	0.0468	0.6616	0.0637	0.1206	-0.7373	-0.0107	-0.0126	-0.0109	0.6434	9.7187	1.1407	-0.03125537071352369	7	1	20	Upright	Normal
0.6135	9.8456	1.1869	73.7583	-64.4517	69.1074	7.7556	-20.1019	-31.5413	-0.0247	0.1315	0.0042	0.6601	0.0634	0.1202	-0.7388	-0.0438	-0.0094	-0.0226	0.6382	9.7140	1.1827	0.030731722631363922	7	1	20	Upright	Normal
0.6895	9.8833	1.1492	73.8633	-63.9458	68.5760	8.0326	-20.1753	-31.6943	0.0560	0.1707	-0.0477	0.6596	0.0626	0.1191	-0.7395	-0.0065	-0.0382	-0.0162	0.6336	9.7125	1.1970	0.03790788214974938	7	1	20	Upright	Normal
0.5363	9.8833	1.3024	73.9405	-63.4188	68.0273	7.9457	-20.2567	-31.8986	-0.0928	0.1724	0.0887	0.6590	0.0619	0.1182	-0.7402	-0.0192	-0.0020	-0.0011	0.6291	9.7109	1.2137	0.009409907163012932	7	1	20	Upright	Normal
0.7284	9.8456	1.1869	73.9237	-63.3140	67.9198	7.5689	-19.8663	-31.8522	0.1006	0.1354	-0.0325	0.6588	0.0619	0.1182	-0.7404	-0.0171	0.0129	-0.0075	0.6279	9.7101	1.2194	-0.03956182133242514	7	1	20	Upright	Normal
0.6129	9.8067	1.2641	74.0054	-62.4535	67.0163	7.4942	-19.4966	-31.8875	-0.0055	0.0997	0.0147	0.6577	0.0611	0.1168	-0.7417	-0.0427	0.0076	0.0042	0.6185	9.7070	1.2495	-0.03678437174601079	7	1	20	Upright	Normal
0.6512	9.8833	1.1875	73.9824	-62.3408	66.9298	7.5155	-19.5982	-32.7824	0.0292	0.1773	-0.0684	0.6575	0.0610	0.1170	-0.7418	0.0074	-0.0094	0.0010	0.6220	9.7059	1.2559	0.06884846844120851	7	1	20	Upright	Normal
0.6901	9.8072	1.2635	74.0145	-62.1074	66.7243	8.0165	-19.6150	-32.5854	0.0637	0.1027	0.0001	0.6572	0.0605	0.1169	-0.7421	-0.0278	0.0151	0.0095	0.6264	9.7046	1.2634	-0.0633540092612126	8	1	21	Upright	Normal
Total time: 16 seconds.
