9.3853	-0.1149	-0.1149	0.0931	-90.0388	-62.2606	-18.0275	17.7546	-28.1520	-0.4212	-0.0991	-0.1082	0.3652	-0.6058	0.3659	0.6048	0.0706	0.0849	0.0183	9.8065	-0.0159	-0.0067	-0.06092142003603307	6	0	1	Upright	Normal
9.4236	-0.1149	-0.0766	0.2255	-89.7732	-62.4870	-17.4516	16.7398	-28.6918	-0.3828	-0.0763	-0.1154	0.3648	-0.6041	0.3687	0.6050	0.0269	0.0401	0.0257	9.8064	-0.0386	0.0388	0.037905694867751194	6	0	1	Upright	Normal
9.3087	0.0000	-0.0383	0.3991	-89.6009	-62.7345	-17.6800	17.4861	-29.1024	-0.4974	0.0682	-0.1065	0.3647	-0.6029	0.3714	0.6046	0.0834	0.0092	0.0321	9.8061	-0.0682	0.0682	0.037905694867751194	6	0	1	Upright	Normal
9.5774	-0.3442	-0.1538	0.6867	-90.0171	-63.3635	-17.3318	16.7411	-29.0267	-0.2285	-0.2267	-0.1508	0.3678	-0.6040	0.3749	0.5994	0.1686	-0.1442	0.0843	9.8059	-0.1175	-0.0030	0.16020536565664223	6	0	1	Upright	Normal
9.1171	0.0000	-0.5363	1.8280	-93.9839	-65.3452	-18.2435	16.4128	-28.4909	-0.6608	0.3129	0.1447	0.3856	-0.6213	0.3780	0.5678	0.5915	-1.1178	0.2079	9.7779	-0.3129	-0.6810	0.16020536565664223	6	0	1	Upright	Normal
9.5008	-1.3785	-3.5249	4.2579	-101.1869	-69.6628	-21.4200	15.1298	-27.2169	-0.0929	-0.6503	-1.6275	0.4217	-0.6473	0.3859	0.5043	0.7822	-0.7887	0.3709	9.5937	-0.7281	-1.8974	0.6421267673902609	6	0	1	Upright	Normal
9.0794	-0.4974	-3.0269	7.1700	-103.5917	-73.3187	-23.1429	12.9294	-26.1700	-0.3780	0.7266	-0.7403	0.4372	-0.6522	0.4080	0.4658	0.9026	-0.4137	0.4732	9.4574	-1.2240	-2.2866	-0.6433624799179736	6	0	1	Upright	Normal
7.0491	-2.0297	-3.3333	10.1243	-105.8003	-77.0056	-24.2613	11.5338	-25.8781	-2.2399	-0.3057	-0.7046	0.4530	-0.6549	0.4291	0.4264	0.6906	-0.3711	0.0364	9.2891	-1.7240	-2.6287	-1.5262630814287803	6	0	1	Upright	Normal
8.7346	-1.5317	-4.1761	10.5378	-106.7158	-80.1293	-24.3012	10.1999	-25.5277	-0.4992	0.2619	-1.4030	0.4723	-0.6468	0.4389	0.4074	0.6331	-0.0121	-0.2011	9.2338	-1.7936	-2.7731	1.7446788662387185	6	0	1	Upright	Normal
9.4625	-3.0257	-5.6318	11.7889	-107.7943	-83.8435	-25.7694	6.9237	-24.5750	0.3220	-1.0220	-2.6980	0.4919	-0.6384	0.4533	0.3807	0.5851	-0.0526	-0.0274	9.1405	-2.0036	-2.9338	1.6177632702758853	6	0	1	Upright	Normal
9.1171	-3.6009	-4.5203	11.5692	-107.5575	-83.9642	-25.8822	6.1691	-23.9933	-0.0426	-1.6342	-1.6221	0.4926	-0.6365	0.4537	0.3826	-0.4524	0.5312	-0.1787	9.1598	-1.9667	-2.8982	-0.6252666963732612	6	1	2	PT	Normal
8.6197	-0.8039	0.3059	5.2868	-100.8685	-78.7680	-24.9762	5.6285	-23.7732	-0.9700	0.0998	2.1472	0.4659	-0.6138	0.4312	0.4692	-2.0194	3.0538	-1.4208	9.5897	-0.9037	-1.8413	-2.1319847572871247	6	1	2	PT	Normal
9.3087	-1.9920	4.1755	2.2979	-92.3013	-73.5282	-19.1499	7.4713	-26.9891	-0.4821	-1.5987	4.5690	0.4204	-0.5859	0.4261	0.5462	-0.6900	-1.3224	-0.2415	9.7908	-0.3932	-0.3935	1.732429566748861	6	1	2	PT	Normal
6.2064	2.1075	0.3059	-1.2293	-99.1913	-65.8547	-20.7868	9.1928	-24.3458	-3.4720	1.8971	1.8720	0.4197	-0.6353	0.3455	0.5485	-1.3622	-1.6419	-0.3012	9.6784	0.2104	-1.5661	-3.833343581076212	6	1	2	Jump	Normal
8.6580	0.8817	-1.9543	-1.8296	-97.0586	-61.9469	-22.0296	10.5452	-21.8694	-1.0693	0.5686	-0.7497	0.3946	-0.6369	0.3305	0.5739	-0.5323	1.0351	0.2113	9.7273	0.3130	-1.2046	2.357914188105074	6	1	2	PT	Normal
9.8456	4.2144	-2.8353	-4.4190	-94.7473	-56.4650	-19.1041	12.8711	-22.4302	0.1016	3.4589	-2.0261	0.3708	-0.6354	0.2951	0.6096	-1.0000	0.4822	-0.5195	9.7440	0.7555	-0.8092	2.1591157074566336	6	1	2	PT	Normal
12.0674	4.9805	1.0720	-8.6533	-92.6721	-57.0509	-18.1951	14.6549	-22.7596	2.3830	3.5051	1.5241	0.3902	-0.6089	0.2808	0.6309	0.6150	0.2873	-0.5940	9.6844	1.4754	-0.4521	2.0201042033142507	6	1	2	PT	Normal
10.9559	-6.0908	2.1835	-2.3766	-92.3281	-57.7796	-18.3172	13.0255	-23.5955	1.1658	-6.4974	2.5815	0.3610	-0.6245	0.3214	0.6135	-0.5877	-0.2464	0.1580	9.7900	0.4066	-0.3980	-0.3748437177898776	0	1	2	Upright	Normal
8.1983	1.9543	1.0720	-1.6320	-89.3569	-54.4490	-17.9955	14.6834	-23.1731	-1.6037	1.6749	0.9620	0.3306	-0.6205	0.3164	0.6368	-0.4972	1.5507	0.2251	9.8020	0.2794	0.1100	-4.227968805124167	0	0	2	Upright	Normal
5.6312	0.2298	0.5363	1.2012	-88.2717	-56.5273	-14.9112	16.7202	-25.1154	-4.1688	0.4354	0.2406	0.3231	-0.6169	0.3463	0.6286	0.6544	-2.5463	0.0704	9.7999	-0.2056	0.2957	-2.8345708629321402	0	1	3	PT	Normal
7.3556	-1.8765	-1.4563	0.5597	-105.1488	-61.7590	-19.7449	14.1493	-22.8827	-2.1097	-1.7807	1.1064	0.4050	-0.6831	0.3152	0.5196	0.7002	-3.1834	-0.6572	9.4653	-0.0958	-2.5627	2.0682667502980534	0	1	3	PT	Normal
8.8490	-2.9497	-1.5323	-0.4365	-104.8026	-61.7620	-24.4917	11.6823	-21.3483	-0.6319	-3.0243	0.9732	0.4086	-0.6788	0.3106	0.5252	-1.2951	0.2958	-0.3440	9.4809	0.0747	-2.5055	1.7230840421179323	0	1	3	PT	Normal
7.4705	0.1921	0.7272	-1.4743	-101.2154	-59.0491	-22.8283	12.7735	-21.9659	-2.1457	-0.0602	2.6341	0.3879	-0.6684	0.3041	0.5571	-1.0895	1.5837	-0.3557	9.6162	0.2523	-1.9068	-1.944428421295143	0	1	3	PT	Normal
10.8799	2.2607	-1.6861	-2.8429	-101.9684	-64.0607	-20.2202	13.8533	-23.2991	1.2983	1.7743	0.3451	0.4252	-0.6502	0.3174	0.5437	1.3351	-3.4294	0.2834	9.5816	0.4865	-2.0312	3.731212203353337	0	1	3	Jump	Normal
6.7421	-1.8771	-1.2258	-1.5471	-101.7555	-63.1568	-22.7493	12.1967	-21.9132	-2.8554	-2.1419	0.7714	0.4135	-0.6564	0.3215	0.5430	-0.8987	1.0234	0.3067	9.5975	0.2649	-1.9972	-4.134411904221777	0	1	3	Jump	Normal
6.9342	2.5289	-1.2264	-2.1158	-102.8509	-56.7641	-22.3232	15.0699	-21.4181	-2.6202	2.1669	0.9533	0.3817	-0.6822	0.2836	0.5553	-1.0969	-0.1495	-0.0704	9.5544	0.3620	-2.1798	0.3770781029046555	0	1	3	Upright	Normal
6.6661	2.6438	-1.1881	-3.6145	-103.4676	-56.1960	-22.0996	16.8095	-19.7805	-2.8519	2.0255	1.0913	0.3868	-0.6831	0.2697	0.5577	0.3647	-0.1964	0.1065	9.5180	0.6183	-2.2794	-0.21316120486842305	0	1	3	Upright	Normal
9.8067	-0.1149	-1.8004	-2.9239	-105.9223	-59.0291	-21.9315	16.9632	-20.1759	0.3886	-0.6152	0.8865	0.4065	-0.6868	0.2789	0.5340	1.1093	-1.2126	0.1118	9.4180	0.5002	-2.6869	2.7022733485315893	0	0	3	Upright	Normal
8.3510	-1.1875	-3.2561	0.3435	-109.0942	-57.2626	-23.3610	16.6560	-19.5833	-0.9159	-1.1287	-0.0482	0.3888	-0.7158	0.2801	0.5079	-0.2936	0.3192	0.0063	9.2669	-0.0588	-3.2079	-0.9296029195848234	0	0	3	Upright	Normal
1.8004	2.2218	-3.9073	-2.2343	-107.5050	-59.4817	-23.4020	16.6992	-19.6530	-7.5449	1.8395	-0.9598	0.4100	-0.6944	0.2796	0.5211	0.8952	0.7293	-0.3722	9.3453	0.3823	-2.9476	-4.199669820085223	0	1	4	Jump	Normal
8.1977	-2.0686	-0.8428	-2.0441	-103.5043	-61.0355	-21.5411	15.8254	-21.8712	-1.3316	-2.4184	1.4458	0.4083	-0.6708	0.3022	0.5403	-0.1403	0.9658	0.1935	9.5294	0.3499	-2.2886	3.654583556577794	0	1	4	Jump	Normal
10.6877	1.6472	0.6129	-2.5638	-100.1465	-60.9717	-19.8173	15.8599	-24.0853	1.0442	1.2086	2.3388	0.4013	-0.6534	0.3107	0.5616	0.4382	-0.4776	-0.9602	9.6435	0.4386	-1.7259	2.334674590871444	0	1	4	PT	Normal
7.2024	-0.4208	-2.3373	-3.4132	-104.1776	-64.5093	-20.9299	14.6812	-22.8405	-2.2887	-1.0047	0.0603	0.4363	-0.6571	0.3079	0.5319	0.3466	-0.3082	0.2926	9.4911	0.5839	-2.3976	-3.2474052853699824	0	1	4	PT	Normal
5.4013	-0.3448	-2.0303	-1.3826	-101.9409	-61.4962	-20.1580	15.0744	-24.0796	-4.1903	-0.5813	-0.0018	0.4037	-0.6637	0.3139	0.5459	-0.5589	0.5014	0.1637	9.5916	0.2366	-2.0285	-1.803264055927821	0	1	4	PT	Normal
6.1675	3.5626	-1.5706	-3.9826	-103.6456	-58.1241	-19.6517	16.8071	-22.0438	-3.3393	2.8814	0.7374	0.4004	-0.6763	0.2762	0.5532	-0.0135	-0.3018	-0.1901	9.5068	0.6812	-2.3080	1.5130496655596346	0	1	4	PT	Normal
12.3732	-1.7621	-1.1875	-4.4697	-104.4237	-60.0170	-20.5214	16.7636	-22.1360	2.9046	-2.5263	1.2478	0.4156	-0.6719	0.2795	0.5456	0.3593	-0.7333	0.0134	9.4686	0.7642	-2.4354	5.260707025729143	0	1	4	Jump	Normal
10.9942	-1.3024	-5.8227	-1.6032	-108.0428	-59.1357	-21.2012	15.6747	-21.6499	1.6735	-1.5767	-2.7864	0.4064	-0.6997	0.2800	0.5165	0.1186	0.5823	-0.3360	9.3206	0.2743	-3.0363	-0.045434354878588934	0	1	4	Upright	Normal
4.5209	0.3454	-3.0269	-3.8125	-109.0012	-60.9076	-21.9326	15.6151	-21.6947	-4.7309	-0.3068	0.1591	0.4291	-0.6916	0.2708	0.5140	0.5234	0.3459	-0.3637	9.2518	0.6521	-3.1859	-7.057295628356084	0	0	4	Upright	Normal
6.9342	-2.3361	-0.9583	-3.3997	-104.4850	-63.8254	-21.4608	12.8392	-22.2346	-2.5440	-2.9176	1.4904	0.4332	-0.6612	0.3036	0.5319	0.1750	1.1650	-0.0814	9.4782	0.5815	-2.4487	1.9280210041732602	0	0	4	Upright	Normal
10.4585	1.0349	1.1103	-1.2302	-99.4479	-65.0133	-19.1381	12.2726	-25.3219	0.7871	0.8244	2.7198	0.4158	-0.6396	0.3405	0.5495	-0.1797	0.9594	-0.4830	9.6714	0.2105	-1.6095	3.1884427112720983	0	1	5	PT	Normal
15.5910	2.9880	-3.9840	-4.7365	-104.7539	-67.7673	-20.7334	11.7978	-23.9112	6.1402	2.1781	-1.4950	0.4621	-0.6429	0.3129	0.5246	0.5916	-0.3167	0.3042	9.4508	0.8098	-2.4889	5.7989646025820765	0	1	5	Jump	Normal
4.6358	-0.0377	-0.9583	-3.0075	-101.6339	-65.9123	-19.9341	10.9073	-24.8562	-4.9561	-0.5522	1.0166	0.4354	-0.6412	0.3265	0.5410	-0.4449	-0.0121	0.0560	9.5919	0.5145	-1.9749	-11.633067425906699	0	1	5	Jump	Normal
5.8999	3.4866	-1.0349	-4.0553	-101.9011	-62.6030	-18.3775	13.0928	-24.7823	-3.6718	2.7931	0.9825	0.4223	-0.6516	0.3036	0.5522	-0.4907	-0.3072	-0.0697	9.5717	0.6934	-2.0174	2.1968539572652075	0	1	5	PT	Normal
5.5551	1.3797	-0.4220	-5.0143	-102.7412	-63.0586	-18.2169	13.6563	-24.1797	-3.9733	0.5225	1.7327	0.4314	-0.6510	0.2970	0.5495	0.2560	-0.1985	0.1040	9.5285	0.8571	-2.1546	-1.1914095368515074	0	1	5	PT	Normal
18.8472	-2.0686	-6.6655	-2.2566	-107.4226	-64.9099	-19.7557	12.5591	-24.0256	9.4978	-2.4548	-3.7314	0.4423	-0.6738	0.3042	0.5078	-0.0700	-1.0390	0.4725	9.3494	0.3862	-2.9341	14.358477588084256	0	1	5	Jump	Normal
4.8273	1.2264	-3.1801	-2.1922	-108.2789	-65.3078	-21.0442	12.9382	-22.7263	-4.4776	0.8513	-0.1065	0.4466	-0.6762	0.3030	0.5015	0.4488	0.0401	-0.2293	9.3049	0.3751	-3.0736	-14.188576678469927	0	1	5	Jump	Normal
2.8353	-1.5317	-0.5752	-2.7734	-105.9449	-69.1230	-19.9314	11.3521	-24.4360	-6.5829	-2.0062	2.1157	0.4648	-0.6490	0.3256	0.5067	0.4467	1.0021	-0.1633	9.4182	0.4745	-2.6909	-2.635795029000558	0	1	5	PT	Normal
6.3596	-1.7998	-2.1841	-1.1340	-102.9070	-69.7225	-18.1936	10.4430	-26.5372	-3.1973	-1.9939	0.0060	0.4521	-0.6382	0.3498	0.5157	-0.2276	0.4556	0.0796	9.5569	0.1941	-2.1901	3.6873841188538425	0	1	5	Jump	Normal
18.8472	5.6695	-0.5746	-4.8968	-101.6056	-70.5608	-17.1958	10.3735	-26.8654	9.2762	4.8324	1.3910	0.4692	-0.6165	0.3377	0.5346	0.1633	-1.3117	-0.0578	9.5710	0.8371	-1.9656	12.728957257185435	0	1	5	Jump	Normal
6.1675	0.6512	-0.9577	-4.6007	-101.4055	-71.3301	-18.6039	9.0345	-26.4803	-3.4144	-0.1354	0.9753	0.4715	-0.6134	0.3437	0.5322	-0.6111	0.9733	0.0743	9.5819	0.7866	-1.9330	-13.414560756345779	0	2	6	Jump	Normal
4.0989	-0.5746	-1.8771	-3.6176	-96.9719	-66.5725	-15.8619	11.2448	-27.5140	-5.6157	-1.1934	-0.6889	0.4282	-0.6142	0.3438	0.5668	-0.8551	0.7666	0.1718	9.7146	0.6188	-1.1881	-1.7305547456289592	0	2	6	PT	Normal
6.1292	3.3710	-0.1149	-5.5561	-98.0516	-61.2816	-14.9002	14.7294	-27.7641	-3.5352	2.4216	1.2523	0.4117	-0.6326	0.3023	0.5822	-0.2841	-0.3998	-0.1840	9.6643	0.9495	-1.3672	2.4512556133022727	0	2	6	PT	Normal
18.8478	-4.0217	-6.4745	-3.2850	-104.9585	-63.3605	-17.9160	14.7835	-26.3232	9.3890	-4.5835	-3.9473	0.4312	-0.6655	0.3004	0.5300	-0.0807	-1.1658	0.5713	9.4587	0.5619	-2.5272	13.334592572271909	0	2	6	Jump	Normal
8.6197	-1.2252	-3.2567	-0.7062	-106.6285	-62.4490	-19.3983	14.2848	-26.4595	-0.7760	-1.3461	-0.4506	0.4189	-0.6838	0.3055	0.5134	0.0823	-0.1484	0.1026	9.3957	0.1209	-2.8062	-11.035080082119729	0	2	6	Jump	Normal
3.9073	-0.3065	-3.6009	-1.7978	-106.0723	-63.2554	-19.6366	14.9917	-26.4624	-5.5113	-0.6141	-0.8872	0.4270	-0.6753	0.3046	0.5185	0.0781	1.4037	-0.1467	9.4186	0.3077	-2.7137	-3.973156163156446	0	2	6	Jump	Normal
10.0365	-3.7541	-2.7198	-2.5825	-101.0317	-59.2624	-17.1599	16.3084	-28.8750	0.4209	-4.1960	-0.8452	0.3940	-0.6636	0.2992	0.5612	-1.0351	0.0060	0.3403	9.6156	0.4419	-1.8747	5.73305131032793	0	2	6	Jump	Normal
11.1857	-0.8428	1.6855	-5.1464	-99.8122	-46.9229	-16.1441	20.8674	-26.8862	1.5616	-1.7225	3.3501	0.3308	-0.6895	0.2246	0.6039	-2.3837	0.8955	-0.4938	9.6241	0.8797	-1.6646	0.2879272383735838	0	2	6	Upright	Normal
15.2469	-1.5700	1.1869	-4.2521	-96.6075	-36.1130	-14.3234	28.0534	-22.9095	5.5323	-2.2971	2.3124	0.2547	-0.7018	0.1797	0.6406	-1.0830	-0.4520	0.3542	9.7146	0.7271	-1.1254	4.0300757958455815	0	0	6	Upright	Normal
3.8696	0.0389	0.9188	-5.1169	-90.5273	-19.9960	-13.2008	32.4686	-18.2162	-5.8975	-0.8357	1.0087	0.1541	-0.6934	0.0908	0.6980	-3.3318	1.5059	-0.1827	9.7671	0.8746	-0.0899	-11.396030018403488	0	0	6	Upright	Normal
7.3173	2.6821	-1.1881	-5.1523	-84.2281	-4.4690	-11.5373	36.4044	-10.0821	-2.4002	1.8015	-2.1703	0.0594	-0.6681	-0.0012	0.7417	-1.9182	0.7613	0.1369	9.7175	0.8806	0.9822	3.906032927024023	0	1	7	Jump	Normal
11.2629	4.0612	-3.4099	-7.6646	-83.7216	1.8718	-11.1963	37.7073	-3.3826	1.6023	2.7533	-4.4727	0.0389	-0.6666	-0.0567	0.7423	-0.7444	0.5738	-0.2782	9.6606	1.3078	1.0627	4.565435015984782	0	1	7	Jump	Normal
12.1440	-2.3361	3.4471	-10.2108	-84.9387	8.1214	-12.6009	37.4865	-1.2521	2.5304	-4.0745	2.5956	0.0179	-0.6755	-0.1120	0.7286	-1.4155	-0.9303	-0.3421	9.6136	1.7383	0.8514	0.3892488520623214	0	1	7	Upright	Normal
12.5654	-7.6608	3.1023	-2.0587	-84.3516	17.3415	-12.1432	36.4606	3.9811	2.8127	-8.0131	2.1379	-0.0880	-0.6656	-0.1236	0.7307	-1.6157	-1.5716	0.2129	9.7526	0.3522	0.9644	2.2019016848320554	0	0	7	Upright	Normal
7.3550	4.4053	-1.0726	-3.8157	-91.0774	20.6953	-9.4433	35.3434	8.7735	-2.4282	3.7528	-0.8885	-0.1052	-0.7059	-0.1491	0.6844	-0.1457	0.0103	-0.0214	9.7832	0.6526	-0.1841	-6.399787071706857	0	0	7	Upright	Normal
6.0531	-2.1063	-1.2264	-0.1557	-93.0036	20.7068	-7.8985	34.7803	10.2183	-3.7399	-2.1329	-0.7126	-0.1294	-0.7138	-0.1247	0.6769	0.3262	-1.2595	0.8755	9.7930	0.0266	-0.5139	-2.1148267898312625	0	0	7	Upright	Normal
10.4202	-1.1103	-4.2144	-0.4442	-98.5288	17.1189	-5.1174	36.2202	9.6056	0.7223	-1.1862	-2.7599	-0.1103	-0.7497	-0.1000	0.6449	0.4285	0.5301	-0.6106	9.6979	0.0759	-1.4545	4.769508998935306	0	0	7	Upright	Normal
13.1400	-7.9290	-5.2870	1.2730	-98.4438	15.8165	-6.6014	35.7575	8.5736	3.4421	-7.7110	-3.8473	-0.1114	-0.7490	-0.0815	0.6480	-0.2362	0.6186	0.0201	9.6979	-0.2180	-1.4397	4.93720989040316	0	0	7	Upright	Normal
11.4156	-5.2098	3.9456	3.0827	-87.2769	24.7533	-8.4144	34.0601	9.9335	1.6342	-4.6823	3.4804	-0.1669	-0.6697	-0.1369	0.7106	-3.0538	4.1478	0.1117	9.7814	-0.5275	0.4652	-3.0781753413275865	0	0	7	Upright	Normal
11.0708	0.6129	5.1715	-4.1784	-91.4330	39.6829	-12.3727	27.2618	16.9261	1.2933	-0.1015	5.4161	-0.2189	-0.6816	-0.2614	0.6475	-2.5425	-1.1242	-1.2220	9.7775	0.7144	-0.2447	-0.9194361886065625	0	0	7	Upright	Normal
4.6735	-0.2682	1.0726	-6.3153	-93.4526	52.9901	-12.4699	20.0046	22.8530	-5.0560	-1.3467	1.6596	-0.2905	-0.6675	-0.3412	0.5947	-2.6661	-0.6598	-0.3943	9.7294	1.0786	-0.5870	-7.431987043809262	0	1	8	Jump	Normal
7.5465	1.2258	2.6815	-9.8135	-90.7478	71.4949	-13.3553	10.8252	28.3846	-2.1157	-0.4455	2.8077	-0.3655	-0.6106	-0.4583	0.5325	-2.1505	-1.0102	-0.4827	9.6622	1.6713	-0.1261	3.29951798891246	0	1	8	PT	Normal
8.6191	4.0223	-4.5586	-11.9664	-91.6813	78.0528	-12.1689	5.3105	30.1089	-0.9703	1.9890	-4.2769	-0.3929	-0.6000	-0.4944	0.4912	-1.3463	1.0159	-0.1147	9.5894	2.0333	-0.2816	2.4454276832940423	0	1	8	PT	Normal
11.4162	2.9119	-0.2304	-14.9833	-90.2065	85.7416	-14.6129	0.3852	29.3542	1.9430	0.3766	-0.1962	-0.4104	-0.5773	-0.5438	0.4500	-0.9745	0.0838	-0.5909	9.4731	2.5353	-0.0343	1.2365207528506552	0	1	8	PT	Normal
10.5734	-5.3241	1.6083	-11.1726	-90.2617	93.5703	-15.0714	-2.7498	29.1123	0.9527	-7.2242	1.6523	-0.4670	-0.5330	-0.5590	0.4305	-1.7628	-0.0866	0.7726	9.6207	1.9001	-0.0440	0.16297674922056693	0	1	8	Upright	Normal
10.6494	-3.9840	0.6512	-6.4089	-91.3384	102.2662	-15.5436	-5.9929	29.1329	0.9068	-5.0786	0.8790	-0.5316	-0.4786	-0.5683	0.4067	-1.9322	-0.7759	0.4296	9.7426	1.0946	-0.2277	-0.5580874059870293	0	0	8	Upright	Normal
5.9759	2.4900	1.7621	-6.1560	-82.8917	110.6070	-16.8014	-11.0121	27.7352	-3.6992	1.4385	0.5558	-0.5205	-0.4093	-0.6356	0.3968	-1.0800	0.7357	0.0056	9.6751	1.0515	1.2064	-4.679423509153812	0	0	8	Upright	Normal
6.3973	0.9960	-1.1492	-6.4237	-96.3952	111.3134	-17.3484	-12.3603	27.3599	-3.2871	-0.1012	-0.0637	-0.5935	-0.4507	-0.5731	0.3410	0.2303	-4.2891	-0.1703	9.6844	1.0971	-1.0855	-0.13386211122847236	0	0	8	Upright	Normal
18.8094	4.1378	2.2212	-7.6340	-95.6243	112.6672	-15.6237	-12.0520	26.7732	9.1366	2.8352	3.1738	-0.5905	-0.4470	-0.5850	0.3304	0.2931	-3.1759	0.0684	9.6729	1.3026	-0.9526	12.811246895702633	0	0	9	Upright	Normal
5.5551	-0.8039	-2.1458	-6.4392	-101.4435	109.0862	-12.4162	-11.6223	29.4550	-3.9959	-1.9035	-0.2123	-0.6089	-0.4773	-0.5401	0.3313	0.2559	0.7752	0.4071	9.5511	1.0997	-1.9335	-13.377669789801523	0	0	9	Upright	Normal
6.2830	0.3837	-2.2218	-3.7872	-98.5769	112.9287	-15.0804	-10.9166	28.7264	-3.3927	-0.2640	-0.7624	-0.6196	-0.4365	-0.5572	0.3393	-0.9852	0.0359	0.2601	9.6757	0.6476	-1.4594	0.666158896293501	0	0	9	Upright	Normal
6.0908	3.0646	-0.0383	-5.7252	-99.9604	117.0275	-15.7314	-13.2986	28.4337	-3.5198	2.0864	1.6495	-0.6355	-0.4269	-0.5677	0.3028	-0.1063	-0.3583	-0.0022	9.6106	0.9782	-1.6878	0.14313093632335772	0	0	9	Upright	Normal
15.9747	-1.6083	-3.0269	-6.0469	-104.3395	115.2770	-14.7223	-13.6218	28.2198	6.5266	-2.6413	-0.6116	-0.6489	-0.4495	-0.5396	0.2926	0.4764	-2.1245	-0.1449	9.4481	1.0329	-2.4153	9.519855259504908	0	0	9	Upright	Normal
8.6963	0.0389	-4.9422	-3.3998	-108.9972	117.8856	-11.6704	-13.4316	29.9942	-0.5598	-0.5426	-1.7555	-0.6882	-0.4346	-0.5097	0.2788	-0.4206	0.2052	0.1257	9.2561	0.5815	-3.1867	-6.335668454370367	0	0	9	Upright	Normal
3.5249	0.6518	-3.5632	-4.4134	-108.6572	116.7483	-12.8386	-13.7117	29.6025	-5.7389	-0.1027	-0.4351	-0.6794	-0.4448	-0.5126	0.2789	0.4274	0.2755	-0.0938	9.2638	0.7545	-3.1280	-4.948303102787623	0	0	9	Upright	Normal
8.2367	-1.4934	-0.6135	-4.5459	-105.0063	114.3071	-15.1710	-13.1661	29.1968	-1.2056	-2.2706	1.9178	-0.6529	-0.4503	-0.5281	0.3035	0.2697	0.8572	-0.1066	9.4423	0.7772	-2.5313	3.3391204631714153	0	0	9	Upright	Normal
10.5351	1.6095	0.6506	-2.8491	-101.7847	113.7759	-17.2583	-12.2775	28.5924	0.9471	1.1221	2.6511	-0.6412	-0.4369	-0.5387	0.3283	0.0555	0.2958	-0.3415	9.5880	0.4874	-2.0005	2.2837356025666615	0	0	9	Upright	Normal
7.7770	0.4603	-2.4140	-5.5798	-106.4875	108.1242	-15.9187	-11.8284	29.2928	-1.5818	-0.4932	0.3561	-0.6308	-0.4932	-0.5068	0.3192	1.1400	0.2383	-0.0922	9.3588	0.9535	-2.7701	-2.521135972079877	0	0	9	Upright	Normal
5.8616	0.4603	-1.7627	-3.8392	-103.6267	106.4572	-18.3052	-9.9839	28.8428	-3.6476	-0.1962	0.5426	-0.6169	-0.4868	-0.5107	0.3488	0.1067	-0.2784	0.2060	9.5092	0.6565	-2.3053	-2.017853634389816	0	1	10	PT	Normal
6.3596	2.6438	-0.3837	-3.9954	-102.5385	107.1240	-19.7081	-9.4528	28.8865	-3.1898	1.9606	1.7401	-0.6143	-0.4806	-0.5192	0.3495	-0.0201	-0.5277	-0.0667	9.5494	0.6832	-2.1238	0.7597413747177617	0	1	10	PT	Normal
8.1983	0.8434	-0.7667	-5.6713	-104.7982	106.0235	-19.2223	-9.0194	28.6466	-1.2366	-0.1255	1.7258	-0.6139	-0.5002	-0.5104	0.3353	0.4742	-0.3988	-0.1828	9.4349	0.9689	-2.4925	1.3792257037915538	0	1	10	PT	Normal
17.6602	-1.3402	-8.8496	-2.3098	-110.3118	107.1836	-16.9010	-9.2958	29.5934	8.4710	-1.7352	-5.4482	-0.6535	-0.4963	-0.4695	0.3257	-0.5953	-0.2358	-0.1721	9.1892	0.3950	-3.4014	11.521689762147336	0	1	10	Jump	Normal
3.7541	1.0726	-2.7964	-3.0699	-110.6876	105.8688	-15.7949	-10.2754	30.3420	-5.4070	0.5475	0.6630	-0.6470	-0.5078	-0.4669	0.3250	0.6958	-0.0355	-0.2648	9.1611	0.5251	-3.4595	-14.996387115477923	0	1	10	Jump	Normal
7.3173	-3.3321	-1.1498	-3.5215	-105.4036	99.9993	-17.6561	-7.3860	30.2024	-2.1192	-3.9344	1.4501	-0.5971	-0.5254	-0.4797	0.3706	0.0001	1.3355	-0.6397	9.4364	0.6023	-2.6000	3.319599978206173	0	1	10	PT	Normal
5.9382	0.0772	0.1909	-2.4106	-101.9402	103.0510	-21.8901	-8.4438	27.7859	-3.6477	-0.3352	2.2181	-0.5998	-0.4936	-0.5031	0.3789	-1.0225	1.3525	-0.2850	9.5859	0.4124	-2.0271	-2.180287551942831	0	1	10	PT	Normal
18.8478	6.3596	-7.5854	-4.7536	-104.9455	102.7702	-21.7505	-9.7502	27.7573	9.4055	5.5471	-5.0649	-0.6034	-0.5142	-0.4961	0.3541	0.6915	0.1158	0.0676	9.4423	0.8125	-2.5205	15.347250129414224	0	1	10	Jump	Normal
5.5551	-1.8765	-1.3414	-3.3693	-103.8504	101.1182	-20.2424	-7.8782	28.1823	-3.9498	-2.4527	1.0023	-0.5962	-0.5139	-0.4908	0.3737	-0.3280	0.6143	0.2130	9.5050	0.5763	-2.3436	-15.274059537440374	0	1	10	Jump	Normal
5.7461	1.3024	-2.3367	-2.7890	-101.8740	105.3286	-22.6683	-7.9220	27.5955	-3.8393	0.8254	-0.3213	-0.6079	-0.4830	-0.5124	0.3671	-0.6146	0.3000	0.0820	9.5853	0.4770	-2.0155	0.32334253674397395	0	1	10	Upright	Normal
7.8530	3.1795	-1.7621	-4.6080	-102.0191	107.0839	-23.2838	-9.3594	26.4925	-1.7077	2.3918	0.2734	-0.6096	-0.4818	-0.5242	0.3484	0.2920	0.0497	0.1299	9.5606	0.7877	-2.0355	2.3152419111692364	0	0	11	Upright	Normal
11.2240	-0.9577	-2.1452	-3.9011	-105.8001	106.5526	-22.6661	-8.6122	27.5059	1.8099	-1.6248	0.5188	-0.6266	-0.4931	-0.4994	0.3387	0.2291	-1.0475	-0.0490	9.4142	0.6671	-2.6640	2.8136806507753604	0	0	11	Upright	Normal
6.5128	2.2607	-4.2527	-1.6381	-109.1968	108.8779	-19.9969	-7.8009	28.4180	-2.7447	1.9805	-1.0294	-0.6582	-0.4807	-0.4780	0.3274	-0.0116	0.2585	0.0362	9.2575	0.2803	-3.2233	-3.3670529004354837	0	0	11	Upright	Normal
3.5626	-1.6089	-4.0223	-1.7167	-108.6766	107.4949	-20.2350	-7.8446	28.0438	-5.7235	-1.9026	-0.8833	-0.6500	-0.4874	-0.4773	0.3349	0.1961	0.7549	-0.1116	9.2861	0.2937	-3.1389	-2.491288687749601	0	0	11	Upright	Normal
7.2018	-2.1835	-1.0726	-1.6887	-104.3586	108.2550	-22.4431	-8.6810	27.3621	-2.2944	-2.4723	1.3584	-0.6347	-0.4702	-0.5036	0.3498	-0.3291	0.6388	0.0876	9.4962	0.2888	-2.4310	1.9926996779476092	0	0	11	Upright	Normal
8.5425	2.0686	1.1492	-2.9243	-100.6364	111.6176	-23.6976	-9.8059	24.6168	-1.0831	1.5684	2.9570	-0.6272	-0.4458	-0.5390	0.3425	-0.3248	0.8295	-0.8019	9.6256	0.5002	-1.8078	1.2626182670828898	0	0	11	Upright	Normal
16.2040	3.1412	-6.6655	-3.6872	-106.5730	109.2097	-21.8259	-10.0850	25.5148	6.8242	2.5106	-3.8740	-0.6420	-0.4798	-0.5020	0.3251	0.4912	-0.0334	0.2645	9.3797	0.6306	-2.7915	8.936519517088625	0	0	11	Upright	Normal
3.1035	-1.0720	-1.6089	-1.7019	-103.4025	112.9963	-22.9281	-7.4656	25.7118	-6.4319	-1.3632	0.6632	-0.6493	-0.4408	-0.5232	0.3323	-0.6785	0.2510	0.0290	9.5354	0.2912	-2.2721	-14.14429432792409	0	0	11	Upright	Normal
7.0102	2.9497	-1.2258	-3.8776	-103.8935	117.5233	-24.0863	-9.5113	24.3082	-2.4877	2.2866	1.1236	-0.6621	-0.4260	-0.5405	0.2967	-0.3142	-0.7247	-0.1015	9.4979	0.6630	-2.3495	4.0472233522746395	0	0	11	Upright	Normal
8.1983	1.7244	-0.6518	-5.6404	-104.5635	115.4065	-23.1476	-10.2414	23.9606	-1.2472	0.7608	1.8022	-0.6518	-0.4476	-0.5373	0.2936	0.8299	-0.3093	-0.2943	9.4456	0.9637	-2.4541	0.6993572116506535	0	0	11	Upright	Normal
18.4264	-3.1789	-9.8456	-0.7510	-110.9551	114.3018	-19.9720	-7.7063	25.5725	9.2692	-3.3073	-6.3386	-0.6901	-0.4500	-0.4790	0.3029	-0.4228	-0.5873	0.3662	9.1572	0.1284	-3.5069	12.729277151927866	0	1	12	Jump	Normal
5.4402	0.6518	-2.7204	-0.6006	-110.9426	114.0717	-20.1018	-6.7853	25.6680	-3.7180	0.5492	0.7847	-0.6896	-0.4508	-0.4779	0.3048	0.1247	0.0998	-0.0418	9.1583	0.1027	-3.5051	-15.014997689535267	0	1	12	Jump	Normal
4.5592	-0.3825	-1.6095	-0.2564	-108.5631	111.8572	-22.0230	-6.1773	25.3701	-4.7371	-0.4262	1.5124	-0.6718	-0.4559	-0.4846	0.3256	-0.0617	0.6803	-0.2453	9.2962	0.0437	-3.1219	-1.2672247053528327	0	1	12	PT	Normal
6.2064	-1.4168	-1.6478	-0.6152	-105.8217	111.7952	-23.4259	-6.5934	23.5199	-3.2281	-1.5218	1.0258	-0.6587	-0.4499	-0.5017	0.3346	-0.3802	0.4044	0.0284	9.4345	0.1050	-2.6736	1.7258006407487336	0	1	12	PT	Normal
18.8478	5.8233	-6.6661	-3.8493	-103.0699	113.1615	-24.1424	-7.7994	21.8621	9.3167	5.1650	-4.4534	-0.6417	-0.4484	-0.5334	0.3204	-0.3195	-0.0206	-0.1857	9.5310	0.6583	-2.2127	14.246895521536239	0	1	12	Jump	Normal
7.0874	-1.5317	-1.4563	-4.2698	-98.9691	114.6223	-24.4702	-7.7774	21.8535	-2.5724	-2.2616	0.0684	-0.6263	-0.4307	-0.5617	0.3268	-0.8287	1.9608	0.3203	9.6599	0.7299	-1.5247	-13.426938013313826	0	1	12	Jump	Normal
4.4059	1.6478	-1.4180	-5.0731	-92.5427	121.8937	-28.5862	-9.3189	18.8935	-5.3527	0.7808	-0.9845	-0.6162	-0.3773	-0.6192	0.3074	-1.3539	0.5206	0.0625	9.7586	0.8670	-0.4335	-2.4827838805926294	0	1	12	PT	Normal
8.4665	6.9725	-1.8393	-8.2015	-90.6865	123.7134	-30.7499	-11.1302	16.7392	-1.2391	5.5736	-1.7229	-0.6019	-0.3790	-0.6422	0.2858	0.1875	0.2521	-0.2059	9.7056	1.3990	-0.1164	6.208133184184913	0	1	12	Jump	Normal
9.6540	-2.2978	2.6426	-10.6891	-93.9876	120.2178	-30.8729	-10.0995	17.3106	0.0409	-4.1167	3.3128	-0.5996	-0.4179	-0.6227	0.2794	0.2174	-1.2329	-0.6722	9.6132	1.8188	-0.6702	-0.851654101144522	0	1	12	PT	Normal
18.8472	-1.5706	-0.4214	-8.6831	-101.5858	113.8981	-27.5202	-10.1117	21.3532	9.3506	-3.0510	1.5257	-0.6215	-0.4615	-0.5603	0.2946	1.1666	-1.7367	0.4602	9.4966	1.4804	-1.9471	8.647707813825436	0	1	12	Jump	Normal
7.4699	3.2178	-3.8690	-5.0384	-110.5138	102.8270	-21.9155	-5.3062	26.6722	-1.6794	2.3566	-0.4456	-0.6261	-0.5316	-0.4676	0.3269	1.7972	0.4865	0.3409	9.1493	0.8612	-3.4234	-9.91040306769059	0	2	13	Jump	Normal
1.8010	1.9160	-2.0692	-0.1343	-104.1501	82.7737	-23.3261	1.7739	25.1056	-7.7080	1.8931	0.3282	-0.5210	-0.5923	-0.4070	0.4605	1.9719	1.5038	-0.8767	9.5090	0.0229	-2.3973	-5.660740735208588	0	2	13	Jump	Normal
12.1823	-11.9129	-6.7427	5.5873	-106.4628	74.4037	-24.2213	6.1526	23.5195	2.8225	-10.9581	-3.9766	-0.5070	-0.6197	-0.3304	0.4998	0.2408	0.3096	1.0397	9.3598	-0.9548	-2.7661	14.978483966387474	0	2	13	Jump	Normal
11.2246	6.3979	2.2595	1.5155	-100.5858	75.6671	-23.6783	6.5444	23.1193	1.5883	6.6575	4.0606	-0.4785	-0.6024	-0.3838	0.5108	-1.2038	0.7890	-0.6330	9.6364	-0.2596	-1.8010	-5.2085382974998105	0	2	13	Jump	Normal
11.3006	0.1915	2.6049	-2.7058	-95.3333	75.6712	-26.3327	3.6507	22.5943	1.5474	-0.2713	3.5154	-0.4408	-0.5934	-0.4268	0.5210	0.3515	0.8423	0.0349	9.7532	0.4628	-0.9105	-1.5175017812983853	0	2	13	PT	Normal
6.6277	0.8817	-1.4946	-0.8143	-97.4119	75.8969	-25.3877	4.3653	23.0352	-3.0959	0.7425	-0.2295	-0.4583	-0.5953	-0.4100	0.5171	-1.1580	-0.4148	-0.1526	9.7236	0.1392	-1.2650	-4.747418805300518	0	2	13	Jump	Normal
10.6500	-0.1143	-1.1881	-0.6536	-95.9355	81.0791	-25.7432	2.7473	23.7753	0.8966	-0.2260	-0.1740	-0.4799	-0.5669	-0.4384	0.5061	-0.9055	0.1754	0.3513	9.7534	0.1116	-1.0141	3.865571438801383	0	2	13	Jump	Normal
8.6580	2.9886	-0.1921	-3.7806	-94.8865	85.2031	-26.1068	1.3540	23.8502	-1.0916	2.3421	0.6415	-0.4819	-0.5570	-0.4754	0.4811	-0.2450	0.3022	-0.1782	9.7496	0.6464	-0.8336	-1.555365944017021	0	2	13	PT	Normal
13.8289	-1.7621	1.7238	-4.2692	-94.8975	86.8238	-26.5432	-0.0698	23.8008	4.0853	-2.4921	2.5588	-0.4876	-0.5521	-0.4844	0.4720	-0.6116	-0.8206	-0.1885	9.7437	0.7299	-0.8350	4.885574855911782	0	2	13	Jump	Normal
5.7461	-1.8771	-0.4597	-1.3793	-96.5942	87.9164	-24.2228	-0.9240	25.0141	-3.9928	-2.1130	0.6662	-0.5124	-0.5430	-0.4682	0.4726	0.2279	-0.2390	0.4080	9.7389	0.2360	-1.1259	-7.98450115719088	0	3	14	Run	Normal
10.5728	0.8428	-1.7621	-0.1967	-99.1037	86.0228	-22.7897	0.7516	25.4632	0.8897	0.8092	-0.2104	-0.5183	-0.5572	-0.4435	0.4735	0.5198	-0.1889	0.1310	9.6830	0.0335	-1.5517	4.689332756230942	0	3	14	Run	Normal
8.0834	-0.2676	-1.9160	1.0006	-100.9620	83.5757	-21.7719	2.3759	25.7901	-1.5428	-0.0962	-0.0513	-0.5182	-0.5715	-0.4190	0.4789	0.1980	-0.0749	-0.2003	9.6262	-0.1713	-1.8646	-2.4400366105652544	0	3	14	Walk	Normal
9.0405	-1.2641	-1.6472	-0.6094	-99.1989	83.6342	-22.3792	2.6829	25.8634	-0.6394	-1.3683	-0.0795	-0.5052	-0.5698	-0.4352	0.4803	-0.1322	0.5834	-0.4549	9.6799	0.1041	-1.5678	0.9641950865422952	0	3	14	Walk	Normal
8.3516	0.6135	-1.2264	-1.1136	-96.4033	83.5512	-23.8674	1.8835	24.6486	-1.3919	0.4230	-0.1329	-0.4918	-0.5602	-0.4494	0.4922	0.2982	0.2223	0.0390	9.7435	0.1905	-1.0936	-0.8124441299048613	0	3	14	Walk	Normal
9.4625	0.4220	-0.5752	-1.5320	-95.1838	82.9481	-24.4584	2.0973	24.5923	-0.3005	0.1600	0.3106	-0.4822	-0.5591	-0.4540	0.4987	0.0649	0.2233	-0.0430	9.7630	0.2620	-0.8859	1.0259233832743035	0	3	14	Walk	Normal
9.3093	-0.0760	-0.8817	-1.4055	-93.9990	82.5724	-24.8646	2.4533	23.3266	-0.4705	-0.3165	-0.1980	-0.4762	-0.5550	-0.4567	0.5065	-0.1534	0.1094	-0.0281	9.7797	0.2405	-0.6837	-0.13808422289189615	0	3	14	Upright	Normal
9.4625	0.6135	-0.9966	-1.5038	-93.3808	83.1879	-25.0750	2.1493	23.6110	-0.3237	0.3563	-0.4184	-0.4763	-0.5501	-0.4625	0.5066	-0.1002	0.1126	-0.0260	9.7861	0.2572	-0.5782	0.18332481521569832	0	3	14	Upright	Normal
9.5385	0.6129	-0.8045	-2.0462	-93.1652	82.9786	-25.7719	2.0242	23.3691	-0.2469	0.2629	-0.2632	-0.4719	-0.5521	-0.4650	0.5062	0.1129	0.1126	-0.0196	9.7854	0.3500	-0.5412	0.057373243743111146	0	3	14	Upright	Normal
9.3087	0.3448	-0.6129	-2.2509	-93.0097	82.3508	-25.5732	1.8804	23.0404	-0.4769	-0.0403	-0.0983	-0.4673	-0.5548	-0.4638	0.5086	0.1107	0.0177	-0.0370	9.7856	0.3850	-0.5146	-0.25674298133320583	0	3	14	Upright	Normal
9.4619	0.2298	-0.6129	-2.3339	-92.9977	81.8727	-25.9485	2.6803	23.0543	-0.3232	-0.1694	-0.1004	-0.4646	-0.5570	-0.4621	0.5102	0.0553	0.0103	-0.0263	9.7851	0.3992	-0.5125	0.1492889831630695	1	3	15	Upright	Normal
9.3853	0.3831	-0.7661	-2.3825	-93.0092	81.7894	-25.5055	2.7534	22.8666	-0.3994	-0.0244	-0.2517	-0.4640	-0.5576	-0.4619	0.5103	-0.0054	0.0305	-0.0178	9.7847	0.4075	-0.5145	-0.06020876113591278	1	3	15	Upright	Normal
9.4236	0.4214	-0.7278	-2.5342	-93.1217	81.6637	-26.2756	2.6242	23.1822	-0.3588	-0.0121	-0.1942	-0.4631	-0.5592	-0.4616	0.5096	0.0276	-0.0142	-0.0242	9.7824	0.4335	-0.5336	0.03674733519594042	1	3	15	Upright	Normal
9.3476	0.1921	-0.7284	-2.5110	-93.2722	81.5452	-25.7571	2.5395	22.8279	-0.4336	-0.2375	-0.1691	-0.4633	-0.5603	-0.4604	0.5095	0.0319	0.0092	0.0024	9.7812	0.4296	-0.5593	-0.08314776107868305	1	3	15	Upright	Normal
9.3470	0.2298	-0.6895	-2.4726	-93.3080	81.4600	-25.8313	2.8761	22.5039	-0.4341	-0.1930	-0.1240	-0.4632	-0.5606	-0.4597	0.5098	0.0042	0.0092	0.0173	9.7811	0.4229	-0.5655	-0.0026910121595697944	1	3	15	Upright	Normal
9.4242	0.1921	-0.7284	-2.4489	-93.3351	81.3898	-25.7163	2.6176	22.1619	-0.3569	-0.2269	-0.1583	-0.4631	-0.5609	-0.4591	0.5100	-0.0107	-0.0131	0.0067	9.7811	0.4190	-0.5701	0.07904555688767623	1	3	15	Upright	Normal
9.3859	0.1921	-0.7284	-2.3378	-93.5501	81.2839	-25.2674	3.0188	22.9290	-0.3937	-0.2077	-0.1217	-0.4639	-0.5619	-0.4573	0.5099	-0.0086	-0.0174	0.0067	9.7796	0.3998	-0.6068	-0.03817824622086796	1	3	15	Upright	Normal
9.3476	0.2304	-0.8051	-2.2871	-93.5927	81.1515	-26.1157	2.8492	22.7770	-0.4320	-0.1607	-0.1909	-0.4637	-0.5624	-0.4563	0.5104	0.0266	0.0124	0.0013	9.7796	0.3912	-0.6141	-0.031045153572312856	1	3	15	Upright	Normal
9.3859	0.1921	-0.8434	-2.1975	-93.8058	80.9787	-26.1030	3.0992	23.1563	-0.3919	-0.1838	-0.1929	-0.4641	-0.5637	-0.4542	0.5104	0.0287	-0.0163	-0.0210	9.7778	0.3759	-0.6505	0.040638581168447985	1	3	15	Upright	Normal
9.3476	0.1921	-0.7667	-2.1953	-93.9625	80.8305	-25.5130	3.0500	22.6720	-0.4284	-0.1835	-0.0895	-0.4640	-0.5650	-0.4529	0.5103	0.0489	-0.0110	-0.0232	9.7760	0.3756	-0.6773	-0.04471717485789917	1	3	15	Upright	Normal
9.4242	0.1921	-0.8434	-2.1339	-94.0975	80.5752	-25.6710	2.9636	22.5959	-0.3506	-0.1728	-0.1431	-0.4635	-0.5664	-0.4509	0.5108	0.0245	0.0018	-0.0161	9.7748	0.3650	-0.7003	0.08285672003312783	2	3	16	Upright	Normal
9.3859	0.2304	-0.8434	-2.1055	-94.1855	80.5186	-25.4577	2.7654	22.6929	-0.3880	-0.1297	-0.1281	-0.4637	-0.5669	-0.4502	0.5108	0.0032	-0.0025	-0.0225	9.7739	0.3602	-0.7153	-0.037281197560513846	2	3	16	Upright	Normal
9.4242	0.1155	-0.8051	-2.1046	-94.2286	80.4453	-25.3630	2.9957	22.4320	-0.3491	-0.2445	-0.0823	-0.4635	-0.5674	-0.4497	0.5108	0.0010	0.0039	-0.0204	9.7733	0.3600	-0.7227	0.032699499939306875	2	3	16	Upright	Normal
9.4242	0.1538	-0.6901	-2.0718	-94.2267	80.3562	-26.2011	2.6345	21.7945	-0.3494	-0.2007	0.0323	-0.4632	-0.5677	-0.4491	0.5113	0.0234	0.0103	-0.0172	9.7736	0.3545	-0.7225	-0.008547569658547971	2	3	16	Upright	Normal
9.3087	0.1532	-0.6512	-2.0538	-94.1810	80.2986	-25.6630	3.1776	22.1209	-0.4655	-0.1980	0.0633	-0.4629	-0.5676	-0.4490	0.5119	0.0053	0.0135	-0.0193	9.7742	0.3512	-0.7145	-0.1179775827614229	2	3	16	Upright	Normal
9.3853	0.1149	-0.6895	-2.0138	-94.1330	80.2316	-25.3713	2.9673	23.2858	-0.3898	-0.2295	0.0169	-0.4625	-0.5675	-0.4487	0.5125	0.0064	0.0039	-0.0187	9.7751	0.3445	-0.7064	0.07858739765039857	2	3	16	Upright	Normal
9.3087	0.1149	-0.7278	-1.9832	-94.1406	80.1692	-26.1714	3.4124	22.5164	-0.4664	-0.2243	-0.0201	-0.4624	-0.5677	-0.4482	0.5129	0.0011	0.0114	-0.0166	9.7751	0.3392	-0.7078	-0.07347971008853804	2	3	16	Upright	Normal
9.3853	0.1915	-0.7278	-2.0195	-94.1391	80.0765	-26.1013	3.6706	22.2903	-0.3897	-0.1538	-0.0204	-0.4618	-0.5682	-0.4480	0.5131	-0.0042	-0.0025	-0.0262	9.7749	0.3454	-0.7075	0.07760963208221128	2	3	16	Upright	Normal
9.3476	0.1921	-0.6901	-2.0826	-94.1962	79.9710	-25.7066	2.6965	22.3513	-0.4263	-0.1640	0.0271	-0.4612	-0.5691	-0.4476	0.5129	-0.0010	-0.0078	-0.0272	9.7739	0.3561	-0.7172	-0.04041681193001878	2	3	16	Upright	Normal
9.4242	0.2304	-0.6901	-2.1310	-94.2257	79.9195	-25.7131	2.8489	22.0043	-0.3490	-0.1341	0.0320	-0.4608	-0.5696	-0.4475	0.5128	0.0022	-0.0036	-0.0304	9.7731	0.3645	-0.7222	0.07723396202735877	2	3	16	Upright	Normal
9.4619	0.2298	-0.7278	-2.2045	-94.2385	79.8385	-25.6743	3.3697	22.5775	-0.3106	-0.1472	-0.0036	-0.4601	-0.5703	-0.4474	0.5127	-0.0011	0.0007	-0.0211	9.7725	0.3771	-0.7242	0.040389767024027634	3	3	17	Upright	Normal
9.4619	0.2298	-0.6895	-2.2404	-94.1732	79.7783	-26.4412	2.9646	22.7350	-0.3112	-0.1534	0.0236	-0.4594	-0.5704	-0.4476	0.5132	-0.0075	0.0071	-0.0232	9.7731	0.3832	-0.7132	-0.0028596296714642477	3	3	17	Upright	Normal
9.3853	0.1915	-0.7278	-2.2637	-94.2052	79.7148	-26.4901	2.8614	22.6335	-0.3873	-0.1956	-0.0093	-0.4591	-0.5709	-0.4473	0.5131	0.0031	-0.0025	-0.0285	9.7725	0.3871	-0.7186	-0.07434728744990338	3	3	17	Upright	Normal
9.3087	0.1915	-0.6512	-2.2462	-94.1678	79.6735	-26.4095	2.5146	22.0356	-0.4645	-0.1927	0.0611	-0.4588	-0.5708	-0.4471	0.5136	0.0106	0.0039	-0.0200	9.7731	0.3843	-0.7123	-0.08201004859208183	3	3	17	Upright	Normal
9.3476	0.1921	-0.6901	-2.2309	-94.1515	79.6512	-26.1790	2.9629	22.7269	-0.4259	-0.1894	0.0193	-0.4587	-0.5708	-0.4470	0.5138	0.0063	-0.0046	-0.0190	9.7734	0.3816	-0.7094	0.04159323666206305	3	3	17	Upright	Normal
9.3470	0.1532	-0.7278	-2.2066	-94.1588	79.6411	-26.2644	2.8430	22.1070	-0.4266	-0.2242	-0.0171	-0.4588	-0.5707	-0.4468	0.5139	0.0021	0.0007	-0.0160	9.7736	0.3774	-0.7108	0.0015363257910898653	3	3	17	Upright	Normal
9.4242	0.1155	-0.6901	-2.1689	-94.1563	79.6007	-25.9835	2.9696	22.7919	-0.3496	-0.2554	0.0202	-0.4588	-0.5707	-0.4465	0.5142	0.0128	0.0007	-0.0138	9.7737	0.3710	-0.7103	0.07359504880052015	3	3	17	Upright	Normal
9.3476	0.2304	-0.6518	-2.1412	-94.1538	79.5816	-26.3987	2.7967	22.5914	-0.4265	-0.1359	0.0581	-0.4588	-0.5707	-0.4463	0.5144	0.0138	0.0114	-0.0128	9.7740	0.3663	-0.7099	-0.07700959178689715	3	3	17	Upright	Normal
9.4236	0.1915	-0.6129	-2.1176	-94.1116	79.5701	-26.1917	2.3615	22.0129	-0.3510	-0.1707	0.0898	-0.4587	-0.5705	-0.4463	0.5148	0.0075	0.0007	-0.0224	9.7746	0.3623	-0.7027	0.07232248437607147	3	3	17	Upright	Normal
9.3859	0.1538	-0.7284	-2.1162	-94.1142	79.5486	-26.0966	2.9850	22.3591	-0.3888	-0.2081	-0.0253	-0.4586	-0.5706	-0.4462	0.5149	0.0192	0.0050	-0.0192	9.7746	0.3620	-0.7031	-0.030074399839419286	4	3	18	Upright	Normal
9.3859	0.1538	-0.6518	-2.0996	-94.0577	79.5242	-26.8281	3.1723	22.6524	-0.3895	-0.2053	0.0417	-0.4583	-0.5704	-0.4462	0.5153	0.0213	0.0092	-0.0174	9.7754	0.3591	-0.6936	-0.005616072225468116	4	3	18	Upright	Normal
9.4242	0.1155	-0.6135	-2.0619	-94.0418	79.5338	-26.3664	2.5756	21.7962	-0.3516	-0.2372	0.0774	-0.4585	-0.5701	-0.4461	0.5155	0.0042	0.0092	-0.0163	9.7758	0.3527	-0.6909	0.03509280478595578	4	3	18	Upright	Normal
9.4625	0.1538	-0.5752	-2.0323	-94.0288	79.5238	-25.8569	2.6988	22.2421	-0.3136	-0.1938	0.1134	-0.4585	-0.5700	-0.4460	0.5157	0.0021	0.0124	-0.0163	9.7761	0.3476	-0.6886	0.03635933872663344	4	3	18	Upright	Normal
9.3476	0.1538	-0.5752	-1.9957	-94.0193	79.4975	-26.2086	3.2439	22.6591	-0.4290	-0.1876	0.1118	-0.4585	-0.5699	-0.4457	0.5160	-0.0118	0.0028	-0.0121	9.7766	0.3415	-0.6870	-0.11467006940436164	4	3	18	Upright	Normal
9.3859	0.1538	-0.6135	-1.9689	-94.0089	79.4705	-25.9896	3.0118	22.5781	-0.3910	-0.1829	0.0717	-0.4585	-0.5699	-0.4455	0.5163	-0.0171	0.0135	-0.0067	9.7769	0.3367	-0.6852	0.04064253678267882	4	3	18	Upright	Normal
9.4619	0.1532	-0.5363	-1.9308	-93.9940	79.4663	-26.0158	2.5754	21.7980	-0.3153	-0.1772	0.1465	-0.4586	-0.5697	-0.4454	0.5166	-0.0042	0.0071	-0.0115	9.7772	0.3304	-0.6828	0.07113856025883436	4	3	18	Upright	Normal
9.3476	0.1921	-0.4986	-1.9075	-93.9750	79.4619	-26.4901	2.8809	21.9293	-0.4301	-0.1341	0.1809	-0.4586	-0.5695	-0.4453	0.5168	0.0096	0.0018	-0.0125	9.7776	0.3262	-0.6795	-0.11546541777676467	4	3	18	Upright	Normal
9.3859	0.1155	-0.6135	-1.8786	-93.9600	79.4213	-26.6048	3.5064	22.0396	-0.3921	-0.2058	0.0634	-0.4585	-0.5695	-0.4451	0.5171	0.0085	0.0103	-0.0083	9.7779	0.3213	-0.6770	0.0437786336057453	4	3	18	Upright	Normal
9.3476	0.0389	-0.5369	-1.8419	-93.9335	79.3900	-26.8156	2.6146	21.9887	-0.4308	-0.2762	0.1356	-0.4584	-0.5694	-0.4448	0.5175	-0.0074	0.0039	-0.0115	9.7784	0.3151	-0.6725	-0.043550585035765366	4	3	18	Upright	Normal
9.4242	0.0772	-0.5752	-1.7994	-93.9084	79.3570	-26.1818	3.2362	22.3361	-0.3548	-0.2306	0.0929	-0.4583	-0.5692	-0.4446	0.5179	-0.0042	0.0007	-0.0136	9.7790	0.3078	-0.6681	0.07896571861047796	5	3	19	Upright	Normal
9.4242	0.0389	-0.5369	-1.7629	-93.8902	79.3329	-26.4469	3.1502	22.1516	-0.3552	-0.2626	0.1282	-0.4583	-0.5691	-0.4444	0.5183	-0.0064	-0.0068	-0.0155	9.7794	0.3015	-0.6651	-0.002491317821068151	5	3	19	Upright	Normal
9.4242	0.1155	-0.5369	-1.7324	-93.8644	79.3013	-26.7154	3.1813	22.1365	-0.3557	-0.1809	0.1238	-0.4582	-0.5690	-0.4442	0.5187	-0.0160	-0.0078	-0.0091	9.7799	0.2964	-0.6607	6.264405577773857E-4	5	3	19	Upright	Normal
9.4625	0.0006	-0.5369	-1.6792	-93.8206	79.2995	-26.9080	2.7515	21.7946	-0.3181	-0.2867	0.1163	-0.4582	-0.5686	-0.4441	0.5191	-0.0064	-0.0004	-0.0187	9.7806	0.2873	-0.6532	0.0375312343935601	5	3	19	Upright	Normal
9.4242	0.0006	-0.5752	-1.6285	-93.8190	79.2907	-26.4641	2.9105	21.9425	-0.3567	-0.2779	0.0778	-0.4584	-0.5685	-0.4438	0.5193	0.0042	-0.0153	-0.0198	9.7809	0.2785	-0.6530	-0.03598194422563061	5	3	19	Upright	Normal
9.3476	0.0006	-0.6135	-1.5720	-93.8241	79.2874	-26.2580	3.0921	22.3192	-0.4335	-0.2683	0.0404	-0.4587	-0.5683	-0.4435	0.5196	0.0149	-0.0057	-0.0176	9.7811	0.2689	-0.6539	-0.07402631324432107	5	3	19	Upright	Normal
9.3859	0.0389	-0.5369	-1.5428	-93.8300	79.2628	-25.8289	3.5878	21.9571	-0.3952	-0.2251	0.1179	-0.4587	-0.5683	-0.4432	0.5198	0.0170	-0.0121	-0.0240	9.7811	0.2640	-0.6548	0.03361265028756222	5	3	19	Upright	Normal
9.4625	0.0772	-0.5746	-1.5512	-93.8325	79.2216	-26.4155	3.5391	22.6224	-0.3186	-0.1881	0.0807	-0.4585	-0.5685	-0.4431	0.5199	0.0181	-0.0121	-0.0275	9.7811	0.2653	-0.6553	0.07892029963575631	5	3	19	Upright	Normal
9.3859	0.0772	-0.6135	-1.5661	-93.8730	79.2144	-26.3496	2.8194	22.2159	-0.3946	-0.1906	0.0486	-0.4585	-0.5688	-0.4430	0.5196	0.0139	-0.0121	-0.0275	9.7805	0.2679	-0.6621	-0.07399848933619246	5	3	19	Upright	Normal
9.4242	0.0772	-0.6518	-1.5921	-93.9548	79.2189	-26.0206	2.9052	22.4859	-0.3552	-0.1951	0.0244	-0.4588	-0.5692	-0.4428	0.5191	0.0117	-0.0142	-0.0275	9.7794	0.2723	-0.6762	0.040783232014639736	5	3	19	Upright	Normal
9.3476	0.0772	-0.6518	-1.6206	-94.0329	79.2255	-25.9079	3.3812	22.4004	-0.4308	-0.1999	0.0377	-0.4590	-0.5697	-0.4426	0.5186	0.0043	-0.0121	-0.0371	9.7784	0.2771	-0.6895	-0.07641346086003864	6	3	20	Upright	Normal
9.3859	0.1155	-0.6518	-1.7005	-94.1362	79.2281	-26.0787	2.9421	22.5068	-0.3909	-0.1752	0.0552	-0.4590	-0.5704	-0.4426	0.5177	0.0085	-0.0217	-0.0403	9.7767	0.2907	-0.7070	0.03859807418631789	6	3	20	Upright	Normal
9.3087	0.1149	-0.6512	-1.7868	-94.1701	79.2462	-26.5278	2.5014	22.3223	-0.4672	-0.1906	0.0617	-0.4588	-0.5708	-0.4430	0.5171	0.0181	-0.0089	-0.0353	9.7758	0.3056	-0.7129	-0.0770563658566843	6	3	20	Upright	Normal
9.3470	0.1532	-0.5746	-1.8452	-94.1668	79.3018	-26.5574	2.5598	22.6106	-0.4286	-0.1624	0.1377	-0.4588	-0.5708	-0.4435	0.5167	0.0138	-0.0131	-0.0332	9.7755	0.3156	-0.7123	0.03374120078463605	6	3	20	Upright	Normal
9.3470	0.1915	-0.6512	-1.9167	-94.1658	79.3350	-26.2492	3.0959	22.6418	-0.4283	-0.1363	0.0609	-0.4586	-0.5709	-0.4440	0.5163	0.0128	-0.0014	-0.0289	9.7752	0.3279	-0.7121	0.0057157164164003404	6	3	20	Upright	Normal
9.4236	0.1532	-0.6512	-1.9232	-94.1367	79.3246	-26.6508	3.4057	21.9578	-0.3519	-0.1757	0.0558	-0.4585	-0.5709	-0.4441	0.5164	0.0202	0.0028	-0.0214	9.7755	0.3289	-0.7070	0.07570182926822078	6	3	20	Upright	Normal
9.4242	0.1538	-0.5752	-1.9122	-94.1264	79.3082	-25.8239	2.8433	21.7523	-0.3515	-0.1733	0.1302	-0.4584	-0.5708	-0.4440	0.5166	0.0160	-0.0025	-0.0193	9.7757	0.3271	-0.7054	-0.004325822562732284	6	3	20	Upright	Normal
9.4625	0.1538	-0.6135	-1.9000	-94.1019	79.3173	-26.1551	2.7720	21.6168	-0.3136	-0.1712	0.0877	-0.4584	-0.5706	-0.4441	0.5167	0.0065	0.0018	-0.0162	9.7761	0.3250	-0.7012	0.040624270891189695	6	3	20	Upright	Normal
9.4236	0.2298	-0.6895	-1.9415	-94.1410	79.2883	-26.0211	3.0290	22.0965	-0.3518	-0.1022	0.0183	-0.4582	-0.5711	-0.4440	0.5165	0.0054	-0.0089	-0.0215	9.7754	0.3320	-0.7078	-0.03202906880484235	6	3	20	Upright	Normal
9.3853	0.2682	-0.6512	-1.9757	-94.1240	79.2816	-26.2442	2.8331	22.2769	-0.3901	-0.0697	0.0537	-0.4579	-0.5712	-0.4442	0.5164	0.0160	0.0039	-0.0162	9.7754	0.3379	-0.7049	-0.039898493295408954	6	3	20	Upright	Normal
9.4236	0.1532	-0.6129	-1.9750	-94.0691	79.2480	-26.3068	3.0427	22.0612	-0.3524	-0.1847	0.0826	-0.4576	-0.5710	-0.4443	0.5168	0.0203	-0.0004	-0.0183	9.7760	0.3379	-0.6955	0.033066397971193595	7	3	21	Upright	Normal
Total time: 21 seconds.
