9.8839	0.3454	0.6889	-3.1641	-83.7801	104.9251	-22.0766	-7.8350	19.2032	0.1499	-0.1959	-0.3718	-0.5167	-0.4230	-0.6013	0.4388	0.4602	-0.5883	0.4805	9.7339	0.5412	1.0608	-0.0673290631592316	6	4	1	Upright	Normal
9.6157	0.6135	-0.4220	1.9577	-86.0491	99.1478	-21.7702	-5.7203	19.4700	-0.1619	0.9486	-1.0971	-0.5274	-0.4329	-0.5489	0.4829	0.9290	0.0487	1.2496	9.7776	-0.3350	0.6752	-0.2694092128921479	6	4	1	Upright	Normal
7.8153	-2.4894	0.1526	8.7617	-86.4840	94.4811	-22.9752	-2.0032	19.2905	-1.8586	-0.9954	-0.4417	-0.5393	-0.4229	-0.4978	0.5315	0.5572	-0.3103	0.8959	9.6739	-1.4940	0.5944	-1.4408721504157516	6	0	1	Upright	Normal
7.6231	-2.1069	-0.8428	10.7361	-89.4466	91.8972	-21.8017	0.9380	20.0428	-2.0113	-0.2800	-0.9357	-0.5497	-0.4394	-0.4626	0.5392	0.5401	-0.7641	0.0767	9.6344	-1.8269	0.0929	-0.24993805689322635	0	0	1	Upright	Normal
9.6540	-2.9874	-2.2607	11.9589	-94.1126	87.4285	-20.7695	2.3099	20.8935	0.0850	-0.9551	-1.5727	-0.5544	-0.4772	-0.4131	0.5424	0.8192	-0.5883	0.2237	9.5690	-2.0322	-0.6880	2.401757761681427	0	0	1	Upright	Normal
9.9988	-4.8644	-3.7164	12.6491	-100.7171	84.3332	-19.0210	3.0628	20.5870	0.5972	-2.7168	-1.9369	-0.5659	-0.5201	-0.3628	0.5269	-0.0831	-1.9274	-0.6956	9.4016	-2.1476	-1.7795	1.3684725984567088	0	0	1	Upright	Normal
8.0451	-1.5700	-2.4140	8.2090	-103.6086	92.1936	-17.6156	1.7016	23.4527	-1.3885	-0.1697	-0.1302	-0.5955	-0.5117	-0.4054	0.4682	-1.7970	2.3220	-0.3777	9.4336	-1.4003	-2.2838	-3.1789719795034728	0	0	1	Upright	Normal
11.1474	-0.3448	11.5688	-2.6591	-82.0678	106.3671	-22.1278	-2.9088	19.8012	1.4451	-0.7997	10.2170	-0.5149	-0.4073	-0.6128	0.4397	-1.6490	0.4034	-1.9894	9.7024	0.4549	1.3518	7.5243060389301295	0	0	1	Upright	Normal
4.9416	1.2641	1.1109	-6.1960	-88.8238	112.3250	-22.7734	-8.9972	17.9011	-4.8056	0.2058	0.9108	-0.5589	-0.4212	-0.6135	0.3658	-0.6039	0.1840	-0.2978	9.7472	1.0584	0.2001	-10.848949412035171	0	0	1	Upright	Normal
8.3893	2.1452	2.1835	-12.0824	-80.0516	113.4852	-22.0704	-10.3235	16.2243	-1.0558	0.0926	0.5269	-0.4906	-0.4181	-0.6739	0.3610	0.8171	-0.3060	-1.0477	9.4451	2.0526	1.6566	3.7099880660583784	0	1	2	Jump	Normal
10.0748	2.9113	-1.1492	-14.5350	-84.0354	117.5910	-21.8229	-11.6353	15.6659	0.6334	0.4503	-2.1356	-0.5192	-0.4244	-0.6742	0.3094	-1.3411	0.1957	-0.3500	9.4414	2.4611	0.9864	1.6195017950341803	0	1	2	PT	Normal
12.3355	6.2058	-1.1115	-14.4362	-91.3909	120.0194	-21.3573	-13.2703	16.7185	2.8413	3.7611	-0.8809	-0.5710	-0.4309	-0.6451	0.2685	0.3655	-2.7327	0.4243	9.4942	2.4446	-0.2306	3.3034459080638143	0	1	2	PT	Normal
9.3093	-1.9148	0.9571	-10.7272	-94.1113	119.4300	-19.4856	-11.5933	19.6557	-0.3012	-3.7400	1.6480	-0.5972	-0.4225	-0.6202	0.2830	-0.2141	0.2330	0.4466	9.6105	1.8253	-0.6909	-4.300973628796681	0	1	2	Jump	Normal
10.3052	-2.9108	5.1709	-6.1928	-81.8424	120.4553	-21.7704	-11.0851	16.6070	0.6545	-3.9685	3.7875	-0.5475	-0.3602	-0.6725	0.3439	-0.2034	1.9630	1.4139	9.6507	1.0578	1.3834	2.339258918980798	0	1	2	PT	Normal
7.1641	1.6478	1.6083	6.8223	-67.9459	116.2869	-25.4361	-6.9006	10.9766	-1.8606	2.8129	-2.0478	-0.4998	-0.2525	-0.6856	0.4652	1.2443	3.6024	2.8318	9.0246	-1.1651	3.6561	-4.366475309549782	0	1	2	Jump	Normal
3.5249	-1.4934	1.8765	13.2021	-63.8475	108.1308	-27.5593	-1.4515	7.1863	-5.0450	0.7465	-2.3317	-0.4826	-0.2293	-0.6470	0.5440	-0.0127	-2.5601	2.9436	8.5699	-2.2399	4.2081	-3.2616577631586026	0	1	2	PT	Normal
11.2246	-7.1245	2.9874	10.7341	-82.0975	100.2530	-25.7954	2.9676	12.6771	1.6812	-5.2979	1.6628	-0.5470	-0.3650	-0.5369	0.5285	0.4773	-3.7223	-3.8431	9.5434	-1.8266	1.3246	9.362869567108966	0	1	2	Jump	Normal
8.6197	1.9160	5.5156	1.2499	-80.8109	108.1454	-24.8227	-4.1633	17.2815	-1.0587	2.1299	3.9500	-0.5297	-0.3736	-0.6124	0.4525	-1.2953	-0.0397	-1.4015	9.6784	-0.2140	1.5657	-3.215095867795645	0	1	2	PT	Normal
9.4242	1.2647	3.1406	-3.2638	-86.1801	112.1359	-23.4162	-8.4303	19.5734	-0.3448	0.7064	2.4885	-0.5550	-0.3984	-0.6165	0.3913	-1.2516	-0.0173	0.1239	9.7689	0.5583	0.6521	-0.39724507774695894	0	1	2	Upright	Normal
3.3710	-2.1069	1.0343	-3.5382	-75.0796	115.2029	-24.4605	-9.5205	16.7994	-6.0868	-2.7120	-1.4858	-0.5011	-0.3470	-0.6793	0.4088	0.6563	3.0943	-1.1661	9.4578	0.6051	2.5200	-5.906301162224323	0	0	3	Upright	Normal
14.1743	7.0108	3.5620	-13.0112	-73.3348	121.9669	-25.3553	-13.3667	13.9502	5.0208	4.8031	0.8220	-0.4748	-0.3673	-0.7297	0.3274	-0.7701	-3.3282	-0.6857	9.1535	2.2078	2.7400	12.101955169451816	0	0	3	Upright	Normal
14.9398	3.8307	-0.9577	-11.4640	-87.6034	118.0711	-21.8081	-15.0711	18.2253	5.3373	1.8817	-1.3595	-0.5535	-0.4162	-0.6514	0.3102	1.2017	-1.3479	0.8100	9.6025	1.9490	0.4018	-0.7567616017227827	0	0	3	Upright	Normal
9.3859	-1.0720	1.3785	-5.7652	-80.0602	115.7481	-21.6265	-12.6483	19.8351	-0.2246	-2.0571	-0.3057	-0.5235	-0.3742	-0.6648	0.3793	-0.5922	3.0517	1.1138	9.6105	0.9851	1.6842	-5.905835959948243	0	0	3	Upright	Normal
5.5545	0.6129	2.8730	1.8334	-70.0449	117.1147	-25.8309	-11.5013	15.6979	-3.6585	0.9267	-0.4720	-0.4964	-0.2882	-0.6938	0.4350	-0.6625	1.4740	0.8997	9.2130	-0.3138	3.3450	-3.263475850542382	0	0	3	Upright	Normal
2.4517	-1.9154	5.0566	10.6720	-55.6562	108.3967	-29.6694	-5.6516	9.5816	-5.5052	-0.0992	-0.3802	-0.4251	-0.2052	-0.6887	0.5503	0.3644	0.4982	1.9181	7.9568	-1.8162	5.4368	-0.34642045310577974	0	0	3	Upright	Normal
5.8227	-3.6775	1.8387	18.0390	-62.6598	98.1152	-29.9761	-0.9984	10.1629	-2.4602	-0.6406	-2.4437	-0.4757	-0.2354	-0.5838	0.6144	1.4819	-0.7524	0.9892	8.2829	-3.0369	4.2825	1.1909498211196192	0	0	3	Upright	Normal
12.5654	-2.1063	3.0640	4.8551	-77.8370	101.8409	-27.3011	-2.0327	17.0257	3.0134	-1.2761	1.0053	-0.5080	-0.3701	-0.5866	0.5107	-1.6937	0.8253	-2.7435	9.5520	-0.8302	2.0587	5.975944779585766	0	0	3	Upright	Normal
8.7724	1.4557	3.0263	-1.2050	-83.0538	105.1682	-26.0972	-7.5900	19.6210	-0.9601	1.2495	1.8407	-0.5218	-0.4090	-0.5988	0.4493	0.3325	-1.8006	-0.5906	9.7324	0.2062	1.1856	-3.7107456100288037	0	0	3	Upright	Normal
4.7501	-1.8004	2.3750	-1.0024	-78.4322	111.8737	-23.5599	-10.1342	21.4556	-4.8559	-1.9719	0.4090	-0.5200	-0.3597	-0.6449	0.4294	-0.5954	1.4751	-0.2263	9.6060	0.1715	1.9661	-3.785588308473433	0	0	3	Upright	Normal
5.7461	1.4174	3.1795	-9.6258	-63.3458	114.5547	-25.9000	-12.6747	16.9166	-2.8949	-0.2224	-1.1577	-0.4016	-0.3429	-0.7373	0.4214	-0.3227	1.1544	-1.6899	8.6410	1.6397	4.3372	1.1106960955631857	0	1	4	PT	Normal
16.5104	5.4396	3.6009	-13.1273	-75.3212	117.7283	-25.2345	-16.0299	16.1143	7.2718	3.2126	1.1809	-0.4728	-0.3913	-0.7093	0.3469	0.1077	-3.6297	0.0006	9.2386	2.2271	2.4199	11.034111898726469	0	1	4	Jump	Normal
10.2663	1.8771	-1.8771	-10.1506	-88.4251	115.3851	-20.4712	-15.3485	22.8713	0.6170	0.1489	-2.1422	-0.5532	-0.4248	-0.6364	0.3294	0.5327	0.1201	0.5578	9.6494	1.7282	0.2652	-7.148480044184158	0	1	4	Jump	Normal
9.9988	0.4986	1.9531	-5.1534	-79.5537	113.8134	-21.8532	-12.9035	22.3710	0.3937	-0.3822	0.1823	-0.5166	-0.3779	-0.6589	0.3951	-0.2044	2.2037	0.9554	9.6051	0.8808	1.7708	-0.4039969583067684	0	1	4	PT	Normal
4.6735	-0.0766	4.9033	7.3214	-58.9718	110.1491	-26.9051	-9.3109	15.4278	-3.6613	1.1732	-0.1103	-0.4346	-0.2357	-0.6943	0.5231	0.5104	2.5712	2.2688	8.3348	-1.2498	5.0136	-3.4257587065583595	0	1	4	PT	Normal
6.1298	-1.1103	1.7232	11.9000	-59.3946	101.7560	-29.9936	-3.5323	10.8964	-2.1293	0.9120	-3.1621	-0.4391	-0.2411	-0.6379	0.5850	0.8065	-1.9071	1.8619	8.2591	-2.0224	4.8854	-0.31071812172255076	0	1	4	Upright	Normal
11.9135	-9.2703	6.8570	16.8822	-63.4908	93.3737	-27.7992	1.5029	13.9746	3.5162	-6.4223	2.6686	-0.4643	-0.2662	-0.5591	0.6332	1.0931	-1.3745	-1.4937	8.3974	-2.8481	4.1884	10.116273951182075	0	0	4	Upright	Normal
10.7266	1.8010	2.7192	1.5860	-78.4645	100.8434	-24.4981	-2.0930	18.9688	1.1218	2.0725	0.7590	-0.4943	-0.3947	-0.5914	0.5002	-1.9461	-0.1047	-2.2703	9.6048	-0.2714	1.9603	-5.368264662403039	0	0	4	Upright	Normal
7.0108	2.4140	1.8381	-2.5844	-84.1618	107.6931	-21.6236	-8.6370	21.9026	-2.7349	1.9718	0.8417	-0.5311	-0.4088	-0.6080	0.4255	-0.5570	-2.0531	-0.6577	9.7457	0.4422	0.9964	-3.572297192683166	0	0	4	Upright	Normal
3.7930	-2.9874	3.4087	-0.7285	-74.0372	113.7868	-21.9267	-11.2309	21.0269	-5.6346	-3.1120	0.7121	-0.5015	-0.3331	-0.6709	0.4329	0.0629	1.6828	-0.0249	9.4276	0.1246	2.6966	-1.7289812770665511	0	0	4	Upright	Normal
7.6237	4.4059	1.9914	-10.9950	-65.6668	115.1288	-24.1175	-10.6982	16.2200	-1.1477	2.5356	-1.9751	-0.4123	-0.3574	-0.7338	0.4048	-0.3759	-0.6874	-1.6324	8.7715	1.8703	3.9664	3.1174330462077817	0	1	5	PT	Normal
15.1703	4.1761	0.1526	-12.6681	-80.4925	118.4036	-20.7319	-14.8565	18.7177	5.7338	2.0256	-1.4277	-0.5085	-0.4011	-0.6881	0.3272	-0.3514	-2.7838	0.1658	9.4364	2.1504	1.5803	6.70769681837651	0	1	5	Jump	Normal
9.8839	1.4563	0.6889	-11.6148	-84.5916	116.8031	-17.3150	-14.3912	21.9571	0.3208	-0.5180	-0.2164	-0.5310	-0.4145	-0.6625	0.3276	0.3303	0.6698	0.3117	9.5630	1.9743	0.9053	-5.721012024577963	0	1	5	Jump	Normal
9.6540	-2.0680	5.5156	-6.5305	-74.0228	118.9623	-19.2940	-12.4831	19.9819	0.2875	-3.1832	2.8338	-0.4946	-0.3444	-0.7042	0.3753	-0.6923	2.0493	0.6763	9.3666	1.1152	2.6818	1.2948752279484026	0	1	5	PT	Normal
6.2824	1.8387	1.6089	3.6961	-67.2163	118.2475	-22.2173	-10.3367	16.4918	-2.7402	2.4711	-2.1808	-0.4886	-0.2609	-0.7053	0.4425	0.0694	2.2048	2.5362	9.0225	-0.6324	3.7897	-4.568442101453949	0	1	5	Jump	Normal
2.6432	-1.0726	5.1715	12.4513	-52.9332	106.5998	-25.8388	-3.8653	10.7612	-4.9977	1.0419	-0.6003	-0.4132	-0.1869	-0.6846	0.5706	0.2600	-0.7577	2.1740	7.6409	-2.1145	5.7718	-0.8347191711469089	0	1	5	PT	Normal
11.4922	-6.1675	2.9880	19.9598	-61.4030	97.3027	-24.1112	1.0549	12.7495	3.3992	-2.8198	-1.4240	-0.4759	-0.2203	-0.5773	0.6259	1.3423	-2.1095	0.2331	8.0930	-3.3477	4.4119	7.474418571281857	0	1	5	Jump	Normal
16.7025	-0.9188	3.0257	6.1028	-75.8696	102.9983	-20.7114	-0.2064	17.9425	7.2467	0.1240	0.6452	-0.5066	-0.3493	-0.5960	0.5159	-2.0995	1.7563	-2.9030	9.4559	-1.0428	2.3804	3.6187267886468213	0	1	5	Jump	Normal
8.0445	0.2298	4.0223	-0.2085	-80.9580	107.5894	-18.6027	-6.4085	18.8811	-1.6402	0.1942	2.4811	-0.5230	-0.3846	-0.6145	0.4483	0.0950	-2.2736	-0.7964	9.6847	0.0356	1.5411	-8.002210108191496	0	1	5	Jump	Normal
3.8696	-2.4128	1.9531	0.8767	-73.5563	111.6274	-17.3785	-7.3979	18.9602	-5.5348	-2.2625	-0.8226	-0.4987	-0.3313	-0.6600	0.4538	-0.1159	1.5443	-0.4288	9.4044	-0.1502	2.7756	-4.036134699353938	0	1	5	Jump	Normal
6.2447	3.9462	2.9108	-8.8035	-60.1969	115.1504	-19.7269	-9.2315	15.2678	-2.1647	2.4454	-1.9059	-0.3865	-0.3241	-0.7488	0.4300	-0.5314	1.3782	-1.7977	8.4093	1.5009	4.8167	2.9790219623309246	0	2	6	PT	Normal
14.6340	3.2950	3.6003	-13.9661	-65.4798	116.3549	-18.6709	-11.0071	14.0796	5.9755	0.9284	-0.3493	-0.4022	-0.3699	-0.7441	0.3844	0.3432	-1.7729	0.0324	8.6585	2.3667	3.9495	7.486508462088091	0	2	6	Jump	Normal
13.6380	5.1338	0.6889	-12.9813	-79.0332	116.1518	-15.3089	-11.4423	17.0573	4.2566	2.9310	-1.1289	-0.4905	-0.4083	-0.6886	0.3443	0.1397	-1.5886	0.4276	9.3814	2.2028	1.8178	-0.8378373464929219	0	2	6	PT	Normal
8.8879	0.8434	1.6849	-10.6719	-80.4256	113.2127	-14.4262	-9.4457	17.6804	-0.6149	-0.9726	0.0822	-0.4976	-0.4131	-0.6679	0.3684	0.2078	1.4708	0.4983	9.5027	1.8160	1.6028	-5.503113579625374	0	2	6	Jump	Normal
6.7044	0.3071	3.4087	-0.1070	-67.3177	112.2215	-17.6200	-6.8586	13.6216	-2.3438	0.2890	-0.3727	-0.4597	-0.3097	-0.6912	0.4637	-0.5517	1.7574	2.5116	9.0481	0.0181	3.7815	-1.5579755253074286	0	2	6	PT	Normal
0.1538	-1.1486	5.8221	13.2044	-48.8917	104.8161	-20.3270	-3.2046	8.7441	-7.0397	1.0916	-0.4550	-0.3896	-0.1678	-0.6875	0.5894	0.2004	1.9236	1.5859	7.1935	-2.2402	6.2771	-1.5911406464626872	0	2	6	PT	Normal
3.3333	-5.4390	0.7272	23.3728	-58.6208	98.9771	-20.2460	0.5828	6.0844	-4.3519	-1.5484	-3.9600	-0.4792	-0.1771	-0.5848	0.6301	-0.1480	-3.2035	2.0674	7.6852	-3.8906	4.6872	0.4841588908147072	0	2	6	PT	Normal
12.7952	-3.4087	0.1143	24.7790	-64.9005	93.3531	-17.2702	3.8431	9.9523	4.7323	0.7015	-3.6625	-0.5055	-0.2279	-0.5206	0.6492	0.5594	0.3693	-0.4072	8.0629	-4.1102	3.7769	6.821488260540524	0	2	6	Jump	Normal
3.8313	-9.7294	10.1508	16.4457	-53.4506	91.9189	-17.1817	4.1809	7.0463	-3.7245	-6.9529	4.5499	-0.4088	-0.2176	-0.5907	0.6608	1.1772	1.0767	-3.5005	7.5558	-2.7765	5.6009	1.3312644705581906	0	2	6	PT	Normal
4.1761	-1.9531	5.9370	3.1722	-69.0947	101.8407	-18.0904	-1.0251	5.9247	-4.9710	-1.4103	2.4431	-0.4544	-0.3397	-0.6292	0.5312	-1.7128	-2.5676	-3.1287	9.1470	-0.5427	3.4939	-7.056416286233868	0	2	6	Jump	Normal
4.5592	3.5632	0.5740	-6.6200	-88.4771	114.4354	-17.3356	-8.3106	10.3727	-5.1787	2.4327	0.3151	-0.5632	-0.4119	-0.6231	0.3534	-0.3727	-2.1489	-0.5199	9.7378	1.1305	0.2589	-1.7019826305021484	0	3	7	Walk	Normal
3.8696	1.4563	0.1143	-8.7941	-89.5230	111.0091	-16.6099	-9.0703	11.9557	-5.8214	-0.0428	0.0337	-0.5478	-0.4425	-0.6140	0.3564	0.2185	0.2937	-0.4538	9.6910	1.4991	0.0807	-1.6786805767517219	0	3	7	Walk	Normal
12.1823	1.1498	-1.1115	-10.1709	-86.3965	119.2391	-17.3378	-9.5884	10.8830	2.5489	-0.5818	-1.7181	-0.5555	-0.4006	-0.6571	0.3149	-1.6894	-0.2805	-0.1726	9.6334	1.7316	0.6066	8.150674989734132	0	3	7	Run	Normal
12.2589	5.9382	-1.5712	-13.8177	-91.7191	121.0768	-17.4602	-10.2494	9.8321	2.7405	3.5962	-1.2854	-0.5791	-0.4233	-0.6444	0.2649	-0.1671	-1.0986	-0.7065	9.5184	2.3420	-0.2858	1.4249109494953984	0	3	7	Walk	Normal
10.9565	0.9966	2.3744	-18.0385	-93.5354	119.2130	-18.3777	-10.2509	10.1616	1.6496	-2.0400	2.9495	-0.5664	-0.4567	-0.6413	0.2437	-0.3983	1.4655	-0.5808	9.3069	3.0366	-0.5751	-2.45669095578001	0	3	7	Walk	Normal
9.5385	-4.0606	5.8993	-9.2583	-76.7730	121.3769	-20.4015	-10.3695	7.4152	0.1164	-5.6382	3.6848	-0.5087	-0.3582	-0.7058	0.3388	0.2451	-0.4637	2.2795	9.4221	1.5776	2.2145	0.6727946644091709	0	3	7	Walk	Normal
5.8610	1.9154	-0.1532	8.4739	-69.6278	110.9679	-23.9578	-2.7053	2.4888	-3.2319	3.3606	-3.5298	-0.5035	-0.2726	-0.6507	0.4987	1.0430	4.6794	3.3181	9.0929	-1.4452	3.3766	-5.759887339122009	0	3	7	Run	Normal
4.2138	-5.4013	3.8690	18.6644	-70.0439	99.5591	-24.1315	4.5455	-0.2949	-4.5192	-2.2628	0.6981	-0.5182	-0.2643	-0.5569	0.5929	1.4915	-2.5633	2.0281	8.7330	-3.1385	3.1710	1.6996662759733328	0	3	7	Walk	Normal
7.8919	-10.6105	3.6769	16.9901	-76.5000	91.2769	-25.2186	7.7002	2.4514	-1.2275	-7.7446	1.4875	-0.5189	-0.3452	-0.4913	0.6084	0.3389	-0.3454	-1.7033	9.1194	-2.8659	2.1893	5.857707980206262	0	3	7	Run	Normal
4.0606	-1.2258	5.5929	4.2047	-78.0294	101.8435	-28.1949	3.6100	3.5912	-5.5070	-0.5067	3.5644	-0.5063	-0.3744	-0.5882	0.5074	-1.8982	-1.3383	-3.4269	9.5675	-0.7192	2.0285	-6.7059474571338695	0	4	8	Run	Normal
9.1937	2.1069	5.0949	-3.5261	-82.5163	108.2692	-29.4903	-3.3099	7.6913	-0.5109	1.5039	3.8201	-0.5206	-0.4049	-0.6208	0.4238	-0.0254	-0.1217	0.0576	9.7046	0.6030	1.2748	3.700756237270153	0	4	8	Run	Normal
3.6009	-1.1492	1.0726	-8.7535	-67.2038	108.2208	-29.4068	-4.6385	6.9154	-5.3344	-2.6416	-2.6827	-0.4098	-0.3750	-0.6976	0.4526	0.0023	4.0711	-2.2530	8.9353	1.4923	3.7553	-6.791055714251324	0	4	8	Run	Normal
8.3127	6.5505	4.5203	-16.9450	-66.6504	116.6873	-29.2550	-9.0973	1.7498	-0.2999	3.6925	0.8024	-0.3979	-0.3900	-0.7460	0.3648	-0.8297	-2.3652	-0.6562	8.6125	2.8581	3.7179	7.579321976925184	0	4	8	Run	Normal
14.3269	4.5969	2.9497	-15.0716	-83.1215	119.5597	-30.3069	-11.4545	8.6340	4.9258	2.0470	1.8157	-0.5189	-0.4158	-0.6848	0.2982	0.0236	-2.3418	0.2297	9.4011	2.5498	1.1340	3.824324349864554	0	4	8	Run	Normal
8.3893	-1.0343	2.1835	-7.7568	-78.1484	111.4470	-30.0812	-9.3797	11.9573	-1.1205	-2.3578	0.1879	-0.4901	-0.3976	-0.6640	0.4010	0.3528	1.3185	1.2662	9.5098	1.3235	1.9956	-6.602437784774093	0	4	8	Run	Normal
7.1251	1.4940	1.7621	2.3378	-67.8213	108.0065	-31.0371	-3.8257	7.5143	-1.9483	1.8941	-1.9366	-0.4612	-0.3141	-0.6646	0.4969	-0.2331	4.0339	2.1599	9.0734	-0.4001	3.6987	-1.2400152032471645	0	4	8	Walk	Normal
0.6895	-1.0343	5.7078	11.0544	-53.9731	93.4192	-30.7330	2.0576	0.7623	-7.0943	0.8462	0.0470	-0.3876	-0.2472	-0.6156	0.6400	0.4657	-0.8131	2.3751	7.7838	-1.8805	5.6608	-1.6486765819479956	0	4	8	Walk	Normal
7.0102	-7.6231	2.1835	20.6331	-62.4660	76.9940	-29.2011	10.0025	1.7605	-1.1278	-4.1673	-2.0590	-0.4374	-0.3039	-0.4510	0.7162	1.3850	-1.9572	-0.3072	8.1380	-3.4559	4.2425	4.7424659623890495	0	4	8	Run	Normal
12.9867	0.7284	4.7112	3.2268	-77.8084	81.0881	-29.5499	6.0602	9.0273	3.4165	1.2804	2.6435	-0.4247	-0.4628	-0.4922	0.6026	-2.1144	0.6538	-2.7137	9.5702	-0.5520	2.0677	3.2499734508072127	0	4	8	Walk	Normal
7.4705	0.6518	3.0257	-2.5819	-81.3717	91.8762	-29.8651	-2.5641	13.1545	-2.2152	0.2102	1.5561	-0.4565	-0.4655	-0.5550	0.5166	-0.1873	-2.0264	-1.2149	9.6857	0.4416	1.4696	-5.747739507465717	0	5	9	Run	Normal
4.5592	-2.1829	3.5620	-3.3060	-74.5632	98.7503	-29.1459	-5.3667	14.1692	-4.8779	-2.7482	0.9562	-0.4446	-0.4116	-0.6150	0.5046	-1.1162	2.2069	-0.0772	9.4370	0.5653	2.6058	-1.9025040873333587	0	5	9	Walk	Normal
6.6277	3.7164	4.5963	-12.7987	-58.7614	105.5662	-29.4500	-7.9601	8.3290	-1.5487	1.5441	-0.3630	-0.3295	-0.3722	-0.7227	0.4802	-0.2747	1.6583	-2.0575	8.1765	2.1723	4.9593	2.6967558022846934	0	5	9	Walk	Normal
13.9827	3.4482	2.3744	-14.7198	-72.9793	111.4366	-29.2223	-11.9900	8.8773	4.9135	0.9566	-0.4018	-0.4293	-0.4173	-0.7017	0.3862	-0.4174	-3.3804	0.3500	9.0692	2.4916	2.7762	5.715477877498222	0	5	9	Run	Normal
7.8913	0.3065	0.7278	-10.8515	-83.1743	110.6766	-27.0061	-10.8746	15.9825	-1.6716	-1.5396	-0.4167	-0.5033	-0.4340	-0.6481	0.3718	0.6734	0.2159	0.7218	9.5629	1.8461	1.1446	-6.66530302233929	0	5	9	Run	Normal
6.4745	0.1538	3.1406	-0.9201	-68.7890	105.3188	-28.8787	-6.3757	12.0473	-2.6665	-0.0034	-0.4069	-0.4451	-0.3479	-0.6588	0.4969	-0.6773	2.5105	1.7487	9.1411	0.1573	3.5475	-0.7330651854358123	0	5	9	Walk	Normal
2.0309	-2.0297	4.8644	10.0122	-49.1992	98.4811	-29.4400	0.0996	3.7926	-5.2795	-0.3246	-1.4458	-0.3659	-0.2106	-0.6624	0.6189	-0.0243	2.4530	2.0906	7.3104	-1.7051	6.3102	-1.5490558390624853	0	5	9	Walk	Normal
4.7507	-4.0983	3.6386	17.6802	-48.2641	89.4494	-28.3814	5.3705	0.1743	-2.2215	-1.1199	-2.5812	-0.3839	-0.1883	-0.5899	0.6849	0.2399	-0.9537	1.4621	6.9722	-2.9784	6.2198	1.6043096883969188	0	5	9	Walk	Normal
6.2058	-4.6352	7.2784	8.1836	-66.4162	86.9979	-28.0436	5.4080	4.9104	-2.6902	-3.2391	3.3948	-0.4193	-0.3552	-0.5461	0.6323	0.7927	-6.4920	-3.1345	8.8960	-1.3961	3.8835	3.3759307585503073	0	5	9	Walk	Normal
8.0062	0.4597	5.6312	0.5839	-68.2700	97.5123	-27.8137	-1.6450	10.8477	-1.1030	0.5598	2.0007	-0.4247	-0.3668	-0.6205	0.5478	-0.9288	-1.1550	-0.6061	9.1092	-0.1001	3.6305	-0.8298061667866623	0	6	10	Walk	Normal
6.0531	-1.6466	4.8261	-1.4982	-71.0755	101.5530	-26.4709	-5.2138	13.1143	-3.2202	-1.9028	1.6468	-0.4435	-0.3758	-0.6351	0.5086	-1.5211	1.1960	-0.2450	9.2733	0.2562	3.1794	-1.884324283458307	0	6	10	Walk	Normal
4.0229	1.3414	3.1789	-9.3089	-53.5610	107.3288	-26.6251	-6.4059	9.7683	-3.7625	-0.2448	-2.5691	-0.3188	-0.3244	-0.7384	0.4978	0.0566	2.8003	-2.4895	7.7853	1.5862	5.7480	-2.6148477990465784	0	6	10	Walk	Normal
13.2160	4.0606	5.5545	-13.4980	-57.7253	111.6898	-26.6799	-10.4916	5.4611	5.1535	1.7717	0.4627	-0.3389	-0.3543	-0.7516	0.4413	-0.5432	-1.8794	-0.1981	8.0625	2.2889	5.0919	9.599927791891485	0	6	10	Run	Normal
10.4962	4.3287	2.0686	-11.4293	-72.5164	113.5276	-25.5578	-11.2527	9.6310	1.3282	2.3855	-0.8191	-0.4482	-0.3897	-0.7034	0.3905	-0.0585	-1.1550	0.2962	9.1680	1.9432	2.8877	-3.3591194934174897	0	6	10	Walk	Normal
9.9222	0.9200	2.1829	-10.1931	-72.4211	110.8577	-24.2508	-9.9993	13.1324	0.7211	-0.8154	-0.7320	-0.4438	-0.3929	-0.6915	0.4128	0.4305	1.4964	0.6651	9.2011	1.7353	2.9149	-1.3396110132879517	0	6	10	Walk	Normal
6.5894	-0.0760	3.9834	-0.5446	-62.5459	110.4004	-26.2181	-7.2201	9.7229	-2.1123	-0.1691	-0.5376	-0.4239	-0.2996	-0.7032	0.4858	-0.7019	2.1888	2.1618	8.7017	0.0931	4.5210	-2.500830788761072	0	6	10	Walk	Normal
2.2990	-1.7998	4.9027	8.7469	-46.8837	100.6516	-26.2651	-0.5843	3.0154	-4.7761	-0.3084	-1.7219	-0.3500	-0.1994	-0.6847	0.6074	0.7352	1.1459	1.5918	7.0752	-1.4914	6.6246	-1.9939858789010287	0	6	10	Walk	Normal
8.9645	-5.1709	4.3281	17.2808	-48.9713	92.9592	-25.9706	4.8865	1.4073	1.9005	-2.2577	-1.8187	-0.3913	-0.1830	-0.6095	0.6647	0.7086	-0.0546	0.5713	7.0639	-2.9131	6.1468	5.511289922425257	0	6	10	Run	Normal
6.7810	-3.4087	6.8181	7.5175	-63.3094	92.1387	-25.8444	4.7116	4.2983	-1.9053	-2.1256	2.4512	-0.4159	-0.3231	-0.5878	0.6141	1.0047	-4.2731	-2.7427	8.6863	-1.2831	4.3669	-1.0151902985206416	0	6	10	Walk	Normal
7.6620	-0.2292	4.5963	0.8871	-69.2134	101.0982	-26.6289	-1.4111	8.1504	-1.5051	-0.0774	1.1164	-0.4426	-0.3559	-0.6327	0.5264	0.2548	-3.6467	-0.9249	9.1671	-0.1519	3.4798	-1.264510115565729	0	7	11	Walk	Normal
5.5168	-1.8765	3.7535	-0.6118	-68.9747	102.4265	-26.9271	-2.7416	11.2767	-3.6363	-1.9811	0.2354	-0.4386	-0.3581	-0.6444	0.5140	-0.7604	1.1544	-0.0130	9.1532	0.1046	3.5181	-2.0063701743844247	0	7	11	Walk	Normal
4.4825	2.5289	3.3704	-9.9091	-54.6125	105.6006	-26.9028	-4.8521	6.3178	-3.3930	0.8414	-2.2238	-0.3176	-0.3374	-0.7291	0.5036	0.1706	1.9012	-2.4493	7.8756	1.6875	5.5942	-0.7794054910342609	0	7	11	Walk	Normal
12.2206	2.0309	4.9793	-13.5280	-60.9644	109.1561	-26.3090	-8.7816	5.3704	3.8844	-0.2631	0.3518	-0.3517	-0.3747	-0.7320	0.4473	-0.4035	-1.1508	0.0370	8.3362	2.2939	4.6275	7.199392292003647	0	7	11	Run	Normal
10.9565	3.7164	2.4128	-11.0771	-74.4274	110.3981	-26.7116	-8.7451	9.6732	1.6858	1.8323	-0.1707	-0.4504	-0.4067	-0.6842	0.4045	0.1983	-2.5047	0.3342	9.2706	1.8841	2.5835	-1.532893704610899	0	7	11	Walk	Normal
9.3859	0.3837	3.3321	-9.5742	-72.2361	107.3794	-26.6654	-7.3468	13.1444	0.1769	-1.2472	0.3819	-0.4334	-0.4022	-0.6778	0.4370	-0.0477	2.8013	0.6936	9.2090	1.6309	2.9503	-1.8513425537355044	0	7	11	Walk	Normal
10.6111	-0.8428	5.4396	-1.8240	-65.7020	108.3188	-28.1387	-5.4773	11.0053	1.6777	-1.1548	1.4064	-0.4319	-0.3284	-0.6860	0.4848	-1.1375	1.0181	1.6630	8.9334	0.3120	4.0332	1.9866624506854436	0	7	11	Walk	Normal
4.0223	-0.7661	4.1755	9.2728	-48.3206	102.8694	-30.1477	0.1924	5.2782	-3.2063	0.8142	-2.2603	-0.3650	-0.1967	-0.6904	0.5928	0.3912	3.4490	1.8484	7.2285	-1.5803	6.4358	-6.105741711860011	0	7	11	Run	Normal
3.2944	-1.3024	2.6049	16.4213	-49.8080	97.5351	-29.3546	5.9017	-0.2473	-3.8910	1.4700	-3.4656	-0.3988	-0.1773	-0.6355	0.6369	-0.2139	-1.7782	1.8718	7.1854	-2.7725	6.0705	-1.450990515618611	0	7	11	Walk	Normal
9.2703	-3.7924	9.6917	13.5507	-55.3516	94.4384	-29.1363	9.4761	2.5740	1.4275	-1.4946	4.2716	-0.4095	-0.2366	-0.6082	0.6375	0.4253	-2.5303	-2.5735	7.8428	-2.2978	5.4202	9.540215154801214	0	7	11	Run	Normal
8.8496	-3.9834	8.2738	5.9077	-60.5816	99.4342	-31.6149	3.3221	7.4155	0.3528	-2.9739	3.4825	-0.4130	-0.2917	-0.6410	0.5774	-1.0054	1.0181	-1.9291	8.4967	-1.0095	4.7912	-1.1843666446763308	0	8	12	Walk	Normal
10.3046	2.4134	3.4860	-4.4536	-79.3319	106.1379	-32.3355	-3.7342	12.8056	0.6967	1.6520	1.6761	-0.4919	-0.4071	-0.6298	0.4423	-0.2373	-1.8933	-1.6359	9.6079	0.7614	1.8099	-1.6102095849798896	0	8	12	Walk	Normal
4.5969	0.4597	1.4557	-7.7932	-72.7267	105.4511	-30.6584	-8.1152	18.5975	-4.6810	-0.8700	-1.4292	-0.4376	-0.4018	-0.6637	0.4545	1.0708	2.9420	-0.8839	9.2778	1.3297	2.8849	-6.299030581911231	0	8	12	Run	Normal
6.2441	1.3024	1.8387	-13.6440	-62.6328	109.7053	-33.0304	-12.2896	11.7181	-2.2191	-1.0108	-2.5420	-0.3636	-0.3801	-0.7291	0.4378	-0.7625	-0.0770	-0.5749	8.4632	2.3132	4.3808	1.7944652384146647	0	8	12	Walk	Normal
8.4659	4.0989	5.0949	-13.2811	-63.5186	115.0859	-33.6798	-13.6538	11.0883	-0.0771	1.8461	0.8390	-0.3884	-0.3635	-0.7453	0.4019	-0.4546	-1.1753	0.0376	8.5430	2.2528	4.2558	4.059005937337349	0	8	12	Run	Normal
14.9398	4.5586	1.8771	-12.8384	-78.0628	115.0099	-33.3055	-14.5353	15.4442	5.5852	2.3797	-0.1006	-0.4812	-0.4094	-0.6889	0.3553	0.2484	-3.1428	0.2315	9.3546	2.1789	1.9776	5.034978061066504	0	8	12	Run	Normal
6.8570	2.6815	-1.6855	-12.0110	-82.8657	113.9876	-30.1421	-14.9141	22.7348	-2.6607	0.6409	-2.8768	-0.5092	-0.4243	-0.6630	0.3481	0.0919	1.4698	0.3923	9.5177	2.0406	1.1913	-8.179063548595018	0	8	12	Run	Normal
9.6917	-0.7661	5.8610	-11.4477	-77.5977	114.4359	-32.0494	-14.2706	21.1151	0.3045	-2.7125	3.7968	-0.4821	-0.4029	-0.6858	0.3673	0.3827	-1.8507	-0.4673	9.3872	1.9463	2.0643	3.798840714702081	0	8	12	Run	Normal
8.5814	-2.4128	5.7838	-9.7941	-76.6503	115.2540	-31.5485	-15.9929	21.6592	-0.8211	-4.0809	3.5525	-0.4860	-0.3874	-0.6885	0.3738	-0.3438	0.3757	0.1058	9.4025	1.6682	2.2312	-0.7258550146551794	0	8	12	Walk	Normal
7.2790	-0.6889	2.1063	-7.0933	-79.7933	114.1177	-30.7593	-16.5508	23.9325	-2.2986	-1.8998	0.3819	-0.5114	-0.3879	-0.6642	0.3831	1.0346	-0.8781	0.1644	9.5776	1.2109	1.7244	-3.0172462367349437	0	8	12	Walk	Normal
7.7770	1.6095	1.0337	-6.6426	-86.9152	105.5462	-27.6508	-13.9181	27.4509	-1.9496	0.4752	0.5095	-0.5213	-0.4489	-0.6011	0.4067	1.2530	-1.7665	-0.0721	9.7266	1.1343	0.5242	0.3999210728248306	0	8	13	Upright	Normal
8.6963	1.3797	-1.2264	-9.1256	-96.4036	99.3089	-22.3860	-11.3157	32.7341	-0.9257	-0.1755	-0.1465	-0.5321	-0.5215	-0.5448	0.3849	0.6086	-0.1846	-0.6209	9.6220	1.5552	-1.0799	0.881272639570664	0	0	13	Upright	Normal
11.1097	0.3454	1.6849	-12.1908	-90.4877	95.5399	-22.4265	-10.6870	33.2054	1.5247	-1.7255	1.7666	-0.4726	-0.5299	-0.5691	0.4147	-0.0231	1.6349	-0.3556	9.5850	2.0708	-0.0817	2.351982366799872	0	0	13	Upright	Normal
7.4322	1.7627	-0.2304	-10.8991	-88.9710	95.0935	-24.8045	-11.1322	31.2178	-2.1959	-0.0914	-0.4033	-0.4689	-0.5208	-0.5689	0.4303	0.4573	-0.7130	-0.0371	9.6281	1.8542	0.1728	-3.6002025494704553	0	0	13	Upright	Normal
10.1520	2.1841	-0.0389	-12.0985	-88.2498	94.9627	-25.4358	-11.2829	31.1898	0.5677	0.1288	-0.3317	-0.4592	-0.5237	-0.5757	0.4283	-0.0817	0.0924	-0.0307	9.5843	2.0553	0.2928	2.7425145419527626	0	0	13	Upright	Normal
8.5431	3.4482	-0.3071	-12.7960	-90.5551	96.7605	-23.8161	-11.5167	31.4831	-1.0195	1.2764	-0.2143	-0.4758	-0.5276	-0.5754	0.4053	-0.4066	-0.4094	-0.0925	9.5626	2.1718	-0.0928	-1.1664985363425355	0	0	13	Upright	Normal
9.3859	1.7244	0.2676	-13.5890	-90.3102	96.8482	-23.4695	-11.9129	31.8754	-0.1460	-0.5795	0.3192	-0.4713	-0.5296	-0.5795	0.4019	0.1974	0.0338	-0.0768	9.5319	2.3040	-0.0516	0.32888084242823723	0	0	13	Upright	Normal
9.4242	2.8736	-0.7667	-14.1125	-92.1548	94.9404	-23.4062	-11.2979	31.9372	-0.0798	0.4826	-0.4091	-0.4692	-0.5460	-0.5671	0.4002	0.1846	-0.0877	-0.0842	9.5039	2.3911	-0.3576	0.3356140054598953	0	0	13	Upright	Normal
9.0411	1.8393	-0.8051	-14.3592	-92.6550	93.1190	-22.9049	-10.3400	32.2659	-0.4489	-0.5926	-0.3650	-0.4617	-0.5561	-0.5596	0.4054	0.2869	0.0604	-0.0586	9.4900	2.4319	-0.4401	-0.6210008780454981	0	0	13	Upright	Normal
9.0794	2.0309	-1.1881	-13.9826	-93.2850	92.5730	-22.8389	-10.3365	33.2859	-0.4209	-0.3386	-0.6427	-0.4639	-0.5591	-0.5537	0.4069	-0.0583	-0.0759	0.0127	9.5003	2.3695	-0.5454	0.11796515960987008	0	0	13	Upright	Normal
9.0411	2.1841	-0.8817	-13.9213	-93.6837	92.4471	-22.6390	-10.1808	32.4940	-0.4577	-0.1752	-0.2701	-0.4655	-0.5608	-0.5514	0.4059	0.0727	-0.0216	-0.0011	9.4988	2.3593	-0.6116	-0.03645266149982973	1	0	14	Upright	Normal
8.8879	2.3756	-0.5369	-13.9847	-94.2847	91.8202	-22.6293	-9.6837	32.7404	-0.6014	0.0058	0.1742	-0.4650	-0.5657	-0.5470	0.4056	0.1431	-0.1249	-0.0148	9.4893	2.3698	-0.7111	-0.12730919713012057	1	0	14	Upright	Normal
8.9262	2.1458	-1.5712	-14.0256	-95.3352	90.3862	-22.7326	-9.5690	33.7210	-0.5468	-0.2307	-0.6865	-0.4626	-0.5754	-0.5378	0.4070	0.2016	0.0466	-0.0159	9.4730	2.3765	-0.8847	0.09841921907618101	1	0	14	Upright	Normal
8.9645	2.2224	-1.1498	-13.9937	-95.6165	89.7627	-22.7878	-9.1721	33.0312	-0.5053	-0.1489	-0.2185	-0.4609	-0.5788	-0.5343	0.4087	0.0919	0.0455	0.0001	9.4698	2.3713	-0.9313	-0.0068096317579176	1	0	14	Upright	Normal
9.1171	2.1452	-1.0343	-13.8440	-95.2439	88.9419	-22.7251	-8.4973	33.2921	-0.3647	-0.2013	-0.1640	-0.4558	-0.5802	-0.5323	0.4151	0.1122	0.1084	-0.0009	9.4818	2.3465	-0.8703	0.11584502693188092	1	0	14	Upright	Normal
9.0405	1.9154	-1.0726	-13.4946	-95.3148	88.7460	-23.2570	-8.3678	32.6428	-0.4543	-0.3729	-0.1893	-0.4567	-0.5800	-0.5299	0.4174	-0.0189	-0.0195	0.0321	9.4948	2.2883	-0.8833	-0.11979479569899709	1	0	14	Upright	Normal
9.1171	2.1452	-1.0726	-13.3506	-95.5900	88.8606	-23.2628	-7.8314	33.0740	-0.3790	-0.1191	-0.1431	-0.4593	-0.5800	-0.5286	0.4162	-0.0306	-0.0301	0.0257	9.4962	2.2643	-0.9295	0.12407559344127428	1	0	14	Upright	Normal
9.1171	2.1452	-1.1109	-13.2668	-95.7985	89.0700	-23.0506	-7.9401	33.2081	-0.3789	-0.1052	-0.1465	-0.4617	-0.5797	-0.5282	0.4146	-0.0316	-0.0078	0.0023	9.4960	2.2504	-0.9644	0.004434383538317377	1	0	14	Upright	Normal
9.0794	2.0309	-1.1881	-13.1762	-95.9226	89.2780	-22.5893	-7.9499	32.9215	-0.4181	-0.2044	-0.2028	-0.4637	-0.5790	-0.5280	0.4135	-0.0348	0.0050	0.0023	9.4975	2.2353	-0.9854	-0.0524079369007886	1	0	14	Upright	Normal
9.0794	2.1075	-1.0732	-13.1425	-95.9337	89.4499	-23.0098	-8.2372	33.3692	-0.4191	-0.1221	-0.0859	-0.4648	-0.5782	-0.5285	0.4128	-0.0284	0.0199	-0.0051	9.4985	2.2296	-0.9873	0.0030476152676897073	1	0	14	Upright	Normal
9.0411	2.1075	-0.9966	-13.1643	-95.9719	89.6132	-22.8701	-8.3097	32.7787	-0.4559	-0.1258	-0.0030	-0.4657	-0.5777	-0.5290	0.4117	-0.0306	-0.0024	-0.0147	9.4971	2.2333	-0.9936	-0.04554530261712131	2	0	15	Upright	Normal
9.0788	2.1069	-0.9577	-13.1828	-96.0924	89.7098	-23.2815	-8.6365	32.6089	-0.4154	-0.1296	0.0558	-0.4667	-0.5778	-0.5289	0.4106	-0.0029	-0.0195	-0.0176	9.4942	2.2365	-1.0135	0.032320215410607034	2	0	15	Upright	Normal
9.0411	2.0309	-1.0732	-13.1934	-96.1367	89.7009	-22.9775	-8.2392	33.2454	-0.4519	-0.2072	-0.0525	-0.4668	-0.5781	-0.5288	0.4103	-0.0231	0.0029	-0.0123	9.4930	2.2381	-1.0207	-0.04080956609491615	2	0	15	Upright	Normal
9.0028	2.0692	-1.0349	-13.1781	-96.1508	89.7182	-22.8150	-8.2436	33.3417	-0.4905	-0.1664	-0.0118	-0.4670	-0.5780	-0.5287	0.4103	-0.0050	0.0040	-0.0038	9.4933	2.2356	-1.0231	-0.03301069220899855	2	0	15	Upright	Normal
9.0794	1.9926	-1.0349	-13.1571	-96.1566	89.7169	-22.7664	-8.6486	33.4555	-0.4146	-0.2396	-0.0108	-0.4671	-0.5779	-0.5286	0.4103	-0.0061	0.0114	-0.0070	9.4941	2.2321	-1.0241	0.05759063486867788	2	0	15	Upright	Normal
9.1177	2.0692	-1.0349	-13.1332	-96.0597	89.8206	-22.8911	-8.2002	33.0014	-0.3790	-0.1589	-0.0266	-0.4673	-0.5771	-0.5292	0.4105	-0.0167	0.0242	-0.0166	9.4968	2.2281	-1.0083	0.05373660074372033	2	0	15	Upright	Normal
9.0794	2.0692	-1.0349	-13.1645	-95.9943	89.9183	-22.6656	-8.4825	33.2498	-0.4172	-0.1642	-0.0377	-0.4673	-0.5766	-0.5300	0.4102	-0.0189	0.0285	-0.0234	9.4966	2.2333	-0.9972	-0.0371183544202669	2	0	15	Upright	Normal
9.0028	1.9926	-0.9966	-13.2155	-95.8305	89.9831	-23.0398	-8.5707	33.0230	-0.4947	-0.2493	-0.0266	-0.4667	-0.5759	-0.5311	0.4105	-0.0167	0.0327	-0.0180	9.4975	2.2419	-0.9700	-0.09515378592663915	2	0	15	Upright	Normal
9.1560	2.0692	-0.9583	-13.2105	-95.7568	90.0009	-23.4648	-8.4253	32.7221	-0.3430	-0.1718	-0.0006	-0.4664	-0.5755	-0.5314	0.4108	-0.0103	-0.0003	-0.0138	9.4990	2.2410	-0.9577	0.1613138122458313	2	0	15	Upright	Normal
9.0411	2.0309	-0.9583	-13.1903	-95.7628	90.0234	-23.0509	-9.0512	32.9774	-0.4585	-0.2068	0.0004	-0.4667	-0.5754	-0.5314	0.4107	-0.0231	0.0018	-0.0117	9.4996	2.2377	-0.9587	-0.11987792702898226	3	0	16	Upright	Normal
9.1554	2.0303	-0.9194	-13.2038	-95.6667	90.1303	-23.2015	-8.6564	33.6926	-0.3452	-0.2096	0.0233	-0.4667	-0.5747	-0.5322	0.4107	-0.0274	-0.0088	-0.0117	9.5006	2.2399	-0.9427	0.10696606487766047	3	0	16	Upright	Normal
9.1177	1.9926	-1.0732	-13.2009	-95.6638	90.1540	-23.4435	-8.3201	33.1417	-0.3831	-0.2469	-0.1309	-0.4668	-0.5746	-0.5323	0.4106	-0.0093	0.0072	-0.0169	9.5008	2.2395	-0.9423	-0.028384122396063916	3	0	16	Upright	Normal
9.1177	2.0692	-0.9583	-13.1863	-95.6657	90.1535	-23.0717	-8.9751	33.1563	-0.3837	-0.1677	-0.0156	-0.4669	-0.5745	-0.5323	0.4106	-0.0082	0.0072	-0.0148	9.5014	2.2369	-0.9427	0.004135324766965098	3	0	16	Upright	Normal
9.1177	2.0692	-1.0732	-13.2238	-95.6797	90.1620	-23.8725	-8.8936	33.1537	-0.3820	-0.1740	-0.1284	-0.4668	-0.5747	-0.5324	0.4103	-0.0071	0.0050	-0.0233	9.4997	2.2432	-0.9448	0.012409670617477886	3	0	16	Upright	Normal
9.0794	2.0309	-0.8817	-13.2447	-95.6748	90.1809	-23.1100	-8.3083	32.7193	-0.4196	-0.2158	0.0622	-0.4668	-0.5746	-0.5326	0.4102	-0.0018	0.0114	-0.0180	9.4990	2.2467	-0.9439	-0.06548905152926743	3	0	16	Upright	Normal
9.0411	2.0309	-0.8434	-13.2384	-95.6423	90.1651	-23.0247	-8.9251	32.9521	-0.4586	-0.2147	0.0953	-0.4666	-0.5746	-0.5326	0.4104	-0.0114	-0.0088	-0.0063	9.4997	2.2456	-0.9387	-0.04075548360647829	3	0	16	Upright	Normal
9.1177	2.0692	-0.9583	-13.2327	-95.6276	90.1580	-23.3756	-8.7611	32.9722	-0.3825	-0.1755	-0.0221	-0.4665	-0.5745	-0.5326	0.4106	-0.0028	-0.0035	-0.0130	9.5002	2.2447	-0.9361	0.09383486451826784	3	0	16	Upright	Normal
9.0794	2.1075	-0.9583	-13.2291	-95.6382	90.1656	-23.6509	-8.3307	32.7564	-0.4208	-0.1366	-0.0204	-0.4666	-0.5745	-0.5326	0.4105	-0.0103	-0.0024	-0.0184	9.5002	2.2441	-0.9379	-0.028610414730019684	3	0	16	Upright	Normal
9.0794	2.0309	-0.8434	-13.2258	-95.6511	90.1731	-23.1504	-8.4273	32.8974	-0.4206	-0.2126	0.0968	-0.4668	-0.5745	-0.5326	0.4104	-0.0156	-0.0120	-0.0173	9.5000	2.2435	-0.9402	-0.02800457891989616	3	0	16	Upright	Normal
9.1560	2.0309	-0.8434	-13.2250	-95.7100	90.2101	-23.3392	-8.6334	32.7185	-0.3431	-0.2125	0.1065	-0.4672	-0.5746	-0.5324	0.4100	-0.0145	-0.0099	-0.0120	9.4991	2.2434	-0.9499	0.0744648150952596	4	0	17	Upright	Normal
9.1177	2.0309	-0.9966	-13.1985	-95.8299	90.2950	-22.9038	-8.9682	32.7366	-0.3804	-0.2081	-0.0268	-0.4683	-0.5746	-0.5321	0.4091	-0.0167	-0.0142	-0.0162	9.4981	2.2390	-0.9698	-0.022221806750721385	4	0	17	Upright	Normal
9.0794	2.0309	-0.8817	-13.1853	-95.8686	90.3463	-22.8214	-8.5755	32.8006	-0.4185	-0.2059	0.0947	-0.4688	-0.5744	-0.5321	0.4087	-0.0124	0.0008	-0.0098	9.4979	2.2368	-0.9764	-0.04870739560641191	4	0	17	Upright	Normal
9.1560	2.0309	-0.9583	-13.1536	-95.8586	90.4822	-23.1220	-8.1618	32.8226	-0.3434	-0.2007	0.0165	-0.4696	-0.5737	-0.5325	0.4083	-0.0241	-0.0024	-0.0045	9.4994	2.2315	-0.9747	0.08191509192940316	4	0	17	Upright	Normal
9.0788	1.9920	-0.9960	-13.1280	-95.9661	90.6788	-22.7111	-8.6515	33.3004	-0.4197	-0.2354	-0.0033	-0.4712	-0.5732	-0.5327	0.4070	-0.0284	-0.0152	-0.0066	9.4985	2.2274	-0.9927	-0.07938811570654813	4	0	17	Upright	Normal
9.0028	1.9543	-0.9200	-13.1244	-95.9755	90.7805	-22.6069	-8.8278	33.5007	-0.4957	-0.2723	0.0744	-0.4718	-0.5728	-0.5330	0.4065	-0.0177	-0.0067	-0.0098	9.4985	2.2266	-0.9943	-0.08967923641941766	4	0	17	Upright	Normal
9.2326	2.0692	-0.9200	-13.1172	-95.9642	90.8196	-22.7009	-8.9496	33.4625	-0.2664	-0.1562	0.0724	-0.4719	-0.5726	-0.5331	0.4064	-0.0156	-0.0024	-0.0109	9.4990	2.2254	-0.9924	0.24795681759261612	4	0	17	Upright	Normal
9.0411	2.0309	-0.9583	-13.1117	-95.9593	90.8426	-23.0501	-9.3703	32.8332	-0.4582	-0.1936	0.0334	-0.4721	-0.5725	-0.5332	0.4063	-0.0039	0.0082	-0.0135	9.4993	2.2245	-0.9916	-0.1904424437328256	4	0	17	Upright	Normal
9.1177	2.1075	-1.0349	-13.1082	-95.9666	90.8410	-23.3017	-8.7932	32.7782	-0.3816	-0.1164	-0.0420	-0.4721	-0.5725	-0.5332	0.4063	0.0057	-0.0014	-0.0082	9.4993	2.2239	-0.9928	0.09933532474553175	4	0	17	Upright	Normal
9.0794	2.0309	-0.9966	-13.0880	-95.9653	90.8413	-23.4902	-8.9532	32.5325	-0.4206	-0.1897	-0.0039	-0.4722	-0.5724	-0.5331	0.4064	0.0099	0.0125	-0.0092	9.5000	2.2206	-0.9927	-0.05815794767802984	5	0	18	Upright	Normal
9.1554	1.9920	-0.9960	-13.0740	-95.9381	90.8507	-22.5874	-8.2027	32.7151	-0.3457	-0.2263	-0.0076	-0.4722	-0.5722	-0.5332	0.4066	-0.0167	0.0082	-0.0060	9.5011	2.2182	-0.9884	0.0653995116899928	5	0	18	Upright	Normal
9.2326	2.0309	-0.9583	-13.0694	-95.9503	90.8916	-23.3752	-9.5384	32.7316	-0.2684	-0.1866	0.0320	-0.4725	-0.5721	-0.5333	0.4064	-0.0103	-0.0141	-0.0114	9.5011	2.2175	-0.9903	0.07938875667258394	5	0	18	Upright	Normal
9.0794	1.8777	-1.0349	-13.0319	-95.9942	90.8969	-22.7489	-8.6567	32.7605	-0.4224	-0.3335	-0.0371	-0.4729	-0.5721	-0.5329	0.4063	-0.0050	0.0018	-0.0029	9.5018	2.2112	-0.9978	-0.1726694868500811	5	0	18	Upright	Normal
9.0788	1.9154	-0.9960	-13.0062	-96.0015	90.8952	-23.2991	-8.7962	32.4946	-0.4238	-0.2915	0.0031	-0.4730	-0.5720	-0.5328	0.4064	-0.0114	-0.0120	-0.0050	9.5026	2.2069	-0.9991	0.002845805767003995	5	0	18	Upright	Normal
9.1177	2.0692	-0.9583	-13.0133	-96.0271	90.8889	-23.2098	-8.6938	33.3193	-0.3841	-0.1390	0.0450	-0.4731	-0.5722	-0.5327	0.4063	-0.0018	-0.0035	-0.0221	9.5018	2.2082	-1.0033	0.06657530290156011	5	0	18	Upright	Normal
8.9645	2.0309	-0.9583	-13.0756	-95.9955	90.8501	-23.2245	-8.4206	33.1577	-0.5356	-0.1876	0.0395	-0.4724	-0.5724	-0.5329	0.4063	-0.0103	0.0135	-0.0338	9.5000	2.2185	-0.9978	-0.15703911370028933	5	0	18	Upright	Normal
9.1943	2.0309	-0.9583	-13.1654	-96.0167	90.8833	-23.0107	-8.8382	32.8405	-0.3020	-0.2026	0.0426	-0.4723	-0.5727	-0.5333	0.4056	-0.0082	-0.0099	-0.0231	9.4963	2.2335	-1.0009	0.22307633240854763	5	0	18	Upright	Normal
9.0411	1.9160	-0.9200	-13.1415	-96.0519	90.8531	-23.2114	-9.0374	33.2966	-0.4555	-0.3135	0.0869	-0.4724	-0.5729	-0.5330	0.4057	0.0025	-0.0035	-0.0101	9.4966	2.2295	-1.0069	-0.1769986852573613	5	0	18	Upright	Normal
9.1560	1.9543	-0.9966	-13.1123	-96.0537	90.8527	-22.7192	-8.8117	33.2745	-0.3416	-0.2704	0.0108	-0.4725	-0.5728	-0.5329	0.4058	-0.0135	-0.0120	-0.0037	9.4976	2.2247	-1.0074	0.12756984781316127	5	0	18	Upright	Normal
9.0411	1.9543	-1.1115	-13.0763	-96.1177	90.8689	-22.6895	-8.7523	33.6670	-0.4568	-0.2644	-0.0934	-0.4731	-0.5728	-0.5325	0.4056	-0.0018	-0.0184	-0.0069	9.4979	2.2187	-1.0181	-0.0986908742821857	6	0	19	Upright	Normal
9.1177	2.0309	-0.9966	-13.0432	-96.2354	90.8418	-22.8916	-8.9878	33.3810	-0.3793	-0.1823	0.0412	-0.4737	-0.5732	-0.5318	0.4053	0.0153	-0.0184	-0.0111	9.4971	2.2131	-1.0377	0.07771050771274979	6	0	19	Upright	Normal
9.0788	1.9920	-1.0343	-12.9862	-96.3031	90.7965	-22.5575	-8.7722	32.7269	-0.4191	-0.2116	0.0148	-0.4740	-0.5734	-0.5311	0.4055	0.0099	-0.0099	-0.0111	9.4979	2.2036	-1.0491	-0.0420221323231722	6	0	19	Upright	Normal
9.1554	1.9920	-1.1492	-12.9424	-96.4122	90.7593	-22.6398	-8.8297	32.8006	-0.3422	-0.2043	-0.0817	-0.4745	-0.5738	-0.5304	0.4053	0.0131	-0.0269	-0.0071	9.4976	2.1962	-1.0675	0.08767718437038496	6	0	19	Upright	Normal
9.1177	1.9926	-1.0349	-12.9341	-96.4538	90.7288	-22.9441	-8.4773	33.7030	-0.3795	-0.2023	0.0395	-0.4746	-0.5740	-0.5300	0.4053	0.0046	0.0178	-0.0178	9.4972	2.1949	-1.0744	-0.04971663426238315	6	0	19	Upright	Normal
9.0794	1.9160	-1.1115	-12.9151	-96.4171	90.7120	-22.8574	-8.3851	33.4348	-0.4191	-0.2758	-0.0431	-0.4744	-0.5739	-0.5301	0.4057	-0.0178	0.0040	-0.0124	9.4985	2.1917	-1.0684	-0.04440298887039873	6	0	19	Upright	Normal
9.0788	1.9537	-1.1492	-12.9454	-96.4294	90.7473	-22.9366	-8.5628	33.4216	-0.4184	-0.2432	-0.0789	-0.4745	-0.5739	-0.5303	0.4053	-0.0210	0.0072	-0.0241	9.4972	2.1968	-1.0704	0.011774655712200044	6	0	19	Upright	Normal
9.1554	1.9920	-1.0726	-13.0057	-96.3438	90.8296	-23.2120	-8.8555	33.4003	-0.3410	-0.2149	-0.0168	-0.4743	-0.5735	-0.5312	0.4050	-0.0199	0.0231	-0.0241	9.4965	2.2069	-1.0558	0.07332619191999434	6	0	19	Upright	Normal
9.0794	2.1075	-1.0732	-13.0549	-96.2742	90.9024	-23.1854	-8.9474	33.1207	-0.4164	-0.1076	-0.0290	-0.4741	-0.5731	-0.5319	0.4048	-0.0146	0.0082	-0.0252	9.4959	2.2151	-1.0442	-0.04842719346172153	6	0	19	Upright	Normal
9.0022	1.9537	-0.9577	-13.1195	-96.2241	91.0137	-23.1340	-8.9194	33.3919	-0.4922	-0.2722	0.0778	-0.4741	-0.5727	-0.5328	0.4042	-0.0135	0.0167	-0.0241	9.4944	2.2259	-1.0355	-0.12095618491754401	6	0	19	Upright	Normal
9.0411	1.9926	-0.9966	-13.1710	-96.1645	91.0549	-23.1644	-9.2792	32.9718	-0.4524	-0.2418	0.0289	-0.4738	-0.5725	-0.5334	0.4040	-0.0135	0.0029	-0.0188	9.4935	2.2344	-1.0255	0.05014853233687333	7	0	20	Upright	Normal
9.1177	1.9926	-0.9966	-13.1985	-96.1137	91.0778	-22.9224	-9.1152	33.0661	-0.3756	-0.2465	0.0204	-0.4736	-0.5724	-0.5338	0.4040	-0.0018	0.0082	-0.0210	9.4933	2.2390	-1.0169	0.0743930697503199	7	0	20	Upright	Normal
9.0794	1.9926	-0.9200	-13.2014	-96.0500	91.0832	-22.6188	-8.9752	33.2840	-0.4148	-0.2469	0.0863	-0.4733	-0.5721	-0.5341	0.4043	-0.0018	0.0231	-0.0178	9.4942	2.2395	-1.0063	-0.04505575629888625	7	0	20	Upright	Normal
9.1171	1.9920	-0.9194	-13.1651	-95.9583	91.1018	-23.0611	-8.7742	32.7052	-0.3801	-0.2415	0.0720	-0.4731	-0.5716	-0.5344	0.4049	-0.0093	0.0125	-0.0146	9.4972	2.2335	-0.9913	0.036462166086344894	7	0	20	Upright	Normal
9.1937	2.0303	-1.0343	-13.1640	-95.9701	91.1953	-23.0480	-8.4838	33.0679	-0.3033	-0.2029	-0.0410	-0.4736	-0.5712	-0.5346	0.4044	-0.0348	-0.0035	-0.0178	9.4971	2.2332	-0.9933	0.09449426291445917	7	0	20	Upright	Normal
9.0028	1.9160	-0.9966	-13.1581	-95.9177	91.3262	-23.2291	-8.6995	33.1396	-0.4955	-0.3163	-0.0120	-0.4741	-0.5705	-0.5353	0.4041	-0.0359	-0.0035	-0.0072	9.4982	2.2323	-0.9846	-0.21363157983026682	7	0	20	Upright	Normal
9.1171	2.1835	-0.9960	-13.1819	-95.8698	91.4998	-22.9793	-9.0448	33.1151	-0.3810	-0.0527	-0.0195	-0.4746	-0.5697	-0.5362	0.4034	-0.0157	-0.0056	-0.0167	9.4981	2.2362	-0.9765	0.16946042791660254	7	0	20	Upright	Normal
9.0022	2.0303	-0.9194	-13.1677	-95.8707	91.4996	-23.4175	-9.3418	32.9284	-0.4965	-0.2035	0.0573	-0.4747	-0.5696	-0.5361	0.4034	0.0014	0.0082	-0.0157	9.4987	2.2338	-0.9767	-0.15368541627724852	7	0	20	Upright	Normal
9.1560	2.0692	-0.8817	-13.1918	-95.8647	91.4619	-23.2417	-9.0726	32.4441	-0.3418	-0.1686	0.0940	-0.4743	-0.5699	-0.5361	0.4035	0.0088	0.0008	-0.0189	9.4978	2.2378	-0.9756	0.15422241742505882	7	0	20	Upright	Normal
9.1560	2.0309	-0.9200	-13.2229	-95.8328	91.3528	-22.8904	-8.8036	32.9818	-0.3412	-0.2122	0.0503	-0.4735	-0.5703	-0.5360	0.4040	0.0153	0.0104	-0.0187	9.4972	2.2431	-0.9703	-0.004669524954879378	7	0	20	Upright	Normal
9.0411	2.0692	-0.9200	-13.2279	-95.7790	91.3345	-23.4680	-9.0328	33.0055	-0.4567	-0.1748	0.0413	-0.4731	-0.5702	-0.5362	0.4044	-0.0039	0.0104	-0.0187	9.4978	2.2440	-0.9613	-0.10317065675636705	8	0	21	Upright	Normal
Total time: 21 seconds.
