8.5431	0.9200	3.0257	-4.1342	-71.1834	-140.4993	-20.7348	-16.5012	-19.8177	-0.7153	0.2131	-0.1290	0.5573	-0.1689	0.7578	0.2944	-0.0179	0.0408	0.2074	9.2584	0.7069	3.1547	-0.1432348565854582	6	1	1	Upright	Normal
8.6957	0.3831	2.7964	-3.2763	-66.8585	-141.4399	-19.5673	-16.3883	-20.7761	-0.3071	-0.1773	-1.0512	0.5277	-0.1593	0.7822	0.2903	0.2452	0.9015	0.0828	9.0028	0.5604	3.8476	0.0326533236902371	6	1	1	Upright	Normal
8.3510	-0.3831	4.4436	-5.1735	-61.7461	-142.1546	-16.4655	-17.7283	-21.0074	-0.2520	-1.2673	-0.1797	0.4975	-0.1296	0.8036	0.3000	0.3006	0.2752	-0.4062	8.6030	0.8842	4.6234	0.3250849480918241	6	1	1	Upright	Normal
7.1641	3.4482	3.2555	-7.6816	-62.8951	-143.8248	-14.9898	-19.4537	-20.9654	-1.4871	2.1374	-1.1724	0.5126	-0.1073	0.7983	0.2975	0.0780	-0.7517	0.3043	8.6511	1.3108	4.4279	-0.875962355432879	6	0	1	Upright	Normal
10.5734	2.2224	3.1406	-8.0452	-62.6957	-146.2254	-15.4905	-20.0827	-20.5211	1.9453	0.8499	-1.3135	0.5140	-0.0934	0.8046	0.2824	0.0737	0.2123	0.2458	8.6281	1.3725	4.4541	2.660199833902878	6	0	1	Upright	Normal
10.1903	0.3454	6.9713	-5.9584	-59.4369	-145.1263	-15.1842	-19.2647	-20.3246	1.7918	-0.6726	2.0117	0.4858	-0.1053	0.8197	0.2845	-0.4227	0.7503	-0.0175	8.3986	1.0180	4.9596	1.0999086722892635	6	0	1	Upright	Normal
8.0451	-0.4208	5.1326	-6.1569	-62.3578	-139.3034	-15.2864	-17.5879	-21.5915	-0.5920	-1.4726	0.6092	0.5007	-0.1367	0.7913	0.3231	-0.6656	-0.7730	-0.9251	8.6371	1.0518	4.5234	-2.7993522384544924	6	0	1	Upright	Normal
8.6963	0.7284	3.8684	-6.9589	-65.1537	-139.5277	-17.0869	-16.6577	-21.5736	-0.1369	-0.4597	-0.2218	0.5220	-0.1379	0.7779	0.3216	0.7491	2.4313	0.1764	8.8333	1.1881	4.0902	-0.006470830926927462	0	0	1	Upright	Normal
6.7427	-1.8765	5.2475	-1.8704	-63.9583	-138.6035	-16.7328	-15.2284	-21.3350	-2.0637	-2.1964	0.9445	0.5003	-0.1742	0.7903	0.3079	0.1823	-0.0615	1.3823	8.8063	0.3199	4.3030	-0.798059385396213	0	0	1	Upright	Normal
10.0754	1.5329	4.6346	3.7013	-57.3309	-133.5344	-17.9746	-12.4249	-22.4068	1.8374	2.1660	-0.6478	0.4294	-0.2152	0.8120	0.3317	-1.5210	3.3815	-0.9304	8.2380	-0.6331	5.2824	2.4480109566189014	0	0	1	Upright	Normal
8.3510	7.5848	7.3933	-12.3690	-44.2477	-121.6440	-6.3061	-11.5315	-26.6304	1.6671	5.4842	0.5317	0.3756	-0.0954	0.7843	0.4844	0.8184	0.4637	-4.8359	6.6839	2.1006	6.8616	2.2924474283285807	0	1	2	PT	Normal
1.1498	4.8656	5.7455	-29.8546	-16.1415	-89.9585	6.9002	-10.4945	-26.6155	-1.2146	-0.0162	-2.4243	0.2763	0.0843	0.6506	0.7023	-0.0317	2.3546	-4.4056	2.3644	4.8818	8.1698	-5.871891435920568	0	1	2	Jump	Normal
0.1538	1.7627	7.7375	-18.9834	1.1580	-66.1269	18.8629	-2.3973	-25.1843	0.3413	-1.4272	-1.5338	0.1328	0.0983	0.5395	0.8256	-3.3106	0.8792	-1.9437	-0.1875	3.1900	9.2712	0.3210089501867772	0	1	2	Upright	Normal
0.2687	1.1498	8.5036	-15.5742	2.0396	-57.5190	21.2765	6.9564	-25.1173	0.6050	-1.4831	-0.9369	0.1103	0.0806	0.4787	0.8672	1.0357	-0.1669	-0.5461	-0.3362	2.6329	9.4405	0.6479546469026758	0	0	2	Upright	Normal
0.3831	2.1835	9.6151	-14.8358	1.9284	-54.8880	20.6240	6.6947	-25.1617	0.7021	-0.3274	0.1408	0.1069	0.0743	0.4589	0.8789	-0.1862	0.3114	0.0440	-0.3190	2.5109	9.4743	1.282161312272951	0	0	2	Upright	Normal
-0.6895	1.5706	8.8490	-15.1782	4.7706	-54.4954	22.8505	7.0746	-24.3719	0.0977	-0.9969	-0.5827	0.0984	0.0971	0.4583	0.8780	0.4434	-0.2862	0.3762	-0.7872	2.5675	9.4317	-0.8536378915402913	0	0	2	Upright	Normal
-0.4974	3.0652	8.7334	-19.2934	1.5360	-56.0403	22.4096	4.9634	-24.6722	-0.2491	-0.1749	-0.5191	0.1417	0.0904	0.4651	0.8692	0.7012	-0.4034	0.2111	-0.2482	3.2401	9.2525	0.25533050274762026	0	0	2	Upright	Normal
-0.5740	3.3333	8.5419	-21.2539	0.2669	-57.7518	21.4578	2.8240	-25.4870	-0.5314	-0.2216	-0.5975	0.1604	0.0911	0.4750	0.8604	0.0631	-0.0359	0.3123	-0.0426	3.5549	9.1394	-0.08185442773920037	0	0	2	Upright	Normal
-0.4208	3.6015	8.8867	-21.4574	0.8914	-59.2353	21.2201	2.6703	-25.2330	-0.2788	0.0142	-0.2391	0.1581	0.0986	0.4868	0.8534	0.0780	0.1058	0.0918	-0.1420	3.5873	9.1258	0.410796900580527	0	0	2	Upright	Normal
-0.6129	3.5243	9.0788	-21.2565	1.4444	-60.0364	21.4576	1.8639	-24.4864	-0.3825	-0.0310	-0.0576	0.1535	0.1030	0.4937	0.8498	0.0130	0.0291	0.0577	-0.2304	3.5552	9.1364	0.1601378040586905	0	0	3	Upright	Normal
-0.6506	3.4866	9.0016	-21.3372	1.5828	-60.2245	21.5251	2.2672	-23.9797	-0.3982	-0.0816	-0.1293	0.1533	0.1046	0.4952	0.8487	0.0556	-0.0487	-0.0094	-0.2524	3.5681	9.1309	-0.08297543572972366	0	0	3	Upright	Normal
-0.6889	3.6781	8.8867	-21.4867	1.8100	-60.5677	21.7282	2.3814	-23.6334	-0.4006	0.0860	-0.2337	0.1531	0.1074	0.4979	0.8468	-0.0221	-0.0039	0.0194	-0.2884	3.5921	9.1204	-0.0327179762089731	0	0	3	Upright	Normal
-0.6506	3.7547	9.0399	-21.5384	2.1264	-60.6794	21.5269	1.4603	-24.4747	-0.3121	0.1546	-0.0756	0.1520	0.1101	0.4991	0.8459	0.0471	-0.0167	-0.0019	-0.3385	3.6001	9.1155	0.16781275191983092	0	0	3	Upright	Normal
-0.6506	3.6398	9.0399	-22.0978	2.2922	-60.7814	21.5644	2.2316	-24.8430	-0.2872	-0.0494	-0.0391	0.1554	0.1139	0.4997	0.8445	0.0865	0.0067	0.0119	-0.3635	3.6892	9.0790	-0.04339906338326216	0	0	3	Upright	Normal
-0.7655	3.6398	8.8101	-22.2597	2.5492	-60.8998	21.3689	1.2933	-24.3598	-0.3618	-0.0750	-0.2566	0.1553	0.1166	0.5008	0.8435	0.0098	-0.0210	0.0204	-0.4037	3.7148	9.0667	-0.20378919787235183	0	0	3	Upright	Normal
-0.7272	3.7164	8.8867	-22.2224	2.6102	-60.9240	21.3845	1.1455	-24.3668	-0.3138	0.0075	-0.1821	0.1547	0.1169	0.5011	0.8434	-0.0339	-0.0348	-0.0138	-0.4134	3.7089	9.0688	0.09685755889884007	0	0	3	Upright	Normal
-0.6123	3.7930	9.0016	-22.0238	2.7260	-61.0136	21.7040	0.6590	-24.7527	-0.1799	0.1157	-0.0790	0.1527	0.1171	0.5021	0.8432	-0.0626	-0.0156	0.0096	-0.4325	3.6773	9.0806	0.1273546448483298	0	0	3	Upright	Normal
-0.6129	3.6392	8.9639	-21.9367	2.8246	-61.0589	21.3650	1.4472	-24.7598	-0.1646	-0.0244	-0.1217	0.1515	0.1175	0.5026	0.8430	-0.0339	0.0216	0.0053	-0.4483	3.6636	9.0855	-0.09340570938402415	0	0	3	Upright	Normal
-0.6512	3.5626	8.8873	-21.8415	2.9901	-61.0862	21.9143	1.6027	-24.5369	-0.1763	-0.0859	-0.2029	0.1501	0.1183	0.5031	0.8428	-0.0179	0.0472	0.0267	-0.4749	3.6485	9.0902	-0.09697117713982273	0	0	3	Upright	Normal
-0.6129	3.6009	9.0788	-21.7271	2.9971	-61.1252	21.4527	1.9031	-25.2029	-0.1365	-0.0293	-0.0186	0.1492	0.1179	0.5034	0.8428	-0.0200	-0.0135	0.0320	-0.4764	3.6302	9.0974	0.18915953500555105	1	0	4	Upright	Normal
-0.5746	3.5626	9.0022	-21.7850	3.0204	-61.1392	21.3942	1.5211	-24.3269	-0.0947	-0.0769	-0.0914	0.1495	0.1184	0.5035	0.8427	0.0109	-0.0167	0.0426	-0.4799	3.6395	9.0936	-0.08749728791029909	1	0	4	Upright	Normal
-0.6129	3.5243	8.8873	-21.8086	3.0730	-61.1562	21.4385	1.8154	-24.3951	-0.1248	-0.1190	-0.2044	0.1494	0.1189	0.5037	0.8425	-0.0072	0.0025	0.0213	-0.4881	3.6432	9.0917	-0.11834056985149921	1	0	4	Upright	Normal
-0.5357	3.6781	8.9633	-21.7434	3.0963	-61.1482	21.4778	1.6651	-24.6777	-0.0435	0.0452	-0.1323	0.1488	0.1187	0.5037	0.8426	-0.0371	0.0216	0.0085	-0.4922	3.6329	9.0956	0.123198175663358	1	0	4	Upright	Normal
-0.5746	3.6392	9.0788	-21.5766	3.2197	-61.0885	21.6114	1.8211	-24.1263	-0.0622	0.0329	-0.0262	0.1471	0.1189	0.5036	0.8430	-0.0413	0.0184	-0.0171	-0.5124	3.6063	9.1050	0.09447667099644974	1	0	4	Upright	Normal
-0.6895	3.6009	9.1171	-21.4963	3.2620	-61.0906	21.6409	1.7652	-24.6936	-0.1703	0.0073	0.0075	0.1463	0.1188	0.5037	0.8431	-0.0104	-0.0103	0.0053	-0.5192	3.5935	9.1096	0.02878251305411972	1	0	4	Upright	Normal
-0.5740	3.5249	8.8484	-21.4261	3.2489	-61.0763	21.8176	1.4482	-24.9470	-0.0566	-0.0575	-0.2658	0.1459	0.1184	0.5036	0.8432	-0.0189	-0.0327	-0.0170	-0.5174	3.5823	9.1141	-0.28472975135492007	1	0	4	Upright	Normal
-0.5357	3.5249	9.0399	-21.0826	3.1440	-61.0030	21.7009	2.3885	-25.6148	-0.0337	-0.0027	-0.0965	0.1439	0.1161	0.5031	0.8442	-0.1446	-0.0923	-0.0606	-0.5020	3.5276	9.1364	0.17565859436301423	1	0	4	Upright	Normal
-0.5357	3.4866	8.9250	-18.7613	3.3440	-60.2655	21.1861	3.3783	-25.5570	0.0060	0.3325	-0.3448	0.1265	0.1067	0.4992	0.8505	-0.6570	-0.0678	-0.2939	-0.5417	3.1541	9.2698	-0.12077512071888208	1	0	4	Upright	Normal
0.9966	3.1801	9.4996	-15.3371	0.9892	-55.9903	20.5248	5.8816	-26.0702	1.1600	0.5863	0.0437	0.1138	0.0702	0.4662	0.8745	-0.6016	-0.5557	-0.9107	-0.1634	2.5938	9.4559	0.47038547405588815	1	0	4	Upright	Normal
1.5329	2.1075	10.4956	-13.0088	-2.8944	-49.4727	18.9266	8.6484	-26.3259	1.0505	-0.1000	0.9529	0.1134	0.0246	0.4130	0.9033	0.1877	-0.8103	-1.2793	0.4824	2.2075	9.5427	0.7470869945283312	1	1	5	PT	Normal
3.2184	3.5249	11.1468	-23.9803	-9.3320	-37.7483	14.1999	7.5817	-28.3062	1.7656	-0.4607	2.3053	0.2217	-0.0083	0.2994	0.9280	2.2277	-1.9118	-1.8888	1.4528	3.9856	8.8415	1.3114707773554013	1	1	5	PT	Normal
2.2224	4.5209	9.3081	-42.1017	-14.8938	-23.0537	5.1373	1.2026	-29.4485	0.3524	-2.0541	2.2766	0.3732	-0.0473	0.1393	0.9160	1.9827	-2.5968	-2.9551	1.8700	6.5749	7.0315	-1.5418940809986026	1	1	5	PT	Normal
1.2641	5.3630	7.0485	-56.4268	-2.9691	6.9383	-0.6304	-4.0575	-28.7210	0.9833	-2.8078	1.6330	0.4704	-0.0514	-0.0655	0.8785	1.4085	-0.1840	-3.0478	0.2809	8.1708	5.4155	-1.6373031215473173	1	1	5	PT	Normal
-3.1023	6.6661	3.9067	-64.1680	46.3265	64.1791	3.2182	-9.3548	-25.5194	-0.0118	-2.1608	0.9562	0.5908	0.0229	-0.2368	0.7709	2.4727	-0.2362	-3.1990	-3.0905	8.8268	2.9506	-0.620496482712559	1	1	5	PT	Normal
-6.4733	6.3213	0.4974	-55.8327	75.0768	96.9080	7.9258	-12.5509	-22.2427	-1.1516	-1.7927	-0.9209	0.6492	0.0792	-0.3352	0.6782	1.5012	-0.0433	-2.0656	-5.3217	8.1139	1.4183	0.7353777394501861	1	1	5	PT	Normal
-7.4699	6.3590	-1.1492	-47.5307	86.1559	107.7667	12.2595	-14.1093	-20.6046	-0.8636	-0.8749	-1.5930	0.6785	0.1306	-0.3778	0.6164	0.2879	0.6438	-1.0097	-6.6064	7.2339	0.4438	0.8156435421863577	1	1	5	PT	Normal
-7.3161	6.5511	-0.4603	-44.4927	90.4530	108.8919	15.5547	-12.7631	-19.6458	-0.3208	-0.3216	-0.4049	0.6896	0.1651	-0.3741	0.5977	0.1590	0.3998	-0.3961	-6.9953	6.8727	-0.0554	-0.04581031283370507	0	1	5	Tilt	Normal
-7.4310	6.2447	-0.6518	-42.8726	92.1507	107.1305	17.3118	-12.5227	-19.3114	-0.2490	-0.4274	-0.3820	0.6900	0.1942	-0.3632	0.5953	-0.4898	0.4627	-0.0701	-7.1820	6.6720	-0.2698	-0.10292727776746702	0	1	5	Tilt	Normal
-7.3161	6.9342	-0.7284	-42.5206	91.4030	105.3360	17.0916	-11.2792	-19.0884	-0.0904	0.3063	-0.5514	0.6839	0.2031	-0.3601	0.6011	-0.2352	0.1079	-0.0062	-7.2257	6.6279	-0.1770	0.37803013828832555	1	1	6	Tilt	Normal
-7.4310	6.7427	-0.1921	-42.5593	90.9350	103.3011	16.9688	-10.6898	-19.4646	-0.2086	0.1098	-0.0742	0.6789	0.2125	-0.3520	0.6084	-0.3204	0.1495	0.0290	-7.2224	6.6328	-0.1179	-0.07041595234351661	1	1	6	Tilt	Normal
-7.3544	7.0491	-0.0772	-42.9913	90.1775	101.3849	17.7291	-10.5477	-19.8307	-0.1812	0.3621	-0.0549	0.6737	0.2173	-0.3439	0.6169	-0.1340	-0.0061	0.0297	-7.1732	6.6870	-0.0223	0.15142387216968345	1	1	6	Tilt	Normal
-7.2778	6.8959	-0.0389	-43.0398	90.1259	101.1826	18.2505	-9.7353	-20.5890	-0.1103	0.2029	-0.0230	0.6733	0.2179	-0.3428	0.6178	0.0183	0.0142	-0.0097	-7.1675	6.6930	-0.0159	-0.16136059643728906	1	1	6	Tilt	Normal
-7.2778	6.8959	-0.0772	-43.0248	90.4047	101.4979	17.7094	-9.8400	-20.3852	-0.1088	0.2046	-0.0265	0.6747	0.2176	-0.3430	0.6163	0.0247	0.0323	-0.0044	-7.1690	6.6913	-0.0507	2.2175179977601545E-4	1	1	6	Tilt	Normal
-7.3550	6.8953	-0.1915	-43.0518	90.6702	101.5733	17.8442	-10.1040	-19.9179	-0.1893	0.2008	-0.1076	0.6757	0.2184	-0.3417	0.6156	0.0023	0.0334	0.0052	-7.1657	6.6945	-0.0839	0.05729002551494844	1	1	6	Tilt	Normal
-7.3167	6.8570	-0.1149	-43.1344	90.8977	101.5626	17.8103	-9.6312	-20.4956	-0.1612	0.1520	-0.0027	0.6765	0.2192	-0.3398	0.6155	0.0183	0.0206	0.0105	-7.1555	6.7050	-0.1122	-0.05529644114841048	1	1	6	Tilt	Normal
-7.2018	7.0102	-0.3448	-43.3179	91.2257	101.7762	18.0231	-10.0364	-19.9712	-0.0685	0.2824	-0.1921	0.6782	0.2187	-0.3380	0.6148	0.0226	0.0195	0.0212	-7.1332	6.7279	-0.1526	0.027980062304433062	1	1	6	Tilt	Normal
-7.2012	7.0874	-0.1921	-43.3522	91.3903	101.9541	17.9442	-10.4367	-19.8506	-0.0724	0.3552	-0.0190	0.6791	0.2183	-0.3378	0.6140	0.0140	0.0121	0.0080	-7.1287	6.7322	-0.1731	0.049484791340420387	1	1	6	Tilt	Normal
-7.2784	6.8570	-0.1915	-43.4399	91.4590	101.9928	18.7707	-10.6351	-20.1743	-0.1601	0.1140	-0.0102	0.6795	0.2179	-0.3372	0.6141	-0.0041	0.0206	0.0261	-7.1183	6.7430	-0.1814	-0.10420120353694706	1	1	6	Tilt	Normal
-7.3167	6.8953	-0.2298	-43.6838	91.6537	101.9373	18.5823	-10.5506	-19.7285	-0.2277	0.1221	-0.0251	0.6804	0.2179	-0.3344	0.6146	-0.0105	0.0291	0.0335	-7.0889	6.7732	-0.2047	0.05493293055383042	2	1	7	Tilt	Fall
-7.2401	7.0485	-0.3448	-43.9706	91.8724	101.9504	17.8655	-10.5040	-19.7667	-0.1860	0.2399	-0.1140	0.6816	0.2173	-0.3316	0.6150	-0.0030	0.0195	0.0346	-7.0541	6.8087	-0.2307	0.05391134459825864	2	1	7	Tilt	Normal
-7.2395	7.0102	-0.2687	-44.1173	91.9942	101.8581	18.7451	-10.3433	-19.9202	-0.2034	0.1835	-0.0236	0.6820	0.2176	-0.3296	0.6155	-0.0137	0.0131	0.0186	-7.0361	6.8268	-0.2451	-0.029409785493774265	2	1	7	Tilt	Normal
-7.1251	7.0102	-0.4214	-44.3466	92.0988	101.8269	18.0373	-11.1365	-19.8127	-0.1170	0.1553	-0.1645	0.6826	0.2170	-0.3275	0.6161	0.0087	0.0110	0.0262	-7.0081	6.8549	-0.2569	-0.07656988206876747	2	1	7	Tilt	Normal
-7.2401	7.0868	-0.1532	-44.4715	92.1786	101.9323	18.2244	-10.2964	-20.1084	-0.2471	0.2168	0.1128	0.6833	0.2161	-0.3270	0.6161	0.0151	-0.0029	0.0102	-6.9930	6.8700	-0.2661	0.1280105630552928	2	1	7	Tilt	Normal
-7.1251	7.0102	-0.3065	-44.5171	92.2269	102.0609	17.7892	-10.6931	-19.8542	-0.1378	0.1345	-0.0347	0.6837	0.2153	-0.3271	0.6157	0.0140	-0.0167	0.0049	-6.9873	6.8757	-0.2717	-0.13219139391143564	2	1	7	Tilt	Normal
-7.0868	7.0102	-0.3065	-44.5326	92.2308	102.0972	18.1201	-11.2702	-20.0509	-0.1015	0.1327	-0.0343	0.6838	0.2150	-0.3272	0.6157	0.0215	-0.0199	0.0038	-6.9854	6.8775	-0.2722	-0.027252419009847983	2	1	7	Tilt	Normal
-7.1629	7.0491	-0.2304	-44.5060	92.2659	102.1568	18.4677	-11.2947	-19.8400	-0.1745	0.1748	0.0461	0.6840	0.2150	-0.3275	0.6154	0.0066	-0.0093	-0.0058	-6.9884	6.8744	-0.2765	0.07942188475117185	2	1	7	Tilt	Normal
-7.1245	7.2024	-0.3071	-44.5541	92.2512	102.1477	18.3810	-10.8299	-19.6859	-0.1419	0.3222	-0.0325	0.6840	0.2147	-0.3272	0.6156	-0.0083	-0.0093	0.0176	-6.9827	6.8802	-0.2746	0.08308707949612604	2	1	7	Tilt	Normal
-7.0479	7.0491	-0.4220	-44.5686	92.1964	102.1313	18.7801	-10.8167	-19.8951	-0.0667	0.1671	-0.1541	0.6839	0.2144	-0.3274	0.6158	0.0076	0.0067	-0.0143	-6.9812	6.8820	-0.2679	-0.15843834448067007	2	1	7	Tilt	Normal
-7.0479	7.0491	-0.1921	-44.5198	92.2455	102.2180	18.2987	-11.0441	-20.4179	-0.0611	0.1731	0.0819	0.6841	0.2145	-0.3278	0.6153	-0.0094	0.0163	-0.0016	-6.9869	6.8760	-0.2740	-0.007077853626055841	3	1	8	Tilt	Normal
-7.1245	7.2407	-0.3071	-44.5841	92.3618	102.1891	18.1817	-10.0997	-19.5602	-0.1459	0.3569	-0.0192	0.6845	0.2149	-0.3266	0.6153	-0.0051	-0.0018	0.0027	-6.9786	6.8838	-0.2879	0.19276815203155806	3	1	8	Tilt	Normal
-7.0479	7.0874	-0.3071	-44.5610	92.3376	102.3236	18.5901	-10.0981	-20.2810	-0.0666	0.2064	-0.0220	0.6846	0.2141	-0.3276	0.6149	0.0140	-0.0188	-0.0090	-6.9813	6.8811	-0.2851	-0.16278113437218522	3	1	8	Tilt	Normal
-7.1245	7.1257	-0.2687	-44.5485	92.3124	102.4001	18.8797	-10.8101	-19.9312	-0.1416	0.2462	0.0133	0.6847	0.2136	-0.3283	0.6147	0.0151	-0.0231	-0.0058	-6.9830	6.8796	-0.2821	0.08007262519202207	3	1	8	Tilt	Normal
-7.0485	7.0868	-0.3448	-44.5530	92.3204	102.5705	18.1768	-10.6736	-20.6605	-0.0661	0.2068	-0.0618	0.6850	0.2126	-0.3291	0.6142	0.0247	-0.0295	-0.0080	-6.9824	6.8800	-0.2830	-0.07884619291843009	3	1	8	Tilt	Normal
-7.0868	7.0868	-0.3448	-44.5288	92.3248	102.6415	17.5733	-10.2020	-20.3447	-0.1016	0.2096	-0.0611	0.6851	0.2123	-0.3296	0.6139	0.0215	-0.0103	-0.0186	-6.9852	6.8772	-0.2837	0.027029491616003654	3	1	8	Tilt	Normal
-7.1245	7.0874	-0.3837	-44.4892	92.4463	102.9978	18.5311	-11.0183	-19.8335	-0.1351	0.2150	-0.0850	0.6861	0.2111	-0.3310	0.6125	0.0385	-0.0242	-0.0037	-6.9894	6.8724	-0.2987	0.028509175047759072	3	1	8	Tilt	Normal
-7.0862	6.9725	-0.3071	-44.4030	92.4451	103.0492	18.5137	-10.2137	-20.0448	-0.0863	0.1109	-0.0081	0.6860	0.2113	-0.3317	0.6121	-0.0392	0.0887	-0.0165	-6.9999	6.8616	-0.2990	-0.11061789809849643	3	1	8	Tilt	Normal
-7.2401	7.0485	-0.1532	-44.4796	92.8401	102.5941	18.5201	-10.3835	-19.5717	-0.2517	0.1775	0.1935	0.6864	0.2156	-0.3265	0.6129	0.0151	-0.0348	-0.0334	-6.9884	6.8711	-0.3467	0.15956606539517715	3	1	8	Tilt	Normal
-7.3933	6.7804	-0.5363	-43.8506	92.9542	103.8016	17.5900	-10.8618	-19.4520	-0.3307	-0.0135	-0.1718	0.6880	0.2127	-0.3357	0.6072	0.1941	-0.1467	-0.0355	-7.0626	6.7938	-0.3645	-0.05962516203620183	3	1	8	Tilt	Normal
-7.7758	6.0531	-1.1498	-43.6517	92.7101	102.6195	17.2966	-10.6177	-19.7019	-0.6882	-0.7162	-0.8142	0.6847	0.2196	-0.3319	0.6105	-0.6198	0.1527	0.2404	-7.0876	6.7693	-0.3356	-0.12506638618018684	4	1	9	Tilt	Normal
-7.7758	5.8616	-1.0349	-47.7389	88.1855	94.8813	17.2483	-10.2140	-20.4625	-1.1839	-1.3961	-1.2436	0.6653	0.2163	-0.2933	0.6516	-1.5689	0.2986	1.3568	-6.5918	7.2577	0.2087	-0.12847543645376547	4	1	9	Tilt	Normal
-6.3201	6.3979	0.9188	-57.6254	72.9745	71.6581	16.1248	-9.2001	-21.6138	-1.2992	-1.8844	-0.6186	0.6192	0.1956	-0.1800	0.7389	-2.6225	0.7481	2.6074	-5.0209	8.2823	1.5374	-0.7525028064536752	4	0	9	Tilt	Normal
-3.7158	6.3590	4.0223	-59.4244	37.1237	20.6460	16.1994	-5.9304	-23.5064	-0.7051	-2.0842	0.0449	0.5118	0.1878	0.0077	0.8383	-3.9051	1.6131	2.8693	-3.0107	8.4432	3.9774	-0.6481275275114804	4	0	9	Tilt	Normal
-1.2252	5.4019	8.8867	-45.1938	14.5229	-18.8320	16.9109	-0.6665	-25.7828	0.5079	-1.5558	2.1967	0.3569	0.1775	0.1977	0.8955	-2.3743	1.0773	1.9510	-1.7331	6.9577	6.6900	2.0797933405913565	4	0	9	Tilt	Normal
-1.0720	4.3676	9.4613	-34.1170	7.1671	-34.8337	18.5861	2.0730	-26.0176	-0.0590	-1.1328	1.4060	0.2615	0.1447	0.3031	0.9049	-1.7074	0.6033	1.5089	-1.0130	5.5004	8.0553	0.004117044826216443	0	0	9	Tilt	Normal
-0.7655	3.9079	9.2698	-27.6431	5.7737	-42.5818	19.7877	3.9563	-25.5667	0.1085	-0.6419	0.6267	0.2046	0.1322	0.3634	0.8992	-1.4166	0.7087	1.2096	-0.8740	4.5499	8.6431	-0.38680076458148527	0	0	9	Tilt	Normal
-0.5357	3.0652	10.0742	-19.9217	4.3851	-52.7973	21.4382	5.7008	-25.1055	0.1694	-0.2762	0.8815	0.1381	0.1106	0.4435	0.8786	-0.9873	0.1260	0.8367	-0.7051	3.3414	9.1927	0.45486194700216664	0	0	9	Tilt	Normal
-0.1915	3.0646	9.8833	-15.9742	2.9048	-58.4962	21.3296	6.6265	-25.4097	0.2863	0.3659	0.4675	0.1089	0.0898	0.4868	0.8620	-1.0725	0.1527	0.9008	-0.4778	2.6987	9.4158	-0.19450737410049435	0	0	9	Upright	Normal
-0.3825	3.1418	9.8061	-17.4168	4.3564	-61.9325	23.5591	6.0863	-24.7096	0.3283	0.2065	0.4761	0.1104	0.1101	0.5132	0.8440	0.2612	-0.3725	0.1306	-0.7108	2.9353	9.3299	-0.04508930796442279	1	0	10	Lying	Normal
-0.9571	2.8353	9.5379	-17.4925	3.5827	-63.5523	22.8810	5.3025	-24.1639	-0.3724	-0.1124	0.2031	0.1129	0.1063	0.5243	0.8373	0.4210	-0.2862	0.1083	-0.5846	2.9477	9.3348	-0.30788869321564327	1	0	10	Lying	Normal
-0.9194	2.8347	9.1937	-18.5254	3.4744	-63.6252	22.8527	4.2995	-24.6536	-0.3557	-0.2810	-0.0875	0.1209	0.1102	0.5242	0.8357	-0.0158	0.0515	0.0667	-0.5637	3.1158	9.2813	-0.3317014324185461	1	0	10	Upright	Normal
-0.9954	2.8353	9.3464	-18.5460	3.6762	-63.5148	22.1585	3.9568	-24.4047	-0.3992	-0.2837	0.0682	0.1203	0.1117	0.5236	0.8360	0.0939	-0.0668	-0.0792	-0.5962	3.1190	9.2781	0.15296045829435378	1	0	10	Upright	Normal
-1.1875	2.9497	9.3470	-19.4447	3.3108	-63.3019	22.6415	3.4989	-24.1653	-0.6535	-0.3148	0.1152	0.1288	0.1128	0.5211	0.8361	0.1834	-0.0955	0.0837	-0.5341	3.2645	9.2317	0.055475760639822624	1	0	10	Upright	Normal
-0.8805	3.1035	9.1165	-19.7264	3.5173	-63.4121	22.3603	3.2190	-24.0067	-0.3141	-0.2065	-0.0971	0.1298	0.1157	0.5220	0.8350	0.0833	0.0206	0.0518	-0.5664	3.3100	9.2136	-0.20261133298555833	1	0	10	Upright	Normal
-0.8045	3.1412	8.9256	-19.9037	3.8427	-63.2925	21.9963	3.1866	-24.4313	-0.1864	-0.1974	-0.2744	0.1297	0.1187	0.5214	0.8350	-0.0179	0.0664	0.0358	-0.6180	3.3386	9.2000	-0.17409625024695963	1	0	10	Upright	Normal
-0.9188	3.1035	9.2314	-19.8241	4.4336	-63.0479	22.7124	3.5554	-24.1714	-0.2056	-0.2222	0.0337	0.1267	0.1224	0.5203	0.8356	0.0748	0.0121	-0.0036	-0.7132	3.3257	9.1978	0.28601221051951065	1	0	10	Upright	Normal
-1.0337	3.2567	9.0399	-20.2535	4.8104	-62.7325	22.3609	3.6414	-24.4490	-0.2620	-0.1380	-0.1279	0.1285	0.1267	0.5182	0.8360	0.0971	0.0121	-0.0271	-0.7717	3.3947	9.1678	-0.1182850125456536	1	0	10	Upright	Normal
-0.9954	3.2567	9.1165	-20.4230	4.8942	-62.6182	22.7700	2.8034	-24.2759	-0.2113	-0.1652	-0.0401	0.1295	0.1279	0.5174	0.8361	0.0449	-0.0029	0.0201	-0.7841	3.4219	9.1566	0.06769833163900252	1	0	10	Upright	Normal
-0.9188	3.4482	9.0016	-20.5764	4.9659	-62.5942	22.7636	2.8304	-24.1874	-0.1239	0.0016	-0.1448	0.1303	0.1291	0.5173	0.8359	0.0236	-0.0018	0.0243	-0.7949	3.4466	9.1464	-0.048643170909224764	2	0	11	Upright	Normal
-0.9571	3.2567	9.1548	-20.2621	5.0372	-62.4270	22.1052	2.8611	-24.4859	-0.1492	-0.1395	-0.0094	0.1279	0.1281	0.5163	0.8371	-0.0701	0.0014	0.0062	-0.8079	3.3962	9.1643	0.0807026577806571	2	0	11	Upright	Normal
-0.9188	3.2184	9.1548	-20.2910	5.1303	-62.2948	22.8045	2.7921	-24.5841	-0.0962	-0.1824	-0.0063	0.1278	0.1287	0.5154	0.8375	0.0769	0.0057	0.0030	-0.8226	3.4008	9.1611	-0.016392747770701988	2	0	11	Upright	Normal
-0.8428	3.4093	9.1171	-20.4691	5.2370	-62.0908	22.3140	2.4626	-24.4340	-0.0040	-0.0201	-0.0319	0.1289	0.1301	0.5139	0.8380	0.0556	-0.0188	-0.0545	-0.8387	3.4294	9.1490	0.02267109330859185	2	0	11	Upright	Normal
-1.0726	3.2944	9.1554	-20.4745	5.4062	-61.9007	22.7695	2.2819	-24.3210	-0.2069	-0.1359	0.0093	0.1284	0.1311	0.5127	0.8387	-0.0073	0.0003	0.0028	-0.8657	3.4303	9.1461	0.01890416797649408	2	0	11	Upright	Normal
-0.9577	3.2944	9.1554	-20.4390	5.4610	-61.8076	22.2649	2.3380	-24.4686	-0.0830	-0.1300	0.0079	0.1280	0.1312	0.5121	0.8391	0.0215	-0.0135	0.0273	-0.8746	3.4245	9.1475	-0.011922727170610159	2	0	11	Upright	Normal
-0.9571	3.4482	9.0399	-20.5927	5.4447	-61.6827	23.1233	2.5453	-24.6075	-0.0859	-0.0009	-0.0986	0.1293	0.1317	0.5111	0.8394	0.0204	-0.0178	-0.0057	-0.8712	3.4491	9.1385	-0.05465269191857125	2	0	11	Upright	Normal
-1.0337	3.2950	9.1165	-20.4291	5.4891	-61.6025	22.6451	2.4530	-23.8237	-0.1546	-0.1279	-0.0311	0.1280	0.1312	0.5107	0.8400	-0.0105	-0.0263	0.0071	-0.8791	3.4230	9.1476	0.0262039359995363	2	0	11	Upright	Normal
-0.9577	3.3710	9.0788	-20.4164	5.4391	-61.5647	22.3218	2.7557	-24.4251	-0.0865	-0.0498	-0.0703	0.1282	0.1307	0.5103	0.8403	-0.0211	-0.0295	0.0113	-0.8712	3.4209	9.1491	-0.016975483610949027	2	0	11	Upright	Normal
-0.9188	3.2950	9.0016	-20.3727	5.3625	-61.4979	22.7040	2.5623	-24.1212	-0.0596	-0.1188	-0.1513	0.1283	0.1299	0.5098	0.8407	0.0375	-0.0476	0.0199	-0.8592	3.4138	9.1529	-0.10202909538215543	2	0	11	Upright	Normal
-0.7655	3.3333	8.8867	-20.2888	5.2724	-61.5521	22.1970	2.7467	-24.3672	0.0798	-0.0670	-0.2725	0.1280	0.1289	0.5101	0.8407	-0.0286	-0.0220	0.0220	-0.8453	3.4004	9.1592	-0.10754716422523813	3	0	12	Upright	Normal
-0.7655	3.2184	8.8867	-19.9461	4.9410	-61.4198	22.0364	2.7859	-24.3276	0.0286	-0.1269	-0.2973	0.1271	0.1249	0.5089	0.8422	-0.0893	-0.0444	-0.0451	-0.7941	3.3453	9.1840	-0.03961103295262092	3	0	12	Upright	Normal
-0.9577	3.1801	9.2320	-19.5142	4.8856	-61.2926	22.1666	2.4670	-24.2501	-0.1704	-0.0956	0.0223	0.1243	0.1224	0.5081	0.8434	-0.0264	-0.0125	-0.0100	-0.7872	3.2757	9.2097	0.3287359965106038	3	0	12	Upright	Normal
-0.6895	3.1029	8.8490	-19.9777	4.1203	-61.4770	22.6337	2.5819	-24.6729	-0.0272	-0.2475	-0.3437	0.1309	0.1190	0.5084	0.8427	0.2132	-0.2958	0.0923	-0.6623	3.3504	9.1927	-0.40865745349725024	3	0	12	Upright	Normal
-0.3448	3.1795	8.5042	-20.0327	2.9992	-61.6793	21.7200	2.7059	-25.0390	0.1374	-0.1797	-0.6964	0.1361	0.1113	0.5086	0.8429	-0.2096	-0.0838	0.0414	-0.4821	3.3592	9.2006	-0.31688651837801096	0	0	12	Upright	Normal
0.3831	3.1795	9.0022	-21.5221	0.1487	-61.4945	20.2987	2.6584	-25.9572	0.4069	-0.4181	-0.1206	0.1598	0.0966	0.5025	0.8442	0.7075	-0.4599	-0.0992	-0.0238	3.5976	9.1228	0.4691958396267264	0	0	12	Upright	Normal
1.1109	3.4477	7.9679	-26.3471	-5.7837	-62.7319	18.4448	-0.0067	-26.3922	0.2254	-0.9046	-0.7753	0.2199	0.0765	0.4963	0.8363	1.1379	-1.0213	0.1575	0.8856	4.3522	8.7432	-0.8022639254017818	0	0	12	Upright	Normal
3.0652	3.5632	6.7798	-29.3746	-16.2809	-65.6280	14.0240	-3.4540	-27.5419	0.6695	-1.2472	-1.4232	0.2852	0.0209	0.4888	0.8242	-0.0115	-1.5901	-0.1173	2.3957	4.8104	8.2030	-0.5029098788109998	0	0	12	Upright	Normal
4.6358	2.6438	5.7455	-27.1915	-31.7492	-73.3169	7.9046	-4.4321	-28.8702	0.0458	-1.8375	-1.6721	0.3401	-0.0783	0.5066	0.7884	0.3954	-2.0812	1.6989	4.5900	4.4813	7.4175	-0.40807347179796505	0	0	12	Upright	Normal
5.5935	1.4946	4.9027	-19.5206	-56.8140	-89.0385	-3.2816	-7.3067	-27.7536	-2.1419	-1.7823	-0.1564	0.4351	-0.2297	0.5503	0.6746	0.9653	-3.6727	3.6762	7.7354	3.2769	5.0591	-0.2549569297940977	0	0	12	Upright	Normal
9.8839	-0.1909	5.1709	3.0265	-75.4325	-104.2664	-19.1716	-6.6634	-23.1531	0.4058	0.3268	2.7078	0.4700	-0.3919	0.6342	0.4726	1.4064	-0.9520	5.1473	9.4780	-0.5177	2.4630	3.5697699950659283	0	0	13	Upright	Normal
12.1823	-0.6889	1.6849	23.6675	-75.0981	-118.1968	-26.0886	-0.8800	-21.4482	3.5026	3.2477	-0.6249	0.4283	-0.4458	0.7300	0.2913	1.0687	-0.2436	3.1617	8.6797	-3.9367	2.3098	1.161105646706206	0	0	13	Upright	Normal
10.9565	-2.7575	0.3825	27.7846	-75.1091	-119.7710	-27.5505	3.0879	-21.4704	2.5718	1.8139	-1.8470	0.4163	-0.4615	0.7391	0.2595	-0.4706	0.4200	0.0042	8.3846	-4.5714	2.2295	-1.0128988969579513	0	0	13	Upright	Normal
7.0874	-5.7455	-2.0692	31.9918	-81.4865	-112.2235	-26.5725	4.4641	-22.6212	-1.1381	-0.5499	-3.3004	0.4044	-0.5231	0.7049	0.2568	-1.4986	-1.1938	0.8096	8.2256	-5.1956	1.2312	-1.9492405470986078	0	0	13	Upright	Normal
7.6614	-5.4396	2.6432	30.5253	-88.1215	-106.9721	-28.2486	8.2647	-20.0183	-0.7814	-0.4586	2.3664	0.4266	-0.5512	0.6661	0.2654	-0.5409	-0.2021	-0.3835	8.4429	-4.9810	0.2768	0.4053739684491422	0	0	13	Upright	Normal
7.5465	-3.3710	-2.3750	26.5931	-92.8820	-103.5942	-29.7058	7.8528	-18.5386	-1.2115	1.0190	-1.9341	0.4562	-0.5607	0.6301	0.2838	-0.6027	-0.5675	-1.4987	8.7580	-4.3901	-0.4410	-1.1611315446706474	0	0	13	Upright	Normal
7.9679	-4.7501	-0.7661	8.7148	-94.6760	-105.1778	-30.9687	1.7622	-16.8481	-1.6931	-3.2642	0.0241	0.5511	-0.4864	0.5707	0.3661	-0.5526	0.0472	-3.6378	9.6611	-1.4859	-0.7902	0.7082949993177827	0	0	13	Upright	Normal
8.9262	-2.0297	1.1103	4.4287	-91.6520	-113.5965	-29.2399	-5.4661	-17.6285	-0.8471	-1.2724	1.3922	0.5849	-0.4150	0.5978	0.3581	1.9465	-0.3853	0.1066	9.7733	-0.7573	-0.2819	-0.08679837724026918	0	0	13	Upright	Normal
10.0748	-1.8004	0.8045	3.5297	-88.9949	-122.9441	-28.7458	-8.5006	-17.9054	0.2884	-1.1967	0.6328	0.6050	-0.3539	0.6367	0.3215	1.3435	0.1718	-0.7467	9.7864	-0.6038	0.1716	1.0448313621640075	0	0	13	Upright	Normal
12.9095	-0.3065	-1.6472	3.8849	-87.0357	-131.8222	-27.7190	-11.7794	-16.9534	3.1386	0.3579	-2.1531	0.6182	-0.3033	0.6712	0.2745	0.7992	0.6661	0.6573	9.7709	-0.6644	0.5059	2.7517974300272865	0	0	13	Upright	Normal
10.6111	-1.1492	1.4174	8.6530	-89.3271	-132.6021	-28.4100	-11.3205	-16.7408	0.9168	0.3262	1.3036	0.6203	-0.3309	0.6707	0.2365	0.1334	-0.9850	0.4876	9.6943	-1.4754	0.1137	-2.2509192656008477	0	1	14	PT	Normal
7.9296	-0.1915	-0.6512	5.5863	-95.1035	-130.5628	-29.8916	-10.1796	-15.2611	-1.7918	0.7632	0.2171	0.6557	-0.3381	0.6274	0.2492	-0.4408	-1.3675	-0.7844	9.7214	-0.9547	-0.8683	-2.8082550859913136	0	1	14	PT	Normal
12.0285	-2.0686	-2.1069	3.5757	-100.0434	-130.9731	-30.9839	-12.0265	-11.7118	2.3909	-1.4569	-0.4000	0.6886	-0.3360	0.5942	0.2447	-0.0595	0.1697	-0.4222	9.6376	-0.6117	-1.7069	4.4269956390621	0	1	14	Jump	Normal
8.4276	1.1875	-0.1915	1.0138	-89.9099	-134.0193	-29.4716	-12.9690	-14.7765	-1.3774	1.3611	-0.2069	0.6480	-0.2817	0.6539	0.2706	0.6021	1.8933	-0.0419	9.8050	-0.1736	0.0154	-3.8725880316514463	0	1	14	Jump	Normal
9.6534	-0.5363	2.4134	0.2127	-76.7945	-137.2920	-25.1148	-14.2417	-18.3972	0.1062	-0.4999	0.1731	0.5779	-0.2275	0.7303	0.2843	0.8620	1.5695	0.0476	9.5472	-0.0364	2.2402	1.4519455562387868	0	1	14	PT	Normal
9.1943	-0.2676	2.5660	0.1331	-77.3439	-135.3146	-22.1009	-14.9403	-19.4408	-0.3739	-0.2448	0.4175	0.5776	-0.2384	0.7224	0.2961	-0.3779	-0.2979	-0.1895	9.5683	-0.0227	2.1485	-0.415547628039894	0	1	14	PT	Normal
9.0028	0.2304	1.9914	0.1415	-77.6427	-134.1428	-22.9570	-14.5024	-19.7013	-0.5766	0.2547	-0.1073	0.5770	-0.2451	0.7178	0.3028	-0.1500	-0.0455	-0.0692	9.5794	-0.0242	2.0987	-0.3261090491749261	0	1	14	Upright	Normal
8.9645	0.1538	2.0297	-0.2785	-77.6606	-133.9178	-23.1279	-14.2498	-19.7283	-0.6155	0.1062	-0.0660	0.5777	-0.2437	0.7163	0.3063	0.0109	0.0025	-0.0234	9.5799	0.0476	2.0957	-0.030601733432980893	0	1	14	Upright	Normal
9.1177	0.2304	2.1063	-0.3867	-77.6140	-133.8936	-23.1585	-14.5687	-20.0514	-0.4604	0.1643	0.0030	0.5777	-0.2430	0.7162	0.3071	0.0237	-0.0039	0.0086	9.5782	0.0661	2.1033	0.16797101169530215	0	1	14	Upright	Normal
9.0794	0.3071	2.1063	-0.5549	-77.6107	-134.0713	-22.8183	-14.6238	-19.8423	-0.4983	0.2120	0.0024	0.5785	-0.2410	0.7163	0.3068	0.0226	-0.0529	-0.0323	9.5777	0.0950	2.1039	-0.035090781630612966	1	1	15	Upright	Normal
8.9262	-0.3825	2.3361	-0.4221	-77.3513	-134.4318	-22.9996	-14.2961	-19.6837	-0.6421	-0.4547	0.1888	0.5773	-0.2393	0.7189	0.3045	0.0332	0.0366	0.0486	9.5683	0.0723	2.1473	-0.09081742367713197	1	1	15	Upright	Normal
9.1171	-0.3065	2.2601	-0.0618	-77.1692	-134.3373	-22.9669	-14.4617	-19.9813	-0.4446	-0.3171	0.0825	0.5750	-0.2416	0.7203	0.3036	-0.0893	-0.0284	0.0326	9.5617	0.0106	2.1777	0.16330259961656957	1	1	15	Upright	Normal
8.9256	0.3831	1.8771	0.2159	-77.3664	-134.3074	-23.3900	-14.0246	-20.0658	-0.6434	0.4200	-0.2677	0.5754	-0.2440	0.7198	0.3020	0.0428	0.0216	0.0966	9.5690	-0.0370	2.1448	-0.26916985033141394	1	1	15	Upright	Normal
9.2326	-0.2292	2.1829	0.3700	-76.6675	-135.5906	-23.3098	-15.1213	-20.0634	-0.3095	-0.1658	-0.0784	0.5733	-0.2367	0.7270	0.2946	0.2463	0.1452	0.0199	9.5421	-0.0634	2.2613	0.36102669718763813	1	1	15	Upright	Normal
9.0405	-0.4597	2.2218	0.3920	-76.2601	-136.0561	-23.2720	-15.4581	-20.3496	-0.4853	-0.3926	-0.1073	0.5716	-0.2335	0.7303	0.2924	-0.0115	0.0387	-0.0217	9.5258	-0.0670	2.3291	-0.1690593749906526	1	1	15	Upright	Normal
9.1177	0.1155	2.1446	0.4322	-76.5031	-135.7654	-22.9439	-14.7235	-20.0581	-0.4178	0.1896	-0.1441	0.5724	-0.2358	0.7284	0.2935	-0.0413	-0.0540	-0.0215	9.5355	-0.0741	2.2887	0.04637933050181786	1	1	15	Upright	Normal
9.0022	0.0383	2.1835	0.1879	-76.5195	-135.8376	-22.8474	-14.1356	-19.8837	-0.5342	0.0705	-0.1025	0.5733	-0.2340	0.7280	0.2942	0.0204	-0.0135	-0.0353	9.5364	-0.0322	2.2860	-0.10393415136230111	1	1	15	Upright	Normal
8.9256	-0.0383	2.3367	-0.0500	-76.6408	-135.8865	-23.1272	-14.9393	-19.8246	-0.6156	-0.0468	0.0709	0.5748	-0.2325	0.7270	0.2949	0.0215	-0.0338	-0.0438	9.5412	0.0085	2.2658	-0.03681906877931418	1	1	15	Upright	Normal
9.0022	0.0383	2.2218	-0.2865	-76.7509	-136.0711	-22.8172	-14.8088	-19.2296	-0.5432	-0.0108	-0.0256	0.5765	-0.2304	0.7265	0.2947	0.0513	-0.0391	-0.0236	9.5454	0.0491	2.2474	0.045921671708573086	1	1	15	Upright	Normal
8.9639	0.0000	2.2218	-0.3915	-76.7856	-136.4560	-22.0794	-15.2564	-19.3643	-0.5828	-0.0670	-0.0198	0.5777	-0.2279	0.7271	0.2927	0.0780	-0.0071	0.0052	9.5467	0.0670	2.2416	0.045921671708573086	1	1	16	Upright	Normal
9.0028	-0.0760	2.1829	-0.4042	-76.7751	-136.8083	-23.2735	-15.7237	-19.5020	-0.5435	-0.1451	-0.0605	0.5784	-0.2260	0.7280	0.2905	0.0343	-0.0018	-0.0023	9.5463	0.0691	2.2434	-0.008428497641578048	2	1	16	Upright	Normal
9.0794	-0.1526	2.1446	-0.3302	-76.7473	-136.7261	-23.1143	-15.0794	-19.4234	-0.4658	-0.2090	-0.1034	0.5779	-0.2268	0.7281	0.2907	-0.0637	-0.0082	-0.0278	9.5452	0.0564	2.2480	0.06651791356502557	2	1	16	Upright	Normal
9.0794	0.1155	2.1829	-0.3844	-76.8112	-136.5241	-23.1010	-14.2743	-19.2003	-0.4682	0.0497	-0.0545	0.5780	-0.2276	0.7271	0.2922	-0.0317	-0.0039	-0.0204	9.5476	0.0658	2.2374	0.008345071063518006	2	1	16	Upright	Normal
9.0028	0.0772	2.1446	-0.4502	-76.8038	-136.5740	-23.2793	-15.0048	-19.7722	-0.5445	0.0003	-0.0940	0.5782	-0.2269	0.7272	0.2922	0.0183	-0.0007	-0.0044	9.5473	0.0769	2.2386	-0.08380296374922125	2	1	16	Upright	Normal
9.0411	0.0772	2.1829	-0.4525	-76.7804	-136.5963	-23.5692	-15.0660	-19.1062	-0.5053	-0.0001	-0.0596	0.5781	-0.2268	0.7273	0.2921	0.0151	-0.0061	-0.0065	9.5464	0.0774	2.2425	0.046174043113653696	2	1	16	Upright	Normal
9.0411	0.0389	2.2978	-0.5621	-76.7781	-136.6717	-22.8305	-15.4975	-19.8782	-0.5050	-0.0573	0.0551	0.5785	-0.2257	0.7273	0.2922	0.0173	-0.0210	-0.0256	9.5461	0.0962	2.2428	0.027396209412549055	2	1	16	Upright	Normal
9.0028	0.1538	1.8765	-0.7443	-77.0258	-136.7561	-22.8468	-14.8470	-19.3627	-0.5526	0.0265	-0.3250	0.5807	-0.2247	0.7259	0.2921	0.0194	-0.0039	-0.0203	9.5554	0.1273	2.2015	-0.13103432502166967	2	1	16	Upright	Normal
9.0405	0.1149	1.9920	-0.8539	-77.1575	-136.7870	-22.9235	-15.3631	-19.2393	-0.5197	-0.0311	-0.1875	0.5819	-0.2242	0.7251	0.2922	0.0183	-0.0146	-0.0160	9.5602	0.1460	2.1795	0.06050107133104632	2	1	16	Upright	Normal
9.0411	0.0772	2.0297	-0.8478	-77.1583	-136.8398	-23.6155	-15.6236	-19.0376	-0.5191	-0.0679	-0.1496	0.5820	-0.2240	0.7252	0.2918	0.0045	-0.0082	-0.0086	9.5602	0.1451	2.1793	0.008379303147053818	2	1	16	Upright	Normal
9.0411	0.1155	1.9531	-0.8370	-77.1656	-136.8917	-22.9892	-15.2428	-19.0975	-0.5194	-0.0277	-0.2251	0.5821	-0.2238	0.7254	0.2914	0.0023	-0.0135	-0.0064	9.5605	0.1432	2.1781	-0.016077397654630232	3	1	17	Upright	Normal
9.0794	0.2304	1.9531	-0.8432	-77.2083	-136.9593	-22.8566	-15.7577	-19.4087	-0.4827	0.0862	-0.2179	0.5825	-0.2235	0.7253	0.2909	0.0056	-0.0135	-0.0016	9.5621	0.1443	2.1709	0.039576887566612484	3	1	17	Upright	Normal
9.0411	0.1538	2.0303	-0.8660	-77.2226	-137.0249	-23.2716	-14.6703	-18.6683	-0.5215	0.0057	-0.1383	0.5828	-0.2231	0.7253	0.2906	0.0226	-0.0018	0.0005	9.5626	0.1481	2.1685	-0.022413375402877023	3	1	17	Upright	Normal
9.0794	0.1538	1.9914	-0.8886	-77.2685	-137.0795	-22.9635	-16.0401	-18.9950	-0.4850	0.0018	-0.1695	0.5833	-0.2228	0.7252	0.2903	0.0077	-0.0125	-0.0037	9.5644	0.1520	2.1609	0.02895818616602419	3	1	17	Upright	Normal
9.0411	0.1921	1.9914	-0.9329	-77.2789	-137.1865	-22.5836	-15.7177	-18.9072	-0.5234	0.0325	-0.1677	0.5836	-0.2220	0.7253	0.2898	0.0248	-0.0007	0.0005	9.5645	0.1597	2.1591	-0.03668707206321109	3	1	17	Upright	Normal
9.0411	0.1538	1.9914	-0.9385	-77.2943	-137.2475	-23.4219	-16.0642	-19.0310	-0.5240	-0.0067	-0.1652	0.5839	-0.2217	0.7254	0.2894	0.0003	-0.0103	-0.0037	9.5651	0.1606	2.1566	-7.153757037876574E-4	3	1	17	Upright	Normal
9.0411	0.0772	2.0297	-0.9454	-77.2999	-137.3562	-23.0342	-15.9156	-18.9551	-0.5242	-0.0845	-0.1258	0.5841	-0.2211	0.7256	0.2888	-0.0062	-0.0039	0.0053	9.5653	0.1618	2.1555	0.007358147091869327	3	1	17	Upright	Normal
9.1177	0.0772	2.0297	-0.9414	-77.3049	-137.4478	-23.6056	-15.6831	-18.9830	-0.4479	-0.0839	-0.1251	0.5843	-0.2207	0.7258	0.2881	-0.0051	-0.0114	-0.0021	9.5656	0.1612	2.1548	0.07475231847022634	3	1	17	Upright	Normal
9.0022	0.2298	2.0303	-0.9460	-77.3107	-137.5030	-22.9726	-15.6057	-19.1075	-0.5635	0.0679	-0.1235	0.5845	-0.2204	0.7259	0.2878	-0.0072	-0.0039	0.0064	9.5657	0.1619	2.1537	-0.11003200151224846	3	1	17	Upright	Normal
9.0794	0.0772	2.0297	-0.9353	-77.3169	-137.5803	-23.3552	-15.5752	-18.9423	-0.4866	-0.0829	-0.1232	0.5846	-0.2200	0.7261	0.2873	0.0002	0.0025	0.0117	9.5660	0.1601	2.1528	0.0726525502554427	4	1	18	Upright	Normal
9.0788	0.0766	2.0303	-0.9279	-77.3233	-137.6376	-23.2120	-15.6343	-18.8427	-0.4875	-0.0822	-0.1215	0.5848	-0.2198	0.7262	0.2868	-0.0136	0.0025	0.0139	9.5663	0.1588	2.1518	-4.594591312034879E-4	4	1	18	Upright	Normal
9.0411	0.0389	1.9914	-0.8422	-77.3721	-137.6793	-22.8970	-15.4299	-19.1551	-0.5272	-0.1052	-0.1522	0.5850	-0.2203	0.7263	0.2860	-0.0157	0.0014	0.0076	9.5683	0.1441	2.1436	-0.045467280161361145	4	1	18	Upright	Normal
9.0794	0.1155	1.9531	-0.8349	-77.3814	-137.7045	-23.5564	-15.1574	-19.3086	-0.4893	-0.0274	-0.1890	0.5851	-0.2202	0.7263	0.2858	-0.0030	0.0035	0.0045	9.5687	0.1429	2.1421	0.029914035083820067	4	1	18	Upright	Normal
9.1177	0.1155	1.9914	-0.8352	-77.3919	-137.7050	-23.1408	-15.2598	-19.3303	-0.4513	-0.0274	-0.1489	0.5851	-0.2202	0.7262	0.2858	0.0066	0.0046	0.0002	9.5690	0.1429	2.1403	0.04554040933343195	4	1	18	Upright	Normal
9.1171	0.1149	2.0303	-0.8323	-77.4037	-137.6931	-23.0193	-15.1910	-19.3835	-0.4524	-0.0275	-0.1080	0.5852	-0.2203	0.7262	0.2859	0.0162	0.0003	-0.0073	9.5695	0.1425	2.1383	0.007784263055409468	4	1	18	Upright	Normal
9.0405	0.1532	2.0303	-0.8817	-77.4449	-137.6939	-23.3656	-15.5097	-19.3949	-0.5305	0.0024	-0.1012	0.5855	-0.2201	0.7259	0.2860	0.0183	0.0014	-0.0073	9.5710	0.1508	2.1314	-0.07419386287531182	4	1	18	Upright	Normal
9.0794	0.1538	1.9914	-0.9010	-77.4443	-137.6647	-23.4317	-15.5342	-19.3350	-0.4914	-0.0003	-0.1402	0.5855	-0.2202	0.7257	0.2863	0.0013	-0.0039	-0.0052	9.5708	0.1541	2.1316	0.029553328156923797	4	1	18	Upright	Normal
9.0411	0.1155	1.9914	-0.8982	-77.4461	-137.6633	-23.0430	-15.7134	-19.1943	-0.5299	-0.0382	-0.1399	0.5855	-0.2202	0.7257	0.2863	-0.0051	0.0025	-0.0031	9.5710	0.1537	2.1313	-0.0379594406522461	4	1	18	Upright	Normal
9.0794	0.1155	1.9914	-0.8944	-77.4509	-137.6912	-23.1773	-15.5513	-18.8333	-0.4917	-0.0376	-0.1390	0.5856	-0.2201	0.7258	0.2861	-0.0083	-0.0007	-0.0031	9.5711	0.1531	2.1304	0.03740468884186576	4	1	18	Upright	Normal
9.0794	0.1538	1.9914	-0.8854	-77.4520	-137.6970	-23.1721	-15.8156	-19.8613	-0.4917	0.0024	-0.1389	0.5856	-0.2201	0.7258	0.2860	-0.0072	0.0014	0.0011	9.5711	0.1514	2.1302	5.547518103803384E-4	5	1	19	Upright	Normal
9.0028	0.1155	1.9914	-0.8818	-77.4471	-137.6979	-22.9100	-15.8083	-19.1212	-0.5682	-0.0355	-0.1396	0.5856	-0.2201	0.7259	0.2860	-0.0066	-0.0029	0.0052	9.5710	0.1510	2.1310	-0.07535584370561565	5	1	19	Upright	Normal
8.9645	0.1538	2.0297	-0.8708	-77.4475	-137.6868	-23.2385	-15.7494	-19.5767	-0.6066	0.0048	-0.1013	0.5855	-0.2202	0.7258	0.2860	-0.0098	-0.0029	0.0073	9.5711	0.1490	2.1310	-0.028446942128365293	5	1	19	Upright	Normal
9.0794	0.0772	1.9914	-0.8595	-77.4480	-137.7027	-22.9289	-15.7841	-18.8867	-0.4917	-0.0699	-0.1396	0.5855	-0.2202	0.7259	0.2858	-0.0034	-0.0061	0.0041	9.5711	0.1471	2.1310	0.10285105604032552	5	1	19	Upright	Normal
9.0788	0.0766	2.0303	-0.8498	-77.4405	-137.7308	-23.4759	-15.6049	-18.8446	-0.4920	-0.0688	-0.1019	0.5855	-0.2201	0.7260	0.2856	-0.0055	-0.0072	0.0041	9.5708	0.1454	2.1322	0.007820837200743114	5	1	19	Upright	Normal
9.0405	0.0766	2.0303	-0.8368	-77.4403	-137.7435	-23.1695	-15.5149	-19.3976	-0.5303	-0.0666	-0.1019	0.5855	-0.2202	0.7261	0.2855	-0.0066	-0.0115	-0.0012	9.5708	0.1432	2.1322	-0.03737224087087476	5	1	19	Upright	Normal
9.0022	0.1149	1.9920	-0.8334	-77.4434	-137.7351	-23.5505	-15.4456	-19.4966	-0.5688	-0.0277	-0.1398	0.5855	-0.2202	0.7261	0.2855	0.0062	-0.0093	-0.0034	9.5710	0.1426	2.1317	-0.045316264304016585	5	1	19	Upright	Normal
9.0405	0.1149	1.9537	-0.8286	-77.4462	-137.7194	-23.4952	-15.2072	-19.4960	-0.5306	-0.0269	-0.1776	0.5855	-0.2203	0.7260	0.2856	0.0116	-0.0083	-0.0002	9.5711	0.1419	2.1313	0.029230642413592633	5	1	19	Upright	Normal
9.1560	0.0772	1.9914	-0.8200	-77.4514	-137.7471	-23.0908	-15.6993	-18.2518	-0.4152	-0.0631	-0.1390	0.5855	-0.2203	0.7261	0.2854	-0.0055	-0.0115	0.0009	9.5713	0.1404	2.1304	0.12047035340526513	5	1	19	Upright	Normal
9.0411	0.0772	2.0680	-0.8093	-77.4547	-137.7858	-23.5569	-14.8436	-18.7641	-0.5303	-0.0612	-0.0618	0.5856	-0.2201	0.7262	0.2850	-0.0055	-0.0061	0.0094	9.5714	0.1384	2.1298	-0.09546147081399603	5	1	19	Upright	Normal
9.1171	0.1149	1.9537	-0.7955	-77.4577	-137.7967	-23.3323	-15.2712	-19.1649	-0.4544	-0.0211	-0.1757	0.5856	-0.2202	0.7262	0.2849	-0.0119	-0.0146	-0.0076	9.5716	0.1360	2.1293	0.04987113800060605	6	1	20	Upright	Normal
9.0405	0.0766	1.9920	-0.7862	-77.4654	-137.7976	-23.1896	-14.6511	-18.5389	-0.5314	-0.0579	-0.1360	0.5856	-0.2203	0.7262	0.2848	-0.0012	-0.0061	0.0009	9.5719	0.1345	2.1280	-0.06711098861995701	6	1	20	Upright	Normal
9.0411	0.0389	1.9531	-0.7778	-77.4736	-137.7921	-23.1741	-15.6691	-19.3830	-0.5312	-0.0941	-0.1736	0.5857	-0.2204	0.7262	0.2848	-0.0033	-0.0072	0.0001	9.5723	0.1330	2.1266	-0.007941270686828261	6	1	20	Upright	Normal
9.0028	0.0772	1.9148	-0.7732	-77.4868	-137.8025	-23.5971	-15.7385	-19.1411	-0.5700	-0.0551	-0.2098	0.5858	-0.2204	0.7261	0.2847	-0.0001	0.0003	0.0043	9.5728	0.1323	2.1246	-0.045234442927572616	6	1	20	Upright	Normal
9.0411	0.1155	1.9914	-0.7635	-77.4986	-137.8163	-23.2166	-15.7953	-19.4235	-0.5321	-0.0151	-0.1311	0.5858	-0.2204	0.7261	0.2845	-0.0023	0.0003	0.0054	9.5732	0.1306	2.1225	0.05403599634444767	6	1	20	Upright	Normal
9.0405	0.0766	1.9920	-0.7554	-77.5090	-137.8272	-23.1744	-15.2416	-19.1567	-0.5332	-0.0527	-0.1288	0.5859	-0.2204	0.7261	0.2844	-0.0108	0.0003	0.0054	9.5737	0.1293	2.1208	-8.602827300467908E-4	6	1	20	Upright	Normal
9.0405	0.0383	1.9920	-0.7462	-77.5169	-137.8042	-23.6055	-14.9652	-19.5246	-0.5335	-0.0893	-0.1275	0.5859	-0.2206	0.7260	0.2845	-0.0076	0.0088	0.0075	9.5740	0.1276	2.1195	-2.376798719154749E-4	6	1	20	Upright	Normal
9.0794	0.0006	1.9531	-0.7372	-77.5143	-137.7868	-24.0835	-15.7679	-19.7614	-0.4944	-0.1255	-0.1668	0.5858	-0.2207	0.7260	0.2846	-0.0065	0.0013	0.0011	9.5738	0.1261	2.1199	0.029655098216418097	6	1	20	Upright	Normal
9.0794	0.0389	2.0297	-0.7250	-77.5137	-137.7787	-23.6281	-15.2944	-19.5332	-0.4944	-0.0851	-0.0904	0.5858	-0.2209	0.7260	0.2846	0.0030	0.0045	0.0054	9.5738	0.1240	2.1201	0.016491900618236244	6	1	20	Upright	Normal
9.0411	0.1155	2.0680	-0.7152	-77.5088	-137.7360	-23.4405	-15.4532	-19.5250	-0.5326	-0.0069	-0.0528	0.5856	-0.2211	0.7260	0.2848	0.0062	0.0045	0.0075	9.5737	0.1224	2.1208	-0.028271607487663886	6	1	20	Upright	Normal
9.0794	0.0772	2.0680	-0.7068	-77.4979	-137.7144	-23.0766	-14.8451	-18.8335	-0.4940	-0.0437	-0.0546	0.5855	-0.2213	0.7260	0.2849	0.0020	0.0088	0.0075	9.5734	0.1209	2.1226	0.03694103613567812	7	1	21	Upright	Normal
Total time: 21 seconds.
