9.0405	0.1532	2.4517	2.4086	-74.8685	11.9543	-15.9812	22.4468	1.2978	-0.4176	0.5655	-0.1058	-0.0799	-0.6027	-0.0700	0.7909	0.0873	0.0102	0.0925	9.4581	-0.4123	2.5575	-0.047230529209315364	6	0	1	Upright	Normal
9.0022	-0.0766	2.4517	2.5231	-74.7745	11.7742	-16.2330	22.1235	0.9747	-0.4510	0.3552	-0.1212	-0.0797	-0.6021	-0.0682	0.7915	0.0053	0.0134	0.0797	9.4532	-0.4319	2.5729	-0.03789731298464183	6	0	1	Upright	Normal
9.0411	0.1538	2.4128	2.6910	-74.7521	11.9506	-16.2888	22.0878	0.9084	-0.4099	0.6143	-0.1634	-0.0817	-0.6016	-0.0685	0.7916	-0.0565	0.0027	0.0659	9.4510	-0.4604	2.5762	0.028381789090426324	6	0	1	Upright	Normal
8.9256	0.1915	2.4134	2.7029	-74.6221	12.3514	-15.9262	21.7702	1.8070	-0.5194	0.6541	-0.1842	-0.0838	-0.6004	-0.0713	0.7921	-0.0661	0.0390	0.0595	9.4450	-0.4625	2.5976	-0.11067041407711642	6	0	1	Upright	Normal
9.0022	0.1149	2.3750	2.7810	-74.3347	12.6798	-15.9002	21.8863	1.6426	-0.4290	0.5908	-0.2696	-0.0859	-0.5981	-0.0734	0.7934	-0.0704	0.0656	0.0739	9.4312	-0.4758	2.6447	0.06282255978873152	6	0	1	Upright	Normal
9.0022	0.1915	2.3750	2.9377	-74.0728	13.1387	-16.5172	22.0316	1.7316	-0.4155	0.6942	-0.3124	-0.0892	-0.5958	-0.0760	0.7945	-0.1056	0.0901	0.0899	9.4177	-0.5026	2.6875	0.0012602740414084934	6	0	1	Upright	Normal
9.1177	0.4603	2.4511	3.1992	-73.4466	13.6020	-16.1728	21.7197	1.9508	-0.2679	1.0077	-0.3385	-0.0930	-0.5909	-0.0783	0.7975	-0.0928	0.1647	0.1357	9.3856	-0.5474	2.7895	0.1404388491712769	6	0	1	Upright	Normal
9.0028	0.5752	2.4511	3.2573	-72.8460	13.9123	-16.3744	22.1676	1.5536	-0.3524	1.1325	-0.4365	-0.0946	-0.5864	-0.0807	0.8004	-0.0757	0.2073	0.1112	9.3552	-0.5573	2.8876	-0.10441337331127087	6	0	1	Upright	Normal
9.3859	0.0006	2.1829	3.5162	-71.9285	14.7580	-16.0085	22.3886	1.8774	0.0807	0.6021	-0.8534	-0.1000	-0.5790	-0.0860	0.8046	-0.2781	0.2382	0.0388	9.3052	-0.6015	3.0363	0.28818116791991777	6	0	1	Upright	Normal
8.8490	0.6129	2.8730	2.9421	-70.9660	16.0425	-16.2049	22.2579	2.0946	-0.4093	1.1163	-0.3208	-0.1017	-0.5717	-0.0988	0.8081	-0.0789	0.2019	0.0396	9.2582	-0.5034	3.1939	-0.3125265410816631	6	0	1	Upright	Normal
8.8879	0.1155	2.4894	3.0822	-70.4791	16.8152	-15.4494	22.2944	1.7572	-0.3416	0.6428	-0.7828	-0.1061	-0.5674	-0.1040	0.8099	-0.2440	0.1753	0.0396	9.2295	-0.5273	3.2721	-0.09320364479013676	7	0	2	Upright	Normal
8.6963	1.2264	2.2978	3.2398	-70.0899	18.1343	-15.3479	22.8943	2.2938	-0.5094	1.7807	-1.0364	-0.1133	-0.5632	-0.1129	0.8107	-0.2035	0.2318	0.1717	9.2057	-0.5543	3.3342	-0.15269604441937723	7	0	2	Upright	Normal
9.2709	1.0732	2.1829	3.4130	-70.0532	19.3484	-14.9222	22.6889	2.3240	0.0690	1.6571	-1.1565	-0.1205	-0.5614	-0.1207	0.8097	-0.2845	0.0411	0.0428	9.2020	-0.5839	3.3395	0.5067241877453483	7	0	2	Upright	Normal
10.1137	2.5672	0.8422	2.0372	-72.9645	20.2588	-15.0524	22.5102	3.5660	0.7434	2.9158	-2.0289	-0.1186	-0.5827	-0.1310	0.7932	-0.1055	-0.6748	-0.0019	9.3703	-0.3487	2.8711	0.8836728848822979	7	0	2	Upright	Normal
10.1520	1.6478	4.3664	-0.6842	-73.9865	17.4673	-15.6208	22.7871	4.4715	0.7266	1.5308	1.6614	-0.0867	-0.5955	-0.1248	0.7889	0.8650	0.2605	0.1792	9.4254	0.1170	2.7050	0.7049837657149283	7	0	2	Upright	Normal
9.8072	-4.9410	4.1749	3.0000	-75.2351	15.0840	-14.5681	23.4409	3.6548	0.3374	-4.4276	1.6792	-0.1006	-0.6022	-0.0881	0.7871	-0.1130	-0.9720	0.2566	9.4698	-0.5134	2.4957	0.5750283879579694	7	0	2	Upright	Normal
8.2750	1.6095	2.6426	4.9618	-77.0109	14.7375	-13.9824	24.4226	5.0290	-1.2448	2.4578	0.4468	-0.1134	-0.6125	-0.0735	0.7788	0.4282	0.3713	0.8937	9.5198	-0.8483	2.1958	-2.9138211607784097	7	0	2	Upright	Normal
5.4402	-2.2212	2.1446	11.5710	-74.1649	10.4505	-11.4494	26.0217	4.3090	-3.8024	-0.2541	-0.4769	-0.1347	-0.5901	-0.0118	0.7959	0.4857	0.2957	1.4029	9.2427	-1.9671	2.6215	-2.57925688828068	7	0	2	Upright	Normal
7.8536	-0.9571	0.8422	13.0170	-74.7362	2.1265	-8.9950	27.6329	2.1584	-1.3639	1.2519	-1.6731	-0.1013	-0.6012	0.0541	0.7908	2.0452	-0.7099	0.2492	9.2175	-2.2090	2.5153	1.7011018632556665	7	0	2	Upright	Normal
13.6380	-4.7112	0.3059	13.9946	-75.6020	-3.7726	-7.6200	27.1369	-1.4277	4.4213	-2.3396	-2.0602	-0.0762	-0.6112	0.1004	0.7814	-0.0235	0.7889	1.1930	9.2166	-2.3716	2.3661	6.47564352676772	7	0	2	Upright	Normal
9.6151	-2.4517	4.7884	14.4749	-75.3283	-1.0931	-6.4975	27.4422	-1.0616	0.4295	-0.0003	2.3836	-0.0939	-0.6071	0.0845	0.7845	-1.4179	1.0712	-0.9418	9.1857	-2.4514	2.4048	-3.4143462481514675	7	1	3	PT	Normal
8.0062	0.4597	5.8993	8.6749	-76.9335	5.5714	-9.8817	26.6582	2.5182	-1.4371	1.9389	3.7077	-0.0893	-0.6167	0.0090	0.7821	0.5113	-0.5629	-1.1900	9.4433	-1.4792	2.1916	-1.062185764475295	7	1	3	PT	Normal
6.0908	-1.9920	1.9920	6.3292	-77.3463	5.5209	-12.8084	25.8337	2.8571	-3.4192	-0.9108	-0.1431	-0.0731	-0.6211	-0.0031	0.7803	-0.0437	-0.4276	-0.1588	9.5101	-1.0811	2.1350	-3.2447806946923663	7	1	3	PT	Normal
8.5431	1.1881	1.8765	5.2840	-78.2532	18.9117	-13.9719	24.2761	5.6524	-1.0172	2.0913	-0.1115	-0.1388	-0.6159	-0.0986	0.7692	-1.3284	0.0975	-0.2142	9.5603	-0.9032	1.9879	2.116347743067804	7	1	3	PT	Normal
11.2240	0.9960	0.0383	4.6678	-79.4350	25.7425	-14.1134	23.1070	7.8499	1.6156	1.7942	-1.7536	-0.1728	-0.6155	-0.1458	0.7550	-0.9812	-0.1102	-0.3581	9.6084	-0.7982	1.7919	2.441086957006803	7	1	3	PT	Normal
9.9988	-0.7272	4.5580	-1.8876	-80.1756	28.2866	-16.4851	21.1106	8.8446	0.3413	-1.0502	2.8856	-0.1451	-0.6274	-0.1972	0.7392	0.3206	-0.6971	-0.3477	9.6575	0.3229	1.6723	-0.2554415254672424	0	1	3	Upright	Normal
11.2623	-5.6312	5.3630	2.0709	-77.9576	29.9441	-16.5930	21.2278	8.5311	1.6779	-5.2767	3.3184	-0.1761	-0.6040	-0.1898	0.7538	-0.3463	0.3244	0.6515	9.5844	-0.3545	2.0446	2.673453121395969	0	0	3	Upright	Normal
4.9422	2.9503	0.1909	4.6845	-79.8383	21.6944	-15.6539	22.2629	8.4365	-4.6783	3.7513	-1.5333	-0.1514	-0.6238	-0.1185	0.7575	1.3666	1.0137	1.2874	9.6205	-0.8010	1.7243	-7.9271839585647985	0	0	3	Upright	Normal
4.9416	-2.3750	3.1412	9.3978	-74.0903	16.3628	-13.5553	26.1835	4.1561	-4.3627	-0.7736	0.4892	-0.1502	-0.5850	-0.0644	0.7944	1.0407	0.0730	1.0190	9.3043	-1.6014	2.6520	0.5597973496852511	0	0	3	Upright	Normal
15.3612	-2.0303	-0.2682	9.1124	-77.5752	9.4720	-12.8331	26.1563	0.8302	5.9051	-0.4770	-2.3514	-0.1133	-0.6172	-0.0146	0.7785	-0.1918	0.8656	0.6398	9.4560	-1.5532	2.0833	9.178318298351222	0	0	3	Upright	Normal
10.7266	-2.2595	1.6083	11.8773	-79.9998	9.6127	-13.0208	26.8093	-0.4462	1.2758	-0.2411	-0.0581	-0.1325	-0.6304	0.0024	0.7648	-0.6734	0.4885	-0.2946	9.4508	-2.0185	1.6664	-4.417767321441218	0	1	4	Jump	Normal
6.2447	0.0389	5.6306	9.8885	-79.4687	18.4171	-13.9983	25.9577	1.5243	-3.2534	1.7231	3.8648	-0.1673	-0.6180	-0.0682	0.7651	-1.0206	-0.9549	-1.4323	9.4981	-1.6842	1.7657	-2.6709308679613493	0	1	4	PT	Normal
6.6661	-0.8422	3.1406	4.8975	-78.1143	15.1885	-17.2254	23.9498	4.1835	-2.8952	-0.0048	1.1283	-0.1161	-0.6196	-0.0758	0.7726	0.1682	-0.0782	0.0910	9.5612	-0.8374	2.0123	-0.9915723453971124	0	1	4	PT	Normal
6.9725	-1.0337	0.6506	4.6539	-78.8702	22.3393	-18.4823	23.8899	3.8886	-2.6179	-0.2379	-1.2360	-0.1537	-0.6166	-0.1242	0.7621	-2.2649	0.2754	-0.4959	9.5904	-0.7958	1.8866	-0.33817280817554796	0	1	4	Upright	Normal
10.1137	4.1761	0.1909	3.4972	-79.8538	32.5145	-19.7792	21.5844	7.7865	0.4785	4.7743	-1.5333	-0.2021	-0.6093	-0.1958	0.7413	-0.8289	0.1551	-0.1029	9.6352	-0.5983	1.7243	3.864966334908069	0	0	4	Upright	Normal
12.0291	2.4140	-0.1921	0.0227	-79.7234	33.0447	-20.1478	20.8829	8.0769	2.3798	2.4180	-1.9415	-0.1824	-0.6144	-0.2182	0.7359	0.1075	0.3724	-0.3577	9.6492	-0.0040	1.7494	1.3267977797313222	0	0	4	Upright	Normal
9.9222	-4.5197	4.4047	0.4870	-79.6477	31.4692	-21.2174	21.4036	7.7960	0.2756	-4.4362	2.6426	-0.1768	-0.6155	-0.2057	0.7400	-0.0619	0.6866	0.4977	9.6465	-0.0835	1.7621	-0.5112196951024384	0	0	4	Upright	Normal
7.8536	3.6398	0.1909	4.2179	-84.9683	27.1032	-20.8341	21.9219	7.4607	-1.8887	4.3612	-0.6668	-0.1845	-0.6498	-0.1485	0.7223	1.1813	-2.1704	0.7321	9.7423	-0.7214	0.8577	-3.1010610796871187	0	0	4	Upright	Normal
4.8267	1.4557	-0.7661	7.2377	-82.9924	18.9475	-18.9005	23.4123	7.0174	-4.8291	2.6912	-1.9529	-0.1555	-0.6444	-0.0818	0.7442	1.5328	1.9330	1.2573	9.6558	-1.2356	1.1868	-3.5588390862893036	0	0	4	Upright	Normal
9.1943	-2.2212	0.7272	9.6541	-80.1390	8.5578	-16.7299	26.4812	0.8409	-0.3305	-0.5766	-0.9284	-0.1121	-0.6348	-0.0029	0.7645	0.9618	-0.7025	-0.3896	9.5249	-1.6447	1.6556	4.387397216417639	0	0	4	Upright	Normal
12.0674	-2.0297	-1.2647	11.2290	-83.7747	6.5718	-15.9117	26.6424	-0.4948	2.5052	-0.1200	-2.3077	-0.1108	-0.6592	0.0227	0.7434	0.0894	-0.9347	0.1935	9.5621	-1.9097	1.0430	2.8153732574294423	0	1	5	PT	Normal
5.4396	-3.5626	5.7078	12.1061	-80.7153	14.4941	-16.0282	27.1586	0.4742	-4.0233	-1.5058	4.1608	-0.1609	-0.6287	-0.0279	0.7603	-1.1825	-1.1712	-1.3213	9.4629	-2.0568	1.5470	-3.6498974635087382	0	1	5	Jump	Normal
11.4539	2.7964	5.7844	5.0076	-78.4212	11.0997	-18.5815	26.4078	1.7435	1.8835	3.6525	3.8237	-0.0948	-0.6253	-0.0474	0.7731	0.9320	0.2499	0.3501	9.5704	-0.8561	1.9607	4.480632968569385	0	1	5	Jump	Normal
5.6695	-1.2641	-1.3791	4.6380	-81.5878	16.3088	-19.7015	24.8064	1.9634	-3.9998	-0.4711	-2.8088	-0.1229	-0.6419	-0.0811	0.7525	-1.8206	0.2200	-0.5725	9.6693	-0.7931	1.4298	-7.16263654852184	0	1	5	Jump	Normal
10.4579	3.0263	-0.0766	4.1672	-80.0216	23.5316	-20.9547	24.1867	4.9712	0.8251	3.7390	-1.7713	-0.1583	-0.6233	-0.1332	0.7541	-0.7958	0.5087	0.3426	9.6328	-0.7127	1.6946	4.917057955641182	0	1	5	Jump	Normal
11.7609	2.6055	-0.1538	0.7992	-80.4031	25.9012	-20.6244	24.2051	6.2966	2.0925	2.7424	-1.7885	-0.1498	-0.6279	-0.1668	0.7453	0.0425	0.4139	-0.3780	9.6684	-0.1369	1.6346	1.1597928764997611	0	1	5	PT	Normal
8.8879	-1.6083	3.3704	-1.3883	-80.7749	24.3579	-22.4051	23.3087	5.3334	-0.7890	-1.8458	1.7988	-0.1277	-0.6353	-0.1684	0.7428	0.2662	-0.5672	0.1387	9.6769	0.2375	1.5716	-2.40644347249132	0	1	5	PT	Normal
11.0714	0.8434	0.4974	3.8980	-80.9228	23.3772	-21.1496	24.6118	5.8555	1.4100	1.5101	-1.0461	-0.1567	-0.6299	-0.1324	0.7491	0.6145	-1.1850	0.4124	9.6614	-0.6668	1.5435	1.4740218371244769	0	1	5	PT	Normal
5.0949	0.6895	0.6895	6.7174	-78.8710	14.3499	-18.9574	26.7652	3.9787	-4.4613	1.8367	-1.1902	-0.1241	-0.6235	-0.0594	0.7696	0.7019	1.0062	1.3041	9.5562	-1.1471	1.8797	-5.927241012887159	0	1	5	Jump	Normal
9.9605	-1.7232	0.3825	8.8156	-78.4960	6.3579	-16.6207	28.8182	-0.2854	0.4645	-0.2203	-1.5501	-0.0944	-0.6265	0.0057	0.7736	1.4135	-1.0125	-0.2779	9.4960	-1.5030	1.9326	4.928322778581868	0	1	5	Jump	Normal
10.9565	-3.3321	-0.4603	10.4854	-81.2093	5.0030	-16.6865	28.6454	-0.8861	1.4269	-1.5474	-1.9339	-0.0976	-0.6445	0.0264	0.7579	0.1693	-1.1531	0.5778	9.5295	-1.7847	1.4736	1.345529433195141	0	2	6	PT	Normal
10.3435	-3.5237	7.4310	10.0813	-80.5915	8.9667	-16.5349	28.9064	0.4277	0.8182	-1.8070	5.8528	-0.1172	-0.6370	-0.0027	0.7619	-1.6854	1.3258	0.1570	9.5253	-1.7166	1.5782	1.7533216555637203	0	2	6	PT	Normal
9.2326	2.4140	4.5963	5.3791	-80.4753	12.7427	-18.0782	27.6642	3.2909	-0.3961	3.3333	2.9808	-0.1072	-0.6373	-0.0545	0.7612	0.9373	0.2669	-0.7634	9.6287	-0.9194	1.6155	-2.6223657950706816	0	2	6	PT	Normal
6.4745	-2.3744	-1.2647	4.5131	-80.6758	13.9185	-19.5110	26.3294	3.6768	-3.1725	-1.6028	-2.8487	-0.1082	-0.6384	-0.0670	0.7591	-1.1730	-0.3563	-0.5333	9.6470	-0.7717	1.5839	-3.581017946712537	0	2	6	Jump	Normal
9.3859	3.4866	0.6506	3.5879	-80.6188	25.0105	-19.9937	24.1552	6.2924	-0.2705	4.1004	-0.9447	-0.1633	-0.6261	-0.1453	0.7485	-1.2007	0.2137	0.0771	9.6564	-0.6138	1.5953	3.0225196808462176	0	2	6	PT	Normal
9.7300	1.7621	0.1915	3.1010	-80.3983	28.8894	-19.5832	23.6047	8.4990	0.0750	2.2927	-1.4418	-0.1810	-0.6197	-0.1735	0.7437	-0.4869	0.0880	-0.2063	9.6551	-0.5306	1.6333	-0.1435574078878794	0	2	6	Upright	Normal
12.1434	1.4940	0.4980	-0.5625	-81.1244	29.1581	-19.9212	23.1660	8.1609	2.4547	1.3978	-1.0148	-0.1601	-0.6303	-0.1943	0.7344	0.2236	-0.4330	-0.3706	9.6887	0.0962	1.5128	2.3549647909190057	0	0	6	Upright	Normal
11.9519	-4.2904	4.9033	0.8547	-79.9852	27.5196	-21.1801	22.5916	8.5814	2.2957	-4.1441	3.1982	-0.1584	-0.6229	-0.1776	0.7453	0.3621	0.6547	0.5786	9.6561	-0.1463	1.7051	1.3673237135070053	0	0	6	Upright	Normal
6.8953	3.7924	-0.6129	4.4567	-83.1232	17.8249	-19.8290	24.1764	6.4568	-2.8112	4.5545	-1.7835	-0.1314	-0.6504	-0.0903	0.7426	1.8705	0.0453	1.2444	9.7065	-0.7621	1.1706	-5.719181313597909	0	0	6	Upright	Normal
4.5969	-2.6815	3.6009	9.5438	-75.5994	8.3701	-16.2637	27.6925	0.7047	-4.7701	-1.0554	1.1958	-0.1101	-0.6044	-0.0066	0.7890	1.3037	-0.0623	0.6318	9.3670	-1.6261	2.4051	-1.467625590204463	0	0	6	Upright	Normal
12.2966	-1.4174	0.0000	7.6198	-78.5553	0.5364	-15.8558	27.0850	-2.3945	2.7699	-0.1169	-1.9285	-0.0544	-0.6314	0.0385	0.7726	0.1629	0.1007	0.0300	9.5267	-1.3005	1.9285	-1.467625590204463	0	0	7	Upright	Normal
11.8375	-0.4591	0.5740	9.4216	-82.4144	0.4764	-16.1229	26.9042	-2.7116	2.2479	1.1464	-0.7030	-0.0645	-0.6563	0.0510	0.7500	-0.6468	0.4938	-0.4889	9.5897	-1.6055	1.2770	5.434691094863853	0	1	7	Jump	Normal
6.8953	0.4597	5.5929	6.4901	-79.1459	7.4832	-17.0703	26.9205	-0.3571	-2.6742	1.5682	3.7581	-0.0850	-0.6318	-0.0142	0.7703	0.3013	-0.7142	-1.3347	9.5695	-1.1085	1.8347	-2.9700207229032394	0	1	7	PT	Normal
6.8187	-2.6815	3.2561	4.6343	-77.4354	5.6743	-18.9530	25.3263	0.1100	-2.7218	-1.8890	1.1298	-0.0624	-0.6226	-0.0133	0.7799	-0.3464	-0.8410	-0.2119	9.5404	-0.7925	2.1264	-0.8723404109449859	0	1	7	PT	Normal
6.9336	1.4174	0.9194	3.6547	-78.5077	17.2098	-20.9452	23.8019	2.5514	-2.6568	2.0426	-1.0304	-0.1190	-0.6216	-0.0958	0.7682	-1.7408	0.4256	-0.2460	9.5904	-0.6252	1.9498	-0.881471288496555	0	1	7	PT	Normal
10.5351	4.4059	0.8805	3.6104	-78.1066	23.9515	-21.3682	22.5016	4.8954	0.9581	5.0236	-1.1365	-0.1546	-0.6109	-0.1416	0.7634	-0.8524	-0.0644	0.0416	9.5770	-0.6177	2.0170	4.316725619475759	0	1	7	Jump	Normal
12.5271	2.3756	4.5963	-1.2006	-78.8047	24.5889	-22.0741	22.6096	5.0467	2.9093	2.1702	2.6927	-0.1272	-0.6219	-0.1710	0.7535	0.5559	-0.1283	-0.5059	9.6178	0.2055	1.9035	2.100321304660156	0	1	7	PT	Normal
10.8415	-4.7112	4.8261	-1.0002	-78.3449	22.2082	-22.8704	21.9299	5.0173	1.2386	-4.8822	2.8454	-0.1150	-0.6211	-0.1547	0.7596	0.1234	0.7665	0.4486	9.6030	0.1710	1.9808	-0.7853959465139386	0	1	7	PT	Normal
7.3933	4.7501	-0.2298	2.3323	-82.2489	12.7161	-22.1952	22.8239	4.0358	-2.3156	5.1493	-1.5513	-0.0881	-0.6518	-0.0701	0.7500	2.0121	0.1593	1.2614	9.7089	-0.3992	1.3214	-3.9773735932245113	0	1	7	Jump	Normal
4.3670	-2.1452	3.1795	8.8437	-73.6181	3.1912	-20.3732	24.7539	0.5954	-4.9295	-0.6375	0.4467	-0.0783	-0.5954	0.0239	0.7992	0.9533	0.3830	0.9109	9.2965	-1.5077	2.7328	-2.9785312499705903	0	2	8	PT	Normal
11.1863	-1.8765	0.4591	8.1389	-77.3539	-3.2537	-17.7941	25.5424	-4.1214	1.7139	-0.4880	-1.6662	-0.0377	-0.6247	0.0664	0.7771	1.1365	-1.1360	-0.3930	9.4724	-1.3885	2.1253	5.5396762653508205	0	2	8	Jump	Normal
9.5391	-1.1869	-0.8434	9.0587	-83.6702	-3.2962	-17.9055	24.8023	-4.2893	-0.0862	0.3572	-1.9110	-0.0397	-0.6663	0.0740	0.7409	-0.5584	-0.1166	-0.6701	9.6253	-1.5441	1.0677	-1.702302671585814	0	2	8	PT	Normal
6.4362	-0.0760	6.7415	8.3936	-79.8178	6.3118	-18.3391	24.3865	-2.7554	-3.1125	1.3556	5.0265	-0.0913	-0.6358	0.0048	0.7664	-1.2753	-0.8399	-1.0792	9.5487	-1.4316	1.7150	-0.32873304067124387	0	2	8	Upright	Normal
7.0108	-1.6849	3.8301	4.1854	-77.4108	5.0383	-21.2979	22.8048	-1.2878	-2.5344	-0.9691	1.6985	-0.0559	-0.6230	-0.0115	0.7801	-0.0065	-0.3051	-0.0949	9.5452	-0.7159	2.1316	-1.1563017436106016	0	0	8	Upright	Normal
6.3590	-0.8428	-1.9920	3.5683	-79.5232	12.0652	-22.1139	21.4325	-0.3064	-3.2654	-0.2324	-3.7716	-0.0910	-0.6332	-0.0609	0.7662	-2.4684	0.2296	-0.6424	9.6244	-0.6104	1.7796	-1.447760199061583	0	0	8	Upright	Normal
9.9216	3.3710	-0.3448	3.1724	-79.1270	21.1356	-22.6967	21.1895	2.8334	0.3059	3.9138	-2.1917	-0.1377	-0.6220	-0.1240	0.7608	-0.7991	0.4970	0.3259	9.6157	-0.5427	1.8470	3.7675170802155717	0	0	8	Upright	Normal
10.2280	4.7118	-0.7661	-0.2442	-79.2963	23.1117	-22.7157	20.9831	3.7350	0.5921	4.6700	-2.5874	-0.1262	-0.6255	-0.1556	0.7541	0.2449	0.4874	-0.3120	9.6359	0.0417	1.8212	0.8028520486866757	0	0	8	Upright	Normal
10.7649	0.5369	4.6346	-3.3808	-79.9564	21.3245	-23.9530	20.3671	2.2077	1.1254	-0.0413	2.9274	-0.0966	-0.6353	-0.1603	0.7492	0.5208	-0.8697	-0.2907	9.6395	0.5782	1.7072	0.4453116908895751	0	0	8	Upright	Normal
11.6460	-3.6769	4.2898	0.9144	-79.2016	19.0603	-24.2502	20.2537	1.8971	2.0143	-3.5204	2.4529	-0.1116	-0.6276	-0.1225	0.7607	0.2854	-0.5001	0.4379	9.6317	-0.1565	1.8370	1.2116903588238497	0	0	8	Upright	Normal
6.8953	3.2561	0.1532	2.2325	-82.1553	10.2963	-23.5966	20.3662	0.8287	-2.8121	3.6383	-1.1841	-0.0736	-0.6530	-0.0549	0.7518	1.3655	0.4544	1.3157	9.7074	-0.3822	1.3373	-5.317180940928921	0	0	8	Upright	Normal
6.3979	-2.5660	1.7232	8.1241	-77.0814	-0.7334	-20.4062	22.0829	-2.9394	-3.0646	-1.1800	-0.4471	-0.0514	-0.6218	0.0491	0.7799	1.5860	-0.6982	0.1769	9.4625	-1.3859	2.1703	-0.5215661929591384	0	1	9	PT	Normal
13.9444	-2.1829	-1.1115	8.0028	-80.4441	-5.2386	-20.5969	20.3435	-5.7124	4.3681	-0.8175	-2.7236	-0.0238	-0.6459	0.0798	0.7588	-0.0609	0.0784	0.7743	9.5764	-1.3654	1.6120	7.0525091464362735	0	1	9	Jump	Normal
12.6803	-1.3785	3.5237	9.4028	-79.4498	-3.2194	-21.2733	19.5136	-5.5051	3.1690	0.2237	1.7523	-0.0451	-0.6385	0.0739	0.7648	-1.6822	3.0792	0.2236	9.5113	-1.6022	1.7714	-0.925132761372943	0	1	9	PT	Normal
6.3207	-0.2682	6.4739	6.4752	-79.2702	1.1720	-22.4270	18.9355	-4.9287	-3.2530	0.8378	4.6599	-0.0500	-0.6364	0.0282	0.7692	-0.0332	-0.9635	-1.4201	9.5737	-1.1060	1.8141	-4.1810186451682725	0	1	9	Jump	Normal
6.2064	-2.8341	1.3402	4.2763	-77.5556	-0.7440	-24.6448	16.0309	-2.9937	-3.3432	-2.1029	-0.7672	-0.0250	-0.6260	0.0284	0.7789	-0.1557	-0.7983	-0.1034	9.5496	-0.7313	2.1073	-2.098523086137389	0	1	9	PT	Normal
8.2750	2.4140	1.0720	3.4985	-79.9036	10.3663	-25.6849	14.2846	-0.5855	-1.3617	3.0125	-0.6439	-0.0813	-0.6371	-0.0497	0.7649	-1.9134	0.4491	-0.2270	9.6367	-0.5986	1.7159	1.7330744515828762	0	1	9	PT	Normal
10.3819	2.4523	-0.6135	3.5007	-79.8641	19.1479	-26.1082	14.0963	2.2201	0.7464	3.0511	-2.3360	-0.1298	-0.6287	-0.1081	0.7590	-0.9546	0.0475	0.0084	9.6355	-0.5988	1.7225	1.9989010182140436	0	1	9	PT	Normal
12.3738	2.1075	2.3744	-1.2123	-80.1717	21.3631	-27.1104	12.3751	3.0502	2.7134	1.9001	0.7009	-0.1114	-0.6342	-0.1485	0.7505	0.4132	0.2275	-0.6011	9.6605	0.2074	1.6735	2.0893709676301473	0	1	9	PT	Normal
9.3859	-3.5237	3.3704	-1.7748	-80.8345	23.0003	-27.9019	11.1988	5.7029	-0.2909	-3.8273	1.8093	-0.1177	-0.6376	-0.1616	0.7440	0.1724	0.4278	0.4386	9.6768	0.3036	1.5612	-2.1976777633397155	0	1	9	PT	Normal
8.9262	4.0229	-0.5369	0.8770	-83.9357	23.9646	-28.1265	11.9355	7.4910	-0.8244	4.1731	-1.5727	-0.1444	-0.6529	-0.1494	0.7283	1.4784	-0.8143	0.4216	9.7505	-0.1502	1.0358	-0.7713554763534596	0	1	9	PT	Normal
5.4785	-0.6889	1.7998	5.2317	-80.1586	19.8541	-26.1934	15.5990	7.2898	-4.1435	0.2055	0.1308	-0.1453	-0.6275	-0.1028	0.7580	0.7466	0.8731	1.2525	9.6220	-0.8944	1.6691	-3.997995130037486	0	2	10	Jump	Normal
7.6998	-1.6855	0.9960	5.9916	-80.6733	14.9827	-24.8990	19.2024	5.7150	-1.9243	-0.6618	-0.5845	-0.1238	-0.6357	-0.0657	0.7591	1.5892	-0.7355	-0.5031	9.6241	-1.0237	1.5805	2.1372338358589396	0	2	10	PT	Normal
11.4539	-3.0646	-1.2641	7.1183	-84.6556	16.0400	-25.8635	19.6043	5.0095	1.7651	-1.8492	-2.1705	-0.1392	-0.6591	-0.0616	0.7365	0.3482	-0.9539	0.3310	9.6887	-1.2154	0.9064	3.979190750627291	0	2	10	Jump	Normal
12.4498	-1.4940	5.1715	8.4733	-81.4416	21.4972	-25.0824	22.1827	6.8356	2.8584	-0.0489	3.7281	-0.1763	-0.6287	-0.0936	0.7515	-1.2263	0.3021	0.5717	9.5915	-1.4451	1.4434	1.6397093183730327	0	2	10	PT	Normal
8.7724	1.4557	4.5203	5.8619	-79.1917	24.3585	-25.1488	23.7215	9.0786	-0.8098	2.4573	2.6909	-0.1728	-0.6139	-0.1305	0.7591	0.6954	0.8528	-0.0589	9.5822	-1.0017	1.8293	-3.5883717778968958	0	2	10	Jump	Normal
6.5511	0.1538	-0.6901	5.3824	-81.5048	27.7183	-25.4033	23.8450	8.9975	-3.1051	1.0738	-2.1323	-0.1907	-0.6246	-0.1515	0.7420	-1.2444	-0.8761	-0.7673	9.6563	-0.9200	1.4422	-3.3861856201851817	0	2	10	PT	Normal
9.5008	2.1075	-0.3837	4.0253	-82.7873	36.2352	-25.9409	22.9012	13.5270	-0.2043	2.7960	-1.6117	-0.2305	-0.6199	-0.2111	0.7198	-0.9717	0.2105	0.2191	9.7050	-0.6885	1.2281	3.150158433027003	0	2	10	PT	Normal
8.9262	4.0995	-0.1155	2.7551	-84.1461	41.4035	-26.6311	23.5398	14.9172	-0.8179	4.5710	-1.1145	-0.2535	-0.6203	-0.2473	0.6998	-0.5967	-0.1922	-0.4084	9.7441	-0.4715	0.9990	0.08395128118498718	0	2	10	Upright	Normal
10.6111	2.6049	-0.1532	-0.9601	-83.5672	41.5082	-26.0537	23.5804	15.8142	0.8676	2.4407	-1.2517	-0.2303	-0.6253	-0.2694	0.6953	0.0062	0.2786	-0.3711	9.7435	0.1642	1.0985	1.1039806432583337	0	0	10	Upright	Normal
9.4242	-2.5277	2.2212	-2.2182	-84.2422	39.3943	-26.6034	23.4465	14.2957	-0.3256	-2.9072	1.2383	-0.2125	-0.6362	-0.2622	0.6938	0.4344	0.1423	0.3544	9.7498	0.3795	0.9830	-0.9203082398324636	0	0	10	Upright	Normal
7.5088	3.5632	0.8805	1.4366	-84.9023	35.8192	-24.4437	27.0085	12.1883	-2.2559	3.8092	0.0094	-0.2163	-0.6394	-0.2188	0.7046	0.8488	-0.2647	0.5685	9.7648	-0.2460	0.8710	-1.6490690307869826	0	1	11	PT	Normal
6.7044	-2.7958	0.3442	4.6509	-83.7264	28.0011	-22.9305	29.6962	8.3335	-3.0115	-2.0005	-0.7238	-0.1906	-0.6397	-0.1538	0.7286	1.1354	0.2392	0.4257	9.7158	-0.7953	1.0680	-1.0857204646120362	0	1	11	PT	Normal
8.8496	-0.8422	0.1526	3.2892	-84.3056	24.2075	-22.4169	30.5365	5.2774	-0.8926	-0.2794	-0.8187	-0.1615	-0.6515	-0.1366	0.7286	-0.0130	-0.0793	-0.6801	9.7422	-0.5628	0.9713	1.6187592275124043	0	1	11	PT	Normal
11.6077	-0.6889	-1.4946	3.4225	-84.9645	24.6808	-22.8479	29.6373	3.8423	1.8564	-0.1034	-2.3536	-0.1658	-0.6548	-0.1378	0.7244	-0.0194	0.0262	0.4757	9.7513	-0.5855	0.8591	2.832889875739891	0	1	11	PT	Normal
13.8295	-1.7615	2.4511	5.3880	-83.2602	25.4062	-21.4736	30.4455	3.4192	4.1337	-0.8407	1.3053	-0.1802	-0.6396	-0.1337	0.7352	-0.7267	2.0427	0.8027	9.6958	-0.9209	1.1458	2.431280087963385	0	1	11	PT	Normal
5.0955	2.9119	2.3744	6.7423	-78.4363	29.0151	-19.7092	31.9335	2.9015	-4.4456	4.0634	0.4223	-0.2022	-0.5996	-0.1577	0.7581	0.2608	0.3660	-0.1102	9.5410	-1.1515	1.9522	-7.8241042660355005	0	1	11	Jump	Normal
9.1560	-3.2172	4.9793	7.2833	-71.8707	26.6400	-19.0659	31.2039	1.1629	-0.0886	-1.9739	1.9526	-0.1850	-0.5581	-0.1499	0.7949	0.0360	-0.5501	0.2775	9.2446	-1.2433	3.0267	4.57665840141452	0	1	11	Jump	Normal
8.8496	-1.3402	2.9874	6.7264	-71.4396	27.1588	-18.8399	31.8769	-0.2666	-0.3829	-0.1914	-0.1125	-0.1831	-0.5553	-0.1570	0.7959	-0.6276	0.3745	0.1828	9.2325	-1.1488	3.0999	-1.4717237058552382	0	1	11	PT	Normal
7.3939	0.8051	3.5237	7.7292	-71.1409	32.1689	-19.4661	31.3216	1.9289	-1.8019	2.1241	0.3826	-0.2135	-0.5425	-0.1872	0.7906	-0.7682	0.3468	-0.0963	9.1958	-1.3191	3.1410	-1.2058035295807077	0	1	11	PT	Normal
7.3939	-1.3402	4.0217	9.5089	-63.3927	32.7286	-19.1751	31.8674	2.0073	-1.2537	0.2800	-0.3100	-0.2152	-0.4825	-0.1971	0.8258	-0.2420	1.7178	0.6515	8.6476	-1.6201	4.3317	0.29281671731141934	0	1	12	Upright	Normal
6.0148	-2.5277	5.4773	14.3290	-51.7300	31.3737	-16.9621	33.5568	-0.4416	-1.4448	-0.1006	-0.4076	-0.2251	-0.3864	-0.1890	0.8743	-0.0854	1.5346	0.7346	7.4596	-2.4271	5.8849	-0.004228360259636688	0	1	12	Upright	Normal
5.7461	-2.6432	5.5545	17.6984	-40.5922	30.8313	-13.3298	35.3182	-3.1332	-0.3328	0.3382	-1.5396	-0.2302	-0.2921	-0.1949	0.9076	-0.4433	1.9245	0.0869	6.0789	-2.9814	7.0942	-0.10104097978161342	0	1	12	Upright	Normal
5.5162	-1.2641	7.5082	17.9299	-30.4699	30.5710	-11.9553	35.5486	-4.4426	0.7850	1.7549	-0.5335	-0.2135	-0.2107	-0.2118	0.9301	-0.0876	1.3876	0.0504	4.7312	-3.0191	8.0417	0.9844611194619031	0	0	12	Upright	Normal
2.9886	-1.8381	8.0056	18.0699	-23.3160	31.6144	-11.5258	35.9624	-6.5397	-0.7014	1.2037	-0.5559	-0.2023	-0.1501	-0.2329	0.9393	-0.0673	1.6496	-0.2447	3.6899	-3.0418	8.5615	-0.6613920736373498	0	0	12	Upright	Normal
2.3756	-3.9834	9.1548	19.4531	-12.5580	32.4282	-10.8682	36.9138	-8.0582	0.3653	-0.7172	0.1293	-0.1914	-0.0566	-0.2558	0.9459	-0.5020	2.0225	-0.1169	2.0104	-3.2661	9.0255	1.5219099614307403	0	0	12	Upright	Normal
2.3367	-2.6815	9.8833	20.4445	-14.7337	35.2425	-11.2967	37.5280	-8.9606	-0.0001	0.7440	0.9966	-0.2059	-0.0670	-0.2738	0.9371	-0.1888	-1.5952	-0.3107	2.3369	-3.4255	8.8867	0.24120176621538292	0	0	12	Upright	Normal
4.4059	-2.9108	7.9673	20.7378	-26.4103	37.3030	-14.7950	37.5088	-5.4863	0.3267	0.5619	-0.2468	-0.2379	-0.1569	-0.2673	0.9205	-0.0545	-1.5760	-0.2202	4.0793	-3.4726	8.2141	-0.9454420471149465	0	0	12	Upright	Normal
5.7467	-3.5620	7.7758	20.7115	-33.3469	38.5302	-17.2307	37.4997	-3.0718	0.7043	-0.0937	0.1133	-0.2557	-0.2096	-0.2622	0.9066	-0.2175	-1.3235	-0.2262	5.0423	-3.4683	7.6625	0.7457708390152398	0	0	12	Upright	Normal
7.1257	-3.5620	7.8524	20.1509	-39.7866	40.7902	-19.8135	36.3811	0.1236	1.2344	-0.1835	0.7780	-0.2709	-0.2567	-0.2668	0.8885	-0.1174	-0.8079	-0.3967	5.8914	-3.3785	7.0744	0.881719023186907	0	0	12	Upright	Normal
6.8576	-3.4087	7.9673	19.2007	-42.9674	42.0151	-21.3867	35.8871	1.6414	0.5454	-0.1835	1.1907	-0.2743	-0.2815	-0.2719	0.8784	0.0286	-0.4521	-0.1677	6.3122	-3.2253	6.7766	-0.134904259722612	0	0	13	Upright	Normal
6.3596	-2.6426	6.6266	18.4501	-43.3893	41.5117	-22.1477	35.3138	2.4284	-0.0308	0.4612	-0.1335	-0.2686	-0.2884	-0.2696	0.8786	0.0637	0.0997	0.0955	6.3904	-3.1038	6.7600	-1.4937839356550278	0	0	13	Upright	Normal
6.2447	-2.2595	5.2092	18.2337	-44.0892	40.6018	-21.8241	35.8687	1.4675	-0.2358	0.8089	-1.4808	-0.2663	-0.2966	-0.2617	0.8790	0.0552	-0.1390	0.1817	6.4805	-3.0685	6.6900	-1.1169551033910956	0	0	13	Upright	Normal
6.8576	-2.4511	6.2052	18.0774	-44.6493	40.0185	-21.7023	36.2379	2.0006	0.3060	0.5921	-0.4271	-0.2649	-0.3028	-0.2565	0.8788	0.1170	-0.1145	-0.0252	6.5516	-3.0432	6.6322	1.127381837055168	0	0	13	Upright	Normal
6.8576	-2.4894	6.7798	17.1128	-44.7884	39.1994	-21.6060	36.2046	1.6361	0.2548	0.3964	0.1281	-0.2560	-0.3088	-0.2533	0.8803	0.1798	-0.0761	0.0717	6.6028	-2.8858	6.6517	0.3917856770493646	0	0	13	Upright	Normal
6.5128	-2.4128	6.5882	16.6745	-44.6167	38.1604	-21.9757	35.4902	1.2509	-0.0853	0.4012	-0.0988	-0.2496	-0.3111	-0.2472	0.8831	0.1319	0.0443	0.0888	6.5981	-2.8139	6.6870	-0.3863799252705533	0	0	13	Upright	Normal
6.3979	-2.0297	6.0903	16.2369	-44.5907	37.5991	-22.1190	36.0562	0.6264	-0.2120	0.7124	-0.6147	-0.2447	-0.3134	-0.2445	0.8844	0.0594	-0.0164	0.0483	6.6099	-2.7421	6.7050	-0.5096478261264643	0	0	13	Upright	Normal
6.5511	-2.1829	6.3967	15.9309	-44.7657	37.2955	-21.8408	36.1777	0.7949	-0.0895	0.5089	-0.2984	-0.2420	-0.3164	-0.2428	0.8845	0.0179	-0.0548	0.0398	6.6406	-2.6918	6.6951	0.349379182055614	0	0	13	Upright	Normal
6.7427	-1.9531	6.3967	15.8836	-45.5280	37.1774	-22.4487	36.5061	0.5475	0.0120	0.7310	-0.2110	-0.2429	-0.3226	-0.2404	0.8826	-0.0684	-0.1656	0.0847	6.7307	-2.6840	6.6077	0.08443418132383762	0	0	13	Upright	Normal
6.8953	-2.1452	6.3207	15.7963	-46.3370	37.2241	-21.6977	35.6327	1.6780	0.0690	0.5245	-0.1942	-0.2441	-0.3290	-0.2394	0.8802	-0.0130	-0.1358	0.0155	6.8263	-2.6697	6.5149	0.09960848975453018	0	0	13	Upright	Normal
6.8187	-2.0686	6.3207	15.7499	-46.7174	37.0606	-22.2437	35.8572	1.8618	-0.0522	0.5935	-0.1502	-0.2441	-0.3324	-0.2375	0.8795	-0.0226	-0.0559	0.0826	6.8709	-2.6621	6.4709	-0.07181719793574537	1	0	14	Upright	Normal
6.8187	-2.0686	5.9376	15.7473	-47.0586	36.7950	-22.5101	36.1267	1.7308	-0.0908	0.5930	-0.4923	-0.2440	-0.3356	-0.2347	0.8790	0.0115	-0.0122	0.0794	6.9095	-2.6616	6.4299	-0.2497935880356259	1	0	14	Upright	Normal
6.8570	-2.1069	6.0142	15.6460	-47.2939	36.4399	-22.5876	35.9984	1.5703	-0.0823	0.5379	-0.3904	-0.2427	-0.3385	-0.2319	0.8791	0.0286	-0.0473	0.0645	6.9393	-2.6448	6.4046	0.08581221925946281	1	0	14	Upright	Normal
6.9336	-2.2218	6.1675	15.5519	-47.5463	36.0442	-22.3714	36.1254	1.5220	-0.0370	0.4076	-0.2095	-0.2413	-0.3415	-0.2287	0.8791	0.0264	-0.0346	0.0847	6.9706	-2.6294	6.3770	0.1809865380666995	1	0	14	Upright	Normal
6.8953	-2.1069	6.0525	15.5948	-48.0588	35.5004	-21.9048	36.1455	1.9080	-0.1306	0.5296	-0.2605	-0.2410	-0.3465	-0.2233	0.8786	0.0094	-0.1315	0.0985	7.0259	-2.6365	6.3131	-0.12831641083602996	1	0	14	Upright	Normal
6.9336	-2.0303	5.9376	15.5697	-48.3354	35.0991	-21.8725	35.3891	1.8190	-0.1236	0.6020	-0.3422	-0.2401	-0.3495	-0.2197	0.8786	0.0211	-0.0388	0.0772	7.0572	-2.6323	6.2798	-0.06207865229529652	1	0	14	Upright	Normal
6.9725	-2.1446	6.0136	15.4730	-48.5137	34.8419	-22.1888	35.6743	1.7440	-0.1074	0.4718	-0.2472	-0.2390	-0.3517	-0.2177	0.8785	0.0360	-0.0047	0.0495	7.0800	-2.6164	6.2608	0.10243892433313917	1	0	14	Upright	Normal
7.0485	-2.0686	6.0525	15.2189	-48.5812	34.4632	-22.0469	36.0851	2.0283	-0.0474	0.5059	-0.2074	-0.2361	-0.3537	-0.2156	0.8790	0.0200	-0.0101	0.0644	7.0960	-2.5745	6.2599	0.06402919297308962	1	0	14	Upright	Normal
6.9342	-2.1063	5.8987	15.2701	-48.6530	34.1361	-21.6045	36.0114	1.3261	-0.1679	0.4766	-0.3509	-0.2356	-0.3548	-0.2128	0.8794	-0.0045	-0.0015	0.0867	7.1021	-2.5829	6.2496	-0.17383499737125874	1	0	14	Upright	Normal
7.0874	-2.0680	5.8987	15.3703	-48.7383	33.9114	-22.2872	35.6767	2.0230	-0.0205	0.5315	-0.3373	-0.2358	-0.3556	-0.2105	0.8796	-0.0247	-0.0239	0.0814	7.1079	-2.5995	6.2360	0.10578976187459865	2	0	15	Upright	Normal
7.0108	-2.0680	5.8987	15.5083	-48.9258	33.8155	-21.7708	36.0892	1.9997	-0.1128	0.5543	-0.3099	-0.2368	-0.3569	-0.2088	0.8792	-0.0364	-0.0154	0.0643	7.1236	-2.6222	6.2086	-0.05731257830997727	2	0	15	Upright	Normal
7.0491	-2.1446	5.8221	15.5586	-49.0042	33.6924	-22.3950	35.5414	1.6462	-0.0813	0.4859	-0.3753	-0.2370	-0.3576	-0.2076	0.8791	-0.0183	-0.0015	0.0654	7.1304	-2.6305	6.1974	-0.001950391059505563	2	0	15	Upright	Normal
6.9725	-2.1063	5.9370	15.6001	-49.1035	33.5084	-22.0567	36.1874	1.7320	-0.1671	0.5311	-0.2468	-0.2369	-0.3586	-0.2058	0.8792	-0.0141	-0.0154	0.0718	7.1397	-2.6374	6.1838	0.0060812633910796166	2	0	15	Upright	Normal
7.0874	-2.0680	5.9370	15.5818	-49.1587	33.2089	-22.0191	35.7231	1.8749	-0.0588	0.5662	-0.2405	-0.2359	-0.3597	-0.2034	0.8795	0.0041	-0.0143	0.0729	7.1462	-2.6342	6.1775	0.07713558182508784	2	0	15	Upright	Normal
7.0108	-1.9914	5.8987	15.5247	-49.2254	32.9633	-22.9848	35.5470	1.5433	-0.1445	0.6336	-0.2720	-0.2348	-0.3609	-0.2016	0.8797	0.0115	-0.0090	0.0740	7.1554	-2.6249	6.1708	-0.09783385212995555	2	0	15	Upright	Normal
6.9336	-2.0686	5.8227	15.5206	-49.3375	32.6863	-22.4732	35.8717	2.0975	-0.2340	0.5556	-0.3343	-0.2341	-0.3623	-0.1993	0.8799	0.0019	-0.0282	0.0751	7.1676	-2.6242	6.1570	-0.08861643069355019	2	0	15	Upright	Normal
7.0108	-2.1829	5.8604	15.4940	-49.5302	32.2885	-22.1560	35.3165	2.0702	-0.1784	0.4369	-0.2732	-0.2330	-0.3647	-0.1959	0.8800	0.0190	-0.0186	0.0751	7.1892	-2.6199	6.1336	0.1072093289429521	2	0	15	Upright	Normal
7.0491	-2.0680	5.8221	15.5123	-49.6886	31.9305	-22.3931	35.7567	2.0030	-0.1564	0.5549	-0.2910	-0.2323	-0.3666	-0.1928	0.8801	0.0019	-0.0527	0.0921	7.2055	-2.6228	6.1131	-0.02117263253774304	2	0	15	Upright	Normal
7.1641	-2.0297	5.7838	15.5836	-49.9152	31.6227	-22.5037	36.4593	2.7687	-0.0631	0.6050	-0.2987	-0.2322	-0.3687	-0.1897	0.8798	0.0072	-0.0239	0.0833	7.2272	-2.6347	6.0825	0.05494476665414183	2	0	15	Upright	Normal
7.0874	-2.1063	5.8987	15.6218	-49.9686	31.3004	-22.6296	36.5440	2.7493	-0.1440	0.5345	-0.1760	-0.2315	-0.3697	-0.1870	0.8802	0.0008	0.0081	0.0823	7.2314	-2.6408	6.0747	0.029970199894355787	3	0	16	Upright	Normal
Total time: 16 seconds.
