-8.8490	1.4557	4.2521	-10.8687	-64.4659	15.9410	27.0056	25.7691	-2.9049	-0.1215	-0.2081	0.1009	-0.0057	0.5369	0.1668	-0.8269	0.0442	-0.0357	0.0360	-8.7275	1.6638	4.1512	0.06117289653611202	6	0	1	Upright	Normal
-8.8873	1.4940	4.2521	-10.6106	-64.3406	16.0331	27.1318	26.0403	-2.9886	-0.1755	-0.1959	0.0784	-0.0036	0.5359	0.1663	-0.8277	0.0655	-0.0432	0.0307	-8.7118	1.6899	4.1737	0.0398329837709408	6	0	1	Upright	Normal
-8.9639	1.4557	4.2521	-10.3258	-64.2192	16.0581	27.2140	25.2943	-3.6573	-0.2664	-0.2521	0.0561	-0.0015	0.5348	0.1652	-0.8286	0.0570	-0.0421	0.0254	-8.6975	1.7078	4.1960	0.06274574758333529	6	0	1	Upright	Normal
-8.8873	1.4557	4.2138	-10.0703	-64.0882	16.0369	26.9924	26.0837	-4.1951	-0.2028	-0.2610	-0.0054	0.0001	0.5337	0.1639	-0.8296	0.0623	-0.0378	0.0169	-8.6845	1.7166	4.2192	-0.08470813343184602	6	0	1	Upright	Normal
-8.8873	1.4940	4.2904	-9.7933	-63.9771	15.9914	26.5626	25.3555	-4.1429	-0.2141	-0.2303	0.0507	0.0017	0.5328	0.1623	-0.8305	0.0580	-0.0400	0.0243	-8.6731	1.7243	4.2397	0.03836563766936685	6	0	1	Upright	Normal
-8.8101	1.4946	4.2898	-9.7005	-63.8831	16.0270	26.5764	25.9680	-4.3831	-0.1460	-0.2373	0.0347	0.0024	0.5320	0.1622	-0.8311	0.0271	-0.0240	0.0519	-8.6640	1.7319	4.2551	-0.06884623736160833	6	0	1	Upright	Normal
-8.8490	1.4940	4.3287	-9.6349	-63.6904	16.1667	26.6873	26.0951	-3.9283	-0.2032	-0.2550	0.0437	0.0033	0.5306	0.1629	-0.8318	-0.0048	-0.0272	0.0647	-8.6458	1.7490	4.2850	0.05133890648364847	6	0	1	Upright	Normal
-8.8107	1.5323	4.3287	-9.5347	-63.5160	16.3799	26.7214	26.2276	-4.3689	-0.1850	-0.2479	0.0160	0.0048	0.5292	0.1640	-0.8325	-0.0059	-0.0453	0.0690	-8.6257	1.7802	4.3127	-0.028164586091875776	6	0	1	Upright	Normal
-8.8101	1.4946	4.2898	-9.5701	-63.1090	16.6914	27.4065	26.1794	-3.9552	-0.2204	-0.3111	-0.0838	0.0054	0.5263	0.1664	-0.8338	-0.0464	-0.0858	0.0860	-8.5896	1.8057	4.3736	-0.023174320391772696	6	0	1	Upright	Normal
-8.7334	1.6478	4.3664	-9.6511	-62.6463	16.9600	27.4622	25.6483	-4.1774	-0.1817	-0.1704	-0.0757	0.0053	0.5230	0.1688	-0.8354	-0.0560	-0.1135	0.0743	-8.5518	1.8182	4.4421	-0.010148965633481666	6	0	1	Upright	Normal
-8.5419	1.8777	4.5963	-9.6167	-62.0549	17.2832	27.1299	25.3426	-4.1782	-0.0417	0.0370	0.0654	0.0062	0.5186	0.1710	-0.8377	-0.0304	-0.1294	0.0327	-8.5002	1.8407	4.5309	-0.022100178882617172	7	0	2	Upright	Normal
-8.6185	1.8010	4.3664	-9.6378	-61.1105	17.5377	27.6342	25.7394	-4.4385	-0.1923	-0.0299	-0.3044	0.0057	0.5117	0.1730	-0.8416	-0.1391	-0.2040	0.0487	-8.4262	1.8310	4.6708	-0.0521715999413388	7	0	2	Upright	Normal
-9.2698	1.9543	4.6346	-9.9653	-59.5669	18.5196	27.2139	24.8941	-4.8331	-0.9789	0.0836	-0.2577	0.0052	0.5005	0.1817	-0.8464	-0.1881	-0.3585	0.1627	-8.2908	1.8706	4.8923	0.7185703889318464	7	0	2	Upright	Normal
-8.3504	2.1075	4.5197	-10.2349	-58.1436	20.2614	27.4683	25.5876	-4.7002	-0.2177	0.0857	-0.5737	0.0084	0.4901	0.1958	-0.8493	-0.0954	-0.3031	0.2863	-8.1327	2.0218	5.0934	-0.8202965821203065	7	0	2	Upright	Normal
-8.2355	2.0309	4.0983	-10.5878	-56.5612	21.7873	27.8543	24.7799	-4.7271	-0.2680	-0.0844	-1.2136	0.0094	0.4786	0.2086	-0.8528	-0.2456	-0.1795	0.1361	-7.9675	2.1153	5.3118	-0.3057643443441087	0	0	2	Upright	Normal
-8.7334	2.0692	4.5580	-12.0199	-55.3552	22.5575	27.7749	24.3146	-5.3834	-0.8374	0.0464	-0.8947	-0.0006	0.4712	0.2199	-0.8542	-0.4128	-0.2786	0.1116	-7.8961	2.0228	5.4526	0.645834545866462	0	0	2	Upright	Normal
-9.8450	2.8347	4.3287	-14.2874	-55.6393	24.1367	28.9337	24.4146	-5.2163	-1.8988	0.7709	-1.0349	-0.0107	0.4758	0.2402	-0.8460	-0.2861	0.0527	0.2874	-7.9462	2.0638	5.3636	1.055681901954424	0	0	2	Upright	Normal
-11.6448	4.7507	4.4813	-13.7854	-57.3051	25.3431	29.2701	24.3307	-4.2313	-3.6458	2.3590	-0.6632	0.0017	0.4875	0.2473	-0.8374	0.0910	0.0623	0.2171	-7.9990	2.3917	5.1445	2.2292019269922907	0	0	2	Upright	Normal
-7.2778	-0.2292	6.2818	-12.8289	-61.0579	21.1307	29.3240	25.2628	-4.1837	1.1070	-2.3400	1.6547	-0.0020	0.5139	0.2127	-0.8311	0.1858	0.4565	-0.2900	-8.3848	2.1108	4.6271	-3.7344783635118493	0	0	2	Upright	Normal
-7.4310	2.4140	6.4733	-11.7648	-60.1994	20.1161	29.1309	26.0870	-3.7697	0.9016	0.4203	1.7021	-0.0002	0.5067	0.2009	-0.8384	0.3968	-0.0112	-0.4977	-8.3326	1.9936	4.7712	0.5298182255513293	0	0	2	Upright	Normal
-7.3544	0.5369	3.7535	-10.5622	-61.0096	16.1988	28.3343	26.5145	-4.2653	1.1260	-1.0193	-0.9188	-0.0073	0.5116	0.1671	-0.8428	0.4543	0.3116	-1.3148	-8.4804	1.5562	4.6723	-1.872154873290226	0	1	3	PT	Normal
-5.8610	-0.5363	3.1795	-5.4442	-62.6772	7.3956	25.7603	29.2248	-4.8461	2.8341	-1.2342	-1.3014	-0.0070	0.5210	0.0797	-0.8498	1.0817	0.0602	-0.6757	-8.6951	0.6979	4.4809	-1.5849046002735117	0	1	3	PT	Normal
-14.0965	-0.2292	2.3361	0.3714	-65.8708	4.8844	23.3737	31.1851	-7.6450	-5.1812	-1.0171	-1.6725	0.0259	0.5431	0.0340	-0.8386	0.2998	0.1827	-0.5937	-8.9153	0.7878	4.0086	7.601192425254401	0	1	3	Jump	Normal
-5.2858	0.9966	4.1749	-3.4055	-65.7915	4.1198	22.7656	31.2175	-8.8189	3.6527	0.5923	0.1609	-0.0054	0.5434	0.0463	-0.8382	-0.6930	1.0551	1.0980	-8.9385	0.4043	4.0140	-7.481584136464432	0	1	3	Jump	Normal
-6.1675	3.8690	9.7300	-2.9595	-62.1808	10.1929	25.3251	29.1272	-6.4620	2.4108	2.5667	5.1597	0.0238	0.5161	0.0893	-0.8515	-0.0517	-1.7359	0.5355	-8.5783	1.3023	4.5704	5.343355615803947	0	1	3	Jump	Normal
-7.3550	0.6512	3.7924	-1.8029	-59.4102	11.5234	26.7856	28.7600	-8.0011	0.9483	-0.8814	-1.1955	0.0361	0.4943	0.0949	-0.8633	-0.0283	0.1347	0.4407	-8.3032	1.5326	4.9879	-3.8516245128255644	0	1	3	Jump	Normal
-6.5882	1.1498	3.7535	-10.2677	-56.8421	17.4719	28.5569	26.8879	-6.6439	1.5299	-0.4031	-1.5242	-0.0058	0.4805	0.1751	-0.8593	-1.3535	-0.1241	0.7326	-8.1181	1.5529	5.2777	-0.6316402487702923	0	1	3	PT	Normal
-10.6494	2.3367	3.6009	-16.5531	-57.6750	19.8793	30.0661	25.1537	-4.4734	-2.3483	0.9239	-1.4254	-0.0418	0.4919	0.2180	-0.8419	-0.8144	0.4096	0.4013	-8.3011	1.4129	5.0263	3.812895948426217	0	1	3	Jump	Normal
-10.3807	1.1881	6.6266	-13.1083	-61.5215	22.9219	31.5788	23.7460	-3.5919	-2.0282	-1.1925	2.0725	0.0048	0.5175	0.2268	-0.8251	1.1819	0.1252	-0.2517	-8.3525	2.3806	4.5541	0.8906432062878551	0	1	3	PT	Normal
-6.8953	-2.2601	7.5848	-12.5481	-61.8278	20.2400	30.9322	23.5016	-4.4883	1.5639	-4.3070	3.0656	-0.0026	0.5192	0.2051	-0.8297	-0.3777	0.1720	0.0317	-8.4592	2.0469	4.5192	-1.8758644192082787	0	2	4	PT	Normal
-6.6272	1.7621	5.0566	-14.3798	-60.1202	19.0380	30.9569	23.0006	-3.2282	1.8067	0.1354	0.3243	-0.0246	0.5080	0.2038	-0.8365	1.2841	0.1028	-0.8492	-8.4339	1.6267	4.7323	-1.9765702221539296	0	2	4	PT	Normal
-6.1669	-0.1526	2.4894	-8.1004	-64.3558	10.3171	29.0063	26.4225	-5.0804	2.6381	-1.1476	-1.7123	-0.0118	0.5344	0.1134	-0.8375	0.3350	0.6727	-1.0229	-8.8050	0.9949	4.2017	-1.8680634919405854	0	2	4	PT	Normal
-9.1171	-1.3024	3.3327	-5.3307	-64.0404	9.1572	27.6942	27.7227	-7.1034	-0.3488	-2.3119	-0.9414	0.0030	0.5311	0.0922	-0.8423	0.4926	-0.3766	0.5111	-8.7683	1.0095	4.2741	3.1419659417912644	0	2	4	PT	Normal
-10.4956	-2.1829	2.6809	-4.5941	-67.6767	5.0464	27.5172	27.1001	-8.0731	-1.4328	-2.6836	-1.0319	-0.0088	0.5573	0.0588	-0.8281	0.1603	0.4479	-0.2846	-9.0628	0.5007	3.7128	1.2562217748971705	0	2	4	PT	Normal
-5.6306	2.4523	6.7798	-8.6985	-65.5254	8.2947	27.6117	26.4450	-6.8921	3.2902	1.7728	2.7638	-0.0246	0.5428	0.1016	-0.8333	-1.2373	0.0953	0.9937	-8.9208	0.6795	4.0160	-1.9024866794609618	0	2	4	PT	Normal
-8.9250	0.7284	6.6649	-6.5552	-60.4492	13.6456	29.3570	24.6875	-7.3881	-0.5044	-0.7476	1.8600	0.0107	0.5049	0.1311	-0.8531	-0.0506	-0.5065	0.3481	-8.4206	1.4760	4.8049	2.0149065726868933	0	2	4	PT	Normal
-5.8604	0.8817	3.3704	-15.5498	-57.5637	19.6749	29.7501	21.7745	-7.6241	2.4080	-0.5772	-1.6969	-0.0353	0.4903	0.2125	-0.8445	-1.8691	-0.0229	1.1055	-8.2684	1.4588	5.0673	-4.345036167698801	0	2	4	Jump	Normal
-9.2320	2.8730	3.8307	-21.7791	-56.4519	23.1764	31.3404	19.8038	-5.4208	-0.9272	1.5051	-1.2019	-0.0698	0.4884	0.2613	-0.8296	-1.2746	0.3680	0.2863	-8.3049	1.3680	5.0326	3.5821962816229878	0	2	4	Jump	Normal
-12.6031	4.7501	2.5283	-23.5574	-61.4396	25.8079	32.7304	18.2792	-3.3742	-4.0330	2.6872	-1.7693	-0.0594	0.5266	0.2896	-0.7970	0.1464	0.5577	0.1712	-8.5700	2.0629	4.2976	3.3038761656015776	0	2	4	PT	Normal
-7.7381	1.8004	6.4356	-19.4856	-65.1028	23.8842	32.1304	18.4186	-3.6648	0.9532	-0.5418	2.5437	-0.0298	0.5483	0.2610	-0.7939	0.8942	-0.0943	-0.0514	-8.6913	2.3423	3.8919	-3.4794775715338044	0	3	5	Walk	Normal
-9.5002	-2.3750	8.0062	-18.8086	-59.1980	21.9731	31.3347	18.4305	-5.5747	-1.0828	-4.0254	3.2528	-0.0466	0.5054	0.2427	-0.8267	0.0996	0.2221	-0.4839	-8.4174	1.6504	4.7534	2.4245472094422382	0	3	5	Walk	Normal
-6.2058	4.8650	2.5283	-7.4275	-62.5302	12.8303	29.5367	20.1349	-7.7569	2.4080	3.5030	-1.9573	0.0028	0.5209	0.1287	-0.8439	1.3789	-0.0879	-1.7207	-8.6137	1.3620	4.4855	-4.368010174216021	0	3	5	Run	Normal
-8.2738	-2.3361	3.4471	-4.1451	-63.9873	7.2506	25.5032	24.2818	-10.9074	0.5083	-3.1400	-0.8425	0.0029	0.5304	0.0727	-0.8446	0.5352	-0.4490	0.1872	-8.7821	0.8039	4.2895	0.9817427577148194	0	3	5	Walk	Normal
-14.0582	-0.6889	0.9188	-1.1724	-65.0177	6.0298	25.2554	24.6188	-12.8773	-5.2092	-1.5384	-3.2220	0.0196	0.5371	0.0498	-0.8418	-0.0091	0.8250	-0.8546	-8.8490	0.8495	4.1408	4.842433225423523	0	3	5	Run	Normal
-9.1554	0.5746	7.6614	-1.8009	-66.5868	4.2791	24.1270	26.2635	-11.5249	-0.1721	0.0253	3.7667	0.0074	0.5490	0.0398	-0.8349	-0.9252	0.1816	0.7678	-8.9833	0.5493	3.8948	-2.1530987455570543	0	3	5	Walk	Normal
-9.2320	4.0223	9.7683	-0.0931	-61.3512	10.3693	24.4352	25.8348	-10.0167	-0.7651	2.4808	5.0667	0.0454	0.5082	0.0781	-0.8565	-0.0688	-0.7750	0.1339	-8.4669	1.5414	4.7016	2.0776276132422904	0	3	5	Walk	Normal
-5.6695	0.3448	2.0686	-8.0783	-59.9169	14.2240	25.4774	24.7220	-9.9738	2.7259	-1.0707	-2.7982	0.0011	0.5019	0.1419	-0.8532	-2.0203	0.2562	1.3025	-8.3954	1.4154	4.8668	-7.984621397092977	0	3	5	Run	Normal
-9.1554	2.6432	3.3327	-15.8556	-57.5392	18.6795	26.7405	23.1888	-5.2759	-0.8562	1.3554	-1.7303	-0.0419	0.4900	0.2064	-0.8459	-1.3236	0.3467	0.2958	-8.2992	1.2878	5.0630	4.0503499781792955	0	3	5	Run	Normal
-11.0325	7.3933	3.1412	-17.2042	-61.3143	21.4239	26.3429	22.5703	-2.4979	-2.5153	5.5471	-1.3553	-0.0327	0.5193	0.2330	-0.8215	0.1624	0.2775	0.3118	-8.5172	1.8462	4.4965	3.5518438561505565	0	3	5	Run	Normal
-9.5002	2.0303	6.2058	-13.0371	-64.5273	20.5788	26.0026	22.6129	-1.0609	-0.8773	-0.1909	2.0970	0.0003	0.5390	0.2097	-0.8158	0.9837	0.2125	-0.0408	-8.6229	2.2212	4.1087	-2.119426948468792	0	4	6	Walk	Normal
-9.4236	-2.6049	10.3813	-13.5589	-59.6762	19.5728	24.4291	22.7131	-2.4032	-1.0588	-4.3470	5.5682	-0.0169	0.5043	0.2043	-0.8388	-0.5066	-0.1316	-0.0741	-8.3647	1.7421	4.8131	2.7327740766574298	0	4	6	Walk	Normal
-5.8221	4.6358	2.8341	-6.0277	-61.4848	13.5648	22.8151	24.0294	-3.9786	2.6700	3.0926	-1.8215	0.0154	0.5122	0.1281	-0.8491	2.2876	-0.2456	-1.7657	-8.4921	1.5432	4.6557	-6.296831263191836	0	4	6	Run	Normal
-7.2778	-2.6809	2.7192	0.6013	-64.6916	4.5323	17.9563	26.7175	-6.6088	1.5565	-3.4252	-1.4727	0.0256	0.5344	0.0306	-0.8443	0.8804	-0.2850	-0.3990	-8.8343	0.7443	4.1919	0.2550943379770283	0	4	6	Upright	Normal
-14.2880	-0.4208	2.6043	3.1153	-63.8080	3.8944	15.0797	27.4303	-8.3637	-5.5245	-1.2531	-1.7177	0.0410	0.5272	0.0145	-0.8486	0.0420	0.0250	-0.4800	-8.7635	0.8323	4.3220	6.31076338248371	0	0	6	Upright	Normal
-7.2395	0.8051	7.4693	0.0432	-66.9250	2.6390	13.5799	27.4257	-7.7121	1.7729	0.3868	3.6259	0.0130	0.5512	0.0190	-0.8340	-1.1873	0.0005	0.8005	-9.0124	0.4182	3.8434	-4.096429204577149	0	0	6	Upright	Normal
-9.8833	2.2218	8.8107	0.9971	-60.4029	8.2803	15.4244	26.8086	-6.0315	-1.4572	0.9104	3.9679	0.0438	0.5012	0.0580	-0.8623	0.0527	-0.8240	0.2224	-8.4261	1.3114	4.8427	2.9924432368392484	0	0	6	Upright	Normal
-6.4739	0.1149	1.8771	-5.4704	-59.8420	12.3887	16.6659	26.2186	-6.5228	1.9088	-1.2454	-3.0272	0.0126	0.4998	0.1171	-0.8581	-1.9095	0.2679	1.3068	-8.3827	1.3604	4.9042	-6.6839954698653585	0	0	6	Upright	Normal
-8.4276	3.2944	3.9073	-12.6311	-56.6603	17.2701	18.8706	24.6386	-3.2462	-0.2542	1.9876	-1.3518	-0.0249	0.4809	0.1830	-0.8571	-1.1521	-0.0836	0.2522	-8.1734	1.3068	5.2592	3.1146716562217467	0	0	6	Upright	Normal
-10.3046	5.7844	4.1755	-14.4155	-58.8184	19.9088	19.4308	23.2141	-0.9284	-1.9857	4.1159	-0.7419	-0.0234	0.4987	0.2101	-0.8406	0.3307	0.1390	0.3598	-8.3190	1.6685	4.9174	2.6769193241297025	0	1	7	PT	Normal
-8.5036	1.8010	6.2435	-10.5854	-62.0723	19.5100	19.9166	23.7441	-0.8935	-0.0546	-0.2973	1.7288	0.0091	0.5194	0.1914	-0.8328	1.1329	0.2242	-0.2602	-8.4490	2.0984	4.5147	-1.830955997650026	0	1	7	PT	Normal
-8.8484	-2.7192	9.5379	-9.9865	-60.6535	17.7518	19.3956	24.5885	-1.9382	-0.4530	-4.5316	4.8047	0.0034	0.5086	0.1761	-0.8428	-0.8517	-0.2605	0.4513	-8.3954	1.8124	4.7332	2.58918735359004	0	1	7	PT	Normal
-6.5116	4.5592	3.1406	-5.3767	-60.4573	12.3747	19.9420	24.7816	-1.4066	1.9190	3.1734	-1.6734	0.0139	0.5043	0.1165	-0.8555	2.0692	-0.3159	-1.6781	-8.4306	1.3858	4.8140	-4.7443771486822985	0	1	7	Jump	Normal
-6.2818	-1.5317	2.7958	-1.5725	-64.5922	5.1177	17.1546	27.4505	-3.9509	2.5515	-2.2069	-1.4100	0.0123	0.5342	0.0451	-0.8440	0.4649	0.2253	-0.5170	-8.8333	0.6752	4.2059	-1.502561897772737	0	1	7	PT	Normal
-12.4498	0.6895	3.6775	1.1545	-64.0451	4.5702	16.2050	28.2456	-3.9927	-3.6672	-0.0992	-0.6135	0.0297	0.5295	0.0285	-0.8473	0.2167	0.1390	-0.4488	-8.7827	0.7887	4.2910	5.955478915199273	0	1	7	Jump	Normal
-11.8363	-0.9954	4.3281	1.1031	-67.0447	2.6573	16.3419	27.9840	-3.6584	-2.8193	-1.4875	0.5041	0.0208	0.5519	0.0140	-0.8335	0.0495	-0.0176	0.1456	-9.0170	0.4922	3.8240	-0.3578380767777709	0	1	7	Upright	Normal
-4.8261	3.3333	6.5116	-2.0745	-65.4286	6.2029	18.1989	26.1760	-2.3352	4.0564	2.5165	2.4365	0.0140	0.5404	0.0553	-0.8395	-0.1156	-0.1657	0.9711	-8.8825	0.8169	4.0751	-3.8783078989690676	0	0	7	Upright	Normal
-9.4996	-0.5357	5.4773	0.0199	-60.6230	9.2839	20.5112	22.7370	-1.2597	-1.0660	-1.9160	0.6668	0.0410	0.5030	0.0698	-0.8605	-0.1178	-0.4970	0.3117	-8.4336	1.3803	4.8105	2.214888910782337	0	0	7	Upright	Normal
-5.8227	0.9194	3.2178	-9.3935	-59.7908	14.4667	21.6776	20.8377	-1.2918	2.5847	-0.4179	-1.6502	-0.0079	0.5017	0.1493	-0.8520	-1.6454	-0.2253	0.9008	-8.4074	1.3373	4.8680	-4.2627205519393465	0	0	7	Upright	Normal
-9.9976	2.1075	2.5277	-14.9580	-58.1741	17.5187	23.0435	18.0836	0.8652	-1.6499	0.8722	-2.4684	-0.0390	0.4937	0.1945	-0.8467	-1.3130	0.2988	0.3256	-8.3477	1.2353	4.9961	3.809437750082659	0	1	8	Jump	Normal
-11.3000	6.5511	3.0257	-16.1877	-61.5829	20.3257	23.3776	16.0260	2.0129	-2.7601	4.7752	-1.4561	-0.0296	0.5202	0.2210	-0.8244	0.2348	0.2945	0.2915	-8.5400	1.7759	4.4818	2.8821848878546756	0	1	8	PT	Normal
-8.8101	2.0692	6.0136	-12.4619	-65.1437	19.7792	22.8371	15.1403	0.3807	-0.1357	-0.1049	1.9887	0.0018	0.5429	0.2014	-0.8152	1.1510	0.4330	-0.1122	-8.6743	2.1741	4.0250	-2.5418547900351935	0	1	8	PT	Normal
-9.3464	-2.9491	9.3464	-11.9322	-61.2347	18.5626	22.3312	15.4959	-1.7305	-0.8865	-4.7607	4.7293	-0.0066	0.5143	0.1903	-0.8362	-0.7303	-0.4714	0.0946	-8.4599	1.8117	4.6171	2.6771337496715795	0	1	8	PT	Normal
-6.5116	4.7890	2.7192	-4.4870	-62.8521	12.3929	21.7405	16.5926	-2.7197	2.0865	3.2582	-1.7416	0.0230	0.5216	0.1123	-0.8455	2.1566	-0.2456	-1.5544	-8.5982	1.5308	4.4608	-5.014646228927067	0	1	8	Jump	Normal
-6.5888	-1.9148	3.1412	-1.1626	-65.4901	6.4575	19.2436	19.6464	-5.5506	2.2869	-2.8362	-0.9261	0.0219	0.5405	0.0528	-0.8394	0.5768	-0.1103	-0.3709	-8.8758	0.9215	4.0673	-0.981909958801837	0	1	8	PT	Normal
-13.3686	-0.6506	1.6466	1.3215	-65.2167	5.6922	19.2255	19.6125	-7.6872	-4.5185	-1.6279	-2.4630	0.0365	0.5377	0.0356	-0.8416	0.0548	0.4746	-0.5787	-8.8502	0.9773	4.1096	5.9390771308565435	0	1	8	Jump	Normal
-9.3464	0.4603	3.6003	0.9359	-68.4206	4.6823	19.3763	21.1459	-8.4719	-0.2623	-0.3428	-0.0060	0.0297	0.5615	0.0292	-0.8264	0.3392	0.2796	0.5228	-9.0841	0.8031	3.6063	-3.458899847933905	0	1	8	PT	Normal
-7.8141	4.0995	8.5802	-3.5277	-64.5415	8.3163	20.7584	21.0944	-7.3335	0.9848	3.0755	4.3729	0.0127	0.5342	0.0777	-0.8417	-0.4416	-0.3382	0.8252	-8.7988	1.0240	4.2074	2.281533730065428	0	1	8	PT	Normal
-7.4693	-0.3059	3.9067	-4.7085	-60.9579	12.2900	21.9872	20.5495	-6.4990	0.9910	-1.7490	-0.8377	0.0191	0.5077	0.1129	-0.8539	-0.9849	-0.0261	0.7400	-8.4604	1.4431	4.7444	-3.8731328407261305	0	1	8	Jump	Normal
-6.4356	2.6432	3.7541	-14.2968	-58.6477	18.7191	23.5944	19.6284	-4.5686	1.9005	1.1489	-1.1902	-0.0280	0.4971	0.2008	-0.8437	-1.5665	-0.3180	0.8338	-8.3362	1.4943	4.9443	-0.5293411157366155	0	2	9	PT	Normal
-10.3046	2.6815	2.3750	-19.8185	-58.8790	20.7523	24.6955	18.9129	-2.5709	-1.8450	1.3138	-2.3932	-0.0602	0.5032	0.2377	-0.8286	-0.8006	0.5726	0.2127	-8.4596	1.3677	4.7682	3.0039516838767124	0	2	9	PT	Normal
-11.5299	1.9543	4.8644	-18.1114	-62.5907	22.5914	25.8064	18.8138	-1.9721	-2.9529	-0.0944	0.5739	-0.0314	0.5294	0.2455	-0.8115	0.9123	-0.0954	0.0966	-8.5769	2.0487	4.2906	1.7562737106368331	0	2	9	PT	Normal
-6.7798	-0.6123	6.2435	-13.9075	-64.2746	21.0852	25.7940	19.6952	-3.2675	1.8316	-2.8361	2.1117	-0.0042	0.5379	0.2171	-0.8146	0.3786	0.1901	-0.1518	-8.6113	2.2238	4.1318	-3.4287268828916844	0	2	9	PT	Normal
-8.6191	1.4174	5.4396	-13.3457	-62.9525	19.3526	25.9880	20.0984	-2.5862	-0.0374	-0.5058	1.1009	-0.0105	0.5279	0.2022	-0.8248	1.2948	0.1976	-0.7707	-8.5817	1.9231	4.3387	1.0531630604704176	0	2	9	PT	Normal
-7.8913	1.6855	2.8730	-4.7684	-67.1874	10.8961	24.5588	22.1717	-3.9550	1.0451	0.2872	-0.9159	0.0180	0.5536	0.1019	-0.8263	0.7802	0.7696	-1.3577	-8.9364	1.3984	3.7890	-1.724655893463213	0	2	9	PT	Normal
-8.0439	-0.4591	2.7192	-1.3432	-67.5581	7.0984	21.9912	25.7153	-6.5811	0.9614	-1.4920	-1.0234	0.0247	0.5555	0.0580	-0.8291	0.9517	-0.4490	-0.0133	-9.0053	1.0329	3.7426	-0.06201411126846068	0	2	9	Upright	Normal
-11.3000	-0.8805	1.9914	2.8081	-67.7980	6.2173	21.6150	25.4975	-8.7581	-2.2935	-2.0442	-1.7098	0.0505	0.5556	0.0314	-0.8293	0.3616	0.1358	-0.4575	-9.0065	1.1637	3.7011	3.004386924782297	0	0	9	Upright	Normal
-12.1051	0.4214	4.4053	4.1981	-69.7714	3.7405	20.4880	25.3053	-8.6828	-2.9390	-0.4266	1.0237	0.0487	0.5703	0.0058	-0.8200	0.1123	0.2594	0.0220	-9.1661	0.8480	3.3817	1.380799926872518	0	0	9	Upright	Normal
-6.6649	5.2104	6.8564	3.7810	-69.1003	5.7147	21.4547	25.4184	-7.6532	2.4282	4.0686	3.3658	0.0554	0.5648	0.0223	-0.8231	0.4426	-0.2839	0.3480	-9.0930	1.1417	3.4906	-1.9992490352201244	0	0	9	Upright	Normal
-8.0056	-2.1829	2.7192	1.6048	-64.9256	7.6852	22.4001	25.5239	-8.3868	0.7816	-3.4861	-1.4350	0.0478	0.5347	0.0490	-0.8423	-1.0041	0.1070	0.6334	-8.7872	1.3032	4.1542	-2.1573640167336166	0	1	10	PT	Normal
-8.0056	3.2567	4.7112	-6.0997	-63.8010	12.4709	23.3587	23.2368	-6.1230	0.6853	1.8058	0.4063	0.0124	0.5295	0.1200	-0.8397	-1.3194	-0.1390	0.6707	-8.6910	1.4509	4.3049	1.1112774564909653	0	1	10	PT	Normal
-8.6574	1.0726	3.5626	-13.4180	-62.4350	15.9124	24.7678	22.3579	-3.3806	-0.0082	-0.2981	-0.8514	-0.0277	0.5236	0.1775	-0.8328	-0.8656	0.1742	0.3224	-8.6492	1.3707	4.4140	-0.4203168387456433	0	1	10	PT	Normal
-9.3464	3.6781	2.9874	-16.7784	-63.6371	18.7843	25.0899	21.2832	-1.5032	-0.6228	2.0388	-1.1818	-0.0372	0.5348	0.2131	-0.8168	-0.3149	0.3457	0.2636	-8.7236	1.6393	4.1692	1.0559271379556794	0	1	10	PT	Normal
-9.8444	3.7164	5.3624	-16.0717	-65.7879	20.3684	26.4314	19.9726	0.3093	-1.0720	1.6472	1.4979	-0.0204	0.5500	0.2217	-0.8049	0.8623	0.0911	0.2317	-8.7724	2.0692	3.8645	1.331190776089466	0	1	10	PT	Normal
-7.5842	-3.4087	6.0519	-13.6048	-64.8374	19.0247	25.8932	19.6580	-1.6692	1.1268	-5.3748	1.9995	-0.0106	0.5415	0.2012	-0.8162	-0.2829	0.0772	-0.0506	-8.7110	1.9661	4.0525	-1.5259282103591083	0	1	10	PT	Normal
-8.7724	4.1755	5.3247	-13.9416	-64.3444	17.7996	25.8138	20.0582	-1.7684	-0.0428	2.4473	1.2040	-0.0197	0.5381	0.1938	-0.8201	0.3616	0.4767	-0.4767	-8.7296	1.7282	4.1207	0.794706899261957	0	1	10	PT	Normal
-8.5802	0.3454	3.8684	-13.5787	-64.3913	14.2503	25.4067	20.5998	-1.6904	0.2360	-0.8669	-0.2517	-0.0336	0.5374	0.1667	-0.8260	0.2753	-0.5864	-0.4501	-8.8162	1.2122	4.1201	-1.660647341624843	0	1	10	PT	Normal
-9.0782	0.3837	4.4430	-11.8661	-63.8048	13.0421	23.9370	21.9676	-2.7959	-0.3048	-0.7349	0.2066	-0.0275	0.5322	0.1502	-0.8327	0.1603	-0.0378	-0.0078	-8.7734	1.1185	4.2364	0.696143477790585	0	1	10	PT	Normal
-8.4270	-0.4591	5.7838	-12.0610	-62.4839	13.7197	24.6617	21.4227	-4.2024	0.2468	-1.6022	1.3533	-0.0276	0.5228	0.1557	-0.8376	-0.2701	-0.3883	0.2223	-8.6737	1.1431	4.4305	0.11679435365687496	0	1	11	Upright	Normal
-7.8913	0.4214	4.9799	-12.9823	-59.2014	13.5665	24.0784	20.8638	-4.2693	0.5620	-0.4580	0.0872	-0.0396	0.4990	0.1575	-0.8513	-0.2381	-0.4394	-0.1825	-8.4533	0.8794	4.8927	-0.8904502419304468	0	0	11	Upright	Normal
-8.1205	0.9200	5.1709	-13.9527	-54.4785	14.5166	23.3034	21.8834	-4.4041	-0.0492	0.2493	-0.3587	-0.0497	0.4643	0.1666	-0.8684	-0.4128	-0.5609	0.0306	-8.0713	0.6707	5.5296	0.33019259460654027	0	0	11	Upright	Normal
-7.5842	0.8434	5.2092	-14.2961	-51.7831	15.0626	23.0235	22.0797	-5.0609	0.2453	0.2878	-0.6696	-0.0542	0.4442	0.1709	-0.8778	-0.1913	-0.8325	-0.1281	-7.8295	0.5556	5.8788	-0.43150613012005223	0	0	11	Upright	Normal
-6.7415	0.6518	5.7838	-10.9285	-39.9745	15.7636	22.6226	22.7787	-7.9641	-0.2910	0.3114	-1.5950	-0.0420	0.3493	0.1605	-0.9222	0.1123	-2.8480	-0.3754	-6.4504	0.3404	7.3788	-0.33297710167220984	0	0	11	Upright	Normal
-4.4813	0.4603	7.7375	-7.2077	-24.7065	16.7044	18.5800	23.4247	-12.9148	-0.2340	0.3528	-1.1010	-0.0297	0.2202	0.1549	-0.9626	-0.2073	-2.6158	-0.1613	-4.2473	0.1074	8.8385	0.046911192767947085	0	0	11	Upright	Normal
-2.7964	-0.6895	9.3087	-5.3257	-7.8521	15.6581	12.7404	25.0531	-16.4414	-1.2629	-0.1829	-0.3641	-0.0366	0.0741	0.1389	-0.9868	-0.5449	-2.1353	-0.3094	-1.5335	-0.5067	9.6727	0.790712946893537	0	0	11	Upright	Normal
-1.3402	-0.6506	9.3081	-5.2558	1.7370	15.9131	9.0957	25.7865	-17.3697	-1.3798	0.2945	-0.4528	-0.0475	-0.0086	0.1376	-0.9893	-0.5151	-1.8062	-0.0260	0.0397	-0.9451	9.7609	-0.31751741764358066	0	0	11	Upright	Normal
0.1155	-1.6849	9.6145	-6.2807	9.2419	16.5530	5.9831	27.2552	-16.1321	-1.0924	-0.2212	-0.0067	-0.0656	-0.0717	0.1389	-0.9855	-0.4651	-0.9018	0.0144	1.2079	-1.4638	9.6212	0.33513719438281164	0	0	11	Lying	Normal
0.4603	-1.9914	9.5379	-9.1144	9.3452	17.5351	5.2847	27.3956	-15.8210	-0.5963	-0.0500	-0.0163	-0.0906	-0.0682	0.1450	-0.9829	-0.2861	0.4735	0.1765	1.0566	-1.9414	9.5542	-0.00726340404377801	0	0	11	Lying	Normal
0.1538	-2.4894	9.8061	-12.1158	6.2130	18.2212	5.8964	27.2669	-14.4011	-0.2144	-0.2138	0.2743	-0.1126	-0.0365	0.1516	-0.9813	-0.3777	0.7451	0.2820	0.3683	-2.2755	9.5318	0.3638788200733565	1	0	12	Lying	Normal
-0.5740	-2.8341	9.7677	-15.4372	1.1252	18.9993	8.4367	27.6461	-13.8268	0.0937	-0.3036	0.3168	-0.1341	0.0126	0.1622	-0.9775	-0.3287	0.9710	0.3448	-0.6677	-2.5305	9.4510	0.06841669075989465	1	0	12	Lying	Normal
-1.6083	-3.0640	10.1508	-18.6571	-4.4265	19.5836	10.7455	27.7527	-11.9719	0.1532	-0.3707	0.8874	-0.1531	0.0651	0.1739	-0.9706	-0.2680	0.8176	0.3491	-1.7615	-2.6933	9.2635	0.5376980353248939	1	0	12	Lying	Normal
-2.7575	-3.3704	10.1891	-20.9237	-9.6873	19.4866	12.5540	26.9925	-11.1780	-0.0501	-0.6663	1.1598	-0.1643	0.1125	0.1809	-0.9631	0.0037	0.9443	0.2681	-2.7074	-2.7041	9.0293	0.3562334738425257	0	0	12	Upright	Normal
-3.6386	-2.7192	9.5379	-21.7953	-14.1868	19.3104	13.9661	26.4959	-9.8669	-0.2029	-0.1824	0.7100	-0.1646	0.1510	0.1864	-0.9567	0.1400	0.4692	0.2317	-3.4357	-2.5368	8.8279	-0.5163397987309892	0	0	12	Upright	Normal
-4.0606	-2.5666	9.2703	-21.9835	-16.4730	19.4149	14.6933	26.3237	-9.6403	-0.2676	-0.1707	0.5501	-0.1623	0.1704	0.1907	-0.9530	0.0463	0.2541	0.0996	-3.7930	-2.3958	8.7203	-0.1233319634051604	0	0	12	Upright	Normal
-4.0217	-2.2978	8.2738	-22.0541	-17.8773	19.2340	15.1104	25.6681	-9.2215	-0.0247	0.0193	-0.3763	-0.1608	0.1819	0.1913	-0.9510	0.0686	0.1891	0.0219	-3.9970	-2.3171	8.6501	-0.9589209386156234	0	0	12	Upright	Normal
-4.3664	-2.4894	8.3887	-22.4634	-18.9338	19.0965	15.7529	25.8963	-9.5448	-0.1998	-0.1811	-0.1835	-0.1627	0.1910	0.1921	-0.9488	-0.0102	0.1837	0.0591	-4.1667	-2.3083	8.5721	0.297130785449383	0	0	12	Upright	Normal
-4.4813	-2.5277	8.7334	-22.7081	-19.5886	19.1481	15.7192	26.2848	-8.5283	-0.2055	-0.2367	0.2107	-0.1636	0.1967	0.1937	-0.9471	0.0463	0.0740	0.0464	-4.2759	-2.2910	8.5228	0.3570472368052844	0	0	12	Upright	Normal
-4.4047	-2.5660	8.5036	-22.9171	-19.6752	19.2593	15.4739	25.5719	-8.6252	-0.1016	-0.2605	-0.0015	-0.1650	0.1978	0.1950	-0.9464	-0.0177	-0.0219	0.0334	-4.3031	-2.3055	8.5051	-0.22176973766998564	0	0	12	Upright	Normal
-4.3287	-2.4517	8.3893	-23.0018	-19.3862	19.4691	15.7559	25.9389	-8.6030	-0.0548	-0.1284	-0.1257	-0.1658	0.1958	0.1964	-0.9463	-0.0123	-0.0751	0.0270	-4.2739	-2.3233	8.5150	-0.16108057653929464	1	0	13	Upright	Normal
-4.2904	-2.4517	8.3510	-23.2036	-19.2657	19.7202	15.5876	26.1165	-8.5811	-0.0136	-0.1098	-0.1576	-0.1673	0.1954	0.1985	-0.9457	-0.0187	0.0027	0.0536	-4.2768	-2.3418	8.5085	-0.04991929816198315	1	0	13	Upright	Normal
-4.3287	-2.4900	8.4659	-23.3320	-19.3199	19.9643	16.0854	26.3542	-8.3979	-0.0277	-0.1526	-0.0316	-0.1678	0.1964	0.2008	-0.9449	-0.0326	0.0037	0.0376	-4.3010	-2.3373	8.4975	0.12551661698614325	1	0	13	Upright	Normal
-4.4053	-2.5283	8.1594	-23.8288	-19.5832	20.0495	14.8905	25.6784	-8.5698	-0.0377	-0.1486	-0.2922	-0.1714	0.1993	0.2024	-0.9434	-0.0091	-0.0048	0.0430	-4.3676	-2.3797	8.4517	-0.21781876401876943	1	0	13	Upright	Normal
-4.4053	-2.5283	8.3510	-24.0047	-19.6020	20.3374	15.3314	26.0206	-8.3841	-0.0141	-0.1477	-0.0883	-0.1723	0.2001	0.2050	-0.9425	-0.0144	0.0208	0.0752	-4.3913	-2.3806	8.4393	0.16318295079727996	1	0	13	Upright	Normal
-4.4047	-2.4511	8.5036	-23.9641	-19.6529	20.6674	15.6931	26.6559	-8.3461	0.0052	-0.1053	0.0643	-0.1713	0.2009	0.2078	-0.9419	0.0431	-0.0005	0.0752	-4.4100	-2.3457	8.4393	0.11100449733014628	1	0	13	Upright	Normal
-4.4436	-2.4134	8.4659	-23.8704	-19.5392	20.9437	15.5959	25.4619	-8.0746	-0.0435	-0.0928	0.0147	-0.1702	0.2003	0.2098	-0.9417	0.0239	-0.0091	0.0209	-4.4001	-2.3206	8.4512	-0.02425421530455729	1	0	13	Upright	Normal
-4.4053	-2.3750	8.3127	-23.8300	-19.6506	21.0045	15.4311	25.3699	-9.0008	0.0109	-0.0736	-0.1354	-0.1696	0.2013	0.2104	-0.9415	0.0292	0.0080	0.0251	-4.4163	-2.3014	8.4481	-0.15810944235864532	1	0	13	Upright	Normal
-4.4819	-2.4134	8.3127	-24.0380	-20.1215	20.9286	15.3807	25.9466	-8.6448	0.0090	-0.1149	-0.0968	-0.1706	0.2053	0.2107	-0.9404	-0.0006	0.0889	0.0337	-4.4909	-2.2984	8.4095	0.0444531612605914	1	0	13	Upright	Normal
-4.5197	-2.4511	8.4653	-24.1199	-20.6414	21.0133	15.7162	25.6464	-8.4392	0.0524	-0.1899	0.0895	-0.1702	0.2097	0.2122	-0.9391	0.0090	0.0474	0.0561	-4.5720	-2.2612	8.3758	0.15692996518546742	2	0	14	Upright	Normal
-4.5969	-2.3367	8.3510	-24.2011	-20.8295	21.1106	15.3505	25.2084	-8.2681	0.0097	-0.0874	-0.0091	-0.1703	0.2115	0.2134	-0.9384	0.0026	0.0474	0.0423	-4.6066	-2.2494	8.3601	-0.08955850022536005	2	0	14	Upright	Normal
-4.6352	-2.3750	8.2744	-24.4012	-21.0369	21.2105	15.5979	26.2505	-7.6768	0.0148	-0.1235	-0.0611	-0.1714	0.2136	0.2148	-0.9375	-0.0155	0.0399	0.0391	-4.6500	-2.2516	8.3354	-0.037743061214841944	2	0	14	Upright	Normal
-4.5580	-2.5277	8.3121	-24.6543	-21.1682	21.3247	15.9373	25.7167	-7.7585	0.1282	-0.2619	0.0009	-0.1730	0.2152	0.2162	-0.9365	-0.0570	0.0517	0.0465	-4.6862	-2.2658	8.3112	0.03391089922463841	2	0	14	Upright	Normal
-4.7878	-2.4894	8.2738	-25.2448	-21.2717	21.6006	16.0927	25.4476	-8.3859	-0.0450	-0.1752	0.0081	-0.1772	0.2172	0.2193	-0.9345	-0.0347	0.0378	0.0678	-4.7428	-2.3141	8.2657	0.06705549481041828	2	0	14	Upright	Normal
-4.8261	-2.4128	8.3504	-25.4579	-21.3786	21.9507	15.6726	25.4861	-8.2769	-0.0431	-0.1082	0.1053	-0.1781	0.2188	0.2226	-0.9332	-0.0176	0.0240	0.0689	-4.7830	-2.3046	8.2450	0.06388097690065742	2	0	14	Upright	Normal
-4.8261	-2.4894	8.2355	-25.7714	-21.4943	22.2555	16.2804	25.1235	-7.9253	0.0021	-0.1785	0.0184	-0.1799	0.2206	0.2256	-0.9317	-0.0357	0.0240	0.0721	-4.8282	-2.3109	8.2170	-0.07725735734507033	2	0	14	Upright	Normal
-4.7878	-2.4894	8.2355	-26.0220	-21.5222	22.5646	16.3541	25.9102	-7.8604	0.0703	-0.1739	0.0374	-0.1813	0.2217	0.2285	-0.9305	-0.0102	0.0176	0.0614	-4.8581	-2.3155	8.1980	-0.01868088327773698	2	0	14	Upright	Normal
-4.8261	-2.5660	8.1971	-26.3369	-21.5583	22.7995	16.2375	25.6798	-7.5846	0.0639	-0.2321	0.0233	-0.1834	0.2227	0.2308	-0.9292	-0.0379	0.0410	0.0614	-4.8900	-2.3339	8.1738	0.006317000430232866	2	0	14	Upright	Normal
-4.9027	-2.5660	8.1205	-26.6614	-21.7646	23.0132	16.5107	25.6474	-7.5070	0.0419	-0.2260	-0.0186	-0.1852	0.2252	0.2333	-0.9277	-0.0176	0.0506	0.0667	-4.9446	-2.3400	8.1391	-0.025646788442307056	2	0	14	Upright	Normal
-4.9799	-2.4900	8.0828	-26.9368	-22.0030	23.2032	16.3738	25.4945	-7.5928	0.0199	-0.1517	-0.0230	-0.1866	0.2278	0.2355	-0.9262	-0.0198	0.0740	0.0636	-4.9998	-2.3382	8.1059	-0.011820849928509958	2	0	14	Upright	Normal
-5.0949	-2.5283	8.0828	-27.2923	-22.2789	23.3520	17.0719	25.7187	-7.4893	-0.0322	-0.1818	0.0186	-0.1887	0.2307	0.2376	-0.9245	-0.0123	0.1017	0.0604	-5.0627	-2.3465	8.0643	0.06857485998358648	3	0	15	Upright	Normal
-5.0949	-2.4900	8.0445	-27.5454	-22.5657	23.5158	17.0425	25.3884	-6.9003	0.0269	-0.1514	0.0153	-0.1898	0.2336	0.2397	-0.9230	0.0047	0.0527	0.0561	-5.1218	-2.3385	8.0293	-0.04105640239766828	3	0	15	Upright	Normal
-5.1332	-2.5666	8.0445	-27.6781	-22.8559	23.5553	17.5859	25.5871	-6.7482	0.0361	-0.2409	0.0420	-0.1902	0.2362	0.2407	-0.9220	0.0175	0.0612	0.0401	-5.1692	-2.3257	8.0025	0.03949826484391217	3	0	15	Upright	Normal
-5.2098	-2.5283	7.8913	-28.0159	-23.4131	23.4445	17.0086	25.4899	-6.1140	0.0473	-0.2005	-0.0533	-0.1921	0.2409	0.2411	-0.9203	-0.0038	0.1070	0.0423	-5.2571	-2.3278	7.9446	-0.09375881098292638	3	0	15	Upright	Normal
-5.2864	-2.4900	7.8530	-28.2731	-23.7023	23.5809	17.4996	25.4918	-6.5163	0.0281	-0.1688	-0.0551	-0.1933	0.2438	0.2430	-0.9188	0.0037	0.0474	0.0647	-5.3145	-2.3212	7.9080	4.4958157354280104E-4	3	0	15	Upright	Normal
-5.3630	-2.4900	7.9296	-28.2810	-23.7466	23.8137	16.9471	25.4262	-6.6743	-0.0328	-0.1935	0.0248	-0.1928	0.2446	0.2450	-0.9182	0.0239	-0.0069	0.0551	-5.3302	-2.2965	7.9048	0.10288045664301748	3	0	15	Upright	Normal
-5.2481	-2.4134	7.9296	-28.2878	-23.7802	24.0174	16.9149	25.3445	-6.3419	0.0949	-0.1381	0.0274	-0.1923	0.2452	0.2467	-0.9176	0.0186	0.0112	0.0466	-5.3430	-2.2752	7.9022	-0.0809473225046542	3	0	15	Upright	Normal
-5.3247	-2.4517	7.9679	-28.2838	-23.9011	24.1200	18.2260	25.4489	-6.4686	0.0379	-0.1978	0.0727	-0.1918	0.2463	0.2477	-0.9172	0.0303	0.0144	0.0328	-5.3626	-2.2538	7.8952	0.08146635568038363	3	0	15	Upright	Normal
-5.4390	-2.4511	7.9290	-28.3234	-24.0740	24.1528	17.1828	25.5572	-7.1491	-0.0507	-0.2116	0.0473	-0.1917	0.2478	0.2483	-0.9166	0.0111	0.0197	0.0306	-5.3883	-2.2395	7.8817	0.030733084091355778	3	0	15	Upright	Normal
-5.4013	-2.3750	7.8913	-28.3607	-24.1161	24.2810	17.6859	25.5920	-6.5753	-0.0003	-0.1469	0.0150	-0.1916	0.2484	0.2494	-0.9162	0.0069	0.0112	0.0411	-5.4010	-2.2281	7.8763	-0.06939575705394851	4	0	16	Upright	Normal
Total time: 16 seconds.
