-9.7294	1.6861	1.6466	-11.1119	80.2859	178.5641	11.8871	-26.8846	-2.7388	-0.2445	-0.2038	0.0230	0.6425	-0.0660	-0.7600	0.0719	-0.0224	0.0271	0.0155	-9.4849	1.8899	1.6236	0.15747832011220808	6	0	1	Upright	Normal
-9.5768	1.7621	1.5323	-11.0183	80.4588	178.4452	12.1515	-26.6046	-2.2872	-0.0839	-0.1121	-0.0631	0.6438	-0.0646	-0.7590	0.0723	-0.0203	0.0176	0.0208	-9.4929	1.8742	1.5954	-0.15338107609497342	6	0	1	Upright	Normal
-9.7294	1.6478	1.5700	-11.0744	80.4987	178.5119	12.5577	-26.8972	-2.2457	-0.2373	-0.2358	-0.0186	0.6440	-0.0653	-0.7588	0.0722	-0.0064	-0.0155	0.0389	-9.4921	1.8836	1.5886	0.13467972783744564	6	0	1	Upright	Normal
-9.6911	1.6861	1.5317	-11.1426	80.4489	178.4524	12.1383	-26.8267	-2.4835	-0.2026	-0.2090	-0.0648	0.6437	-0.0654	-0.7590	0.0730	-0.0501	-0.0165	0.0560	-9.4885	1.8952	1.5965	-0.03684226910691102	6	0	1	Upright	Normal
-9.6528	1.7244	1.5700	-11.2818	80.2487	178.0799	11.5166	-27.2111	-3.0328	-0.1745	-0.1941	-0.0588	0.6425	-0.0644	-0.7598	0.0761	-0.0799	-0.0304	0.0639	-9.4783	1.9185	1.6288	-0.024714394293546604	6	0	1	Upright	Normal
-9.5379	1.8010	1.6849	-11.4361	79.9996	177.6384	11.9625	-27.1901	-3.1149	-0.0720	-0.1434	0.0159	0.6410	-0.0631	-0.7608	0.0797	-0.0756	-0.0442	0.0596	-9.4659	1.9444	1.6691	-0.07890821651848157	6	0	1	Upright	Normal
-9.3464	1.9926	1.7615	-11.8701	79.4322	177.3485	11.3783	-27.2488	-2.7434	0.0878	-0.0245	0.0015	0.6372	-0.0648	-0.7634	0.0838	-0.0223	-0.1571	0.1214	-9.4342	2.0171	1.7600	-0.13416555026792487	6	0	1	Upright	Normal
-9.6528	1.8393	1.4934	-12.1345	78.4579	176.9136	11.5121	-27.4262	-3.3041	-0.2590	-0.2221	-0.4248	0.6309	-0.0649	-0.7682	0.0876	-0.1150	-0.1145	0.0830	-9.3938	2.0614	1.9182	0.22187165677391363	6	0	1	Upright	Normal
-10.0365	2.4134	1.6089	-12.5728	78.0197	176.0739	10.7718	-27.4614	-4.0977	-0.6734	0.2788	-0.3778	0.6282	-0.0636	-0.7696	0.0953	-0.1768	-0.1518	0.1448	-9.3631	2.1346	1.9867	0.5079130202740991	6	0	1	Upright	Normal
-9.3464	1.9160	1.8765	-13.2865	76.5597	174.4228	10.2545	-27.5630	-4.6547	-0.0636	-0.3377	-0.3418	0.6190	-0.0608	-0.7753	0.1095	-0.2929	-0.3201	0.1674	-9.2828	2.2537	2.2182	-0.7236650576592307	6	0	1	Upright	Normal
-9.5385	2.2218	1.6089	-13.5760	74.7331	172.2514	9.7192	-27.2236	-6.2249	-0.3422	-0.0801	-0.9011	0.6076	-0.0530	-0.7825	0.1249	-0.2886	-0.2658	0.1514	-9.1963	2.3019	2.5100	0.20156211460143147	0	0	2	Upright	Normal
-9.0782	1.6861	1.6466	-13.1142	72.7908	168.8491	8.5257	-27.1795	-7.3268	0.0452	-0.5388	-1.1790	0.5956	-0.0342	-0.7893	0.1451	-0.6668	-0.3191	0.0981	-9.1234	2.2250	2.8256	-0.5459934157670912	0	0	2	Upright	Normal
-9.7294	2.8736	1.9914	-12.9201	71.0442	164.8862	7.8843	-26.9401	-9.1722	-0.6894	0.6810	-1.1135	0.5844	-0.0149	-0.7931	0.1712	-0.5954	-0.2520	0.1695	-9.0401	2.1926	3.1048	0.9593716362251214	0	0	2	Upright	Normal
-11.6831	4.0612	2.3361	-13.6492	71.5733	161.9504	7.0573	-26.5150	-10.5206	-2.6420	1.7470	-0.6761	0.5886	-0.0041	-0.7846	0.1950	-0.1555	0.0250	0.2579	-9.0411	2.3141	3.0122	2.2490203159483606	0	0	2	Upright	Normal
-13.0628	3.4477	1.3408	-14.6061	73.6827	161.3253	7.3577	-27.0034	-11.4733	-3.9552	0.9747	-1.3253	0.6034	-0.0039	-0.7709	0.2040	-0.1833	0.3744	-0.1317	-9.1075	2.4729	2.6661	0.9889771432884054	0	0	2	Upright	Normal
-8.6191	0.1915	5.5162	-11.4503	77.3181	161.5518	8.8718	-26.3830	-10.1871	0.7579	-1.7552	3.4062	0.6260	0.0227	-0.7569	0.1861	0.1331	-0.5385	0.0952	-9.3770	1.9468	2.1100	-3.3415511666164104	0	0	2	Upright	Normal
-9.6151	1.4174	3.4860	-9.9044	76.5607	166.9439	9.7768	-26.5950	-8.7064	-0.2191	-0.2693	1.2408	0.6209	0.0028	-0.7709	0.1420	1.0461	0.2679	-1.1064	-9.3960	1.6867	2.2452	0.09033716086676513	0	0	2	Upright	Normal
-6.5505	-0.4980	0.9960	-4.3563	78.5009	173.1435	13.1245	-26.2519	-6.6286	3.0317	-1.2429	-0.9533	0.6329	0.0084	-0.7710	0.0703	0.7584	-0.1987	-0.8294	-9.5822	0.7449	1.9493	-3.6808013942028106	0	0	2	Upright	Normal
-9.3470	0.1532	1.1492	-3.9214	79.3030	178.5157	14.4822	-25.7660	-4.2241	0.2668	-0.5173	-0.6666	0.6380	-0.0181	-0.7691	0.0318	0.7020	0.3840	0.1038	-9.6138	0.6705	1.8159	2.774150810596317	0	0	2	Upright	Normal
-12.7557	-3.6003	1.1486	-2.8228	80.9857	-179.1453	14.5685	-25.9696	-2.7633	-3.0818	-4.0832	-0.3859	0.6490	-0.0236	-0.7604	0.0103	0.1747	-0.2914	-0.1785	-9.6739	0.4829	1.5345	3.885106207702476	0	0	2	Upright	Normal
-9.4619	0.7278	4.5586	-3.0052	80.2077	177.6894	13.7907	-25.5687	-3.5166	0.1887	0.2138	2.8931	0.6442	-0.0071	-0.7641	0.0323	-1.0972	0.2114	0.6960	-9.6506	0.5140	1.6655	-2.775767356031883	0	1	3	PT	Normal
-9.1554	4.5586	8.0062	-8.1648	76.3054	175.1327	13.0025	-25.6206	-4.5303	0.2759	3.1659	5.7081	0.6180	-0.0298	-0.7818	0.0772	0.0863	-1.3556	0.4010	-9.4314	1.3927	2.2981	2.460544962845681	0	1	3	PT	Normal
-7.6231	-0.3831	0.6129	-8.7244	78.9446	171.4717	11.4884	-26.2482	-4.7727	1.8902	-1.8705	-1.2457	0.6365	-0.0114	-0.7640	0.1054	-1.6182	1.0647	0.7131	-9.5134	1.4874	1.8586	-5.331223007509349	0	1	3	Jump	Normal
-6.7421	2.9113	1.3018	-9.9452	75.2356	161.3910	10.3796	-25.0011	-7.7237	2.5983	1.2178	-1.1597	0.6112	0.0306	-0.7702	0.1798	-1.1857	-0.7580	0.2401	-9.3404	1.6936	2.4615	-0.19898680150028714	0	1	3	Upright	Normal
-11.2234	4.5209	1.3018	-10.0187	75.5144	157.2415	9.7275	-24.1390	-11.4008	-1.8732	2.8148	-1.1138	0.6116	0.0527	-0.7616	0.2078	-0.5017	-0.0048	0.4031	-9.3503	1.7060	2.4156	4.711247814613125	0	0	3	Upright	Normal
-13.5225	2.9497	2.1835	-13.3958	77.9117	157.4146	9.0855	-23.0708	-11.3040	-4.1940	0.6777	0.1857	0.6301	0.0333	-0.7430	0.2231	0.4699	0.3595	0.2007	-9.3284	2.2719	1.9978	1.8421034508854301	0	0	3	Upright	Normal
-7.4316	-0.7661	5.0949	-12.1000	77.9009	158.2094	9.7590	-22.9675	-9.6070	1.9442	-2.8217	3.0851	0.6294	0.0377	-0.7469	0.2112	-0.5368	-0.7239	0.1453	-9.3758	2.0556	2.0098	-4.968777214681033	0	0	3	Upright	Normal
-9.0405	2.9497	2.9497	-10.6178	75.9187	162.1014	9.2649	-22.5437	-10.5101	0.3087	1.1428	0.6047	0.6164	0.0232	-0.7667	0.1783	2.0241	0.5534	-0.9263	-9.3492	1.8069	2.3450	0.9136347847749935	0	0	3	Upright	Normal
-6.2435	1.3414	0.3825	-6.6920	80.8119	170.6269	11.3719	-22.3922	-7.3659	3.3715	0.1986	-1.1727	0.6486	0.0086	-0.7545	0.0998	1.2880	0.2977	-1.4313	-9.6150	1.1428	1.5552	-3.5590923674913366	0	0	3	Upright	Normal
-10.1891	-1.6083	1.4551	-3.6306	77.5117	176.4427	13.6621	-21.7191	-5.3486	-0.6336	-2.2293	-0.6612	0.6262	-0.0053	-0.7784	0.0440	0.6584	0.0389	0.3989	-9.5556	0.6210	2.1163	4.01995747844272	0	1	4	Jump	Normal
-12.1811	-2.2595	0.1909	-0.6795	80.0864	177.5998	13.2922	-21.8908	-4.5092	-2.5215	-2.3758	-1.4973	0.6433	0.0089	-0.7653	0.0198	0.0053	0.4362	-0.3086	-9.6596	0.1163	1.6882	1.9729829067680473	0	1	4	PT	Normal
-7.6225	3.0652	5.5539	-3.4312	76.9028	172.0657	11.6017	-21.9954	-6.2339	1.9119	2.4783	3.3357	0.6217	0.0196	-0.7796	0.0727	-1.0110	0.0463	0.9015	-9.5345	0.5869	2.2182	-2.473516039804828	0	1	4	PT	Normal
-10.5339	0.1538	4.1366	-7.3243	71.4575	170.0540	9.2634	-22.3816	-8.3170	-1.3122	-1.0962	1.0436	0.5851	-0.0011	-0.8038	0.1074	-0.0544	-0.3564	0.2474	-9.2217	1.2501	3.0930	1.4012039409739163	0	1	4	PT	Normal
-6.1669	1.8393	1.9914	-7.9241	74.1270	160.0992	7.7877	-22.0247	-9.2977	3.1759	0.4875	-0.6651	0.6017	0.0496	-0.7769	0.1786	-2.0485	0.1582	0.6767	-9.3428	1.3518	2.6565	-4.581626029638396	0	1	4	Jump	Normal
-9.6528	2.7587	1.3402	-7.9659	72.8789	151.5903	5.8754	-20.6252	-13.3025	-0.3711	1.3997	-1.5190	0.5881	0.0912	-0.7679	0.2369	-1.1026	0.2232	-0.0519	-9.2817	1.3590	2.8591	3.3919114829631125	0	1	4	PT	Normal
-11.2240	6.0908	0.3448	-10.8757	77.0814	146.8583	5.8186	-19.9168	-15.0165	-1.8373	4.2406	-1.8082	0.6156	0.1059	-0.7295	0.2787	0.0543	0.2136	0.6427	-9.3868	1.8503	2.1530	2.6464445045925906	0	1	4	PT	Normal
-11.3006	2.5283	3.6009	-13.5641	77.2183	150.0992	4.2539	-21.9643	-13.7565	-2.0036	0.2283	1.4919	0.6225	0.0707	-0.7307	0.2714	1.2112	0.1198	-0.3086	-9.2970	2.2999	2.1090	-0.6478497542016797	0	1	4	PT	Normal
-9.6145	0.1155	5.4390	-11.4101	74.3269	152.1130	3.9830	-24.9935	-11.4774	-0.3590	-1.8245	2.8422	0.6025	0.0680	-0.7551	0.2494	0.2865	-0.2637	-0.0263	-9.2555	1.9401	2.5968	-1.0799958479559173	0	1	4	PT	Normal
-7.4693	2.8736	0.4591	-9.8894	78.7619	164.2658	4.6243	-27.1332	-8.0473	2.0065	1.1895	-1.4237	0.6353	0.0205	-0.7553	0.1596	1.8184	0.9614	-1.2908	-9.4758	1.6842	1.8827	-3.0307725061990904	0	1	4	PT	Normal
-7.3167	-1.5323	0.6129	-6.0712	80.3154	174.0193	7.6081	-27.7871	-3.8927	2.2960	-2.5694	-1.0274	0.6452	-0.0068	-0.7604	0.0739	0.8799	-0.6205	-0.0423	-9.6127	1.0371	1.6403	-0.5156454704013562	0	2	5	PT	Normal
-13.1777	-1.0726	0.8045	-5.0109	80.2231	178.1142	8.1252	-27.2705	-0.5083	-3.5503	-1.9291	-0.8544	0.6441	-0.0228	-0.7635	0.0407	0.2546	0.2008	-0.4749	-9.6274	0.8565	1.6589	5.7452214702828055	0	2	5	Jump	Normal
-9.5762	0.6901	4.4430	-2.5191	78.3177	176.3967	8.6411	-28.0079	-0.2453	0.0181	0.2592	2.4593	0.6315	0.0028	-0.7744	0.0382	-0.8810	-0.5534	0.3986	-9.5943	0.4310	1.9837	-2.666505157532063	0	2	5	PT	Normal
-9.9976	3.7930	7.3927	-8.5520	74.7608	176.1565	7.5749	-27.8757	-0.8652	-0.6409	2.3348	4.8438	0.6071	-0.0389	-0.7904	0.0718	-0.2855	-1.7668	0.2516	-9.3567	1.4582	2.5489	2.4204197155536438	0	2	5	PT	Normal
-6.6266	-0.8422	0.6123	-8.2102	75.2068	172.3732	5.9575	-28.4491	-1.4127	2.7580	-2.2425	-1.8658	0.6111	-0.0161	-0.7856	0.0961	-1.7471	0.8719	0.6606	-9.3845	1.4003	2.4781	-6.29174003733447	0	2	5	Jump	Normal
-7.2784	2.8347	1.8004	-8.4281	73.1894	161.4632	4.0738	-27.6059	-5.9960	2.0078	1.3975	-1.0050	0.5963	0.0375	-0.7832	0.1722	-1.4552	-0.2157	0.2399	-9.2862	1.4373	2.8054	1.307830406295591	0	2	5	PT	Normal
-11.4922	4.2521	-0.1915	-9.1418	75.3020	157.4632	2.9465	-26.6061	-8.8499	-2.1268	2.6941	-2.6480	0.6095	0.0571	-0.7645	0.2020	-0.2237	0.4746	0.4365	-9.3654	1.5580	2.4565	4.239369594348787	0	2	5	Jump	Normal
-11.4150	2.1075	3.5237	-12.8382	78.4453	160.2463	2.6516	-26.3545	-9.8245	-2.0472	-0.0715	1.6086	0.6339	0.0225	-0.7463	0.2017	1.0109	0.8985	0.2118	-9.3678	2.1790	1.9151	-0.12414639194938104	0	2	5	Upright	Normal
-8.7340	-1.4174	5.9759	-11.9592	75.7136	163.0190	3.8714	-26.8149	-7.5268	0.5631	-3.4494	3.6085	0.6158	0.0088	-0.7672	0.1792	-0.1949	-1.0466	0.0328	-9.2971	2.0321	2.3674	-1.4537356603569425	0	0	5	Upright	Normal
-6.4356	5.4396	2.0686	-10.1752	78.5564	171.2739	5.7725	-28.0660	-6.4434	3.0249	3.7073	0.1535	0.6340	-0.0205	-0.7645	0.1146	2.5321	0.5193	-0.5850	-9.4605	1.7324	1.9151	-2.0005163514729762	0	0	5	Upright	Normal
-6.7421	-0.7278	0.5363	-5.2222	81.3493	-179.6749	8.7806	-27.7883	-2.1484	2.9128	-1.6203	-0.9325	0.6510	-0.0364	-0.7577	0.0275	1.1398	-0.6557	-0.8396	-9.6549	0.8924	1.4688	-1.874267935520277	0	1	6	PT	Normal
-12.1051	-0.3065	1.1109	-5.9494	80.4737	-175.2706	10.5459	-27.0099	-0.1008	-2.4804	-1.2715	-0.5032	-0.6429	0.0662	0.7631	-0.0020	0.4688	0.1763	0.2088	-9.6247	0.9650	1.6141	5.357388374681123	0	1	6	Jump	Normal
-12.5259	0.1155	4.5197	-3.5996	80.2102	-179.9364	11.5502	-26.8990	0.5729	-2.8621	0.0001	2.8555	-0.6439	0.0244	0.7645	-0.0198	-1.5893	-1.9329	-0.0639	-9.6637	0.1154	1.6641	1.1570458247691384	0	1	6	PT	Normal
-7.3544	5.7084	7.5076	-7.4931	77.2822	-179.8317	11.3262	-27.8802	-3.2440	2.1301	4.4296	5.3672	0.6230	-0.0520	-0.7795	0.0397	-0.0213	-1.0690	0.7702	-9.4845	1.2788	2.1404	-1.3570651509995812	0	1	6	PT	Normal
-7.5848	-0.8811	1.9154	-7.9407	73.1669	178.2582	10.1146	-28.7913	-4.5134	1.7117	-2.2357	-0.8972	0.5953	-0.0466	-0.8003	0.0534	-0.7371	0.3765	0.5220	-9.2965	1.3547	2.8126	-4.087436630259579	0	1	6	Jump	Normal
-7.3550	1.7621	2.3367	-8.7910	71.6787	166.3769	9.8029	-28.5562	-7.7187	1.8453	0.2634	-0.7096	0.5870	0.0075	-0.7972	0.1404	-1.7268	-0.5279	0.5817	-9.2003	1.4988	3.0463	0.043507423323610794	0	1	6	Upright	Normal
-11.4922	2.2984	0.6512	-8.2522	73.3039	159.4627	9.4152	-26.6903	-12.2719	-2.1961	0.8909	-2.1370	0.5962	0.0493	-0.7797	0.1849	-0.6860	1.0541	0.3307	-9.2961	1.4075	2.7882	3.8219781711494383	0	0	6	Upright	Normal
-12.3732	4.7501	-0.4597	-11.9565	77.0528	157.8452	10.1293	-26.3404	-13.7726	-3.0231	2.7185	-2.6091	0.6236	0.0391	-0.7511	0.2132	0.1587	-0.3127	0.0474	-9.3501	2.0316	2.1494	1.5237710666293154	0	0	6	Upright	Normal
-9.7683	-1.6855	7.2401	-12.0329	75.1304	160.5210	10.9743	-26.8082	-11.6580	-0.4983	-3.7299	4.7788	0.6116	0.0207	-0.7661	0.1963	-0.1470	-1.0051	-0.0528	-9.2701	2.0443	2.4612	-0.9864676049205876	0	0	6	Upright	Normal
-7.3167	2.9113	1.6855	-9.5539	75.8392	165.2246	11.9040	-26.9703	-11.2695	2.0602	1.2837	-0.6803	0.6158	0.0136	-0.7730	0.1518	2.5364	1.0573	-0.6110	-9.3769	1.6276	2.3658	-4.222171902352761	0	1	7	Jump	Normal
-7.3933	0.8045	0.0383	-6.1580	81.8337	174.9666	15.8833	-26.8230	-6.3780	2.2580	-0.2475	-1.3466	0.6552	-0.0118	-0.7523	0.0683	1.0333	0.2189	-1.0914	-9.6513	1.0520	1.3849	-0.61595116539839	0	1	7	PT	Normal
-10.5728	-0.9577	1.1492	-5.0884	79.9734	179.2057	17.9058	-26.6040	-4.4648	-0.9539	-1.8274	-0.5514	0.6422	-0.0296	-0.7652	0.0338	0.3601	0.0229	0.3919	-9.6189	0.8697	1.7006	3.241065180885868	0	1	7	PT	Normal
-12.1045	-0.1143	-0.7667	-2.5957	85.2554	-178.8614	18.8749	-26.6691	-4.2326	-2.3414	-0.5583	-1.5770	0.6769	-0.0234	-0.7357	0.0080	0.0852	0.6929	-0.1183	-9.7631	0.4440	0.8103	1.451189718807024	0	1	7	PT	Normal
-6.7798	2.8736	5.6689	-2.8941	78.6086	174.8471	19.2809	-26.0943	-7.2403	2.8216	2.3786	3.7345	0.6335	0.0089	-0.7720	0.0508	-0.8959	-0.0133	0.8383	-9.6013	0.4950	1.9344	-2.8363039677217525	0	1	7	PT	Normal
-10.4190	-0.2676	3.4854	-7.7880	73.2777	172.8271	16.8298	-26.6117	-10.0241	-1.1136	-1.5963	0.6897	0.5976	-0.0171	-0.7965	0.0905	-0.0724	-0.6493	0.3099	-9.3054	1.3288	2.7957	1.6967844841762147	0	1	7	PT	Normal
-6.3201	0.7284	1.1869	-8.0241	74.4640	162.1900	15.1938	-26.0294	-11.8272	3.0358	-0.6404	-1.4139	0.6049	0.0384	-0.7781	0.1648	-2.2264	0.3265	0.7935	-9.3559	1.3689	2.6009	-4.5180714404400915	0	1	7	Jump	Normal
-11.3383	2.3373	1.4168	-8.1759	71.3117	151.6677	13.2495	-24.4903	-16.9809	-2.1431	0.9427	-1.6934	0.5779	0.0861	-0.7756	0.2386	-0.9565	-0.2956	-0.2192	-9.1952	1.3946	3.1102	5.191371142449882	0	1	7	Jump	Normal
-12.9856	4.9422	0.7272	-11.0539	75.1010	146.6164	12.9830	-23.3298	-19.6583	-3.6844	3.0620	-1.7473	0.6030	0.1011	-0.7390	0.2829	0.0949	-0.3159	0.1558	-9.3012	1.8802	2.4746	2.250226627083311	0	1	7	PT	Normal
-7.6992	1.6861	4.7878	-12.8855	77.4323	149.8559	12.3725	-25.1719	-18.5752	1.6315	-0.5008	2.7077	0.6229	0.0771	-0.7304	0.2694	1.2230	0.3808	0.0610	-9.3307	2.1870	2.0801	-4.6913912877322	0	1	7	Jump	Normal
-9.6528	-1.5700	5.0560	-10.8308	73.1370	148.9656	11.0720	-26.4406	-16.8078	-0.4350	-3.4128	2.2619	0.5918	0.0856	-0.7554	0.2681	-0.0266	-0.3308	-0.0210	-9.2178	1.8428	2.7940	1.7873840528789096	0	2	8	PT	Normal
-7.3927	3.5632	0.8422	-10.2216	78.1024	160.0563	12.4403	-28.0544	-14.3406	2.0511	1.8230	-1.1474	0.6300	0.0405	-0.7521	0.1892	1.9079	0.6706	-0.9435	-9.4438	1.7401	1.9896	-2.7595853423493217	0	2	8	PT	Normal
-8.1971	-1.8765	0.2676	-6.1505	81.4690	166.8416	16.2778	-29.2324	-8.6772	1.4452	-2.9271	-1.1787	0.6520	0.0343	-0.7477	0.1215	1.0120	-0.3883	-0.3063	-9.6423	1.0506	1.4462	0.1636905766286194	0	2	8	Upright	Normal
-12.1045	0.2304	-0.2687	-6.4697	82.7751	171.6085	15.9638	-30.3428	-6.6010	-2.4376	-0.8745	-1.4941	0.6614	0.0061	-0.7443	0.0920	0.7830	0.2658	-0.3830	-9.6669	1.1049	1.2254	3.696273463671936	0	0	8	Upright	Normal
-13.9432	-0.8422	2.2978	-2.9001	82.6354	172.0478	16.3226	-30.5426	-5.3105	-4.2298	-1.3382	1.0425	0.6598	0.0268	-0.7479	0.0687	-0.7436	-1.0988	-0.2275	-9.7134	0.4960	1.2553	2.046668070097855	0	0	8	Upright	Normal
-5.0566	4.6352	4.8267	-5.2501	78.7915	167.9002	16.1589	-30.0012	-8.1193	4.5228	3.7379	2.9286	0.6342	0.0316	-0.7646	0.1103	-0.0618	0.2061	0.8570	-9.5794	0.8972	1.8982	-5.768772579504727	0	0	8	Upright	Normal
-11.8746	-0.7272	2.4128	-7.7385	74.3121	167.6924	13.6136	-31.0233	-9.3521	-2.5191	-2.0476	-0.2147	0.6049	0.0111	-0.7862	0.1258	0.1502	-0.5779	-0.0709	-9.3555	1.3204	2.6275	3.7514816927825603	0	0	8	Upright	Normal
-6.8570	0.9960	2.6432	-7.8827	72.9967	157.3662	11.8766	-30.2275	-13.0008	2.4325	-0.3488	-0.1974	0.5927	0.0623	-0.7784	0.1975	-1.7183	-0.2285	0.6008	-9.2895	1.3448	2.8406	-4.723056848971809	0	0	8	Upright	Normal
-10.7643	2.2601	1.2258	-7.8291	74.6742	151.1184	9.8550	-27.7016	-16.1620	-1.3945	0.9243	-1.3420	0.5995	0.0983	-0.7578	0.2379	-0.9790	0.5960	0.0256	-9.3699	1.3358	2.5678	3.6511102324798435	0	0	8	Upright	Normal
-11.2234	3.8696	-0.5752	-10.1487	78.5714	147.8239	9.7798	-26.9097	-17.9091	-1.7615	2.1418	-2.4879	0.6250	0.1090	-0.7253	0.2675	-0.1758	0.6844	0.3430	-9.4619	1.7279	1.9127	0.818574819041471	0	0	8	Upright	Normal
-9.8827	3.5249	4.1749	-13.2515	80.7647	149.5696	10.2834	-28.0126	-18.0617	-0.4607	1.2769	2.6430	0.6441	0.0841	-0.7105	0.2707	0.9288	0.3584	0.3920	-9.4219	2.2480	1.5318	-0.5930945081995382	0	1	9	PT	Normal
-10.5722	-1.6083	5.9370	-12.6426	76.8260	153.9827	8.8572	-30.2366	-15.1063	-1.2550	-3.7547	3.7562	0.6211	0.0550	-0.7434	0.2420	0.5826	-0.9902	-0.3100	-9.3172	2.1464	2.1808	0.9387686543390057	0	1	9	PT	Normal
-7.0479	3.6781	2.4511	-10.9731	78.7946	161.1291	9.5130	-31.6067	-12.1903	2.3960	1.8115	0.5803	0.6354	0.0307	-0.7489	0.1860	1.4604	0.4415	-0.4931	-9.4439	1.8666	1.8708	-3.9121460796552885	0	1	9	Jump	Normal
-7.8141	-0.6123	0.6889	-7.3384	81.7855	169.7090	12.2356	-32.3481	-8.3358	1.8126	-1.8648	-0.7008	0.6550	0.0104	-0.7476	0.1094	1.1291	0.0293	-0.3802	-9.6266	1.2525	1.3897	-0.4509387077034539	0	1	9	PT	Normal
-11.0319	0.6135	0.3442	-8.3719	82.6822	173.8645	12.8601	-33.0804	-5.0716	-1.4087	-0.8142	-0.8915	0.6608	-0.0195	-0.7451	0.0882	0.5475	-0.0165	0.0502	-9.6232	1.4277	1.2357	3.186037509045047	0	1	9	PT	Normal
-10.5722	-1.7232	0.4974	-5.2219	82.4105	174.9892	12.8274	-33.0913	-4.0643	-0.8917	-2.6157	-0.7923	0.6589	-0.0055	-0.7495	0.0628	-0.1492	-0.1060	0.0374	-9.6805	0.8924	1.2897	-0.3310493742327889	0	1	9	Upright	Normal
-12.1434	-0.3065	4.4053	-4.8251	79.5015	173.9314	12.8446	-33.6111	-4.2508	-2.5350	-1.1313	2.6249	0.6397	0.0015	-0.7657	0.0675	-0.9407	-1.9915	-0.0969	-9.6084	0.8248	1.7804	2.1981511255738706	0	0	9	Upright	Normal
-8.0439	5.7467	3.6769	-9.0390	76.4667	172.4538	11.6412	-34.0273	-6.2842	1.3722	4.2060	1.4106	0.6197	-0.0212	-0.7781	0.1002	0.4037	-0.9881	0.4133	-9.4161	1.5407	2.2663	-2.3739687181319784	0	0	9	Upright	Normal
-8.1205	-1.5700	3.6003	-8.6141	68.4987	173.5283	10.1429	-34.4267	-6.6736	0.9008	-3.0387	0.0465	0.5638	-0.0303	-0.8206	0.0887	-0.3740	-0.7217	0.2003	-9.0214	1.4687	3.5537	-1.5269305302087073	0	0	9	Upright	Normal
-8.4270	2.9119	4.7878	-10.7164	64.2012	169.7241	8.7570	-34.5138	-7.6012	0.2482	1.0885	0.5944	0.5340	-0.0314	-0.8356	0.1250	-0.3921	-1.4610	0.1481	-8.6752	1.8235	4.1934	1.0995961261248866	0	0	9	Upright	Normal
-7.6608	1.7244	4.1749	-10.2972	56.8590	166.1235	5.6813	-34.6280	-10.4171	0.4184	-0.0284	-1.1000	0.4802	-0.0211	-0.8643	0.1482	-0.8033	-1.0967	0.3952	-8.0792	1.7529	5.2749	-1.2267812195705634	0	1	10	PT	Normal
-6.3973	2.7198	6.5122	-9.4776	46.8113	162.6135	2.0997	-33.5771	-13.3771	0.6553	1.1051	-0.1077	0.4028	-0.0151	-0.8991	0.1707	-0.6584	-1.7444	0.2930	-7.0526	1.6147	6.6200	0.6319851133161318	0	1	10	PT	Normal
-5.4773	0.0389	7.7375	-6.6606	28.2574	162.4348	-2.5374	-33.0754	-14.3258	-0.8658	-1.0985	-0.8422	0.2494	-0.0185	-0.9546	0.1618	-0.6936	-1.8104	-0.2400	-4.6115	1.1374	8.5796	-0.04526430277491933	0	1	10	Upright	Normal
-3.6775	-0.2682	9.1937	-4.6800	16.4509	163.0328	-5.9119	-31.8802	-15.3844	-0.9095	-1.0683	-0.1800	0.1473	-0.0189	-0.9772	0.1517	-0.1791	-2.7404	-0.3284	-2.7680	0.8001	9.3737	0.42551245716352426	0	0	10	Upright	Normal
-1.6849	-0.1909	8.8867	-2.2767	2.4169	162.7031	-10.9836	-31.3834	-14.9376	-1.2716	-0.5804	-0.9035	0.0238	-0.0165	-0.9882	0.1507	-0.1620	-1.9202	-0.2613	-0.4133	0.3895	9.7902	-0.8585261673717284	0	0	10	Upright	Normal
0.1532	-0.5363	8.6574	0.5028	-10.4215	163.5117	-13.6776	-31.6462	-14.0899	-1.6206	-0.4501	-0.9870	-0.0905	-0.0087	-0.9855	0.1432	-0.6094	-2.2483	-0.1462	1.7738	-0.0862	9.6444	-0.37168245093451624	0	0	10	Upright	Normal
1.7238	-0.7661	9.6151	4.4456	-17.9644	165.0619	-16.2074	-30.6682	-14.2460	-1.2917	-0.0060	0.3147	-0.1597	0.0177	-0.9778	0.1343	-0.8065	0.2157	0.0743	3.0155	-0.7602	9.3004	1.1230467333640917	0	0	10	Upright	Normal
1.2647	-1.3785	9.3847	7.4730	-10.0614	164.7086	-15.0547	-29.4850	-14.6474	-0.4339	-0.1030	-0.1891	-0.0954	0.0527	-0.9844	0.1379	-0.4603	1.0541	0.1661	1.6987	-1.2755	9.5738	-0.22905217910386177	0	0	10	Upright	Normal
0.4986	-1.7232	9.4613	9.3661	-2.8409	163.8235	-12.9171	-28.6952	-16.6548	0.0192	-0.1272	-0.2026	-0.0359	0.0773	-0.9862	0.1422	-0.2824	1.2032	0.1575	0.4794	-1.5960	9.6639	0.06051796067666615	0	0	10	Tilt	Normal
-0.7272	-2.2595	9.8061	11.6639	3.9529	161.5797	-10.5156	-27.5908	-17.8994	-0.0651	-0.2768	0.2248	0.0176	0.1057	-0.9820	0.1557	-0.4443	1.2703	0.2758	-0.6621	-1.9827	9.5813	0.4594285024545197	0	0	11	Tilt	Normal
-1.9148	-2.7958	10.2657	12.5128	9.5927	159.9852	-8.7466	-26.4645	-18.7557	-0.3193	-0.6711	0.8260	0.0630	0.1214	-0.9771	0.1632	-0.1545	0.9912	0.2300	-1.5954	-2.1247	9.4397	0.7212409246159357	0	0	11	Tilt	Normal
-2.7192	-2.4128	10.1125	12.9784	15.7539	158.5813	-6.1351	-25.8071	-18.8097	-0.1246	-0.2102	0.9153	0.1130	0.1353	-0.9700	0.1677	-0.0395	0.7739	0.1927	-2.5946	-2.2025	9.1972	-0.06444647669677828	0	0	11	Tilt	Normal
-3.4087	-2.7958	10.3807	13.7855	20.6380	157.1413	-4.7746	-25.1160	-18.5488	-0.0518	-0.4589	1.4678	0.1509	0.1510	-0.9616	0.1725	-0.1375	0.4160	0.2178	-3.3570	-2.3369	8.9129	0.5319777704261082	0	0	11	Tilt	Normal
-4.0217	-2.6809	8.7334	14.0430	23.5505	156.7142	-3.5945	-25.1416	-19.2834	-0.2204	-0.3012	0.0124	0.1742	0.1581	-0.9567	0.1716	-0.0129	0.3094	0.0900	-3.8012	-2.3797	8.7210	-1.2963993155418567	0	0	11	Tilt	Normal
-4.5203	-2.4900	7.6998	14.0492	25.0341	156.8769	-2.7881	-24.6606	-19.4016	-0.4946	-0.1092	-0.9198	0.1868	0.1601	-0.9546	0.1682	-0.0204	0.1060	-0.0048	-4.0257	-2.3807	8.6196	-0.7123507583218025	0	0	11	Tilt	Normal
-4.9033	-2.4134	8.1977	13.9346	26.1245	156.9194	-2.6946	-24.8597	-19.6109	-0.7123	-0.0516	-0.3479	0.1962	0.1607	-0.9529	0.1666	0.1192	0.0879	0.0357	-4.1911	-2.3617	8.5457	0.583055243950275	0	0	11	Tilt	Normal
-4.7112	-2.4511	8.9250	13.5415	27.6805	156.9655	-2.1239	-25.5633	-19.3311	-0.2822	-0.1547	0.4821	0.2099	0.1596	-0.9504	0.1649	-0.0108	0.2487	0.0165	-4.4290	-2.2963	8.4429	0.533148766106212	0	0	11	Tilt	Normal
-4.5580	-2.6426	8.3887	13.7986	28.7027	156.8750	-1.5160	-25.1927	-19.3317	0.0160	-0.3036	0.0353	0.2178	0.1633	-0.9482	0.1636	-0.0842	0.1081	0.0084	-4.5740	-2.3390	8.3534	-0.47950803635917083	0	0	11	Tilt	Normal
-4.8650	-2.6049	7.8147	14.3813	29.5044	156.5329	-0.8775	-24.5187	-18.9238	-0.1866	-0.1691	-0.4527	0.2227	0.1699	-0.9459	0.1639	-0.0555	0.0570	0.0159	-4.6784	-2.4358	8.2673	-0.3392280543353756	0	0	11	Tilt	Normal
-4.9416	-2.6432	8.1594	14.6111	29.9618	156.1423	-0.6275	-24.3346	-19.9758	-0.2023	-0.1694	-0.0618	0.2255	0.1732	-0.9443	0.1659	-0.0469	0.0591	0.0596	-4.7393	-2.4738	8.2212	0.33179256622891984	1	0	12	Tilt	Normal
-4.9799	-2.6432	8.0828	14.6551	30.4244	155.7948	-1.4806	-24.4325	-19.0248	-0.1754	-0.1621	-0.0983	0.2287	0.1749	-0.9428	0.1679	-0.0107	0.0186	0.0383	-4.8046	-2.4811	8.1811	-0.04374740985042003	1	0	12	Tilt	Normal
-4.9033	-2.6815	8.1211	14.6781	30.4903	155.7502	-1.7422	-24.4925	-19.2439	-0.0898	-0.1965	-0.0536	0.2291	0.1753	-0.9426	0.1682	-0.0011	0.0058	-0.0086	-4.8135	-2.4850	8.1747	0.003424127985073966	1	0	12	Tilt	Normal
-4.9410	-2.6043	8.0056	14.9247	30.5681	155.8415	-0.7610	-24.0648	-19.5800	-0.1220	-0.0786	-0.1532	0.2294	0.1772	-0.9424	0.1667	-0.0022	-0.0038	-0.0401	-4.8191	-2.5257	8.1588	-0.09681977534831532	1	0	12	Tilt	Normal
-4.9027	-2.7575	8.1205	15.1288	30.6072	156.0040	-0.7467	-23.7163	-19.6786	-0.0826	-0.1980	-0.0272	0.2295	0.1786	-0.9425	0.1648	-0.0064	0.0293	-0.0305	-4.8201	-2.5596	8.1478	0.11697129321861688	1	0	12	Tilt	Normal
-4.9027	-2.8341	8.0056	15.3990	30.7899	156.1394	-0.6340	-23.9514	-19.7889	-0.0630	-0.2300	-0.1163	0.2307	0.1808	-0.9421	0.1627	-0.0085	0.0026	-0.0326	-4.8397	-2.6041	8.1219	-0.07237019318083071	1	0	12	Tilt	Normal
-4.9410	-2.7575	7.9673	15.5719	30.9632	156.1419	-0.6704	-23.9417	-19.9885	-0.0808	-0.1249	-0.1332	0.2318	0.1824	-0.9417	0.1620	0.0064	0.0112	0.0026	-4.8602	-2.6326	8.1005	-0.033867558354907956	1	0	12	Tilt	Normal
-4.8267	-2.7581	8.0828	15.6342	31.0148	156.0688	-0.4823	-24.2905	-19.7056	0.0394	-0.1152	-0.0108	0.2320	0.1831	-0.9414	0.1623	-0.0054	-0.0016	0.0164	-4.8661	-2.6429	8.0936	0.03782272078593962	1	0	12	Tilt	Normal
-4.8644	-2.8341	8.0439	15.6488	31.1535	155.9059	-0.3468	-23.8446	-19.7312	0.0209	-0.1888	-0.0373	0.2328	0.1838	-0.9409	0.1634	-0.0022	0.0261	0.0394	-4.8854	-2.6453	8.0812	0.00830556733610166	1	0	12	Tilt	Normal
-4.9027	-2.7575	8.0439	15.7049	31.2709	155.6389	-0.3507	-23.8475	-19.7708	-0.0022	-0.1030	-0.0250	0.2332	0.1849	-0.9403	0.1653	-0.0022	0.0165	0.0533	-4.9005	-2.6546	8.0689	-0.00276241136941735	1	0	12	Tilt	Normal
-4.9410	-2.6426	7.9673	15.5616	31.5289	155.3733	-0.3320	-23.2362	-19.7876	-0.0007	-0.0117	-0.0851	0.2352	0.1847	-0.9394	0.1674	0.0063	0.0357	0.0586	-4.9403	-2.6309	8.0524	-0.07516446654997111	2	0	13	Tilt	Fall
-5.0182	-2.7198	8.0062	15.4538	31.7594	155.2269	0.0035	-23.7486	-19.2499	-0.0429	-0.1067	-0.0305	0.2371	0.1845	-0.9388	0.1685	0.0095	0.0271	0.0352	-4.9753	-2.6131	8.0367	0.09217814181660522	2	0	13	Tilt	Normal
-5.0560	-2.8341	8.0439	15.4454	31.9733	154.9760	0.0497	-24.3360	-19.6286	-0.0506	-0.2224	0.0254	0.2384	0.1852	-0.9380	0.1702	-0.0043	-0.0027	0.0384	-5.0054	-2.6118	8.0185	0.08207271191404786	2	0	13	Tilt	Normal
-4.9410	-2.7575	8.0056	15.5234	32.0883	154.6959	-0.0654	-24.1199	-19.7361	0.0786	-0.1329	0.0003	0.2388	0.1866	-0.9373	0.1721	-0.0267	0.0080	0.0415	-5.0196	-2.6246	8.0053	-0.11120093986802715	2	0	13	Tilt	Normal
-5.0560	-2.7575	7.8524	15.6204	32.2607	154.4007	-0.2205	-23.4020	-19.5598	-0.0147	-0.1169	-0.1341	0.2395	0.1883	-0.9364	0.1740	-0.0213	0.0165	0.0401	-5.0413	-2.6407	7.9865	-0.06549145140478352	2	0	13	Tilt	Normal
-5.0182	-2.7964	7.9679	15.7155	32.4103	154.1203	0.3025	-23.8210	-19.5271	0.0414	-0.1401	-0.0016	0.2400	0.1899	-0.9356	0.1758	-0.0192	0.0218	0.0422	-5.0597	-2.6564	7.9695	0.08499042976893634	2	0	13	Tilt	Normal
-5.0566	-2.8347	7.8913	15.7518	32.6384	153.8518	0.2565	-24.2400	-19.3223	0.0340	-0.1724	-0.0566	0.2414	0.1911	-0.9347	0.1775	-0.0181	0.0165	0.0454	-5.0905	-2.6624	7.9479	-0.03121463624534293	2	0	13	Tilt	Normal
-5.0566	-2.8347	7.8530	15.7155	32.8431	153.6279	0.4387	-24.0416	-19.0446	0.0633	-0.1784	-0.0781	0.2427	0.1916	-0.9340	0.1791	0.0085	0.0176	0.0401	-5.1199	-2.6564	7.9311	-0.030840331462904658	2	0	13	Tilt	Normal
-5.0566	-2.7581	8.0445	15.6609	32.9279	153.4780	-0.1834	-24.4165	-19.2330	0.0763	-0.1109	0.1190	0.2433	0.1916	-0.9336	0.1803	-0.0000	0.0197	0.0380	-5.1329	-2.6472	7.9256	0.13309542712046962	2	0	13	Tilt	Normal
-5.1709	-2.7958	8.0056	15.6737	33.2899	153.1800	-0.2451	-24.2258	-19.8066	0.0117	-0.1463	0.1131	0.2457	0.1929	-0.9323	0.1821	-0.0160	0.0612	0.0483	-5.1825	-2.6495	7.8925	0.03803238353280136	2	0	13	Tilt	Normal
-5.1709	-2.7575	7.8524	15.6262	33.6214	152.8312	0.0451	-24.0602	-19.7957	0.0585	-0.1160	-0.0118	0.2479	0.1938	-0.9311	0.1845	0.0053	0.0239	0.0558	-5.2294	-2.6416	7.8642	-0.13391444446789258	3	0	14	Tilt	Normal
-5.2858	-2.7192	7.8524	15.4451	33.8845	152.5739	-0.4087	-23.5565	-19.8250	-0.0157	-0.1074	0.0054	0.2501	0.1933	-0.9302	0.1867	0.0170	0.0229	0.0483	-5.2701	-2.6118	7.8470	0.050477801885403295	3	0	14	Tilt	Normal
-5.2481	-2.6815	7.7764	15.1988	34.0533	152.3920	0.0941	-24.1302	-19.9311	0.0513	-0.1104	-0.0643	0.2517	0.1921	-0.9296	0.1885	0.0245	0.0112	0.0441	-5.2994	-2.5711	7.8407	-0.09122371315038258	3	0	14	Tilt	Normal
-5.3624	-2.6809	7.8141	15.0472	34.2263	152.1279	0.1310	-24.0447	-19.5271	-0.0356	-0.1348	-0.0162	0.2530	0.1917	-0.9289	0.1908	0.0181	0.0218	0.0591	-5.3268	-2.5461	7.8302	0.09167060407344962	3	0	14	Tilt	Normal
-5.2858	-2.6426	7.8141	14.9331	34.2854	151.8830	-0.0242	-24.1990	-19.3663	0.0519	-0.1155	-0.0148	0.2533	0.1914	-0.9284	0.1930	-0.0011	0.0080	0.0527	-5.3377	-2.5271	7.8289	-0.05189545967798992	3	0	14	Tilt	Normal
-5.3624	-2.6043	7.9290	14.8453	34.3472	151.5834	-0.3334	-24.0770	-19.8945	-0.0141	-0.0917	0.1027	0.2535	0.1915	-0.9278	0.1956	-0.0021	0.0122	0.0644	-5.3483	-2.5126	7.8263	0.12291757731848563	3	0	14	Tilt	Normal
-5.4013	-2.6432	7.9296	14.7081	34.4300	151.2952	0.2010	-23.9404	-19.2973	-0.0383	-0.1532	0.1061	0.2541	0.1912	-0.9272	0.1981	0.0117	0.0069	0.0612	-5.3630	-2.4900	7.8235	0.03182123436798889	3	0	14	Tilt	Normal
-5.3247	-2.6432	7.8530	14.6771	34.4531	151.0368	-0.2041	-24.3238	-20.1976	0.0423	-0.1585	0.0305	0.2539	0.1916	-0.9267	0.2003	-0.0149	0.0048	0.0442	-5.3671	-2.4847	7.8225	-0.10254733596338994	3	0	14	Tilt	Normal
-5.3630	-2.6049	7.7764	14.6516	34.4686	150.7672	-0.1441	-23.8407	-19.8103	0.0067	-0.1243	-0.0456	0.2536	0.1920	-0.9262	0.2025	-0.0032	-0.0144	0.0514	-5.3697	-2.4805	7.8220	-0.05032896700428502	3	0	14	Tilt	Normal
-5.4396	-2.6049	7.8530	14.6135	34.5007	150.5205	0.3770	-24.1633	-19.7713	-0.0646	-0.1306	0.0326	0.2536	0.1923	-0.9257	0.2045	-0.0032	-0.0059	0.0440	-5.3750	-2.4743	7.8204	0.10277266235263127	4	0	15	Tilt	Normal
-5.3241	-2.6426	7.8141	14.6114	34.4613	150.3037	-0.4694	-24.0019	-19.2473	0.0456	-0.1686	-0.0100	0.2529	0.1927	-0.9254	0.2064	-0.0064	-0.0187	0.0397	-5.3697	-2.4740	7.8241	-0.08391830738241879	4	0	15	Tilt	Normal
-5.4013	-2.5666	7.8147	14.6975	34.4118	149.9752	-0.9314	-23.8932	-19.7351	-0.0406	-0.0784	-0.0109	0.2517	0.1940	-0.9249	0.2089	-0.0277	-0.0069	0.0557	-5.3608	-2.4882	7.8256	0.022458113745479125	4	0	15	Tilt	Normal
-5.3630	-2.6049	7.8530	14.6927	34.4600	149.6088	-0.5502	-24.5795	-19.9936	0.0045	-0.1175	0.0317	0.2515	0.1949	-0.9241	0.2117	-0.0181	-0.0059	0.0653	-5.3675	-2.4874	7.8213	0.019587062820866308	4	0	15	Tilt	Normal
-5.3630	-2.5283	7.9296	14.6900	34.4172	149.2828	-0.9268	-23.8683	-20.2921	-0.0012	-0.0413	0.1041	0.2506	0.1955	-0.9236	0.2145	-0.0191	-0.0155	0.0460	-5.3618	-2.4870	7.8254	0.041280215652546914	4	0	15	Tilt	Normal
-5.3630	-2.5283	7.9296	14.6569	34.3071	149.0788	-0.9486	-23.1638	-20.0160	-0.0156	-0.0468	0.0928	0.2494	0.1955	-0.9234	0.2164	0.0011	-0.0251	0.0300	-5.3474	-2.4814	7.8368	0.0	4	0	15	Tilt	Normal
-5.2858	-2.6426	7.8907	14.6893	34.1644	148.9938	-1.0403	-23.9727	-19.8156	0.0414	-0.1558	0.0417	0.2481	0.1956	-0.9236	0.2172	0.0011	-0.0144	0.0193	-5.3272	-2.4868	7.8489	-0.04283828336446227	4	0	15	Tilt	Normal
-5.2864	-2.7198	7.8913	14.7285	34.0107	148.8982	-0.4775	-24.2448	-19.5792	0.0187	-0.2266	0.0295	0.2466	0.1958	-0.9237	0.2181	0.0107	-0.0176	0.0257	-5.3051	-2.4933	7.8618	0.021774495444811137	4	0	15	Tilt	Normal
-5.2098	-2.6432	7.9296	14.7358	33.9529	148.8757	-1.4391	-23.9688	-20.0057	0.0872	-0.1487	0.0627	0.2460	0.1958	-0.9238	0.2184	-0.0042	-0.0037	0.0129	-5.2970	-2.4945	7.8669	-0.030861839661358914	4	0	15	Tilt	Normal
-5.3247	-2.7198	7.8530	14.7838	33.9943	148.8342	-0.9979	-23.3566	-20.2570	-0.0232	-0.2174	-0.0084	0.2462	0.1964	-0.9236	0.2185	0.0022	0.0069	0.0215	-5.3015	-2.5024	7.8614	0.020907421584769992	5	0	16	Tilt	Normal
Total time: 16 seconds.
