-7.3161	0.7284	6.8181	-3.2545	46.0525	-20.7521	25.3033	26.3565	-9.8308	-0.2668	0.1718	0.0233	-0.0447	0.3893	0.1766	0.9029	0.0186	-0.0537	-0.0139	-7.0493	0.5567	6.7947	0.7122535654050974	4	0	1	Upright	Normal
-7.2018	0.8045	6.8953	-3.4046	45.7772	-20.8094	25.3164	26.9134	-10.2811	-0.1863	0.2222	0.0678	-0.0433	0.3873	0.1777	0.9036	-0.0123	-0.0729	0.0181	-7.0155	0.5822	6.8275	-0.024167370099943852	0	0	1	Upright	Normal
-6.9719	0.8811	6.9336	-3.5194	45.3389	-21.2751	25.3102	26.7679	-10.2620	-0.0097	0.2792	0.0534	-0.0433	0.3838	0.1819	0.9043	-0.0858	-0.0793	0.0778	-6.9622	0.6018	6.8802	-0.13080576024197121	0	0	1	Upright	Normal
-6.8953	1.3408	7.0102	-3.9917	44.3790	-21.3587	25.1961	25.8227	-10.1323	-0.0531	0.6581	0.0183	-0.0383	0.3769	0.1844	0.9069	0.0357	-0.2412	-0.0181	-6.8422	0.6826	6.9920	0.051892775668557434	0	0	1	Upright	Normal
-7.2018	0.9960	7.3167	-4.3019	42.8008	-20.8752	25.0658	26.2695	-10.9396	-0.5573	0.2605	0.1417	-0.0317	0.3649	0.1820	0.9125	0.0804	-0.3445	-0.0581	-6.6445	0.7355	7.1750	0.3906498060371195	0	0	1	Upright	Normal
-6.8181	1.0349	6.8181	-4.6289	41.2711	-20.7934	24.7593	26.5118	-11.5366	-0.3704	0.2436	-0.5284	-0.0264	0.3532	0.1827	0.9171	-0.0176	-0.3221	0.0505	-6.4477	0.7913	7.3465	-0.6170233320219509	0	0	1	Upright	Normal
-6.8564	0.9966	6.6649	-4.7892	39.9202	-20.9429	24.2410	26.0339	-12.6741	-0.5851	0.1779	-0.8299	-0.0234	0.3425	0.1847	0.9209	-0.0964	-0.3477	0.0633	-6.2713	0.8187	7.4947	-0.08387125609922563	0	0	1	Upright	Normal
-7.5076	1.4180	7.1629	-4.6564	38.9864	-22.1223	23.9507	26.3101	-12.4390	-1.3581	0.6219	-0.4345	-0.0264	0.3346	0.1940	0.9218	-0.2509	-0.2508	0.2220	-6.1495	0.7961	7.5974	0.8591564724836971	0	0	1	Upright	Normal
-8.2738	0.8051	6.8564	-4.4138	38.7687	-24.8036	23.8176	26.0226	-11.9778	-2.1512	0.0504	-0.7669	-0.0358	0.3317	0.2149	0.9179	-0.5246	-0.0984	0.3818	-6.1226	0.7546	7.6233	0.3027152047687096	0	0	1	Upright	Normal
-9.6911	4.1761	8.9633	-5.2357	40.9926	-26.4194	25.9103	25.7737	-11.6335	-3.2850	3.2813	1.5923	-0.0383	0.3503	0.2294	0.9073	0.0986	0.1050	-0.1086	-6.4061	0.8948	7.3710	3.0698751138654785	0	0	1	Upright	Normal
-5.8604	-2.1829	8.0822	-2.4569	46.3441	-22.2873	25.3053	26.5683	-10.3150	1.2282	-2.6032	1.3188	-0.0567	0.3898	0.1859	0.9001	0.1188	1.0233	-0.8820	-7.0886	0.4203	6.7635	-3.6263403340924416	0	1	2	Jump	Normal
-6.8564	-1.0337	7.6992	2.1158	50.0819	-22.4694	25.3236	26.7690	-8.4268	0.6599	-0.6716	1.4106	-0.0989	0.4118	0.1688	0.8900	-0.5672	0.9349	-0.6529	-7.5163	-0.3621	6.2885	0.1421318882050837	0	1	2	Upright	Normal
-4.8267	0.7278	4.8650	8.1019	52.5032	-15.8819	23.4129	28.3153	-5.9091	2.8762	2.1100	-1.0448	-0.1237	0.4282	0.0926	0.8904	0.5716	0.3671	-1.8098	-7.7029	-1.3822	5.9098	-3.4696372356190466	0	0	2	Upright	Normal
-5.9759	-2.5666	4.0989	10.2939	51.8119	-8.6951	18.9510	30.9212	-7.3346	1.6080	-0.8140	-1.8663	-0.1135	0.4278	0.0288	0.8963	0.6611	0.1167	-0.2982	-7.5839	-1.7526	5.9652	0.7959813094985613	0	0	2	Upright	Normal
-12.5648	-1.7621	6.7421	9.3913	52.6765	-6.5552	17.8429	30.8658	-9.1099	-4.8707	-0.1618	0.8760	-0.0985	0.4373	0.0148	0.8938	0.4384	0.0400	-1.0000	-7.6941	-1.6004	5.8661	6.680210564595612	0	0	2	Upright	Normal
-7.4310	-1.4934	8.6185	8.9089	54.0882	-6.4911	17.1441	30.3228	-8.9732	0.4158	0.0254	2.9360	-0.0947	0.4487	0.0150	0.8885	-0.7291	0.4299	1.5768	-7.8468	-1.5188	5.6825	-2.890544220994121	0	0	2	Upright	Normal
-6.7032	1.5712	10.2274	1.2052	57.3128	-15.5406	21.4659	28.5122	-6.5561	1.5486	1.7775	4.9325	-0.0740	0.4739	0.1136	0.8701	0.3958	0.3745	1.3883	-8.2518	-0.2064	5.2949	0.8515736181062028	0	0	2	Upright	Normal
-3.8307	-0.1532	5.8227	-0.8342	51.5195	-17.3154	24.0209	26.1830	-6.1410	3.8454	-0.2960	-0.2788	-0.0589	0.4306	0.1387	0.8899	-0.4127	-1.0178	0.5393	-7.6761	0.1428	6.1015	-5.3573968522741815	0	0	2	Upright	Normal
-7.4699	-0.8045	4.5203	-1.4103	45.5633	-22.1458	24.4001	25.4151	-7.6729	-0.4697	-1.0458	-2.3435	-0.0632	0.3822	0.1817	0.9038	-0.7962	-0.6534	0.8525	-7.0002	0.2414	6.8637	1.7966267710323027	0	0	2	Upright	Normal
-9.3853	1.6472	6.7038	-1.6126	49.7658	-28.4518	25.1092	24.2960	-5.2654	-1.9016	1.3713	0.3721	-0.0910	0.4110	0.2287	0.8778	-0.0420	0.1689	0.1393	-7.4837	0.2759	6.3316	2.882558349785528	0	0	2	Upright	Normal
-10.0359	1.5712	7.4310	-5.7564	53.7211	-28.2423	26.1405	23.5232	-3.6794	-2.1700	0.5876	1.6575	-0.0667	0.4485	0.2394	0.8585	1.2789	0.2275	-0.6746	-7.8659	0.9836	5.7735	0.935345492498362	0	1	3	PT	Normal
-7.6225	-2.6043	10.4190	-4.0469	56.0421	-20.0125	25.2517	24.6058	-5.3045	0.4914	-3.2964	4.9548	-0.0509	0.4678	0.1696	0.8659	-0.2679	-0.0377	-0.2815	-8.1139	0.6921	5.4642	0.5836656680674164	0	1	3	PT	Normal
-3.7535	0.3454	2.0680	0.1571	55.8495	-21.6954	24.4367	25.0972	-5.1856	4.3622	0.3723	-3.4370	-0.0893	0.4597	0.1657	0.8679	0.2083	0.9466	-1.0996	-8.1157	-0.0269	5.5050	-8.87029650387245	0	1	3	Jump	Normal
-5.5539	-0.0377	6.4350	4.3571	54.3041	-7.1994	19.9753	27.4210	-6.6323	2.3873	0.7075	0.7296	-0.0624	0.4530	0.0385	0.8885	1.4824	-0.9602	-1.4448	-7.9413	-0.7452	5.7054	4.200997057344728	0	1	3	Jump	Normal
-10.1125	-1.7615	3.9834	6.9639	56.0157	-3.7231	16.7117	28.4444	-9.8091	-2.0409	-0.5725	-1.4578	-0.0688	0.4667	0.0001	0.8817	0.0496	0.8251	-1.1844	-8.0716	-1.1890	5.4411	2.5102073731045795	0	1	3	PT	Normal
-6.3584	-0.9954	8.0822	4.4312	57.7267	-6.8720	17.9167	27.7176	-9.4798	1.9085	-0.2376	2.8617	-0.0627	0.4795	0.0338	0.8746	-0.9656	0.5333	1.3201	-8.2669	-0.7578	5.2206	-0.6789833208512164	0	1	3	PT	Normal
-9.1931	2.2224	11.0702	-1.8964	58.8887	-12.7589	22.6685	26.0659	-7.5745	-0.8015	1.8980	6.0060	-0.0403	0.4901	0.1048	0.8644	0.0166	0.2808	0.9302	-8.3917	0.3244	5.0642	4.228667117438198	0	1	3	Jump	Normal
-4.3664	-0.5740	4.0983	-2.3471	50.9150	-17.0845	24.3527	25.5973	-8.2604	3.2394	-0.9755	-2.0792	-0.0455	0.4277	0.1428	0.8914	-0.8931	-0.9720	0.9707	-7.6058	0.4015	6.1775	-8.54437604738104	0	1	3	Jump	Normal
-9.8444	2.6055	4.0217	-2.3850	52.7206	-26.6046	26.8035	24.2122	-7.5158	-2.0479	2.1974	-1.9130	-0.0840	0.4363	0.2151	0.8697	-1.2671	1.0680	0.7193	-7.7964	0.4081	5.9346	4.932846133451205	0	1	3	Jump	Normal
-12.4109	5.9382	5.5539	-4.8736	53.9834	-30.7712	28.9360	23.4564	-5.8688	-4.5075	5.1052	-0.1917	-0.0838	0.4473	0.2548	0.8532	-0.5694	0.4853	0.6299	-7.9034	0.8330	5.7456	3.888323292919516	0	2	4	Jump	Normal
-7.3161	-0.5357	6.2818	-6.2137	57.3683	-26.4099	29.4184	22.7805	-4.8156	0.8942	-1.5971	1.0249	-0.0632	0.4775	0.2254	0.8469	1.2959	0.7176	-0.9424	-8.2103	1.0614	5.2569	-5.179253318662667	0	2	4	Jump	Normal
-9.0782	-1.7615	9.8827	-3.3378	58.1406	-21.6736	27.6401	23.8115	-5.6086	-0.7630	-2.3324	4.7152	-0.0663	0.4818	0.1782	0.8554	-0.2210	-0.2476	-0.3608	-8.3152	0.5709	5.1674	3.876751245002051	0	2	4	Jump	Normal
-4.1749	0.8434	3.1023	1.6945	58.5806	-17.0495	25.5296	25.5719	-6.0806	4.1903	1.1335	-2.0075	-0.0853	0.4819	0.1221	0.8635	1.1872	0.6238	-2.0759	-8.3652	-0.2901	5.1098	-8.265275396898538	0	2	4	Jump	Normal
-6.7032	-1.2252	4.1749	5.4095	54.4895	-4.9746	21.2149	27.5940	-9.3310	1.2441	-0.3006	-1.4958	-0.0618	0.4550	0.0170	0.8882	1.1052	-0.5757	-0.9733	-7.9473	-0.9246	5.6707	2.7221962216538618	0	2	4	PT	Normal
-14.2120	-2.2601	4.4819	6.8052	57.3321	-3.4777	18.9737	27.2327	-11.0532	-6.0147	-1.0980	-0.7739	-0.0666	0.4771	-0.0019	0.8763	-0.0718	0.3884	-0.7554	-8.1973	-1.1621	5.2559	7.080890211624602	0	2	4	Jump	Normal
-9.8450	-2.2218	9.0022	6.3650	57.0653	-6.6156	19.2842	26.5749	-10.6472	-1.6650	-1.1346	3.7034	-0.0762	0.4733	0.0241	0.8773	-1.3544	0.0060	1.2676	-8.1799	-1.0873	5.2988	-1.5483189385128586	0	2	4	PT	Normal
-6.5122	0.8428	8.5042	1.1935	60.7972	-17.6171	23.8346	24.6544	-6.6463	2.0461	1.0472	3.7206	-0.0864	0.4986	0.1269	0.8531	-0.3616	0.6291	1.6298	-8.5584	-0.2044	4.7836	-2.779730879858505	0	2	4	PT	Normal
-3.9840	0.4214	6.0525	-0.3035	54.4844	-19.1681	25.9016	22.5543	-6.3874	3.9982	0.3695	0.3558	-0.0739	0.4518	0.1492	0.8765	-0.3968	-1.1861	0.4260	-7.9821	0.0519	5.6967	-3.4860458374558307	0	2	4	PT	Normal
-10.5722	-0.5740	2.2595	-1.3042	49.0497	-26.2543	25.3316	20.7577	-7.4106	-3.1672	-0.7971	-4.1661	-0.0842	0.4066	0.2112	0.8849	-1.2447	0.5961	0.8255	-7.4050	0.2231	6.4256	3.5679052533836133	0	2	4	Jump	Normal
-11.9896	6.7810	6.5499	-3.7245	53.9037	-32.3802	26.2649	18.6061	-4.8866	-4.0821	6.1440	0.7847	-0.0985	0.4431	0.2626	0.8515	-0.0483	0.2563	0.2171	-7.9074	0.6370	5.7652	4.426150732839819	0	3	5	Run	Normal
-9.7683	0.8428	7.0102	-5.3008	55.7822	-27.7529	26.7295	18.5289	-4.8322	-1.6937	-0.0631	1.5193	-0.0724	0.4635	0.2327	0.8519	1.3887	0.5237	-0.9578	-8.0746	0.9059	5.4910	-3.1994122357083317	0	3	5	Walk	Normal
-8.0828	-1.8387	9.5385	-3.2780	57.4065	-21.3892	25.9887	18.7417	-5.0134	0.1659	-2.3994	4.2647	-0.0644	0.4764	0.1762	0.8590	-0.0622	-0.1027	-0.2718	-8.2488	0.5607	5.2738	0.5841456636457423	0	3	5	Walk	Normal
-4.3670	-0.4214	2.9113	0.5869	56.8633	-22.9971	25.1582	20.0394	-3.7101	3.8445	-0.3208	-2.4490	-0.0993	0.4657	0.1729	0.8622	0.6356	0.8124	-1.1294	-8.2115	-0.1006	5.3603	-7.371714227490538	0	3	5	Run	Normal
-7.6608	-0.5357	4.8644	3.6719	56.3890	-9.6027	22.8433	21.5162	-4.9561	0.4896	0.0925	-0.5528	-0.0677	0.4682	0.0586	0.8791	1.5783	-0.1634	-1.2593	-8.1505	-0.6282	5.4172	3.825149152817189	0	3	5	Run	Normal
-14.7483	-2.0303	3.1029	6.0587	59.6495	-6.5545	20.2500	21.7046	-7.2908	-6.3328	-0.9951	-1.8245	-0.0742	0.4932	0.0233	0.8664	0.2190	0.8986	-0.8488	-8.4155	-1.0352	4.9274	6.116814096180528	0	3	5	Run	Normal
-9.0788	-1.3024	8.1211	2.3253	60.3427	-13.2370	21.0993	21.7584	-6.0499	-0.5637	-0.9044	3.2727	-0.0753	0.4971	0.0895	0.8598	-1.4758	0.4725	1.7526	-8.5151	-0.3980	4.8484	-2.9568816767331576	0	3	5	Walk	Normal
-7.0102	1.2641	8.3510	-1.9063	62.4622	-22.7813	24.9138	19.7040	-2.0678	1.6807	0.9381	3.8196	-0.0884	0.5110	0.1773	0.8364	-0.3467	0.8805	1.2136	-8.6910	0.3261	4.5313	-1.274093386692435	0	3	5	Walk	Normal
-3.6386	0.4986	4.0983	-2.2578	55.4031	-23.6192	26.1981	18.9934	-2.5212	4.4278	0.1124	-1.4656	-0.0780	0.4585	0.1901	0.8646	-0.5267	-1.1669	0.3987	-8.0664	0.3862	5.5638	-5.473243625177112	0	3	5	Run	Normal
-11.0319	0.1538	1.9531	-3.1248	50.4429	-31.7531	26.0617	18.0686	-4.1632	-3.4822	-0.3807	-4.2828	-0.0928	0.4165	0.2586	0.8666	-1.1627	-0.4031	1.0666	-7.5497	0.5345	6.2358	5.701414715479842	0	4	6	Run	Normal
-10.9936	5.4785	5.7838	-3.8822	54.4563	-38.9030	27.1946	17.1731	-1.3811	-3.0324	4.8146	0.0961	-0.1239	0.4412	0.3106	0.8328	0.0028	-0.0633	0.3799	-7.9612	0.6639	5.6877	2.372142743230844	0	4	6	Walk	Normal
-9.9216	1.2641	7.4316	-7.4535	57.1896	-35.3310	27.7688	17.0677	-1.5303	-1.7490	-0.0079	2.1627	-0.0906	0.4724	0.2955	0.8254	1.4185	0.6398	-0.9197	-8.1726	1.2721	5.2689	-1.1161253947581589	0	4	6	Walk	Normal
-8.2744	-2.1835	10.1131	-5.1352	56.8524	-29.0891	26.4239	19.2725	-2.8256	-0.0965	-3.0611	4.7725	-0.0813	0.4702	0.2413	0.8450	-0.7983	-0.7056	0.1008	-8.1778	0.8776	5.3406	0.7874201811108996	0	4	6	Walk	Normal
-5.0560	0.5752	2.9491	-1.0118	57.0665	-29.5699	26.1300	20.5855	-2.7040	3.1737	0.4021	-2.3815	-0.1144	0.4638	0.2283	0.8483	0.6803	0.8827	-1.5365	-8.2296	0.1731	5.3305	-7.366522076529175	0	4	6	Run	Normal
-7.3544	-0.0377	4.9410	2.3328	57.4667	-15.3540	22.9853	23.7589	-4.8112	0.9067	0.3615	-0.3283	-0.0819	0.4739	0.1074	0.8701	1.5133	0.0784	-1.1552	-8.2610	-0.3992	5.2693	2.9787142322399047	0	4	6	Walk	Normal
-14.6328	-3.1023	2.5660	4.4700	58.4751	-10.3784	21.1924	24.8818	-7.6138	-6.2988	-2.3379	-2.5459	-0.0780	0.4830	0.0599	0.8701	0.4044	0.9626	-1.2597	-8.3339	-0.7643	5.1119	6.316401773401024	0	4	6	Run	Normal
-7.7375	-1.1103	7.6608	5.2598	60.0475	-14.8061	21.4034	25.5288	-6.6142	0.7238	-0.2113	2.7854	-0.1038	0.4905	0.0887	0.8606	-1.6686	0.8880	1.2384	-8.4613	-0.8990	4.8755	-4.231702665841148	0	4	6	Run	Normal
-7.3927	1.9160	9.4230	-0.7044	61.7211	-23.6797	25.7636	23.0067	-2.0393	1.2430	1.7955	4.7775	-0.1001	0.5031	0.1792	0.8395	-0.0707	-0.2241	0.0996	-8.6357	0.1205	4.6455	1.1842983740401252	0	4	6	Walk	Normal
-3.9834	0.8817	3.6386	-1.2474	53.4442	-28.7649	27.6155	23.1750	-2.3066	3.8924	0.6683	-2.2009	-0.1023	0.4380	0.2266	0.8639	-0.8644	-0.8867	0.8730	-7.8757	0.2134	5.8395	-6.662486968099433	0	4	6	Run	Normal
-13.5608	-0.3065	0.9960	-1.0374	52.9650	-38.7128	29.4473	21.7390	-2.2664	-5.7337	-0.4839	-4.9095	-0.1402	0.4234	0.3005	0.8431	-1.5962	1.0542	0.8890	-7.8271	0.1775	5.9054	8.134129194739666	0	5	7	Run	Normal
-11.4156	6.9336	6.5888	-4.7763	55.1692	-41.9051	30.5831	19.9858	0.2944	-3.3938	6.1172	1.0072	-0.1310	0.4453	0.3347	0.8201	-0.0526	0.4076	0.1107	-8.0218	0.8164	5.5816	1.2922714812060256	0	5	7	Walk	Normal
-7.5459	-1.0337	7.5076	-5.3468	58.3611	-35.4084	30.5904	20.5134	0.1864	0.7669	-1.9474	2.3858	-0.1093	0.4764	0.2869	0.8239	1.3578	0.9860	-0.8715	-8.3128	0.9137	5.1218	-4.198512025100834	0	5	7	Run	Normal
-8.6951	-2.1063	10.3807	-3.2009	58.5477	-32.1703	29.5704	22.0168	0.1296	-0.3422	-2.6538	5.2717	-0.1120	0.4764	0.2547	0.8340	-0.5000	-0.1847	-0.1535	-8.3529	0.5475	5.1089	3.00948070085475	0	5	7	Walk	Normal
-3.9834	0.6518	2.8724	0.8616	59.2761	-32.2429	28.3938	23.9164	1.6496	4.4460	0.7994	-2.1371	-0.1436	0.4732	0.2378	0.8360	1.2087	0.8433	-1.5735	-8.4294	-0.1475	5.0096	-8.749931777902002	0	5	7	Run	Normal
-7.6614	-0.4214	4.5969	4.1267	55.9589	-17.5529	23.7638	27.3586	-2.1173	0.4437	0.2845	-0.8784	-0.1030	0.4585	0.1180	0.8748	1.2002	-0.3456	-1.0217	-8.1051	-0.7058	5.4752	3.990524355906004	0	5	7	Run	Normal
-14.0588	-2.1835	3.9073	5.4483	59.0440	-17.4560	21.4342	29.4911	-4.0150	-5.6868	-1.2523	-1.1141	-0.1156	0.4802	0.1087	0.8627	-0.1048	0.2147	-0.4573	-8.3719	-0.9312	5.0214	5.809521813222204	0	5	7	Run	Normal
-10.8409	-1.6855	8.8490	5.2260	59.4287	-19.6222	22.6673	29.3853	-3.1054	-2.4325	-0.7922	3.8820	-0.1234	0.4812	0.1256	0.8587	-1.3693	-0.2252	1.0330	-8.4084	-0.8933	4.9669	-0.6590714229606967	0	5	7	Walk	Normal
-8.5036	2.0692	9.1165	-1.1637	62.1037	-29.4567	27.0615	25.8691	0.6302	0.1618	1.8702	4.5294	-0.1227	0.5011	0.2229	0.8272	0.0220	0.4928	0.6985	-8.6654	0.1990	4.5871	-1.4576840924576882	0	5	7	Walk	Normal
-3.5626	0.3448	4.4053	-1.6579	54.6188	-31.9338	28.3210	25.4148	0.9141	4.4297	0.0611	-1.2704	-0.1138	0.4446	0.2508	0.8523	-0.5874	-1.0923	0.6239	-7.9923	0.2837	5.6758	-6.96131851789753	0	5	7	Run	Normal
-10.0748	0.8428	2.7581	-2.6670	51.1908	-37.8783	29.2453	24.5329	-0.5965	-2.4413	0.3865	-3.3812	-0.1203	0.4153	0.3021	0.8495	-0.9954	0.5077	0.8689	-7.6335	0.4562	6.1393	4.803395210449414	0	6	8	Run	Normal
-11.3389	2.9880	5.9759	-3.4452	55.0590	-42.6303	30.8645	22.5497	1.3764	-3.3145	2.3987	0.3696	-0.1431	0.4401	0.3351	0.8207	-0.0995	0.1391	0.3433	-8.0245	0.5893	5.6063	2.68147677623209	0	6	8	Walk	Normal
-9.9599	2.2601	6.9336	-6.1674	57.5653	-39.0805	31.4959	21.8830	1.9618	-1.7309	1.2067	1.7045	-0.1164	0.4689	0.3171	0.8161	1.2576	0.3532	-0.9073	-8.2290	1.0534	5.2291	-0.8166042098300004	0	6	8	Walk	Normal
-8.9256	-1.9537	9.6534	-4.8113	59.4590	-30.2464	29.7284	24.7028	-0.3552	-0.5091	-2.7761	4.6878	-0.0941	0.4878	0.2465	0.8321	0.1423	-0.2316	-0.3395	-8.4165	0.8224	4.9656	0.9474508482427435	0	6	8	Walk	Normal
-5.0560	0.6135	2.5277	-0.7089	59.5671	-32.6850	29.4958	25.4005	0.9190	3.3990	0.4923	-2.4392	-0.1346	0.4782	0.2472	0.8320	0.1412	0.7538	-0.9371	-8.4550	0.1212	4.9669	-7.605939168422471	0	6	8	Run	Normal
-6.4733	-0.1526	4.2515	3.3063	58.2986	-20.8306	26.4330	28.8226	-0.5557	1.8564	0.4130	-0.8930	-0.1128	0.4743	0.1440	0.8611	1.5825	-0.3115	-1.1704	-8.3297	-0.5656	5.1445	2.0602646725515594	0	6	8	Walk	Normal
-16.1273	-3.2944	3.2944	5.4069	60.3390	-15.1383	23.3150	30.4612	-5.4921	-7.6435	-2.3703	-1.5368	-0.1065	0.4923	0.0903	0.8592	0.1019	0.8986	-0.8314	-8.4839	-0.9242	4.8312	9.040673557285949	0	6	8	Run	Normal
-8.7340	-1.3024	8.2361	4.5479	60.9147	-20.9727	23.4956	30.1933	-4.8329	-0.1909	-0.5248	3.4840	-0.1258	0.4918	0.1370	0.8506	-1.7314	0.8656	1.6113	-8.5431	-0.7777	4.7520	-4.711500668805758	0	6	8	Run	Normal
-8.0439	2.4523	9.1931	-2.1993	63.0053	-30.1140	28.9974	26.2399	0.4862	0.6879	2.0761	4.7452	-0.1199	0.5088	0.2311	0.8206	-0.0472	0.4661	0.8027	-8.7318	0.3762	4.4480	0.38390211433682	0	6	8	Upright	Normal
-6.0136	1.0349	3.9450	-2.8183	53.6884	-31.6066	29.8390	24.4376	-0.7782	1.8791	0.5528	-1.8551	-0.1018	0.4403	0.2536	0.8552	-0.4137	-1.1786	0.4991	-7.8928	0.4821	5.8001	-5.1929969363671615	0	0	9	Upright	Normal
-11.9902	-0.5746	0.5363	-2.8671	55.6891	-38.8045	30.1952	23.5202	-1.4174	-3.9000	-1.0650	-4.9846	-0.1343	0.4478	0.3047	0.8298	-1.6856	1.1660	0.9838	-8.0902	0.4904	5.5209	4.749750699421134	0	0	9	Upright	Normal
-11.2240	5.6312	6.2441	-5.4049	57.2707	-42.1810	32.1233	20.8311	1.3902	-3.0109	4.7076	0.9656	-0.1336	0.4615	0.3366	0.8098	-0.0717	0.2606	0.1882	-8.2132	0.9236	5.2785	2.0082366133643514	0	0	9	Upright	Normal
-6.6649	-0.3442	6.1669	-6.2883	60.2714	-37.2329	31.8564	21.4597	0.6093	1.8000	-1.4183	1.3331	-0.1151	0.4902	0.3018	0.8096	1.0255	1.0169	-0.7822	-8.4648	1.0741	4.8337	-4.937366262367551	0	0	9	Upright	Normal
-7.6992	-1.4168	8.3504	-4.7200	60.0650	-33.5911	30.1825	22.0122	0.1689	0.7705	-2.2236	3.4734	-0.1104	0.4890	0.2697	0.8221	-0.4211	-0.4894	0.0572	-8.4696	0.8068	4.8770	2.359338031910026	0	0	9	Upright	Normal
-5.0943	1.2264	2.9491	-0.1527	61.8661	-29.5103	29.2286	22.8468	-0.2569	3.5537	1.2004	-1.6750	-0.1298	0.4974	0.2191	0.8293	1.2908	0.6835	-1.8549	-8.6480	0.0260	4.6241	-5.433394816758986	0	0	9	Upright	Normal
-8.2355	-1.4551	4.3664	2.8365	57.9647	-17.9882	24.7185	26.6838	-3.1152	0.0678	-0.9697	-0.8290	-0.0971	0.4751	0.1249	0.8656	0.7028	-0.5767	-0.4637	-8.3032	-0.4854	5.1954	3.421563273297455	0	0	9	Upright	Normal
-12.2194	-2.0680	2.1446	4.9485	60.9146	-16.9350	22.4703	27.8068	-5.3737	-3.6812	-1.2219	-2.6046	-0.1114	0.4954	0.1052	0.8550	0.4279	1.0595	-0.7396	-8.5382	-0.8461	4.7492	3.1430366123948232	0	0	9	Upright	Normal
-8.7334	-0.0377	8.0439	1.0729	62.3785	-22.3329	23.7224	26.4561	-5.0390	-0.0459	0.1460	3.4982	-0.1081	0.5065	0.1609	0.8402	-1.8337	-0.2454	1.5073	-8.6875	-0.1838	4.5457	-0.7039312317690722	0	0	9	Upright	Normal
-8.2738	1.3797	8.8484	-2.3126	63.0042	-31.1053	27.0754	23.2863	-1.5284	0.4573	0.9840	4.4005	-0.1235	0.5079	0.2387	0.8184	-0.4489	0.6504	1.2176	-8.7311	0.3956	4.4478	0.3189383976125679	0	0	9	Upright	Normal
-4.4047	0.5369	3.8684	-2.6282	54.4290	-33.8707	28.4860	21.4243	-1.9659	3.5636	0.0874	-1.8301	-0.1137	0.4433	0.2690	0.8474	-0.3285	-1.1903	0.2546	-7.9684	0.4495	5.6985	-6.305576521794472	0	0	10	Upright	Normal
-12.5642	0.6135	0.9571	-2.3132	54.9043	-38.7680	27.6198	20.8005	-3.7503	-4.5469	0.2177	-4.6765	-0.1361	0.4407	0.3032	0.8338	-1.4332	1.0936	0.8160	-8.0173	0.3958	5.6336	6.728749789610343	0	0	10	Upright	Normal
-12.9089	3.4099	4.2132	-3.6833	55.8327	-42.7698	28.3437	20.7176	-1.7726	-4.8116	2.7800	-1.2828	-0.1442	0.4461	0.3360	0.8169	-0.4148	0.2510	0.5145	-8.0973	0.6300	5.4960	1.3851209200603076	0	0	10	Upright	Normal
-8.0439	1.4946	6.9713	-5.9891	59.6895	-37.1575	28.1839	20.1716	-1.0144	0.3760	0.4715	2.0491	-0.1154	0.4855	0.3006	0.8128	1.6860	0.7463	-1.0482	-8.4200	1.0231	4.9222	-3.2518272159803736	0	0	10	Upright	Normal
-7.6608	-1.5317	8.9250	-4.2675	59.2988	-26.7441	25.6080	22.4244	-3.3121	0.7480	-2.2613	3.9320	-0.0829	0.4884	0.2188	0.8407	-0.2315	-0.5352	-0.2940	-8.4089	0.7296	4.9930	1.1124422470076727	0	0	10	Upright	Normal
-4.0606	0.9194	1.9537	0.6958	60.1945	-21.0975	23.4054	23.9255	-3.8640	4.4483	1.0385	-2.9203	-0.0970	0.4920	0.1554	0.8511	1.1854	0.6068	-1.7353	-8.5088	-0.1191	4.8740	-7.262274084881961	0	0	10	Upright	Normal
-7.5082	-1.7621	5.5162	4.3068	57.8445	-7.7350	19.0570	26.4685	-6.3265	0.7708	-1.0256	0.3118	-0.0654	0.4800	0.0409	0.8739	0.8146	-0.1134	-0.5113	-8.2790	-0.7365	5.2044	4.882915193253998	0	0	10	Upright	Normal
-16.2423	-0.9960	1.7238	5.6502	63.0862	-3.0559	16.1034	26.4013	-7.5991	-7.5402	-0.0304	-2.6935	-0.0559	0.5212	-0.0031	0.8516	0.4066	1.3333	-0.6967	-8.7020	-0.9656	4.4173	6.881951537741314	0	0	10	Upright	Normal
-8.9256	-1.4940	8.8873	2.0298	62.8573	-10.9047	17.0383	25.1389	-6.6935	-0.2043	-1.1465	4.4163	-0.0646	0.5176	0.0719	0.8502	-2.3769	0.2179	2.0919	-8.7213	-0.3475	4.4710	-3.679911722803533	0	0	10	Upright	Normal
-6.3590	1.5706	7.7381	-2.6143	63.6821	-21.1201	20.7906	22.6172	-1.8585	2.4222	1.1233	3.3950	-0.0776	0.5220	0.1675	0.8327	-0.4499	-0.3328	0.0103	-8.7812	0.4473	4.3431	-2.5458062692893275	0	0	10	Upright	Normal
-5.9753	1.2647	4.8261	-2.9346	53.3982	-27.1382	21.1349	23.0655	-1.4272	1.8872	0.7627	-1.0133	-0.0831	0.4420	0.2207	0.8654	-1.0123	-1.2894	0.7731	-7.8626	0.5020	5.8395	-2.3538653807388883	0	1	11	PT	Normal
-10.8787	4.2144	4.9410	-3.9557	57.2767	-33.3181	21.9595	21.4852	-0.8069	-2.6480	3.5380	-0.3475	-0.1083	0.4676	0.2673	0.8356	-0.6054	-0.6843	0.4876	-8.2307	0.6764	5.2885	4.885405471895295	0	1	11	Jump	Normal
-11.7597	3.3333	5.4390	-6.7355	58.9320	-32.0422	22.2473	20.7962	-0.3278	-3.4177	2.1832	0.4133	-0.0864	0.4861	0.2677	0.8274	0.7400	0.2446	-0.1558	-8.3420	1.1501	5.0257	0.7088168796426455	0	1	11	PT	Normal
-9.0788	-0.3831	9.0405	-6.7675	62.3196	-23.3109	20.7027	21.1760	-1.3615	-0.4549	-1.5386	4.5168	-0.0549	0.5161	0.2025	0.8304	1.4900	0.7687	-0.6435	-8.6239	1.1555	4.5237	-0.5604611881114181	0	1	11	PT	Normal
-4.1366	-0.2292	2.4511	-2.5499	59.4641	-24.5704	20.6401	22.0733	-2.2426	4.3018	-0.6654	-2.5265	-0.0866	0.4886	0.1955	0.8459	-0.2219	0.5460	-0.6403	-8.4384	0.4362	4.9775	-8.004316365692311	0	1	11	Jump	Normal
-4.0606	0.8045	3.8690	1.1900	61.2037	-14.0981	18.7200	24.0217	-2.1787	4.5316	1.0083	-0.8537	-0.0713	0.5041	0.1004	0.8548	2.3784	-0.5565	-2.1551	-8.5922	-0.2038	4.7227	0.8523960119387883	0	1	11	PT	Normal
-15.7054	-4.5197	2.8341	3.1105	59.9451	-4.7476	15.2946	24.6163	-6.5792	-7.2297	-3.9874	-2.0699	-0.0442	0.4980	0.0223	0.8658	0.2873	0.4938	-0.3878	-8.4756	-0.5323	4.9041	10.920609729712288	0	1	11	Jump	Normal
-12.1428	-1.1869	7.3927	3.4994	62.1042	-5.2808	15.3041	24.5795	-6.5382	-3.4918	-0.5882	2.8132	-0.0499	0.5138	0.0237	0.8561	-1.0879	-1.2990	0.5560	-8.6510	-0.5987	4.5795	-2.321088863583064	0	1	11	PT	Normal
-6.3207	0.2682	7.6614	-0.1673	64.4277	-16.8389	18.3787	23.7339	-3.2434	2.5254	0.2396	3.4285	-0.0768	0.5275	0.1247	0.8368	-0.9101	0.7389	1.9746	-8.8461	0.0286	4.2329	-4.329829779397793	0	1	11	Jump	Normal
-2.6809	-0.2292	3.8684	-2.4004	57.9278	-22.6662	21.3790	21.2240	-1.1634	5.6219	-0.6399	-1.3342	-0.0772	0.4783	0.1818	0.8557	-0.8302	-0.9336	0.7176	-8.3028	0.4106	5.2026	-5.223663947437977	0	1	11	Jump	Normal
-8.5036	0.8051	4.0983	-2.7624	51.5078	-27.4072	22.5715	20.3933	-0.8775	-0.8368	0.3325	-1.9983	-0.0818	0.4272	0.2235	0.8723	-0.2794	-1.3139	0.2084	-7.6668	0.4726	6.0965	4.761794548806623	0	2	12	Jump	Normal
-10.3424	3.3333	5.2475	-3.3787	56.9262	-32.0626	23.5887	19.3365	-0.3674	-2.1389	2.7554	-0.0947	-0.1067	0.4650	0.2562	0.8407	-0.0142	-0.2721	0.1998	-8.2034	0.5779	5.3422	2.593059241027161	0	2	12	PT	Normal
-8.3887	0.3071	5.8604	-5.9196	59.6499	-28.0685	23.4566	18.1063	-0.0622	0.0290	-0.7042	0.9318	-0.0770	0.4927	0.2350	0.8343	1.2365	0.6366	-0.7032	-8.4177	1.0113	4.9286	-1.8293744113561612	0	2	12	PT	Normal
-10.0748	-1.3791	8.1971	-4.2114	61.2898	-20.5008	22.9825	19.3792	-0.8331	-1.4970	-2.0991	3.4991	-0.0595	0.5069	0.1714	0.8427	-0.4136	-0.3988	-0.0832	-8.5778	0.7201	4.6980	2.823617437395125	0	2	12	PT	Normal
-4.1749	0.9966	2.9874	-0.1885	62.4931	-19.0704	22.3400	19.5623	-0.6104	4.5232	0.9644	-1.5417	-0.0845	0.5118	0.1425	0.8430	0.7358	1.1277	-1.3168	-8.6981	0.0322	4.5291	-7.831748730683319	0	2	12	Jump	Normal
-8.9633	-1.5317	4.5963	2.9118	57.8559	-6.7203	20.2459	22.2101	-3.8757	-0.6705	-1.0334	-0.6146	-0.0505	0.4814	0.0390	0.8741	1.0863	-0.6684	-0.8364	-8.2928	-0.4983	5.2108	4.959368187610412	0	2	12	Jump	Normal
-11.4916	-1.9148	1.7232	5.7463	61.8748	-4.2980	18.0157	22.9701	-5.6105	-2.8862	-0.9328	-2.8763	-0.0622	0.5115	0.0064	0.8570	0.4045	1.1532	-0.9248	-8.6054	-0.9819	4.5996	1.5879308100473057	0	2	12	PT	Normal
-9.6911	-1.1869	8.8101	4.2592	61.9674	-8.4578	18.0383	22.5083	-5.7433	-1.0588	-0.4585	4.2141	-0.0697	0.5107	0.0441	0.8558	-1.5769	0.6068	1.0067	-8.6323	-0.7284	4.5960	1.374029218707177	0	2	12	PT	Normal
-6.5499	1.1498	8.4270	-1.4536	64.0176	-18.2930	21.7098	20.9779	-2.6805	2.2628	0.9011	4.1322	-0.0736	0.5250	0.1414	0.8360	-0.4850	0.0262	0.5241	-8.8128	0.2487	4.2947	-2.415941885002031	0	2	12	PT	Normal
-4.4813	0.5369	4.1749	-1.6705	55.2175	-23.4479	24.4543	20.7264	-1.8729	3.5698	0.2511	-1.4169	-0.0815	0.4563	0.1867	0.8662	-0.9217	-0.9112	0.7031	-8.0511	0.2858	5.5918	-4.58669724671958	0	3	13	Run	Normal
-14.7477	1.5329	-1.4946	-2.1836	53.8096	-29.0678	24.6651	19.7290	-2.6970	-6.8387	1.1594	-7.2808	-0.0971	0.4422	0.2321	0.8609	-0.8962	1.8542	0.5401	-7.9089	0.3735	5.7862	8.754111756738013	0	3	13	Run	Normal
-12.0662	6.3979	5.3624	-4.7312	56.6702	-32.2109	25.9385	19.0974	-0.5926	-3.9003	5.5891	-0.0075	-0.0966	0.4657	0.2628	0.8395	0.3161	0.2339	0.0618	-8.1659	0.8088	5.3699	-0.22981110464006171	0	3	13	Upright	Normal
-8.4653	-0.3059	6.6266	-6.4726	59.2928	-25.3702	26.4380	19.3642	-1.3850	-0.0874	-1.4112	1.6508	-0.0606	0.4926	0.2178	0.8404	1.4591	0.7538	-0.9353	-8.3779	1.1054	4.9757	-3.9176340169833903	0	0	13	Upright	Normal
-8.9250	-2.3361	9.8061	-4.1988	59.6570	-20.2548	24.5601	21.9172	-2.4938	-0.4844	-3.0541	4.8653	-0.0561	0.4949	0.1704	0.8502	-0.4722	-0.2817	-0.0810	-8.4406	0.7180	4.9407	2.708905578201339	0	0	13	Upright	Normal
-4.3281	0.6518	2.3744	0.4593	62.6533	-22.7617	24.7496	22.8407	-1.8976	4.3824	0.7305	-2.1302	-0.1060	0.5090	0.1665	0.8378	0.4812	1.4398	-1.1356	-8.7106	-0.0787	4.5047	-8.484286080129168	0	0	13	Upright	Normal
-7.4316	0.4597	3.2561	3.5769	60.1374	-8.2742	20.2132	25.4241	-4.0928	1.0564	1.0716	-1.6171	-0.0631	0.4975	0.0468	0.8639	1.7052	-0.9943	-1.1228	-8.4880	-0.6119	4.8732	3.147169878889896	0	0	13	Upright	Normal
-14.8249	-2.2601	2.9880	4.7931	62.8345	-5.7644	18.1551	26.1895	-7.5292	-6.1305	-1.4406	-1.4736	-0.0618	0.5184	0.0211	0.8527	0.0178	0.4257	-0.6243	-8.6944	-0.8196	4.4616	7.164338017370039	0	0	13	Upright	Normal
-9.6534	-1.0343	7.6614	4.5448	61.8583	-10.6207	17.9039	26.1266	-6.1614	-1.0332	-0.2572	3.0508	-0.0814	0.5082	0.0590	0.8553	-1.8986	-0.3903	1.4019	-8.6202	-0.7771	4.6106	-2.9234764182376267	0	0	13	Upright	Normal
-8.1594	1.1109	8.8490	-1.6540	65.0728	-22.2954	22.4077	23.4194	-2.6170	0.7301	0.8279	4.7176	-0.0920	0.5300	0.1706	0.8255	-0.6075	0.6440	1.3393	-8.8895	0.2830	4.1313	-0.27970457864020837	0	0	13	Upright	Normal
-3.2178	0.4214	3.9073	-1.9028	56.2322	-26.1187	23.9932	22.7815	-2.1438	4.9301	0.0959	-1.5404	-0.0922	0.4623	0.2069	0.8573	-0.8088	-1.0998	0.6533	-8.1479	0.3255	5.4477	-7.008539032491039	0	0	14	Upright	Normal
-13.3692	0.6129	0.3831	-2.2775	55.1392	-31.6897	25.0365	22.7049	-2.7420	-5.3287	0.2233	-5.2177	-0.1094	0.4500	0.2508	0.8501	-0.6916	1.9511	0.4466	-8.0405	0.3897	5.6008	8.30947074725906	0	0	14	Upright	Normal
-11.3772	5.5929	5.5162	-4.5358	58.1080	-35.2434	25.8655	20.8123	-1.1600	-3.0770	4.8174	0.3515	-0.1139	0.4730	0.2827	0.8267	0.2288	0.3809	0.0397	-8.3002	0.7754	5.1647	0.4369655254729494	0	0	14	Upright	Normal
-10.1897	0.4980	6.5888	-7.1100	61.1922	-30.6037	26.3681	20.5295	-1.3220	-1.6628	-0.7157	1.8996	-0.0826	0.5041	0.2572	0.8203	1.4602	0.7602	-0.5292	-8.5269	1.2137	4.6892	-1.6811313921342812	0	0	14	Upright	Normal
-7.3544	-2.4894	8.0439	-4.7312	61.6182	-25.6097	26.0955	20.0421	-2.0348	1.2442	-3.2982	3.3984	-0.0789	0.5069	0.2108	0.8321	-0.5424	-0.2327	-0.1636	-8.5986	0.8088	4.6455	-0.9647259820968355	0	0	14	Upright	Normal
-4.3281	0.4986	2.9491	-1.0866	62.8053	-22.4469	25.0007	20.6408	-2.2953	4.3931	0.3127	-1.5318	-0.0935	0.5126	0.1710	0.8362	1.4635	0.7900	-1.6752	-8.7212	0.1858	4.4809	-5.918819829105616	0	0	14	Upright	Normal
-8.5036	-0.6889	3.8301	2.0177	60.4135	-7.4468	21.7149	22.6972	-5.7331	0.0192	-0.3436	-1.0087	-0.0479	0.5010	0.0473	0.8628	1.3080	-0.3722	-0.8315	-8.5228	-0.3454	4.8388	4.090750936393412	0	0	14	Upright	Normal
-12.9478	-1.3024	1.9920	3.2776	65.7502	-3.7468	21.1396	23.0657	-7.8950	-4.0211	-0.7418	-2.0291	-0.0417	0.5415	0.0119	0.8396	0.4430	0.5173	-0.4874	-8.9268	-0.5607	4.0211	3.8129563472366446	0	0	14	Upright	Normal
-10.9942	-1.9920	8.3893	3.9031	64.1822	-9.2197	20.3603	22.7830	-7.3967	-2.1868	-1.3243	4.1284	-0.0714	0.5269	0.0500	0.8454	-1.8899	0.9072	0.8974	-8.8074	-0.6677	4.2609	0.8074265938445322	0	0	14	Upright	Normal
-8.5036	1.7244	8.3504	-1.9193	67.8186	-18.2088	23.4242	21.2859	-3.3473	0.5724	1.3961	4.6501	-0.0745	0.5530	0.1405	0.8179	-0.3038	0.5865	0.6434	-9.0760	0.3283	3.7002	-1.9299717766990874	0	0	14	Upright	Normal
-4.2898	0.7284	3.5620	-2.2936	60.8322	-22.0614	25.2109	20.0471	-2.9797	4.2665	0.3361	-1.2136	-0.0799	0.5001	0.1749	0.8443	-0.6213	-0.6907	0.7009	-8.5563	0.3923	4.7755	-6.4189366443337645	0	1	15	Jump	Normal
-14.0965	0.3071	0.0760	-3.9671	59.0263	-25.4607	25.2386	19.1928	-4.2105	-5.7082	-0.3713	-4.9587	-0.0791	0.4869	0.2083	0.8446	-0.5499	1.0851	0.5294	-8.3882	0.6783	5.0347	8.476812823472866	0	1	15	Jump	Normal
-9.8827	3.5249	5.0176	-5.3217	62.0687	-31.4042	26.5839	18.2253	-2.0339	-1.2556	2.6154	0.4440	-0.1011	0.5065	0.2547	0.8175	-0.1355	0.0155	0.2131	-8.6271	0.9095	4.5737	-2.4695302850485277	0	1	15	PT	Normal
-10.2274	1.8777	7.7375	-7.8156	63.9744	-29.7726	27.1758	17.3752	-1.7868	-1.4970	0.5442	3.4746	-0.0799	0.5256	0.2523	0.8085	1.1322	0.5556	-0.3888	-8.7305	1.3334	4.2629	1.3307446420327	0	1	15	PT	Normal
-8.0822	-1.9148	7.8141	-5.7581	64.8821	-24.0896	26.7889	18.5459	-1.8668	0.7524	-2.8986	3.6724	-0.0703	0.5328	0.2022	0.8187	0.1075	0.2627	-0.1860	-8.8346	0.9839	4.1417	-1.5573802593087738	0	1	15	PT	Normal
-6.5116	0.0006	4.2515	-4.1735	63.7038	-24.7488	27.0967	18.9214	-2.1917	2.2570	-0.7130	-0.0814	-0.0828	0.5218	0.2007	0.8250	0.1405	0.3074	-0.3202	-8.7686	0.7136	4.3329	-3.6272403107239546	0	1	15	Jump	Normal
-8.1971	0.0772	5.4773	-1.2290	61.6280	-18.1154	25.3181	20.6324	-3.7649	0.4296	-0.1330	0.8185	-0.0715	0.5073	0.1406	0.8472	0.7627	-0.4660	-0.8134	-8.6268	0.2102	4.6588	2.0823227069999826	0	1	15	PT	Normal
-8.9250	0.1155	3.0257	-1.2706	61.6390	-14.2621	23.8458	21.6083	-4.8551	-0.2975	-0.1019	-1.6315	-0.0541	0.5095	0.1122	0.8514	0.0702	-0.0558	0.0420	-8.6275	0.2174	4.6572	-0.43432698836079453	0	1	15	PT	Normal
-10.7637	-0.6123	7.0096	-1.6937	60.4116	-18.1406	24.3766	21.0809	-5.1180	-2.2395	-0.9020	2.1696	-0.0667	0.4988	0.1436	0.8521	-0.2153	0.1072	0.0835	-8.5243	0.2897	4.8400	3.43485634194929	0	1	15	PT	Normal
-6.6649	1.8010	4.4047	-1.7621	59.9715	-18.3030	25.4789	20.5761	-4.7970	1.8215	1.4995	-0.5004	-0.0663	0.4955	0.1453	0.8538	0.2151	-0.2273	-0.2098	-8.4864	0.3015	4.9051	-4.6701203445164765	0	2	16	Jump	Normal
-8.7340	0.6129	4.9799	-2.1427	57.7519	-16.0443	24.3051	20.5707	-6.0797	-0.4458	0.2463	-0.2490	-0.0512	0.4804	0.1311	0.8657	0.2257	-0.1847	-0.1831	-8.2883	0.3666	5.2289	1.8832512145852984	0	2	16	PT	Normal
-8.6957	-1.3024	5.5929	-1.8011	57.1713	-17.3568	24.2398	20.6849	-6.2066	-0.4592	-1.6105	0.2791	-0.0585	0.4750	0.1399	0.8668	-0.3484	-0.0686	0.3570	-8.2365	0.3081	5.3138	0.348120239987594	0	2	16	Upright	Normal
-8.9633	0.9200	5.0560	-3.2562	57.1775	-17.9046	24.2775	20.9376	-6.3752	-0.7355	0.3630	-0.2509	-0.0498	0.4764	0.1500	0.8649	-0.1290	-0.1048	0.1652	-8.2278	0.5570	5.3069	-0.08874420248294257	0	2	16	Upright	Normal
-8.3504	0.8051	4.9410	-2.8562	57.4538	-18.4204	24.1348	21.1435	-6.5485	-0.0940	0.3165	-0.3282	-0.0553	0.4778	0.1521	0.8634	0.0382	0.0656	-0.0628	-8.2564	0.4886	5.2692	-0.5959436610473254	0	0	16	Upright	Normal
-8.6574	0.4980	5.3247	-2.9418	57.1563	-18.7690	24.4411	21.1270	-6.6800	-0.4292	-0.0052	0.0132	-0.0557	0.4755	0.1553	0.8641	-0.1525	-0.1038	0.0633	-8.2283	0.5032	5.3115	0.43994257363742584	0	0	16	Upright	Normal
-8.6574	0.5746	4.9799	-2.6357	57.3238	-20.0059	24.0105	21.0212	-6.4610	-0.4115	0.1238	-0.3089	-0.0634	0.4757	0.1632	0.8620	-0.2164	0.0091	0.1272	-8.2459	0.4509	5.2888	-0.17199521373890825	0	0	16	Upright	Normal
-8.5808	0.6129	5.0182	-2.6438	57.8297	-21.4285	24.8237	21.0342	-5.0506	-0.2885	0.1607	-0.1975	-0.0700	0.4787	0.1737	0.8578	-0.3091	0.1050	0.1485	-8.2923	0.4522	5.2158	-0.04468385662542218	0	0	16	Upright	Normal
-8.8107	0.8045	4.7884	-2.5749	58.5292	-22.3229	25.0060	20.3416	-4.9979	-0.4549	0.3639	-0.3261	-0.0754	0.4833	0.1796	0.8535	-0.0502	0.0230	-0.0134	-8.3558	0.4405	5.1145	0.10071907188318185	0	0	16	Upright	Normal
-8.6574	0.6895	4.9799	-2.5817	58.8798	-22.5970	24.5844	20.8424	-5.2221	-0.2705	0.2479	-0.0832	-0.0770	0.4857	0.1814	0.8516	-0.0481	0.0123	0.0111	-8.3869	0.4416	5.0631	-0.04877850181835797	0	0	16	Upright	Normal
-8.6191	0.6512	5.0566	-2.8345	59.0264	-22.4146	24.8654	20.6890	-5.2285	-0.2210	0.1664	0.0159	-0.0746	0.4873	0.1810	0.8510	-0.0086	0.0422	0.0123	-8.3981	0.4848	5.0407	0.0028341092010251145	1	0	17	Upright	Normal
-8.7724	0.4980	4.8650	-2.7826	59.2921	-22.0899	24.5456	20.5590	-5.5655	-0.3506	0.0220	-0.1368	-0.0740	0.4894	0.1782	0.8504	0.0479	0.0060	-0.0495	-8.4218	0.4760	5.0018	0.029369601367696063	1	0	17	Upright	Normal
-8.6951	0.4986	4.8261	-2.7615	59.4173	-22.0532	25.2962	21.0778	-5.0915	-0.2623	0.0262	-0.1574	-0.0742	0.4903	0.1778	0.8500	-0.0022	0.0091	-0.0090	-8.4328	0.4724	4.9835	-0.08632857807722871	1	0	17	Upright	Normal
-8.7718	0.6135	4.7495	-2.7478	59.5176	-21.9884	25.2022	21.1271	-5.1637	-0.3301	0.1435	-0.2194	-0.0742	0.4911	0.1772	0.8497	0.0063	-0.0122	-0.0016	-8.4417	0.4700	4.9689	0.0367901896374665	1	0	17	Upright	Normal
-8.6957	0.4980	4.8267	-2.7370	59.6011	-21.9080	24.3738	21.2108	-5.5823	-0.2469	0.0298	-0.1299	-0.0741	0.4917	0.1765	0.8494	-0.0001	-0.0004	-0.0165	-8.4488	0.4682	4.9566	-0.03600540484457504	1	0	17	Upright	Normal
-8.6957	0.4980	4.7501	-2.7015	59.7310	-21.8399	24.6621	20.9779	-4.7063	-0.2354	0.0359	-0.1875	-0.0742	0.4927	0.1758	0.8490	-0.0235	0.0038	-0.0052	-8.4604	0.4621	4.9376	-0.03690254557134054	1	0	17	Upright	Normal
-8.8107	0.5363	4.7884	-2.6905	59.7859	-21.7550	25.1614	20.8884	-4.8204	-0.3455	0.0760	-0.1411	-0.0740	0.4931	0.1750	0.8489	0.0020	-0.0047	-0.0138	-8.4651	0.4603	4.9295	0.12113241013437204	1	0	17	Upright	Normal
-8.7718	0.4603	4.8644	-2.6674	59.8426	-21.6421	24.6273	21.4349	-5.3514	-0.3015	0.0040	-0.0567	-0.0738	0.4936	0.1741	0.8489	0.0063	-0.0132	-0.0244	-8.4702	0.4562	4.9211	-0.0012994671572741368	1	0	17	Upright	Normal
-8.6951	0.4603	4.9027	-2.6568	59.8518	-21.5624	24.5517	21.0132	-5.9358	-0.2240	0.0058	-0.0171	-0.0736	0.4937	0.1734	0.8490	-0.0108	-0.0228	0.0012	-8.4711	0.4544	4.9198	-0.04820097938943135	1	0	17	Upright	Normal
-8.8107	0.5363	4.8267	-2.6393	59.8436	-21.4063	25.1014	21.2266	-5.3866	-0.3401	0.0848	-0.0944	-0.0730	0.4937	0.1722	0.8493	0.0137	-0.0473	-0.0180	-8.4705	0.4515	4.9211	0.06781938287376121	2	0	18	Upright	Normal
-8.7334	0.4603	4.9410	-2.6668	59.7986	-21.2949	24.1400	21.2223	-5.6261	-0.2670	0.0040	0.0133	-0.0723	0.4935	0.1715	0.8496	0.0052	-0.0058	-0.0042	-8.4665	0.4562	4.9277	-0.01569022370943607	2	0	18	Upright	Normal
-8.6568	0.3837	5.0176	-2.6642	59.7845	-21.1787	24.2418	21.0758	-5.1615	-0.1915	-0.0721	0.0878	-0.0717	0.4935	0.1707	0.8498	-0.0118	-0.0026	0.0032	-8.4653	0.4558	4.9298	-0.03160399010250714	2	0	18	Upright	Normal
-8.7334	0.5369	5.0560	-2.6745	59.8001	-21.0261	24.0854	21.0993	-5.1816	-0.2670	0.0795	0.1285	-0.0710	0.4937	0.1696	0.8500	0.0276	0.0038	-0.0170	-8.4665	0.4574	4.9274	0.09244856529449841	2	0	18	Upright	Normal
-8.6957	0.3831	4.9416	-2.6241	59.7257	-20.8414	24.2508	20.8655	-5.0391	-0.2352	-0.0658	0.0030	-0.0705	0.4932	0.1680	0.8506	0.0255	-0.0271	-0.0266	-8.4605	0.4489	4.9386	-0.09656195054455274	2	0	18	Upright	Normal
-8.7340	0.5363	4.9799	-2.5966	59.7984	-20.7389	23.9206	21.3909	-5.3473	-0.2671	0.0922	0.0519	-0.0704	0.4937	0.1671	0.8505	0.0052	-0.0068	-0.0042	-8.4669	0.4441	4.9280	0.05919178159723337	2	0	18	Upright	Normal
-8.6951	0.5369	4.9410	-2.6014	59.8094	-20.6564	24.1118	22.0237	-5.3462	-0.2273	0.0919	0.0147	-0.0700	0.4939	0.1665	0.8506	-0.0032	0.0060	0.0009	-8.4678	0.4450	4.9264	-0.05294261223438923	2	0	18	Upright	Normal
-8.6574	0.3831	5.0566	-2.6010	59.8119	-20.5071	24.1720	21.0707	-5.6457	-0.1894	-0.0618	0.1306	-0.0694	0.4940	0.1654	0.8508	0.0064	0.0017	-0.0066	-8.4680	0.4449	4.9259	0.017958556117637414	2	0	18	Upright	Normal
-8.7334	0.4603	4.9410	-2.6046	59.8308	-20.4117	25.1083	21.5441	-5.6868	-0.2638	0.0147	0.0178	-0.0690	0.4942	0.1647	0.8508	0.0010	0.0102	-0.0012	-8.4696	0.4456	4.9232	0.011509649872079919	2	0	18	Upright	Normal
-8.6957	0.4597	4.9033	-2.6002	59.8565	-20.2802	24.3935	21.0684	-6.2111	-0.2239	0.0148	-0.0160	-0.0685	0.4945	0.1637	0.8509	0.0074	0.0060	-0.0066	-8.4719	0.4449	4.9193	-0.051340496102396216	2	0	18	Upright	Normal
-8.6957	0.4980	5.0566	-2.6024	59.8649	-20.1852	23.9485	21.1004	-5.9749	-0.2231	0.0528	0.1384	-0.0680	0.4946	0.1630	0.8510	0.0021	0.0070	-0.0098	-8.4726	0.4452	4.9181	0.0779242703676104	3	0	19	Upright	Normal
-8.6957	0.4597	4.8650	-2.5969	59.8836	-20.0571	24.0433	21.6250	-5.5960	-0.2215	0.0154	-0.0504	-0.0676	0.4948	0.1620	0.8511	-0.0139	-0.0004	0.0043	-8.4743	0.4443	4.9154	-0.09666042323537383	3	0	19	Upright	Normal
-8.7334	0.4603	4.8261	-2.5881	59.9166	-19.9109	24.1715	21.2687	-5.5421	-0.2563	0.0175	-0.0844	-0.0670	0.4951	0.1609	0.8512	-0.0139	0.0028	0.0075	-8.4771	0.4428	4.9105	0.01405856248823234	3	0	19	Upright	Normal
-8.6951	0.4603	4.9027	-2.5891	59.9330	-19.8176	24.2714	20.7779	-6.0106	-0.2167	0.0174	-0.0054	-0.0667	0.4953	0.1602	0.8512	-0.0107	-0.0015	0.0128	-8.4785	0.4429	4.9081	0.0038889273176021533	3	0	19	Upright	Normal
-8.6957	0.4980	4.9416	-2.5985	59.9584	-19.7198	24.1895	20.5842	-5.2524	-0.2152	0.0534	0.0373	-0.0662	0.4955	0.1595	0.8512	0.0021	0.0028	0.0065	-8.4806	0.4446	4.9044	0.02146784185566375	3	0	19	Upright	Normal
-8.7340	0.4214	5.0949	-2.6004	59.9695	-19.6467	24.4767	21.1280	-5.7202	-0.2524	-0.0235	0.1921	-0.0659	0.4957	0.1589	0.8513	0.0042	-0.0143	0.0054	-8.4816	0.4449	4.9027	0.10607456604282639	3	0	19	Upright	Normal
-8.6574	0.5363	4.9799	-2.6445	59.9065	-19.5279	24.1619	21.0552	-5.6069	-0.1815	0.0839	0.0681	-0.0650	0.4953	0.1583	0.8517	0.0287	-0.0473	-0.0054	-8.4759	0.4524	4.9119	-0.1183152029578931	3	0	19	Upright	Normal
-8.6951	0.4220	5.0176	-2.6818	59.7642	-19.4495	24.3654	20.8303	-5.6922	-0.2318	-0.0368	0.0848	-0.0641	0.4944	0.1579	0.8524	-0.0043	0.0006	0.0084	-8.4634	0.4588	4.9328	0.045963619532882305	3	0	19	Upright	Normal
-8.6957	0.4597	5.0182	-2.7635	59.9460	-19.5269	24.1209	21.3841	-5.6415	-0.2173	-0.0130	0.1127	-0.0641	0.4958	0.1587	0.8514	-0.0224	0.0241	0.0233	-8.4785	0.4727	4.9056	0.0024724771076787277	3	0	19	Upright	Normal
-8.7334	0.4986	4.9793	-2.8221	60.0406	-19.3877	24.5720	21.1712	-5.8152	-0.2474	0.0159	0.0881	-0.0632	0.4966	0.1579	0.8511	-0.0075	0.0049	0.0148	-8.4861	0.4827	4.8912	0.015185294687068307	3	0	19	Upright	Normal
-8.7334	0.6135	4.8644	-2.9253	60.1774	-19.3356	24.6851	20.7410	-5.9643	-0.2364	0.1131	-0.0061	-0.0624	0.4978	0.1579	0.8505	-0.0139	0.0305	0.0255	-8.4970	0.5004	4.8706	-0.049960652775576264	4	0	20	Upright	Normal
-8.6951	0.4220	4.9410	-2.9838	60.2910	-19.2622	24.7381	20.9641	-5.6250	-0.1890	-0.0884	0.0875	-0.0618	0.4987	0.1575	0.8501	-0.0086	0.0145	0.0189	-8.5061	0.5104	4.8535	-0.005728958506136195	4	0	20	Upright	Normal
-8.7724	0.5363	4.9033	-3.0235	60.4299	-19.1870	24.3849	20.8702	-5.7373	-0.2548	0.0192	0.0706	-0.0614	0.4998	0.1571	0.8495	-0.0107	0.0241	0.0146	-8.5175	0.5171	4.8327	0.05423177861416839	4	0	20	Upright	Normal
-8.6568	0.5369	4.9793	-3.0223	60.5143	-19.1081	24.2965	21.1387	-5.7853	-0.1321	0.0199	0.1594	-0.0611	0.5005	0.1564	0.8493	-0.0267	0.0273	0.0114	-8.5247	0.5170	4.8200	-0.0629492595494181	4	0	20	Upright	Normal
-8.6951	0.6518	4.9027	-3.0566	60.6473	-18.9994	23.9911	21.0571	-5.2930	-0.1595	0.1290	0.1027	-0.0606	0.5016	0.1557	0.8488	-0.0064	0.0123	0.0008	-8.5356	0.5228	4.8001	0.0022090058035146853	4	0	20	Upright	Normal
-8.7334	0.4986	4.7878	-3.0647	60.6547	-18.9265	24.0522	21.0253	-5.5925	-0.1974	-0.0256	-0.0112	-0.0602	0.5017	0.1552	0.8489	0.0064	-0.0004	-0.0044	-8.5361	0.5242	4.7990	-0.031146228592181302	4	0	20	Upright	Normal
-8.7334	0.6518	4.7878	-3.0717	60.6728	-18.8747	24.4588	20.5865	-5.7284	-0.1959	0.1264	-0.0085	-0.0600	0.5019	0.1548	0.8489	0.0127	-0.0058	-0.0054	-8.5376	0.5254	4.7963	0.008832754541810317	4	0	20	Upright	Normal
-8.6951	0.5369	4.9027	-3.0734	60.6654	-18.8347	24.9159	20.6694	-4.7080	-0.1582	0.0112	0.1053	-0.0598	0.5018	0.1545	0.8489	0.0149	-0.0185	-0.0108	-8.5370	0.5257	4.7974	0.015484317001540404	4	0	20	Upright	Normal
-8.7340	0.4980	4.9033	-3.0733	60.6523	-18.8315	23.9893	21.2241	-5.5601	-0.1981	-0.0277	0.1040	-0.0597	0.5017	0.1545	0.8490	-0.0022	0.0017	-0.0076	-8.5359	0.5257	4.7993	0.03214084042326881	4	0	20	Upright	Normal
-8.7718	0.5369	4.9027	-3.0878	60.6548	-18.7703	24.4480	20.9681	-5.7741	-0.2358	0.0087	0.1038	-0.0594	0.5018	0.1541	0.8491	-0.0022	-0.0068	-0.0108	-8.5359	0.5282	4.7989	0.03464543400699327	5	0	21	Upright	Normal
Total time: 21 seconds.
