12.5654	-0.1526	-6.3979	4.1291	-108.0533	-163.7652	-19.6744	3.0132	1.9112	3.2658	0.5535	-3.3667	0.7977	-0.1351	0.5853	0.0540	-0.8020	0.4880	-0.1204	9.2995	-0.7061	-3.0312	3.9457754727622234	6	0	1	Lying	Normal
6.2447	-1.4551	-0.0772	-1.7011	-98.6964	-153.0618	-18.3939	4.1565	-0.2417	-3.4448	-1.7461	1.4049	0.7400	-0.1673	0.6308	0.1627	-2.1165	2.0284	-1.3199	9.6895	0.2910	-1.4822	-7.688812638653446	6	0	1	Lying	Normal
11.5688	3.7541	8.5042	-9.1055	-86.9530	-148.3395	-16.5790	3.8494	-4.7952	1.8995	2.2022	7.9896	0.6756	-0.1317	0.6810	0.2499	-0.0371	-2.0505	-0.3367	9.6693	1.5519	0.5146	8.428430309433619	6	0	1	Lying	Normal
4.4053	1.1492	1.6089	-10.1353	-85.7440	-148.4017	-16.1728	3.2478	-4.6530	-5.2216	-0.5764	0.8926	0.6697	-0.1222	0.6861	0.2566	-0.2182	0.7501	0.0021	9.6269	1.7256	0.7163	-10.012230404401226	6	0	1	Lying	Normal
9.9982	2.6049	-1.4557	-9.9824	-87.1965	-151.7656	-15.3862	2.6062	-5.3570	0.3516	0.9050	-1.9279	0.6816	-0.1065	0.6850	0.2341	0.6660	-0.9874	0.1405	9.6465	1.6999	0.4723	5.605357707235359	6	0	1	Lying	Normal
10.4968	4.7124	0.4208	-11.3660	-86.7518	-149.0151	-14.7648	2.3897	-5.7008	0.8980	2.7797	-0.1239	0.6778	-0.1132	0.6788	0.2587	-0.5122	0.0097	-0.4767	9.5988	1.9327	0.5447	1.0797465937571307	6	0	1	Lying	Normal
9.3476	2.1458	2.2595	-14.8447	-89.9221	-152.5401	-14.5330	0.3705	-6.0545	-0.1317	-0.3666	2.2467	0.7024	-0.0775	0.6599	0.2552	1.2029	-0.9416	-0.3265	9.4792	2.5124	0.0129	-1.6604621312461987	6	0	1	Lying	Normal
11.6460	0.1155	3.2938	-14.1366	-90.3011	-153.1945	-14.5912	-2.9501	-4.9053	2.1365	-2.2796	3.3440	0.7045	-0.0787	0.6606	0.2471	-0.4642	0.4017	0.0379	9.5095	2.3951	-0.0501	2.250083510540719	6	0	1	Lying	Normal
7.2790	1.8393	-0.0772	-9.7139	-96.7047	-156.0988	-16.1264	-3.3686	-3.7577	-2.3209	0.1848	1.0514	0.7401	-0.0991	0.6347	0.1990	1.7068	-2.9570	0.8347	9.5999	1.6545	-1.1286	-4.595194880501719	6	0	1	Lying	Normal
4.7118	1.5323	-0.4597	-4.5654	-100.7331	-164.8938	-18.1054	-3.7545	-0.8160	-4.8927	0.7518	1.3610	0.7662	-0.0760	0.6278	0.1142	2.0743	1.2667	0.3170	9.6045	0.7805	-1.8206	-2.532208678239856	6	0	1	Lying	Normal
9.4619	-1.2641	-0.4980	-4.3787	-99.1521	-172.7510	-16.7852	-3.8229	-1.3356	-0.1915	-2.0128	1.0573	0.7608	-0.0234	0.6448	0.0700	0.5713	-1.2366	-0.9146	9.6534	0.7486	-1.5553	4.582973639553908	6	1	2	Jump	Normal
6.9336	-1.1109	-14.9781	-3.6415	-116.7624	-175.5989	-18.0826	-4.5544	1.2091	-1.8048	-1.7337	-10.5711	0.8511	-0.0160	0.5226	0.0472	0.2442	-0.5112	-0.0113	8.7384	0.6228	-4.4070	6.983493151086742	6	1	2	Jump	Normal
9.9599	-0.4214	1.2258	-8.2494	-95.9762	-166.1730	-17.6371	-3.1245	-1.5477	0.3075	-1.8284	2.2363	0.7415	-0.0414	0.6563	0.1334	-0.7273	3.9373	-0.9849	9.6524	1.4070	-1.0105	-6.498549660838433	6	1	2	Jump	Normal
6.5122	1.2641	4.0223	-11.5935	-88.7130	-166.8849	-17.1505	-3.1096	-6.6000	-3.0918	-0.7066	3.8065	0.6992	-0.0077	0.6986	0.1514	-0.2745	1.1538	0.1400	9.6040	1.9707	0.2158	-2.2859548480628664	6	1	2	PT	Normal
9.3859	0.6901	-4.3676	-10.1922	-88.6129	-174.4194	-16.2113	-3.0559	-7.0361	-0.2631	-1.0451	-4.6012	0.6980	0.0296	0.7089	0.0967	1.0933	-0.0627	0.0942	9.6489	1.7352	0.2336	2.617383294047631	6	1	2	PT	Normal
9.8450	3.1795	-0.4597	-10.4485	-87.8265	-170.3873	-16.5149	-3.2403	-7.6870	0.2080	1.4011	-0.8254	0.6938	0.0075	0.7096	0.1230	-0.3971	-0.0403	-0.2381	9.6370	1.7784	0.3657	-0.019424932643241632	0	1	2	Upright	Normal
10.1131	3.0646	-1.9537	-11.6551	-88.0784	-170.5985	-15.4819	-3.1918	-7.8155	0.5142	1.0835	-2.2757	0.6952	0.0161	0.7070	0.1290	0.1962	0.4763	-0.0975	9.5990	1.9811	0.3220	0.3904297077912453	0	1	2	Upright	Normal
8.2361	2.7581	1.3791	-13.2730	-93.3592	-179.1158	-16.4201	-4.4300	-7.2071	-1.2921	0.5067	1.9384	0.7232	0.0737	0.6808	0.0893	1.5150	-0.5059	-0.2051	9.5282	2.2514	-0.5593	-1.9518737826017745	0	0	2	Upright	Normal
9.1943	3.3716	1.5317	-13.0063	-93.3355	170.2883	-17.3360	-8.1215	-5.6477	-0.3445	1.1646	2.0877	0.7135	0.1386	0.6863	0.0244	2.2799	0.7437	0.4341	9.5388	2.2070	-0.5561	1.1176086211438676	0	0	2	Upright	Normal
5.4402	3.2950	4.4430	-34.6742	-90.7962	172.8538	-16.6106	-11.7526	-3.2665	-4.2989	2.1522	4.5551	-0.6653	-0.2512	-0.6822	-0.1700	5.5289	2.0817	1.5057	9.7392	1.1428	-0.1121	-2.1536423735531462	0	0	2	Upright	Normal
6.8576	0.3454	3.9450	-58.8373	-80.5788	-171.5760	-16.8383	-14.1925	1.6643	-2.9136	0.4040	3.1144	-0.5893	-0.3323	-0.6393	-0.3656	3.3133	1.2401	1.5866	9.7712	-0.0587	0.8306	0.16048398883892023	0	0	3	Tilt	Normal
4.7124	-5.7072	6.1286	-65.0339	-41.4484	-122.2684	-18.3341	-11.9728	1.5448	-4.3878	-3.7760	3.0263	-0.5040	-0.2963	-0.5988	-0.5473	3.2675	0.6670	2.6327	9.1002	-1.9312	3.1023	1.690394975395158	0	0	3	Tilt	Normal
12.6803	-1.2252	8.5036	-53.6647	3.0258	-69.7857	-20.1956	-9.6578	2.2965	5.0986	1.0150	2.7013	-0.3566	-0.2774	-0.5200	-0.7248	2.9468	3.2886	2.3525	7.5817	-2.2402	5.8023	5.707436917801374	0	0	3	Tilt	Normal
2.2224	-1.6083	6.7798	-45.7537	13.3313	-53.5177	-20.9400	-7.8145	1.7277	-4.6183	0.6379	0.1218	-0.2966	-0.2693	-0.4523	-0.7968	1.4203	1.2912	1.6985	6.8407	-2.2462	6.6580	-8.002953754455742	0	0	3	Tilt	Normal
5.2104	-2.1829	4.0600	-35.3541	21.6975	-45.0632	-21.0749	-6.1933	1.9509	-1.0826	-1.0253	-3.3715	-0.2067	-0.2799	-0.4114	-0.8424	1.7324	0.9216	-0.3447	6.2930	-1.1576	7.4315	-0.35699041568266576	0	0	3	Tilt	Normal
3.3327	3.7541	4.0989	-28.5830	24.8921	-44.7069	-20.0159	-7.3501	1.9565	-2.5949	3.8750	-3.7125	-0.1435	-0.2848	-0.4091	-0.8549	1.2743	1.0217	0.2936	5.9276	-0.1209	7.8114	-0.47596116127645605	0	0	3	Tilt	Normal
-3.7535	4.2144	17.8123	4.6262	4.1918	-49.9660	-13.6581	-6.4670	-5.2288	-3.6105	3.1583	8.0638	0.0520	-0.0161	-0.4204	-0.9057	-0.3993	-2.9155	-0.2646	-0.1431	1.0561	9.7484	12.20413747065696	0	0	3	Tilt	Normal
3.2567	1.7627	3.1406	-7.5910	10.2566	-47.4019	-12.1157	-5.3966	-6.7489	1.1365	1.3403	-6.4247	-0.0245	-0.1082	-0.4049	-0.9076	-0.2352	-0.8105	1.0979	2.1202	0.4224	9.5653	-13.829394384662653	0	0	3	Tilt	Normal
1.4946	1.3797	10.6488	0.5643	4.4068	-43.8153	-11.9762	-3.9260	-7.1698	1.0177	0.7886	0.8716	0.0189	-0.0338	-0.3727	-0.9272	0.3145	0.2909	-0.3903	0.4769	0.5911	9.7772	5.985754102946847	0	0	3	Tilt	Normal
1.8393	1.2264	11.1468	1.8842	7.0046	-44.6243	-11.0296	-4.2248	-7.7885	1.2131	0.1586	1.4187	0.0384	-0.0503	-0.3780	-0.9236	0.2229	-0.2960	-0.1580	0.6262	1.0678	9.7281	0.5225748334813112	0	0	3	Tilt	Normal
0.4603	1.5712	8.5802	1.4856	10.7604	-45.0309	-11.8902	-5.3049	-6.9058	-0.6569	0.0994	-1.0506	0.0478	-0.0817	-0.3801	-0.9201	0.3689	-0.5293	0.1382	1.1172	1.4718	9.6308	-2.6288914939407118	0	1	4	PT	Normal
0.8428	1.4174	9.1554	1.5465	12.4189	-44.3030	-12.3748	-6.0332	-5.5556	-0.4860	-0.2406	-0.4182	0.0532	-0.0951	-0.3735	-0.9212	0.0504	-0.2481	0.1627	1.3288	1.6580	9.5737	0.5677158809557206	0	1	4	PT	Normal
2.0686	1.8387	8.6574	0.9459	12.7773	-44.2163	-13.3319	-5.4654	-5.0332	0.6243	0.2131	-0.9050	0.0495	-0.1000	-0.3732	-0.9210	-0.0700	0.2909	-0.1068	1.4443	1.6257	9.5624	-0.213692921650237	0	1	4	Upright	Normal
1.0343	1.1109	9.7683	3.4378	8.6306	-45.0358	-11.7221	-6.4966	-6.4562	0.4058	-0.3412	0.0902	0.0564	-0.0580	-0.3796	-0.9216	-0.1733	0.4603	-0.2410	0.6285	1.4521	9.6781	0.7964909284586739	0	0	4	Upright	Normal
-1.3402	0.7284	10.3424	5.7414	5.0438	-46.0092	-10.8610	-5.8207	-7.5631	-1.2359	-0.5706	0.6228	0.0632	-0.0209	-0.3879	-0.9193	-0.0870	0.4646	-0.1824	-0.1043	1.2990	9.7196	0.5687553461854691	0	0	4	Upright	Normal
-0.9577	1.8771	9.6917	7.0619	4.1816	-46.7679	-9.9548	-5.4983	-7.6134	-0.5713	0.5326	-0.0145	0.0709	-0.0090	-0.3938	-0.9164	-0.0498	0.1130	-0.0725	-0.3864	1.3445	9.7062	-0.5361260034181168	0	0	4	Upright	Normal
-1.3408	0.8811	9.5768	7.3897	3.0743	-46.8281	-9.4927	-6.0373	-8.8653	-0.7820	-0.3642	-0.1344	0.0698	0.0010	-0.3948	-0.9161	-0.0338	0.1013	0.0319	-0.5587	1.2453	9.7112	-0.20789022282242975	0	0	4	Lying	Normal
-1.1875	1.0343	9.6151	7.7302	2.4054	-46.5347	-9.6697	-5.6759	-7.9288	-0.5140	-0.1710	-0.0938	0.0702	0.0074	-0.3927	-0.9169	0.0237	0.0108	0.0500	-0.6735	1.2053	9.7089	0.0329448725842294	0	0	4	Lying	Normal
-0.6123	1.3797	9.8827	8.5608	1.7511	-46.2192	-9.8981	-5.7124	-8.1064	0.2339	0.1538	0.1899	0.0746	0.0153	-0.3903	-0.9175	0.0003	0.1013	0.0255	-0.8462	1.2258	9.6928	0.2541049224698888	0	0	4	Upright	Normal
-0.9188	1.2264	9.4613	8.3378	1.9715	-46.2264	-9.6647	-5.7535	-8.3337	-0.1258	-0.0003	-0.2358	0.0736	0.0128	-0.3903	-0.9176	-0.0008	-0.0340	-0.0032	-0.7929	1.2267	9.6971	-0.4127175205172744	0	0	4	Upright	Normal
-1.1492	1.3024	9.5768	8.5683	1.7345	-46.1734	-9.2689	-5.7049	-8.0496	-0.3011	0.0771	-0.1158	0.0746	0.0154	-0.3899	-0.9177	-0.0146	0.0651	0.0151	-0.8481	1.2254	9.6926	0.1484428893354881	0	0	5	Lying	Normal
-1.0343	1.1875	9.5768	8.8790	1.3021	-46.0149	-9.4033	-5.1024	-8.3337	-0.1001	-0.0236	-0.1097	0.0757	0.0198	-0.3888	-0.9180	-0.0157	0.0321	0.0151	-0.9342	1.2112	9.6865	-0.027624302416803914	0	0	5	Lying	Normal
-1.0720	1.1498	9.5379	9.0645	1.0750	-45.9519	-9.6805	-5.4351	-7.9573	-0.0895	-0.0563	-0.1445	0.0764	0.0222	-0.3884	-0.9180	-0.0136	0.0449	0.0055	-0.9825	1.2061	9.6825	-0.03883326587226499	0	0	5	Lying	Normal
-1.1486	1.1881	9.5379	9.2652	0.8110	-45.9061	-9.1028	-5.2486	-9.0989	-0.1113	-0.0100	-0.1398	0.0771	0.0250	-0.3882	-0.9180	0.0003	0.0470	-0.0009	-1.0373	1.1981	9.6777	0.013420435199410718	0	0	5	Lying	Normal
-1.2252	1.1881	9.5762	9.4192	0.6168	-45.9024	-8.8092	-5.4770	-8.0816	-0.1460	-0.0043	-0.0976	0.0777	0.0271	-0.3882	-0.9179	0.0045	0.0033	-0.0063	-1.0792	1.1925	9.6738	0.04709077139226814	0	0	5	Lying	Normal
-1.1869	1.2264	9.4996	9.4397	0.5969	-45.9028	-8.9250	-5.9471	-8.5326	-0.1030	0.0340	-0.1737	0.0778	0.0273	-0.3882	-0.9179	0.0024	0.0033	0.0001	-1.0840	1.1925	9.6733	-0.07539676064360634	0	0	5	Upright	Normal
-1.1486	1.1115	9.5762	9.4551	0.5851	-45.9029	-9.6058	-5.4874	-8.7760	-0.0614	-0.0813	-0.0967	0.0779	0.0275	-0.3882	-0.9178	-0.0018	0.0087	0.0016	-1.0873	1.1928	9.6729	0.05697800734713354	0	0	5	Lying	Normal
-1.1869	1.1881	9.5379	9.4690	0.5698	-45.9029	-9.4589	-4.9417	-8.2128	-0.0961	-0.0045	-0.1345	0.0779	0.0276	-0.3882	-0.9178	-0.0040	0.0044	0.0037	-1.0909	1.1926	9.6724	-0.024052782539930817	0	0	5	Lying	Normal
-1.2252	1.1881	9.5379	9.4955	0.5500	-45.9035	-9.2394	-5.3709	-8.6166	-0.1288	-0.0051	-0.1339	0.0781	0.0279	-0.3882	-0.9178	0.0003	-0.0009	0.0037	-1.0964	1.1932	9.6718	0.004768426269556869	0	0	5	Lying	Normal
-1.2258	1.1109	9.5768	9.5064	0.5333	-45.9034	-9.3345	-5.4842	-9.0494	-0.1261	-0.0816	-0.0947	0.0781	0.0280	-0.3883	-0.9178	0.0014	0.0076	0.0048	-1.0997	1.1925	9.6715	0.02924342376556588	0	0	5	Lying	Normal
-1.1492	1.1875	9.5768	9.5233	0.5205	-45.9036	-8.9528	-5.2374	-8.9041	-0.0459	-0.0054	-0.0943	0.0782	0.0282	-0.3883	-0.9178	0.0003	0.0044	0.0016	-1.1033	1.1929	9.6711	-3.0189063771146607E-4	1	0	6	Lying	Normal
-1.1875	1.1492	9.5768	9.5319	0.5070	-45.9035	-9.2636	-5.6272	-8.5419	-0.0816	-0.0431	-0.0940	0.0782	0.0283	-0.3883	-0.9178	-0.0018	0.0118	0.0024	-1.1060	1.1923	9.6708	0.0	1	0	6	Lying	Normal
-1.2641	1.1492	9.5385	9.5741	0.4570	-45.8962	-8.9503	-5.2895	-9.0135	-0.1472	-0.0420	-0.1312	0.0784	0.0289	-0.3882	-0.9178	-0.0082	0.0161	0.0035	-1.1169	1.1913	9.6697	-0.028045970976730672	1	0	6	Lying	Normal
-1.2252	1.2264	9.5379	9.6076	0.3936	-45.8915	-9.1275	-5.3369	-9.0108	-0.0968	0.0389	-0.1309	0.0785	0.0295	-0.3882	-0.9177	-0.0008	0.0140	0.0046	-1.1284	1.1875	9.6688	0.0038752594427808873	1	0	6	Lying	Normal
-1.2641	1.1109	9.5385	9.7565	0.2075	-45.8523	-8.8017	-4.9068	-8.5791	-0.0964	-0.0720	-0.1261	0.0790	0.0315	-0.3880	-0.9177	-0.0050	0.0289	0.0035	-1.1678	1.1829	9.6646	-0.008342703876571989	1	0	6	Lying	Normal
-1.3024	1.1875	9.5768	9.9024	0.0351	-45.8153	-8.7046	-5.4699	-9.1119	-0.0973	0.0079	-0.0836	0.0796	0.0333	-0.3878	-0.9177	0.0003	0.0225	0.0035	-1.2052	1.1796	9.6605	0.05181778977680729	1	0	6	Lying	Normal
-1.3408	1.1492	9.5002	9.9170	0.0169	-45.8153	-8.9011	-5.3062	-9.0547	-0.1315	-0.0299	-0.1598	0.0797	0.0335	-0.3878	-0.9177	-0.0018	0.0129	0.0035	-1.2092	1.1791	9.6600	-0.07470382830228317	1	0	6	Upright	Normal
-1.3408	1.1109	9.6151	9.9605	-0.0613	-45.8018	-8.6890	-4.9790	-8.3641	-0.1173	-0.0640	-0.0437	0.0798	0.0343	-0.3877	-0.9177	-0.0050	0.0140	0.0024	-1.2234	1.1750	9.6588	0.10855891534182938	1	0	6	Lying	Normal
-1.3408	1.1492	9.6534	9.9700	-0.0839	-45.8017	-8.8058	-5.0684	-7.9706	-0.1134	-0.0241	-0.0051	0.0798	0.0345	-0.3877	-0.9177	0.0013	0.0118	0.0003	-1.2273	1.1733	9.6585	0.04210119039933424	1	0	6	Lying	Normal
-1.4168	1.1881	9.5762	9.9932	-0.1009	-45.8014	-8.6192	-4.9220	-8.9200	-0.1845	0.0142	-0.0816	0.0799	0.0347	-0.3877	-0.9176	-0.0040	0.0044	0.0003	-1.2323	1.1739	9.6578	-0.060513306526324584	2	0	7	Lying	Fall
-1.4174	1.1109	9.5385	10.0106	-0.1242	-45.8015	-8.9000	-5.1335	-8.5944	-0.1803	-0.0622	-0.1188	0.0800	0.0349	-0.3877	-0.9176	0.0003	0.0087	0.0035	-1.2371	1.1732	9.6573	-0.04606354003112578	2	0	7	Lying	Normal
-1.4174	1.1492	9.5768	10.1140	-0.2444	-45.7880	-9.0825	-5.0396	-8.8804	-0.1538	-0.0215	-0.0772	0.0804	0.0362	-0.3877	-0.9176	0.0035	0.0140	0.0003	-1.2635	1.1708	9.6540	0.04207869393180985	2	0	7	Lying	Normal
-1.4934	1.1881	9.6145	10.1289	-0.2564	-45.7879	-8.7867	-5.1696	-8.7663	-0.2266	0.0171	-0.0391	0.0805	0.0364	-0.3877	-0.9175	-0.0029	0.0108	0.0003	-1.2668	1.1711	9.6536	0.052971193632059155	2	0	7	Lying	Normal
-1.3785	1.0349	9.5762	10.2021	-0.3498	-45.7749	-8.6229	-5.1405	-8.7727	-0.0919	-0.1336	-0.0751	0.0807	0.0374	-0.3876	-0.9175	-0.0018	0.0172	0.0024	-1.2866	1.1685	9.6513	-0.07196123122781906	2	0	7	Lying	Normal
-1.3785	1.1498	9.5379	10.2283	-0.4083	-45.7714	-8.8350	-4.9090	-8.9036	-0.0819	-0.0147	-0.1125	0.0807	0.0379	-0.3876	-0.9175	0.0024	0.0129	-0.0007	-1.2966	1.1645	9.6504	-0.02475062548482576	2	0	7	Lying	Normal
-1.4940	1.0726	9.5385	10.2757	-0.4615	-45.7698	-8.8581	-4.7594	-8.7705	-0.1854	-0.0910	-0.1104	0.0809	0.0385	-0.3876	-0.9174	-0.0040	0.0097	0.0014	-1.3086	1.1636	9.6489	0.008838917705725535	2	0	7	Lying	Normal
-1.4557	1.1109	9.5768	10.3263	-0.5062	-45.7666	-9.0969	-5.0980	-8.4766	-0.1357	-0.0531	-0.0705	0.0812	0.0390	-0.3876	-0.9174	0.0046	0.0087	0.0030	-1.3200	1.1640	9.6473	0.036105793135435604	2	0	7	Lying	Normal
-1.5700	1.1115	9.6911	10.3394	-0.5264	-45.7665	-9.3306	-5.5209	-8.8375	-0.2460	-0.0516	0.0441	0.0812	0.0393	-0.3877	-0.9174	0.0046	0.0012	0.0009	-1.3240	1.1631	9.6470	0.12987402842760254	2	0	7	Lying	Normal
-1.5323	1.2258	9.6917	10.3699	-0.5548	-45.7663	-9.0100	-5.3178	-8.9516	-0.2013	0.0625	0.0458	0.0814	0.0396	-0.3877	-0.9173	-0.0018	0.0055	0.0041	-1.3310	1.1633	9.6459	0.008185917931141873	2	0	7	Lying	Normal
-1.4174	1.1875	9.5768	10.3922	-0.5688	-45.7657	-8.6213	-4.7088	-9.2021	-0.0820	0.0233	-0.0684	0.0815	0.0398	-0.3877	-0.9173	0.0003	-0.0020	0.0052	-1.3354	1.1642	9.6452	-0.1346751236218786	3	0	8	Lying	Normal
-1.4557	1.0726	9.5768	10.4029	-0.6003	-45.7657	-9.0827	-4.8306	-8.5866	-0.1152	-0.0889	-0.0681	0.0815	0.0401	-0.3877	-0.9173	0.0003	-0.0041	0.0062	-1.3405	1.1615	9.6449	-0.007674258430199643	3	0	8	Lying	Normal
-1.4168	1.2647	9.5379	10.4118	-0.6186	-45.7656	-8.7679	-5.0003	-8.7842	-0.0730	0.1044	-0.1067	0.0815	0.0402	-0.3877	-0.9173	0.0014	-0.0020	0.0043	-1.3437	1.1603	9.6446	-0.020867487004139207	3	0	8	Lying	Normal
-1.4168	1.1881	9.6145	10.4257	-0.6291	-45.7658	-8.5833	-5.3898	-9.0349	-0.0702	0.0275	-0.0296	0.0816	0.0404	-0.3877	-0.9173	0.0035	0.0001	0.0022	-1.3466	1.1606	9.6441	0.06554632865091747	3	0	8	Lying	Normal
-1.4174	1.1875	9.6151	10.4458	-0.6409	-45.7652	-8.8678	-5.4261	-9.2185	-0.0669	0.0259	-0.0283	0.0817	0.0405	-0.3877	-0.9173	-0.0007	-0.0031	0.0054	-1.3505	1.1616	9.6434	6.03118013417614E-4	3	0	8	Lying	Normal
-1.4557	1.2641	9.5385	10.4616	-0.6476	-45.7650	-8.3122	-5.0825	-8.6073	-0.1025	0.1015	-0.1044	0.0818	0.0406	-0.3877	-0.9172	0.0046	-0.0009	0.0065	-1.3532	1.1627	9.6429	-0.05989622691388696	3	0	8	Lying	Normal
-1.4551	1.1498	9.5379	10.4750	-0.6591	-45.7653	-8.5656	-5.4638	-9.1833	-0.0989	-0.0130	-0.1046	0.0819	0.0408	-0.3877	-0.9172	0.0035	-0.0105	0.0033	-1.3562	1.1628	9.6425	-0.01486526175064462	3	0	8	Lying	Normal
-1.4168	1.1498	9.5762	10.4857	-0.6692	-45.7650	-8.9990	-5.3404	-9.3999	-0.0582	-0.0130	-0.0660	0.0819	0.0409	-0.3877	-0.9172	0.0035	-0.0063	0.0021	-1.3586	1.1628	9.6422	0.03195825099453664	3	0	8	Lying	Normal
-1.4168	1.1115	9.4996	10.4971	-0.6800	-45.7648	-9.1461	-5.4804	-8.9291	-0.0555	-0.0513	-0.1422	0.0820	0.0410	-0.3877	-0.9172	0.0003	-0.0020	0.0042	-1.3613	1.1628	9.6417	-0.07971244704232028	3	0	8	Upright	Normal
-1.3402	1.1881	9.6528	10.5072	-0.6801	-45.7649	-8.9383	-5.2648	-9.0098	0.0223	0.0241	0.0114	0.0821	0.0410	-0.3877	-0.9172	0.0014	-0.0063	0.0031	-1.3625	1.1640	9.6414	0.1487759097892969	3	0	8	Lying	Normal
-1.4168	1.1881	9.5379	10.5129	-0.6820	-45.7645	-8.5650	-5.1429	-9.0829	-0.0533	0.0236	-0.1034	0.0821	0.0411	-0.3877	-0.9172	-0.0018	0.0023	0.0042	-1.3635	1.1645	9.6413	-0.10207421605680977	4	0	9	Lying	Normal
-1.4551	1.1115	9.6145	10.5249	-0.6876	-45.7647	-8.2475	-5.0467	-8.9883	-0.0896	-0.0536	-0.0263	0.0822	0.0412	-0.3877	-0.9172	-0.0007	-0.0020	0.0031	-1.3654	1.1651	9.6409	0.07183180423707825	4	0	9	Lying	Normal
-1.4168	1.1498	9.5762	10.5322	-0.6980	-45.7644	-8.7739	-5.7734	-9.4892	-0.0491	-0.0150	-0.0645	0.0822	0.0413	-0.3877	-0.9172	0.0003	0.0033	0.0053	-1.3677	1.1648	9.6407	-0.03882105092724508	4	0	9	Lying	Normal
-1.3402	1.1881	9.5379	10.5482	-0.6971	-45.7641	-8.9980	-5.3466	-9.5958	0.0293	0.0214	-0.1022	0.0823	0.0413	-0.3877	-0.9172	0.0003	-0.0009	0.0031	-1.3695	1.1667	9.6401	-0.04388539804974201	4	0	9	Lying	Normal
-1.3791	1.1492	9.5385	10.5512	-0.6980	-45.7641	-9.3727	-5.0831	-9.0449	-0.0091	-0.0178	-0.1016	0.0824	0.0413	-0.3877	-0.9172	-0.0007	0.0023	0.0053	-1.3699	1.1670	9.6401	0.0013550873529446505	4	0	9	Lying	Normal
-1.4174	1.1109	9.5768	10.5591	-0.7061	-45.7643	-9.0868	-5.0831	-9.2377	-0.0455	-0.0560	-0.0630	0.0824	0.0414	-0.3877	-0.9172	0.0025	0.0012	0.0031	-1.3719	1.1669	9.6398	0.03869649304093414	4	0	9	Lying	Normal
-1.3785	1.1115	9.4996	10.5775	-0.7256	-45.7638	-8.7332	-4.8740	-8.6703	-0.0021	-0.0552	-0.1396	0.0825	0.0416	-0.3877	-0.9171	-0.0018	-0.0009	0.0031	-1.3764	1.1667	9.6392	-0.0814166003835215	4	0	9	Upright	Normal
-1.4551	1.1881	9.4996	10.5812	-0.7291	-45.7639	-8.4391	-5.2801	-9.0833	-0.0778	0.0214	-0.1395	0.0825	0.0417	-0.3877	-0.9171	0.0003	0.0044	0.0031	-1.3773	1.1667	9.6391	0.020323948852849938	4	0	9	Upright	Normal
-1.4557	1.0726	9.5385	10.5835	-0.7428	-45.7636	-8.8827	-5.4214	-8.7065	-0.0765	-0.0926	-0.1004	0.0825	0.0418	-0.3877	-0.9171	0.0046	-0.0041	-0.0001	-1.3792	1.1652	9.6389	0.024814790409324772	4	0	9	Lying	Normal
-1.4940	1.2258	9.6151	10.5971	-0.7523	-45.7638	-9.2287	-4.9351	-9.0351	-0.1121	0.0602	-0.0233	0.0825	0.0419	-0.3877	-0.9171	0.0046	0.0118	0.0021	-1.3819	1.1657	9.6385	0.09901001698550793	5	0	10	Lying	Normal
-1.3791	1.1492	9.5385	10.6056	-0.7586	-45.7635	-8.7653	-5.5049	-9.0603	0.0046	-0.0168	-0.0997	0.0826	0.0420	-0.3877	-0.9171	0.0014	0.0033	0.0010	-1.3837	1.1660	9.6382	-0.10142864890509529	5	0	10	Lying	Normal
-1.4557	1.1875	9.5385	10.6176	-0.7639	-45.7632	-8.2021	-5.6028	-8.4160	-0.0699	0.0208	-0.0994	0.0827	0.0421	-0.3877	-0.9171	0.0014	0.0129	0.0031	-1.3858	1.1667	9.6379	0.015783736474860532	5	0	10	Lying	Normal
-1.4551	1.2264	9.5762	10.6243	-0.7747	-45.7634	-8.3220	-5.1175	-8.8042	-0.0672	0.0603	-0.0614	0.0827	0.0422	-0.3877	-0.9171	0.0046	0.0087	-0.0001	-1.3879	1.1661	9.6376	0.04171233563546117	5	0	10	Lying	Normal
-1.4168	1.2264	9.6528	10.6385	-0.7821	-45.7631	-8.2726	-4.9180	-8.1601	-0.0263	0.0596	0.0157	0.0828	0.0423	-0.3877	-0.9171	0.0057	0.0108	0.0021	-1.3904	1.1669	9.6371	0.06955079775228512	5	0	10	Lying	Normal
-1.4551	1.1498	9.4613	10.6814	-0.7983	-45.7593	-9.1659	-4.9925	-9.3409	-0.0576	-0.0202	-0.1745	0.0831	0.0426	-0.3877	-0.9170	0.0014	-0.0009	0.0042	-1.3975	1.1700	9.6358	-0.1916555985188655	5	0	10	Upright	Normal
-1.4940	1.1492	9.5768	10.6942	-0.8137	-45.7591	-9.1428	-5.6046	-8.5178	-0.0931	-0.0204	-0.0585	0.0831	0.0427	-0.3877	-0.9170	0.0003	-0.0116	0.0042	-1.4009	1.1696	9.6353	0.11917663902340259	5	0	10	Lying	Normal
-1.4168	1.2258	9.5379	10.7042	-0.8183	-45.7593	-8.2777	-5.2257	-8.8049	-0.0142	0.0555	-0.0971	0.0832	0.0428	-0.3877	-0.9170	-0.0018	-0.0084	0.0053	-1.4026	1.1703	9.6350	-0.04036601623568714	5	0	10	Lying	Normal
-1.5317	1.1115	9.5762	10.7127	-0.8286	-45.7590	-8.7647	-5.7666	-8.7374	-0.1269	-0.0585	-0.0585	0.0832	0.0429	-0.3877	-0.9170	-0.0018	-0.0031	0.0042	-1.4048	1.1700	9.6347	0.04125391019327651	5	0	10	Lying	Normal
-1.3408	1.1875	9.5002	10.7133	-0.8317	-45.7590	-8.8395	-5.2736	-9.2316	0.0645	0.0178	-0.1344	0.0832	0.0430	-0.3877	-0.9170	0.0014	-0.0095	0.0063	-1.4052	1.1697	9.6346	-0.09385101198967405	5	0	10	Upright	Normal
-1.3785	1.1881	9.5379	10.7174	-0.8359	-45.7591	-8.6100	-5.4848	-9.5408	0.0278	0.0186	-0.0965	0.0832	0.0430	-0.3877	-0.9170	0.0003	-0.0073	0.0042	-1.4063	1.1696	9.6344	0.042403429890905286	6	0	11	Lying	Normal
Total time: 11 seconds.
