-0.9954	-9.8061	0.8422	-78.7535	-58.5543	-52.6593	-1.1195	17.7043	11.0796	0.0899	-0.1107	-0.1550	-0.6637	0.0933	-0.0210	-0.7419	-0.0421	-0.0018	-0.0013	-1.0853	-9.6953	0.9972	0.05095447325103919	6	0	1	Upright	Normal
-0.5740	-9.7677	0.5357	-78.9150	-62.6363	-57.3315	-1.6833	17.3876	11.5903	0.4036	-0.0483	-0.3304	-0.6689	0.0917	-0.0265	-0.7372	-0.1486	-0.0156	-0.1323	-0.9776	-9.7194	0.8661	-0.09320209315977657	6	0	1	Upright	Normal
-0.7272	-10.2657	0.1909	-78.3784	-72.7402	-68.9236	-2.0953	16.5272	12.0328	-0.0187	-0.5022	-0.3950	-0.6796	0.0910	-0.0442	-0.7266	-0.3415	0.4552	-0.3416	-0.7085	-9.7636	0.5860	0.49399018642298387	6	0	1	Upright	Normal
-0.7655	-11.1851	-1.7627	-74.8512	-102.9254	-101.3851	-3.4982	15.6199	12.5627	-0.5766	-1.3970	-1.1896	-0.7205	0.1005	-0.0817	-0.6812	-1.3652	0.4861	-0.5632	-0.1890	-9.7881	-0.5731	1.0557940060164697	6	0	1	Upright	Normal
0.3837	-10.1508	-0.6901	-67.9940	-117.8140	-118.9577	-5.2284	13.4143	13.7189	-0.1035	-0.5074	1.0243	-0.7582	0.1118	-0.1256	-0.6299	-0.9647	0.4861	-0.8657	0.4872	-9.6434	-1.7144	-1.1675256252331643	6	0	1	Upright	Normal
1.0349	-7.8141	-1.8010	-65.7426	-127.6165	-134.4965	-7.2410	9.3276	16.1736	-0.5165	1.5517	0.6580	-0.7877	0.0705	-0.1535	-0.5925	-0.2009	-0.3000	-0.6953	1.5514	-9.3658	-2.4590	-2.095996651547459	6	0	1	Upright	Normal
0.5752	-7.1245	-2.2607	-66.9756	-131.3789	-138.2724	-6.3319	9.2125	15.7699	-0.9454	2.2260	0.2746	-0.7911	0.0584	-0.1417	-0.5921	0.1326	-0.7283	0.0994	1.5206	-9.3506	-2.5353	-0.5887931439229295	6	0	1	Upright	Normal
1.4940	-8.3127	-3.6009	-69.7007	-134.8975	-138.5552	-4.3942	9.0247	15.8301	0.5839	1.1519	-1.1996	-0.7864	0.0632	-0.1076	-0.6050	0.4064	-0.2596	0.6006	0.9101	-9.4646	-2.4012	1.6848023060681694	6	0	1	Upright	Normal
2.6815	-9.9982	-4.5586	-70.1876	-139.5107	-144.2174	-3.9992	10.1012	15.6371	1.6188	-0.5827	-2.0306	-0.7917	0.0465	-0.1037	-0.6003	0.0687	-0.4130	-0.1589	1.0627	-9.4155	-2.5280	2.1293721775304935	6	0	1	Upright	Normal
-0.4214	-13.1777	-4.4053	-70.8551	-131.8194	-133.1113	-4.1492	9.5042	14.4700	-0.9064	-3.6206	-2.2607	-0.7766	0.0789	-0.0946	-0.6178	0.6194	0.6651	0.7135	0.4850	-9.5571	-2.1446	2.5900879413894184	6	0	1	Upright	Normal
-1.9914	-7.4693	0.8039	-70.3481	-102.9899	-100.4531	-5.4671	10.3748	13.2186	-1.6834	2.3046	1.5452	-0.7211	0.1336	-0.1027	-0.6720	0.8431	0.4020	1.5103	-0.3080	-9.7739	-0.7413	-6.129040070806152	6	1	2	Jump	Normal
-0.8039	-10.0359	0.2292	-65.2979	-88.6499	-83.3848	-6.2009	11.1492	12.5193	0.1172	-0.2729	0.1327	-0.6795	0.1826	-0.1192	-0.7005	0.8453	0.5319	0.0168	-0.9210	-9.7630	0.0965	2.29875827358898	6	1	2	PT	Normal
0.4214	-9.3853	0.4214	-62.2248	-85.5353	-81.6152	-7.5404	11.5931	12.7765	1.1788	0.3856	0.0657	-0.6670	0.1921	-0.1452	-0.7050	0.5928	0.5596	-0.1058	-0.7575	-9.7709	0.3557	-0.6664528363631153	6	1	2	PT	Normal
-0.6129	-9.0022	1.2641	-54.2949	-73.7082	-71.6021	-8.7227	11.9995	12.9762	0.2382	0.6348	-0.3413	-0.6083	0.2193	-0.1945	-0.7376	1.5707	-0.6420	0.4439	-0.8511	-9.6370	1.6055	-0.2930433936017032	0	1	2	Upright	Normal
1.5323	-10.1514	1.9537	-52.7505	-77.0539	-74.0334	-7.7137	13.1822	15.5850	2.4799	-0.4815	0.6240	-0.6135	0.2363	-0.2010	-0.7262	-0.3138	-0.0135	-0.1196	-0.9477	-9.6699	1.3297	1.3394782668432192	0	0	2	Upright	Normal
3.1412	-12.4882	-0.5746	-54.3179	-76.8514	-78.0107	-3.6061	12.6358	19.0137	3.3525	-2.7704	-1.8757	-0.6259	0.2046	-0.2183	-0.7202	-0.9987	1.4054	-0.4754	-0.2113	-9.7178	1.3011	2.4393770720531034	0	0	2	Upright	Normal
-3.1023	-12.9856	0.6506	-60.4563	-98.9406	-101.0385	2.5251	6.8005	19.4714	-3.6556	-3.2233	1.4021	-0.7149	0.1650	-0.1901	-0.6523	-1.3620	-0.4172	-0.9623	0.5534	-9.7622	-0.7515	0.4768622002763987	0	0	2	Upright	Normal
0.3454	-8.6185	0.4591	-64.8236	-116.2639	-124.3192	1.7995	2.4064	14.6426	-1.3690	0.8591	2.3050	-0.7661	0.0846	-0.1815	-0.6107	-1.5505	-2.6511	-2.0007	1.7144	-9.4776	-1.8459	-4.729247972249253	0	0	2	Upright	Normal
-1.7998	-5.0176	-0.8434	-69.8125	-172.3951	175.4573	0.0773	1.0127	10.6104	-3.8161	3.9742	2.5111	-0.8161	-0.0703	-0.0770	-0.5684	-0.6621	-1.4026	-0.2291	2.0162	-8.9919	-3.3544	-3.240692063850072	0	0	2	Upright	Normal
-0.1143	-7.3161	-3.0269	-71.2651	153.9443	146.8900	-1.5780	0.3859	10.1151	-1.0636	2.0255	-0.1972	-0.7964	-0.0997	0.0139	-0.5963	1.1904	-1.0393	1.1472	0.9493	-9.3416	-2.8296	2.5214297023166257	0	0	2	Upright	Normal
2.5289	-9.5762	-4.4059	-69.4110	148.6930	139.7142	-2.9880	1.0593	10.4256	1.3445	-0.2979	-1.4594	-0.7961	-0.1284	0.0195	-0.5911	0.8836	-0.2457	-0.1567	1.1844	-9.2783	-2.9465	2.921878540892684	0	1	3	PT	Normal
-3.4471	-14.4412	1.3018	-80.2059	162.0177	161.3537	-4.6798	3.2279	10.1533	-3.5172	-4.7639	2.8883	-0.7618	-0.0230	0.0149	-0.6472	1.3683	1.1370	0.1618	0.0702	-9.6774	-1.5865	4.063629659202496	0	1	3	Jump	Normal
-1.8381	-11.2234	1.5700	-83.9016	-141.8282	-137.1756	-6.4947	4.9925	10.3347	-1.0723	-1.4810	2.3879	-0.7341	0.0530	0.0043	-0.6770	0.3829	-0.0923	1.1568	-0.7658	-9.7425	-0.8179	-3.423097339862247	0	1	3	PT	Normal
0.1149	-7.0868	0.2682	-73.7955	-86.1639	-81.7899	-6.6855	6.8626	9.2847	0.8887	2.6876	0.0851	-0.6891	0.1258	-0.0724	-0.7100	1.1297	1.0177	-0.1470	-0.7738	-9.7745	0.1830	-4.387972161885932	0	1	3	Jump	Normal
-1.1103	-9.6528	1.2635	-52.5583	-76.0620	-73.8907	-8.0453	10.1014	7.3398	-0.2711	0.0118	-0.1724	-0.6108	0.2319	-0.2065	-0.7284	1.4099	0.9559	0.5135	-0.8392	-9.6646	1.4359	2.7054477812747457	0	1	3	PT	Normal
0.8045	-10.8409	-0.8811	-44.8671	-79.0153	-75.6209	-8.1414	11.5004	6.2528	1.9184	-1.1881	-2.2054	-0.5931	0.2841	-0.2454	-0.7122	-0.5353	1.0731	0.2748	-1.1139	-9.6528	1.3243	1.1081077809052342	0	1	3	PT	Normal
3.8696	-12.0279	-1.0732	-39.4716	-81.5109	-84.2001	-7.3467	13.5027	5.6669	3.9343	-2.2853	-2.1905	-0.6018	0.2844	-0.3144	-0.6768	-0.9252	0.8227	-0.5806	-0.0646	-9.7426	1.1173	1.7741741203875634	0	1	3	PT	Normal
-1.4934	-13.8666	1.3018	-35.7059	-94.3785	-97.9044	-8.6044	13.4670	7.9663	-2.4051	-4.1213	1.9098	-0.6634	0.3014	-0.3401	-0.5944	-0.8155	-0.4545	-0.6104	0.9117	-9.7453	-0.6080	1.326875882852823	0	1	3	PT	Normal
0.2298	-8.6191	1.7238	-34.8524	-103.2966	-107.6530	-11.3061	12.6799	9.6393	-1.4359	0.8661	3.5747	-0.7137	0.2916	-0.3393	-0.5390	-1.5526	-4.2010	-1.9527	1.6658	-9.4852	-1.8509	-5.214618648252667	0	1	3	Jump	Normal
-1.0726	-5.5545	-0.2298	-47.0459	-116.5490	-120.9196	-9.6810	9.7365	15.4762	-2.8280	3.6199	2.7569	-0.7820	0.2019	-0.2521	-0.5331	-0.3446	-1.0287	-0.0885	1.7554	-9.1744	-2.9868	-3.1310111648448213	0	2	4	PT	Normal
-1.9154	-6.1292	-1.6472	-56.6629	-119.3565	-118.5889	-7.4720	11.3245	16.5961	-2.4784	3.2982	0.9949	-0.7756	0.1820	-0.1729	-0.5791	0.5885	-1.1821	0.8809	0.5631	-9.4273	-2.6422	0.9676332833424635	0	2	4	PT	Normal
5.2481	-13.6757	-7.6614	-60.5915	-129.3015	-132.5354	-5.3827	12.1174	16.9242	4.1052	-4.4257	-4.6114	-0.8012	0.1163	-0.1549	-0.5661	0.7600	-0.3395	-0.5189	1.1429	-9.2500	-3.0501	9.901296991004966	0	2	4	Jump	Normal
-2.5660	-11.2234	2.3744	-63.9179	-109.2645	-108.0613	-5.8315	14.3505	16.0033	-2.6733	-1.5211	3.7971	-0.7399	0.1584	-0.1439	-0.6378	1.3651	0.0185	0.1970	0.1073	-9.7024	-1.4226	-4.775420133968366	0	2	4	Jump	Normal
-3.1795	-12.9478	1.3024	-65.3284	-97.8729	-91.9174	-4.8687	17.2119	13.6991	-2.2845	-3.1982	1.8633	-0.7027	0.1864	-0.1146	-0.6770	0.6685	1.0156	0.2847	-0.8950	-9.7496	-0.5608	1.6406416794582785	0	2	4	PT	Normal
-0.1532	-7.6998	0.8428	-58.7089	-88.6904	-83.9538	-5.9506	18.6668	12.0115	0.6891	2.0701	0.7265	-0.6681	0.2184	-0.1622	-0.6926	0.3436	1.3011	-0.0242	-0.8423	-9.7698	0.1163	-5.6486286838881465	0	2	4	Jump	Normal
0.1155	-9.0782	1.1869	-47.9354	-80.6276	-77.7787	-8.9779	19.5668	9.6342	1.0051	0.6294	0.1170	-0.6123	0.2657	-0.2329	-0.7073	1.4131	0.8036	0.3284	-0.8896	-9.7076	1.0699	1.408885889151282	0	2	4	PT	Normal
2.3373	-10.6105	1.4551	-42.2323	-78.7794	-75.2935	-8.7178	21.4273	6.2740	3.5388	-0.9807	0.0422	-0.5820	0.2987	-0.2593	-0.7105	-0.4128	0.5564	0.2986	-1.2014	-9.6298	1.4129	1.8056999586269118	0	2	4	PT	Normal
3.9079	-11.8363	1.7998	-41.7987	-78.2040	-79.1306	-9.1214	21.2162	5.9021	4.4059	-2.1570	0.3054	-0.5887	0.2779	-0.2883	-0.7022	0.2733	-0.7677	-0.5857	-0.4980	-9.6793	1.4944	1.632116108207864	0	2	4	PT	Normal
-0.9194	-12.2583	0.2676	-44.1764	-92.0386	-95.5601	-11.2453	19.0282	8.5734	-1.6269	-2.4804	0.5177	-0.6693	0.2547	-0.2947	-0.6328	-1.0424	-0.6612	-0.5463	0.7075	-9.7779	-0.2502	-0.2983625183798697	0	2	4	Tilt	Normal
1.1115	-8.9250	1.3402	-41.4547	-98.8744	-105.9108	-14.2857	15.5048	10.0236	-0.5813	0.6677	2.4741	-0.7058	0.2443	-0.3235	-0.5810	-1.0051	-4.3022	-2.2965	1.6929	-9.5927	-1.1340	-3.202392290069648	0	0	5	Tilt	Normal
1.3797	-8.0822	0.6123	-52.3826	-111.7839	-122.4916	-14.0102	11.3881	13.7848	-1.0805	1.1473	2.8337	-0.7704	0.1404	-0.2653	-0.5624	-0.6301	-1.8138	-0.8808	2.4602	-9.2295	-2.2214	-0.8713013312549798	0	0	5	Tilt	Normal
-2.2601	-6.8187	-1.0343	-58.5023	-125.0786	-131.7278	-11.4405	9.2670	17.4324	-4.0152	2.3694	1.9103	-0.7986	0.1109	-0.1899	-0.5602	0.5769	-1.9810	0.2729	1.7551	-9.1880	-2.9446	-0.9643668015662952	0	0	5	Tilt	Normal
4.4436	-11.1091	-3.9073	-71.5285	-147.7824	-153.5659	-5.8164	10.3875	17.7391	3.2652	-1.7349	-1.2790	-0.7960	0.0204	-0.0908	-0.5981	0.2999	-3.3648	-0.1756	1.1784	-9.3742	-2.6284	5.329104938733878	0	0	5	Tilt	Normal
-1.6855	-7.2018	-0.2682	-77.1574	178.6336	173.8802	-0.6400	10.8984	18.1136	-2.4719	2.3275	1.9104	-0.7810	-0.0343	-0.0240	-0.6232	1.7198	-0.4939	-0.0260	0.7863	-9.5292	-2.1786	-5.185419205589939	0	0	5	Tilt	Normal
0.2304	-12.0662	0.4208	-77.3278	140.3946	140.8010	3.0113	12.6657	16.1492	0.4164	-2.4023	2.0782	-0.7631	-0.0470	0.0520	-0.6425	1.0913	0.5277	0.2488	-0.1860	-9.6639	-1.6574	4.6744660848646475	0	0	5	Tilt	Normal
2.7198	-6.6272	2.9497	-65.0909	105.1480	103.6662	5.1137	14.0875	14.1472	2.6980	3.1199	4.0290	-0.7284	-0.1566	0.1388	-0.6525	-0.2935	-4.0583	-1.1051	0.0218	-9.7471	-1.0793	-4.328616581169845	0	0	5	Tilt	Normal
0.6512	-7.8147	0.8811	-41.8816	95.7479	95.5506	10.8196	15.4028	12.1679	0.9424	1.9604	1.6123	-0.6741	-0.2880	0.2858	-0.6173	0.1432	-3.0367	-0.1080	-0.2912	-9.7751	-0.7313	0.14401309419566566	0	0	5	Tilt	Normal
0.5752	-10.4956	1.1869	-29.3734	93.2069	92.5864	14.3664	15.8592	8.3544	0.7483	-0.7021	1.6650	-0.6285	-0.3597	0.3531	-0.5924	0.2380	-1.8148	-0.2476	-0.1731	-9.7935	-0.4781	2.687017066178278	0	0	5	Tilt	Normal
1.3024	-9.8067	1.8004	-3.3003	92.0714	91.4807	16.4013	16.6754	3.4062	1.5354	-0.0091	2.1543	-0.5292	-0.4878	0.4825	-0.4991	-0.1358	-4.2927	-0.1468	-0.2330	-9.7975	-0.3539	-0.5228479225603788	0	0	5	Tilt	Normal
-1.1492	-9.4619	2.3750	7.9774	91.3104	91.0689	17.8840	16.4642	-0.5215	-0.9351	0.3400	2.5973	-0.4751	-0.5344	0.5325	-0.4529	-0.2178	0.2880	-0.0616	-0.2141	-9.8019	-0.2222	-0.23242647067922562	0	0	6	Tilt	Normal
-1.8381	-13.1771	-2.9886	14.5268	100.7428	89.8637	18.0674	16.3005	0.6378	-1.4026	-3.5412	-1.2189	-0.4825	-0.5978	0.5158	-0.3791	-2.4272	-1.9342	-0.9010	-0.4356	-9.6359	-1.7696	3.8133402809744545	0	0	6	Tilt	Normal
-2.9108	-7.2012	-5.2104	17.8261	107.3294	85.4390	16.7229	16.7940	1.3132	-2.7638	2.2019	-2.4295	-0.4725	-0.6470	0.4888	-0.3454	-0.2264	0.5564	-0.7391	-0.1469	-9.4031	-2.7809	-4.283229336327949	0	0	6	Tilt	Normal
2.5672	-9.4230	-0.3837	17.4142	104.0109	82.0603	15.2611	17.4812	0.5252	1.9567	0.0989	1.8818	-0.4411	-0.6488	0.4894	-0.3807	0.9305	-1.1618	-0.6891	0.6105	-9.5219	-2.2655	0.4209956942091502	0	0	6	Tilt	Normal
-2.8341	-8.4653	-4.5592	28.7632	100.5517	86.3142	14.8296	17.9584	-2.8183	-2.5914	1.2112	-2.9848	-0.3938	-0.6521	0.5628	-0.3209	0.5363	-0.5397	0.4565	-0.2427	-9.6765	-1.5743	0.24997789387132485	0	0	6	Tilt	Normal
-0.4974	-9.9210	-1.4563	27.9958	98.0330	91.6938	16.2029	16.9054	-4.9930	0.4328	-0.2337	-0.2462	-0.4150	-0.6241	0.5838	-0.3123	0.3861	-0.1094	0.3287	-0.9301	-9.6872	-1.2101	0.015686362412294486	0	0	6	Tilt	Normal
-0.4591	-10.8020	-1.8777	31.8611	97.0620	92.8330	16.7034	15.7725	-5.7565	0.6577	-1.1130	-0.8535	-0.3966	-0.6284	0.6031	-0.2900	-0.0688	-0.5344	-0.2178	-1.1167	-9.6890	-1.0241	0.9339487961148549	0	0	6	Tilt	Normal
-2.2212	-6.0136	-2.9886	35.6965	100.7171	85.9979	14.6343	17.0346	-6.4689	-1.8322	3.6729	-1.5074	-0.3569	-0.6694	0.5868	-0.2832	0.0047	-0.2841	-0.2966	-0.3891	-9.6865	-1.4811	-3.9004856029494066	0	0	6	Tilt	Normal
2.3373	-12.7174	0.0760	35.8893	99.1999	82.4649	13.4479	17.8275	-6.9211	1.9791	-2.9999	1.3463	-0.3274	-0.6765	0.5829	-0.3091	-0.5982	-0.8806	-1.0114	0.3582	-9.7175	-1.2703	5.857515554820819	0	0	6	Tilt	Normal
0.8817	-8.8867	-1.2264	36.9057	101.2631	77.8015	11.4206	18.5516	-6.8304	-0.0263	0.7570	0.3053	-0.3043	-0.6968	0.5683	-0.3146	0.0314	0.4073	-0.6288	0.9080	-9.6437	-1.5317	-3.916473527238699	0	1	7	Jump	Normal
2.5672	-9.8444	-1.3414	35.9397	102.5188	72.6827	10.6710	19.1221	-6.1725	0.9086	-0.3334	0.3798	-0.2842	-0.7120	0.5466	-0.3369	-0.5843	-0.1786	-0.6981	1.6586	-9.5110	-1.7211	1.2475315655755228	0	1	7	PT	Normal
1.8004	-8.0445	-2.3367	35.4833	105.8377	68.0546	9.5523	19.1276	-5.6859	-0.2843	1.2869	-0.1574	-0.2729	-0.7325	0.5228	-0.3399	-0.5875	-0.0881	-0.4861	2.0848	-9.3314	-2.1793	-1.6933906501117466	0	1	7	PT	Normal
3.2944	-9.1937	-2.7198	34.5316	110.4267	61.9770	7.2238	20.5711	-4.2051	0.6895	-0.1695	0.0998	-0.2586	-0.7595	0.4895	-0.3415	-0.7218	-0.5568	-0.5617	2.6049	-9.0242	-2.8196	1.569485925724674	0	1	7	PT	Normal
2.2601	-8.3510	-3.9073	34.1060	117.1206	56.2461	7.2686	19.8938	-3.3382	-0.5053	0.2990	-0.2058	-0.2496	-0.7915	0.4557	-0.3219	-0.5183	-0.2787	-0.2485	2.7655	-8.6500	-3.7016	-0.6449236824388684	0	1	7	PT	Normal
2.6821	-8.1971	-4.0995	33.0340	119.5212	53.4711	6.6984	19.7598	-2.7542	-0.2804	0.2280	-0.0483	-0.2448	-0.8041	0.4366	-0.3207	-0.4054	-0.0604	-0.3829	2.9625	-8.4252	-4.0511	0.05659834087170168	0	1	7	Tilt	Normal
3.1795	-8.2361	-4.8650	30.4265	123.2626	48.7861	5.5056	19.9995	-1.3053	-0.1740	-0.2728	-0.2270	-0.2371	-0.8248	0.3996	-0.3222	-0.6770	-0.1179	-0.4596	3.3535	-7.9633	-4.6380	0.5307672178650051	0	0	7	Tilt	Normal
3.5249	-7.7758	-5.4785	27.2898	127.5914	44.0687	4.9631	20.0140	-0.0490	-0.1507	-0.4003	-0.1621	-0.2305	-0.8473	0.3572	-0.3184	-0.6472	-0.0849	-0.5054	3.6755	-7.3755	-5.3165	0.06384207366020611	0	0	7	Tilt	Normal
3.8690	-7.1251	-5.8227	24.5394	129.9805	40.7448	4.1919	18.9094	1.6044	-0.1160	-0.2378	-0.0908	-0.2240	-0.8614	0.3244	-0.3202	-0.5034	-0.0422	-0.5608	3.9850	-6.8874	-5.7319	-0.16207365128776452	0	0	7	Tilt	Normal
3.9073	-5.9759	-5.8993	21.0491	131.7636	37.5000	2.5172	18.8706	2.9765	-0.4676	0.3383	0.1966	-0.2178	-0.8737	0.2870	-0.3268	-0.6184	0.1761	-0.5800	4.3750	-6.3143	-6.0959	-0.7202305309093262	0	0	7	Tilt	Normal
5.2481	-6.0908	-7.2018	17.5644	133.5685	34.1986	1.5171	18.7063	4.0069	0.5177	-0.4100	-0.7579	-0.2095	-0.8858	0.2487	-0.3311	-0.5098	-0.0966	-0.4235	4.7303	-5.6808	-6.4438	1.5320534619069708	0	1	8	PT	Normal
4.9039	-4.8261	-6.9725	15.3875	135.5050	31.8076	0.9648	18.2853	5.2394	0.0414	0.3739	-0.2280	-0.2026	-0.8960	0.2220	-0.3269	-0.2541	-0.1466	-0.2254	4.8625	-5.2001	-6.7445	-0.9981350319736038	0	1	8	PT	Normal
5.0572	-4.5580	-6.9342	13.9276	137.0400	30.2094	1.1041	17.4163	5.9142	0.1508	0.2976	0.0317	-0.1978	-0.9033	0.2036	-0.3215	-0.2914	-0.1189	-0.2126	4.9063	-4.8556	-6.9659	-0.07797048691822361	0	1	8	Tilt	Normal
4.5586	-4.8650	-7.1635	12.4556	138.0875	29.4453	-0.0083	17.3522	6.5568	-0.3723	-0.2740	-0.0374	-0.1984	-0.9077	0.1883	-0.3181	-0.3308	0.0611	-0.1253	4.9309	-4.5910	-7.1260	0.06824480473802197	0	1	8	Tilt	Normal
5.3630	-3.9456	-7.0102	10.5342	138.7992	28.3826	-0.1156	16.8604	7.5460	0.3211	0.3118	0.2441	-0.1972	-0.9116	0.1692	-0.3186	-0.2733	-0.0273	-0.2275	5.0419	-4.2575	-7.2543	-0.11783420612115059	0	1	8	Tilt	Normal
5.1332	-4.1755	-7.6614	9.8335	139.1705	26.8185	-0.9297	16.5398	7.6964	-0.0171	-0.1517	-0.3502	-0.1875	-0.9152	0.1587	-0.3194	-0.0368	0.0004	-0.3204	5.1502	-4.0238	-7.3113	0.4552049763827579	0	0	8	Tilt	Normal
5.4396	-3.3327	-7.3167	8.5617	139.3023	25.6916	-1.7941	16.8638	8.0559	0.1571	0.4371	0.0355	-0.1826	-0.9173	0.1453	-0.3225	-0.2637	0.0803	-0.0946	5.2825	-3.7698	-7.3521	-0.4160931997798816	0	0	8	Tilt	Normal
5.6695	-3.0263	-7.0868	6.5958	140.0333	25.2221	-1.1408	16.4259	8.3193	0.3388	0.4390	0.3795	-0.1857	-0.9199	0.1273	-0.3211	-0.3724	-0.0273	0.1025	5.3307	-3.4653	-7.4663	-0.14038449371000894	0	0	8	Tilt	Normal
5.1332	-3.6775	-7.4699	5.3883	140.6950	25.1578	-1.3637	15.5275	8.5078	-0.1866	-0.3916	0.0848	-0.1894	-0.9216	0.1164	-0.3182	-0.1327	-0.0209	-0.0722	5.3198	-3.2859	-7.5548	0.21442419986328254	0	0	8	Tilt	Normal
5.4779	-2.8347	-7.5848	4.9652	140.8797	24.8193	-1.3960	15.7848	9.5843	0.1383	0.3603	-0.0051	-0.1881	-0.9225	0.1117	-0.3179	-0.0518	-0.0007	-0.0477	5.3397	-3.1951	-7.5797	-0.005167227204625036	0	0	8	Tilt	Normal
5.2098	-3.1029	-7.6614	4.6318	141.2766	24.7349	-1.6235	15.3589	9.1325	-0.1035	0.0251	-0.0355	-0.1888	-0.9237	0.1082	-0.3154	-0.0634	-0.0167	-0.0229	5.3133	-3.1280	-7.6260	-0.005374336226935839	1	0	9	Tilt	Normal
5.1721	-3.0257	-7.7004	4.3554	141.6712	24.6894	-1.3833	15.5128	9.5476	-0.1097	0.0456	-0.0296	-0.1896	-0.9247	0.1052	-0.3128	-0.0549	-0.0060	0.0026	5.2818	-3.0713	-7.6707	-0.01359142100112365	1	0	9	Tilt	Normal
5.3253	-2.9874	-7.7387	4.0578	141.7958	24.6798	-0.8658	14.6279	10.0002	0.0419	0.0407	-0.0518	-0.1905	-0.9250	0.1026	-0.3123	-0.0475	0.0057	0.0016	5.2834	-3.0281	-7.6869	0.10039528416470667	1	0	9	Tilt	Normal
5.2870	-3.0640	-7.5854	3.9017	141.7849	24.7992	-1.2407	14.6901	9.0304	-0.0001	-0.0434	0.1018	-0.1919	-0.9247	0.1017	-0.3126	-0.0326	0.0142	0.0261	5.2871	-3.0206	-7.6872	-0.1169550491381166	1	0	9	Tilt	Normal
5.2481	-2.9880	-7.6231	3.5759	142.0473	25.0873	-1.2090	14.9040	9.4428	-0.0096	0.0061	0.0946	-0.1954	-0.9248	0.0994	-0.3109	-0.0592	-0.0422	0.0399	5.2577	-2.9941	-7.7177	-0.01522739884583757	1	0	9	Tilt	Normal
5.0949	-2.8347	-7.7381	3.3145	142.3367	25.3127	-1.4558	14.7383	9.3668	-0.1300	0.1330	0.0121	-0.1982	-0.9251	0.0974	-0.3088	-0.0283	0.0270	0.0301	5.2249	-2.9678	-7.7502	-0.03660337909145639	1	0	9	Tilt	Normal
5.2104	-2.9491	-7.7004	3.1981	142.4247	25.4724	-1.5697	14.9860	9.4806	-0.0019	0.0144	0.0599	-0.1999	-0.9250	0.0967	-0.3082	-0.0230	-0.0156	0.0311	5.2123	-2.9634	-7.7602	0.06531435981400158	1	0	9	Tilt	Normal
5.0188	-2.9108	-7.7770	3.0683	142.7381	25.6510	-1.3990	14.7998	9.6558	-0.1526	0.0362	0.0168	-0.2019	-0.9255	0.0956	-0.3058	-0.1050	-0.0444	0.0642	5.1715	-2.9470	-7.7937	-0.05133338729874559	1	0	9	Tilt	Normal
4.9805	-2.8724	-8.0451	2.7935	143.2116	25.9359	-0.8337	14.7350	9.9903	-0.1333	0.0404	-0.2007	-0.2054	-0.9262	0.0933	-0.3022	-0.0581	-0.0050	0.0450	5.1139	-2.9128	-7.8445	0.18563881899873813	1	0	9	Tilt	Normal
5.2487	-2.9491	-7.8153	2.4684	143.2709	26.1447	-1.4866	14.7646	9.7011	0.1332	-0.0609	0.0373	-0.2080	-0.9258	0.0912	-0.3022	-0.0315	-0.0071	0.0333	5.1155	-2.8882	-7.8525	-0.023020691390421177	1	0	9	Tilt	Normal
4.9422	-2.8724	-7.9302	2.4425	143.3781	26.2240	-1.0019	15.0557	9.6361	-0.1574	0.0136	-0.0666	-0.2088	-0.9259	0.0910	-0.3013	-0.0241	-0.0018	0.0140	5.0996	-2.8861	-7.8636	-0.08965210344323538	2	0	10	Tilt	Fall
5.1338	-2.8341	-7.7004	2.3865	143.4295	26.2486	-0.4859	14.5435	9.5599	0.0385	0.0443	0.1688	-0.2092	-0.9260	0.0905	-0.3010	-0.0145	-0.0007	0.0098	5.0953	-2.8784	-7.8691	-0.09663011003144462	2	0	10	Tilt	Normal
5.1332	-2.9113	-7.8147	2.3175	143.4164	26.3399	-0.6502	14.4589	10.1287	0.0365	-0.0326	0.0536	-0.2101	-0.9258	0.0902	-0.3012	0.0047	-0.0135	-0.0051	5.0967	-2.8787	-7.8682	0.11353762578235127	2	0	10	Tilt	Normal
5.0949	-2.8730	-7.8913	2.2364	143.4172	26.4564	-0.3734	14.4223	10.0430	-0.0007	0.0060	-0.0224	-0.2113	-0.9255	0.0898	-0.3012	-0.0059	-0.0092	0.0002	5.0956	-2.8790	-7.8688	0.030068692150400977	2	0	10	Tilt	Normal
5.2487	-3.0257	-7.9302	2.1544	143.4774	26.5841	-0.9253	14.8672	10.3554	0.1619	-0.1487	-0.0549	-0.2126	-0.9254	0.0894	-0.3008	-0.0336	-0.0327	0.0290	5.0868	-2.8769	-7.8753	0.15690316526803016	2	0	10	Tilt	Normal
4.7507	-2.6043	-8.1217	2.0861	143.7707	26.7034	-1.0005	14.3648	10.3017	-0.2976	0.2575	-0.2162	-0.2139	-0.9259	0.0886	-0.2985	-0.0070	-0.0092	0.0045	5.0483	-2.8618	-7.9055	-0.21670292592346918	2	0	10	Tilt	Normal
5.0572	-3.0257	-7.7387	2.0935	143.6379	26.8083	-0.7354	14.8873	9.7028	-0.0019	-0.1459	0.1532	-0.2147	-0.9254	0.0892	-0.2994	0.0068	0.0206	-0.0115	5.0591	-2.8798	-7.8919	-0.035707285026209235	2	0	10	Tilt	Normal
5.0566	-2.9880	-7.7764	1.8780	143.8076	26.9764	-0.3698	14.7533	9.8128	0.0135	-0.1299	0.1338	-0.2167	-0.9254	0.0876	-0.2984	-0.0901	-0.0454	0.0460	5.0431	-2.8581	-7.9101	0.018083932573102146	2	0	10	Tilt	Normal
4.9805	-2.7192	-7.9302	1.4286	144.2465	27.4636	-0.2109	14.3427	10.1853	-0.0121	0.0995	0.0259	-0.2222	-0.9254	0.0844	-0.2954	-0.0560	0.0014	0.0460	4.9927	-2.8187	-7.9561	0.0060399379057365365	2	0	10	Tilt	Normal
5.0572	-2.8341	-7.8153	1.2430	144.3003	27.6084	0.1161	14.1475	10.1943	0.0663	-0.0290	0.1468	-0.2239	-0.9251	0.0832	-0.2952	-0.0198	0.0057	-0.0051	4.9909	-2.8051	-7.9621	-0.02059319408536986	3	0	11	Tilt	Normal
5.0182	-2.9113	-8.0062	1.1582	144.3454	27.6764	-0.3616	14.3268	10.0445	0.0308	-0.1136	-0.0395	-0.2247	-0.9250	0.0826	-0.2949	-0.0187	-0.0124	-0.0145	4.9874	-2.7978	-7.9667	0.15653679456180747	3	0	11	Tilt	Normal
5.0182	-2.7581	-8.0828	1.0752	144.3783	27.7862	-0.0545	14.3884	9.9416	0.0349	0.0370	-0.1125	-0.2258	-0.9249	0.0821	-0.2948	-0.0059	-0.0018	-0.0070	4.9834	-2.7951	-7.9703	0.018383773975685358	3	0	11	Tilt	Normal
4.9416	-2.6815	-7.9296	0.9248	144.5044	27.8853	-0.5124	13.6356	10.3173	-0.0311	0.0956	0.0536	-0.2271	-0.9249	0.0809	-0.2940	-0.0272	-0.0114	0.0111	4.9728	-2.7771	-7.9832	-0.18509498741283004	3	0	11	Tilt	Normal
4.9033	-2.7581	-7.9679	0.8527	144.6565	27.9437	-0.5189	14.6450	10.3311	-0.0524	0.0055	0.0305	-0.2279	-0.9251	0.0802	-0.2929	-0.0230	-0.0082	0.0154	4.9557	-2.7637	-7.9984	0.03329966210923274	3	0	11	Tilt	Normal
4.9039	-2.6809	-8.0451	0.7954	144.7590	27.9726	-0.3958	14.4682	10.0511	-0.0414	0.0715	-0.0364	-0.2283	-0.9253	0.0796	-0.2921	-0.0176	0.0004	0.0132	4.9454	-2.7524	-8.0088	0.04205731963092063	3	0	11	Tilt	Normal
4.9039	-2.7575	-8.0068	0.7607	144.7685	28.0188	-0.0814	14.2365	10.6398	-0.0403	-0.0060	0.0028	-0.2288	-0.9252	0.0794	-0.2921	-0.0155	-0.0060	0.0122	4.9442	-2.7515	-8.0097	-0.010122526261154619	3	0	11	Tilt	Normal
4.9039	-2.7575	-7.9685	0.6844	144.7845	28.1214	-0.1785	14.0474	10.5905	-0.0385	-0.0076	0.0429	-0.2298	-0.9250	0.0790	-0.2920	-0.0177	-0.0071	0.0109	4.9424	-2.7499	-8.0114	-0.031312238755701216	3	0	11	Tilt	Normal
4.9039	-2.6809	-7.9302	0.6243	144.7902	28.2105	-0.0081	14.4725	10.6222	-0.0374	0.0690	0.0819	-0.2307	-0.9248	0.0787	-0.2921	-0.0081	-0.0028	0.0066	4.9413	-2.7499	-8.0120	-0.05270829845353475	3	0	11	Tilt	Normal
4.8656	-2.7575	-8.0451	0.5503	144.7998	28.3179	0.1512	14.7223	10.4516	-0.0742	-0.0081	-0.0320	-0.2318	-0.9246	0.0784	-0.2921	0.0004	0.0004	0.0066	4.9398	-2.7494	-8.0131	0.09630742641765089	3	0	11	Tilt	Normal
4.8650	-2.6815	-7.9679	0.4835	144.8020	28.4048	0.2616	15.0456	10.2626	-0.0748	0.0670	0.0455	-0.2326	-0.9244	0.0781	-0.2921	-0.0123	0.0036	0.0066	4.9398	-2.7485	-8.0134	-0.08484426265224165	4	0	12	Tilt	Normal
4.8656	-2.7958	-8.0451	0.4219	144.8064	28.5045	0.0564	14.0521	10.5080	-0.0730	-0.0465	-0.0313	-0.2336	-0.9241	0.0778	-0.2921	0.0004	-0.0007	-0.0019	4.9386	-2.7493	-8.0138	0.09569204487412719	4	0	12	Tilt	Normal
4.8656	-2.7192	-8.0068	0.3483	144.8126	28.6099	0.1544	14.1901	10.2438	-0.0721	0.0296	0.0078	-0.2346	-0.9239	0.0775	-0.2922	0.0015	-0.0039	-0.0027	4.9377	-2.7488	-8.0146	-0.05301602887103307	4	0	12	Tilt	Normal
4.8656	-2.7958	-8.0068	0.2840	144.8185	28.7136	0.1373	14.9581	10.8006	-0.0708	-0.0464	0.0084	-0.2356	-0.9237	0.0772	-0.2922	-0.0123	-0.0018	0.0047	4.9364	-2.7494	-8.0152	0.021627070314906405	4	0	12	Tilt	Normal
4.9033	-2.7198	-8.0445	0.2152	144.8315	28.8036	0.0693	14.3717	10.2450	-0.0317	0.0281	-0.0280	-0.2365	-0.9235	0.0769	-0.2922	-0.0134	0.0014	0.0079	4.9350	-2.7479	-8.0165	0.02830186278947089	4	0	12	Tilt	Normal
4.9422	-2.7192	-8.0068	0.1704	144.8381	28.8637	0.1085	14.3324	10.5570	0.0078	0.0280	0.0105	-0.2372	-0.9233	0.0767	-0.2922	-0.0134	0.0025	0.0090	4.9344	-2.7472	-8.0173	-0.01150070035127193	4	0	12	Tilt	Normal
4.8267	-2.6049	-7.9296	0.0815	144.8440	28.9907	-0.2105	13.2457	10.2469	-0.1068	0.1420	0.0883	-0.2384	-0.9230	0.0762	-0.2922	-0.0081	-0.0028	0.0068	4.9336	-2.7469	-8.0179	-0.15266270055642295	4	0	12	Tilt	Normal
4.8650	-2.7198	-7.9679	0.0089	144.8508	29.0989	-0.2482	13.7952	10.6097	-0.0675	0.0269	0.0506	-0.2395	-0.9228	0.0759	-0.2922	-0.0049	-0.0039	0.0164	4.9325	-2.7467	-8.0185	0.08220154020413872	4	0	12	Tilt	Normal
4.8650	-2.7198	-8.0445	-0.0748	144.8535	29.2046	0.0589	13.7657	10.8032	-0.0678	0.0257	-0.0257	-0.2405	-0.9225	0.0755	-0.2923	-0.0081	-0.0050	0.0068	4.9328	-2.7456	-8.0188	0.06286647824471991	4	0	12	Tilt	Normal
4.8656	-2.7575	-8.0451	-0.1335	144.8635	29.2929	-0.3972	13.8971	10.4436	-0.0658	-0.0123	-0.0254	-0.2414	-0.9223	0.0752	-0.2923	-0.0070	-0.0007	-0.0017	4.9315	-2.7453	-8.0197	0.011334696003606481	4	0	12	Tilt	Normal
4.9033	-2.7964	-8.0445	-0.1739	144.8753	29.3595	-0.1406	14.2978	10.1976	-0.0262	-0.0512	-0.0236	-0.2420	-0.9221	0.0751	-0.2923	0.0022	0.0008	-0.0065	4.9295	-2.7453	-8.0209	0.029282555809633237	5	0	13	Tilt	Normal
4.9033	-2.7581	-8.1211	-0.1953	144.8888	29.3806	-0.4622	14.3782	10.5135	-0.0250	-0.0147	-0.0989	-0.2423	-0.9221	0.0749	-0.2922	0.0033	0.0008	-0.0075	4.9283	-2.7435	-8.0222	0.05204066800261842	5	0	13	Tilt	Normal
4.9033	-2.7581	-8.0445	-0.2217	144.8932	29.4208	-0.1839	14.2484	11.0092	-0.0244	-0.0147	-0.0218	-0.2427	-0.9220	0.0748	-0.2922	0.0065	-0.0024	-0.0118	4.9277	-2.7435	-8.0227	-0.06287042007735621	5	0	13	Tilt	Normal
4.9039	-2.7192	-8.0834	-0.2867	144.8987	29.5184	0.2694	13.9560	11.3532	-0.0229	0.0242	-0.0603	-0.2436	-0.9218	0.0745	-0.2922	0.0129	-0.0024	-0.0075	4.9268	-2.7435	-8.0231	0.021378767179328406	5	0	13	Tilt	Normal
4.9422	-2.7575	-8.1217	-0.3578	144.9126	29.6130	0.0088	14.2553	10.9000	0.0168	-0.0154	-0.0973	-0.2446	-0.9216	0.0742	-0.2922	0.0161	0.0008	-0.0033	4.9255	-2.7421	-8.0245	0.06118116307407462	5	0	13	Tilt	Normal
4.8273	-2.7958	-7.9302	-0.4000	144.9180	29.6852	-0.4758	13.7759	10.4705	-0.0970	-0.0531	0.0947	-0.2453	-0.9214	0.0740	-0.2922	-0.0031	-0.0024	-0.0054	4.9243	-2.7427	-8.0249	-0.2033074628763476	5	0	13	Tilt	Normal
4.8273	-2.7192	-8.0068	-0.4310	144.9280	29.7312	0.0482	14.2251	10.1811	-0.0958	0.0230	0.0190	-0.2457	-0.9213	0.0738	-0.2921	0.0108	0.0008	-0.0097	4.9231	-2.7423	-8.0258	0.041081474436063914	5	0	13	Tilt	Normal
4.9039	-2.7958	-8.0068	-0.4439	144.9412	29.7517	-0.5274	13.9881	10.4659	-0.0175	-0.0543	0.0204	-0.2459	-0.9213	0.0738	-0.2920	0.0108	0.0094	-0.0074	4.9214	-2.7415	-8.0272	0.05978775274169834	5	0	13	Tilt	Normal
4.9039	-2.7192	-8.0068	-0.4715	144.9503	29.8016	0.2276	13.4605	10.3358	-0.0159	0.0226	0.0212	-0.2464	-0.9212	0.0736	-0.2920	0.0033	0.0030	-0.0021	4.9198	-2.7418	-8.0281	-0.02158477713337348	5	0	13	Tilt	Normal
4.9033	-2.7198	-8.0445	-0.4947	144.9526	29.8361	-0.2996	14.6786	10.8232	-0.0163	0.0220	-0.0163	-0.2467	-0.9211	0.0735	-0.2920	0.0076	0.0008	-0.0032	4.9196	-2.7418	-8.0282	0.03077096529889012	5	0	13	Tilt	Normal
4.8656	-2.6809	-7.9302	-0.5140	144.9564	29.8656	-0.1768	13.6544	10.1761	-0.0534	0.0608	0.0983	-0.2470	-0.9210	0.0734	-0.2920	0.0076	-0.0002	-0.0021	4.9190	-2.7417	-8.0285	-0.12337110775639104	6	0	14	Tilt	Normal
4.9422	-2.6809	-8.1217	-0.5227	144.9615	29.8770	-0.1513	13.9616	10.1691	0.0238	0.0603	-0.0926	-0.2471	-0.9210	0.0734	-0.2920	0.0076	-0.0024	-0.0053	4.9184	-2.7412	-8.0291	0.19555930091311247	6	0	14	Tilt	Normal
4.9033	-2.7964	-7.9679	-0.5514	144.9673	29.9262	0.5963	14.0669	10.1905	-0.0141	-0.0549	0.0617	-0.2476	-0.9209	0.0733	-0.2920	0.0139	-0.0045	-0.0043	4.9174	-2.7415	-8.0296	-0.11327129946722003	6	0	14	Tilt	Normal
4.8267	-2.7198	-8.0445	-0.5910	144.9725	29.9907	0.1078	14.1229	10.5993	-0.0898	0.0221	-0.0145	-0.2482	-0.9208	0.0731	-0.2920	0.0076	-0.0013	-0.0054	4.9165	-2.7420	-8.0300	0.003005424824653602	6	0	14	Tilt	Normal
4.8267	-2.7198	-8.0062	-0.6269	144.9811	30.0522	0.0910	14.1777	10.7260	-0.0883	0.0224	0.0247	-0.2488	-0.9206	0.0730	-0.2919	0.0033	0.0008	-0.0086	4.9150	-2.7423	-8.0309	-0.03151931085500692	6	0	14	Tilt	Normal
4.8656	-2.7192	-8.0068	-0.6554	144.9830	30.0878	-0.1149	14.2589	10.2605	-0.0495	0.0224	0.0241	-0.2492	-0.9205	0.0728	-0.2919	0.0076	-0.0013	-0.0075	4.9151	-2.7417	-8.0309	0.019668059236474633	6	0	14	Tilt	Normal
4.8650	-2.7198	-8.0062	-0.6762	144.9908	30.1201	-0.1758	14.2107	10.4212	-0.0489	0.0215	0.0256	-0.2495	-0.9205	0.0727	-0.2919	0.0076	-0.0013	-0.0075	4.9139	-2.7414	-8.0318	-6.244279750902137E-4	6	0	14	Tilt	Normal
4.9039	-2.7575	-8.0451	-0.6683	144.9936	30.1184	-0.1742	14.2872	10.1670	-0.0093	-0.0156	-0.0130	-0.2495	-0.9205	0.0728	-0.2919	0.0033	0.0051	-0.0106	4.9132	-2.7420	-8.0321	0.06186835198018237	6	0	14	Tilt	Normal
4.8656	-2.7575	-8.0451	-0.6404	145.0056	30.0766	-0.1123	14.7653	9.8746	-0.0461	-0.0166	-0.0118	-0.2491	-0.9206	0.0729	-0.2917	0.0022	-0.0002	-0.0063	4.9117	-2.7409	-8.0333	-0.01907567735594462	6	0	14	Tilt	Normal
4.9033	-2.7198	-7.9679	-0.6168	145.0111	30.0338	-0.4314	14.3337	10.6335	-0.0082	0.0199	0.0658	-0.2487	-0.9207	0.0729	-0.2917	0.0150	0.0030	-0.0021	4.9116	-2.7397	-8.0337	-0.05498257917886029	6	0	14	Tilt	Normal
4.8267	-2.7198	-8.0062	-0.5900	145.0172	30.0114	0.1959	14.0821	10.4364	-0.0832	0.0208	0.0283	-0.2484	-0.9208	0.0731	-0.2916	0.0076	0.0008	-0.0042	4.9099	-2.7406	-8.0345	-0.006853726706761876	7	0	15	Tilt	Normal
4.9039	-2.6809	-8.0068	-0.6072	145.0264	30.0365	0.3587	13.9635	10.6368	-0.0049	0.0591	0.0286	-0.2487	-0.9208	0.0730	-0.2915	0.0001	0.0062	-0.0138	4.9089	-2.7400	-8.0354	0.028241155380390737	7	0	15	Tilt	Normal
4.8273	-2.7958	-8.0068	-0.6500	145.0343	30.0938	0.3241	13.5807	10.5463	-0.0808	-0.0566	0.0292	-0.2493	-0.9206	0.0728	-0.2915	0.0001	0.0008	-0.0042	4.9081	-2.7393	-8.0360	-0.005948825407832814	7	0	15	Tilt	Normal
4.9033	-2.8347	-8.0062	-0.6724	145.0349	30.1368	0.3221	13.9662	10.1907	-0.0043	-0.0946	0.0298	-0.2497	-0.9205	0.0727	-0.2915	0.0001	-0.0024	-0.0074	4.9077	-2.7402	-8.0360	0.04850095390037623	7	0	15	Tilt	Normal
4.8650	-2.7581	-8.0062	-0.7191	145.0446	30.1958	-0.0764	14.1117	11.0426	-0.0419	-0.0193	0.0307	-0.2503	-0.9204	0.0724	-0.2915	0.0022	-0.0056	-0.0074	4.9069	-2.7388	-8.0369	-0.04100218774721753	7	0	15	Tilt	Normal
4.7501	-2.6815	-8.0828	-0.7433	145.0604	30.2244	-0.2859	14.1483	10.2522	-0.1552	0.0557	-0.0444	-0.2506	-0.9204	0.0723	-0.2914	0.0044	-0.0024	-0.0063	4.9053	-2.7372	-8.0384	-0.014808838432063709	7	0	15	Tilt	Normal
4.9033	-2.7198	-7.9296	-0.7536	145.0626	30.2321	-0.1035	14.2898	10.2880	-0.0021	0.0166	0.1091	-0.2506	-0.9203	0.0722	-0.2914	0.0044	-0.0056	-0.0085	4.9054	-2.7364	-8.0387	-0.039425409969977565	7	0	15	Tilt	Normal
4.9416	-2.6815	-8.0445	-0.7649	145.0718	30.2355	-0.3271	14.1934	11.2706	0.0367	0.0533	-0.0051	-0.2507	-0.9203	0.0721	-0.2914	0.0076	-0.0024	-0.0022	4.9050	-2.7348	-8.0394	0.10271434009410108	7	0	15	Tilt	Normal
4.8273	-2.7575	-8.0451	-0.7722	145.0782	30.2420	-0.7254	13.8950	10.8724	-0.0771	-0.0236	-0.0049	-0.2508	-0.9203	0.0721	-0.2913	0.0054	-0.0024	-0.0011	4.9044	-2.7339	-8.0402	-0.035397765595376995	7	0	15	Tilt	Normal
4.8273	-2.7192	-8.0834	-0.7709	145.0897	30.2474	0.1483	14.1199	10.5866	-0.0754	0.0145	-0.0422	-0.2508	-0.9204	0.0721	-0.2912	0.0065	-0.0013	-0.0160	4.9027	-2.7337	-8.0412	0.020836458340030006	8	0	16	Tilt	Normal
Total time: 16 seconds.
