0.0772	-9.8827	0.8805	-81.8275	52.9299	52.5341	1.9950	20.5882	19.7341	-0.0380	-0.1127	0.0410	-0.6748	-0.0425	0.0376	-0.7358	0.0191	-0.0131	0.0014	0.1152	-9.7700	0.8395	0.02421522740361759	6	0	1	Upright	Normal
0.1155	-9.8444	0.9954	-81.7081	52.2920	51.9137	2.3841	20.7453	20.0821	0.0015	-0.0765	0.1305	-0.6739	-0.0427	0.0380	-0.7366	0.0309	-0.0493	0.0088	0.1140	-9.7679	0.8649	-0.026876254910261466	6	0	1	Upright	Normal
0.1921	-9.8061	1.3402	-82.0841	48.8827	48.5514	2.3870	20.9581	20.2042	0.0895	-0.0401	0.4527	-0.6732	-0.0387	0.0346	-0.7376	0.0234	0.1978	-0.0125	0.1027	-9.7659	0.8875	0.003852232726863747	6	0	1	Upright	Normal
-0.0760	-9.8827	1.1103	-81.6979	45.7801	45.6357	2.6136	21.5101	19.7222	-0.1519	-0.1260	0.1238	-0.6695	-0.0375	0.0357	-0.7410	0.1118	0.0487	0.0066	0.0759	-9.7567	0.9866	0.04604182418914604	6	0	1	Upright	Normal
0.0389	-9.7294	1.0337	-81.2444	42.3953	42.3017	1.9356	21.0898	19.4958	-0.0338	0.0150	-0.0681	-0.6652	-0.0369	0.0358	-0.7449	0.2471	-0.0131	0.0120	0.0727	-9.7444	1.1018	-0.16092904546050413	6	0	1	Upright	Normal
0.0006	-9.7677	1.0337	-80.5284	39.9615	40.0566	1.5126	21.7000	19.1541	-0.0489	-0.0395	-0.2031	-0.6600	-0.0369	0.0381	-0.7494	0.0639	-0.0504	0.0141	0.0495	-9.7282	1.2368	0.038009681733088385	6	0	1	Upright	Normal
0.0772	-9.7677	1.3018	-79.7933	37.9036	38.2079	2.3932	21.7412	18.5638	0.0537	-0.0573	-0.0687	-0.6548	-0.0369	0.0406	-0.7538	0.1779	-0.0344	0.0264	0.0235	-9.7104	1.3705	0.032124787295259694	6	0	1	Upright	Normal
-0.0377	-9.8444	1.4168	-79.3228	35.5741	36.0176	1.9825	22.0184	18.2687	-0.0429	-0.1496	-0.0608	-0.6507	-0.0357	0.0412	-0.7574	0.0661	-0.1249	0.0466	0.0052	-9.6947	1.4775	0.09153170887464412	6	0	1	Upright	Normal
0.0383	-9.8067	1.4557	-78.3437	38.6460	39.3797	2.7067	21.8908	17.7072	0.0639	-0.1227	-0.0911	-0.6477	-0.0407	0.0497	-0.7592	0.0639	-0.2016	0.0626	-0.0256	-9.6839	1.5468	-0.03167519325296375	6	0	1	Upright	Normal
-0.3442	-9.6145	1.6466	-77.6413	40.1753	41.2310	2.9369	21.6811	18.3577	-0.2779	0.0600	0.0431	-0.6453	-0.0432	0.0561	-0.7607	0.0693	-0.1175	0.0136	-0.0663	-9.6745	1.6035	-0.15367457196442658	6	0	1	Upright	Normal
-0.6506	-9.6911	1.9531	-76.9910	39.9730	41.2133	2.5071	21.9342	17.1704	-0.5652	-0.0317	0.2620	-0.6417	-0.0445	0.0597	-0.7633	0.1076	-0.0397	-0.0290	-0.0854	-9.6594	1.6911	0.14678368563900612	7	0	2	Upright	Normal
-0.9571	-9.9593	1.4551	-75.9040	39.1235	41.3166	3.0724	22.6450	17.6934	-0.7328	-0.3317	-0.3971	-0.6354	-0.0426	0.0694	-0.7679	0.2684	-0.0323	0.1374	-0.2243	-9.6275	1.8522	0.2031050968716439	7	0	2	Upright	Normal
-0.2676	-9.5379	1.5317	-74.2303	37.1959	40.8199	3.8030	22.4094	16.1469	0.1603	0.0268	-0.5911	-0.6247	-0.0389	0.0832	-0.7754	0.3898	-0.2879	0.2194	-0.4278	-9.5647	2.1228	-0.44662944529853554	7	0	2	Upright	Normal
-0.5740	-9.4996	1.1486	-73.2243	37.3219	41.3736	4.5793	22.9623	15.2796	-0.1003	0.0337	-1.1019	-0.6194	-0.0407	0.0901	-0.7789	0.1235	-0.2474	0.0127	-0.4738	-9.5333	2.2505	-0.07782339152110396	0	0	2	Upright	Normal
-1.6849	-9.7677	1.4551	-70.5314	41.5891	46.2767	5.3314	23.8291	14.6471	-1.1865	-0.2836	-0.9891	-0.6103	-0.0544	0.1114	-0.7824	0.4228	-0.4680	0.0692	-0.4984	-9.4842	2.4442	0.4322040280861277	0	0	2	Upright	Normal
-1.9914	-10.3807	0.1143	-67.8483	47.6246	53.3142	5.3231	24.5732	12.6483	-1.4103	-0.9137	-2.3777	-0.6066	-0.0703	0.1392	-0.7795	-0.0437	-0.4339	0.1203	-0.5810	-9.4670	2.4921	0.5524121802356703	0	0	2	Upright	Normal
-3.9834	-13.1771	-0.1538	-69.0343	48.8920	56.1252	5.7941	24.6595	11.6855	-3.1029	-3.6863	-2.4606	-0.6156	-0.0582	0.1459	-0.7722	0.1405	0.3225	0.0708	-0.8805	-9.4908	2.3068	3.1962799752677995	0	0	2	Upright	Normal
0.3837	-11.7214	1.0337	-77.4505	79.6679	84.8220	5.4796	24.2373	13.0908	1.2228	-1.9582	0.6517	-0.6917	-0.0450	0.1082	-0.7126	-2.3735	0.9137	-0.8667	-0.8392	-9.7633	0.3820	-1.9937373860981662	0	0	2	Upright	Normal
-0.0760	-19.4595	7.6225	-71.8475	169.5088	172.8193	2.2840	20.2612	18.8423	0.5504	-10.1451	10.6262	-0.8082	0.0030	0.0373	-0.5878	-6.6111	2.4125	1.4087	-0.6264	-9.3143	-3.0037	9.126144980230853	0	0	2	Upright	Normal
3.8696	1.2264	-4.5209	-35.3045	-164.1623	-162.8994	-2.3800	6.4933	27.5734	2.9149	7.2248	3.1785	-0.9395	0.0990	-0.0852	-0.3165	-3.1320	2.2240	-0.8752	0.9547	-5.9984	-7.6993	-14.823405307424295	0	0	2	Upright	Normal
-0.3059	-2.2978	-3.2944	-20.4544	-159.8025	-164.0351	-7.8884	-4.3076	28.4611	-2.6764	1.7258	5.3290	-0.9638	0.1037	-0.1466	-0.1971	-1.4606	1.1076	-0.2637	2.3706	-4.0236	-8.6235	-2.047669596806424	0	1	3	PT	Normal
4.0989	-2.6049	-7.7381	-15.6228	-156.4034	-161.8746	-10.2389	-6.3294	28.0157	1.1211	0.9165	0.9167	-0.9621	0.1253	-0.1791	-0.1633	-0.2622	0.5803	0.2237	2.9778	-3.5214	-8.6547	5.107683507889034	0	1	3	Jump	Normal
2.1452	-2.5283	-13.0245	-13.9805	-153.3141	-157.5524	-11.1872	-6.2029	28.1140	-1.1169	1.1100	-4.5219	-0.9528	0.1604	-0.2016	-0.1607	0.8957	0.8519	0.8202	3.2621	-3.6383	-8.5026	4.3040319761836265	0	1	3	Jump	Normal
2.5283	-9.4236	-2.6049	-25.2055	-148.9499	-149.9936	-11.8695	-1.8707	27.6433	-0.0625	-3.7956	4.9967	-0.9234	0.1870	-0.1979	-0.2707	2.3338	-1.4033	0.8767	2.5908	-5.6280	-7.6016	-3.3413163504373298	0	1	3	PT	Normal
-0.1915	-12.8712	-3.3710	-50.4761	-157.9410	-157.1948	-3.8950	6.5591	26.5495	-0.8692	-4.9808	2.4131	-0.8864	0.0956	-0.0869	-0.4445	3.0849	-1.0933	-0.2163	0.6777	-7.8904	-5.7841	3.20807753482098	0	1	3	PT	Normal
0.0766	-7.4316	-1.4174	-75.3219	177.6189	172.9213	-1.0723	14.1210	23.6538	-0.6870	2.0250	1.0650	-0.7907	-0.0362	-0.0213	-0.6107	3.9403	-2.4291	-0.9225	0.7636	-9.4566	-2.4823	-5.740745463410283	0	1	3	Jump	Normal
0.2682	-7.9679	-0.3065	-80.3271	129.7382	125.1969	0.3932	20.7890	19.1835	-0.4354	1.7566	0.7470	-0.7403	-0.0752	0.0194	-0.6678	0.1543	0.2404	0.3395	0.7036	-9.7245	-1.0534	0.41235379267002603	0	1	3	PT	Normal
-0.9960	-13.4075	-1.7238	-75.3383	92.6830	92.3644	2.1187	21.5909	17.4196	-1.0355	-3.6016	-1.6076	-0.7053	-0.0921	0.0882	-0.6973	1.0108	-0.6799	0.3917	0.0395	-9.8059	-0.1163	5.576201650574618	0	1	3	Jump	Normal
0.4597	-12.9095	-0.8428	-66.0012	100.8934	98.6957	4.7080	22.3664	16.1226	0.2421	-3.1343	-0.0889	-0.7165	-0.1581	0.1316	-0.6665	-1.2050	-3.3591	-0.1388	0.2176	-9.7752	-0.7539	-0.6093565765296702	0	1	3	PT	Normal
-1.0343	-17.6979	1.8387	-52.5704	154.0982	150.2828	6.0940	18.3358	21.0458	-0.7863	-9.4903	7.2003	-0.8700	-0.1281	0.0836	-0.4687	-5.2083	1.2109	1.8895	-0.2479	-8.2076	-5.3615	4.878048227584378	0	1	3	Jump	Normal
3.7158	1.0726	-3.6775	-33.3497	179.7152	169.3326	2.1614	4.9038	30.2287	2.7659	6.3798	4.5141	-0.9539	-0.0883	-0.0243	-0.2859	-2.5728	0.4375	-0.2315	0.9499	-5.3072	-8.1916	-12.486375228721187	0	2	4	Jump	Normal
0.0006	-0.4208	-5.0572	-27.4551	-172.8377	173.4234	-2.5381	-4.6609	31.7002	-1.7277	3.8958	3.5772	-0.9671	-0.0704	-0.0742	-0.2330	-0.3771	1.4911	-0.2574	1.7283	-4.3166	-8.6344	-0.2621431647097747	0	2	4	Tilt	Normal
2.1075	-4.6729	-4.3293	-34.1711	-171.8959	178.1526	-5.8152	-5.2209	30.9829	0.5501	0.7329	3.7034	-0.9530	-0.0361	-0.0723	-0.2919	2.5513	-1.5758	0.6897	1.5574	-5.4058	-8.0327	1.6350468174112383	0	0	4	Tilt	Normal
-1.6083	-17.1227	-5.1338	-51.4898	173.5246	169.8836	-1.2126	2.4878	31.7428	-1.8588	-9.4221	0.9333	-0.8980	-0.0549	0.0124	-0.4365	3.6006	-1.4246	0.9560	0.2505	-7.7007	-6.0671	11.23823946172163	0	0	4	Tilt	Normal
0.3454	-8.1588	-0.0772	-64.1172	159.7020	151.6142	1.9127	10.7898	28.9590	-0.5957	0.7388	3.9377	-0.8317	-0.1139	0.0167	-0.5432	3.7284	-1.9753	-2.1269	0.9411	-8.8976	-4.0149	-9.781490102919076	0	0	4	Tilt	Normal
-0.0760	-6.9330	-0.1921	-67.2882	104.3272	100.0549	4.6809	19.8593	22.9068	-0.6213	2.8136	0.7447	-0.7222	-0.1619	0.1102	-0.6634	1.4285	0.3235	0.9400	0.5453	-9.7466	-0.9369	-1.2303956298542582	0	0	4	Tilt	Normal
0.0383	-8.0828	-1.1492	-72.3616	105.0328	102.4025	6.0867	23.0247	20.2597	-0.2949	1.6879	-0.3786	-0.7243	-0.1213	0.0893	-0.6729	-0.5508	0.4141	-0.4944	0.3332	-9.7707	-0.7706	1.228099417928024	0	0	4	Tilt	Normal
-2.0303	-14.0971	-0.1532	-63.7944	92.4417	91.7423	6.9338	22.6202	20.0576	-2.1070	-4.2924	0.0313	-0.6945	-0.1644	0.1560	-0.6828	0.9065	-0.5809	0.3354	0.0768	-9.8047	-0.1845	6.079201496662	0	0	4	Tilt	Normal
0.2682	-13.4075	-2.5283	-63.4914	100.3854	99.5472	8.3263	23.7939	19.9119	0.3080	-3.6326	-1.7392	-0.7163	-0.1647	0.1546	-0.6602	-2.2137	-0.4797	-0.1631	-0.0398	-9.7749	-0.7890	-0.5969392959023399	0	0	4	Tilt	Normal
2.3367	-13.1394	-1.0343	-55.9855	142.2196	135.0484	7.1150	18.1849	26.0814	2.0496	-4.3479	3.3016	-0.8301	-0.1790	0.0944	-0.5196	-4.4870	0.5717	1.4976	0.2872	-8.7915	-4.3359	-0.2608585240050356	0	0	4	Tilt	Normal
2.1835	-11.1857	0.3448	-42.0964	176.9775	168.8917	4.8800	5.1630	31.7358	1.4262	-4.6439	7.6113	-0.9295	-0.0809	-0.0103	-0.3597	-5.3541	2.9196	-1.1293	0.7573	-6.5419	-7.2666	-1.9835431731355921	0	0	5	Tilt	Normal
0.3831	-3.4093	-4.4819	-27.8687	-170.1980	175.3050	-2.3434	-8.2914	32.5121	-1.6505	0.9562	4.0609	-0.9654	-0.0602	-0.0927	-0.2363	-0.6702	1.2940	-0.2663	2.0336	-4.3655	-8.5428	-5.7577904170720196	0	0	5	Tilt	Normal
1.8004	-3.0646	-8.7340	-33.0945	-169.2452	179.5086	-4.8985	-9.1030	32.0018	-0.0745	2.1804	-0.6626	-0.9542	-0.0308	-0.0910	-0.2832	2.1368	-1.2467	0.7947	1.8750	-5.2449	-8.0715	3.785279827334124	0	0	5	Tilt	Normal
0.3448	-19.1536	-6.8953	-51.4865	-177.7630	176.3591	-1.9399	-1.6850	32.5869	-0.5240	-11.5258	-0.7934	-0.8999	-0.0371	-0.0314	-0.4335	3.3767	-0.8099	0.6860	0.8688	-7.6278	-6.1019	10.930347298947332	0	0	5	Tilt	Normal
0.5746	-6.3973	-1.2641	-68.5585	159.1877	153.3465	1.1460	8.1115	30.1428	-0.1389	2.7916	2.0864	-0.8143	-0.0883	0.0175	-0.5735	4.3323	-2.6017	-1.4754	0.7135	-9.1889	-3.3505	-13.813611039535509	0	0	5	Tilt	Normal
1.1115	-9.5379	-0.1155	-68.3515	103.4758	99.2302	6.6162	18.8130	24.3287	0.5447	0.2161	0.7275	-0.7202	-0.1559	0.1045	-0.6679	1.8246	-0.2176	1.0493	0.5668	-9.7540	-0.8431	3.0568776354712224	0	0	5	Tilt	Normal
-1.4168	-7.4310	0.3825	-67.6167	87.7361	88.9627	9.3146	20.8180	21.9623	-1.2360	2.3730	0.2351	-0.6897	-0.1298	0.1446	-0.6976	0.4313	0.8668	-0.4048	-0.1808	-9.8040	0.1474	-2.0286179238770083	0	0	5	Tilt	Normal
-1.6849	-13.8283	-0.1538	-65.0516	82.0081	85.3912	7.9725	21.5823	21.6930	-1.2329	-4.0489	-0.7287	-0.6734	-0.1314	0.1722	-0.7069	1.3005	-1.2136	0.8645	-0.4521	-9.7794	0.5749	6.356896421237157	0	0	5	Tilt	Normal
-0.3825	-11.4916	-0.8434	-67.3669	89.9753	93.3436	9.8850	21.5362	19.7852	0.1935	-1.7018	-0.8449	-0.6971	-0.1183	0.1591	-0.6890	-1.5555	1.1129	-0.3073	-0.5760	-9.7897	0.0015	-2.402563890793788	0	0	5	Tilt	Normal
-0.9188	-15.7054	4.8644	-59.1735	140.0192	136.7861	8.5784	14.5658	26.0417	-0.7449	-6.6879	8.7149	-0.8219	-0.1440	0.1055	-0.5409	-3.0788	1.5166	1.0563	-0.1739	-9.0175	-3.8505	4.938269175306971	0	1	6	Jump	Normal
5.0572	4.2144	-4.5592	-39.6657	-176.6040	173.7311	2.9610	1.0189	30.9190	3.7975	10.3624	2.9766	-0.9383	-0.0615	-0.0464	-0.3371	-4.2314	2.6490	-0.9230	1.2596	-6.1480	-7.5357	-8.459456750212714	0	1	6	Jump	Normal
0.4980	-1.8004	-4.3670	-25.7850	-165.7271	176.9271	-2.9605	-10.7158	29.8722	-2.1379	2.1983	4.1908	-0.9661	-0.0536	-0.1270	-0.2181	-0.6362	1.5528	-0.3958	2.6359	-3.9988	-8.5578	-3.257916627356053	0	1	6	PT	Normal
3.1029	-3.4477	-7.8147	-30.8965	-164.2905	-178.1370	-5.1955	-10.9076	28.4785	0.6068	1.4838	0.2861	-0.9553	-0.0209	-0.1274	-0.2660	2.1570	-1.3947	1.0935	2.4961	-4.9315	-8.1008	4.33783189909515	0	1	6	Jump	Normal
0.7278	-16.1273	-8.5808	-51.2963	-173.2372	179.8516	-2.3720	-3.8731	29.8668	-0.4465	-8.5304	-2.4915	-0.8999	-0.0267	-0.0537	-0.4320	3.9242	-1.4299	1.1286	1.1744	-7.5970	-6.0894	9.194912497088504	0	1	6	Jump	Normal
1.2264	-7.2395	-0.1921	-66.9280	179.3496	173.1194	0.7121	4.6877	29.1821	0.2562	1.7309	3.6503	-0.8329	-0.0469	-0.0284	-0.5507	3.6537	-1.3617	-1.4919	0.9703	-8.9703	-3.8424	-10.937339100588423	0	1	6	Jump	Normal
1.3414	-12.9856	-0.3454	-73.4815	110.3433	105.8313	5.8376	13.1379	24.3061	0.7054	-3.2476	0.6240	-0.7308	-0.1241	0.0690	-0.6677	2.0717	-1.4746	0.8187	0.6360	-9.7380	-0.9694	5.71411152499131	0	1	6	Jump	Normal
-0.0377	-7.5842	-4.0612	-73.9419	103.6896	103.4098	9.0951	15.2700	22.6270	0.0025	2.2013	-3.4192	-0.7233	-0.0977	0.0943	-0.6770	-0.2621	2.4636	-0.5359	-0.0403	-9.7856	-0.6419	-4.456079058089591	0	1	6	Jump	Normal
-2.1446	-14.1731	-1.3797	-70.6736	94.7724	95.4818	8.6358	14.9844	22.9922	-1.9773	-4.3715	-1.1096	-0.7077	-0.1139	0.1225	-0.6864	1.2293	-1.7399	0.3185	-0.1673	-9.8016	-0.2701	5.7974938268657965	0	1	6	Jump	Normal
0.3454	-14.3646	-2.0309	-71.8664	88.7393	89.8702	10.2899	17.1925	20.7097	0.5282	-4.5598	-2.0979	-0.6969	-0.1045	0.1183	-0.6996	-1.0739	1.0554	-0.6403	-0.1829	-9.8049	0.0670	0.11088506194266756	0	1	6	Upright	Normal
0.6518	-12.5259	-3.3333	-62.6023	135.8194	131.4144	9.2512	12.4673	22.6339	0.4902	-3.2699	-0.0971	-0.8020	-0.1476	0.0948	-0.5710	-4.7298	-0.1665	0.6072	0.1616	-9.2560	-3.2362	-1.533358913622724	0	0	7	Upright	Normal
-0.6889	-12.6025	2.1829	-49.4685	174.5674	170.9186	5.6902	1.1408	27.2935	-0.9432	-5.1288	8.5272	-0.9060	-0.0521	0.0098	-0.4200	-5.6097	3.1657	0.4080	0.2542	-7.4737	-6.3443	-0.16951474201971983	0	0	7	Tilt	Normal
0.3071	-2.9491	-4.0229	-25.4334	-166.9071	176.1614	-0.6066	-8.9311	26.0029	-2.1840	0.9952	4.6032	-0.9677	-0.0575	-0.1185	-0.2148	-2.1221	1.0032	-0.7179	2.4910	-3.9443	-8.6260	-7.811171906136592	0	0	7	Tilt	Normal
3.8696	-2.3744	-8.9645	-23.5398	-160.6687	176.9289	-3.0494	-12.5188	24.2821	0.4301	1.1422	-0.4808	-0.9638	-0.0601	-0.1697	-0.1966	0.9117	-0.3795	0.3942	3.4396	-3.5166	-8.4837	5.051052353257142	0	0	7	Tilt	Normal
4.2904	-8.2361	-11.2240	-37.4590	-167.7168	177.6366	-2.2931	-9.9679	24.9234	1.9656	-2.4991	-3.6178	-0.9407	-0.0538	-0.1079	-0.3171	2.5640	-0.8046	0.5274	2.3248	-5.7370	-7.6062	4.519165796790762	0	0	7	Tilt	Normal
2.3756	-2.9874	-3.1801	-51.8872	-177.8185	172.9604	0.3663	-3.9791	24.8499	1.0603	4.6192	2.8683	-0.8969	-0.0635	-0.0439	-0.4355	2.9091	-2.2789	0.2824	1.3153	-7.6065	-6.0484	-9.599735492945708	0	0	7	Tilt	Normal
1.4940	-13.7140	-0.6895	-69.3528	121.4123	114.2133	5.3927	4.5643	22.7158	0.5646	-4.1192	1.1127	-0.7534	-0.1557	0.0684	-0.6352	3.3895	-1.2243	-0.0191	0.9294	-9.5948	-1.8022	8.844353359815077	0	0	7	Tilt	Normal
-0.9188	-6.6266	0.2292	-67.7543	101.1554	98.3828	8.2023	11.2232	18.5904	-1.2534	3.1481	0.9475	-0.7168	-0.1512	0.1176	-0.6705	0.3663	-0.2634	0.8150	0.3346	-9.7746	-0.7183	-7.118439115752571	0	0	7	Tilt	Normal
1.4180	-5.5156	-2.6821	-68.9717	109.7427	108.5939	8.0781	10.5206	18.0074	1.4305	4.2187	-1.4934	-0.7376	-0.1288	0.1149	-0.6528	0.3322	-1.0858	-0.0596	-0.0126	-9.7344	-1.1887	-0.398982067428558	0	0	7	Upright	Normal
-2.6043	-11.1085	-1.9543	-65.6298	103.8877	105.5386	9.0416	9.3424	17.8808	-2.1196	-1.3620	-0.9830	-0.7290	-0.1344	0.1543	-0.6532	0.4739	0.0956	-0.0404	-0.4847	-9.7465	-0.9713	5.280918556401224	0	0	7	Upright	Normal
-1.3408	-17.2766	-1.8387	-63.0380	73.2811	76.5500	8.1849	9.8712	15.8846	-1.0796	-7.5571	-3.1177	-0.6444	-0.1395	0.1788	-0.7302	2.6897	0.0423	0.2206	-0.2611	-9.7194	1.2790	5.849972128406639	0	1	8	Jump	Normal
-0.2682	-11.7986	-1.6472	-68.9977	78.0837	78.4404	6.4357	12.0144	12.7675	-0.3388	-2.0191	-2.3728	-0.6690	-0.1240	0.1283	-0.7215	-2.9658	1.5337	-0.7722	0.0706	-9.7796	0.7256	-5.509781000505951	0	1	8	Jump	Normal
-0.1915	-9.2320	3.4093	-69.9969	104.3299	106.8972	1.8323	11.0616	13.1801	0.3879	0.5222	4.2397	-0.7292	-0.1027	0.1339	-0.6631	0.5879	1.7094	0.2579	-0.5794	-9.7543	-0.8303	-2.072783391865558	0	1	8	PT	Normal
3.3333	-1.2252	-1.9543	-45.2572	177.1076	167.8085	-2.2391	6.9919	16.7901	2.3480	5.6790	4.9401	-0.9185	-0.0883	-0.0177	-0.3849	-5.0196	2.2325	0.2806	0.9854	-6.9043	-6.8944	-5.789709975386632	0	1	8	Jump	Normal
1.2647	-0.5357	-1.6478	-37.3258	-170.1164	174.4931	-5.8569	2.2327	20.4968	-0.9728	5.1339	6.0347	-0.9415	-0.0729	-0.0968	-0.3145	0.7051	1.0298	-0.3095	2.2375	-5.6696	-7.6825	-1.9083992412934654	0	1	8	PT	Normal
1.6089	-16.8935	-16.7786	-48.3125	-171.3396	177.8682	-7.5249	6.9244	18.0107	-0.1360	-9.7133	-10.3308	-0.9091	-0.0478	-0.0765	-0.4067	0.7062	-0.3774	0.2242	1.7449	-7.1802	-6.4477	21.719051908112302	0	1	8	Jump	Normal
2.6049	-15.4378	1.4557	-61.2513	-170.6051	176.6804	-7.0905	11.4962	15.9211	0.5157	-7.0621	6.1091	-0.8561	-0.0665	-0.0851	-0.5055	3.0551	-1.0198	0.3531	2.0892	-8.3757	-4.6534	-8.140648775212004	0	1	8	Jump	Normal
0.3065	-14.8632	-0.0383	-72.3745	125.0841	121.1549	-4.7210	16.0218	13.2476	-0.1392	-5.2164	1.6682	-0.7575	-0.1147	0.0668	-0.6392	4.6125	-2.7743	1.4693	0.4456	-9.6468	-1.7065	-0.8571476687624351	0	1	8	PT	Normal
-1.4174	-7.0868	3.4860	-70.1955	90.3468	91.3054	-0.8991	20.3299	8.6355	-1.2498	2.7185	3.5062	-0.6983	-0.1158	0.1274	-0.6948	0.3344	-1.6472	0.6139	-0.1676	-9.8053	-0.0202	-6.842448124178986	0	1	8	Jump	Normal
0.7667	-9.3847	0.0377	-64.4699	90.9727	93.4885	0.0397	21.9253	7.2557	1.2136	0.4117	0.1095	-0.6955	-0.1410	0.1713	-0.6834	0.5826	-3.1364	-0.2586	-0.4468	-9.7963	-0.0718	1.3920803896291911	0	2	9	PT	Normal
-3.5620	-15.8586	-1.6861	-57.1419	83.6659	89.8258	1.6732	23.1110	6.3704	-2.6827	-6.1090	-2.2730	-0.6659	-0.1632	0.2361	-0.6886	0.5623	0.4503	-0.2138	-0.8793	-9.7496	0.5869	6.924887322826244	0	2	9	Jump	Normal
0.0000	-13.9438	-1.9154	-56.0848	102.4112	104.7909	2.3837	24.5681	6.5852	0.7540	-4.2371	-0.7392	-0.7247	-0.1864	0.2145	-0.6277	-3.2875	1.1459	-0.6549	-0.7540	-9.7067	-1.1762	6.924887322826244	0	2	9	Jump	Normal
2.9880	-14.7100	1.5706	-51.5808	137.8802	133.3752	1.9014	23.8548	14.4006	3.3625	-6.0151	6.0907	-0.8335	-0.1889	0.1365	-0.5009	-3.6487	2.5425	1.8985	-0.3745	-8.6948	-4.5201	-1.248578986607745	0	2	9	PT	Normal
3.2567	1.9160	-2.5672	-30.1750	-178.9900	167.2702	-0.7873	11.9634	26.9656	2.0022	6.6854	5.9093	-0.9593	-0.1093	-0.0373	-0.2577	-3.0436	1.3249	-0.4259	1.2546	-4.7694	-8.4765	-10.524235885143847	0	2	9	Jump	Normal
2.3756	-1.3785	-5.4785	-25.2186	-169.4779	171.0484	-4.8098	2.8515	31.0816	-0.0325	2.4011	3.2443	-0.9672	-0.0958	-0.1062	-0.2097	0.5485	1.2887	0.0726	2.4081	-3.7795	-8.7228	1.5603195227807927	0	2	9	PT	Normal
2.3750	-5.4779	-7.8913	-35.9191	-172.7904	173.8848	-6.4059	5.5149	30.8349	0.5433	0.0661	-0.0121	-0.9470	-0.0700	-0.0761	-0.3041	3.3064	-1.2371	0.9301	1.8317	-5.5441	-7.8792	3.767051808772825	0	2	9	Jump	Normal
-0.0377	-5.2475	-1.5329	-58.8092	167.9537	162.8989	-0.7848	17.4903	25.9671	-0.4941	3.1961	3.4340	-0.8644	-0.0779	0.0178	-0.4964	2.7078	-1.3393	0.6138	0.4564	-8.4436	-4.9669	-4.428543058569059	0	2	9	Jump	Normal
3.3716	-17.1610	-0.6135	-71.8398	127.0596	118.2933	0.6846	24.4363	19.7626	2.1364	-7.6083	1.2285	-0.7565	-0.1473	0.0406	-0.6360	4.8361	-2.5133	-0.3858	1.2353	-9.5527	-1.8420	12.032885167828535	0	2	9	Jump	Normal
-0.8422	-5.1326	2.1829	-61.4756	93.3767	92.4247	3.0824	29.3896	11.8860	-0.9349	4.6699	2.4588	-0.6941	-0.1797	0.1683	-0.6765	0.1383	-1.1188	0.5463	0.0928	-9.8025	-0.2759	-11.859088790216626	0	3	10	Run	Normal
0.7284	-10.9170	-2.5289	-66.2637	95.5190	92.2220	4.6351	29.5855	11.8160	0.2442	-1.1296	-2.1491	-0.7015	-0.1650	0.1252	-0.6819	-0.3112	2.3901	-0.1738	0.4842	-9.7873	-0.3798	5.588989008530504	0	3	10	Run	Normal
-0.0377	-12.8706	-2.5289	-62.3141	85.9400	87.9576	5.3544	30.4855	10.7036	0.2282	-3.0728	-2.8513	-0.6775	-0.1569	0.1810	-0.6955	-0.9387	0.8349	-0.3368	-0.2659	-9.7978	0.3225	1.8870208089214042	0	3	10	Walk	Normal
2.9503	-15.9352	-1.2647	-60.9961	124.9044	117.6306	4.4162	27.9123	14.5591	2.3321	-6.5338	1.4560	-0.7751	-0.1948	0.1079	-0.5913	-4.5595	0.2000	-0.0939	0.6182	-9.4014	-2.7207	3.1385375192266913	0	3	10	Walk	Normal
-1.6083	-11.1468	-1.2264	-49.2241	171.7749	163.5253	1.9429	17.1828	26.2563	-2.3472	-3.7007	5.1125	-0.9017	-0.1004	0.0050	-0.4205	-4.8130	3.0538	0.5947	0.7389	-7.4461	-6.3389	-4.926480492705405	0	3	10	Run	Normal
1.5329	-2.6043	-3.2184	-30.2566	-166.6677	176.2838	-4.7227	3.6444	32.4769	-1.0353	2.0472	5.0241	-0.9573	-0.0614	-0.1204	-0.2554	-2.7634	0.5451	-0.5760	2.5682	-4.6515	-8.2425	-6.914028225841616	0	3	10	Run	Normal
1.8387	-1.6089	-4.5969	-24.2538	-158.8764	-179.4410	-8.8487	-3.6135	31.7236	-1.6584	2.1832	3.7435	-0.9613	-0.0338	-0.1782	-0.2074	0.2683	1.0096	0.2314	3.4972	-3.7921	-8.3404	0.7910718495966256	0	3	10	Walk	Normal
3.9456	-4.9799	-9.7300	-32.6488	-160.1507	-173.5501	-8.8846	-0.6207	31.4128	1.1961	0.3391	-1.9634	-0.9466	0.0048	-0.1496	-0.2857	3.1808	-1.0539	1.2530	2.7496	-5.3190	-7.7666	6.414824289726703	0	3	10	Run	Normal
2.6438	-4.5963	-2.9503	-57.0864	-167.0688	-173.3410	-3.8915	9.1072	28.9491	1.3946	3.6281	2.2432	-0.8745	-0.0030	-0.0712	-0.4797	2.4670	-0.4104	1.0719	1.2492	-8.2244	-5.1935	-5.552731275067397	0	3	10	Run	Normal
2.9503	-13.7900	-1.0732	-74.4939	141.9397	132.8701	-0.5702	17.6043	23.9820	1.6104	-4.2970	0.9908	-0.7687	-0.1199	0.0092	-0.6282	4.7989	-2.9106	-1.0516	1.3399	-9.4930	-2.0640	8.074904940636074	0	3	10	Run	Normal
-1.3018	-4.9410	2.1446	-66.0211	102.9422	99.2419	4.1727	24.5717	17.7258	-1.7476	4.8147	3.0372	-0.7196	-0.1665	0.1218	-0.6631	0.1416	-2.7625	1.2526	0.4458	-9.7558	-0.8926	-8.601414818647605	0	4	11	Run	Normal
-2.1835	-9.6151	-4.0606	-64.7131	101.8540	102.4077	8.4335	23.9725	17.5907	-1.9001	0.1496	-3.2000	-0.7225	-0.1480	0.1546	-0.6574	-0.1897	2.5989	-0.3890	-0.2834	-9.7648	-0.8606	5.121882736929664	0	4	11	Run	Normal
-0.4597	-16.4338	-0.1915	-56.4141	86.8745	90.8329	8.0067	24.5290	16.0296	0.1281	-6.6491	-0.4872	-0.6725	-0.1809	0.2276	-0.6806	1.3358	-0.6320	0.1969	-0.5878	-9.7847	0.2957	5.77802819996967	0	4	11	Run	Normal
-0.7278	-10.3430	-1.4557	-60.5810	95.3374	95.8812	8.5138	25.7516	14.9798	-0.5177	-0.5487	-1.0075	-0.7015	-0.1754	0.1819	-0.6664	-1.3114	-0.1079	-0.9323	-0.2101	-9.7942	-0.4482	-5.971080053306004	0	4	11	Run	Normal
-2.6043	-14.0965	1.3402	-56.9173	140.4233	136.9809	6.3079	19.2949	21.8089	-2.3571	-5.2032	5.4658	-0.8288	-0.1532	0.1125	-0.5263	-3.0616	2.1174	1.4263	-0.2472	-8.8933	-4.1257	3.927300339201498	0	4	11	Run	Normal
4.4819	-5.0566	0.3831	-41.1054	-176.8936	170.6937	0.5630	8.0738	28.1895	2.9166	1.2109	7.7616	-0.9321	-0.0854	-0.0538	-0.3477	-4.7202	1.8916	-1.1367	1.5654	-6.2674	-7.3785	-7.6297427167295035	0	4	11	Run	Normal
-0.0766	-3.3710	-4.4053	-26.7216	-165.9693	173.6678	-4.6051	-2.7423	30.3573	-2.9113	0.6188	4.0927	-0.9626	-0.0815	-0.1313	-0.2224	-1.4786	1.3568	-0.9333	2.8347	-3.9898	-8.4981	-1.22019273156444	0	4	11	Walk	Normal
3.9456	-2.1835	-7.3550	-29.2915	-160.5097	179.0171	-7.2806	-4.1532	29.0857	0.5966	2.2829	0.7078	-0.9531	-0.0510	-0.1659	-0.2478	1.5500	-0.5894	1.2814	3.3490	-4.4664	-8.0628	3.079738606509401	0	4	11	Walk	Normal
4.0223	-14.6717	-11.0708	-44.9492	-170.9502	176.6842	-5.1814	0.8804	28.3388	2.0867	-7.9302	-4.2166	-0.9199	-0.0568	-0.0839	-0.3788	3.1905	-1.3756	1.0577	1.9356	-6.7415	-6.8542	10.187528158640905	0	4	11	Run	Normal
0.6901	-6.9713	-1.0349	-61.1989	178.1379	169.4661	-0.8500	9.2837	25.9704	-0.5667	1.5314	3.6872	-0.8578	-0.0708	-0.0328	-0.5081	3.6293	-0.9100	-0.8853	1.2568	-8.5027	-4.7221	-11.733491015664882	0	4	11	Run	Normal
1.1881	-8.1588	1.6083	-70.6366	114.1595	107.1096	1.8003	17.3973	20.5937	0.2016	1.5070	2.9390	-0.7376	-0.1541	0.0684	-0.6538	1.6351	-1.9742	0.8255	0.9866	-9.6658	-1.3307	1.3188478600379936	0	5	12	Walk	Normal
-1.8004	-6.4356	-3.0263	-71.1172	105.4759	102.5197	6.0076	20.7370	16.0555	-2.1687	3.3275	-2.1795	-0.7254	-0.1305	0.0945	-0.6692	0.7115	2.3379	-0.4634	0.3683	-9.7631	-0.8468	-1.0642531034264815	0	5	12	Walk	Normal
-0.9954	-14.1348	-3.0269	-67.9794	94.9544	92.8181	5.4573	21.1271	15.7041	-1.2992	-4.3378	-2.7092	-0.7031	-0.1477	0.1218	-0.6848	1.3848	-1.1881	0.1619	0.3038	-9.7969	-0.3177	7.153498042256701	0	5	12	Run	Normal
-0.3442	-12.9089	-2.6055	-66.9738	91.5160	92.2638	6.5693	21.7183	13.3808	-0.1954	-3.1039	-2.5039	-0.6975	-0.1365	0.1456	-0.6882	-0.8416	0.5430	0.0543	-0.1487	-9.8050	-0.1016	-1.3157800854773605	0	5	12	Walk	Normal
2.7204	-15.3989	-0.5752	-62.9782	128.9842	123.6772	7.2108	20.8730	15.4790	2.3739	-6.0077	2.2277	-0.7847	-0.1649	0.1013	-0.5889	-4.8661	0.8956	-0.3060	0.3466	-9.3913	-2.8029	2.474208282573098	0	5	12	Walk	Normal
3.7924	-5.8227	-0.1149	-39.3230	-173.6492	173.8119	3.8772	11.3953	24.5216	2.0482	0.2008	7.4249	-0.9379	-0.0694	-0.0702	-0.3326	-4.7106	2.6714	-1.1092	1.7442	-6.0235	-7.5398	-8.698152649505664	0	5	12	Run	Normal
1.2647	-1.7998	-4.4442	-24.6986	-164.5533	172.2867	-3.1020	-1.7196	29.6719	-1.8536	1.7636	4.1435	-0.9639	-0.0938	-0.1452	-0.2026	-0.6828	1.1395	-0.6202	3.1183	-3.5635	-8.5877	-1.9909759943231826	0	5	12	Walk	Normal
2.7587	-3.2172	-8.3516	-30.4581	-163.4120	174.8691	-5.4049	-2.2363	28.9618	-0.4558	1.2776	-0.2500	-0.9521	-0.0806	-0.1507	-0.2534	2.1763	-0.9878	1.1343	3.2145	-4.4948	-8.1015	4.4065664430391145	0	5	12	Run	Normal
2.1075	-14.6328	-3.8696	-51.5104	-179.1564	168.3914	-0.7412	7.8342	28.2614	0.4217	-7.1437	2.2330	-0.8957	-0.0943	-0.0505	-0.4316	2.8688	-0.9431	0.7891	1.6858	-7.4891	-6.1027	5.916463099867103	0	5	12	Run	Normal
1.3797	-7.5076	-0.6135	-65.4467	156.4700	146.8089	2.8649	14.4252	23.9351	0.1790	1.4798	3.1223	-0.8208	-0.1296	0.0132	-0.5562	4.4614	-2.3865	-1.2078	1.2007	-8.9874	-3.7359	-7.623888134348338	0	6	13	Run	Normal
-1.6083	-4.6729	1.3785	-66.0050	97.3922	95.9982	6.5232	22.3011	15.2181	-1.7383	5.1196	1.8916	-0.7087	-0.1544	0.1376	-0.6745	0.5732	0.1286	0.8077	0.1300	-9.7924	-0.5131	-2.527354150580866	0	6	13	Walk	Normal
-1.0343	-5.8993	-0.3448	-66.9456	97.3663	97.4124	8.9698	24.0399	13.0672	-0.9267	3.8945	0.1477	-0.7110	-0.1398	0.1404	-0.6747	-0.6412	0.3299	-0.3918	-0.1076	-9.7938	-0.4925	0.8686168504700138	0	6	13	Walk	Normal
-2.6426	-12.0662	-0.3837	-63.7825	92.4281	93.2643	9.6633	24.3921	12.7664	-2.4568	-2.2630	-0.2001	-0.6966	-0.1551	0.1652	-0.6807	0.7191	-0.9580	0.1973	-0.1858	-9.8032	-0.1836	6.3589446901184274	0	6	13	Run	Normal
0.4220	-15.6287	-2.2224	-63.0818	84.1043	86.4044	10.1639	25.3069	9.9956	0.7067	-5.8368	-2.6784	-0.6739	-0.1502	0.1778	-0.7012	0.5646	0.3001	-0.1798	-0.2848	-9.7920	0.4559	3.4334165199936724	0	6	13	Walk	Normal
-0.8805	-12.9089	-1.0349	-66.2871	97.0992	97.3446	9.8504	26.2726	10.1362	-0.7370	-3.1155	-0.5474	-0.7103	-0.1426	0.1456	-0.6738	-2.1156	0.5345	-0.4676	-0.1435	-9.7935	-0.4875	-2.811345709097612	0	6	13	Walk	Normal
-2.1835	-17.3915	0.8045	-51.6924	164.5709	159.8035	9.1064	21.6968	22.1948	-2.2957	-9.5288	6.6643	-0.8883	-0.0988	0.0432	-0.4465	-5.9282	3.3105	1.2805	0.1122	-7.8627	-5.8598	4.566270423879981	0	6	13	Run	Normal
4.1378	1.3797	-2.4523	-31.6752	-170.4310	173.2100	2.8324	6.0525	34.3767	1.9187	6.2293	5.7775	-0.9557	-0.0795	-0.0962	-0.2667	-3.8871	1.6785	-0.6455	2.2191	-4.8496	-8.2298	-12.542613975942253	0	6	13	Run	Normal
1.9160	0.1538	-2.1841	-16.1106	-157.8548	171.7446	-4.4448	-8.7198	36.6833	-2.1042	2.1175	6.5425	-0.9672	-0.0968	-0.1996	-0.1235	-1.1313	1.4399	-0.6700	4.0202	-1.9637	-8.7266	-2.09440451837666	0	6	13	Walk	Normal
3.2950	0.6135	-5.2870	-19.0788	-155.8051	171.9329	-8.5912	-13.2347	35.3779	-1.0946	2.9446	3.1669	-0.9594	-0.1025	-0.2176	-0.1471	1.6533	-0.0482	0.6083	4.3896	-2.3311	-8.4539	3.350386719296108	0	6	13	Walk	Normal
2.3367	-4.6352	-11.2240	-27.1418	-158.0185	176.0949	-9.6622	-8.0090	36.8144	-1.6079	-0.7462	-3.1316	-0.9522	-0.0772	-0.1931	-0.2239	1.1248	0.3427	1.3405	3.9446	-3.8889	-8.0924	6.106366462576039	0	7	14	Run	Normal
5.8993	-2.4900	-3.3327	-31.9299	-151.8510	177.8686	-12.7620	-5.9299	37.7997	1.1061	1.9080	4.0058	-0.9312	-0.0842	-0.2387	-0.2624	0.9075	-0.5851	0.0302	4.7932	-4.3980	-7.3385	-5.147583227332774	0	7	14	Run	Normal
4.8656	-4.5197	-3.1801	-50.2114	-173.0977	167.7728	-8.7695	0.2833	39.2674	2.1295	2.5420	3.0504	-0.8960	-0.1217	-0.0993	-0.4153	1.9035	-0.2070	0.6278	2.7361	-7.0617	-6.2305	0.14443148975223785	0	7	14	Tilt	Normal
1.9160	-8.8484	-1.0349	-63.3405	162.8744	148.3397	-2.8294	10.0616	37.4322	-0.0221	-0.2035	3.1701	-0.8310	-0.1544	-0.0197	-0.5341	3.5632	-1.5194	-0.4460	1.9381	-8.6449	-4.2050	1.7493540605524043	0	0	14	Tilt	Normal
2.5283	-12.6414	-0.9960	-68.7655	126.0712	115.9585	1.5714	21.4280	32.6473	1.1589	-3.1586	1.0950	-0.7594	-0.1729	0.0504	-0.6252	2.0708	-0.9335	0.4553	1.3693	-9.4828	-2.0910	3.81774759521287	0	0	14	Tilt	Normal
0.0772	-9.4613	1.1103	-60.0058	97.3976	93.8672	6.6074	27.8491	27.6531	-0.3579	0.3154	1.7416	-0.7007	-0.2031	0.1610	-0.6647	0.6797	-1.6994	0.4634	0.4351	-9.7767	-0.6313	-3.4036331519209195	0	0	14	Tilt	Normal
-1.0343	-10.0365	-3.6009	-60.3269	92.6618	92.7136	12.8692	29.9229	23.9562	-0.9658	-0.2325	-3.3754	-0.6920	-0.1805	0.1812	-0.6750	-0.1289	2.3337	0.1555	-0.0685	-9.8040	-0.2255	1.1864258232382756	0	0	14	Tilt	Normal
-0.5746	-9.8450	0.9960	-56.3881	87.9252	90.1418	12.0657	30.1570	23.7094	-0.2545	-0.0455	0.7995	-0.6733	-0.1913	0.2175	-0.6802	0.6637	-2.3897	0.4740	-0.3201	-9.7995	0.1965	-0.8010408865754517	0	0	14	Tilt	Normal
2.4134	-10.2663	2.2984	-51.4095	94.5010	94.9040	15.8789	28.7101	23.3329	2.6498	-0.4742	2.7785	-0.6865	-0.2305	0.2352	-0.6482	-1.5116	0.6005	-0.4133	-0.2364	-9.7921	-0.4800	0.8817820179438698	0	0	14	Tilt	Normal
-0.6512	-10.5345	0.1532	-55.2894	112.0054	108.6896	14.6893	24.8212	28.7647	-0.5990	-0.9536	2.2456	-0.7480	-0.2173	0.1782	-0.6013	-1.7641	2.2570	0.2706	-0.0522	-9.5808	-2.0924	-0.23798471677629074	0	0	15	Tilt	Normal
2.4134	-8.7724	-0.8811	-60.5588	115.0380	110.1084	11.0034	21.0768	33.1539	2.0740	0.8139	1.1588	-0.7522	-0.1953	0.1365	-0.6143	0.7574	-0.2421	-0.2831	0.3394	-9.5862	-2.0399	-1.4148318215320046	0	0	15	Tilt	Normal
0.3071	-9.2698	-1.3797	-64.2412	114.3440	109.4277	10.3700	21.9028	31.9368	-0.1546	0.3674	0.3771	-0.7474	-0.1758	0.1167	-0.6299	-0.0448	0.1350	0.0290	0.4616	-9.6371	-1.7567	0.23605578189499532	0	0	15	Upright	Normal
0.9583	-8.8484	-0.1155	-62.8625	104.8882	101.2632	11.4548	22.6939	31.3310	0.6104	0.8845	1.0337	-0.7246	-0.1833	0.1398	-0.6495	0.9992	-1.1945	0.1462	0.3479	-9.7329	-1.1492	-0.47605277303488513	0	0	15	Upright	Normal
0.3065	-11.3006	0.1915	-57.9541	97.2851	95.3372	14.7198	24.8299	28.2519	0.1619	-1.5172	0.8514	-0.7010	-0.2055	0.1824	-0.6581	-0.1257	-0.6480	0.2975	0.1445	-9.7835	-0.6599	2.405486493394335	0	0	15	Upright	Normal
-0.1532	-9.6534	0.2298	-56.2131	93.8549	93.0059	16.9513	25.1429	27.0435	-0.1873	0.1463	0.5966	-0.6889	-0.2101	0.2001	-0.6643	0.6146	-0.3455	0.0162	0.0341	-9.7998	-0.3668	-1.649027206934596	0	0	15	Upright	Normal
0.3071	-9.9976	0.2676	-58.3468	89.9850	90.1667	16.6627	26.4831	26.3067	0.3379	-0.1909	0.2664	-0.6806	-0.1918	0.1939	-0.6800	0.0108	0.4364	0.0020	-0.0308	-9.8067	0.0012	0.34854369789767325	0	0	15	Tilt	Normal
0.2687	-9.8444	0.4591	-57.7773	89.3961	89.8591	15.9703	26.7597	26.9077	0.3322	-0.0380	0.4040	-0.6781	-0.1935	0.1990	-0.6806	0.0448	-0.0408	-0.0108	-0.0634	-9.8064	0.0551	-0.14713197417735913	0	0	15	Tilt	Normal
0.3071	-9.8444	0.4208	-58.0224	87.4451	88.3505	17.2760	27.0390	26.0084	0.3958	-0.0407	0.1893	-0.6726	-0.1893	0.2000	-0.6869	0.1109	-0.0259	0.0659	-0.0887	-9.8037	0.2315	-5.877921310855072E-4	0	0	15	Tilt	Normal
-0.1143	-9.8827	0.6889	-57.7056	87.3139	88.2911	16.9792	26.6879	25.8053	-0.0181	-0.0795	0.4435	-0.6716	-0.1907	0.2023	-0.6867	-0.0020	-0.0429	0.0265	-0.0962	-9.8032	0.2454	0.04916663674493549	0	0	15	Tilt	Normal
-0.0760	-9.8444	0.4974	-58.6426	87.7826	88.6431	16.3365	26.5521	26.2854	0.0160	-0.0401	0.3000	-0.6748	-0.1859	0.1961	-0.6867	-0.1107	0.0316	0.0020	-0.0920	-9.8043	0.1974	-0.050089787174011136	1	0	16	Tilt	Normal
0.0006	-9.8827	0.3059	-58.9384	87.2127	88.1254	16.4317	27.0245	27.2628	0.0886	-0.0795	0.0599	-0.6736	-0.1837	0.1946	-0.6890	0.0513	0.0295	-0.0063	-0.0880	-9.8032	0.2460	0.030181880503125313	1	0	16	Tilt	Normal
-0.2292	-9.9593	0.3059	-59.1897	86.6885	87.6769	16.3113	26.3553	26.6286	-0.1399	-0.1573	0.0159	-0.6724	-0.1817	0.1935	-0.6909	0.0811	0.2277	0.0001	-0.0893	-9.8020	0.2900	0.07919944412872226	1	0	16	Tilt	Normal
-0.1915	-9.8833	0.2682	-60.5373	85.6360	86.9536	15.6984	26.8002	26.3177	-0.0624	-0.0842	-0.0988	-0.6722	-0.1716	0.1873	-0.6954	0.0076	0.0732	-0.0020	-0.1291	-9.7990	0.3669	-0.07783997474034443	1	0	16	Tilt	Normal
-0.1532	-9.8833	0.3448	-61.3910	85.4896	86.9041	15.0335	27.4244	26.9367	-0.0051	-0.0845	-0.0244	-0.6735	-0.1659	0.1828	-0.6967	-0.0031	0.1307	0.0054	-0.1481	-9.7987	0.3692	0.0017065213812621494	1	0	16	Tilt	Normal
-0.1526	-9.8444	0.4208	-61.9745	85.1877	86.7141	14.8713	26.5991	26.3247	0.0124	-0.0467	0.0343	-0.6739	-0.1616	0.1799	-0.6981	0.0076	0.1573	0.0076	-0.1651	-9.7977	0.3865	-0.035927651032489294	1	0	16	Upright	Normal
-0.1143	-9.9210	0.3442	-62.9417	85.3302	86.7875	14.4318	26.4748	27.2524	0.0479	-0.1223	-0.0189	-0.6761	-0.1563	0.1738	-0.6988	-0.0287	0.0860	-0.0081	-0.1622	-9.7987	0.3630	0.07305512644245482	1	0	16	Upright	Normal
-0.2292	-9.8444	0.4208	-63.2249	85.7560	87.1451	13.9936	27.4390	27.0385	-0.0691	-0.0444	0.0940	-0.6777	-0.1551	0.1717	-0.6980	-0.0457	0.0434	-0.0017	-0.1601	-9.7999	0.3268	-0.0715713643386362	1	0	16	Upright	Normal
-0.2682	-9.8833	0.2682	-63.6591	86.5436	87.8890	13.3557	26.5540	27.4959	-0.0992	-0.0816	0.0058	-0.6806	-0.1528	0.1690	-0.6963	-0.0585	0.0487	-0.0060	-0.1689	-9.8017	0.2623	0.0345199825606457	1	0	16	Upright	Normal
-0.1915	-9.8067	0.1915	-63.7708	87.3568	88.5902	13.6433	26.8781	27.3443	-0.0269	-0.0033	-0.0082	-0.6830	-0.1529	0.1677	-0.6943	-0.0266	-0.0419	-0.0156	-0.1646	-9.8034	0.1998	-0.0801366597348192	2	0	17	Upright	Normal
-0.2682	-9.9599	0.1532	-64.4544	87.7144	88.9463	14.0141	26.3574	27.9500	-0.0955	-0.1561	-0.0154	-0.6850	-0.1488	0.1637	-0.6941	-0.0170	0.0476	0.0036	-0.1727	-9.8038	0.1686	0.15424948110191572	2	0	17	Upright	Normal
-0.1915	-9.9216	0.2682	-64.6064	88.0050	89.2110	13.9679	26.3570	27.9188	-0.0181	-0.1175	0.1218	-0.6860	-0.1481	0.1626	-0.6935	-0.0425	0.0668	-0.0010	-0.1734	-9.8041	0.1463	-0.03761611426594946	2	0	17	Upright	Normal
0.0389	-9.7677	0.1526	-64.7978	88.5853	89.6089	13.7616	26.3374	29.0548	0.1911	0.0373	0.0497	-0.6876	-0.1481	0.1604	-0.6925	-0.0595	0.0167	-0.0213	-0.1522	-9.8050	0.1030	-0.1581023148855074	2	0	17	Upright	Normal
-0.0377	-9.8444	0.0760	-64.8701	88.7984	89.6397	13.2349	26.6081	28.5068	0.0869	-0.0388	-0.0112	-0.6881	-0.1487	0.1589	-0.6922	-0.0233	0.0604	-0.0319	-0.1246	-9.8056	0.0872	0.07579634996114848	2	0	17	Upright	Normal
-0.1909	-9.9593	0.1143	-64.8545	88.9682	89.7321	13.3395	26.6767	28.6848	-0.0769	-0.1535	0.0394	-0.6884	-0.1493	0.1585	-0.6919	-0.0073	-0.0099	-0.0117	-0.1140	-9.8058	0.0750	0.11701926039992294	2	0	17	Upright	Normal
-0.1149	-9.8450	0.1149	-64.8910	89.2239	89.9226	13.6051	26.4772	27.7546	-0.0078	-0.0389	0.0587	-0.6890	-0.1495	0.1579	-0.6913	-0.0127	-0.0046	-0.0106	-0.1071	-9.8061	0.0563	-0.11544404999052027	2	0	17	Upright	Normal
-0.1909	-9.9210	0.1526	-64.9503	89.2396	89.9587	13.0303	26.3660	28.4602	-0.0801	-0.1151	0.0976	-0.6892	-0.1490	0.1577	-0.6913	-0.0212	0.0295	-0.0017	-0.1109	-9.8059	0.0551	0.07766816818683431	2	0	17	Upright	Normal
-0.1915	-9.9216	0.1149	-64.8593	89.3462	90.0540	13.1923	26.3013	27.8060	-0.0810	-0.1155	0.0675	-0.6893	-0.1496	0.1582	-0.6909	0.0001	-0.0451	-0.0092	-0.1106	-9.8061	0.0474	1.0411134300802871E-4	2	0	17	Upright	Normal
-0.1909	-9.8061	0.0760	-65.0848	89.3144	89.9955	12.9970	26.3951	28.4555	-0.0851	0.0000	0.0266	-0.6895	-0.1484	0.1566	-0.6914	-0.0031	0.0412	-0.0177	-0.1058	-9.8061	0.0494	-0.11586110512320147	2	0	17	Upright	Normal
-0.0760	-9.9210	0.1143	-65.4087	89.1281	89.8004	12.7283	26.0758	28.3181	0.0256	-0.1149	0.0524	-0.6895	-0.1465	0.1546	-0.6923	0.0118	0.0050	-0.0049	-0.1016	-9.8061	0.0619	0.11369667091595304	3	0	18	Upright	Normal
0.0000	-9.9593	0.1532	-65.5290	89.0323	89.6831	13.0509	26.2217	27.7318	0.0967	-0.1532	0.0847	-0.6894	-0.1459	0.1538	-0.6927	-0.0010	0.0604	-0.0102	-0.0967	-9.8061	0.0685	0.11369667091595304	3	0	18	Upright	Normal
-0.0760	-9.9210	0.0760	-65.5412	88.9020	89.5705	12.6491	26.7264	28.1452	0.0215	-0.1151	-0.0016	-0.6891	-0.1457	0.1538	-0.6930	0.0022	0.0125	-0.0013	-0.0976	-9.8059	0.0777	-3.6729803515811454E-4	3	0	18	Upright	Normal
-0.0377	-9.9210	0.1909	-65.5716	88.8760	89.5480	12.9725	26.3305	28.1722	0.0602	-0.1151	0.1115	-0.6890	-0.1455	0.1536	-0.6931	0.0086	0.0082	0.0136	-0.0979	-9.8059	0.0795	0.00132591469626675	3	0	18	Upright	Normal
-0.1143	-9.8061	0.2292	-65.5783	88.5594	89.3014	13.0158	26.2600	27.9230	-0.0093	-0.0004	0.1273	-0.6883	-0.1450	0.1540	-0.6939	0.0161	-0.0216	0.0051	-0.1050	-9.8056	0.1019	-0.11346359194052269	3	0	18	Upright	Normal
-0.1526	-9.9210	0.1143	-65.5918	88.5389	89.3033	13.0252	26.2590	27.4033	-0.0441	-0.1154	0.0111	-0.6883	-0.1448	0.1541	-0.6939	-0.0063	-0.0227	0.0072	-0.1085	-9.8056	0.1032	0.11338736156063511	3	0	18	Upright	Normal
-0.2292	-9.8827	0.2292	-65.5756	88.4358	89.2500	13.0885	26.0593	27.9744	-0.1137	-0.0772	0.1187	-0.6881	-0.1446	0.1545	-0.6941	0.0107	-0.0355	0.0040	-0.1155	-9.8055	0.1106	-0.03481723948371851	3	0	18	Upright	Normal
-0.2298	-9.9599	0.2682	-65.6241	88.3033	89.1998	12.8754	26.4699	27.9472	-0.1022	-0.1547	0.1484	-0.6879	-0.1438	0.1547	-0.6944	-0.0063	0.0359	0.0062	-0.1276	-9.8052	0.1197	0.07814585618423386	3	0	18	Upright	Normal
-0.1909	-9.9210	0.1909	-65.6740	88.2268	89.1522	13.0617	26.5421	28.2678	-0.0594	-0.1160	0.0660	-0.6878	-0.1433	0.1545	-0.6946	0.0001	0.0338	-0.0098	-0.1315	-9.8050	0.1249	-0.04148786291102624	3	0	18	Upright	Normal
-0.1909	-9.8827	0.3442	-65.6566	88.1473	89.0920	12.9215	26.5177	27.2029	-0.0573	-0.0777	0.2135	-0.6876	-0.1433	0.1547	-0.6948	0.0044	0.0167	-0.0151	-0.1336	-9.8050	0.1306	-0.03413752756195265	3	0	18	Upright	Normal
-0.1526	-9.8827	0.1526	-65.6687	88.0546	88.9766	12.7382	26.2272	27.5049	-0.0242	-0.0778	0.0156	-0.6873	-0.1434	0.1545	-0.6951	0.0076	-0.0131	-0.0162	-0.1284	-9.8049	0.1371	-0.0054786184611863575	4	0	19	Upright	Normal
-0.2676	-9.8827	0.1909	-65.6851	88.0310	88.9683	12.7616	26.4261	28.2299	-0.1369	-0.0778	0.0522	-0.6873	-0.1432	0.1545	-0.6951	0.0033	0.0061	-0.0087	-0.1306	-9.8049	0.1387	0.003109207412219206	4	0	19	Upright	Normal
-0.1909	-9.8444	0.2292	-65.8643	88.0091	88.9797	13.3057	26.0707	27.4121	-0.0545	-0.0395	0.0901	-0.6876	-0.1419	0.1536	-0.6953	-0.0117	0.0359	0.0035	-0.1365	-9.8049	0.1392	-0.03924675020861201	4	0	19	Upright	Normal
-0.0760	-9.8827	0.2292	-65.9834	87.9021	88.8377	12.9523	26.5616	27.8102	0.0531	-0.0778	0.0832	-0.6874	-0.1414	0.1527	-0.6958	-0.0085	0.0402	-0.0178	-0.1291	-9.8049	0.1460	0.03673110375505928	4	0	19	Upright	Normal
-0.1526	-9.8444	0.3442	-65.9801	87.8576	88.7977	13.0061	26.9546	27.6364	-0.0233	-0.0397	0.1950	-0.6873	-0.1414	0.1527	-0.6959	-0.0021	-0.0046	-0.0125	-0.1293	-9.8047	0.1492	-0.03405173541021256	4	0	19	Upright	Normal
-0.1532	-9.8450	0.1532	-65.9894	87.8136	88.7573	12.5771	27.0978	27.9685	-0.0239	-0.0403	0.0010	-0.6872	-0.1413	0.1527	-0.6960	-0.0053	-0.0163	-0.0093	-0.1293	-9.8047	0.1522	-0.004213872860759693	4	0	19	Upright	Normal
-0.2292	-9.9210	0.1909	-65.8933	87.6363	88.5892	12.3208	26.4021	27.7260	-0.1013	-0.1164	0.0259	-0.6866	-0.1418	0.1533	-0.6964	0.0032	-0.0291	-0.0072	-0.1279	-9.8046	0.1651	0.07809875795987153	4	0	19	Upright	Normal
-0.1909	-9.8827	0.2292	-65.9040	87.5937	88.5498	12.9682	26.4645	27.8840	-0.0631	-0.0783	0.0612	-0.6865	-0.1417	0.1533	-0.6965	0.0033	-0.0355	0.0014	-0.1278	-9.8044	0.1680	-0.03828219423915513	4	0	19	Upright	Normal
-0.0760	-9.8827	0.2292	-65.8496	87.4515	88.3692	12.5504	26.4437	27.7592	0.0429	-0.0783	0.0509	-0.6860	-0.1423	0.1533	-0.6968	0.0044	-0.0248	-0.0156	-0.1190	-9.8044	0.1784	-0.0015509554497441513	4	0	19	Upright	Normal
-0.0383	-9.8833	0.3448	-65.9582	87.0225	88.0561	12.8572	26.4882	27.4871	0.0946	-0.0796	0.1374	-0.6853	-0.1409	0.1534	-0.6979	-0.0084	0.0615	-0.0029	-0.1329	-9.8037	0.2074	0.0037371430806860673	4	0	19	Upright	Normal
-0.2298	-9.8067	0.3448	-65.8692	86.6909	87.7366	12.7668	26.8548	27.6558	-0.1003	-0.0034	0.1134	-0.6843	-0.1413	0.1539	-0.6986	0.0257	-0.0269	-0.0135	-0.1296	-9.8032	0.2313	-0.07393688793107245	5	0	20	Upright	Normal
-0.1526	-9.8061	0.3059	-65.9984	86.2103	87.1945	13.2192	26.1753	27.5462	-0.0401	-0.0034	0.0423	-0.6832	-0.1408	0.1527	-0.7001	0.0396	-0.0142	-0.0082	-0.1125	-9.8026	0.2635	-0.00339311860184921	5	0	20	Upright	Normal
-0.1526	-10.0359	0.4974	-66.2584	85.5488	86.6246	12.9456	27.2385	27.4589	-0.0328	-0.2346	0.1911	-0.6820	-0.1386	0.1516	-0.7019	0.0330	0.1584	-0.0071	-0.1199	-9.8013	0.3063	0.23732062738908155	5	0	20	Upright	Normal
-0.1143	-9.9210	0.4974	-66.4604	85.0016	86.0768	12.2929	27.1227	28.3533	-0.0012	-0.1209	0.1562	-0.6810	-0.1373	0.1503	-0.7034	0.0373	-0.0323	-0.0018	-0.1131	-9.8001	0.3412	-0.11525920485469676	5	0	20	Upright	Normal
-0.0377	-9.8827	0.4208	-66.5500	84.6840	85.7234	12.5201	27.3098	26.9424	0.0654	-0.0832	0.0593	-0.6803	-0.1369	0.1495	-0.7043	0.0117	-0.0365	-0.0092	-0.1031	-9.7995	0.3615	-0.042391651403010044	5	0	20	Upright	Normal
-0.1143	-9.9210	0.4208	-66.4750	84.4184	85.4374	12.5905	27.5269	26.8831	-0.0189	-0.1221	0.0401	-0.6795	-0.1374	0.1497	-0.7050	0.0117	0.0135	-0.0167	-0.0955	-9.7989	0.3807	0.0388509927906	5	0	20	Upright	Normal
-0.0760	-9.9210	0.4208	-66.4835	84.3791	85.4027	12.1346	27.2198	27.4226	0.0198	-0.1223	0.0376	-0.6794	-0.1373	0.1497	-0.7051	0.0117	-0.0174	-0.0124	-0.0958	-9.7987	0.3832	-3.6697888635472964E-4	5	0	20	Upright	Normal
-0.0383	-9.8833	0.5746	-66.4964	84.1780	85.1756	11.8750	27.1447	27.9579	0.0503	-0.0850	0.1779	-0.6789	-0.1374	0.1494	-0.7056	0.0044	-0.0131	-0.0116	-0.0886	-9.7983	0.3967	-0.03014747851639399	5	0	20	Upright	Normal
-0.1909	-9.8444	0.5357	-66.4367	83.9325	84.9575	12.6473	27.3805	27.1280	-0.1015	-0.0468	0.1215	-0.6782	-0.1375	0.1499	-0.7061	0.0140	-0.0376	-0.0041	-0.0895	-9.7975	0.4142	-0.03924982006829758	5	0	20	Upright	Normal
-0.0760	-9.9210	0.5740	-66.4356	83.8183	84.8682	13.1372	27.4859	26.5289	0.0160	-0.1238	0.1519	-0.6780	-0.1373	0.1500	-0.7064	-0.0095	0.0114	-0.0009	-0.0920	-9.7972	0.4221	0.07706805845548459	6	0	21	Upright	Normal
Total time: 21 seconds.
