-0.1532	-9.6917	1.3408	79.7365	8.3898	-76.7017	13.3918	16.5257	2.2871	0.1016	-0.0417	-0.3871	-0.5362	-0.3527	0.4382	0.6293	0.0603	-0.1065	0.0144	-0.2548	-9.6500	1.7279	-0.1866398629877395	6	1	1	Upright	Normal
-0.3442	-9.8444	1.5700	79.9175	8.3525	-77.8959	13.6365	15.7719	2.0769	-0.0947	-0.1890	-0.1284	-0.5332	-0.3592	0.4442	0.6239	-0.0302	-0.2099	0.0611	-0.2494	-9.6554	1.6984	0.18954141184859097	6	1	1	Upright	Normal
-0.6889	-9.5762	1.7615	80.0335	10.2115	-81.6274	13.3757	16.0380	1.7220	-0.3880	0.0826	0.0913	-0.5293	-0.3670	0.4553	0.6147	-0.0782	-0.3111	0.0345	-0.3009	-9.6588	1.6703	-0.21354585354410283	6	1	1	Upright	Normal
-0.9571	-10.0742	2.1829	80.0963	11.2355	-83.5984	13.6307	15.9867	1.2528	-0.6286	-0.4134	0.5293	-0.5273	-0.3710	0.4608	0.6099	-0.0302	-0.2003	0.0313	-0.3285	-9.6608	1.6536	0.5911210890087233	6	0	1	Upright	Normal
-1.2258	-9.4619	1.9537	79.0201	15.1842	-89.7463	13.9346	15.6608	0.6531	-0.7367	0.1653	0.1514	-0.5188	-0.3727	0.4800	0.6012	0.1924	-0.2535	0.1378	-0.4892	-9.6272	1.8022	-0.6133766475721423	6	0	1	Upright	Normal
-0.5746	-9.5385	2.1835	76.7216	16.6588	-92.6237	14.5088	15.3405	-0.0126	0.0709	0.0061	0.0260	-0.5063	-0.3656	0.4989	0.6009	0.4321	-0.4581	0.1815	-0.6455	-9.5446	2.1575	0.06313590006811154	0	0	1	Upright	Normal
-0.3448	-9.6534	1.4940	74.8894	11.3007	-89.2489	15.3215	15.5330	-1.1604	0.1561	-0.1856	-1.0123	-0.4855	-0.3694	0.5124	0.6043	0.3799	0.0117	-0.2488	-0.5008	-9.4679	2.5063	-0.02767370639092981	0	0	1	Upright	Normal
-1.3018	-9.7294	1.6083	74.4814	5.0576	-84.8843	14.3047	15.0520	-1.8696	-1.0705	-0.2803	-1.0051	-0.4699	-0.3821	0.5170	0.6049	0.0955	-0.5305	-0.2051	-0.2313	-9.4492	2.6134	0.1725774317374924	0	0	1	Upright	Normal
-1.7998	-10.2274	1.9531	74.9867	3.0037	-85.6819	14.2591	14.7456	-2.9965	-1.6668	-0.7554	-0.5833	-0.4603	-0.3985	0.5276	0.5924	0.1498	-0.4368	-0.1241	-0.1330	-9.4721	2.5364	0.6196400998975875	0	0	1	Upright	Normal
-3.0646	-10.7260	1.4557	74.1861	8.5341	-89.9628	13.9957	14.1229	-3.3658	-2.6680	-1.2905	-1.1869	-0.4674	-0.3832	0.5305	0.5944	-0.1069	0.6743	-0.0666	-0.3965	-9.4355	2.6426	0.6831698273638427	0	1	2	PT	Normal
0.8045	-10.6877	-0.0766	83.1439	45.7431	-125.4008	14.7309	13.2666	-1.3004	1.6426	-0.9511	-0.8932	-0.5388	-0.4100	0.4942	0.5453	-1.8966	0.3814	0.3169	-0.8381	-9.7366	0.8166	-0.531585947912868	0	1	2	PT	Normal
-1.9148	-13.4835	2.5277	77.3550	104.4616	175.2692	16.9665	10.8019	0.2345	0.1637	-3.9147	3.0638	-0.6008	-0.4079	0.4981	0.4739	-1.9989	0.5593	1.7289	-2.0785	-9.5689	-0.5362	3.133161292310165	0	1	2	PT	Normal
-0.2676	-6.6266	1.1486	67.5941	131.9089	153.1851	18.9629	7.2075	1.7906	2.5142	2.4398	3.6455	-0.6857	-0.3964	0.4472	0.4156	-1.8668	1.2868	0.3334	-2.7818	-9.0664	-2.4969	-7.1206419935432725	0	1	2	Jump	Normal
0.9577	-5.5929	-2.8347	64.5388	150.8962	138.9237	18.8431	5.1592	5.0577	3.0083	3.2614	0.8489	-0.7193	-0.4127	0.3802	0.4094	0.1594	0.7840	-0.5891	-2.0506	-8.8542	-3.6836	-0.3877613332812855	0	1	2	Upright	Normal
-4.0989	-12.8329	-6.1292	67.7844	149.4222	139.3476	18.3990	5.5953	4.7201	-2.2127	-3.7541	-2.9369	-0.6998	-0.4160	0.3921	0.4284	0.3820	0.0469	-0.0458	-1.8862	-9.0788	-3.1922	8.457417061568151	0	0	2	Upright	Normal
-1.2258	-10.6494	-3.5243	73.5835	146.6695	138.5152	18.4336	6.0039	3.2914	0.2969	-1.2424	-1.2088	-0.6566	-0.4323	0.4180	0.4552	2.0534	-0.6274	-1.5979	-1.5227	-9.4070	-2.3155	-3.5161928596600482	0	0	2	Upright	Normal
0.8434	-6.8947	0.8805	84.3373	131.7116	145.4922	17.3175	8.0357	0.9370	1.5652	2.8642	1.5239	-0.5644	-0.4628	0.4712	0.4951	0.3565	0.5976	-0.9126	-0.7219	-9.7589	-0.6434	-4.282514289704606	0	0	2	Upright	Normal
-1.2258	-10.0365	2.4900	86.8310	47.2839	-131.0306	17.0673	8.3669	0.7328	-0.8279	-0.2447	2.1226	-0.5260	-0.4523	0.4913	0.5266	0.5770	-0.7702	-0.0700	-0.3979	-9.7918	0.3674	3.411487744423141	0	0	2	Upright	Normal
-1.2641	-8.4276	1.7238	83.3926	36.1242	-125.7781	17.5272	8.3065	0.8536	-0.5990	1.3140	0.8125	-0.4943	-0.4574	0.5379	0.5071	0.6132	-1.1004	0.3082	-0.6651	-9.7416	0.9113	-1.7186917609104562	0	0	2	Upright	Normal
-0.1526	-10.2657	-2.2990	78.4753	10.1400	-106.8126	17.3550	7.9395	-1.6538	0.1923	-0.6566	-4.2273	-0.4306	-0.4651	0.5861	0.5048	0.7304	3.2981	-0.8348	-0.3449	-9.6091	1.9282	1.8266141083469716	0	1	3	PT	Normal
-3.4854	-10.9170	0.8039	79.1427	5.8923	-105.5749	17.5454	9.6652	0.1434	-3.2956	-1.2858	-1.0335	-0.4163	-0.4827	0.5933	0.4916	0.2233	-1.2986	0.0227	-0.1897	-9.6311	1.8374	0.966955984297508	0	1	3	PT	Normal
-4.9033	-13.2543	0.6129	81.7773	28.1484	-128.3411	16.4451	10.6470	2.4092	-4.2418	-3.5484	-0.6234	-0.4421	-0.4914	0.5907	0.4628	-2.0041	-1.0216	0.8732	-0.6615	-9.7059	1.2363	2.6574312239495104	0	1	3	PT	Normal
1.9926	-14.8626	2.0680	80.7588	107.2477	164.2009	11.0884	9.2159	8.7393	3.4964	-5.1831	2.5350	-0.5547	-0.4649	0.5192	0.4546	-0.5074	1.4317	1.2503	-1.5039	-9.6795	-0.4670	0.9920268760471895	0	1	3	PT	Normal
-1.5317	-7.8524	0.5740	74.3563	118.9438	167.3904	8.4948	8.1456	9.1720	0.7823	1.5911	1.8539	-0.6485	-0.3805	0.4594	0.4729	-0.8068	3.2480	1.4452	-2.3140	-9.4435	-1.2799	-7.116544224035989	0	1	3	Jump	Normal
0.0000	-5.3247	0.6129	69.9930	131.9233	177.4128	8.5333	7.0138	8.8830	2.4963	3.8903	2.8545	-0.7427	-0.2505	0.3454	0.5161	-0.4531	0.5422	-0.4073	-2.4963	-9.2150	-2.2416	-7.116544224035989	0	1	3	Jump	Normal
-1.1869	-10.0359	-4.4059	73.1852	147.6623	173.1372	9.3836	9.0036	9.3969	0.3305	-0.6484	-2.0090	-0.7598	-0.2119	0.2574	0.5581	0.0220	0.9534	-0.5394	-1.5175	-9.3875	-2.3969	3.003559318934535	0	1	3	PT	Normal
-0.7655	-6.8181	-1.2264	73.0928	141.2097	-176.3543	9.9351	10.6696	9.6414	1.0211	2.5648	0.9966	-0.7637	-0.1735	0.2488	0.5699	1.2342	-0.8916	0.1208	-1.7867	-9.3829	-2.2230	-4.054830282350102	0	1	3	Jump	Normal
0.4597	-6.5122	-0.1915	84.7264	110.7683	-152.2481	12.1698	15.5318	6.2528	1.3021	3.2530	0.1279	-0.6821	-0.2258	0.2745	0.6390	-0.1730	0.9864	-0.6974	-0.8425	-9.7652	-0.3195	-0.43847380692131566	0	1	3	PT	Normal
-0.5357	-7.6225	1.6083	86.0676	53.0140	-99.0430	12.4048	17.7156	6.7753	-0.0003	2.1612	1.2052	-0.6446	-0.2528	0.2998	0.6563	0.5141	-1.2645	0.4542	-0.5354	-9.7838	0.4031	1.2775070159210449	0	2	4	PT	Normal
-0.4208	-8.8484	2.3744	82.4840	25.4339	-92.9667	13.6148	18.0872	4.5425	0.1296	0.8743	1.2172	-0.5628	-0.3524	0.4320	0.6102	0.8071	-4.0842	-0.0603	-0.5504	-9.7227	1.1573	1.3623776102555407	0	2	4	PT	Normal
-1.5700	-10.4190	2.6043	79.1519	8.2835	-75.5654	14.0330	19.3210	0.0712	-1.3042	-0.7874	0.7786	-0.5363	-0.3453	0.4346	0.6357	-0.2890	-1.7683	-0.2088	-0.2658	-9.6316	1.8257	1.6826036953270673	0	2	4	PT	Normal
-5.1326	-12.2960	0.4591	79.2425	14.1995	-90.4828	13.4575	20.2653	-0.1459	-4.6835	-2.6616	-1.3153	-0.5132	-0.3823	0.4873	0.5942	0.4087	0.7052	-0.2471	-0.4491	-9.6344	1.7744	2.47843869882103	0	2	4	PT	Normal
-0.5740	-9.3464	-0.4220	81.1139	99.5436	-174.7496	15.8705	19.6498	2.4845	0.9191	0.3428	-0.1709	-0.5987	-0.3929	0.4674	0.5184	-2.2097	1.4669	1.0440	-1.4931	-9.6892	-0.2511	-3.958626412848261	0	2	4	Jump	Normal
-1.0337	-8.7334	-1.3797	73.4509	131.7040	151.1572	18.2150	16.6393	6.3507	1.0517	0.6671	0.4785	-0.6474	-0.4191	0.4534	0.4468	-1.1870	3.2096	1.2549	-2.0853	-9.4005	-1.8582	-0.47158186578783123	0	2	4	PT	Normal
-1.3402	-5.3624	-0.6901	63.8031	139.4770	153.5401	18.8125	12.5335	11.5405	1.4727	3.4370	2.6007	-0.7334	-0.3604	0.3997	0.4153	-0.9996	0.5902	0.2248	-2.8129	-8.7994	-3.2908	-3.3316796835130686	0	2	4	PT	Normal
-0.4591	-7.5076	-2.6055	71.0532	141.9830	154.6622	18.2044	11.0833	13.5731	1.5019	1.7678	-0.0970	-0.7092	-0.3534	0.3791	0.4779	1.7754	0.5859	-0.9823	-1.9610	-9.2754	-2.5085	2.389864636069011	0	2	4	PT	Normal
-1.0720	-9.7294	-6.1681	70.5204	144.3528	154.2647	16.6326	13.7928	12.9643	0.8338	-0.4839	-3.5106	-0.7185	-0.3454	0.3660	0.4801	0.6206	-0.0810	-0.1983	-1.9058	-9.2455	-2.6574	3.6094925364048045	0	2	4	Jump	Normal
-0.8805	-13.9432	0.3059	80.4444	139.1653	156.0526	16.9631	16.3301	11.6393	0.1838	-4.2725	1.5374	-0.6533	-0.3688	0.3861	0.5368	1.3311	-0.9172	-0.1173	-1.0642	-9.6708	-1.2315	2.4047130686965037	0	2	4	PT	Normal
-1.6849	-9.1165	1.3402	86.6301	110.8969	-173.5230	16.0742	18.8927	9.9684	-1.1480	0.6734	1.5452	-0.6203	-0.3546	0.3800	0.5875	-0.0004	0.9992	-0.8555	-0.5369	-9.7899	-0.2050	-4.6070604783826745	0	3	5	Run	Normal
-1.0343	-7.6614	0.3448	85.7056	69.7040	-130.8915	14.5810	19.2844	9.8744	-0.3460	2.1178	0.0902	-0.6130	-0.3336	0.3857	0.6035	0.7644	-0.9513	0.5038	-0.6883	-9.7793	0.2545	-1.628675994396498	0	3	5	Walk	Normal
0.4980	-9.9216	0.4597	81.8762	37.3396	-105.1591	16.3827	18.8769	7.0164	1.3384	-0.2132	-0.6416	-0.5693	-0.3461	0.4409	0.6015	0.7964	-1.1164	-0.0033	-0.8404	-9.7083	1.1013	2.2061354318171764	0	3	5	Walk	Normal
-1.6855	-9.7300	0.4597	82.6136	22.3942	-92.6621	16.6735	19.9963	5.5270	-1.2055	-0.0046	-0.7052	-0.5526	-0.3677	0.4445	0.6015	-0.0483	-1.5265	-0.1985	-0.4800	-9.7254	1.1649	-0.05911935458455808	0	3	5	Upright	Normal
-3.7158	-10.2663	0.5746	82.7767	28.0770	-101.9425	17.0268	20.0004	3.8395	-3.1357	-0.5373	-0.5130	-0.5453	-0.3837	0.4644	0.5829	0.1424	0.2866	-0.3508	-0.5801	-9.7290	1.0876	1.0475702978718786	0	0	5	Upright	Normal
0.0766	-10.1897	-2.3367	82.9582	97.1799	-171.0136	16.4930	19.3272	5.1727	1.2694	-0.4570	-2.1864	-0.5945	-0.3927	0.4551	0.5341	-2.7381	-0.2951	0.5877	-1.1928	-9.7327	-0.1504	-0.47869840288507426	0	0	5	Upright	Normal
2.9497	-13.2160	0.0000	76.6839	128.2927	151.0719	17.7844	16.1284	7.6673	4.7224	-3.6729	1.3997	-0.6159	-0.4382	0.4706	0.4551	-1.1881	-1.6778	1.2226	-1.7728	-9.5431	-1.3997	-0.47869840288507426	0	0	5	Upright	Normal
-2.0680	-5.5539	-1.2647	65.0540	132.4449	153.5886	20.3496	11.8254	8.8979	0.9840	3.3380	1.5266	-0.7016	-0.3873	0.4434	0.4014	-0.6694	0.9087	0.3331	-3.0520	-8.8919	-2.7913	-4.3946146550827505	0	0	5	Upright	Normal
0.6135	-6.5882	-1.5329	70.8314	131.9857	153.2794	19.9173	10.6535	10.2796	3.0068	2.6748	0.6211	-0.6698	-0.4014	0.4449	0.4384	1.2300	-0.8160	-1.0155	-2.3933	-9.2630	-2.1540	0.7320879035129328	0	0	5	Upright	Normal
-4.7112	-10.8403	-5.4785	72.2654	125.3288	154.7423	19.8573	12.9682	7.5476	-2.2740	-1.4997	-3.7511	-0.6409	-0.4211	0.4764	0.4301	-0.0515	-0.9502	-0.1100	-2.4371	-9.3407	-1.7274	6.235772001007144	0	0	5	Upright	Normal
-2.2595	-12.5259	0.6506	80.6315	102.9032	172.4742	20.2228	14.9360	3.4667	-0.7036	-2.8498	1.0071	-0.5686	-0.4415	0.5073	0.4737	2.2047	-0.3462	-1.0357	-1.5559	-9.6760	-0.3564	-0.28304219557306354	0	0	6	Upright	Normal
1.9160	-10.5722	1.9148	83.7964	60.2947	-150.3864	18.0914	16.8976	-1.3717	2.8364	-0.8229	1.3897	-0.5090	-0.4628	0.5366	0.4887	-0.8515	-0.9065	-0.3092	-0.9204	-9.7493	0.5251	-1.8309733675381068	0	0	6	Upright	Normal
-0.6889	-8.0822	2.4128	82.3635	41.3437	-143.9486	18.5879	17.6014	-2.9543	0.1719	1.6375	1.4346	-0.4433	-0.5036	0.5977	0.4389	0.7283	-1.9888	0.1002	-0.8609	-9.7197	0.9782	-2.450953068359336	0	0	6	Upright	Normal
-1.9914	-10.7254	2.1829	81.7374	29.7795	-142.0991	17.8004	17.5097	-6.6257	-1.2915	-1.0205	0.9599	-0.3891	-0.5350	0.6366	0.3964	0.1712	-1.6075	0.0448	-0.6999	-9.7049	1.2230	2.6622183535705393	0	0	6	Upright	Normal
-1.2258	-9.4236	-0.2298	82.9330	26.7664	-160.1967	16.2450	16.8692	-10.3137	-0.6826	0.3087	-1.3068	-0.2816	-0.6048	0.6918	0.2763	-0.2144	-2.5918	0.1332	-0.5432	-9.7323	1.0769	-1.6192003135522466	0	0	6	Upright	Normal
0.1149	-10.0365	2.7581	82.7474	17.6368	-163.3434	13.9080	17.5827	-13.7928	0.4901	-0.3083	1.5784	-0.2084	-0.6296	0.7190	0.2077	-0.4520	-2.4821	-0.0202	-0.3751	-9.7282	1.1797	0.9034413622838837	0	0	6	Upright	Normal
-2.2984	-10.2280	2.6049	85.0791	-1.4560	-157.0999	10.5484	17.5530	-14.7514	-2.3198	-0.4574	1.7641	-0.1250	-0.6645	0.7238	0.1378	-0.4584	-2.6024	-0.0447	0.0214	-9.7706	0.8408	0.39264755200628976	0	0	6	Upright	Normal
-0.4208	-9.7677	0.4208	88.4140	-39.3407	-134.2636	5.4571	18.5652	-16.4007	-0.5927	0.0352	0.2110	-0.0328	-0.6987	0.7131	0.0461	-0.6438	-1.0312	-0.1715	0.1719	-9.8029	0.2098	-1.0160456068932238	0	0	6	Upright	Normal
2.1452	-8.8873	-2.9113	84.5458	-141.8582	-41.2380	1.4396	20.0198	-15.7138	1.6385	0.8788	-2.1781	-0.0406	0.7319	-0.6802	-0.0024	-1.0976	-1.1974	-0.0650	0.5067	-9.7661	-0.7332	-0.19093588985782262	0	0	6	Upright	Normal
0.4214	-10.4579	-1.3408	73.9786	-117.1376	-65.9800	-1.8684	20.0193	-14.5405	0.0468	-0.7364	-0.1061	-0.1079	0.7425	-0.6574	-0.0698	-0.4254	-1.9643	-0.1460	0.3745	-9.7215	-1.2347	0.9570431735345224	0	0	7	Upright	Normal
-2.9880	-8.8107	-3.7924	61.8930	-109.5445	-70.8146	-4.5720	20.2877	-14.0093	-2.6839	0.8688	-2.2468	-0.1641	0.7429	-0.6290	-0.1598	-0.7918	-0.6136	-0.3111	-0.3041	-9.6795	-1.5456	-0.5050846365659325	0	0	7	Upright	Normal
0.9194	-9.3470	-1.8004	58.6952	-113.7812	-70.8303	-6.5219	20.4855	-12.7576	0.6749	0.2390	0.2544	-0.2049	0.7502	-0.6105	-0.1501	-0.4680	-0.6306	-0.3846	0.2445	-9.5859	-2.0548	-0.483720518020224	0	0	7	Upright	Normal
-1.4940	-8.7724	-2.1452	52.6289	-111.9214	-70.9095	-8.4213	20.4454	-10.8166	-1.2680	0.7766	0.0771	-0.2287	0.7490	-0.5903	-0.1956	-0.1942	-0.8501	0.3931	-0.2260	-9.5490	-2.2223	-0.4094851837370168	0	0	7	Upright	Normal
-0.9954	-8.8484	-2.5289	50.7840	-113.1225	-67.6402	-7.8351	20.7324	-10.6675	-0.3237	0.6276	-0.0940	-0.2233	0.7578	-0.5744	-0.2144	-0.1825	-0.0927	0.3909	-0.6717	-9.4760	-2.4349	0.10273883206381917	0	0	7	Tilt	Normal
-1.6466	-10.2274	-3.5249	48.5490	-114.1839	-63.3018	-6.9747	20.5211	-9.6240	-0.3174	-0.8823	-0.8654	-0.2115	0.7687	-0.5537	-0.2405	-0.2059	-0.6775	0.9715	-1.3292	-9.3452	-2.6595	1.6860233283895063	0	0	7	Tilt	Normal
-2.0680	-8.0439	-2.2224	46.3152	-114.6196	-56.1040	-5.3926	22.2427	-8.7593	0.4518	1.0038	0.5993	-0.1764	0.7828	-0.5256	-0.2826	0.0519	-0.7382	0.9491	-2.5197	-9.0477	-2.8217	-2.344716465391379	0	0	7	Tilt	Normal
-4.0217	-7.7758	-2.4523	45.4955	-114.6365	-49.8566	-3.0084	22.4355	-8.7875	-0.5035	0.9180	0.4133	-0.1378	0.7919	-0.5050	-0.3144	-0.2965	-0.2386	0.8458	-3.5181	-8.6938	-2.8656	0.4935804313330756	0	0	7	Tilt	Normal
-4.2515	-8.2738	-3.1418	45.7770	-117.5218	-41.8844	-0.8206	22.5399	-8.0508	0.0552	-0.0497	0.0189	-0.0932	0.8078	-0.4813	-0.3274	-0.5031	0.1449	0.8724	-4.3067	-8.2241	-3.1606	0.7271933282008174	0	0	7	Tilt	Normal
-5.0176	-7.3927	-3.4866	45.7526	-122.0332	-33.1796	1.2243	23.0184	-7.1566	-0.0986	0.2756	0.1429	-0.0496	0.8262	-0.4534	-0.3308	-0.5873	0.2056	0.8648	-4.9190	-7.6683	-3.6295	-0.22758245450507353	0	0	7	Tilt	Normal
-5.3624	-7.1629	-4.0995	44.1572	-127.5477	-23.3584	3.6384	22.9515	-6.0156	0.1249	-0.2580	0.1882	-0.0056	0.8477	-0.4131	-0.3328	-0.7258	0.2802	0.6784	-5.4874	-6.9049	-4.2877	0.25130740197292845	1	0	8	Tilt	Normal
-6.1292	-6.8953	-4.8650	41.4879	-131.0713	-15.9684	6.1443	22.4048	-4.2468	-0.1954	-0.7578	-0.0386	0.0270	0.8633	-0.3731	-0.3387	-0.6683	0.0309	0.5644	-5.9337	-6.1375	-4.8264	0.5876147828290588	1	0	8	Tilt	Normal
-6.3201	-6.0519	-5.5168	39.1845	-133.2441	-10.9823	7.3141	21.2715	-2.9055	-0.1160	-0.5237	-0.3092	0.0497	0.8735	-0.3422	-0.3427	-0.6012	0.0692	0.5740	-6.2041	-5.5282	-5.2077	-0.08550274317613393	0	0	8	Tilt	Normal
-6.7415	-4.8261	-5.9765	37.0040	-135.2746	-5.9773	9.0606	21.3989	-1.5150	-0.3145	0.0633	-0.4123	0.0748	0.8821	-0.3119	-0.3450	-0.5149	0.1257	0.5495	-6.4269	-4.8894	-5.5643	-0.12383442592834726	0	0	8	Tilt	Normal
-7.0868	-4.6735	-6.2058	35.3607	-136.6804	-1.1840	9.5948	20.6003	-0.7618	-0.4455	-0.4063	-0.3871	0.1029	0.8866	-0.2859	-0.3487	-0.2304	0.0650	0.5039	-6.6414	-4.2672	-5.8187	0.29507552192128195	0	0	8	Tilt	Normal
-7.0485	-4.5203	-6.5122	33.6791	-138.8024	2.5385	10.9297	20.0162	0.0248	-0.4143	-0.7184	-0.3717	0.1217	0.8934	-0.2636	-0.3427	-0.5010	0.3494	0.2973	-6.6342	-3.8018	-6.1405	0.09216959661973334	0	0	8	Tilt	Normal
-6.9713	-4.0600	-7.0108	31.0309	-141.0441	4.8717	11.8330	19.2199	1.0839	-0.4940	-0.6665	-0.4761	0.1277	0.9038	-0.2383	-0.3317	-0.6896	0.4453	0.0682	-6.4774	-3.3935	-6.5347	0.08033201191959982	0	0	8	Tilt	Normal
-6.1669	-3.1406	-7.1641	27.5598	-143.0888	5.7725	11.4009	19.2146	3.0694	0.0579	-0.1235	-0.2126	0.1217	0.9163	-0.2102	-0.3184	-0.5766	0.1609	-0.0383	-6.2248	-3.0171	-6.9514	-0.7271867044994682	0	0	8	Tilt	Normal
-6.3967	-2.1829	-7.2790	24.6960	-143.6739	6.8232	11.3686	18.1745	4.2250	-0.2363	0.4046	-0.1007	0.1218	0.9226	-0.1847	-0.3161	-0.4168	0.0948	0.1375	-6.1604	-2.5875	-7.1783	-0.027731892960819238	0	0	8	Tilt	Normal
-6.3973	-1.9920	-7.4699	22.4335	-143.4489	7.9957	12.2893	17.4478	5.2276	-0.1956	0.1728	-0.1881	0.1258	0.9249	-0.1628	-0.3197	-0.2954	-0.0692	0.1874	-6.2017	-2.1648	-7.2818	0.10147671688571691	0	0	8	Tilt	Normal
-6.1286	-1.6466	-7.5471	20.8036	-142.9976	8.8371	12.3126	16.8811	5.1775	0.1309	0.1953	-0.2260	0.1290	0.9255	-0.1467	-0.3244	-0.2528	-0.0522	0.0510	-6.2595	-1.8419	-7.3212	-0.17407128573942465	1	0	9	Tilt	Normal
-6.5882	-1.6083	-7.4705	19.9391	-142.3705	9.0538	12.8676	16.1815	6.2131	-0.2584	0.0651	-0.1694	0.1292	0.9250	-0.1383	-0.3296	-0.1239	-0.1864	-0.0576	-6.3298	-1.6734	-7.3011	0.22905313428194418	1	0	9	Tilt	Normal
-6.5122	-1.2641	-7.4699	19.2313	-142.2804	9.5123	12.6678	16.2324	6.5489	-0.1727	0.2644	-0.1456	0.1312	0.9253	-0.1311	-0.3307	-0.1484	0.0511	0.0713	-6.3395	-1.5285	-7.3243	-0.09926735702715739	1	0	9	Tilt	Normal
-6.6266	-1.4551	-7.3173	18.9254	-142.0068	9.9216	12.5615	16.2189	6.9658	-0.2481	-0.0260	-0.0066	0.1340	0.9245	-0.1271	-0.3333	-0.0089	-0.0746	0.0521	-6.3785	-1.4290	-7.3107	-0.011722540980773744	1	0	9	Tilt	Normal
-6.5122	-1.3791	-7.4316	18.8817	-142.0542	10.2156	12.9424	16.2223	6.3184	-0.1336	0.0145	-0.1143	0.1362	0.9244	-0.1259	-0.3333	0.0124	0.0234	0.0209	-6.3786	-1.3936	-7.3173	-0.001637341751759891	1	0	9	Tilt	Normal
-6.4356	-1.5323	-7.4699	18.8895	-142.1289	10.2969	13.1667	15.6712	6.3998	-0.0643	-0.1425	-0.1454	0.1368	0.9245	-0.1259	-0.3327	-0.0014	0.0160	-0.0100	-6.3713	-1.3898	-7.3245	0.0012504129079484727	1	0	9	Tilt	Normal
-6.4350	-1.3402	-7.5471	18.9267	-142.4899	10.4178	12.9352	16.2224	6.3104	-0.1058	0.0618	-0.1885	0.1374	0.9254	-0.1263	-0.3300	0.0103	0.0479	-0.0355	-6.3292	-1.4020	-7.3586	0.030009594226269698	1	0	9	Tilt	Normal
-6.5116	-1.4168	-7.4705	18.9909	-142.7636	10.4009	12.4355	16.3841	6.9597	-0.2162	0.0109	-0.0880	0.1372	0.9261	-0.1272	-0.3278	-0.0004	0.0479	-0.0537	-6.2954	-1.4277	-7.3825	0.0026248849991308276	1	0	9	Tilt	Normal
-6.2435	-1.4168	-7.4322	19.1133	-143.0650	10.3595	12.3580	16.0508	6.7776	0.0151	0.0485	-0.0257	0.1368	0.9268	-0.1286	-0.3253	0.0337	0.0501	-0.0451	-6.2586	-1.4653	-7.4065	-0.201329407222417	1	0	9	Tilt	Normal
-6.2818	-1.4551	-7.5471	19.3156	-143.3030	10.2654	12.9013	15.9871	6.2244	-0.0516	0.0599	-0.1266	0.1363	0.9272	-0.1308	-0.3233	0.0370	0.0096	-0.0361	-6.2302	-1.5149	-7.4205	0.1170866129426198	2	0	10	Tilt	Fall
-6.3973	-1.6855	-7.5082	19.4643	-143.4561	10.1735	12.4999	16.5913	6.2412	-0.1860	-0.1327	-0.0798	0.1358	0.9275	-0.1325	-0.3220	-0.0035	0.0011	-0.0446	-6.2113	-1.5528	-7.4285	0.08038608487389531	2	0	10	Tilt	Normal
-6.3590	-1.8004	-7.5465	19.5323	-143.5420	9.9224	12.4684	16.4166	6.5500	-0.1642	-0.2069	-0.1130	0.1338	0.9280	-0.1338	-0.3211	-0.0206	0.0320	-0.0542	-6.1948	-1.5935	-7.4335	0.024381525806150606	2	0	10	Tilt	Normal
-6.2058	-1.5706	-7.5082	19.5664	-143.7980	9.8631	12.1500	15.9650	7.4556	-0.0452	0.0483	-0.0518	0.1331	0.9287	-0.1346	-0.3189	0.0114	0.0149	-0.0414	-6.1606	-1.6189	-7.4564	-0.16464830709515432	2	0	10	Tilt	Normal
-6.1669	-1.5700	-7.5854	19.5919	-144.0316	9.8842	11.8168	16.1839	7.0566	-0.0356	0.0633	-0.1080	0.1331	0.9293	-0.1350	-0.3171	0.0338	0.0341	-0.0105	-6.1313	-1.6333	-7.4774	0.03450258573603193	2	0	10	Tilt	Normal
-6.1669	-1.7232	-7.6237	19.6626	-144.1734	9.7978	11.8255	16.7653	6.2273	-0.0549	-0.0636	-0.1362	0.1324	0.9296	-0.1360	-0.3158	0.0241	0.0170	-0.0152	-6.1119	-1.6596	-7.4876	0.05474234587968496	2	0	10	Tilt	Normal
-6.2052	-1.7232	-7.6620	19.7092	-144.2349	9.7324	12.2042	16.2376	7.0942	-0.1022	-0.0471	-0.1709	0.1319	0.9298	-0.1366	-0.3153	-0.0014	-0.0096	-0.0205	-6.1030	-1.6761	-7.4912	0.053057719385426694	2	0	10	Tilt	Normal
-6.1669	-1.6466	-7.6237	19.7085	-144.3520	9.7690	12.3981	16.2266	7.3620	-0.0783	0.0322	-0.1215	0.1321	0.9301	-0.1367	-0.3144	0.0039	0.0085	-0.0152	-6.0886	-1.6788	-7.5022	-0.06602960439808214	2	0	10	Tilt	Normal
-6.3584	-1.7232	-7.7004	19.7412	-144.4897	9.7721	12.6524	16.6083	6.6191	-0.2870	-0.0328	-0.1867	0.1320	0.9304	-0.1371	-0.3132	0.0050	0.0415	-0.0195	-6.0714	-1.6905	-7.5136	0.19087047303720794	2	0	10	Tilt	Normal
-6.0525	-1.7621	-7.5848	19.8258	-144.6255	9.7778	12.1366	16.4249	6.8103	0.0030	-0.0536	-0.0625	0.1321	0.9306	-0.1379	-0.3122	-0.0057	0.0181	-0.0056	-6.0555	-1.7086	-7.5223	-0.27144535014630655	2	0	10	Tilt	Normal
-6.0908	-1.6855	-7.7381	19.8814	-144.6600	9.8523	12.3280	16.6652	6.0696	-0.0365	0.0242	-0.2152	0.1328	0.9305	-0.1382	-0.3120	0.0231	-0.0085	0.0160	-6.0543	-1.7098	-7.5229	0.12844287978447788	3	0	11	Tilt	Normal
-6.2441	-1.7621	-7.7381	19.9095	-144.6486	9.8961	11.6666	16.7729	6.3683	-0.1863	-0.0540	-0.2176	0.1332	0.9304	-0.1383	-0.3121	0.0071	0.0160	0.0011	-6.0578	-1.7081	-7.5205	0.10727432550594251	3	0	11	Tilt	Normal
-6.1286	-1.7998	-7.6620	19.8943	-144.6960	9.9208	12.3465	17.3546	6.5029	-0.0766	-0.0935	-0.1365	0.1333	0.9305	-0.1382	-0.3118	-0.0216	0.0224	-0.0021	-6.0519	-1.7063	-7.5256	-0.12288473881560158	3	0	11	Tilt	Normal
-6.1286	-1.6466	-7.6237	19.9003	-144.7556	9.9861	11.7825	16.6095	6.0988	-0.0823	0.0570	-0.0929	0.1338	0.9306	-0.1381	-0.3114	0.0061	-0.0107	0.0054	-6.0463	-1.7036	-7.5308	-0.05596680337934501	3	0	11	Tilt	Normal
-6.0903	-1.7998	-7.6620	19.9359	-144.7564	10.0208	12.0242	16.4648	6.2117	-0.0423	-0.0953	-0.1327	0.1342	0.9305	-0.1383	-0.3114	0.0093	0.0149	0.0033	-6.0479	-1.7045	-7.5293	0.032481843453400217	3	0	11	Tilt	Normal
-6.0136	-1.7615	-7.6620	19.9228	-144.7659	10.0004	11.2239	16.7064	6.8429	0.0322	-0.0560	-0.1312	0.1340	0.9306	-0.1383	-0.3113	0.0050	0.0085	0.0032	-6.0458	-1.7056	-7.5308	-0.05364117990765038	3	0	11	Tilt	Normal
-6.0903	-1.7615	-7.7004	19.9347	-144.7814	10.0130	12.5677	16.6010	6.1002	-0.0459	-0.0548	-0.1688	0.1341	0.9306	-0.1383	-0.3112	0.0071	-0.0000	0.0096	-6.0443	-1.7068	-7.5316	0.07640077890334496	3	0	11	Tilt	Normal
-6.1286	-1.7232	-7.7004	19.9468	-144.7990	10.0342	11.3996	16.5831	6.1233	-0.0856	-0.0162	-0.1677	0.1343	0.9306	-0.1384	-0.3111	0.0050	0.0043	0.0117	-6.0430	-1.7071	-7.5326	0.016754686050527212	3	0	11	Tilt	Normal
-6.0903	-1.7998	-7.7004	19.9607	-144.8202	10.0538	12.2406	16.7224	6.1448	-0.0491	-0.0919	-0.1664	0.1344	0.9306	-0.1385	-0.3110	0.0018	0.0021	0.0085	-6.0412	-1.7080	-7.5340	-0.009919701438526829	3	0	11	Tilt	Normal
-6.0525	-1.8004	-7.6231	19.9918	-144.8444	10.0893	12.2411	16.5082	6.6605	-0.0129	-0.0908	-0.0884	0.1348	0.9306	-0.1387	-0.3108	-0.0003	0.0085	0.0075	-6.0397	-1.7096	-7.5347	-0.08256232939197616	3	0	11	Tilt	Normal
-6.1675	-1.8004	-7.6231	19.9751	-144.8688	10.0994	11.8436	16.3175	7.5872	-0.1311	-0.0926	-0.0853	0.1348	0.9307	-0.1385	-0.3106	0.0082	0.0075	0.0065	-6.0364	-1.7078	-7.5378	0.0707309460084673	4	0	12	Tilt	Normal
-6.0908	-1.7621	-7.7381	19.9753	-144.8806	10.0972	12.2334	16.3977	7.1473	-0.0561	-0.0534	-0.1992	0.1348	0.9307	-0.1386	-0.3105	-0.0035	0.0075	0.0054	-6.0347	-1.7087	-7.5389	0.034539845433029015	4	0	12	Tilt	Normal
-6.1286	-1.8381	-7.6620	19.9692	-144.8853	10.0858	11.6504	17.2176	5.9216	-0.0949	-0.1287	-0.1226	0.1346	0.9307	-0.1386	-0.3105	-0.0035	-0.0053	0.0001	-6.0337	-1.7095	-7.5395	-0.021836668010736915	4	0	12	Tilt	Normal
-6.0903	-1.7615	-7.7770	19.9948	-144.9014	10.1119	12.0547	16.5985	6.0521	-0.0573	-0.0506	-0.2372	0.1349	0.9307	-0.1387	-0.3104	-0.0035	0.0085	0.0043	-6.0329	-1.7110	-7.5398	0.05154722323833383	4	0	12	Tilt	Normal
-6.1669	-1.6849	-7.7004	20.0175	-144.9134	10.1499	12.1671	16.8590	6.2800	-0.1339	0.0257	-0.1606	0.1352	0.9307	-0.1388	-0.3103	0.0050	0.0043	0.0065	-6.0329	-1.7107	-7.5398	-0.025479519124573358	4	0	12	Tilt	Normal
-6.1286	-1.7615	-7.6620	20.0494	-144.9356	10.2036	12.3288	16.3485	6.2500	-0.0962	-0.0512	-0.1217	0.1357	0.9306	-0.1390	-0.3102	0.0029	0.0053	0.0034	-6.0323	-1.7104	-7.5404	-0.03988829560427476	4	0	12	Tilt	Normal
-6.1669	-1.7615	-7.7770	20.0842	-144.9655	10.2700	11.7432	16.1603	6.1779	-0.1356	-0.0519	-0.2355	0.1363	0.9305	-0.1391	-0.3101	-0.0088	0.0011	0.0034	-6.0313	-1.7096	-7.5414	0.11204640004192257	4	0	12	Tilt	Normal
-6.0136	-1.6466	-7.7004	20.1160	-144.9910	10.3320	12.4834	16.3769	6.4337	0.0168	0.0621	-0.1580	0.1369	0.9305	-0.1392	-0.3100	-0.0024	0.0021	0.0002	-6.0304	-1.7087	-7.5423	-0.1723203111376428	4	0	12	Tilt	Normal
-6.1669	-1.6849	-7.8153	20.1453	-145.0169	10.4049	11.9980	16.0291	6.9691	-0.1369	0.0214	-0.2720	0.1375	0.9304	-0.1393	-0.3098	0.0029	-0.0043	-0.0040	-6.0299	-1.7063	-7.5432	0.1888334247225263	4	0	12	Tilt	Normal
-6.0519	-1.7615	-7.6620	20.1382	-145.0269	10.4162	11.4559	16.4339	6.6917	-0.0232	-0.0567	-0.1175	0.1376	0.9305	-0.1392	-0.3098	0.0029	0.0011	-0.0030	-6.0287	-1.7048	-7.5446	-0.1755306331851365	5	0	13	Tilt	Normal
-6.0903	-1.7232	-7.6620	20.1422	-145.0408	10.4209	12.2508	16.5007	6.8304	-0.0631	-0.0175	-0.1164	0.1376	0.9305	-0.1392	-0.3097	-0.0046	0.0053	0.0000	-6.0271	-1.7057	-7.5456	0.016757558345977586	5	0	13	Tilt	Normal
-6.1286	-1.7615	-7.7387	20.1432	-145.0471	10.4251	12.2978	17.4950	6.5483	-0.1021	-0.0558	-0.1924	0.1376	0.9305	-0.1393	-0.3096	-0.0025	0.0107	-0.0010	-6.0265	-1.7057	-7.5462	0.0892872673615539	5	0	13	Tilt	Normal
-6.0903	-1.7232	-7.6620	20.1342	-145.0562	10.4248	12.3370	17.2892	6.8738	-0.0651	-0.0181	-0.1146	0.1376	0.9305	-0.1392	-0.3095	0.0007	-0.0096	0.0000	-6.0252	-1.7051	-7.5474	-0.0892872673615539	5	0	13	Tilt	Normal
-6.0519	-1.7615	-7.8153	20.1256	-145.0604	10.4111	11.9863	16.6221	6.7822	-0.0280	-0.0558	-0.2671	0.1375	0.9306	-0.1392	-0.3095	-0.0046	0.0011	0.0000	-6.0240	-1.7057	-7.5482	0.1021033843672896	5	0	13	Tilt	Normal
-6.1286	-1.7232	-7.7004	20.1326	-145.0819	10.4332	12.2460	16.2453	6.2749	-0.1067	-0.0177	-0.1504	0.1376	0.9306	-0.1392	-0.3093	-0.0035	-0.0053	0.0064	-6.0219	-1.7056	-7.5500	-0.04902132426467887	5	0	13	Tilt	Normal
-6.0519	-1.7232	-7.7004	20.1163	-145.0819	10.4255	11.2253	16.5710	6.5629	-0.0307	-0.0190	-0.1496	0.1375	0.9306	-0.1391	-0.3093	-0.0024	0.0021	0.0057	-6.0213	-1.7042	-7.5507	-0.04686310248827752	5	0	13	Tilt	Normal
-6.0908	-1.7238	-7.6998	20.0901	-145.0822	10.4012	11.6379	16.6086	6.6632	-0.0709	-0.0205	-0.1478	0.1373	0.9307	-0.1389	-0.3093	-0.0014	-0.0032	0.0057	-6.0199	-1.7033	-7.5519	0.02336160180484903	5	0	13	Tilt	Normal
-6.0903	-1.7615	-7.6620	20.0841	-145.0849	10.4016	12.1063	16.1649	6.7395	-0.0709	-0.0588	-0.1095	0.1372	0.9307	-0.1389	-0.3093	-0.0024	0.0011	0.0067	-6.0193	-1.7027	-7.5525	-0.022868108894957828	5	0	13	Tilt	Normal
-6.1675	-1.6855	-7.6998	20.0730	-145.0772	10.3977	11.3614	15.9402	6.6570	-0.1474	0.0157	-0.1474	0.1372	0.9307	-0.1388	-0.3093	-0.0014	-0.0032	0.0025	-6.0201	-1.7012	-7.5524	0.06339855469684785	5	0	13	Tilt	Normal
-6.1675	-1.8387	-7.6998	20.0674	-145.0828	10.3916	11.6406	16.3018	6.2680	-0.1484	-0.1372	-0.1466	0.1371	0.9308	-0.1388	-0.3093	0.0029	-0.0021	0.0004	-6.0190	-1.7015	-7.5531	0.02693676545454693	6	0	14	Tilt	Normal
-6.1675	-1.6855	-7.7381	20.0714	-145.0901	10.4027	12.3153	16.1129	7.2613	-0.1490	0.0157	-0.1845	0.1372	0.9307	-0.1388	-0.3092	0.0018	-0.0085	0.0002	-6.0184	-1.7012	-7.5536	0.0025588877490747564	6	0	14	Tilt	Normal
-6.1292	-1.7621	-7.7381	20.0836	-145.0988	10.4204	11.9641	16.6425	6.3494	-0.1110	-0.0606	-0.1844	0.1374	0.9307	-0.1388	-0.3092	-0.0004	0.0087	0.0040	-6.0181	-1.7015	-7.5537	-0.010310259258682564	6	0	14	Tilt	Normal
-6.1292	-1.6472	-7.7381	20.0993	-145.1158	10.4681	12.2062	16.3087	5.8670	-0.1115	0.0522	-0.1835	0.1378	0.9307	-0.1389	-0.3091	0.0028	0.0066	-0.0077	-6.0177	-1.6994	-7.5546	-0.019551819617165123	6	0	14	Tilt	Normal
-6.1286	-1.7615	-7.6620	20.1174	-145.1244	10.5083	11.9578	17.0045	6.2783	-0.1104	-0.0634	-0.1076	0.1381	0.9306	-0.1389	-0.3091	0.0060	-0.0062	-0.0056	-6.0181	-1.6981	-7.5545	-0.03953101833649342	6	0	14	Tilt	Normal
-6.0903	-1.7615	-7.7770	20.1374	-145.1459	10.5401	11.8166	16.4624	6.2941	-0.0735	-0.0628	-0.2215	0.1384	0.9306	-0.1390	-0.3090	0.0039	0.0066	-0.0013	-6.0168	-1.6987	-7.5555	0.06536781472884812	6	0	14	Tilt	Normal
-6.1286	-1.7615	-7.7387	20.1321	-145.1522	10.5463	11.7815	16.8101	6.5060	-0.1125	-0.0639	-0.1823	0.1385	0.9306	-0.1390	-0.3089	0.0017	0.0023	-0.0045	-6.0160	-1.6976	-7.5564	-0.006294108579647073	6	0	14	Tilt	Normal
-6.1286	-1.6466	-7.7387	20.1274	-145.1556	10.5515	11.9679	16.7927	6.6712	-0.1130	0.0501	-0.1818	0.1385	0.9307	-0.1389	-0.3089	-0.0004	0.0023	-0.0056	-6.0156	-1.6967	-7.5568	-0.01954494913824867	6	0	14	Tilt	Normal
-6.0136	-1.7232	-7.7004	20.1040	-145.1455	10.5260	11.7945	16.8665	7.0711	0.0019	-0.0274	-0.1432	0.1382	0.9307	-0.1388	-0.3089	-0.0004	0.0023	-0.0002	-6.0156	-1.6958	-7.5571	-0.08678520943474588	6	0	14	Tilt	Normal
-6.0525	-1.7238	-7.6998	20.0838	-145.1487	10.5083	11.9554	16.3216	6.4825	-0.0385	-0.0286	-0.1414	0.1380	0.9308	-0.1387	-0.3089	0.0017	0.0023	-0.0024	-6.0141	-1.6952	-7.5583	0.023266429782292875	6	0	14	Tilt	Normal
-6.0908	-1.7621	-7.7381	20.0976	-145.1638	10.5320	12.3694	16.5003	6.3391	-0.0777	-0.0667	-0.1790	0.1382	0.9307	-0.1387	-0.3088	-0.0057	0.0034	-0.0077	-6.0132	-1.6954	-7.5591	0.059647282142751834	7	0	15	Tilt	Normal
-6.0903	-1.7615	-7.6620	20.0769	-145.1584	10.5007	11.3469	17.0051	7.1997	-0.0778	-0.0658	-0.1025	0.1379	0.9308	-0.1386	-0.3088	0.0039	0.0044	-0.0035	-6.0124	-1.6957	-7.5595	-0.05915837018937964	7	0	15	Tilt	Normal
-6.1286	-1.7998	-7.7004	20.0329	-145.1382	10.4265	11.1025	16.8528	6.5875	-0.1167	-0.1032	-0.1405	0.1373	0.9309	-0.1385	-0.3088	-0.0025	-0.0009	-0.0056	-6.0118	-1.6966	-7.5598	0.059865398598011765	7	0	15	Tilt	Normal
-6.0519	-1.6849	-7.6237	19.9900	-145.1157	10.3548	11.6831	16.8714	6.9023	-0.0403	0.0123	-0.0639	0.1366	0.9310	-0.1383	-0.3089	-0.0036	0.0055	-0.0024	-6.0117	-1.6972	-7.5598	-0.12623638717859365	7	0	15	Tilt	Normal
-6.0525	-1.6472	-7.6998	19.9543	-145.1031	10.3151	12.1298	16.5916	7.0682	-0.0412	0.0488	-0.1393	0.1362	0.9311	-0.1381	-0.3090	0.0007	0.0023	0.0029	-6.0114	-1.6960	-7.5604	0.05289048654857709	7	0	15	Tilt	Normal
-6.1669	-1.6466	-7.7387	19.9244	-145.0830	10.2694	11.8033	16.6636	6.7476	-0.1549	0.0491	-0.1787	0.1358	0.9311	-0.1379	-0.3091	-0.0015	0.0034	-0.0024	-6.0120	-1.6957	-7.5600	0.10001004701994631	7	0	15	Tilt	Normal
-6.0519	-1.6849	-7.6620	19.9111	-145.0792	10.2530	12.5253	17.3361	6.5074	-0.0403	0.0106	-0.1018	0.1356	0.9312	-0.1379	-0.3091	-0.0015	0.0076	-0.0044	-6.0117	-1.6955	-7.5603	-0.12331273223559691	7	0	15	Tilt	Normal
-6.0903	-1.6466	-7.6620	19.9236	-145.0866	10.2813	12.6492	16.8499	6.7009	-0.0784	0.0480	-0.1018	0.1359	0.9311	-0.1379	-0.3091	0.0028	0.0002	-0.0033	-6.0118	-1.6946	-7.5603	0.017075630822374066	7	0	15	Tilt	Normal
-6.0525	-1.6855	-7.6231	19.9294	-145.0973	10.2960	11.9429	16.5821	6.6585	-0.0416	0.0090	-0.0621	0.1360	0.9311	-0.1379	-0.3090	-0.0004	0.0023	-0.0076	-6.0109	-1.6945	-7.5610	-0.046656857298648546	7	0	15	Tilt	Normal
-6.1292	-1.7238	-7.6614	19.9231	-145.0980	10.3010	12.1814	16.3217	7.3468	-0.1184	-0.0307	-0.1000	0.1360	0.9311	-0.1378	-0.3090	0.0028	0.0034	-0.0055	-6.0108	-1.6931	-7.5615	0.08318004677217061	7	0	15	Tilt	Normal
-6.0525	-1.6855	-7.6998	19.9049	-145.0990	10.2747	11.9701	17.6075	7.0422	-0.0429	0.0081	-0.1374	0.1358	0.9312	-0.1378	-0.3089	-0.0025	0.0012	-0.0055	-6.0096	-1.6936	-7.5624	-0.023872009913672443	8	0	16	Tilt	Normal
Total time: 16 seconds.
