2.2224	-9.2698	0.8422	70.6659	-66.6658	-162.4139	-25.7704	13.3148	-16.8999	-0.7587	-0.0160	-0.4438	-0.3692	0.5460	-0.7222	0.2099	0.0005	0.4790	-0.0431	2.9811	-9.2537	1.2860	-0.18824662379138601	0	0	1	Upright	Normal
2.4140	-9.4996	1.6083	70.8176	-65.4617	-162.7403	-24.9126	13.5328	-18.7215	-0.5171	-0.2373	0.2702	-0.3626	0.5480	-0.7249	0.2069	0.1624	-0.1442	0.0304	2.9311	-9.2623	1.3381	0.36297808146076527	0	0	1	Upright	Normal
2.7970	-9.4613	1.3785	70.6912	-66.6142	-161.1381	-24.3729	13.9621	-18.6386	-0.1791	-0.2062	0.0914	-0.3626	0.5503	-0.7245	0.2017	-0.1955	-0.1868	0.0326	2.9761	-9.2551	1.2870	0.029316317401011815	0	0	1	Upright	Normal
2.9886	-10.9553	-0.2304	71.1300	-73.1398	-161.9690	-25.5283	14.1452	-17.3081	-0.0467	-1.6756	-1.1503	-0.4055	0.5373	-0.6995	0.2399	-0.0922	-1.5802	-0.3530	3.0352	-9.2796	0.9198	1.3960564400707831	0	0	1	Upright	Normal
2.3756	-9.0399	1.6466	68.4854	-75.0083	-159.1805	-27.1167	12.2028	-15.7155	-1.0983	0.0835	0.7163	-0.4143	0.5300	-0.7069	0.2185	-0.1721	0.4459	-0.7547	3.4740	-9.1234	0.9303	-1.8672055999290489	0	0	1	Upright	Normal
5.2487	-8.7334	0.3059	67.3131	-82.7329	-155.6550	-27.7687	12.0742	-14.5171	1.4968	0.3145	-0.1725	-0.4500	0.5226	-0.6879	0.2263	-0.3596	-0.2209	-0.2550	3.7519	-9.0480	0.4784	0.7030948342199395	0	0	1	Upright	Normal
4.2527	-9.6145	-1.6095	66.9556	-75.2198	-157.9667	-27.1057	12.0928	-14.7049	0.5411	-0.5903	-2.5887	-0.4162	0.5262	-0.7129	0.2042	0.5651	1.8105	0.4789	3.7116	-9.0242	0.9792	0.44167632032229953	0	0	1	Upright	Normal
0.9200	-10.1508	1.7232	72.3696	-65.5717	-167.5699	-25.2683	13.8523	-18.1111	-1.7841	-0.8048	0.4950	-0.3808	0.5407	-0.7092	0.2444	0.3595	-0.4723	1.1833	2.7041	-9.3461	1.2282	-0.29848515130773734	0	0	1	Upright	Normal
0.4980	-11.7986	-1.2258	78.8070	23.8185	88.6831	-24.1506	18.6028	-15.0005	1.2668	-2.1784	-2.9672	-0.3328	0.5482	-0.6221	0.4492	0.5353	1.0553	3.4725	-0.7688	-9.6202	1.7413	1.5355071202200534	0	0	1	Upright	Normal
-1.5700	-11.6065	2.0297	71.9264	57.6567	52.6865	-19.7083	23.7455	-14.3881	1.0003	-2.2836	0.4022	-0.2879	0.5781	-0.5684	0.5098	-0.3628	-1.3128	2.0994	-2.5703	-9.3229	1.6275	0.014220128590695325	0	0	1	Upright	Normal
-2.7192	-9.4613	-0.0389	63.7559	64.2493	39.5610	-14.2392	28.2497	-12.4706	1.1866	-0.6654	-1.9227	-0.2680	0.5763	-0.5076	0.5817	0.3147	-1.0018	1.3399	-3.9058	-8.7958	1.8838	-2.0423979568949022	0	0	2	Upright	Normal
-5.5156	-9.3081	0.6123	58.9250	65.3028	39.6308	-11.0039	29.4875	-12.8105	-0.9168	-0.9086	-1.5025	-0.2304	0.5823	-0.4982	0.5997	0.9571	-0.4404	0.7668	-4.5988	-8.3995	2.1148	0.9924804519584374	0	0	2	Upright	Normal
-6.2058	-8.6957	2.4900	53.3261	52.6484	46.2802	-9.8318	29.5380	-14.0950	-1.5496	-0.8302	-1.0635	-0.2141	0.5225	-0.4978	0.6583	0.9124	-0.4372	0.1172	-4.6561	-7.8656	3.5534	0.13252034252038314	0	0	2	Upright	Normal
-10.9553	-6.8181	5.5923	46.6265	53.8262	44.1292	-8.6782	29.0691	-15.3821	-5.5188	0.3103	1.6173	-0.1709	0.5178	-0.4736	0.6916	-0.4373	-1.4545	2.3393	-5.4365	-7.1284	3.9750	3.094011319638586	0	0	2	Upright	Normal
-8.5419	-3.9067	5.6689	28.1151	53.9735	33.0705	-3.0583	31.2356	-16.7532	-1.5467	0.7147	0.5816	-0.0822	0.4836	-0.3517	0.7973	1.0349	-0.9112	4.1141	-6.9953	-4.6214	5.0872	-3.0923917448842015	0	0	2	Upright	Normal
-7.5076	-1.8765	6.3967	2.7538	54.8295	17.4588	9.5530	29.9257	-17.7122	0.4996	-1.4052	0.7546	0.0488	0.4582	-0.1456	0.8755	-0.2978	-0.7685	5.6811	-8.0073	-0.4712	5.6421	-0.9309237278779889	0	0	2	Upright	Normal
-4.9799	-0.4980	7.6614	-23.6142	29.9039	0.9176	21.0840	20.5011	-22.1347	-0.5002	-4.4263	-0.1276	0.1997	0.2510	0.0452	0.9461	2.0032	-4.2711	2.6717	-4.4797	3.9283	7.7891	-0.8888739509569756	0	0	2	Upright	Normal
-3.7918	3.9462	4.7495	-37.0812	21.3618	-0.9190	15.3639	11.3805	-28.2152	-0.9420	-1.9665	-2.5365	0.3110	0.1782	0.0664	0.9312	1.3406	-0.1314	1.0872	-2.8498	5.9128	7.2860	-1.9049599448271453	0	0	2	Upright	Normal
-3.2555	5.4785	5.2092	-41.0508	20.4032	-6.2937	14.2000	6.3528	-28.4060	-0.6773	-0.9617	-1.7222	0.3355	0.1846	0.1126	0.9169	-0.4459	0.8060	0.8092	-2.5783	6.4403	6.9314	0.9846779865061661	0	0	2	Upright	Normal
-3.0257	4.3293	7.2012	-34.1793	22.5485	-19.3081	18.3704	6.1594	-27.5032	0.0854	-1.1799	-0.2915	0.2528	0.2326	0.2138	0.9145	-2.7468	1.6550	1.5655	-3.1111	5.5092	7.4927	0.6996467424293904	0	1	3	PT	Normal
-1.9154	4.4819	7.9679	-29.0420	16.1662	-31.8592	20.4525	8.5560	-25.3887	0.4718	-0.2786	-0.2665	0.2014	0.1990	0.2970	0.9119	-1.3109	0.5791	0.9445	-2.3872	4.7606	8.2344	0.40986460824393056	0	1	3	PT	Normal
-2.6815	4.3670	10.8409	-26.6547	5.8128	-42.0221	20.2282	8.5780	-26.0314	-1.7937	-0.0323	2.1217	0.1972	0.1286	0.3594	0.9030	-0.6110	-2.2907	1.9458	-0.8878	4.3993	8.7192	2.6506615975195675	0	1	3	PT	Normal
-1.0337	3.9462	8.9250	-28.6915	3.6174	-49.0955	17.6691	6.2627	-27.0303	-0.4908	-0.7618	0.3397	0.2126	0.1307	0.4094	0.8776	1.1819	1.1149	0.3847	-0.5429	4.7080	8.5853	-2.1780045612794243	0	1	3	PT	Normal
0.1155	4.2527	8.7334	-28.1057	-0.7916	-51.0297	18.1086	4.2946	-26.7667	-0.0039	-0.3672	0.0841	0.2220	0.0985	0.4163	0.8762	-0.3915	-1.2191	0.3123	0.1194	4.6199	8.6494	-0.09860829703353602	0	1	3	Tilt	Normal
0.6518	3.9462	9.3081	-26.5526	-2.8414	-51.9338	16.5708	4.9128	-27.9719	0.2170	-0.4374	0.5466	0.2170	0.0788	0.4209	0.8772	-0.2008	0.1583	0.1344	0.4348	4.3836	8.7614	0.4165665101578959	0	0	3	Tilt	Normal
0.5369	3.9079	8.6951	-26.1610	-2.1454	-51.6843	16.0360	4.8005	-27.5819	0.2075	-0.4157	-0.1007	0.2116	0.0822	0.4207	0.8783	-0.0570	0.1722	0.0503	0.3294	4.3236	8.7958	-0.5830232139864435	0	0	3	Tilt	Normal
0.0389	3.9846	8.7334	-25.8485	-0.5494	-50.8909	16.9290	4.5913	-27.5185	-0.0456	-0.2910	-0.0916	0.2040	0.0919	0.4178	0.8806	-0.0676	0.0614	-0.0808	0.0845	4.2756	8.8250	0.0515014720230198	0	0	3	Tilt	Normal
-0.2292	3.9462	9.0016	-25.6857	0.9052	-50.2937	18.4638	4.8048	-26.9506	-0.0895	-0.3042	0.1652	0.1979	0.1014	0.4159	0.8818	0.0645	0.2467	-0.0142	-0.1398	4.2505	8.8364	0.2317456439784813	0	0	3	Tilt	Normal
-0.2298	3.9840	8.9256	-25.5884	1.8237	-49.7080	18.7084	4.6417	-27.0843	0.0518	-0.2515	0.0853	0.1944	0.1071	0.4130	0.8833	0.0134	0.0433	-0.0227	-0.2816	4.2355	8.8403	-0.054182698768670434	0	0	3	Tilt	Normal
-0.3065	3.9840	8.8873	-25.5009	2.2778	-49.3841	18.8323	5.5488	-26.3601	0.0455	-0.2381	0.0431	0.1924	0.1098	0.4113	0.8841	0.0229	0.0433	-0.0195	-0.3519	4.2220	8.8442	-0.03284146263429122	1	0	4	Tilt	Normal
-0.4980	4.0989	8.8873	-25.6926	2.9384	-49.0066	19.1212	5.8448	-26.6896	-0.0449	-0.1526	0.0619	0.1919	0.1149	0.4094	0.8845	0.0293	0.0092	-0.0515	-0.4531	4.2515	8.8253	0.05540278204384386	1	0	4	Tilt	Normal
-0.6123	4.0229	8.7334	-25.6183	3.2035	-48.7113	19.1525	5.2163	-26.1638	-0.1181	-0.2173	-0.0953	0.1907	0.1162	0.4076	0.8854	0.0059	0.0422	0.0028	-0.4943	4.2401	8.8288	-0.16476649359367102	1	0	4	Tilt	Normal
-0.5357	4.0612	8.8101	-25.5187	3.4176	-48.4662	19.2073	4.5735	-25.9565	-0.0081	-0.1636	-0.0241	0.1894	0.1171	0.4061	0.8863	-0.0559	-0.0239	-0.0278	-0.5276	4.2247	8.8342	0.08099209519064132	1	0	4	Tilt	Normal
-0.4974	4.0995	8.8867	-25.1341	3.3063	-48.4634	19.0905	4.7330	-26.1678	0.0147	-0.0657	0.0235	0.1868	0.1149	0.4062	0.8871	-0.0367	-0.0217	-0.0043	-0.5121	4.1652	8.8632	0.08345104617443333	1	0	4	Tilt	Normal
-0.5357	3.9462	8.8101	-24.9140	3.2270	-48.3473	20.4071	4.6012	-26.1997	-0.0350	-0.1848	-0.0699	0.1855	0.1134	0.4052	0.8880	-0.0463	-0.0516	-0.0288	-0.5007	4.1310	8.8799	-0.13095628819169036	1	0	4	Tilt	Normal
-0.4208	3.9462	8.8484	-24.6720	3.1128	-48.2851	19.8473	5.2501	-26.7029	0.0633	-0.1472	-0.0498	0.1840	0.1116	0.4047	0.8887	-0.0388	-0.0697	-0.0320	-0.4841	4.0935	8.8982	0.029248592697298292	1	0	4	Tilt	Normal
-0.5357	3.8313	8.9250	-24.3001	3.1072	-48.1421	19.9075	5.4516	-27.1463	-0.0512	-0.2043	0.0004	0.1813	0.1100	0.4038	0.8899	-0.0623	0.0113	-0.0342	-0.4845	4.0356	8.9245	0.029740681454221374	1	0	4	Tilt	Normal
-0.4974	3.8313	8.9633	-24.0722	3.1943	-48.0620	19.7042	5.2847	-26.9065	0.0016	-0.1686	0.0235	0.1793	0.1098	0.4034	0.8905	-0.0143	0.0028	-0.0177	-0.4990	4.0000	8.9398	0.033125595761116955	1	0	4	Tilt	Normal
-0.4974	3.9462	8.9250	-24.1677	3.2681	-47.9942	19.7034	5.7741	-26.0647	0.0127	-0.0687	-0.0075	0.1798	0.1106	0.4030	0.8905	0.0368	-0.0558	-0.0135	-0.5101	4.0149	8.9325	0.010675997062106646	1	0	4	Tilt	Normal
-0.4591	3.9462	8.8484	-24.3391	3.1024	-48.0428	18.9670	5.4462	-25.7053	0.0245	-0.0953	-0.0735	0.1817	0.1100	0.4030	0.8902	0.0283	-0.0281	0.0078	-0.4836	4.0416	8.9218	-0.07180488029354493	2	0	5	Tilt	Fall
-0.4208	3.9462	8.6568	-24.2619	2.9377	-48.0206	19.6735	5.2599	-26.1633	0.0376	-0.0833	-0.2719	0.1817	0.1084	0.4026	0.8906	-0.0590	-0.0590	-0.0412	-0.4583	4.0296	8.9287	-0.17623613684523676	2	0	5	Tilt	Normal
-0.4208	3.8696	9.0782	-24.0264	2.8463	-47.9446	18.4816	5.5689	-26.2117	0.0241	-0.1232	0.1324	0.1803	0.1067	0.4020	0.8913	-0.0345	-0.0516	-0.0230	-0.4449	3.9928	8.9458	0.35436238035204326	2	0	5	Tilt	Normal
-0.3825	3.8313	8.8867	-23.8861	2.7998	-47.9289	19.2274	5.2042	-26.4565	0.0557	-0.1395	-0.0693	0.1793	0.1059	0.4019	0.8917	0.0102	0.0092	-0.0066	-0.4381	3.9708	8.9560	-0.1925117773989058	2	0	5	Tilt	Normal
-0.3448	3.8307	8.8107	-23.8364	2.7378	-47.9492	18.8942	5.1390	-26.4500	0.0838	-0.1324	-0.1492	0.1791	0.1053	0.4020	0.8918	0.0208	0.0188	-0.0044	-0.4286	3.9632	8.9599	-0.07135272675358095	2	0	5	Tilt	Normal
-0.4591	3.7930	8.8867	-23.7734	2.7323	-47.9467	19.0089	5.3890	-26.6548	-0.0313	-0.1601	-0.0775	0.1787	0.1050	0.4020	0.8919	0.0134	0.0262	-0.0162	-0.4278	3.9531	8.9642	0.05959829562931418	2	0	5	Tilt	Normal
-0.3059	3.9079	8.8101	-23.6474	2.6412	-47.9283	18.7710	6.2162	-26.7081	0.1082	-0.0256	-0.1636	0.1780	0.1038	0.4018	0.8922	-0.0037	-0.0047	-0.0268	-0.4140	3.9335	8.9736	-0.030437990437542695	2	0	5	Tilt	Normal
-0.3059	3.7164	8.6951	-23.3011	2.3617	-47.7025	19.1213	5.5719	-26.7667	0.0654	-0.1627	-0.3039	0.1765	0.1001	0.3998	0.8939	-0.0250	-0.0409	-0.0758	-0.3713	3.8791	8.9991	-0.18180459743293653	2	0	5	Tilt	Normal
-0.4208	3.7930	8.9250	-23.1258	2.4958	-47.5500	18.8256	6.1794	-26.2430	-0.0280	-0.0585	-0.0850	0.1748	0.1003	0.3989	0.8946	-0.0335	-0.0324	-0.0394	-0.3928	3.8515	9.0100	0.24570496205366332	2	0	5	Tilt	Normal
-0.3059	3.8313	9.0782	-22.9101	2.1939	-47.4957	18.3570	5.7538	-26.6140	0.0401	0.0138	0.0519	0.1742	0.0971	0.3981	0.8954	0.0091	-0.0324	0.0096	-0.3460	3.8176	9.0263	0.15162838124398448	3	0	6	Tilt	Normal
-0.3059	3.7930	8.7334	-23.0933	2.3661	-47.4260	18.0650	5.5593	-26.5869	0.0666	-0.0534	-0.2795	0.1751	0.0990	0.3977	0.8952	0.0496	0.0177	0.0139	-0.3724	3.8464	9.0130	-0.3318824845483572	3	0	6	Tilt	Normal
-0.2292	3.7930	8.8101	-23.3903	2.3089	-47.4422	18.4918	5.7033	-26.2203	0.1335	-0.1001	-0.1833	0.1776	0.0996	0.3976	0.8947	0.0549	-0.0015	-0.0053	-0.3627	3.8931	8.9934	0.06822481148035031	3	0	6	Tilt	Normal
-0.3442	3.9079	8.8101	-23.5157	2.5024	-47.4753	19.0597	5.5598	-26.7963	0.0485	-0.0048	-0.1734	0.1779	0.1016	0.3981	0.8942	0.0091	0.0475	-0.0053	-0.3926	3.9127	8.9835	0.049419901441831726	3	0	6	Tilt	Normal
-0.4208	4.1378	8.7718	-23.4512	3.6856	-47.0570	18.5717	5.2575	-26.9136	0.1577	0.2351	-0.2062	0.1737	0.1100	0.3967	0.8946	-0.0857	0.2861	-0.1883	-0.5785	3.9027	8.9780	0.06381412160220457	3	0	6	Tilt	Normal
-2.2595	4.8656	10.0742	-25.3163	7.5261	-47.1582	19.8994	6.5165	-25.3898	-1.0983	0.6722	1.2858	0.1748	0.1462	0.4026	0.8866	0.6590	1.1394	0.5563	-1.1612	4.1934	8.7884	1.7056601111728344	3	0	6	Tilt	Normal
-2.1063	4.9039	10.0359	-31.6620	12.5568	-50.4218	23.0343	2.9319	-23.4701	-0.2915	-0.2436	1.8886	0.2005	0.2107	0.4343	0.8525	1.5090	1.3258	0.6778	-1.8148	5.1475	8.1473	-0.046745402867371055	0	0	6	Tilt	Normal
-3.9840	6.6655	10.1514	-43.8442	19.6971	-55.5246	25.6199	-3.2989	-19.6819	-1.5999	-0.1275	3.4925	0.2516	0.3118	0.4823	0.7791	2.7224	2.0310	1.7718	-2.3840	6.7929	6.6589	1.4141307472324307	0	0	6	Tilt	Normal
-2.4900	7.3933	5.2864	-63.1427	22.8165	-65.6380	27.0634	-12.9253	-11.4259	-0.7718	-1.3556	1.2029	0.3400	0.4198	0.5397	0.6457	2.9216	1.5027	2.1478	-1.7181	8.7489	4.0835	-3.3571786389505984	0	0	6	Tilt	Normal
-0.1915	7.5465	2.8347	-79.9224	1.1656	-100.5114	23.5084	-21.6184	-0.5190	-0.1565	-2.1088	1.1194	0.4046	0.4988	0.5935	0.4850	2.1301	1.0989	2.2640	-0.0350	9.6554	1.7153	-1.3601336044229733	0	0	6	Tilt	Normal
3.0652	7.7770	0.4208	-76.2253	-93.1170	154.0871	16.1233	-29.1806	7.6571	0.7338	-1.7476	0.5478	0.4616	0.5417	0.6277	0.3154	1.1309	0.1295	1.6536	2.3314	9.5246	-0.1270	0.306228365196235	0	0	7	Tilt	Normal
4.5592	7.7387	-1.1881	-69.6510	-104.5469	139.9129	12.3997	-30.0889	10.7352	1.2586	-1.4560	-0.3316	0.4902	0.5508	0.6267	0.2522	0.7335	-0.0931	0.8493	3.3006	9.1946	-0.8565	0.6902553325065401	0	0	7	Tilt	Normal
3.6781	8.4665	-3.4866	-65.6407	-109.4216	132.5579	10.0295	-30.3595	12.8574	-0.1365	-0.4670	-2.1415	0.5020	0.5626	0.6224	0.2097	-0.0569	0.5993	0.5127	3.8146	8.9335	-1.3451	0.8073455770959761	0	0	7	Tilt	Normal
3.1418	8.6580	-0.9583	-63.9257	-109.7160	130.3903	8.7797	-30.2725	13.6293	-0.9158	-0.1505	0.4959	0.5019	0.5676	0.6249	0.1881	0.2297	0.1242	0.3273	4.0576	8.8086	-1.4542	-0.607301849674533	0	0	7	Tilt	Normal
4.3293	8.5814	-1.3797	-62.5128	-109.5632	128.9238	6.4294	-30.6988	14.0878	0.0645	-0.1182	0.1360	0.5011	0.5711	0.6276	0.1699	0.0379	-0.0441	0.0902	4.2648	8.6996	-1.5157	0.449999897126073	0	0	7	Tilt	Normal
4.0989	8.7724	-1.3024	-62.0243	-109.7955	127.7039	6.2757	-31.0657	14.2459	-0.2295	0.1118	0.2556	0.4989	0.5750	0.6282	0.1612	0.1359	0.2062	0.0795	4.3284	8.6606	-1.5580	0.05982469185945405	0	0	7	Tilt	Normal
4.3676	8.5048	-1.4563	-61.5894	-108.9617	127.3395	5.5831	-30.8285	14.8147	-0.0449	-0.1206	0.0599	0.4947	0.5767	0.6321	0.1521	0.0837	0.2787	0.0582	4.4125	8.6254	-1.5161	-0.09895936131787231	0	0	7	Tilt	Normal
4.2527	8.6580	-1.3414	-61.4761	-108.2050	127.7128	5.7892	-30.6688	14.9241	-0.1957	0.0417	0.1218	0.4930	0.5758	0.6348	0.1496	0.0390	0.1530	0.0167	4.4484	8.6163	-1.4632	0.0678733710703181	0	0	7	Tilt	Normal
4.3676	8.6580	-1.4180	-61.5243	-108.0083	127.7585	5.4992	-31.1951	15.2005	-0.0789	0.0379	0.0277	0.4919	0.5760	0.6356	0.1492	0.0369	0.1029	0.0103	4.4465	8.6202	-1.4456	0.061509127458428736	0	0	7	Tilt	Normal
4.3676	8.6197	-1.3030	-61.5686	-107.9761	127.7097	5.0590	-30.2350	14.6962	-0.0733	-0.0040	0.1380	0.4912	0.5763	0.6359	0.1491	0.0113	0.0220	-0.0173	4.4409	8.6238	-1.4410	-0.04985151943765942	0	0	7	Tilt	Normal
4.3676	8.4282	-1.3414	-61.6605	-107.7084	128.2331	5.9135	-30.3799	15.3388	-0.0669	-0.2031	0.0747	0.4919	0.5747	0.6363	0.1512	-0.0015	0.0134	-0.0099	4.4345	8.6312	-1.4160	-0.16357539984734437	1	0	8	Tilt	Normal
4.2910	8.5431	-1.2647	-61.7871	-107.6692	128.4093	5.1704	-30.3277	15.1631	-0.1263	-0.0985	0.1425	0.4919	0.5743	0.6363	0.1528	0.0124	0.0113	-0.0226	4.4173	8.6416	-1.4072	0.05651847142272182	1	0	8	Tilt	Normal
4.4442	8.5431	-1.3030	-61.8312	-108.0176	128.0187	5.3878	-29.6391	15.4448	0.0419	-0.1019	0.1290	0.4916	0.5756	0.6353	0.1527	0.0624	0.0443	-0.0226	4.4023	8.6450	-1.4320	0.07419889569563054	1	0	8	Tilt	Normal
4.4059	8.5814	-1.3414	-61.7812	-108.2885	127.6683	5.5777	-30.0389	15.6393	0.0033	-0.0597	0.1139	0.4916	0.5766	0.6346	0.1518	0.0220	0.0486	-0.0024	4.4026	8.6411	-1.4552	0.02150638273248795	1	0	8	Tilt	Normal
4.2527	8.5814	-1.4180	-61.8921	-108.1120	127.8665	5.6244	-30.8282	15.2565	-0.1384	-0.0685	0.0184	0.4911	0.5763	0.6352	0.1528	0.0061	0.0113	-0.0176	4.3911	8.6500	-1.4364	-0.05741885725864826	1	0	8	Tilt	Normal
4.3676	8.4665	-1.4946	-61.7274	-108.0972	127.8919	5.0028	-30.0972	15.8755	-0.0476	-0.1701	-0.0516	0.4920	0.5758	0.6351	0.1517	0.0774	0.0710	0.0336	4.4152	8.6366	-1.4430	-0.03856247597188833	1	0	8	Tilt	Normal
4.4442	8.4665	-1.2647	-61.5616	-108.6038	126.9765	4.7304	-30.6860	16.0164	0.0183	-0.1567	0.2252	0.4910	0.5787	0.6341	0.1481	0.0625	0.0209	-0.0123	4.4260	8.6232	-1.4899	0.002105990944023972	1	0	8	Tilt	Normal
4.4436	8.5042	-1.3791	-61.4810	-108.4083	127.0283	5.5255	-30.3011	16.1565	0.0012	-0.1125	0.0995	0.4906	0.5785	0.6349	0.1469	0.0050	0.0177	-0.0005	4.4424	8.6167	-1.4786	0.04844646081946635	1	0	8	Tilt	Normal
4.4819	8.4276	-1.4174	-61.4394	-108.3010	127.0634	4.9296	-30.3866	16.2686	0.0308	-0.1857	0.0549	0.4904	0.5784	0.6353	0.1463	0.0124	0.0251	0.0027	4.4511	8.6133	-1.4723	-0.04383986809707885	1	0	8	Tilt	Normal
4.4819	8.5042	-1.4557	-61.4318	-108.1883	127.1209	5.1494	-29.7600	16.1730	0.0268	-0.1085	0.0082	0.4901	0.5783	0.6357	0.1460	0.0146	0.0326	-0.0104	4.4552	8.6127	-1.4639	0.0726297407243166	1	0	8	Tilt	Normal
4.3670	8.5425	-1.3791	-61.5010	-108.1826	127.4695	4.7770	-29.8846	16.1274	-0.0784	-0.0757	0.0811	0.4915	0.5769	0.6353	0.1483	0.0050	-0.0004	-0.0147	4.4454	8.6182	-1.4602	-0.029925285338663343	2	0	9	Tilt	Normal
4.4053	8.4276	-1.4940	-61.4994	-108.1106	127.6653	4.8762	-29.9113	15.6906	-0.0422	-0.1905	-0.0394	0.4921	0.5762	0.6353	0.1490	0.0007	0.0124	-0.0125	4.4475	8.6181	-1.4546	-0.06645134526603158	2	0	9	Tilt	Normal
4.4819	8.5042	-1.3791	-61.5510	-107.9868	127.8049	5.0388	-30.4821	16.4578	0.0388	-0.1182	0.0636	0.4918	0.5759	0.6357	0.1495	0.0028	0.0315	-0.0232	4.4432	8.6224	-1.4427	0.08520307943193117	2	0	9	Tilt	Normal
4.5592	8.4665	-1.4180	-61.6519	-108.0252	127.7070	5.1552	-30.4960	16.5286	0.1314	-0.1642	0.0230	0.4910	0.5765	0.6357	0.1498	0.0018	-0.0100	-0.0211	4.4278	8.6306	-1.4410	0.00864016126084799	2	0	9	Tilt	Normal
4.4442	8.4665	-1.3414	-61.7560	-107.9607	127.7729	4.8024	-30.4504	16.5271	0.0298	-0.1725	0.0898	0.4905	0.5765	0.6359	0.1506	-0.0100	-0.0132	-0.0148	4.4145	8.6390	-1.4311	-0.06434658654874603	2	0	9	Tilt	Normal
4.5592	8.5431	-1.3414	-61.7621	-107.9016	127.8723	4.7296	-29.6366	16.3542	0.1441	-0.0964	0.0850	0.4906	0.5762	0.6360	0.1509	-0.0227	-0.0153	-0.0212	4.4151	8.6395	-1.4263	0.12033581015944961	2	0	9	Tilt	Normal
4.4819	8.5042	-1.3408	-61.8873	-107.8642	127.8851	4.5109	-30.2724	15.8596	0.0839	-0.1454	0.0769	0.4898	0.5765	0.6362	0.1516	-0.0046	0.0049	-0.0223	4.3980	8.6497	-1.4177	-0.06999426638431494	2	0	9	Tilt	Normal
4.4059	8.5048	-1.3030	-62.0050	-107.7792	127.9356	4.8293	-30.6916	16.3376	0.0227	-0.1543	0.1027	0.4890	0.5767	0.6365	0.1522	-0.0196	-0.0015	-0.0287	4.3832	8.6591	-1.4057	-0.039499644599450434	2	0	9	Tilt	Normal
4.3676	8.5048	-1.3030	-62.0794	-107.7439	127.8514	5.2814	-30.7035	16.9335	-0.0058	-0.1603	0.0965	0.4880	0.5773	0.6368	0.1521	0.0241	0.0283	-0.0234	4.3735	8.6651	-1.3996	-0.017396561615665718	2	0	9	Tilt	Normal
4.3287	8.5042	-1.3408	-62.1243	-108.0096	127.3351	4.6626	-30.6024	16.5398	-0.0317	-0.1645	0.0769	0.4866	0.5792	0.6364	0.1508	0.0339	0.0070	-0.0272	4.3604	8.6687	-1.4177	-0.012888154932872098	3	0	10	Tilt	Normal
4.2910	8.5814	-1.4180	-62.1531	-107.9454	127.3535	5.1916	-29.9281	16.5872	-0.0667	-0.0896	-0.0066	0.4862	0.5793	0.6366	0.1508	0.0052	0.0092	-0.0166	4.3577	8.6711	-1.4114	0.062427206040240435	3	0	10	Tilt	Normal
4.3676	8.5431	-1.4180	-62.2108	-107.9328	127.4017	4.9477	-29.8187	16.7884	0.0178	-0.1324	-0.0102	0.4861	0.5792	0.6366	0.1514	-0.0119	-0.0068	-0.0230	4.3498	8.6755	-1.4078	3.808991622946678E-4	3	0	10	Tilt	Normal
4.3676	8.5431	-1.3797	-62.2719	-107.7995	127.5483	5.4169	-30.4305	16.2906	0.0233	-0.1374	0.0153	0.4858	0.5789	0.6370	0.1519	-0.0076	0.0006	-0.0251	4.3443	8.6805	-1.3949	-0.005525424846466009	3	0	10	Tilt	Normal
4.4059	8.5048	-1.4180	-62.2915	-108.0281	127.1938	4.9775	-30.5002	16.8030	0.0700	-0.1772	-0.0067	0.4851	0.5802	0.6365	0.1512	0.0265	0.0219	0.0015	4.3359	8.6820	-1.4112	-0.010825966879400184	3	0	10	Tilt	Normal
4.4059	8.3899	-1.6095	-62.0316	-108.4946	126.5060	4.7407	-29.8969	16.6875	0.0444	-0.2713	-0.1505	0.4856	0.5819	0.6354	0.1481	0.0552	-0.0111	-0.0038	4.3615	8.6612	-1.4590	-0.07055933797047942	3	0	10	Tilt	Normal
5.1338	7.2790	-2.4523	-62.1431	-107.9683	125.4469	5.6855	-30.4267	16.7924	0.7750	-1.3912	-1.0386	0.4767	0.5872	0.6390	0.1402	-0.1036	0.3266	-0.1977	4.3588	8.6702	-1.4136	-0.3734243403495796	3	0	10	Tilt	Normal
4.7507	7.2024	-2.0692	-66.1028	-100.9383	133.7903	5.8586	-30.2028	14.6340	0.8504	-1.7635	-1.3153	0.4584	0.5730	0.6558	0.1776	-1.3574	0.0614	-1.0542	3.9003	8.9658	-0.7539	-0.3659683617390428	3	0	10	Tilt	Normal
3.1418	6.5128	0.1143	-74.4846	-73.8177	165.3395	10.4049	-30.9979	9.7664	0.6226	-2.9363	-0.6167	0.4124	0.5409	0.6777	0.2793	-2.2480	-0.7408	-2.1066	2.5191	9.4492	0.7310	-1.6408172452998109	3	0	10	Tilt	Normal
0.0389	6.9725	3.7918	-69.5398	-5.3744	-115.3187	17.2532	-27.5525	0.2776	-0.2821	-2.2154	0.3790	0.3373	0.4607	0.6790	0.4615	-3.5188	-0.8761	-2.3794	0.3210	9.1879	3.4128	0.7050288007881607	3	0	10	Tilt	Normal
-0.9954	5.7084	8.3504	-49.7206	4.4119	-91.8379	22.2198	-19.3084	-11.3691	-0.5076	-1.7731	2.0291	0.2672	0.3261	0.6626	0.6191	-3.0416	-0.9240	-1.2374	-0.4878	7.4814	6.3213	2.2270076168731725	3	1	11	PT	Normal
-1.0337	4.2144	11.3000	-33.4809	4.9390	-77.8780	23.1832	-9.9041	-19.7245	-0.3294	-1.1955	3.1511	0.1979	0.2130	0.6110	0.7363	-1.7429	-1.1903	-1.0281	-0.7043	5.4098	8.1490	1.9405849456508886	3	1	11	PT	Normal
-1.3402	3.9846	11.0319	-24.2032	5.6250	-63.8819	23.0770	-2.3312	-23.5525	-0.4633	-0.0359	2.1304	0.1523	0.1515	0.5254	0.8233	-0.8491	-0.4691	-0.8970	-0.8769	4.0205	8.9015	-0.29877113549373746	0	1	11	Tilt	Normal
-0.8422	4.4059	10.2657	-20.9419	5.1950	-55.5335	22.9848	1.7595	-24.7726	-0.0127	0.9008	1.1446	0.1399	0.1240	0.4649	0.8654	-0.3911	-0.4574	-0.6659	-0.8294	3.5051	9.1212	-0.6028215592006809	0	0	11	Tilt	Normal
-1.2635	4.2910	9.9210	-20.9824	5.2966	-49.5073	21.9106	3.2239	-25.3364	-0.4182	0.7795	0.8039	0.1462	0.1174	0.4189	0.8884	0.1075	-0.2774	-0.6264	-0.8453	3.5115	9.1171	-0.320139384827014	0	0	11	Tilt	Normal
-1.3402	4.3676	9.0399	-22.3869	5.7514	-46.0681	21.3291	3.8287	-25.5567	-0.4314	0.6327	0.0181	0.1592	0.1212	0.3923	0.8978	0.1543	-0.0356	-0.1641	-0.9087	3.7350	9.0218	-0.7540366621787857	0	0	11	Tilt	Normal
-0.9954	4.0612	8.7718	-23.3718	5.5546	-44.4982	21.1347	3.8939	-25.5502	-0.1239	0.1710	-0.1879	0.1693	0.1205	0.3794	0.9016	0.2224	-0.1187	-0.1705	-0.8715	3.8901	8.9597	-0.4113235214855173	0	0	11	Tilt	Normal
-0.7278	3.9456	8.4276	-24.2825	5.3697	-44.1761	20.4276	3.6731	-25.3847	0.1088	-0.0871	-0.4721	0.1775	0.1214	0.3763	0.9012	0.1191	0.0017	-0.0512	-0.8366	4.0327	8.8997	-0.38352928563847044	0	0	11	Tilt	Normal
-0.4980	3.9073	8.5808	-24.7176	5.3111	-44.4171	20.6471	2.9363	-26.0761	0.3267	-0.1932	-0.2890	0.1808	0.1227	0.3780	0.8996	0.1361	0.1029	-0.0480	-0.8247	4.1005	8.8698	0.10775880834757068	0	0	11	Tilt	Normal
-0.6129	4.0223	8.5425	-25.0996	5.8967	-44.6002	20.7875	2.5554	-25.6311	0.2996	-0.1377	-0.2910	0.1817	0.1288	0.3802	0.8977	0.0829	0.1796	-0.0650	-0.9125	4.1599	8.8336	0.02029839011993495	0	0	11	Tilt	Normal
-0.7655	4.2910	8.6568	-25.9840	6.5829	-45.2001	22.0679	2.9187	-25.3112	0.2451	-0.0054	-0.1003	0.1857	0.1379	0.3858	0.8931	-0.0055	-0.0207	-0.0309	-1.0107	4.2964	8.7571	0.23023811341092504	1	0	12	Tilt	Normal
-0.8428	4.2521	8.6957	-26.0160	6.5794	-45.8903	21.7703	2.6380	-25.1553	0.1671	-0.0492	-0.0591	0.1851	0.1391	0.3911	0.8907	0.0201	0.0337	0.0353	-1.0099	4.3013	8.7548	0.024061557198784556	1	0	12	Tilt	Normal
-0.8039	4.2527	8.6185	-26.0531	6.5664	-46.4318	21.6755	2.5731	-24.5436	0.2037	-0.0543	-0.1338	0.1848	0.1400	0.3953	0.8888	0.0212	0.0795	0.0203	-1.0075	4.3070	8.7523	-0.07208562068853475	1	0	12	Tilt	Normal
-0.8039	4.2910	8.5802	-26.2698	6.8362	-47.1994	21.7849	2.5755	-25.3142	0.2430	-0.0494	-0.1510	0.1846	0.1440	0.4016	0.8854	0.0851	0.1796	0.0896	-1.0469	4.3404	8.7312	-0.01720075853221381	1	0	12	Tilt	Normal
-0.9188	4.1761	8.8101	-26.1835	6.8996	-47.8462	21.9490	1.9215	-24.4594	0.1386	-0.1510	0.0735	0.1829	0.1453	0.4067	0.8832	-0.0587	-0.0356	-0.0159	-1.0573	4.3271	8.7366	0.16596800236446896	1	0	12	Tilt	Normal
-0.9571	4.3293	8.6951	-26.2321	6.8385	-48.2798	21.7285	1.8625	-24.4347	0.0904	-0.0052	-0.0389	0.1830	0.1456	0.4099	0.8816	-0.0086	-0.0271	0.0182	-1.0475	4.3346	8.7340	-0.0326400065444723	1	0	12	Tilt	Normal
-0.8811	4.3287	8.6957	-26.1565	6.7437	-48.6726	22.3930	2.4024	-25.1589	0.1526	0.0057	-0.0456	0.1822	0.1453	0.4128	0.8805	-0.0385	0.0049	0.0191	-1.0337	4.3230	8.7414	-0.006890773781654147	1	0	12	Tilt	Normal
-0.9188	4.2144	8.6951	-26.0028	6.6223	-48.8578	22.2312	1.8964	-24.7118	0.0977	-0.0848	-0.0599	0.1812	0.1441	0.4141	0.8803	-0.0055	-0.0132	-0.0267	-1.0165	4.2992	8.7550	-0.04722881783394861	1	0	12	Tilt	Normal
-0.8428	4.2138	8.5808	-25.9175	6.2419	-49.0988	21.7525	2.1317	-24.7561	0.1164	-0.0724	-0.1872	0.1816	0.1413	0.4154	0.8800	-0.0129	-0.0601	-0.0395	-0.9592	4.2862	8.7680	-0.10949496952997428	1	0	12	Tilt	Normal
-0.8428	4.3287	8.6957	-25.9381	6.0906	-49.3455	21.8319	1.7793	-24.9484	0.0931	0.0394	-0.0732	0.1820	0.1406	0.4170	0.8793	-0.0332	-0.0601	-0.0065	-0.9358	4.2894	8.7689	0.15333847214987095	1	0	12	Tilt	Normal
-0.8039	4.2144	8.6185	-25.9465	5.8949	-49.6606	21.6515	2.4277	-25.1835	0.1019	-0.0763	-0.1529	0.1824	0.1396	0.4191	0.8784	0.0041	-0.0579	-0.0086	-0.9058	4.2907	8.7715	-0.12267856770696817	2	0	13	Tilt	Fall
-0.8039	4.1761	8.7334	-25.9257	5.8413	-49.8940	21.8195	2.5642	-25.0971	0.0938	-0.1113	-0.0404	0.1822	0.1395	0.4209	0.8776	-0.0182	-0.0057	-0.0352	-0.8977	4.2874	8.7739	0.08646769946888178	2	0	13	Tilt	Normal
-0.9188	4.3676	8.6185	-25.9994	5.8224	-50.1102	22.0982	2.6793	-24.3414	-0.0245	0.0688	-0.1501	0.1826	0.1400	0.4225	0.8767	0.0148	-0.0164	-0.0065	-0.8942	4.2988	8.7686	-0.00822296499252495	2	0	13	Tilt	Normal
-0.8039	4.2527	8.7718	-25.9602	5.5448	-50.4435	21.7322	2.5163	-24.6390	0.0482	-0.0401	-0.0040	0.1829	0.1382	0.4246	0.8759	0.0073	-0.0239	0.0223	-0.8520	4.2928	8.7758	0.07582104855377025	2	0	13	Tilt	Normal
-0.8039	4.2527	8.5419	-25.9464	5.5160	-50.6045	21.5703	2.1408	-24.7269	0.0438	-0.0380	-0.2354	0.1827	0.1382	0.4258	0.8753	-0.0087	0.0219	-0.0086	-0.8477	4.2907	8.7773	-0.20563013046276168	2	0	13	Tilt	Normal
-0.6889	4.2527	8.6951	-25.9626	5.5704	-50.7966	21.9656	2.3359	-25.3319	0.1670	-0.0404	-0.0801	0.1824	0.1390	0.4273	0.8745	-0.0055	0.0102	-0.0129	-0.8559	4.2931	8.7752	0.128064539073673	2	0	13	Tilt	Normal
-0.8422	4.2527	8.6951	-25.8808	5.5588	-50.9582	21.4165	2.7379	-24.7595	0.0126	-0.0278	-0.0863	0.1816	0.1389	0.4286	0.8741	-0.0448	-0.0026	-0.0016	-0.8547	4.2805	8.7815	0.012086512264090743	2	0	13	Tilt	Normal
-0.7272	4.2910	8.7718	-25.8089	5.5133	-51.1005	21.0176	2.5292	-25.3405	0.1211	0.0215	-0.0157	0.1810	0.1385	0.4296	0.8738	-0.0097	-0.0143	-0.0102	-0.8483	4.2695	8.7875	0.07619703813210243	2	0	13	Tilt	Normal
-0.8039	4.2527	8.8101	-25.8145	5.5368	-51.1953	21.4664	2.8805	-24.8518	0.0480	-0.0177	0.0233	0.1809	0.1389	0.4304	0.8734	-0.0107	0.0092	0.0080	-0.8519	4.2704	8.7867	0.023643019152492784	2	0	13	Tilt	Normal
-0.8805	4.2527	8.7718	-25.9278	5.6235	-51.3115	22.1917	2.6588	-24.8795	-0.0162	-0.0352	-0.0052	0.1813	0.1401	0.4313	0.8726	0.0031	0.0464	0.0122	-0.8643	4.2879	8.7770	-0.027767784620627012	3	0	14	Tilt	Normal
-0.7655	4.2527	8.8101	-25.9673	5.6887	-51.5102	21.5762	2.4712	-25.7359	0.1085	-0.0412	0.0370	0.1811	0.1411	0.4329	0.8717	0.0276	0.0262	0.0271	-0.8740	4.2939	8.7731	0.024697505482336624	3	0	14	Tilt	Normal
-0.7661	4.3670	8.7724	-25.9622	5.6367	-51.5906	21.8048	2.5627	-25.5469	0.1000	0.0739	-0.0019	0.1812	0.1408	0.4335	0.8715	0.0148	0.0028	0.0169	-0.8661	4.2931	8.7743	0.016459616839771485	3	0	14	Tilt	Normal
-0.8045	4.2521	8.6191	-26.1984	5.6309	-51.6916	21.8089	1.9368	-25.5714	0.0590	-0.0774	-0.1375	0.1829	0.1417	0.4341	0.8706	0.0350	0.0177	-0.0001	-0.8634	4.3295	8.7566	-0.1846670673380082	3	0	14	Tilt	Normal
-0.9194	4.4053	8.5425	-26.2849	5.7789	-51.8165	22.3884	1.4222	-25.0562	-0.0340	0.0627	-0.2053	0.1828	0.1434	0.4353	0.8698	-0.0012	0.0667	0.0222	-0.8854	4.3426	8.7478	0.010871120652049981	3	0	14	Tilt	Normal
-0.7661	4.3670	8.5808	-26.3218	6.0323	-51.9595	22.3279	1.7662	-24.8317	0.1577	0.0187	-0.1603	0.1820	0.1457	0.4367	0.8689	-0.0044	0.0614	0.0009	-0.9239	4.3483	8.7411	0.003182398518978502	3	0	14	Tilt	Normal
-0.8811	4.2138	8.6574	-26.3580	6.2032	-51.9987	22.0403	2.0214	-24.6999	0.0685	-0.1401	-0.0781	0.1815	0.1472	0.4373	0.8684	0.0222	0.0401	-0.0161	-0.9496	4.3539	8.7355	0.010104691384484	3	0	14	Tilt	Normal
-1.3018	4.2910	7.7375	-26.6847	7.0357	-51.7824	22.2387	2.1997	-24.9419	-0.2285	-0.1130	-0.9586	0.1811	0.1543	0.4368	0.8675	0.0660	0.2595	-0.0922	-1.0734	4.4040	8.6960	-0.7257165644363095	3	0	14	Tilt	Normal
-3.5620	3.8313	5.8604	-27.4926	15.2873	-48.9433	23.9612	1.4273	-23.8794	-1.2683	-0.6957	-2.5308	0.1608	0.2152	0.4276	0.8631	0.5379	1.9277	-0.8624	-2.2936	4.5270	8.3912	-1.0873108285467064	3	0	14	Tilt	Normal
-5.7844	1.4174	3.6009	-26.1076	50.0186	-32.6371	31.1598	4.2317	-15.6425	0.9634	-2.8980	-2.0572	0.0807	0.4528	0.3397	0.8204	1.0886	4.6761	-3.0888	-6.7478	4.3154	5.6581	-0.8961240834662201	3	0	14	Tilt	Normal
-7.2784	-0.2682	2.4900	-9.6104	76.4244	-17.1624	34.0661	12.8503	-4.4984	2.1205	-1.9053	0.2204	-0.0269	0.6193	0.1681	0.7665	0.6156	3.4361	-4.1765	-9.3989	1.6372	2.2696	0.7377056943824583	3	1	15	PT	Normal
-11.3383	-1.4168	3.1406	8.9796	87.2258	-12.8820	28.7180	22.4704	0.6628	-1.6632	0.1140	2.6719	-0.1335	0.6770	0.0273	0.7233	0.7914	1.8702	-3.9091	-9.6751	-1.5308	0.4687	4.15300455692472	3	1	15	Jump	Normal
-12.9089	-3.5237	2.4128	27.8882	90.7226	-6.3310	17.9765	31.2320	1.7842	-4.2418	1.0635	2.5221	-0.2072	0.6802	-0.1335	0.6904	1.1270	0.3330	-2.8222	-8.6672	-4.5871	-0.1094	1.7467558244608075	3	1	15	PT	Normal
-14.1348	-3.2938	0.0377	38.5301	89.0786	7.0502	7.5691	34.3928	-2.2263	-6.4642	2.8151	-0.0856	-0.1940	0.6753	-0.2724	0.6573	1.4338	0.3394	-0.6597	-7.6706	-6.1090	0.1233	0.9165726288193632	3	1	15	PT	Normal
-10.1891	-3.6769	-1.9543	31.5095	83.5178	13.6490	6.0817	34.4479	-5.3543	-1.8818	1.4485	-2.8980	-0.1249	0.6605	-0.2649	0.6913	0.6583	-0.8036	1.1832	-8.3073	-5.1254	0.9438	-3.50643123563653	3	1	15	Jump	Normal
-7.9673	-5.0943	-1.2264	27.8065	88.4371	11.2048	8.6488	33.6665	-6.2406	0.7037	-0.5195	-1.4630	-0.1053	0.6905	-0.2347	0.6760	-0.3942	0.8656	0.3097	-8.6711	-4.5747	0.2366	-1.4711955795207299	3	1	15	PT	Normal
-8.5802	-3.9834	1.7615	27.1290	94.8545	11.1116	10.0642	33.8347	-3.7463	0.1163	0.4886	2.5001	-0.0886	0.7279	-0.2356	0.6378	0.2684	0.9125	0.2628	-8.6965	-4.4719	-0.7386	0.08645747103345514	0	1	15	Tilt	Normal
-8.4270	-5.6689	-3.7164	28.1383	89.9692	17.1891	10.1000	34.1617	-5.2939	0.2207	-1.0440	-3.7210	-0.0675	0.7037	-0.2724	0.6527	-0.5412	-0.1485	-0.8048	-8.6477	-4.6248	0.0046	1.1925350974553641	0	0	15	Tilt	Normal
-7.2395	-4.7495	0.1526	30.8073	90.8386	15.0016	8.6658	34.5945	-5.8055	1.1826	0.2731	0.2759	-0.0952	0.7051	-0.2759	0.6462	0.7669	0.4683	-0.0719	-8.4221	-5.0226	-0.1233	-2.1551576797133833	0	0	15	Tilt	Normal
-5.2475	-7.3161	-0.1538	45.7050	90.0813	19.1767	4.6007	34.8361	-6.2839	1.6011	-0.2969	-0.1441	-0.1620	0.6887	-0.3794	0.5963	0.4793	0.7698	-5.1170	-6.8486	-7.0192	-0.0097	0.34497654240534814	0	0	15	Tilt	Normal
-3.3321	-6.3584	-0.1921	68.5112	91.3467	24.9873	-10.7942	31.4444	-8.2184	0.2593	2.7666	-0.1076	-0.2561	0.6624	-0.5181	0.4767	0.7712	2.1088	-1.6357	-3.5915	-9.1251	-0.0845	-1.82357505426178	0	0	16	Tilt	Normal
-5.8987	-9.0016	1.2635	74.3078	87.1657	30.4193	-16.0682	28.4579	-10.4147	-3.2495	0.4396	1.1325	-0.2780	0.6450	-0.5533	0.4479	0.4953	0.3511	-1.0477	-2.6492	-9.4412	0.1311	3.654887752493484	0	0	16	Tilt	Normal
-2.7958	-13.7900	-0.5369	69.8307	86.4011	27.1627	-16.8770	28.1999	-10.6913	0.5788	-4.5846	-0.7491	-0.2737	0.6436	-0.5212	0.4890	0.0244	0.0624	0.3566	-3.3746	-9.2054	0.2122	3.244750979912693	0	0	16	Tilt	Normal
-2.0680	-8.2738	0.4974	72.0733	82.4031	31.9996	-16.7312	28.0142	-11.5836	0.9240	1.0569	0.0985	-0.2787	0.6340	-0.5402	0.4780	0.1097	-0.1847	0.1873	-2.9920	-9.3307	0.3989	-5.537976190526713	0	0	16	Tilt	Normal
-3.1789	-10.6488	-0.6135	72.2947	89.8785	25.8482	-16.4701	27.4725	-10.6485	-0.1965	-1.3066	-0.6198	-0.2794	0.6493	-0.5339	0.4639	-0.3782	1.5474	-0.3464	-2.9824	-9.3422	0.0063	2.5872607605046394	0	0	16	Tilt	Normal
-3.1406	-7.9673	-1.0349	84.0141	110.9433	17.8826	-18.0274	26.4161	-12.5731	-2.1855	1.7859	-0.6693	-0.2796	0.6637	-0.6101	0.3304	0.5454	3.0004	-2.3086	-0.9551	-9.7532	-0.3656	-2.5038282774472496	0	0	16	Tilt	Normal
-0.7272	-10.1891	-0.0772	85.8880	72.1663	53.7051	-19.7238	23.9904	-14.5476	-0.0584	-0.4076	-0.2922	-0.2965	0.6334	-0.6252	0.3465	0.9427	-1.2745	0.0072	-0.6689	-9.7815	0.2150	1.5890555037699663	0	0	16	Tilt	Normal
-0.1149	-10.3046	1.0343	82.1003	27.3893	94.7604	-21.6870	22.5859	-14.2229	0.5052	-0.5909	-0.1621	-0.3007	0.5904	-0.6444	0.3817	0.5656	-0.1922	-0.0247	-0.6201	-9.7137	1.1964	0.14170546921761407	0	0	16	Upright	Normal
-0.4974	-9.9210	1.1869	82.4699	24.4955	98.2569	-21.4237	21.4250	-15.0686	0.0355	-0.1987	0.0178	-0.3009	0.5915	-0.6472	0.3751	-0.1375	0.3298	-0.0460	-0.5329	-9.7223	1.1691	-0.3528971046326177	0	0	16	Upright	Normal
-1.1103	-9.8444	1.1869	82.7845	26.0625	95.8897	-21.0933	22.2009	-15.2460	-0.5691	-0.1152	0.0807	-0.3059	0.5916	-0.6425	0.3789	-0.0416	-0.3072	-0.0055	-0.5412	-9.7291	1.1063	-0.02645675608241227	0	0	16	Upright	Normal
-0.9571	-9.8061	1.1486	82.8277	28.9201	92.3272	-21.3736	22.5949	-15.5808	-0.3650	-0.0760	0.0771	-0.3086	0.5917	-0.6382	0.3838	-0.0203	-0.0835	0.0062	-0.5921	-9.7300	1.0716	-0.058239675730426654	1	0	17	Upright	Normal
-0.7655	-9.9210	1.0720	82.8146	30.6581	90.0175	-21.3516	22.1892	-15.6189	-0.1401	-0.1912	0.0172	-0.3107	0.5913	-0.6352	0.3877	-0.0331	-0.0015	-0.0044	-0.6255	-9.7297	1.0548	0.08864582163825041	1	0	17	Upright	Normal
-0.7278	-9.8067	1.1109	82.9700	31.5998	88.8714	-20.8707	22.2701	-14.5644	-0.0989	-0.0736	0.0890	-0.3123	0.5919	-0.6334	0.3884	-0.0608	-0.0569	-0.0077	-0.6289	-9.7330	1.0219	-0.11184797665224444	1	0	17	Upright	Normal
-1.0720	-9.7677	0.9571	83.1560	33.4361	86.5609	-21.6734	21.5945	-14.6904	-0.4281	-0.0308	-0.0178	-0.3152	0.5924	-0.6301	0.3907	-0.0299	-0.0856	-0.0247	-0.6439	-9.7369	0.9749	-0.02336783050733615	1	0	17	Upright	Normal
-0.6889	-9.8444	0.9188	83.1861	33.8034	85.6130	-21.4563	21.7543	-14.8701	-0.0416	-0.1068	-0.0479	-0.3182	0.5911	-0.6278	0.3938	-0.0118	-0.1187	-0.0109	-0.6473	-9.7375	0.9667	0.03830389300563475	1	0	17	Upright	Normal
-0.8422	-9.8444	0.7655	83.0937	31.6879	84.9981	-21.5370	21.4532	-14.1505	-0.2228	-0.1088	-0.2375	-0.3324	0.5817	-0.6199	0.4085	0.0031	-0.4904	0.0115	-0.6194	-9.7356	1.0030	-0.0011848753414902546	1	0	17	Upright	Normal
-0.8428	-9.8450	0.3065	83.5468	35.6856	82.2769	-22.3675	21.5456	-13.9614	-0.1998	-0.1004	-0.5887	-0.3273	0.5893	-0.6208	0.4004	-0.0043	0.5311	-0.0450	-0.6430	-9.7446	0.8951	-0.02420855408143474	1	0	17	Upright	Normal
-0.8422	-9.8444	0.7655	83.6108	35.1261	81.6553	-22.3221	22.4422	-14.0599	-0.2143	-0.0985	-0.1267	-0.3338	0.5857	-0.6168	0.4062	-0.0714	-0.1932	-0.0074	-0.6279	-9.7459	0.8923	0.02420855408143474	1	0	17	Upright	Normal
-0.6506	-9.8061	1.1869	83.5955	35.4124	81.7105	-21.8449	21.7657	-13.9982	-0.0168	-0.0605	0.2958	-0.3319	0.5868	-0.6179	0.4045	-0.0331	-0.2039	0.0001	-0.6339	-9.7456	0.8911	-0.010899230190057452	1	0	17	Upright	Normal
-0.7272	-9.8444	0.9954	83.5452	35.6707	81.0721	-22.0446	21.8650	-13.5172	-0.0844	-0.0998	0.1000	-0.3335	0.5858	-0.6165	0.4069	-0.0245	0.0049	-0.0021	-0.6428	-9.7446	0.8954	0.0222121767005099	2	0	18	Upright	Normal
-0.7655	-9.8444	0.7272	83.7997	37.2679	79.5507	-22.4188	21.9692	-13.0294	-0.1242	-0.0950	-0.1155	-0.3342	0.5877	-0.6152	0.4055	-0.0107	0.0241	-0.0116	-0.6413	-9.7493	0.8428	-0.02042316586674353	2	0	18	Upright	Normal
-0.8045	-9.8067	1.0343	83.7830	37.4504	79.1336	-22.1673	22.4196	-13.6250	-0.1588	-0.0576	0.1915	-0.3353	0.5871	-0.6143	0.4069	-0.0373	-0.0675	-0.0021	-0.6457	-9.7490	0.8428	-0.007005542866863834	2	0	18	Upright	Normal
-0.8428	-9.8067	0.6129	83.9030	39.4701	77.2824	-22.0863	22.1645	-13.0382	-0.1808	-0.0554	-0.1909	-0.3347	0.5891	-0.6134	0.4058	-0.0511	0.2371	-0.0176	-0.6620	-9.7513	0.8039	-0.03194198142496241	2	0	18	Upright	Normal
-0.8039	-9.9593	0.8422	83.9617	42.5716	74.5071	-21.7966	22.6703	-13.6366	-0.1061	-0.2069	0.0827	-0.3327	0.5921	-0.6126	0.4043	-0.0597	0.0006	0.0293	-0.6978	-9.7523	0.7594	0.1652113717095638	2	0	18	Upright	Normal
-0.7272	-9.9210	1.0720	84.1182	45.2149	71.4765	-21.9780	22.1982	-13.7383	-0.0142	-0.1658	0.3645	-0.3353	0.5929	-0.6094	0.4059	-0.1332	-0.1591	0.0186	-0.7130	-9.7552	0.7075	-0.02191346538200456	2	0	18	Upright	Normal
-0.8045	-9.8833	0.3065	84.9591	55.4995	60.2674	-21.9155	22.8993	-13.1480	-0.0947	-0.1145	-0.1812	-0.3445	0.5970	-0.5996	0.4066	-0.3164	0.1455	-0.0123	-0.7097	-9.7688	0.4877	-0.08448574759376015	2	0	18	Upright	Normal
-0.9188	-9.9593	0.2292	85.2713	63.1872	52.6261	-22.0576	22.2392	-11.8280	-0.1972	-0.1860	-0.1353	-0.3463	0.6012	-0.5959	0.4044	-0.0565	-0.1602	0.0091	-0.7216	-9.7733	0.3645	0.08349361112901654	2	0	18	Upright	Normal
-0.7661	-9.9599	0.3831	85.2739	67.2507	47.7504	-22.1246	22.6292	-11.3875	-0.0211	-0.1864	0.0708	-0.3509	0.6008	-0.5909	0.4083	-0.0362	-0.0132	0.0125	-0.7450	-9.7734	0.3123	-0.0075547927072214804	2	0	18	Upright	Normal
-0.7655	-9.9593	0.3825	85.2235	69.7866	44.8573	-22.1098	22.4639	-11.0176	0.0006	-0.1866	0.1006	-0.3527	0.6010	-0.5883	0.4102	-0.0852	-0.0910	0.0349	-0.7661	-9.7727	0.2819	-6.665972170853962E-4	2	0	18	Upright	Normal
-0.9188	-9.8061	0.1909	85.1363	78.0298	36.2729	-22.3952	22.6874	-10.8961	-0.1058	-0.0346	0.0187	-0.3552	0.6042	-0.5828	0.4112	-0.0969	-0.0068	0.0456	-0.8130	-9.7715	0.1722	-0.14509686342337247	3	0	19	Upright	Normal
-1.0343	-9.9216	0.0000	84.8225	89.1886	25.1387	-22.0043	22.6449	-10.5001	-0.1498	-0.1549	-0.0124	-0.3559	0.6105	-0.5766	0.4101	-0.1821	0.0699	0.0626	-0.8845	-9.7667	0.0124	-0.14509686342337247	3	0	19	Upright	Normal
-1.0343	-9.8833	-0.1149	84.4647	97.9088	16.7020	-21.5926	23.0459	-9.4053	-0.0979	-0.1223	0.0153	-0.3556	0.6166	-0.5722	0.4074	-0.1353	0.0869	0.0498	-0.9364	-9.7610	-0.1302	0.08703707953092632	3	0	19	Upright	Normal
-0.8805	-9.8827	-0.3071	84.2959	103.1239	11.7644	-21.6681	22.9190	-10.3185	0.0685	-0.1245	-0.0857	-0.3555	0.6204	-0.5701	0.4046	-0.0948	0.1210	-0.0002	-0.9490	-9.7582	-0.2213	-0.011339032052367415	3	0	19	Upright	Normal
-1.0337	-9.8444	-0.3071	84.0187	108.3880	6.6676	-21.6153	23.4786	-9.3939	-0.0640	-0.0910	0.0153	-0.3558	0.6244	-0.5671	0.4024	-0.0148	0.0528	-0.0045	-0.9697	-9.7534	-0.3223	-0.023312486237989205	3	0	19	Upright	Normal
-1.1103	-9.9210	-0.4986	83.8515	111.3757	3.1995	-21.4805	23.5268	-9.1235	-0.1323	-0.1706	-0.1158	-0.3593	0.6248	-0.5634	0.4038	-0.0446	-0.1016	-0.0067	-0.9780	-9.7504	-0.3828	0.09209332215112376	3	0	19	Upright	Normal
-1.1103	-9.8827	-0.3454	83.7734	113.5055	1.1367	-21.6288	24.0287	-9.1645	-0.1351	-0.1338	0.0787	-0.3599	0.6262	-0.5624	0.4026	-0.0329	0.1050	-0.0322	-0.9752	-9.7489	-0.4241	-0.04450830666023542	3	0	19	Upright	Normal
-1.1103	-9.7677	-0.4603	83.8574	114.6485	-0.0691	-21.1979	23.3753	-9.1331	-0.1567	-0.0174	-0.0227	-0.3611	0.6260	-0.5622	0.4020	0.0044	-0.0303	-0.0237	-0.9536	-9.7504	-0.4375	-0.10949828195365363	3	0	19	Upright	Normal
-1.3018	-9.9593	-0.5752	83.9425	114.9301	-0.0270	-21.9719	23.5659	-9.1116	-0.3636	-0.2072	-0.1390	-0.3598	0.6267	-0.5637	0.4000	0.0394	0.0667	-0.0387	-0.9382	-9.7520	-0.4362	0.21910458850274672	3	0	19	Upright	Normal
-0.7655	-9.8444	-0.5369	83.9459	114.0823	0.5439	-20.8247	23.1399	-8.6028	0.1787	-0.0923	-0.1149	-0.3609	0.6255	-0.5631	0.4018	0.0554	0.0433	-0.0238	-0.9442	-9.7520	-0.4220	-0.1717726866671807	3	0	19	Upright	Normal
-1.0720	-9.9210	-0.3071	84.3059	112.7951	1.7767	-21.0867	23.8674	-9.5306	-0.1752	-0.1627	0.0699	-0.3618	0.6232	-0.5653	0.4016	-0.0032	-0.0303	-0.0504	-0.8968	-9.7583	-0.3769	0.09476842344813186	4	0	20	Upright	Normal
-0.8422	-9.8444	-0.1921	84.5430	111.6182	2.9530	-21.6782	23.3886	-8.7888	0.0247	-0.0820	0.1514	-0.3621	0.6216	-0.5669	0.4013	-0.0330	-0.0995	-0.0483	-0.8669	-9.7624	-0.3436	-0.10124503456534306	4	0	20	Upright	Normal
-0.8422	-9.8827	-0.2304	84.9057	111.1648	3.3849	-21.5753	23.0787	-9.1278	-0.0301	-0.1146	0.0839	-0.3634	0.6197	-0.5689	0.4004	0.0650	0.1018	-0.0600	-0.8121	-9.7680	-0.3144	0.03896906972145864	4	0	20	Upright	Normal
-0.8805	-9.9210	-0.4220	85.2754	111.5740	3.2440	-21.4611	22.9221	-9.8918	-0.1294	-0.1475	-0.1249	-0.3635	0.6189	-0.5716	0.3976	0.0501	0.0635	-0.0749	-0.7510	-9.7734	-0.2970	0.04773485048364634	4	0	20	Upright	Normal
-0.8422	-9.9593	-0.1155	85.7211	108.4094	6.3245	-21.4358	22.4747	-9.9233	-0.1480	-0.1799	0.1155	-0.3644	0.6156	-0.5746	0.3976	-0.0106	-0.0058	-0.0708	-0.6942	-9.7794	-0.2310	0.026582380251111815	4	0	20	Upright	Normal
-0.7272	-9.8444	-0.1155	85.9748	108.7882	5.9168	-21.7735	22.4803	-9.3157	-0.0760	-0.0618	0.1061	-0.3657	0.6144	-0.5756	0.3967	0.0502	-0.0100	-0.0666	-0.6512	-9.7826	-0.2216	-0.12361544229122323	4	0	20	Upright	Normal
-0.8805	-10.0359	-0.3454	86.2067	106.9473	7.5072	-22.1022	23.0521	-9.2467	-0.2598	-0.2506	-0.1562	-0.3674	0.6121	-0.5764	0.3977	0.0459	0.1114	-0.0527	-0.6207	-9.7853	-0.1891	0.20847218714303928	4	0	20	Upright	Normal
-0.5740	-9.8444	-0.1155	86.4840	106.4917	8.0298	-21.9238	22.3641	-9.4933	0.0022	-0.0561	0.0551	-0.3681	0.6109	-0.5781	0.3964	0.0246	-0.0132	-0.0271	-0.5763	-9.7882	-0.1706	-0.21857388351823204	4	0	20	Upright	Normal
-0.7272	-9.9593	-0.0772	86.6891	105.5080	9.0306	-21.8848	22.2918	-9.4746	-0.1817	-0.1689	0.0742	-0.3686	0.6098	-0.5794	0.3958	0.0267	-0.0196	-0.0314	-0.5456	-9.7903	-0.1514	0.12431543038129256	4	0	20	Upright	Normal
-0.6129	-9.9599	0.0000	86.9119	102.5094	11.8522	-22.6571	22.3611	-9.2723	-0.0980	-0.1673	0.1143	-0.3697	0.6076	-0.5805	0.3964	0.0108	-0.0260	-0.0563	-0.5149	-9.7926	-0.1143	0.12431543038129256	4	0	20	Upright	Normal
-0.5357	-9.8827	-0.1538	87.0928	103.4424	10.6361	-22.7824	21.7323	-9.4103	-0.0519	-0.0886	-0.0382	-0.3722	0.6061	-0.5801	0.3969	0.0108	-0.1187	-0.0286	-0.4838	-9.7941	-0.1157	-0.08770891958064908	5	0	21	Upright	Normal
Total time: 21 seconds.
