-1.1103	-8.6568	-1.0732	-43.0932	104.0547	105.3476	23.8733	16.9346	25.2888	-0.1613	0.9477	0.6659	-0.7201	-0.2649	0.2795	-0.5772	0.1772	0.0087	-0.0362	-0.9490	-9.6045	-1.7391	-0.6977757717216946	4	0	6	Upright	Normal
-0.6512	-9.4236	-1.3024	-43.8048	100.2918	102.7884	23.2084	18.2789	24.8273	0.3020	0.2545	-0.0379	-0.7058	-0.2576	0.2860	-0.5948	0.7087	0.0769	-0.0319	-0.9532	-9.6781	-1.2646	0.7419891449255758	4	0	6	Upright	Normal
0.4214	-10.5345	-0.7661	-44.6936	94.6399	96.6912	22.8885	19.3358	23.8608	1.0062	-0.7615	-0.2022	-0.6793	-0.2593	0.2827	-0.6256	0.5809	-0.1767	-0.2961	-0.5848	-9.7730	-0.5640	1.035286348278424	4	0	6	Upright	Normal
-0.1915	-8.5425	0.0383	-44.1824	91.9320	92.3092	23.5975	22.2538	21.6462	-0.0268	1.2599	0.2755	-0.6615	-0.2729	0.2772	-0.6411	0.2389	-0.1788	-0.3408	-0.1648	-9.8025	-0.2372	-2.0259912070940747	4	0	6	Upright	Normal
0.5752	-9.0782	0.5740	-43.1947	89.6261	89.3780	23.0498	22.8844	21.0126	0.5127	0.7281	0.5275	-0.6465	-0.2822	0.2794	-0.6514	0.1015	-0.1351	0.0224	0.0625	-9.8064	0.0465	0.5697652632295966	4	0	6	Upright	Normal
1.6478	-9.1548	1.2252	-41.4137	88.4995	88.5906	23.9584	22.6383	20.8328	1.5766	0.6497	1.0328	-0.6371	-0.2903	0.2913	-0.6519	0.0323	-0.4355	0.1279	0.0712	-9.8046	0.1924	0.267759323809976	0	0	6	Upright	Normal
1.5323	-10.8409	1.2641	-38.1626	88.7582	88.1952	24.9660	22.3153	19.9008	1.3548	-1.0373	1.0971	-0.6278	-0.3121	0.3058	-0.6442	-0.2713	-0.4067	0.1588	0.1775	-9.8037	0.1670	1.6391327736833272	0	0	6	Upright	Normal
-0.1915	-10.4579	1.5323	-40.4072	90.2519	88.2899	25.6406	21.4073	20.5308	-0.5121	-0.6565	1.5652	-0.6380	-0.3075	0.2855	-0.6456	-0.5174	0.5839	-0.1150	0.3205	-9.8014	-0.0329	-0.4500934108582886	0	0	6	Upright	Normal
-4.1372	-9.0788	-2.8347	-41.9792	95.2110	94.1144	24.4585	20.7696	22.5397	-4.0306	0.7049	-2.1726	-0.6693	-0.2929	0.2806	-0.6225	-0.6782	0.3507	0.1130	-0.1065	-9.7838	-0.6621	-0.199383416588514	0	0	6	Upright	Normal
-0.1915	-8.3893	-0.4980	-43.0701	98.3400	98.5383	24.4708	18.7274	23.9840	0.2885	1.3505	0.5411	-0.6900	-0.2774	0.2796	-0.6073	-0.3011	0.0396	0.4166	-0.4800	-9.7398	-1.0391	-1.9656622508578216	0	0	6	Upright	Normal
-0.6123	-8.6568	-0.9200	-43.4861	100.4224	102.8739	25.5761	17.2672	24.0219	0.3464	1.0177	0.3672	-0.7059	-0.2596	0.2873	-0.5931	-0.2351	0.3549	0.2408	-0.9587	-9.6745	-1.2872	0.3208059081665624	0	0	7	Upright	Normal
-0.0383	-8.9256	-0.4597	-45.9978	105.0932	107.9544	24.6154	15.3329	26.1435	1.1331	0.6479	1.3143	-0.7307	-0.2376	0.2703	-0.5801	-0.5270	0.3443	0.2717	-1.1714	-9.5735	-1.7740	0.2104566055024808	0	0	7	Upright	Normal
1.8777	-10.6488	1.9914	-50.1527	105.7648	108.1775	23.2766	13.4774	28.1408	2.8784	-1.0439	3.6986	-0.7350	-0.2165	0.2445	-0.5943	0.0674	0.0002	0.2419	-1.0008	-9.6049	-1.7072	2.057412391867304	0	0	7	Upright	Normal
-3.2172	-8.5419	-4.5209	-47.7164	95.8132	101.1462	24.8180	15.9551	26.5608	-2.0521	1.1724	-3.8526	-0.6964	-0.2216	0.2829	-0.6212	1.5727	-1.4529	-0.1086	-1.1651	-9.7143	-0.6683	-0.8090050124102746	0	0	7	Upright	Normal
1.1109	-11.1857	-2.8730	-45.3376	91.0790	95.6122	26.7193	19.6822	23.1241	1.9392	-1.4148	-2.7432	-0.6692	-0.2423	0.2941	-0.6379	0.3018	0.1514	-0.7765	-0.8282	-9.7709	-0.1299	1.4161542600323855	0	0	7	Upright	Normal
-1.2641	-6.6272	0.1532	-41.2652	86.6854	87.3658	26.2864	22.8744	20.5073	-1.3405	3.1701	-0.2729	-0.6290	-0.2875	0.2952	-0.6592	0.4744	-0.8382	-0.7222	0.0763	-9.7972	0.4262	-4.853651931821885	0	0	7	Upright	Normal
-0.9577	-7.6231	0.6129	-36.1295	86.5196	88.7250	26.9960	23.7453	18.4931	-0.8245	2.1709	0.1321	-0.6170	-0.3079	0.3322	-0.6436	-0.1627	-0.5112	0.5039	-0.1332	-9.7941	0.4808	0.9590085229986061	0	0	7	Upright	Normal
0.6901	-13.4452	2.1063	-32.0915	86.2487	88.3015	29.2403	22.7263	17.3888	0.7409	-3.6537	1.5628	-0.6024	-0.3308	0.3530	-0.6349	-0.1499	-0.3034	-0.0862	-0.0507	-9.7915	0.5435	5.919239590881648	0	0	7	Upright	Normal
-7.4310	-7.6608	-1.3414	-32.9066	94.2420	93.4367	28.7389	21.8967	17.7411	-7.2381	2.1250	-0.7323	-0.6438	-0.3415	0.3328	-0.5985	-0.9563	0.1728	-0.2823	-0.1929	-9.7859	-0.6090	-2.8699525249854254	0	0	7	Upright	Normal
0.6135	-11.3000	-0.2687	-33.9713	97.5549	96.4102	28.2181	19.7714	19.0597	0.9830	-1.5588	0.8006	-0.6646	-0.3359	0.3234	-0.5838	-0.2404	0.1952	0.2482	-0.3695	-9.7413	-1.0693	0.5631138864586767	0	1	8	PT	Normal
-3.0640	-5.6306	-0.0006	-35.9879	100.2202	102.2046	27.8694	18.6502	20.0479	-2.0230	4.0185	1.4073	-0.6923	-0.3040	0.3259	-0.5675	-0.4226	1.3638	0.5465	-1.0410	-9.6491	-1.4079	-4.909546703138089	0	1	8	Jump	Normal
1.2647	-10.1891	0.0760	-42.1995	101.9281	105.3271	26.6281	17.0923	22.3431	2.4880	-0.5755	1.5776	-0.7137	-0.2592	0.2976	-0.5787	-0.0508	0.5850	0.2632	-1.2233	-9.6136	-1.5016	3.8572857768106594	0	1	8	Jump	Normal
-0.6129	-10.7260	0.9194	-44.6275	106.3186	107.0636	24.2521	15.3676	24.1516	0.2982	-1.1606	2.8804	-0.7307	-0.2570	0.2655	-0.5741	-0.5302	0.1419	0.1023	-0.9111	-9.5654	-1.9610	0.5151941059871827	0	1	8	PT	Normal
-1.6466	-8.7334	-4.0995	-45.1163	101.3829	104.8809	24.5642	13.7193	24.4601	-0.5031	0.9101	-2.7336	-0.7146	-0.2429	0.2828	-0.5919	1.5332	-0.1276	0.2238	-1.1435	-9.6435	-1.3659	-0.9955549664311132	0	1	8	PT	Normal
-1.6849	-15.5521	-3.5249	-41.8936	91.2124	98.2279	25.6915	16.6981	21.8202	-0.4188	-5.8287	-3.3703	-0.6682	-0.2477	0.3267	-0.6208	1.2904	-0.1841	-0.1960	-1.2661	-9.7235	-0.1546	6.24811461900712	0	1	8	Jump	Normal
0.7284	-6.8181	-0.4220	-39.6997	89.2993	90.5275	25.5967	19.6814	19.3065	0.8954	2.9868	-0.5142	-0.6396	-0.2937	0.3074	-0.6405	0.2730	-0.6443	-1.0578	-0.1670	-9.8049	0.0922	-9.16545263236754	0	1	8	Jump	Normal
-1.6089	-6.5888	0.6895	-33.1191	88.0487	90.0285	26.3777	21.6431	16.8677	-1.4216	3.2121	0.4100	-0.6160	-0.3260	0.3474	-0.6273	-0.2276	-0.5495	0.5540	-0.1873	-9.8010	0.2795	-0.052522255010869934	0	1	8	Upright	Normal
3.1795	-12.8329	0.8045	-29.7314	87.5156	90.2402	27.8875	20.3614	16.7175	3.4315	-3.0364	0.4354	-0.6044	-0.3404	0.3695	-0.6183	0.1623	-0.2693	-0.1257	-0.2520	-9.7965	0.3690	6.428018179678772	0	0	8	Upright	Normal
-6.2435	-7.8524	-1.3414	-30.9233	93.3277	93.1020	28.2306	19.2225	16.8547	-6.0057	1.9393	-0.8529	-0.6348	-0.3493	0.3468	-0.5956	-1.5613	0.7395	-0.4878	-0.2378	-9.7917	-0.4884	-3.1240618161654847	0	0	8	Upright	Normal
0.1155	-11.6831	-1.0349	-32.0565	97.7042	96.9378	26.8475	17.8435	19.1556	0.5968	-1.9517	0.0793	-0.6623	-0.3438	0.3356	-0.5750	-0.2223	-0.1202	0.2706	-0.4812	-9.7314	-1.1142	1.6081092131581478	0	1	9	PT	Normal
-3.2172	-5.1709	-0.5752	-32.3108	99.9392	102.4403	27.5790	15.9937	19.8577	-2.0198	4.4568	0.8555	-0.6854	-0.3211	0.3482	-0.5530	-0.3224	0.8662	0.4848	-1.1974	-9.6277	-1.4307	-5.61227222135904	0	1	9	Jump	Normal
0.6129	-11.1857	-0.5746	-38.0093	101.8098	105.0094	26.4715	14.6072	21.1151	1.9052	-1.5939	1.0069	-0.7072	-0.2837	0.3192	-0.5634	-0.3640	0.2686	0.2333	-1.2923	-9.5918	-1.5815	5.1000629270698585	0	1	9	Jump	Normal
-0.7655	-12.6408	1.0720	-40.6088	105.2251	106.0777	25.2355	12.6218	23.6520	0.2444	-3.0842	3.0272	-0.7221	-0.2797	0.2893	-0.5627	-0.4247	0.1120	0.1471	-1.0099	-9.5566	-1.9552	1.4920432593674757	0	1	9	PT	Normal
-1.0337	-8.5036	-3.8696	-41.5991	99.6399	104.1651	25.1368	11.5873	23.3755	0.2752	1.1375	-2.6416	-0.7042	-0.2582	0.3091	-0.5847	1.6589	0.1259	0.1780	-1.3089	-9.6412	-1.2281	-3.30959184386216	0	1	9	PT	Normal
-2.2978	-16.5864	-3.4482	-39.3760	90.5774	98.5080	25.6586	14.3056	21.3634	-0.9090	-6.8788	-3.3718	-0.6616	-0.2572	0.3456	-0.6137	1.0091	-0.3215	-0.1214	-1.3888	-9.7076	-0.0765	7.696500351534491	0	1	9	Jump	Normal
1.0732	-5.3624	0.3825	-37.4365	88.9721	90.5510	27.1896	18.0612	19.3089	1.2745	4.4412	0.2429	-0.6326	-0.3044	0.3218	-0.6353	0.1537	-0.7615	-0.9171	-0.2013	-9.8037	0.1396	-11.614059511586952	0	1	9	Jump	Normal
-2.1829	-7.2395	0.8805	-31.4244	87.3069	90.0104	28.1553	19.1681	18.0835	-1.9408	2.5564	0.4874	-0.6085	-0.3313	0.3604	-0.6246	0.0014	-0.7849	0.4006	-0.2421	-9.7959	0.3931	2.13043725077896	0	1	9	PT	Normal
0.1538	-13.4835	2.0680	-28.9543	87.0061	91.5281	30.8186	18.7826	17.3413	0.6629	-3.7002	1.6198	-0.6041	-0.3351	0.3831	-0.6132	0.1196	-0.0818	-0.1214	-0.5091	-9.7833	0.4482	6.029496762352586	0	1	9	Jump	Normal
-5.4007	-11.2617	-3.4099	-30.9789	92.2730	93.9356	31.2539	17.8189	17.8831	-4.9279	-1.4721	-3.0764	-0.6342	-0.3389	0.3567	-0.5964	-1.4772	0.7693	-0.3611	-0.4729	-9.7896	-0.3335	-0.695184597922637	0	1	9	PT	Normal
-0.6512	-6.3590	-1.0343	-32.8778	98.8141	97.3299	29.7028	16.7887	20.6285	-0.2239	3.3568	0.2277	-0.6685	-0.3428	0.3267	-0.5735	-0.6101	0.3273	-0.0980	-0.4274	-9.7158	-1.2620	-6.471453906041333	0	2	10	Jump	Normal
-4.5197	-6.2435	-1.2264	-34.2306	100.6807	103.3965	29.9007	15.7181	21.4739	-3.2814	3.3680	0.2762	-0.6938	-0.3086	0.3382	-0.5558	-0.4812	1.3222	0.4048	-1.2383	-9.6115	-1.5027	1.3292871532053852	0	2	10	PT	Normal
0.2682	-9.0788	-0.8428	-40.6407	103.8900	107.3879	28.3351	14.7534	23.9509	1.6499	0.4643	0.9436	-0.7218	-0.2647	0.3039	-0.5626	-0.3129	1.3169	0.4624	-1.3818	-9.5431	-1.7864	1.3170985323610456	0	2	10	PT	Normal
-0.1143	-11.2234	0.1526	-44.9979	109.1343	110.7418	25.9105	12.7521	26.6478	1.0413	-1.7541	2.4256	-0.7455	-0.2452	0.2635	-0.5609	-0.4599	0.5659	0.0032	-1.1557	-9.4694	-2.2730	2.1032402149876646	0	2	10	PT	Normal
-0.3442	-9.2314	0.9188	-46.9237	108.5957	111.5881	24.4620	11.3735	28.7362	0.9517	0.2518	3.0547	-0.7467	-0.2266	0.2610	-0.5683	0.1473	0.2921	0.3644	-1.2959	-9.4833	-2.1359	-1.9416254232264585	0	2	10	PT	Normal
-4.0983	-16.4715	-5.4402	-46.7570	90.2269	98.2174	24.8457	14.5354	26.6628	-2.7246	-6.7615	-5.4136	-0.6749	-0.2140	0.3056	-0.6366	1.5812	-0.9522	-0.1352	-1.3737	-9.7100	-0.0266	8.540807578220765	0	2	10	Jump	Normal
2.7198	-8.9256	-0.1915	-44.2281	90.0673	94.3529	26.1902	19.7570	23.4069	3.4562	0.8534	-0.1832	-0.6616	-0.2504	0.2991	-0.6404	0.3508	-0.6848	-0.9927	-0.7364	-9.7790	-0.0084	-8.49144634477833	0	2	10	Jump	Normal
-2.1829	-6.7415	0.6123	-37.3029	86.0009	87.8870	27.1494	23.3682	20.0296	-2.1293	3.0501	0.0684	-0.6168	-0.3030	0.3238	-0.6503	0.3103	-1.3005	-0.0404	-0.0536	-9.7915	0.5439	-2.2202462424292086	0	2	10	PT	Normal
-0.4597	-7.9679	0.8811	-32.6394	87.0314	90.7794	28.6693	24.1516	16.8129	-0.0525	1.8211	0.4534	-0.6135	-0.3190	0.3596	-0.6265	-0.2948	-0.5943	0.5327	-0.4072	-9.7890	0.4277	0.9171291229172258	0	2	10	PT	Normal
0.2304	-12.6408	0.4974	-29.9563	87.0213	91.0386	29.1813	24.2057	15.5101	0.6624	-2.8536	0.0560	-0.6059	-0.3323	0.3752	-0.6178	-0.1563	-0.0702	0.0565	-0.4320	-9.7872	0.4414	4.623042517916737	0	2	10	Jump	Normal
-2.9491	-6.2052	-0.9583	-31.7013	95.1189	94.7858	28.7822	22.8547	16.0666	-2.5923	3.5668	-0.2138	-0.6473	-0.3449	0.3413	-0.5878	-1.3558	0.4891	-0.4825	-0.3567	-9.7719	-0.7444	-5.715819739997229	0	3	11	Run	Normal
-3.6003	-10.3807	-0.3454	-29.9477	96.8536	95.5936	26.7019	21.7837	18.4503	-3.2326	-0.6334	0.6687	-0.6505	-0.3585	0.3450	-0.5738	0.3742	-0.5175	0.0778	-0.3677	-9.7472	-1.0141	4.055881997517086	0	3	11	Run	Normal
1.3797	-10.2274	-0.5369	-36.1959	99.1270	101.0449	25.1364	21.3171	18.7384	2.3330	-0.5483	0.7186	-0.6865	-0.3044	0.3255	-0.5745	-0.2138	0.8907	0.4826	-0.9533	-9.6792	-1.2555	-0.6587436441347165	0	3	11	Walk	Normal
0.0006	-8.2738	-1.4180	-38.6022	102.1812	102.5278	22.4413	20.0405	19.8784	0.8197	1.3639	0.1992	-0.7028	-0.2976	0.3015	-0.5715	-0.6186	0.6713	-0.0702	-0.8191	-9.6377	-1.6171	-1.9395672356581581	0	3	11	Walk	Normal
-1.1103	-10.4956	0.6889	-40.9717	102.9656	103.5388	21.0626	18.7494	21.0158	-0.2756	-0.8667	2.3502	-0.7106	-0.2824	0.2888	-0.5761	-0.0764	0.2548	0.2547	-0.8347	-9.6289	-1.6613	2.182191405806563	0	3	11	Walk	Normal
-0.8805	-9.0399	-3.7930	-42.4565	96.3415	100.1689	18.8544	17.9467	20.9834	0.1206	0.6828	-2.9938	-0.6877	-0.2605	0.3037	-0.6058	1.3479	-0.5665	0.0714	-1.0011	-9.7227	-0.7992	-0.7337621596377168	0	3	11	Walk	Normal
-2.8347	-9.5385	-2.9113	-41.2921	92.7658	98.5363	19.2682	18.9609	19.0403	-1.6896	0.1947	-2.5557	-0.6721	-0.2577	0.3226	-0.6147	0.7982	-0.1404	-0.2215	-1.1452	-9.7332	-0.3557	0.5250783069993616	0	3	11	Walk	Normal
-1.1103	-8.8867	-1.1498	-38.6908	90.4021	94.1504	19.7156	19.4792	17.1052	-0.4434	0.8972	-1.0961	-0.6492	-0.2850	0.3267	-0.6249	0.2730	-0.7359	-0.2354	-0.6669	-9.7839	-0.0537	-1.3386407679562833	0	3	11	Walk	Normal
-0.5746	-8.2744	-0.2682	-36.3400	91.3766	94.9386	19.8547	19.3965	16.4257	0.1303	1.5052	-0.0783	-0.6483	-0.2991	0.3383	-0.6131	-0.2457	-0.4003	0.0192	-0.7049	-9.7796	-0.1899	-0.7306370074226436	0	3	11	Walk	Normal
-0.0766	-9.5768	-0.1532	-35.4240	91.1699	94.1682	19.9215	18.8395	15.8347	0.5203	0.2104	0.0100	-0.6433	-0.3074	0.3403	-0.6131	0.1537	-0.2043	0.0341	-0.5969	-9.7872	-0.1633	1.2796701324086133	0	4	12	Walk	Normal
-0.3065	-11.4539	-2.3750	-35.2505	93.8279	96.4389	20.3715	17.4484	16.6277	0.4154	-1.6884	-1.8404	-0.6569	-0.3095	0.3381	-0.5987	-0.2670	0.3912	0.0416	-0.7219	-9.7655	-0.5347	2.123223523832971	0	4	12	Walk	Normal
0.5746	-7.3167	-0.1532	-34.9363	96.5209	99.1422	19.7116	16.7483	17.8329	1.4931	2.4042	0.7599	-0.6714	-0.3095	0.3381	-0.5823	-0.0934	-0.2927	0.0767	-0.9185	-9.7209	-0.9131	-4.360728939473017	0	4	12	Run	Normal
-2.8341	-8.6185	-0.6518	-32.8628	98.1558	99.9463	21.3448	15.6883	17.6496	-1.9010	1.0735	0.5168	-0.6741	-0.3242	0.3436	-0.5677	-0.5057	-0.6464	-0.0649	-0.9331	-9.6920	-1.1687	1.7550793778196443	0	4	12	Walk	Normal
-1.7615	-9.6911	-0.2304	-33.3736	99.5174	101.5555	21.1289	14.7792	17.6801	-0.6981	-0.0367	1.1238	-0.6837	-0.3186	0.3408	-0.5611	0.0824	-0.0541	0.1279	-1.0635	-9.6545	-1.3542	0.7566769083578873	0	4	12	Walk	Normal
-0.7661	-9.2320	-0.3831	-34.1986	98.9639	102.0988	21.6619	15.2061	17.6370	0.4245	0.4197	0.8808	-0.6852	-0.3082	0.3424	-0.5642	0.0323	-0.0648	0.0778	-1.1907	-9.6518	-1.2638	-0.5809321828520417	0	4	12	Walk	Normal
-1.4174	-9.7683	-1.2258	-34.4121	99.0534	102.3273	21.1876	14.8586	18.0152	-0.2017	-0.1209	0.0473	-0.6864	-0.3061	0.3419	-0.5641	-0.1691	0.0140	-0.0148	-1.2157	-9.6474	-1.2731	0.6747705665422163	0	4	12	Walk	Normal
-1.0343	-9.4236	-0.7661	-34.6740	99.4103	102.5207	22.1861	14.7182	18.3415	0.1727	0.2189	0.5526	-0.6885	-0.3053	0.3393	-0.5636	-0.1275	-0.0265	0.0363	-1.2070	-9.6425	-1.3188	-0.43532628519361616	0	4	12	Walk	Normal
-1.2258	-9.4619	-1.5706	-34.9748	99.8776	103.3676	21.6528	13.3887	18.6277	0.0697	0.1607	-0.1921	-0.6927	-0.3008	0.3390	-0.5610	-0.0007	0.0310	0.1652	-1.2956	-9.6226	-1.3785	0.1582854895518917	0	4	12	Upright	Normal
-0.8811	-8.0828	-1.1492	-34.9525	100.2495	104.4562	21.5421	13.2118	18.7419	0.5601	1.5115	0.2810	-0.6966	-0.2962	0.3422	-0.5567	0.0099	-0.1256	0.0906	-1.4412	-9.5943	-1.4302	-1.4578852704934437	0	0	12	Upright	Normal
-1.0726	-10.3813	-1.8004	-35.5445	100.7455	104.4508	22.1120	13.8238	18.3962	0.3026	-0.7860	-0.3126	-0.6990	-0.2954	0.3361	-0.5579	-0.1605	0.0129	-0.0010	-1.3752	-9.5952	-1.4878	2.3792225156162736	0	1	13	PT	Normal
-1.5317	-8.7718	-1.1881	-36.1638	101.5490	104.6170	21.9368	12.7227	19.1055	-0.2280	0.8178	0.3970	-0.7027	-0.2949	0.3287	-0.5578	0.0014	0.1238	-0.1076	-1.3036	-9.5895	-1.5851	-1.60727940795001	0	1	13	PT	Normal
-0.5357	-9.4996	-1.2647	-38.7752	101.9489	104.9935	21.3577	12.7000	18.9831	0.7183	0.0970	0.3183	-0.7086	-0.2803	0.3142	-0.5662	-0.0199	0.3741	0.1172	-1.2540	-9.5966	-1.5830	0.6149391678007916	0	1	13	PT	Normal
-0.9960	-9.1937	-1.3024	-40.3211	102.5450	105.3901	19.9529	13.7391	20.0874	0.2156	0.4013	0.3216	-0.7132	-0.2723	0.3042	-0.5698	-0.0284	0.0876	0.0256	-1.2116	-9.5951	-1.6240	-0.25962060783334273	0	1	13	Upright	Normal
-0.8428	-9.2703	-1.3024	-40.9460	102.4304	105.1827	20.1337	12.8195	20.1582	0.3303	0.3346	0.2921	-0.7132	-0.2696	0.3005	-0.5731	0.0003	0.0205	0.0256	-1.1730	-9.6049	-1.5945	0.06044626321889446	0	1	13	Upright	Normal
-0.7661	-9.3470	-1.3024	-40.8431	102.2858	105.0747	19.8258	12.6398	19.5728	0.4082	0.2604	0.2762	-0.7124	-0.2701	0.3014	-0.5733	-0.0124	-0.0967	0.0245	-1.1744	-9.6073	-1.5787	0.06914242982882257	0	1	13	Upright	Normal
-0.9577	-9.3853	-1.4940	-40.5813	102.0206	104.7513	20.1622	12.7481	19.2807	0.1998	0.2286	0.0572	-0.7106	-0.2722	0.3029	-0.5737	-0.0114	-0.1106	0.0032	-1.1574	-9.6139	-1.5511	0.08325518348375205	0	1	13	Upright	Normal
-0.8811	-9.3470	-1.3791	-40.1858	101.7904	104.3195	20.1540	12.4329	19.7346	0.2405	0.2744	0.1519	-0.7085	-0.2759	0.3043	-0.5739	0.0046	-0.0925	-0.0458	-1.1215	-9.6214	-1.5309	-0.06241391672188712	0	1	13	Upright	Normal
-1.1869	-9.3847	-1.3030	-39.9673	101.8300	104.3792	21.2384	13.2475	19.4105	-0.0542	0.2337	0.2379	-0.7084	-0.2770	0.3055	-0.5728	-0.0370	-0.0126	0.0182	-1.1328	-9.6184	-1.5410	0.05958967939291249	0	1	13	Upright	Normal
-0.9954	-9.3081	-1.4180	-39.9848	102.0065	104.5460	21.4345	12.4729	19.0752	0.1448	0.3059	0.1451	-0.7093	-0.2767	0.3051	-0.5720	-0.0252	0.0066	0.0128	-1.1402	-9.6139	-1.5631	-0.0808164589737661	1	1	14	Upright	Normal
-0.9571	-9.2698	-1.4180	-39.9394	101.9729	104.4815	21.0608	12.2682	19.2230	0.1775	0.3455	0.1419	-0.7090	-0.2772	0.3053	-0.5721	-0.0007	-0.0425	0.0001	-1.1346	-9.6153	-1.5598	-0.04161604629761051	1	1	14	Upright	Normal
-1.0337	-9.3847	-1.5712	-39.7590	101.9692	104.3882	20.8713	12.1210	19.6805	0.0904	0.2312	-0.0078	-0.7085	-0.2788	0.3058	-0.5716	-0.0252	-0.0435	0.0054	-1.1241	-9.6159	-1.5634	0.14495671166935864	1	1	14	Upright	Normal
-1.1486	-9.1931	-1.5329	-39.7608	102.2655	104.7344	20.7887	12.3484	19.9559	0.0000	0.4134	0.0687	-0.7102	-0.2781	0.3057	-0.5700	-0.0167	0.0449	0.0139	-1.1486	-9.6066	-1.6016	-0.18076543331671502	1	1	14	Upright	Normal
-0.9188	-9.2314	-1.5329	-40.1985	102.4572	104.9176	21.2409	12.6689	19.7752	0.2270	0.3732	0.0829	-0.7117	-0.2755	0.3030	-0.5708	0.0099	0.0960	0.0001	-1.1458	-9.6046	-1.6158	0.01226826976511397	1	1	14	Upright	Normal
-0.9571	-9.3847	-1.5329	-40.5246	102.4199	104.6891	21.0107	12.1681	20.1778	0.1457	0.2270	0.0703	-0.7114	-0.2749	0.3004	-0.5727	0.0152	0.0619	-0.0063	-1.1028	-9.6117	-1.6032	0.1543097638651485	1	1	14	Upright	Normal
-1.1103	-9.3081	-1.5712	-40.7382	102.5240	104.7727	21.0957	11.9936	19.8198	-0.0111	0.3027	0.0401	-0.7122	-0.2738	0.2990	-0.5731	-0.0103	0.0513	0.0160	-1.0992	-9.6108	-1.6113	-0.05226414124689427	1	1	14	Upright	Normal
-1.0337	-9.3081	-1.5329	-41.0481	102.6123	104.8729	20.4666	12.3622	19.9655	0.0637	0.3024	0.0820	-0.7130	-0.2719	0.2973	-0.5738	0.0088	0.0609	0.0075	-1.0974	-9.6105	-1.6149	-0.014905002779872945	1	1	14	Upright	Normal
-1.0720	-9.3464	-1.5712	-41.2720	102.6763	104.8973	20.2817	12.5512	19.9370	0.0159	0.2647	0.0462	-0.7135	-0.2708	0.2958	-0.5745	0.0046	0.0417	0.0182	-1.0879	-9.6111	-1.6174	0.04803532436087821	1	1	14	Upright	Normal
-1.0337	-9.4230	-1.4946	-41.4148	102.7909	105.0444	19.9139	12.0256	20.2245	0.0617	0.1854	0.1338	-0.7143	-0.2697	0.2950	-0.5744	-0.0178	0.0385	0.0171	-1.0953	-9.6084	-1.6284	0.05865021582207319	1	1	14	Upright	Normal
-0.8805	-9.3081	-1.4180	-41.4488	102.7955	105.0772	20.7323	12.0320	20.7567	0.2189	0.2999	0.2099	-0.7145	-0.2693	0.2950	-0.5744	-0.0082	0.0012	0.0033	-1.0994	-9.6079	-1.6279	-0.14005915976541772	2	1	15	Upright	Normal
-0.9571	-9.3464	-1.4946	-41.3721	102.7252	104.9850	20.9637	12.1469	20.0727	0.1371	0.2634	0.1264	-0.7140	-0.2700	0.2954	-0.5745	-0.0135	-0.0425	0.0033	-1.0942	-9.6097	-1.6210	0.05684466101922858	2	1	15	Upright	Normal
-1.1869	-9.3081	-1.6478	-41.2122	102.6929	104.9569	21.0841	11.8425	20.5735	-0.0893	0.3014	-0.0268	-0.7136	-0.2709	0.2963	-0.5741	-0.0050	-0.0275	0.0033	-1.0976	-9.6094	-1.6210	0.013635683005093213	2	1	15	Upright	Normal
-1.1486	-9.3464	-1.6095	-41.2646	102.7153	104.9995	20.7213	11.7627	20.1342	-0.0479	0.2623	0.0130	-0.7139	-0.2704	0.2961	-0.5741	-0.0018	0.0001	0.0118	-1.1007	-9.6087	-1.6225	0.02621931164648217	2	1	15	Upright	Normal
-1.0343	-9.2320	-1.5706	-41.2467	102.9201	105.2451	20.4052	12.0256	19.8638	0.0844	0.3702	0.0781	-0.7149	-0.2700	0.2961	-0.5729	-0.0146	0.0108	0.0150	-1.1187	-9.6022	-1.6487	-0.13167836546428724	2	1	15	Upright	Normal
-0.9571	-9.3081	-1.6861	-41.2823	102.9881	105.2846	20.6050	12.5539	19.6876	0.1592	0.2931	-0.0298	-0.7153	-0.2699	0.2957	-0.5728	-0.0039	0.0246	0.0043	-1.1163	-9.6012	-1.6563	0.08628362868644324	2	1	15	Upright	Normal
-1.1875	-9.3853	-1.7238	-41.2463	103.1343	105.4695	20.8229	12.5718	20.5239	-0.0561	0.2108	-0.0482	-0.7160	-0.2697	0.2959	-0.5718	-0.0306	0.0119	0.0341	-1.1314	-9.5961	-1.6756	0.10802251787411521	2	1	15	Upright	Normal
-1.0720	-9.2698	-1.6478	-41.3775	103.3446	105.7614	20.0798	11.9717	20.0208	0.0799	0.3198	0.0507	-0.7174	-0.2682	0.2954	-0.5711	-0.0124	0.0450	0.0224	-1.1519	-9.5895	-1.6985	-0.1399481279476369	2	1	15	Upright	Normal
-1.0343	-9.2703	-1.6472	-41.4506	103.4937	105.8913	20.0901	12.1751	20.3082	0.1199	0.3160	0.0679	-0.7182	-0.2677	0.2947	-0.5707	-0.0135	0.0194	0.0054	-1.1542	-9.5864	-1.7151	-0.003806166976888292	2	1	15	Upright	Normal
-1.1875	-9.2320	-1.7238	-41.4694	103.5040	105.9047	20.3413	11.4889	20.7649	-0.0328	0.3542	-0.0079	-0.7183	-0.2676	0.2946	-0.5707	-0.0135	0.0023	0.0075	-1.1548	-9.5862	-1.7159	-0.00580995503574222	3	1	16	Upright	Normal
Total time: 11 seconds.
