0.4220	-9.7677	0.6123	84.5739	6.7637	-75.0045	27.8135	17.7312	9.4343	0.5312	-0.0049	-0.3078	-0.5594	-0.3743	0.4181	0.6100	-0.1527	-0.1599	-0.0424	-0.1092	-9.7628	0.9201	0.06038573402151215	6	0	1	Upright	Normal
0.5752	-10.0359	0.2292	86.3252	-7.1145	-62.3914	28.0521	17.3940	9.5070	0.4975	-0.2493	-0.3932	-0.5606	-0.3924	0.4134	0.6007	-0.3828	-0.1705	-0.1466	0.0777	-9.7866	0.6225	0.25901614945146534	6	0	1	Upright	Normal
-0.0760	-10.8787	-0.6518	84.5488	-129.2889	62.4551	27.0194	17.2545	11.1070	-0.7964	-1.1161	-0.0624	-0.5930	-0.4224	0.3556	0.5861	-1.6430	0.4015	-0.8497	0.7204	-9.7625	-0.5894	0.8434913483670599	6	0	1	Upright	Normal
0.4986	-10.0742	-1.7627	74.9759	-146.0600	79.5187	25.4533	17.6276	15.2242	-0.9206	-0.6027	0.3463	-0.6219	-0.4698	0.2994	0.5503	-1.2946	0.1032	-0.6984	1.4192	-9.4715	-2.1090	-0.6590790240608193	6	0	1	Upright	Normal
2.2601	-7.9296	-2.3367	67.0998	-141.0056	70.5663	22.9944	17.1192	15.7173	-0.1408	1.1043	0.6288	-0.6044	-0.5347	0.2646	0.5280	-0.3423	-1.0494	-0.7048	2.4009	-9.0339	-2.9655	-1.669285975178564	6	0	1	Upright	Normal
0.4980	-5.8610	-3.3327	66.2874	-147.7245	71.1630	24.4298	17.6232	13.7983	-1.6079	3.1178	0.0016	-0.5916	-0.5657	0.2917	0.4949	0.1989	-0.7010	0.1996	2.1058	-8.9789	-3.3344	-1.8094719548424436	6	0	1	Upright	Normal
4.6352	-9.8067	-5.8227	66.6224	-146.1382	68.8806	25.4037	18.4619	12.7255	2.4672	-0.8049	-2.5916	-0.5840	-0.5689	0.2957	0.4978	0.3150	-0.0289	-0.2383	2.1679	-9.0017	-3.2311	5.550344699503004	6	0	1	Upright	Normal
2.8730	-7.1635	-4.7501	66.1878	-142.2453	62.7929	25.3526	18.8799	12.0851	0.4489	1.8085	-1.6198	-0.5638	-0.5846	0.2998	0.5005	0.3821	-0.2835	0.2070	2.4241	-8.9720	-3.1303	-3.2482389400234304	6	0	1	Upright	Normal
0.6512	-5.1715	-0.3831	71.5018	-138.5991	62.0331	25.7962	18.5490	11.5899	-1.4061	4.1287	1.9505	-0.5682	-0.5442	0.3206	0.5275	1.2450	0.7062	0.9932	2.0574	-9.3001	-2.3336	-3.83634442654457	6	0	1	Upright	Normal
-0.5363	-12.6797	3.5626	84.7250	-96.9102	25.4724	26.1918	19.0941	8.7517	-1.4310	-2.9145	3.6711	-0.5578	-0.4409	0.3839	0.5892	-0.3125	1.3709	0.5170	0.8947	-9.7652	-0.1085	7.955199462615794	6	1	2	Jump	Normal
0.6129	-9.6534	1.6089	86.9816	-25.4652	-45.3132	26.7219	17.3960	10.6786	0.3921	0.1398	1.1452	-0.5579	-0.4063	0.4126	0.5944	1.2908	-1.1825	0.2315	0.2209	-9.7932	0.4637	-3.3758677552643714	6	1	2	PT	Normal
1.0343	-8.0062	-1.4174	81.5988	-1.9492	-65.1776	27.3857	17.3376	8.8642	0.9855	1.6954	-2.8484	-0.5435	-0.3628	0.4170	0.6317	1.7903	2.6130	-0.1715	0.0488	-9.7016	1.4310	-1.6095094447891416	6	1	2	PT	Normal
2.4134	-10.3046	1.2641	80.3765	-2.1766	-60.3447	26.0282	18.3990	10.5023	2.3511	-0.6358	-0.3732	-0.5505	-0.3369	0.3945	0.6541	-0.0078	-0.2291	-0.2578	0.0622	-9.6688	1.6373	2.462448192622901	6	1	2	PT	Normal
5.4402	-13.2920	0.6123	79.1514	-34.9303	-27.7451	25.1673	18.9076	10.5598	4.3835	-3.6606	-0.9008	-0.5345	-0.3703	0.3619	0.6680	-0.6576	-0.0076	-0.7670	1.0567	-9.6314	1.5131	3.7165856310884244	6	1	2	Jump	Normal
-5.3241	-13.5985	0.1143	79.9222	-113.2170	51.5591	22.9932	17.6278	13.8845	-6.9007	-3.9430	0.7907	-0.5966	-0.4225	0.2994	0.6131	-0.3178	0.9480	-0.5113	1.5766	-9.6555	-0.6764	0.22879670682874398	0	1	2	Upright	Normal
0.8811	-6.8953	0.8428	64.5812	-134.1225	67.1709	20.6309	15.1671	16.7046	-2.1404	1.9622	3.7731	-0.6041	-0.5333	0.2276	0.5466	-2.1980	-1.9027	-1.9430	3.0215	-8.8575	-2.9304	-7.601779536326355	0	0	2	Upright	Normal
-0.4214	-3.1412	-2.5666	59.5451	-144.7047	69.8497	21.7443	14.8431	16.6335	-3.2932	5.3126	1.4904	-0.5970	-0.5920	0.2373	0.4867	0.4310	-0.3868	0.2436	2.8718	-8.4538	-4.0570	-2.9240182459227286	0	0	2	Upright	Normal
4.2521	-14.4035	-6.8953	63.3664	-152.2166	72.0292	24.1536	14.2146	13.2732	2.2030	-5.6373	-3.0059	-0.5877	-0.5940	0.2923	0.4650	-0.5725	-0.0044	-0.6299	2.0491	-8.7662	-3.8894	12.447069952145407	0	0	2	Upright	Normal
-1.6849	-12.9472	-0.7667	69.9910	-146.7322	67.9196	24.9484	14.1431	11.4164	-3.5255	-3.7324	2.0390	-0.5746	-0.5593	0.3248	0.5015	2.4550	1.7107	1.6402	1.8405	-9.2148	-2.8057	-3.446458835438765	0	0	2	Upright	Normal
-1.9148	-5.5539	1.7615	80.9846	-141.3831	66.1541	25.5425	14.1851	11.0354	-2.8736	4.1316	2.9622	-0.5716	-0.4842	0.3763	0.5452	0.7677	0.5847	0.6516	0.9589	-9.6856	-1.2007	-6.9457460160014755	0	1	3	Jump	Normal
1.4563	-9.4996	0.7655	86.6319	-63.0807	-12.5824	26.0493	13.1205	9.0888	0.9429	0.2901	0.5049	-0.5395	-0.4424	0.4247	0.5770	1.1916	-0.4219	-0.1069	0.5134	-9.7897	0.2607	3.507898331643844	0	1	3	Jump	Normal
0.1921	-7.1245	0.3442	82.0827	-32.2263	-33.5218	24.3173	15.1983	10.2859	-0.5276	2.5889	-0.7976	-0.5437	-0.3824	0.3835	0.6412	0.9967	1.9770	-0.4075	0.7198	-9.7134	1.1417	-2.5056211441642287	0	1	3	PT	Normal
2.3750	-11.2623	0.8428	80.8124	-13.7219	-43.4128	21.8911	14.5080	12.9040	2.0038	-1.5814	-0.6779	-0.5643	-0.3226	0.3516	0.6737	-0.2337	0.4612	-0.0037	0.3713	-9.6810	1.5206	4.405415586039529	0	1	3	Jump	Normal
5.0572	-13.6751	0.0760	79.5477	-53.9962	0.1539	20.8683	14.1376	14.3891	3.6185	-4.0309	-0.9694	-0.5705	-0.3481	0.2895	0.6852	-1.9094	1.4039	-1.1010	1.4386	-9.6441	1.0454	3.039634970015479	0	1	3	PT	Normal
-2.3744	-15.3606	-0.8434	76.0088	-115.3222	62.1132	18.1591	11.4742	17.9977	-4.5174	-5.8447	0.1707	-0.6256	-0.4004	0.2282	0.6295	-1.1594	-0.5860	-0.5918	2.1430	-9.5159	-1.0141	0.9854504984588157	0	1	3	PT	Normal
1.3414	-4.2515	-0.1921	64.6301	-133.7897	75.5181	17.5438	9.5562	19.9851	-1.6917	4.6096	2.7155	-0.6418	-0.4861	0.1857	0.5633	-2.0447	-3.0127	-1.8786	3.0330	-8.8611	-2.9076	-11.103665385847465	0	1	3	Jump	Normal
-1.4940	-4.1755	-0.6129	62.6632	-146.8555	75.2813	22.0501	8.3578	16.7641	-3.9561	4.5361	3.1577	-0.6174	-0.5577	0.2459	0.4973	0.8827	-0.3037	0.3820	2.4621	-8.7116	-3.7706	0.014651569671435993	0	1	3	Tilt	Normal
5.2487	-16.8546	-11.6843	66.3411	-150.8990	73.1395	24.7976	9.3320	14.0909	3.3348	-7.8721	-8.2458	-0.5931	-0.5688	0.3000	0.4844	-0.4819	0.3450	-1.0913	1.9139	-8.9824	-3.4385	16.69265405398415	0	0	3	Tilt	Normal
-0.7661	-14.5184	1.1875	76.4833	-141.4789	67.7756	25.2780	10.3343	14.3425	-2.1932	-4.9832	2.9803	-0.5829	-0.5016	0.3406	0.5409	1.5581	0.6050	1.5229	1.4271	-9.5352	-1.7928	-6.582522003455567	0	0	3	Tilt	Normal
-1.2635	-6.0903	1.4551	82.8183	-126.5807	51.6811	25.8469	10.1023	13.0204	-2.2476	3.6396	2.1855	-0.5596	-0.4734	0.3849	0.5609	0.7879	0.0585	0.8241	0.9840	-9.7299	-0.7304	-8.199096546376737	0	1	4	Jump	Normal
0.5746	-8.7340	0.4980	85.3534	-34.0610	-36.4465	26.0029	9.8807	13.7950	0.1306	1.0406	-0.1586	-0.5483	-0.4073	0.4085	0.6055	1.2364	1.4838	-0.1112	0.4440	-9.7746	0.6566	2.379117929558846	0	1	4	PT	Normal
0.9200	-9.4230	0.1909	79.8596	-7.3771	-52.9704	23.4953	10.3705	14.7684	0.6984	0.2306	-1.5209	-0.5513	-0.3298	0.3782	0.6665	1.1831	2.8133	0.4267	0.2216	-9.6536	1.7119	0.7026930867811938	0	1	4	PT	Normal
4.2144	-9.5379	0.6889	80.0436	-11.6274	-43.6150	21.0570	10.4380	17.5339	3.8728	0.1212	-0.9711	-0.5652	-0.3097	0.3435	0.6831	-0.0761	-0.2089	-0.4426	0.3416	-9.6591	1.6601	0.9804993659874519	0	1	4	PT	Normal
5.7467	-12.2577	-0.8051	79.4101	-34.3126	-19.2600	19.9098	9.5023	18.8897	4.7311	-2.6179	-2.2930	-0.5639	-0.3259	0.3088	0.6932	-0.8697	1.3560	-0.5693	1.0156	-9.6398	1.4880	3.1116276171613624	0	1	4	PT	Normal
-2.3361	-16.3949	-0.9583	77.1832	-110.7825	57.5434	19.8826	7.4007	20.3004	-4.3699	-6.8325	-0.1863	-0.6202	-0.3934	0.2363	0.6362	-1.2873	-0.3889	-0.4394	2.0337	-9.5624	-0.7720	3.0263449103638376	0	1	4	PT	Normal
1.1115	-5.4007	0.5357	66.7997	-131.8000	71.6644	20.5638	5.4137	20.7349	-1.7683	3.6130	3.1107	-0.6284	-0.4862	0.2078	0.5705	-1.8178	-3.3919	-1.8519	2.8798	-9.0137	-2.5750	-11.048348732151684	0	1	4	Jump	Normal
-1.8381	-3.5237	-0.8051	62.8543	-144.0513	71.5238	24.8032	5.6711	16.0778	-4.4647	5.2029	2.8171	-0.6049	-0.5646	0.2486	0.5035	0.5163	-0.7447	0.0660	2.6266	-8.7266	-3.6221	-1.4848238579425015	0	1	4	PT	Normal
3.7930	-16.7780	-6.5128	69.0476	-151.8591	72.3257	27.8601	6.4511	12.3760	2.1392	-7.6197	-3.4207	-0.5828	-0.5639	0.3256	0.4861	-0.5479	-1.7887	-0.1759	1.6538	-9.1583	-3.0921	14.338032192187963	0	1	4	Jump	Normal
-1.9148	-5.7072	-0.8051	70.7387	-143.4503	67.6713	28.4580	7.3213	10.0745	-3.8410	3.5508	1.7936	-0.5819	-0.5421	0.3142	0.5184	2.0652	1.9206	1.2420	1.9263	-9.2579	-2.5986	-12.319612484914762	0	1	4	Jump	Normal
-0.3065	-6.5888	2.5283	81.0696	-124.7862	49.7306	27.6797	7.3544	10.3748	-1.5565	3.0990	3.3968	-0.5564	-0.4844	0.3744	0.5617	0.8763	-0.4326	0.4985	1.2501	-9.6878	-0.8685	0.9904404450914264	0	2	5	PT	Normal
-0.0383	-10.0365	0.8428	87.2663	-59.9315	-12.5453	27.9426	6.8603	9.7668	-0.4429	-0.2409	0.6086	-0.5547	-0.4247	0.4111	0.5856	0.9669	1.3411	0.0596	0.4046	-9.7956	0.2342	3.0080080406294396	0	2	5	PT	Normal
0.6129	-6.8187	0.7661	81.6694	-26.0911	-39.5494	27.3770	7.3819	10.4748	-0.0115	2.8847	-0.5089	-0.5417	-0.3763	0.3883	0.6436	1.0872	1.2814	-0.2173	0.6244	-9.7034	1.2751	-3.1829767545734198	0	2	5	PT	Normal
1.9537	-12.3349	-0.3831	79.6685	-4.1159	-53.9705	24.1542	9.1471	13.0446	1.8275	-2.6872	-2.1370	-0.5579	-0.3151	0.3687	0.6734	-0.6450	0.2311	0.2290	0.1261	-9.6477	1.7539	5.6056170803287	0	2	5	Jump	Normal
5.2481	-12.5648	-0.8428	79.9165	-38.9651	-15.9571	24.2051	9.0145	13.1157	4.1689	-2.9094	-2.1771	-0.5641	-0.3372	0.3125	0.6859	-1.6175	1.4582	-0.6786	1.0792	-9.6554	1.3343	1.1483020853365016	0	2	5	PT	Normal
-0.1915	-13.3692	0.9960	76.3508	-109.4042	52.9922	22.0063	9.1939	15.5464	-2.3739	-3.8394	1.7648	-0.6059	-0.4149	0.2488	0.6316	-1.4737	-1.1975	-1.1548	2.1823	-9.5298	-0.7688	-0.23522260467156997	0	2	5	Upright	Normal
0.8045	-8.2744	1.8387	65.9055	-129.9006	71.3003	20.2050	8.3401	17.5096	-2.2667	0.6780	4.4067	-0.6302	-0.4835	0.1934	0.5759	-1.9723	-3.2257	-2.0049	3.0712	-8.9524	-2.5679	-4.89329191829551	0	0	5	Upright	Normal
-1.1492	-3.8690	-0.6512	59.2440	-144.7050	71.1545	21.5083	9.0038	14.4937	-4.0466	4.5586	3.4418	-0.6038	-0.5866	0.2298	0.4884	0.0901	-1.2230	-0.2195	2.8974	-8.4276	-4.0930	-4.426063386510444	0	0	5	Upright	Normal
0.7278	-7.3167	-3.4860	66.7113	-151.8772	71.7180	23.1369	9.2251	12.8595	-1.0997	1.6911	-0.0666	-0.5829	-0.5784	0.3134	0.4769	0.7058	-2.0518	0.6572	1.8275	-9.0077	-3.4194	4.049059113397107	0	0	5	Upright	Normal
-0.7655	-3.2938	-1.2647	67.0100	-144.8631	65.7662	23.8458	8.9810	9.8153	-2.9699	5.7340	1.8676	-0.5715	-0.5771	0.3053	0.4971	1.5506	1.6532	0.3739	2.2043	-9.0278	-3.1324	-4.526977805679047	0	1	6	Jump	Normal
-0.2676	-7.6992	2.1446	78.8415	-130.0588	53.1657	22.5419	10.4213	10.9617	-1.7201	1.9222	3.3661	-0.5531	-0.5063	0.3689	0.5492	0.5907	-0.9077	-0.4442	1.4525	-9.6214	-1.2215	4.386444074221715	0	1	6	Jump	Normal
-1.8387	-9.6151	1.2258	85.7723	-122.2327	47.1349	23.1187	10.4238	9.7943	-2.4488	0.1651	1.6105	-0.5578	-0.4566	0.4047	0.5626	0.9295	1.1642	1.0525	0.6101	-9.7802	-0.3847	1.8689897457075801	0	1	6	PT	Normal
0.1149	-7.3933	1.1492	85.0990	-30.8870	-36.8686	22.3991	10.7640	11.5623	-0.3147	2.3776	0.4311	-0.5563	-0.3923	0.3954	0.6167	0.8507	1.2803	-0.1886	0.4296	-9.7709	0.7181	-2.3828128270340754	0	1	6	PT	Normal
1.1109	-8.5808	1.1109	79.5201	-0.8191	-55.7186	19.3119	11.8157	13.2554	1.0855	1.0624	-0.6723	-0.5629	-0.3037	0.3633	0.6775	1.4227	1.2122	0.5159	0.0254	-9.6432	1.7832	1.2404716582531679	0	1	6	PT	Normal
4.3293	-10.4190	1.0337	80.5984	-7.1888	-47.2457	17.8733	12.3784	14.3248	4.1290	-0.7440	-0.5555	-0.5723	-0.3025	0.3422	0.6811	-0.2807	0.4622	-0.1701	0.2004	-9.6750	1.5892	2.6064774314094628	0	1	6	PT	Normal
4.3676	-14.0965	-0.6901	80.5437	-50.9109	-6.7856	17.9048	11.6816	14.9036	3.1175	-4.4228	-1.7056	-0.5632	-0.3619	0.3181	0.6712	-2.0277	-0.1631	-0.9936	1.2501	-9.6736	1.0154	3.443830333527366	0	1	6	PT	Normal
-3.8301	-15.4372	-1.7244	77.3922	-112.5281	58.9981	16.6362	9.6232	17.2732	-5.8065	-5.8668	-0.9046	-0.6218	-0.3939	0.2391	0.6333	-1.4717	2.5075	0.1527	1.9764	-9.5704	-0.8199	1.2247051696302051	0	1	6	PT	Normal
1.5329	-6.0903	-0.0772	63.9086	-132.9058	69.1765	17.0395	7.1397	19.3391	-1.6261	2.7173	2.8590	-0.6156	-0.5203	0.2070	0.5545	-1.7114	-2.8603	-2.2399	3.1590	-8.8075	-2.9362	-9.717724199539028	0	1	6	Jump	Normal
-1.8765	-4.4047	-0.6901	60.0668	-143.2191	68.0104	20.4920	7.3479	17.2434	-4.8064	4.0939	3.2292	-0.5904	-0.5927	0.2410	0.4920	0.5022	-0.9248	0.0112	2.9299	-8.4987	-3.9193	-1.4434863466338834	0	1	6	PT	Normal
2.7198	-14.0588	-6.3590	67.1706	-152.1476	70.4638	23.5062	8.5929	14.3988	0.9423	-5.0202	-2.9948	-0.5752	-0.5837	0.3229	0.4735	-0.4608	-1.3477	0.2871	1.7775	-9.0386	-3.3642	10.83069257361418	0	1	6	Jump	Normal
-1.9920	-3.6775	-1.7238	69.8889	-144.0303	66.1991	24.8300	8.3354	12.6992	-3.9723	5.5315	1.0048	-0.5739	-0.5565	0.3182	0.5095	1.7581	2.2540	1.6858	1.9803	-9.2090	-2.7286	-11.144264223102851	0	2	7	Jump	Normal
-1.1492	-6.8187	3.2561	80.5850	-125.6171	47.1517	24.6438	8.0074	12.4058	-2.4526	2.8561	4.1899	-0.5422	-0.5036	0.3878	0.5495	0.8931	-0.1247	-0.0975	1.3033	-9.6748	-0.9337	3.1194688764240155	0	2	7	PT	Normal
0.0000	-11.5305	0.7278	86.0874	-79.3215	7.4970	23.9209	9.0395	12.6275	-0.6574	-1.7466	0.6039	-0.5548	-0.4311	0.3979	0.5899	0.5267	1.8087	-0.0186	0.6574	-9.7839	0.1239	3.1194688764240155	0	2	7	PT	Normal
0.0006	-7.5842	1.0720	82.4786	-33.7950	-31.4547	22.1699	9.3466	14.5030	-0.7132	2.1382	0.0055	-0.5479	-0.3814	0.3795	0.6406	0.5800	1.0172	-0.0005	0.7138	-9.7224	1.0665	0.016451830450458615	0	2	7	Upright	Normal
3.0652	-10.5339	1.7232	80.1627	-11.2064	-43.8618	20.3823	9.7421	15.9310	2.7397	-0.8713	0.0801	-0.5665	-0.3086	0.3427	0.6829	-1.0403	0.6987	-0.1943	0.3255	-9.6625	1.6432	3.4457236655694965	0	0	7	Upright	Normal
5.8999	-12.0662	-0.8434	79.6125	-35.1030	-20.8428	19.4600	10.0772	16.4450	4.8834	-2.4201	-2.2895	-0.5584	-0.3383	0.3224	0.6854	-0.2552	0.4952	-0.3179	1.0165	-9.6461	1.4461	2.352524688007742	0	0	7	Upright	Normal
0.0772	-12.2194	1.0720	76.5273	-103.6808	49.0028	18.5040	7.8832	18.0477	-2.1425	-2.6826	1.6123	-0.6042	-0.4031	0.2419	0.6434	-1.4930	-1.6001	-1.2735	2.2197	-9.5369	-0.5403	-1.191259189100915	0	0	7	Upright	Normal
0.3454	-9.0399	0.9954	67.8623	-125.9983	70.7795	18.2720	6.3559	19.9681	-2.6442	0.0440	3.1674	-0.6347	-0.4559	0.1873	0.5951	-1.9543	-2.6878	-2.1992	2.9896	-9.0839	-2.1720	-3.1654821822542623	0	0	7	Upright	Normal
-1.6849	-2.4511	-0.9200	59.9974	-141.4787	70.2488	21.9706	7.2337	17.2932	-4.7389	6.0418	2.9164	-0.6053	-0.5738	0.2217	0.5052	0.1315	-0.8907	-0.1722	3.0540	-8.4928	-3.8364	-5.987706742301397	0	0	7	Upright	Normal
4.0995	-16.8163	-7.1641	66.4901	-149.9685	70.5287	25.3339	8.5791	13.1173	2.1418	-7.8235	-3.7773	-0.5823	-0.5775	0.3072	0.4826	-0.0134	-1.9485	-0.0582	1.9577	-8.9928	-3.3867	15.619422499195938	0	0	7	Upright	Normal
-2.3744	-5.8987	-2.8736	66.3917	-148.5599	68.2756	26.8409	10.3141	10.3390	-4.4228	3.0873	0.4770	-0.5748	-0.5835	0.3090	0.4834	1.2266	0.8691	0.6321	2.0484	-8.9860	-3.3507	-11.754986530891678	0	1	8	Jump	Normal
0.0000	-18.8855	2.6432	76.0591	-143.0110	66.2354	27.0794	10.6656	9.4394	-1.4214	-9.3676	4.5303	-0.5718	-0.5189	0.3528	0.5285	2.0639	0.2630	-0.3373	1.4214	-9.5178	-1.8871	-11.754986530891678	0	1	8	Jump	Normal
-0.4980	-9.2320	1.4557	82.2725	-136.2128	56.6675	27.7909	11.8061	7.9247	-1.4100	0.4857	2.4072	-0.5476	-0.4987	0.4040	0.5369	0.3743	0.4963	0.8292	0.9120	-9.7178	-0.9515	2.38149821784494	0	1	8	PT	Normal
0.3071	-7.7375	0.9188	83.2356	-81.2436	15.2953	26.4924	12.5891	10.1531	-0.8338	2.0011	0.7431	-0.5644	-0.4153	0.3531	0.6199	0.2272	1.4401	-0.2702	1.1408	-9.7386	0.1757	-1.5614105879631648	0	1	8	PT	Normal
1.4563	-10.3424	-0.0389	84.5946	-52.8784	-10.3699	25.1722	12.9953	11.8317	0.7205	-0.5791	-0.5957	-0.5704	-0.3825	0.3583	0.6324	0.5852	0.4952	0.2870	0.7358	-9.7633	0.5568	2.6465878533490397	0	1	8	PT	Normal
2.1069	-9.0022	0.9194	84.2581	-66.3889	6.9892	25.2278	13.4618	13.7288	1.2091	0.7555	0.5270	-0.5851	-0.3711	0.3288	0.6418	-0.0029	0.0542	-0.0614	0.8978	-9.7577	0.3923	-1.1534313996745578	0	1	8	PT	Normal
4.2527	-13.4452	-0.7284	81.0280	-73.6865	18.3875	24.6267	14.2970	14.9827	2.7861	-3.7583	-1.1576	-0.5861	-0.3669	0.2874	0.6628	-0.8710	1.0236	-0.7187	1.4666	-9.6869	0.4292	4.8294647602562595	0	1	8	Jump	Normal
-2.2978	-11.0702	0.1909	79.1025	-112.5521	53.1311	24.7563	15.4008	16.1038	-4.0095	-1.4403	0.9019	-0.6030	-0.4155	0.2823	0.6197	-0.5078	-0.2302	-0.0624	1.7117	-9.6299	-0.7109	-2.812762342065252	0	1	8	PT	Normal
-2.0297	-9.0016	0.1909	75.2953	-132.5647	75.6623	23.0370	14.3253	18.9563	-3.8629	0.4839	1.8747	-0.6387	-0.4219	0.2463	0.5945	-1.2396	-2.3820	-1.1329	1.8332	-9.4855	-1.6837	-2.07820130875629	0	1	8	PT	Normal
0.3071	-6.8564	-2.1075	70.7728	-139.2597	73.9987	23.7201	14.8928	18.2526	-1.8003	2.4035	0.3391	-0.6209	-0.4891	0.2628	0.5533	0.3551	-1.4286	-0.0442	2.1073	-9.2599	-2.4466	-2.050007935408506	0	2	9	PT	Normal
2.2990	-10.4573	-2.9119	74.0455	-140.7599	72.5009	26.2902	15.8517	15.4165	0.5941	-1.0283	-0.8244	-0.6077	-0.4869	0.2989	0.5516	0.3860	0.1448	-0.2647	1.7050	-9.4290	-2.0876	3.9163708030499054	0	2	9	Jump	Normal
-2.4128	-10.1891	-2.3373	77.6527	-150.5128	79.9006	26.5685	16.3117	14.3916	-3.4450	-0.6092	-0.5119	-0.6061	-0.4751	0.3375	0.5413	1.0049	-0.4497	0.9561	1.0322	-9.5799	-1.8254	-0.36735538291980063	0	2	9	Upright	Normal
1.3024	-11.9135	0.4597	79.7016	-143.6529	72.3316	27.9598	17.0844	13.5654	0.2637	-2.2648	1.8714	-0.5918	-0.4709	0.3502	0.5526	-0.7965	-1.3615	0.0379	1.0388	-9.6488	-1.4117	1.2647159340616874	0	0	9	Upright	Normal
0.9194	-10.2280	0.3448	81.3679	-138.9447	68.4641	28.0557	17.1596	13.0065	-0.0471	-0.5324	1.4546	-0.5885	-0.4585	0.3552	0.5633	0.1346	0.2534	-0.7334	0.9665	-9.6956	-1.1099	-1.718265714133386	0	0	9	Upright	Normal
0.3837	-8.9250	-1.6095	77.7473	-135.7367	62.9204	27.9830	18.6233	12.4548	-1.0687	0.6584	-0.1191	-0.5781	-0.4918	0.3428	0.5536	-0.4705	-0.3165	-0.3439	1.4524	-9.5834	-1.4904	-1.1979481080958418	0	0	9	Upright	Normal
1.6855	-7.6614	-2.1835	71.2791	-135.7559	65.4334	26.6380	18.0062	14.7798	-0.5103	1.6266	0.0709	-0.5915	-0.5148	0.2888	0.5492	-0.7390	0.7413	-0.9234	2.1958	-9.2880	-2.2544	-0.9342510468325251	0	0	9	Upright	Normal
1.4940	-9.5385	-3.2561	64.2354	-134.1592	66.0463	24.0640	18.2689	17.2367	-1.5639	-0.7066	-0.2867	-0.5987	-0.5412	0.2308	0.5434	-0.9659	0.3461	-1.0992	3.0578	-8.8319	-2.9694	2.046245737691901	0	0	9	Upright	Normal
3.8307	-6.9336	-3.4860	56.2647	-133.3422	68.0455	21.4070	18.3877	19.1832	-0.1300	1.2219	0.2520	-0.6078	-0.5667	0.1635	0.5317	-0.9627	0.1991	-0.8286	3.9608	-8.1555	-3.7379	-1.5345208806182793	0	0	9	Upright	Normal
3.7547	-6.2435	-5.0572	48.1039	-137.1832	71.5986	19.7203	17.3332	21.8559	-0.6961	1.0563	-0.2535	-0.6180	-0.6025	0.1128	0.4923	-1.2354	-0.3495	-0.6326	4.4508	-7.2998	-4.8037	0.21417632348419424	0	0	9	Tilt	Normal
4.9422	-6.6649	-5.8616	40.4336	-140.1139	74.9259	20.2469	15.9503	23.5698	0.1556	-0.3045	-0.1339	-0.6301	-0.6285	0.0632	0.4516	-1.2216	-0.1588	-0.7280	4.7866	-6.3603	-5.7277	1.2902376874962513	0	0	10	Tilt	Normal
4.2910	-5.7072	-7.1641	33.1898	-143.1092	77.9245	20.6926	13.8809	25.4339	-0.6354	-0.3388	-0.6003	-0.6419	-0.6501	0.0200	0.4061	-1.1428	-0.0459	-0.4212	4.9264	-5.3684	-6.5637	-0.044167539940641376	0	0	10	Tilt	Normal
5.0188	-4.0983	-7.4705	26.6809	-144.4072	79.6227	20.1273	11.4803	26.9666	-0.0811	0.3053	-0.3451	-0.6473	-0.6665	-0.0216	0.3691	-0.9009	-0.1514	-0.6246	5.0999	-4.4035	-7.1254	-0.22577483815696198	0	0	10	Tilt	Normal
4.4825	-3.3321	-7.5854	20.5223	-146.9479	81.5709	20.0595	10.1689	27.9594	-0.5266	0.1059	0.1127	-0.6546	-0.6812	-0.0535	0.3235	-0.8818	-0.2355	-0.2901	5.0091	-3.4381	-7.6981	-0.46915125504258093	0	0	10	Tilt	Normal
5.4402	-2.5277	-8.6580	15.2648	-147.3714	83.0024	20.4994	8.2642	29.6654	0.3392	0.0543	-0.6903	-0.6583	-0.6877	-0.0890	0.2930	-0.8147	-0.0001	-0.3892	5.1010	-2.5820	-7.9678	1.1132188066039586	0	0	10	Tilt	Normal
5.4402	-1.8765	-9.0411	11.0718	-148.1820	84.6720	20.1507	5.9200	30.0241	0.3662	0.0069	-0.8633	-0.6642	-0.6898	-0.1152	0.2642	-0.6400	-0.1184	-0.2234	5.0741	-1.8833	-8.1778	0.18411518757499934	0	0	10	Tilt	Normal
5.3630	-1.5323	-8.6957	7.9449	-148.2626	85.0735	19.9991	5.0066	30.1812	0.2541	-0.1767	-0.4354	-0.6627	-0.6943	-0.1353	0.2460	-0.3119	0.0414	-0.3811	5.1089	-1.3556	-8.2603	-0.3864315222885413	0	0	10	Tilt	Normal
5.4402	-0.6506	-8.7346	5.1348	-147.8682	84.4722	19.1188	4.6106	31.3478	0.2454	0.2271	-0.4634	-0.6545	-0.7024	-0.1540	0.2336	-0.2363	0.1512	-0.2852	5.1948	-0.8778	-8.2712	-0.019989349815675794	0	0	10	Tilt	Normal
5.2104	-0.5357	-8.6580	3.7743	-147.5302	84.0692	18.6833	4.1581	31.9298	-0.0429	0.1100	-0.4022	-0.6494	-0.7066	-0.1636	0.2287	-0.0200	0.0617	-0.1052	5.2533	-0.6457	-8.2558	-0.19168415491177804	0	0	10	Tilt	Normal
5.0955	-0.6506	-8.3516	3.8946	-147.3243	83.4554	18.4167	4.4248	31.9928	-0.1867	0.0156	-0.1160	-0.6455	-0.7094	-0.1628	0.2315	0.0812	0.0255	-0.0775	5.2822	-0.6662	-8.2356	-0.3141728775295416	0	0	10	Tilt	Normal
4.9039	-0.5357	-8.1983	3.6732	-147.6849	82.9832	18.3312	4.8472	31.3791	-0.3276	0.0926	0.0726	-0.6427	-0.7132	-0.1612	0.2287	-0.0243	-0.0672	-0.0764	5.2315	-0.6283	-8.2709	-0.23689083481048634	1	0	11	Tilt	Normal
5.0572	-0.2676	-8.2367	2.8823	-148.0919	82.9037	18.5907	4.6691	31.8130	-0.1196	0.2257	0.0777	-0.6415	-0.7158	-0.1638	0.2220	-0.1510	-0.0342	-0.0636	5.1767	-0.4932	-8.3143	0.10099092209508953	1	0	11	Tilt	Normal
5.2098	-0.6512	-8.4276	1.7805	-148.4835	83.2872	18.3486	3.6894	31.8462	0.0859	-0.3464	-0.0715	-0.6426	-0.7163	-0.1693	0.2129	-0.1553	-0.0960	-0.0349	5.1239	-0.3048	-8.3561	0.2602473277014532	1	0	11	Tilt	Normal
5.0188	0.0772	-8.3899	0.9334	-148.7216	83.8320	18.6752	3.2236	31.3656	-0.0720	0.2370	-0.0096	-0.6449	-0.7151	-0.1742	0.2058	-0.1798	-0.0150	0.0120	5.0908	-0.1598	-8.3803	-0.15253098284784095	1	0	11	Tilt	Normal
5.0188	0.2687	-8.3133	0.0768	-148.7929	84.3532	19.2365	2.2109	31.2532	-0.0622	0.2821	0.0744	-0.6468	-0.7136	-0.1801	0.1998	-0.1457	-0.0129	0.0088	5.0811	-0.0133	-8.3876	-0.06224469313758263	1	0	11	Tilt	Normal
5.1332	0.1915	-8.3510	-0.7707	-148.9019	84.6902	18.7939	2.0082	32.1217	0.0685	0.0597	0.0456	-0.6476	-0.7132	-0.1854	0.1938	-0.0840	-0.0299	-0.0481	5.0646	0.1318	-8.3966	0.08986712021978072	1	0	11	Tilt	Normal
5.0955	0.3071	-8.4282	-1.1974	-148.9175	84.6311	18.7827	1.4119	31.3805	0.0337	0.1022	-0.0313	-0.6465	-0.7143	-0.1878	0.1913	-0.0296	0.0159	-0.0438	5.0618	0.2049	-8.3969	0.04921000311634671	1	0	11	Tilt	Normal
4.9422	0.1155	-8.4282	-1.2839	-148.7144	84.3078	18.7371	1.5652	31.7440	-0.1490	-0.1041	-0.0495	-0.6440	-0.7159	-0.1889	0.1926	0.0300	0.0276	-0.0343	5.0913	0.2197	-8.3787	-0.08253652108367149	1	0	11	Tilt	Normal
5.2870	0.0772	-8.2750	-1.2559	-148.3988	83.8528	19.2936	1.9912	31.7738	0.1496	-0.1377	0.0756	-0.6407	-0.7178	-0.1898	0.1955	0.0556	0.0265	-0.1333	5.1374	0.2149	-8.3505	0.04903829948285754	1	0	11	Tilt	Normal
5.0188	0.2304	-8.2367	-1.2966	-148.3296	83.2235	19.1700	2.2288	32.5471	-0.1285	0.0087	0.1076	-0.6365	-0.7213	-0.1893	0.1968	0.0492	0.0638	-0.1056	5.1474	0.2218	-8.3442	-0.172039543256151	2	0	12	Tilt	Fall
5.0572	0.2304	-8.3133	-1.6617	-148.2541	82.5383	18.8398	2.6526	31.6912	-0.1004	-0.0539	0.0227	-0.6314	-0.7255	-0.1909	0.1964	-0.0222	-0.0214	-0.1070	5.1576	0.2843	-8.3360	0.08537293380389599	2	0	12	Tilt	Normal
5.0955	0.3071	-8.3899	-2.1729	-148.3432	82.1768	19.2237	2.1189	31.5429	-0.0476	-0.0646	-0.0483	-0.6283	-0.7284	-0.1930	0.1936	-0.0691	-0.0140	-0.0931	5.1430	0.3717	-8.3415	0.08742556843551874	2	0	12	Tilt	Normal
5.0188	0.4220	-8.4665	-2.5949	-148.5047	81.9458	18.8261	2.2180	31.0566	-0.0991	-0.0220	-0.1130	-0.6263	-0.7305	-0.1944	0.1906	-0.0297	-0.0257	-0.0399	5.1179	0.4440	-8.3535	0.030459641953262562	2	0	12	Tilt	Normal
4.9039	0.3454	-8.4282	-2.7741	-148.6819	81.8291	19.2780	2.0340	31.8619	-0.1875	-0.1291	-0.0602	-0.6255	-0.7317	-0.1943	0.1886	-0.0169	-0.0257	-0.0324	5.0914	0.4745	-8.3680	-0.0941417002382785	2	0	12	Tilt	Normal
5.1715	0.4597	-8.4659	-2.8342	-148.6901	81.6443	18.7771	1.8285	31.5396	0.0816	-0.0251	-0.0976	-0.6242	-0.7328	-0.1944	0.1886	0.0023	0.0020	-0.0548	5.0899	0.4848	-8.3683	0.1739674279146488	2	0	12	Tilt	Normal
5.1338	0.4220	-8.3516	-2.8932	-148.6852	81.3761	18.8776	2.3642	31.8211	0.0434	-0.0729	0.0159	-0.6224	-0.7343	-0.1943	0.1887	0.0193	-0.0033	-0.0380	5.0904	0.4949	-8.3674	-0.11872268878101444	2	0	12	Tilt	Normal
5.0188	0.3454	-8.4665	-2.8291	-148.7000	81.0913	18.8587	2.3689	32.2826	-0.0696	-0.1386	-0.0973	-0.6207	-0.7358	-0.1934	0.1895	0.0428	0.0212	-0.0455	5.0884	0.4839	-8.3692	0.03591300226274008	2	0	12	Tilt	Normal
5.0572	0.3454	-8.2367	-2.6886	-148.6228	80.5775	18.7979	2.5908	32.1782	-0.0432	-0.1146	0.1267	-0.6175	-0.7383	-0.1920	0.1916	0.0364	-0.0012	-0.0731	5.1004	0.4600	-8.3634	-0.176819315745135	2	0	12	Tilt	Normal
5.1338	0.3071	-8.2367	-2.6537	-148.6908	80.2811	19.2664	1.9315	31.8382	0.0432	-0.1469	0.1330	-0.6158	-0.7399	-0.1910	0.1919	0.0161	0.0041	-0.0337	5.0905	0.4540	-8.3697	0.03898676980779392	2	0	12	Tilt	Normal
5.1332	0.3448	-8.4659	-2.5277	-148.6742	80.0050	18.9918	2.7382	31.6475	0.0397	-0.0877	-0.0970	-0.6142	-0.7412	-0.1898	0.1931	0.0470	0.0105	-0.0455	5.0935	0.4325	-8.3689	0.19608758884772826	3	0	13	Tilt	Normal
5.1715	0.1915	-8.3893	-2.2325	-148.5962	79.5658	18.6585	2.8711	31.9706	0.0655	-0.1903	-0.0254	-0.6118	-0.7430	-0.1876	0.1959	0.0620	0.0127	-0.0547	5.1059	0.3819	-8.3638	-0.049517955652715884	3	0	13	Tilt	Normal
4.9799	0.2682	-8.2744	-2.1368	-148.7140	79.2210	18.9792	3.4055	31.6301	-0.1092	-0.0974	0.1006	-0.6100	-0.7449	-0.1857	0.1962	0.0130	-0.0076	-0.0473	5.0892	0.3656	-8.3749	-0.19594170676078804	3	0	13	Tilt	Normal
5.1338	0.2304	-8.3516	-2.2169	-148.7327	79.0192	19.2213	3.4163	31.4249	0.0477	-0.1487	0.0245	-0.6085	-0.7462	-0.1858	0.1960	-0.0030	0.0052	-0.0366	5.0860	0.3792	-8.3761	0.14492006572988814	3	0	13	Tilt	Normal
5.0949	0.3065	-8.4659	-2.1631	-148.7596	78.7943	18.9570	3.3798	31.2001	0.0126	-0.0636	-0.0871	-0.6072	-0.7473	-0.1849	0.1965	0.0257	-0.0033	-0.0356	5.0823	0.3701	-8.3788	0.07948666392839421	3	0	13	Tilt	Normal
5.0566	0.1915	-8.3510	-2.0893	-148.7669	78.6080	18.5665	3.4309	31.5480	-0.0250	-0.1658	0.0289	-0.6062	-0.7482	-0.1841	0.1971	0.0098	0.0073	-0.0292	5.0815	0.3573	-8.3799	-0.12103537261811503	3	0	13	Tilt	Normal
5.0955	0.1921	-8.3133	-2.0024	-148.7211	78.1797	18.4867	3.3354	31.4027	0.0069	-0.1504	0.0630	-0.6034	-0.7503	-0.1830	0.1986	0.0183	0.0041	-0.0561	5.0886	0.3425	-8.3763	-0.011943078534565998	3	0	13	Tilt	Normal
5.1721	0.1921	-8.3899	-1.9321	-148.6915	77.9430	18.5341	2.7526	31.5943	0.0790	-0.1384	-0.0160	-0.6020	-0.7514	-0.1823	0.1995	0.0225	0.0148	-0.0475	5.0931	0.3305	-8.3739	0.10535036104743156	3	0	13	Tilt	Normal
4.9805	0.1155	-8.3133	-1.9772	-148.6960	77.6079	19.1589	3.3601	31.7306	-0.1116	-0.2227	0.0609	-0.5997	-0.7532	-0.1820	0.1998	0.0065	0.0105	-0.0539	5.0922	0.3382	-8.3742	-0.16615490081177953	3	0	13	Tilt	Normal
5.1338	0.1921	-8.3899	-2.0014	-148.6239	77.2592	18.5683	3.4302	31.8153	0.0311	-0.1502	-0.0223	-0.5972	-0.7549	-0.1819	0.2007	-0.0041	-0.0022	-0.0688	5.1026	0.3424	-8.3676	0.1461141980430778	3	0	13	Tilt	Normal
5.1338	0.1538	-8.3133	-2.0599	-148.5708	77.0049	18.9482	3.5087	31.4191	0.0235	-0.1986	0.0492	-0.5954	-0.7562	-0.1821	0.2012	-0.0169	-0.0097	-0.0422	5.1103	0.3524	-8.3625	-0.06592194870408186	4	0	14	Tilt	Normal
5.1721	0.1921	-8.3516	-2.0659	-148.5944	76.8454	18.6406	3.1850	31.5399	0.0652	-0.1613	0.0130	-0.5943	-0.7571	-0.1818	0.2012	0.0054	0.0105	-0.0448	5.1068	0.3534	-8.3646	0.05338623617005567	4	0	14	Tilt	Normal
5.1338	0.2304	-8.3899	-2.1060	-148.5269	76.5762	18.5958	3.7786	32.0019	0.0172	-0.1299	-0.0316	-0.5924	-0.7584	-0.1819	0.2019	0.0065	0.0084	-0.0565	5.1166	0.3603	-8.3583	0.013358101355869678	4	0	14	Tilt	Normal
5.0955	0.2687	-8.2750	-2.1905	-148.5160	76.2951	18.7584	3.9750	32.0949	-0.0224	-0.1059	0.0820	-0.5903	-0.7600	-0.1820	0.2020	-0.0073	-0.0033	-0.0480	5.1179	0.3747	-8.3570	-0.11694415805307656	4	0	14	Tilt	Normal
5.0955	0.2304	-8.3899	-2.2983	-148.5409	76.1036	19.2832	4.1061	31.4891	-0.0184	-0.1628	-0.0314	-0.5889	-0.7612	-0.1823	0.2015	-0.0169	-0.0076	-0.0491	5.1139	0.3932	-8.3585	0.09701362731839858	4	0	14	Tilt	Normal
5.0572	0.3454	-8.3516	-2.4622	-148.5950	75.8951	18.6493	3.5098	31.5699	-0.0482	-0.0759	0.0108	-0.5873	-0.7625	-0.1827	0.2007	-0.0244	-0.0044	-0.0418	5.1053	0.4212	-8.3623	-0.049204943325239725	4	0	14	Tilt	Normal
5.1332	0.3065	-8.3510	-2.6712	-148.6740	75.7231	18.9110	3.4394	31.2803	0.0403	-0.1505	0.0171	-0.5858	-0.7638	-0.1834	0.1993	-0.0191	-0.0001	-0.0525	5.0929	0.4570	-8.3680	0.03775354648364804	4	0	14	Tilt	Normal
5.1332	0.3448	-8.3893	-2.8002	-148.7158	75.4383	18.5068	2.7936	31.6110	0.0468	-0.1342	-0.0184	-0.5837	-0.7655	-0.1835	0.1988	0.0001	-0.0086	-0.0695	5.0863	0.4790	-8.3709	0.03390119953163229	4	0	14	Tilt	Normal
5.0566	0.3065	-8.3127	-2.8391	-148.7602	75.1646	18.8210	3.3733	31.7756	-0.0230	-0.1791	0.0618	-0.5819	-0.7670	-0.1831	0.1988	-0.0042	-0.0054	-0.0471	5.0796	0.4856	-8.3745	-0.10650143042787796	4	0	14	Tilt	Normal
5.0955	0.4220	-8.4282	-2.8527	-148.8239	74.9272	18.8947	3.5967	31.6306	0.0251	-0.0660	-0.0482	-0.5804	-0.7684	-0.1824	0.1986	0.0054	-0.0054	-0.0482	5.0703	0.4880	-8.3800	0.12314003774040572	5	0	15	Tilt	Normal
5.0572	0.4603	-8.3899	-2.8342	-148.8926	74.6994	19.0603	3.7390	31.9585	-0.0031	-0.0245	-0.0036	-0.5790	-0.7696	-0.1816	0.1986	0.0075	-0.0129	-0.0355	5.0603	0.4848	-8.3863	-0.05081060129803028	5	0	15	Tilt	Normal
5.0572	0.3071	-8.3899	-2.7643	-148.8850	74.5320	18.5534	3.4827	31.4436	-0.0045	-0.1658	-0.0037	-0.5780	-0.7704	-0.1808	0.1993	0.0161	0.0073	-0.0301	5.0616	0.4729	-8.3861	-0.005995790318413796	5	0	15	Tilt	Normal
5.0955	0.2304	-8.3899	-2.6815	-148.9141	74.3110	18.6508	3.7195	31.4303	0.0377	-0.2282	-0.0006	-0.5767	-0.7714	-0.1798	0.1999	0.0150	-0.0150	-0.0355	5.0578	0.4586	-8.3893	0.017717981613875722	5	0	15	Tilt	Normal
4.9416	0.2682	-8.3127	-2.5926	-149.0455	74.1039	18.6130	3.2823	31.8327	-0.0973	-0.1754	0.0887	-0.5757	-0.7726	-0.1782	0.1998	0.0033	-0.0022	-0.0291	5.0389	0.4435	-8.4014	-0.14442601503113472	5	0	15	Tilt	Normal
5.1721	0.2687	-8.5048	-2.5817	-149.0286	73.9161	19.1723	3.1666	31.8536	0.1306	-0.1728	-0.1047	-0.5745	-0.7735	-0.1778	0.2002	0.0118	0.0009	-0.0387	5.0414	0.4416	-8.4001	0.2833195133562718	5	0	15	Tilt	Normal
5.0572	0.3071	-8.3899	-2.5378	-149.0173	73.6786	19.3823	3.5636	31.5541	0.0139	-0.1270	0.0094	-0.5729	-0.7746	-0.1772	0.2009	0.0235	-0.0076	-0.0354	5.0432	0.4341	-8.3993	-0.1566114799390128	5	0	15	Tilt	Normal
5.0188	0.2304	-8.3899	-2.4019	-149.1058	73.4525	19.1199	3.3671	31.8170	-0.0120	-0.1805	0.0181	-0.5718	-0.7757	-0.1754	0.2014	0.0214	-0.0108	-0.0290	5.0308	0.4109	-8.4080	-0.02186632053159343	5	0	15	Tilt	Normal
5.0572	0.1921	-8.3899	-2.2608	-149.1593	73.1418	18.3709	4.0601	32.1611	0.0337	-0.1947	0.0236	-0.5700	-0.7772	-0.1737	0.2022	0.0267	-0.0086	-0.0610	5.0235	0.3868	-8.4135	0.018937208412708628	5	0	15	Tilt	Normal
4.9805	0.1921	-8.4665	-2.2274	-149.1761	72.7741	19.1005	3.5877	31.5249	-0.0406	-0.1888	-0.0513	-0.5676	-0.7790	-0.1727	0.2028	0.0118	-0.0001	-0.0588	5.0211	0.3810	-8.4152	0.026566745623719967	5	0	15	Tilt	Normal
5.0572	0.2304	-8.3133	-2.2443	-149.1206	72.4825	18.8270	3.5981	31.6804	0.0280	-0.1535	0.0970	-0.5655	-0.7804	-0.1726	0.2035	0.0033	0.0031	-0.0546	5.0292	0.3840	-8.4102	-0.0912460788062166	6	0	16	Tilt	Normal
Total time: 16 seconds.
