-0.9194	-9.8833	0.4980	78.5821	134.3219	177.9088	23.6233	14.5777	25.9589	0.4690	-0.2704	1.8539	-0.7086	-0.2588	0.3110	0.5781	-0.0936	-0.3470	-0.2594	-1.3883	-9.6129	-1.3559	0.465346349546488	4	0	6	Upright	Normal
-2.9108	-10.8020	-1.0349	79.7878	141.8628	167.6155	23.4844	14.5316	25.1894	-1.8371	-1.1507	0.3326	-0.6983	-0.2865	0.3146	0.5756	-0.1874	-0.1744	-0.5204	-1.0736	-9.6513	-1.3675	1.2966216689897472	4	0	6	Upright	Normal
-2.1835	-11.4156	-0.8428	79.9907	149.7682	159.9002	23.6339	14.6163	25.2522	-1.3255	-1.7579	0.6295	-0.6990	-0.2941	0.3050	0.5761	-0.2545	0.1228	-0.2893	-0.8580	-9.6576	-1.4723	0.4179860541534861	4	0	6	Upright	Normal
1.1109	-4.4053	-0.3065	78.6511	151.1666	156.2165	22.9169	14.2286	26.1045	2.0412	5.2098	1.3834	-0.7006	-0.3088	0.3149	0.5609	-0.3024	-0.3907	-0.1284	-0.9303	-9.6151	-1.6899	-7.099525894957577	4	0	6	Upright	Normal
-2.2218	-15.5910	-0.9960	84.0223	83.5874	-132.9064	23.0248	16.6150	24.2948	-1.2070	-5.8377	-1.1100	-0.6533	-0.2596	0.3296	0.6302	1.6907	-0.5888	0.3787	-1.0148	-9.7534	0.1140	11.22643895690102	4	0	6	Upright	Normal
-6.7421	-15.7060	2.6815	76.1793	67.9046	-114.6145	23.9050	19.6334	22.2140	-4.5720	-6.1830	1.8006	-0.6463	-0.1932	0.3633	0.6426	0.4453	0.4551	0.6365	-2.1700	-9.5229	0.8809	1.5210284855850595	4	0	6	Upright	Normal
-1.4174	-9.1554	2.2984	76.1142	82.9959	-128.7188	24.1230	18.8701	23.5284	0.9186	0.3647	2.0116	-0.6701	-0.1905	0.3549	0.6234	-1.1536	-0.1989	-0.2424	-2.3360	-9.5201	0.2869	-7.755691688021148	4	0	6	Upright	Normal
0.6901	1.1881	-4.7507	79.0959	92.9746	-141.1260	24.3221	17.6449	23.9278	2.5426	10.8178	-4.6543	-0.6732	-0.2273	0.3470	0.6121	-0.2407	-0.3353	-0.2882	-1.8525	-9.6296	-0.0964	-4.599915114586391	4	0	6	Upright	Normal
-4.3670	-14.4801	1.1875	78.8523	92.2608	-144.1667	25.9819	18.2305	22.5293	-2.4728	-4.8584	1.2623	-0.6653	-0.2475	0.3685	0.6003	-0.0990	-0.0530	-0.6450	-1.8943	-9.6217	-0.0748	10.225432769008838	4	0	6	Upright	Normal
0.3448	-16.2040	-0.8428	80.7678	130.4454	178.6724	25.3373	17.7858	23.3772	1.5416	-6.5242	0.1776	-0.6884	-0.2795	0.3260	0.5845	-1.6309	0.2996	-0.9071	-1.1968	-9.6798	-1.0204	1.0587348989723129	4	0	6	Upright	Normal
-0.3065	-2.9880	0.1149	78.6919	144.4031	161.8995	25.0741	16.1027	24.5889	0.8127	6.6285	1.6782	-0.6967	-0.3072	0.3284	0.5590	-0.0191	-0.9020	0.0101	-1.1191	-9.6165	-1.5633	-13.223691006919093	4	1	7	Jump	Normal
1.3414	0.4603	-0.3454	77.9644	119.0660	-174.3875	27.2709	16.0006	23.5613	3.1282	10.0516	0.6479	-0.6848	-0.2858	0.3671	0.5609	1.4382	0.3689	0.9230	-1.7868	-9.5913	-0.9933	-1.5462415821393247	4	1	7	PT	Normal
-4.4047	-15.3606	-1.3797	76.6529	63.3925	-116.1137	26.8334	19.8259	19.5170	-2.3807	-5.8187	-2.3935	-0.6289	-0.2297	0.3940	0.6296	-0.5283	-0.0508	0.9656	-2.0240	-9.5419	1.0138	14.579474470964518	4	1	7	Jump	Normal
-0.1143	-9.8827	2.4894	73.9071	77.4754	-128.2616	27.4685	20.9138	18.8989	2.5394	-0.4603	1.8999	-0.6545	-0.2037	0.3967	0.6105	-0.8361	0.7012	0.0879	-2.6537	-9.4224	0.5894	-5.8470558845848775	4	1	7	Jump	Normal
1.1881	4.8273	-0.1921	78.1939	83.7955	-137.0214	27.2387	19.7517	19.7780	3.1822	14.4267	-0.4088	-0.6542	-0.2469	0.3832	0.6035	0.1173	-0.9659	-0.5715	-1.9941	-9.5994	0.2167	-5.216983703010541	4	1	7	Jump	Normal
1.8777	-18.0038	4.2515	76.6655	79.6201	-134.1245	27.2818	21.0601	18.9517	4.1020	-8.4614	3.8442	-0.6482	-0.2430	0.4001	0.6005	0.3144	-0.6527	1.2788	-2.2244	-9.5424	0.4073	13.618957210777944	4	1	7	Jump	Normal
-0.3442	-16.7014	-1.4180	79.3925	115.4632	-168.8380	27.8383	20.3096	19.9084	1.2855	-7.0621	-0.6418	-0.6807	-0.2761	0.3563	0.5775	-1.3357	-0.0434	-1.1692	-1.6297	-9.6392	-0.7762	-1.82900338926785	4	1	7	PT	Normal
-1.6466	-0.0377	0.3825	77.8165	142.0747	161.9819	26.6973	19.6520	21.7186	-0.3748	9.5482	2.0147	-0.6949	-0.3168	0.3427	0.5471	-0.1938	-0.9233	-0.4150	-1.2718	-9.5859	-1.6322	-15.074159236231075	4	1	7	Jump	Normal
-0.6129	8.0445	2.5283	78.0807	119.2688	-178.4748	27.7550	19.5907	19.6411	1.1534	17.6399	3.5183	-0.6743	-0.3095	0.3853	0.5487	1.0292	-0.5121	0.8836	-1.7663	-9.5954	-0.9900	6.763835473344835	4	1	7	Jump	Normal
-7.0479	-14.4029	-8.4665	75.0213	52.8129	-108.6906	30.1904	22.6474	12.6376	-5.0287	-4.9294	-9.9983	-0.6046	-0.2375	0.4194	0.6342	-0.9224	-0.3608	1.1457	-2.0192	-9.4736	1.5318	9.678090331393808	4	1	7	Jump	Normal
-1.7232	-9.4613	1.1103	73.6678	72.7411	-128.4084	31.0885	20.6879	11.2691	0.9099	-0.0501	0.2924	-0.6374	-0.2281	0.4255	0.6005	-1.0737	0.0940	0.0197	-2.6332	-9.4112	0.8179	-8.451963861290004	4	2	8	Jump	Normal
0.8051	5.7467	0.3442	77.3979	83.5780	-139.7623	31.5383	18.6971	13.4314	2.9305	15.3174	0.1050	-0.6487	-0.2589	0.4030	0.5914	-0.3195	-0.2021	-0.6014	-2.1255	-9.5707	0.2391	-3.8678039175910994	4	2	8	Jump	Normal
1.0349	-12.6408	1.0337	75.9502	77.7586	-134.8042	31.7227	17.8514	12.8493	3.3609	-3.1273	0.5291	-0.6409	-0.2521	0.4181	0.5924	0.6531	-0.3864	1.5952	-2.3260	-9.5135	0.5046	6.9121264955506385	4	2	8	Jump	Normal
-1.7238	-19.1153	1.1109	77.0787	99.0231	-156.0619	33.3995	14.8038	12.1463	0.4419	-9.5569	1.4549	-0.6658	-0.2724	0.3985	0.5689	-2.0718	-0.4343	-1.0222	-2.1657	-9.5584	-0.3440	6.499842290846532	4	2	8	Jump	Normal
-2.7198	-8.7724	0.6512	77.6132	133.2144	168.1266	30.7268	13.1359	15.7919	-1.1866	0.8061	2.0916	-0.6856	-0.3215	0.3672	0.5401	-0.3259	-0.3981	-0.5641	-1.5332	-9.5785	-1.4404	-10.017581616875994	4	2	8	Jump	Normal
-0.0760	7.3173	0.9188	78.4491	119.4251	177.2271	30.8127	12.7497	15.0171	1.6343	16.9254	1.8835	-0.6610	-0.3350	0.4038	0.5364	0.4976	0.0269	0.7153	-1.7104	-9.6081	-0.9647	-1.8322580166755014	4	2	8	PT	Normal
-1.6466	-15.9735	-11.8758	73.1660	46.9964	-105.3607	30.9352	12.4099	14.0985	0.4301	-6.5869	-13.8124	-0.5860	-0.2406	0.4416	0.6354	1.4893	-0.8636	0.8218	-2.0767	-9.3866	1.9366	12.5972961839246	4	2	8	Jump	Normal
-9.1165	-16.2034	2.1063	72.7920	61.9683	-119.6851	30.0316	12.4746	13.1988	-6.5559	-6.8354	0.7431	-0.6139	-0.2317	0.4432	0.6108	-0.4718	0.0035	0.4287	-2.5606	-9.3679	1.3632	-1.2615614234041317	4	2	8	PT	Normal
2.4140	3.1801	0.1143	76.0106	84.4267	-142.5347	28.9300	10.4229	15.3720	4.7727	12.6962	-0.1158	-0.6478	-0.2619	0.4198	0.5792	-0.2406	-0.0668	-0.5002	-2.3587	-9.5161	0.2301	-14.716702539221844	4	2	8	Jump	Normal
-0.4974	-1.1103	-5.9765	75.9897	85.7248	-142.2523	27.4742	10.6418	16.7270	1.8697	8.4048	-6.1534	-0.6532	-0.2536	0.4111	0.5831	0.5232	0.4935	0.7046	-2.3671	-9.5152	0.1769	2.104892955595002	4	2	8	PT	Normal
-9.0782	-14.0198	0.0377	75.5672	86.1921	-143.3819	27.0271	8.6184	17.3400	-6.6397	-4.5225	-0.1245	-0.6532	-0.2551	0.4164	0.5787	-0.8435	0.6192	-0.8986	-2.4385	-9.4973	0.1622	10.603317460429961	4	3	9	Run	Normal
-5.7455	-11.2617	-0.3837	79.4638	138.2284	162.5739	25.8108	9.5363	19.0586	-4.5511	-1.6203	0.9536	-0.6757	-0.3341	0.3615	0.5488	-1.8843	0.3870	-0.5737	-1.1944	-9.6414	-1.3373	-4.053919950948934	4	3	9	Run	Normal
-0.9577	6.5122	0.0000	78.2173	129.0497	165.2541	26.0282	10.8947	19.3588	0.5972	16.1124	1.2614	-0.6599	-0.3590	0.4041	0.5219	0.2899	-0.9169	0.1070	-1.5549	-9.6002	-1.2614	-4.053919950948934	4	3	9	Run	Normal
-4.5203	-8.0062	0.7661	77.1981	68.9542	-124.1919	26.5919	12.7286	18.5630	-2.4924	1.5568	-0.0141	-0.6317	-0.2475	0.4041	0.6136	7.0905	1.0496	-0.4512	-2.0279	-9.5630	0.7802	-3.422463517980278	4	3	9	Walk	Normal
-6.8570	-19.0770	3.2944	73.9132	66.7085	-120.5410	25.7995	18.0366	16.8894	-4.3615	-9.6542	2.2202	-0.6306	-0.2182	0.4157	0.6180	0.0950	0.3785	0.3478	-2.4955	-9.4228	1.0742	11.311843929895536	4	3	9	Run	Normal
2.9113	-6.2824	2.2984	73.8559	90.2981	-142.6663	26.4044	17.0814	19.5712	5.6379	3.1378	2.3126	-0.6725	-0.2201	0.3978	0.5840	-0.9543	-0.3096	-0.0869	-2.7265	-9.4201	-0.0142	-13.242179573239632	4	3	9	Run	Normal
-2.2595	1.7627	-4.1378	75.6263	79.6342	-132.0044	27.0789	18.0717	19.3721	0.1351	11.2625	-4.5758	-0.6537	-0.2245	0.3947	0.6054	0.2825	0.2049	0.2103	-2.3947	-9.4997	0.4380	-2.2624006251949806	4	3	9	Walk	Normal
-4.6729	-13.0239	-0.9966	69.9714	83.6848	-134.7826	29.1641	19.9528	18.4740	-1.3348	-3.8102	-1.3659	-0.6688	-0.1842	0.4164	0.5877	-1.1556	1.3927	0.1762	-3.3381	-9.2136	0.3693	8.83940395379398	4	3	9	Run	Normal
-2.7575	-14.4795	-2.0692	75.9692	102.9368	-158.2032	29.5429	20.0275	19.6338	-0.4405	-4.9653	-1.5369	-0.6779	-0.2599	0.3911	0.5656	-1.7639	-0.8210	-1.1223	-2.3170	-9.5143	-0.5323	1.011586368553239	4	3	9	Walk	Normal
0.8434	-0.7655	0.3059	75.9315	124.9781	176.6207	29.1714	19.5415	20.8656	2.7966	8.7471	1.6725	-0.6905	-0.3047	0.3801	0.5347	-0.0445	-1.6263	-0.4970	-1.9532	-9.5126	-1.3666	-13.704904405827778	4	3	9	Run	Normal
-5.6689	-4.4813	1.3018	76.1238	105.0238	-163.8854	32.9024	21.0534	18.5352	-3.3975	5.0392	1.9115	-0.6712	-0.2839	0.4059	0.5515	1.6247	2.9511	0.2817	-2.2713	-9.5205	-0.6096	6.163198664356312	4	4	10	Run	Normal
-2.2212	-18.1953	0.1526	71.9229	54.8468	-110.9465	33.9901	26.3897	13.2328	0.2668	-8.8726	-1.5993	-0.6026	-0.2182	0.4386	0.6300	-0.1043	1.1529	0.2317	-2.4880	-9.3227	1.7520	10.988451906033813	4	4	10	Run	Normal
0.0006	-7.1245	0.7272	71.7149	66.0523	-118.8950	34.5490	25.5767	12.9846	2.8121	2.1871	-0.5213	-0.6301	-0.1984	0.4229	0.6203	-0.9490	1.0070	0.2082	-2.8115	-9.3116	1.2486	-11.169493563605698	4	4	10	Run	Normal
-2.0297	0.2304	0.9571	75.0295	84.9040	-130.2906	33.7504	23.6611	18.4162	0.4934	9.7044	0.7322	-0.6747	-0.1827	0.3583	0.6190	-0.0851	1.1284	-0.4927	-2.5230	-9.4740	0.2249	-4.905678051503734	4	4	10	Run	Normal
0.6518	-11.5682	-5.2870	72.8173	72.2821	-114.7767	33.2069	24.5888	18.8713	3.4114	-2.1991	-6.1685	-0.6581	-0.1479	0.3588	0.6451	1.6587	0.2901	0.1986	-2.7596	-9.3691	0.8815	10.47995637527763	4	4	10	Run	Normal
-5.6689	-15.2074	1.8765	74.8252	77.8324	-121.1850	35.5214	23.2425	17.4179	-3.1597	-5.7425	1.3355	-0.6668	-0.1668	0.3510	0.6359	0.0182	0.2677	-0.7793	-2.5091	-9.4649	0.5409	3.6019745037175035	4	4	10	Run	Normal
0.7284	-4.0600	1.0337	80.2149	114.9709	-157.5627	34.5316	22.8916	20.2479	2.2392	5.6041	1.7373	-0.7000	-0.2142	0.2976	0.6129	-0.9448	-0.3693	-0.5044	-1.5107	-9.6640	-0.7036	-12.085393241564198	4	4	10	Run	Normal
-1.1869	-8.7718	-0.6518	82.2263	119.9657	-166.5607	34.8234	22.2834	20.4450	-0.0380	0.9450	0.0106	-0.6864	-0.2504	0.3077	0.6096	0.1493	-0.3566	-0.2743	-1.1489	-9.7167	-0.6624	4.623324006616287	4	4	10	Run	Normal
-2.5277	-10.8020	-2.2990	79.2492	124.2984	-173.1203	35.2101	22.5424	19.1535	-1.0168	-1.1673	-1.2685	-0.6977	-0.2565	0.3253	0.5845	-0.8734	-0.1531	0.4554	-1.5109	-9.6347	-1.0306	2.4538133476180963	4	4	10	Walk	Normal
-1.4551	-9.9976	-1.6095	77.2658	133.0373	-179.7799	36.0816	20.2932	20.8738	0.1249	-0.4320	-0.1342	-0.7169	-0.2474	0.3102	0.5732	-0.1394	0.4296	-0.1444	-1.5800	-9.5656	-1.4753	-1.0991759141928092	4	4	10	Walk	Normal
2.2990	-7.3161	-1.3414	79.5559	149.9433	165.6686	35.0624	20.4558	22.0726	3.1889	2.3284	0.1965	-0.7157	-0.2572	0.2748	0.5883	0.0832	0.3987	-0.6866	-0.8899	-9.6444	-1.5378	-2.445090114072605	4	5	11	Walk	Normal
-4.5580	-12.1811	-2.7970	80.4654	146.4342	167.4707	33.8481	22.2362	22.1676	-3.6598	-2.5099	-1.4434	-0.7062	-0.2651	0.2866	0.5906	0.3698	-0.5739	0.0985	-0.8981	-9.6712	-1.3536	5.518051800713974	4	5	11	Run	Normal
-0.4974	-7.8524	-0.3454	78.9971	149.8070	166.1351	34.0667	22.5392	21.3867	0.4438	1.7741	1.2722	-0.7196	-0.2544	0.2736	0.5854	-0.1756	0.2517	0.1827	-0.9412	-9.6265	-1.6176	-5.427583874015531	4	5	11	Run	Normal
-0.8045	-9.6534	-1.5706	79.0726	149.8005	164.5951	33.5894	20.4378	22.1525	0.1306	-0.0245	0.0361	-0.7156	-0.2641	0.2815	0.5821	-0.0244	-0.2905	-0.0794	-0.9351	-9.6289	-1.6067	1.9376503337511446	4	5	11	Walk	Normal
-0.9188	-9.4230	-1.9543	78.5948	148.7680	164.1803	34.2168	21.4722	21.1344	0.0862	0.1903	-0.2967	-0.7147	-0.2714	0.2902	0.5755	-0.1096	-0.2735	0.0442	-1.0050	-9.6133	-1.6575	-0.14607965975035064	0	5	11	Upright	Normal
-1.3785	-9.2314	-1.0732	78.5020	146.9856	164.1836	35.0645	20.9654	20.8893	-0.3133	0.3784	0.5659	-0.7107	-0.2802	0.3014	0.5706	0.0577	-0.2905	0.0090	-1.0651	-9.6099	-1.6391	-0.2720340629929403	0	5	11	Upright	Normal
-1.8381	-9.3847	-1.5712	78.4165	142.5553	168.1914	35.9522	21.3564	19.8858	-0.6409	0.2224	-0.0078	-0.7091	-0.2773	0.3090	0.5699	-0.0489	0.0898	0.0197	-1.1973	-9.6070	-1.5634	0.29597465459894323	0	5	11	Upright	Normal
-1.1492	-9.4236	-1.1492	78.2999	141.7328	169.4924	36.0366	20.9589	21.1427	0.0822	0.1794	0.4120	-0.7106	-0.2732	0.3077	0.5707	0.0203	0.0376	-0.0272	-1.2314	-9.6030	-1.5612	-0.1285092507246599	0	5	11	Upright	Normal
-1.5317	-9.8444	-1.4180	78.4860	139.4476	172.3290	35.3463	20.5057	20.5300	-0.2593	-0.2349	0.0691	-0.7102	-0.2673	0.3075	0.5741	-0.0255	0.0397	0.1006	-1.2724	-9.6094	-1.4871	0.5005350887923488	0	0	11	Upright	Normal
-1.9531	-9.0782	-0.9966	78.4384	138.1126	173.9111	35.2006	21.2138	20.9688	-0.6409	0.5296	0.4666	-0.7105	-0.2641	0.3079	0.5750	0.0640	0.0706	-0.0176	-1.3122	-9.6078	-1.4632	-0.7240054826999565	0	0	11	Upright	Normal
-1.6849	-9.0016	-1.2264	78.4122	137.4049	175.2297	35.0548	20.7500	20.9241	-0.3516	0.6053	0.2237	-0.7118	-0.2594	0.3057	0.5767	0.0576	0.2069	-0.0070	-1.3333	-9.6069	-1.4501	-0.09956331436685417	0	0	12	Upright	Normal
-1.1486	-9.5762	-1.2264	78.3884	137.7197	175.9445	34.5439	20.3175	21.6377	0.1794	0.0298	0.2340	-0.7143	-0.2533	0.3002	0.5792	-0.0393	0.2091	-0.0080	-1.3280	-9.6060	-1.4605	0.4828128355820809	0	0	12	Upright	Normal
-1.2252	-9.3081	-1.6095	78.6873	138.5249	175.7552	34.7720	21.1249	21.6895	0.0485	0.3083	-0.1685	-0.7144	-0.2511	0.2956	0.5824	0.0203	0.0418	-0.0560	-1.2737	-9.6163	-1.4410	-0.19714462974840785	0	0	12	Upright	Normal
-1.3024	-9.3853	-1.3408	78.5752	139.4652	174.8726	33.6947	21.3204	22.5237	-0.0403	0.2273	0.1354	-0.7155	-0.2516	0.2944	0.5814	-0.0202	-0.0317	0.0069	-1.2622	-9.6126	-1.4762	0.04427938770411366	0	0	12	Upright	Normal
-1.2258	-9.1554	-1.3408	78.7237	140.7210	173.2069	33.8692	20.9504	22.0752	-0.0123	0.4621	0.1431	-0.7143	-0.2559	0.2948	0.5809	0.0097	-0.1020	-0.0506	-1.2136	-9.6175	-1.4838	-0.23573140611392418	0	0	12	Upright	Normal
-1.3402	-9.3464	-1.4946	78.8465	138.9251	174.5239	34.4454	21.4645	21.8436	-0.0943	0.2753	-0.0651	-0.7119	-0.2571	0.2991	0.5811	-0.0148	-0.0935	0.0122	-1.2459	-9.6217	-1.4295	0.22565896851735978	0	0	12	Upright	Normal
-1.3785	-9.3081	-1.1881	78.6625	137.8179	175.2227	35.2915	21.2444	21.8127	-0.0841	0.3074	0.2403	-0.7115	-0.2580	0.3027	0.5792	0.0192	-0.0679	0.0250	-1.2944	-9.6154	-1.4284	-0.07522613833533676	0	0	12	Upright	Normal
-1.4174	-9.4236	-1.3408	78.4108	136.7667	175.8161	34.9041	20.8805	21.4107	-0.0681	0.1833	0.0944	-0.7114	-0.2590	0.3067	0.5768	-0.0404	-0.0956	0.0463	-1.3493	-9.6069	-1.4352	0.13912875271719827	0	0	12	Upright	Normal
-1.5317	-9.3464	-1.3797	78.2751	135.3610	176.9258	35.0993	20.8011	21.3884	-0.1315	0.2557	0.0383	-0.7108	-0.2589	0.3101	0.5758	-0.0127	-0.0125	0.0112	-1.4002	-9.6021	-1.4180	-0.05241778806441566	0	0	12	Upright	Normal
-1.3018	-9.2698	-1.3030	78.1055	135.1348	177.1681	35.6814	20.8984	21.0130	0.1240	0.3264	0.1296	-0.7116	-0.2581	0.3106	0.5749	-0.0096	0.0162	0.0154	-1.4259	-9.5961	-1.4326	-0.12002838662346704	1	0	13	Upright	Normal
-1.3408	-9.2703	-1.3791	78.1150	135.1701	177.1307	34.9223	20.8313	21.1062	0.0827	0.3264	0.0530	-0.7116	-0.2582	0.3106	0.5749	-0.0096	-0.0040	-0.0005	-1.4235	-9.5967	-1.4320	0.01672595330268578	1	0	13	Upright	Normal
-1.3024	-9.2703	-1.4940	78.0799	135.5313	176.7087	34.9227	20.1985	21.4092	0.1160	0.3250	-0.0489	-0.7118	-0.2589	0.3105	0.5744	-0.0075	-0.0297	0.0016	-1.4184	-9.5954	-1.4451	0.012065948290397088	1	0	13	Upright	Normal
-1.3402	-9.2698	-1.3414	78.0052	134.6022	177.4323	35.5754	20.9237	21.2030	0.1106	0.3229	0.0895	-0.7113	-0.2589	0.3128	0.5738	0.0149	-0.0637	0.0634	-1.4507	-9.5927	-1.4308	-0.018058529568307335	1	0	13	Upright	Normal
-1.4934	-9.5379	-1.4946	77.9388	133.8515	177.8668	35.6929	20.5180	20.9216	-0.0159	0.0524	-0.0751	-0.7106	-0.2598	0.3154	0.5728	-0.0054	-0.0765	0.0037	-1.4775	-9.5903	-1.4195	0.30736650148070055	1	0	13	Upright	Normal
-1.5317	-9.3464	-1.4946	77.9051	134.0830	177.1810	35.8818	20.5031	20.4737	-0.0560	0.2427	-0.0654	-0.7098	-0.2628	0.3175	0.5713	-0.0160	-0.0318	-0.0336	-1.4757	-9.5891	-1.4292	-0.18083406328891982	1	0	13	Upright	Normal
-1.3402	-9.3464	-1.3797	77.8799	134.3232	176.9746	35.3096	20.4466	20.2904	0.1326	0.2418	0.0588	-0.7101	-0.2628	0.3171	0.5711	0.0138	0.0225	0.0123	-1.4727	-9.5882	-1.4385	-0.04601155804182966	1	0	13	Upright	Normal
-1.4551	-9.2698	-1.4180	77.8782	134.2794	176.9986	35.5238	20.1840	20.4356	0.0190	0.3184	0.0196	-0.7101	-0.2628	0.3172	0.5710	0.0063	-0.0190	0.0069	-1.4741	-9.5882	-1.4376	-0.052420336173153004	1	0	13	Upright	Normal
-1.5700	-9.2698	-1.3414	77.8767	134.0028	177.2116	36.0656	20.9873	20.7545	-0.0889	0.3184	0.0890	-0.7098	-0.2629	0.3179	0.5710	0.0074	-0.0148	0.0005	-1.4811	-9.5882	-1.4304	0.007174118060561341	1	0	13	Upright	Normal
-1.4168	-9.2698	-1.3414	77.8442	133.6765	177.6172	35.1309	20.6996	20.8191	0.0765	0.3172	0.0845	-0.7100	-0.2619	0.3179	0.5712	0.0191	0.0236	0.0091	-1.4932	-9.5870	-1.4259	-0.024121226507219262	1	0	13	Upright	Normal
-1.4940	-9.3470	-1.3024	77.8781	133.2662	178.1751	35.5617	20.6670	20.9726	0.0052	0.2412	0.1088	-0.7100	-0.2606	0.3176	0.5720	0.0170	0.0289	0.0091	-1.4992	-9.5882	-1.4112	0.08192365915136612	2	0	14	Upright	Normal
-1.6083	-9.3847	-1.3414	78.0495	132.6451	179.1110	35.6345	20.4781	20.6215	-0.1151	0.2096	0.0340	-0.7095	-0.2584	0.3164	0.5742	0.0702	0.0886	-0.0218	-1.4932	-9.5943	-1.3753	0.060712497885470285	2	0	14	Upright	Normal
-1.5700	-9.2698	-1.1115	78.1078	131.1967	-179.0023	35.3818	20.0612	20.9478	-0.0497	0.3265	0.2194	-0.7094	-0.2541	0.3158	0.5766	0.0287	0.0545	0.0485	-1.5203	-9.5963	-1.3309	-0.14825087739463072	2	0	14	Upright	Normal
-1.3402	-9.2314	-1.2647	78.0422	130.5383	-177.6267	35.2031	20.6262	20.8857	0.2040	0.3626	0.0558	-0.7110	-0.2487	0.3131	0.5785	0.0266	0.1099	0.0144	-1.5441	-9.5940	-1.3206	-0.05376827793421768	2	0	14	Upright	Normal
-1.3785	-9.2698	-1.3030	78.1141	130.6178	-177.2857	35.5100	20.7266	21.5374	0.1541	0.3268	0.0115	-0.7115	-0.2464	0.3107	0.5800	0.0159	0.0588	0.0112	-1.5326	-9.5966	-1.3146	0.04836596395970538	2	0	14	Upright	Normal
-1.3791	-9.2320	-1.2641	78.1705	130.5223	-176.9822	35.0407	20.5381	20.8534	0.1486	0.3666	0.0417	-0.7117	-0.2452	0.3096	0.5810	0.0223	0.0183	0.0154	-1.5277	-9.5987	-1.3059	-0.042240791754379	2	0	14	Upright	Normal
-1.4557	-9.2703	-1.3408	78.2689	130.0378	-176.4493	34.8652	20.6267	20.8954	0.0706	0.3316	-0.0584	-0.7110	-0.2446	0.3097	0.5820	0.0415	0.0076	-0.0080	-1.5263	-9.6019	-1.2824	0.05955770682494155	2	0	14	Upright	Normal
-1.5317	-9.3081	-1.2647	78.2588	130.0024	-176.4074	34.9399	20.4915	21.5630	-0.0036	0.2936	0.0177	-0.7111	-0.2445	0.3097	0.5820	0.0020	0.0076	0.0069	-1.5281	-9.6016	-1.2824	0.03848126889840486	2	0	14	Upright	Normal
-1.5706	-9.2703	-1.2641	78.2730	129.7689	-176.0158	35.5270	21.1625	21.1987	-0.0386	0.3317	0.0109	-0.7112	-0.2433	0.3092	0.5826	0.0074	0.0193	0.0027	-1.5320	-9.6021	-1.2751	-0.03068182756465987	2	0	14	Upright	Normal
-1.4174	-9.3087	-1.1492	78.2835	129.8331	-176.0613	34.8231	20.2906	21.4936	0.1112	0.2939	0.1258	-0.7112	-0.2433	0.3089	0.5827	0.0084	-0.0052	0.0059	-1.5285	-9.6025	-1.2751	-0.001139622395960771	2	0	14	Upright	Normal
-1.3791	-9.4619	-1.2258	78.3462	130.1522	-176.4893	34.7568	21.1742	21.2306	0.1350	0.1428	0.0515	-0.7109	-0.2445	0.3090	0.5826	-0.0278	-0.0414	-0.0208	-1.5140	-9.6046	-1.2773	0.1542653714270994	3	0	15	Upright	Normal
-1.4557	-9.2703	-1.1875	78.4371	130.5160	-177.1602	34.6394	20.5513	21.2214	0.0385	0.3374	0.0893	-0.7100	-0.2471	0.3099	0.5821	-0.0044	-0.0457	-0.0186	-1.4941	-9.6078	-1.2769	-0.1813914378938115	3	0	15	Upright	Normal
-1.6472	-9.3470	-1.2641	78.3683	130.1448	-176.8180	34.7301	20.7493	21.1536	-0.1360	0.2584	0.0105	-0.7100	-0.2467	0.3106	0.5818	-0.0000	0.0236	0.0027	-1.5112	-9.6054	-1.2746	0.11610787782822385	3	0	15	Upright	Normal
-1.4557	-9.3853	-1.2258	78.3344	130.2099	-176.6875	34.9262	20.7941	21.6266	0.0584	0.2189	0.0542	-0.7106	-0.2454	0.3097	0.5821	-0.0011	0.0321	-0.0016	-1.5140	-9.6042	-1.2800	0.001455301649857077	3	0	15	Upright	Normal
-1.3791	-9.3087	-1.2641	78.3714	130.6588	-177.0427	34.1043	20.8825	21.4565	0.1202	0.2969	0.0235	-0.7109	-0.2455	0.3086	0.5823	-0.0139	0.0119	-0.0037	-1.4992	-9.6055	-1.2876	-0.08147104826248253	3	0	15	Upright	Normal
-1.4940	-9.2703	-1.2641	78.3656	130.6899	-177.0713	34.6506	21.0001	21.6680	0.0057	0.3349	0.0253	-0.7110	-0.2455	0.3086	0.5823	-0.0043	0.0002	-0.0016	-1.4997	-9.6052	-1.2894	-0.020206637649307524	3	0	15	Upright	Normal
-1.3785	-9.3081	-1.3030	78.3624	130.7171	-177.1012	34.8621	21.1457	21.3136	0.1203	0.2972	-0.0130	-0.7110	-0.2455	0.3085	0.5823	-0.0075	-0.0073	0.0048	-1.4988	-9.6052	-1.2900	0.024788986948296454	3	0	15	Upright	Normal
-1.4934	-9.3081	-1.3414	78.3419	130.8538	-177.2607	34.7747	21.0209	20.9626	0.0048	0.2966	-0.0456	-0.7111	-0.2457	0.3085	0.5820	-0.0160	-0.0147	-0.0155	-1.4982	-9.6046	-1.2957	0.022686236241929336	3	0	15	Upright	Normal
-1.4174	-9.2320	-1.2258	78.3465	130.9098	-177.3448	34.9819	20.7303	21.1943	0.0790	0.3727	0.0708	-0.7111	-0.2460	0.3086	0.5819	-0.0085	-0.0232	-0.0101	-1.4964	-9.6048	-1.2966	-0.10182886700763305	3	0	15	Upright	Normal
-1.4934	-9.3464	-1.3030	78.3282	130.9983	-177.4101	34.7091	20.8290	21.3717	0.0039	0.2577	-0.0015	-0.7113	-0.2459	0.3085	0.5818	-0.0085	0.0183	-0.0048	-1.4973	-9.6040	-1.3015	0.13395936905405748	4	0	16	Upright	Normal
Total time: 11 seconds.
