1.0343	-9.7683	0.7278	10.8266	85.5236	84.6861	17.4440	20.5176	-4.8778	-0.0142	-0.0468	-0.0238	-0.4041	-0.5462	0.5397	-0.4971	0.0186	-0.0015	-0.0154	1.0485	-9.7215	0.7516	-1.8113187247578537	0	0	1	Upright	Normal
0.9966	-9.6911	0.7655	11.0159	85.3711	84.6724	17.7663	20.6741	-4.7991	-0.0615	0.0274	-0.0112	-0.4023	-0.5464	0.5409	-0.4970	0.0143	-0.1166	-0.0122	1.0581	-9.7185	0.7768	-0.07759284056978899	0	0	1	Upright	Normal
0.9960	-9.7683	0.9194	10.8244	85.1450	84.6138	17.5400	20.7738	-5.4809	-0.0763	-0.0546	0.1043	-0.4020	-0.5448	0.5407	-0.4992	0.0335	0.0699	-0.0218	1.0723	-9.7137	0.8151	0.08965890778518215	0	0	1	Upright	Normal
1.0726	-9.6917	0.8428	10.8068	85.0698	84.6044	17.1017	21.2548	-5.1503	-0.0033	0.0205	0.0150	-0.4017	-0.5445	0.5408	-0.4997	0.0122	0.0155	-0.0122	1.0759	-9.7122	0.8278	-0.07466832057454909	0	0	1	Upright	Normal
1.1109	-9.7683	0.8811	10.6613	84.8952	84.5855	17.2820	21.0352	-5.0798	0.0286	-0.0593	0.0236	-0.4015	-0.5432	0.5408	-0.5013	0.0335	0.0368	-0.0122	1.0823	-9.7091	0.8574	0.08344182804359512	0	0	1	Upright	Normal
1.0349	-9.7677	0.8422	10.6347	84.7670	84.5257	17.2314	20.7751	-5.6879	-0.0609	-0.0622	-0.0368	-0.4007	-0.5428	0.5409	-0.5023	0.0185	0.0528	-0.0147	1.0958	-9.7055	0.8790	-0.012257858366320207	0	0	1	Upright	Normal
1.1115	-9.6911	0.8039	10.7493	84.6102	84.4802	16.7992	20.8545	-5.7482	0.0015	0.0105	-0.1010	-0.3992	-0.5427	0.5417	-0.5027	0.0185	-0.0654	-0.0116	1.1100	-9.7016	0.9049	-0.07071000214826384	0	0	1	Upright	Normal
1.0732	-9.6528	0.9188	10.9490	84.5442	84.4397	16.8311	20.7816	-5.4396	-0.0489	0.0464	0.0034	-0.3977	-0.5433	0.5425	-0.5024	0.0217	-0.0409	-0.0041	1.1221	-9.6992	0.9153	-0.03206295094730116	0	0	1	Upright	Normal
1.1115	-9.7677	0.7655	10.6493	84.3676	84.4620	17.6049	20.7598	-5.0006	-0.0073	-0.0711	-0.1803	-0.3985	-0.5413	0.5420	-0.5044	0.0622	0.1732	-0.0158	1.1188	-9.6967	0.9459	0.10485744242597761	0	0	1	Upright	Normal
1.0732	-9.7294	0.9954	9.2434	83.8222	84.4082	16.9777	20.7759	-5.0907	-0.0455	-0.0426	-0.0461	-0.4029	-0.5335	0.5382	-0.5133	0.0984	0.2723	-0.0382	1.1187	-9.6868	1.0415	-0.021604331722860692	0	0	1	Upright	Normal
1.1115	-9.6911	1.1486	8.5108	83.0239	84.4709	16.9727	20.9234	-5.3159	-0.0018	-0.0193	-0.0293	-0.4031	-0.5267	0.5384	-0.5198	0.1112	0.0965	-0.0179	1.1133	-9.6718	1.1779	-0.01686909170345885	1	0	2	Upright	Normal
1.0732	-9.7294	1.1869	8.0851	82.3527	84.5889	17.8796	21.0403	-5.3891	-0.0260	-0.0706	-0.1050	-0.4027	-0.5215	0.5396	-0.5241	0.1378	0.0912	0.0023	1.0992	-9.6588	1.2920	0.038083899315909164	1	0	2	Upright	Normal
1.3797	-9.6145	1.3018	7.7579	81.3000	84.7551	17.8846	20.6885	-5.8305	0.2942	0.0205	-0.1679	-0.4002	-0.5147	0.5428	-0.5295	0.2050	0.0305	0.0204	1.0855	-9.6350	1.4697	-0.060266778980787805	1	0	2	Upright	Normal
1.3797	-9.6528	1.4551	8.0291	80.0952	84.8621	17.7568	20.0868	-5.7231	0.2800	-0.0522	-0.2152	-0.3935	-0.5099	0.5485	-0.5332	0.2390	-0.1144	0.0151	1.0997	-9.6006	1.6703	0.05903549529111629	1	0	2	Upright	Normal
0.6901	-9.6528	1.6083	8.8211	79.2491	85.1215	18.0412	20.0126	-6.5672	-0.4087	-0.0769	-0.1993	-0.3865	-0.5084	0.5555	-0.5325	0.1751	-0.0196	0.0215	1.0988	-9.5759	1.8076	-0.048707059140827624	1	0	2	Upright	Normal
0.4220	-9.4230	1.9914	8.6266	78.0664	85.6204	17.7552	19.7110	-6.6320	-0.6138	0.1206	-0.0133	-0.3839	-0.5004	0.5611	-0.5360	0.1997	-0.0324	-0.0358	1.0358	-9.5436	2.0047	-0.16980065201863148	1	0	2	Upright	Normal
0.6512	-10.3430	2.1835	9.1295	76.1753	86.5912	17.7097	19.6384	-7.3352	-0.2860	-0.8592	-0.1300	-0.3761	-0.4905	0.5738	-0.5374	0.3584	-0.3104	0.1261	0.9372	-9.4837	2.3135	0.9506373111714499	1	0	2	Upright	Normal
-0.0377	-9.0016	1.9914	10.1928	74.9191	88.3073	17.8917	19.4612	-7.7152	-0.7687	0.4500	-0.5198	-0.3714	-0.4838	0.5895	-0.5296	0.3701	-0.4052	0.1005	0.7310	-9.4516	2.5112	-1.371682971414284	1	0	2	Upright	Normal
0.3448	-8.7340	1.8004	12.3252	73.4928	88.9727	17.3917	18.5332	-8.1754	-0.4184	0.6563	-0.9216	-0.3554	-0.4846	0.6041	-0.5233	0.5043	-0.4340	-0.0497	0.7632	-9.3904	2.7221	-0.2950246864117734	0	0	2	Upright	Normal
-0.1915	-8.9256	1.5323	13.0730	71.7156	88.8883	16.7332	18.0414	-9.6812	-1.0680	0.3708	-1.4645	-0.3416	-0.4801	0.6114	-0.5282	0.5714	-0.2476	-0.1423	0.8764	-9.2964	2.9968	0.1339004885975985	0	0	2	Upright	Normal
-0.2298	-10.8026	0.6129	14.3500	68.8029	90.4071	16.2563	17.9331	-11.3401	-1.0436	-1.6533	-2.8222	-0.3252	-0.4681	0.6306	-0.5267	0.5565	-0.3275	-0.0874	0.8137	-9.1493	3.4351	1.7642147745966597	0	0	3	Upright	Normal
-0.6123	-11.4916	-0.8817	14.4736	73.5180	90.0419	14.1216	16.5792	-11.9341	-1.3008	-2.0873	-3.5756	-0.3486	-0.4910	0.6155	-0.5085	-2.1184	0.6771	-0.1620	0.6885	-9.4043	2.6939	0.7192152083567542	0	0	3	Upright	Normal
2.4140	-10.7254	0.5740	12.4190	83.8320	85.3594	14.2259	17.7981	-9.7798	1.3994	-1.0258	-0.4549	-0.3910	-0.5428	0.5546	-0.4949	-3.3690	0.7548	-0.8469	1.0145	-9.6997	1.0289	-0.5329461486047258	0	0	3	Upright	Normal
2.9119	-16.2034	-8.0451	-6.2284	119.2302	84.2779	15.5983	19.6331	1.1708	1.5417	-7.7399	-3.2845	-0.5983	-0.6203	0.3041	-0.4060	-8.4951	3.5245	-0.0736	1.3702	-8.4635	-4.7606	7.314881087378376	0	0	3	Upright	Normal
5.1715	-6.1292	-6.9719	-15.1308	137.5659	85.6378	14.7908	17.7276	11.7415	2.7845	0.3250	0.0151	-0.6630	-0.6454	0.1538	-0.3466	0.0920	-0.2593	0.1959	2.3870	-6.4542	-6.9870	-7.6972326391942865	0	0	3	Upright	Normal
-1.4934	2.7204	3.7535	-14.2507	129.4556	83.6083	14.3279	18.1034	12.8609	-3.8608	10.0745	9.7938	-0.6376	-0.6336	0.1988	-0.3905	2.5027	-1.4226	0.1138	2.3674	-7.3541	-6.0403	-5.756054943885171	0	0	3	Upright	Normal
1.3797	-2.9874	7.5842	8.2422	120.0405	76.4917	15.1983	20.8959	5.0752	0.0811	5.4315	12.4430	-0.5066	-0.7008	0.3574	-0.3529	2.3280	-1.0721	-0.4689	1.2986	-8.4189	-4.8587	3.3970227992235467	0	0	3	Upright	Normal
1.6478	-0.4208	-1.7627	23.9886	112.2057	76.5561	14.1201	23.0068	-0.0970	1.0024	8.7601	1.6234	-0.4120	-0.7092	0.4734	-0.3214	3.9568	-2.2663	0.0882	0.6454	-9.1809	-3.3861	-5.817925092543679	0	0	3	Upright	Normal
6.5894	-19.6127	1.5700	40.2143	71.7201	86.9676	10.5713	21.0925	-9.6443	4.1137	-10.4190	-0.7789	-0.1764	-0.5909	0.6698	-0.4136	2.6455	0.3287	1.1034	2.4758	-9.1937	2.3489	18.3001587629064	0	0	3	Upright	Normal
-2.2978	1.6861	-0.0006	46.7756	70.1227	95.8576	10.3850	17.7451	-15.2785	-3.7736	11.1083	-2.2841	-0.1737	-0.5945	0.7105	-0.3341	-0.5290	-5.3459	0.7370	1.4757	-9.4222	2.2835	-17.899475936383084	0	1	4	Jump	Normal
-0.0760	-0.1526	0.5357	44.9443	88.9445	90.4117	9.7548	19.4734	-14.7272	-0.1330	9.6531	0.4079	-0.2672	-0.6497	0.6566	-0.2746	-3.3902	3.1218	1.0832	0.0570	-9.8058	0.1278	-2.2878839886387974	0	1	4	PT	Normal
-0.3059	-19.6127	-10.3052	30.3286	131.6131	78.6899	16.5720	21.9154	-2.7586	1.4810	-11.7781	-4.6840	-0.4753	-0.7488	0.4353	-0.1546	-4.2222	2.2686	2.0398	-1.7868	-7.8346	-5.6213	21.595190192212876	0	1	4	Jump	Normal
-1.8387	-3.7541	-4.7884	21.3034	131.7729	82.6336	21.1160	21.4785	5.4179	-0.4226	3.8036	1.2983	-0.5355	-0.7236	0.3918	-0.1902	2.2109	-0.5054	0.4292	-1.4162	-7.5577	-6.0867	-15.80103758757872	0	1	4	Jump	Normal
0.5363	1.4557	7.6998	25.7574	114.2027	86.9890	21.1805	22.1627	2.9811	1.8112	10.4799	11.3207	-0.4755	-0.6771	0.5002	-0.2553	3.0045	-2.9246	-0.4934	-1.2749	-9.0242	-3.6209	1.4982028605943514	0	1	4	PT	Normal
2.6815	-2.1069	8.6191	38.5830	121.2871	74.4662	18.1001	24.7229	-1.6253	3.4973	6.8182	12.6002	-0.3688	-0.7530	0.5092	-0.1942	4.8975	-0.6055	-0.8215	-0.8158	-8.9251	-3.9811	1.4146876627553455	0	1	4	PT	Normal
2.1075	-19.6127	1.0337	57.1195	69.3635	92.9239	10.1566	23.1175	-12.1785	-0.3231	-10.2991	-0.8426	-0.0915	-0.6293	0.7110	-0.3003	3.0493	0.9966	-1.1040	2.4306	-9.3136	1.8763	10.483457529685108	0	1	4	Jump	Normal
-1.4940	-2.4517	2.8730	58.8463	66.3220	98.3302	4.8700	21.2060	-19.2057	-3.5276	6.9230	0.8357	-0.0916	-0.6227	0.7274	-0.2735	-1.3001	-1.9520	0.8369	2.0336	-9.3746	2.0373	-15.691023032207058	0	1	4	Jump	Normal
-0.6889	-1.1869	0.8039	51.9092	98.6410	88.1670	9.1584	22.4180	-18.2146	0.1600	8.5406	1.7129	-0.2695	-0.6883	0.6462	-0.1901	-4.3638	3.4904	1.8691	-0.8489	-9.7275	-0.9090	-2.4711873328022103	0	1	4	PT	Normal
-1.1103	-17.2377	-5.7850	45.8045	141.9089	71.5488	19.0524	24.1299	-7.8949	2.2242	-9.7474	-0.4045	-0.4060	-0.7807	0.4742	-0.0288	-2.8107	3.1091	3.1059	-3.3345	-7.4903	-5.3805	16.625939003829757	0	1	4	Jump	Normal
0.1149	-1.6089	-5.0949	38.3145	134.3073	79.7542	26.9431	21.8132	-0.2365	3.0459	6.0524	0.2798	-0.4603	-0.7497	0.4672	-0.0876	2.5093	0.5002	-0.3647	-2.9310	-7.6613	-5.3747	-12.87226720531504	0	2	5	Jump	Normal
1.5323	-2.1835	-1.9920	46.9139	127.1284	78.8339	26.9072	23.3309	-2.4848	4.2594	6.3244	2.0515	-0.3847	-0.7471	0.5347	-0.0892	-4.2531	-2.4825	-0.0687	-2.7271	-8.5079	-4.0435	-2.0149179418336316	0	2	5	PT	Normal
0.3831	-16.2806	13.9055	61.0936	116.0370	80.9386	25.0131	24.8319	-5.0128	2.7167	-6.9855	15.9864	-0.2693	-0.7304	0.6240	-0.0672	5.0712	-5.2245	-0.7313	-2.3336	-9.2950	-2.0809	18.084976190535322	0	2	5	Jump	Normal
-1.0726	-19.6133	4.4053	62.0195	73.3801	92.7965	14.1297	24.8644	-16.7179	-3.0881	-10.1067	3.0894	-0.0859	-0.6523	0.7100	-0.2511	2.1737	3.0366	-2.1971	2.0155	-9.5066	1.3159	-1.2836510505738978	0	2	5	PT	Normal
-1.8771	2.7198	-1.9154	62.6761	71.7387	97.5500	9.7521	23.3618	-19.8555	-3.3598	12.3107	-3.3258	-0.0987	-0.6468	0.7214	-0.2269	-0.6514	-0.7174	1.5548	1.4828	-9.5909	1.4105	-16.31091117465268	0	2	5	Jump	Normal
-1.8381	-1.0337	0.9954	54.7993	94.9480	93.0527	14.0106	22.6485	-17.1381	-0.6276	8.6859	1.4831	-0.2608	-0.6759	0.6688	-0.1668	-3.0695	2.8182	2.1428	-1.2106	-9.7196	-0.4877	-1.487684866757085	0	2	5	PT	Normal
1.4946	-18.4635	-5.1721	49.9335	134.0764	76.0967	20.3444	22.6238	-6.1542	4.8695	-10.3702	-0.7811	-0.3848	-0.7588	0.5240	-0.0390	-2.5401	2.9706	2.5610	-3.3749	-8.0933	-4.3910	16.90045577497411	0	2	5	Jump	Normal
-0.6895	-1.4174	1.3024	36.5036	124.1644	88.5283	23.8451	19.6606	0.5628	2.3771	6.7784	5.7292	-0.4807	-0.7033	0.5085	-0.1253	1.4025	0.4363	-0.4100	-3.0667	-8.1958	-4.4267	-17.18773013990561	0	2	5	Jump	Normal
1.8777	-1.3785	-5.1721	37.5999	115.8578	88.5361	22.8280	19.3884	-0.9976	4.2611	7.5102	-1.7834	-0.4374	-0.6939	0.5464	-0.1693	-1.5099	-1.2180	-0.9778	-2.3834	-8.8886	-3.3887	3.6277747374754536	0	2	5	Jump	Normal
-1.5700	-17.1227	12.6025	46.8440	108.0796	93.3909	19.4860	18.9385	-2.4878	1.1977	-7.9479	14.6842	-0.3804	-0.6793	0.6128	-0.1354	6.1813	-2.9938	-0.2918	-2.7677	-9.1749	-2.0818	15.64596789574163	0	2	5	Jump	Normal
-1.7232	-19.6127	3.1406	53.2082	78.5911	83.5526	11.1230	18.3625	-11.4024	-4.3462	-10.2351	1.9788	-0.1188	-0.6532	0.6725	-0.3271	1.4888	4.4705	-7.3268	2.6230	-9.3776	1.1618	-1.381242925307454	0	3	6	Walk	Normal
0.1538	3.7547	-0.4220	46.0908	74.3586	89.0759	7.1968	19.1652	-14.7787	-1.9029	13.1663	-2.2556	-0.1677	-0.6151	0.6828	-0.3567	-0.3658	-0.0143	0.8598	2.0568	-9.4116	1.8337	-16.15570121247375	0	3	6	Run	Normal
-1.1486	-2.2978	1.3785	37.1474	96.6562	87.0960	13.0409	19.3001	-12.4720	-0.9565	7.4651	2.2845	-0.3343	-0.6591	0.6067	-0.2929	-4.3011	2.9333	1.6742	-0.1921	-9.7630	-0.9061	-0.8660912409249857	0	3	6	Walk	Normal
9.3087	-13.8672	-0.8428	37.3510	132.3495	72.3167	16.6191	22.9634	-5.7543	10.9258	-5.7446	4.4089	-0.4069	-0.7760	0.4623	-0.1361	-2.6297	3.4904	2.1993	-1.6171	-8.1226	-5.2517	13.80770278963045	0	3	6	Run	Normal
-0.9571	3.5632	6.6649	30.2791	122.1844	80.9448	21.7000	21.9429	-0.0979	0.3376	12.1741	11.1758	-0.4524	-0.7248	0.4768	-0.2066	2.4442	-0.4020	0.1540	-1.2947	-8.6109	-4.5110	-9.105120217390628	0	3	6	Run	Normal
1.6095	-3.9067	-10.1137	38.7261	125.7311	79.4804	24.1715	21.1402	-2.1857	3.6787	4.5744	-5.6458	-0.4205	-0.7423	0.5020	-0.1422	-5.5133	-3.1323	0.8124	-2.0692	-8.4812	-4.4679	3.342865993102058	0	3	6	Walk	Normal
-3.7918	-15.5521	1.6466	56.6522	100.7268	91.9178	22.7588	21.4644	-6.9651	-1.9454	-5.9732	2.6501	-0.2769	-0.6888	0.6577	-0.1277	2.8703	-6.1428	-0.9318	-1.8464	-9.5789	-1.0035	5.131309929265878	0	3	6	Run	Normal
-3.5237	-16.2800	-7.7387	50.0668	77.5538	89.3882	13.9510	22.1198	-16.5227	-5.2464	-6.7216	-9.0953	-0.1646	-0.6354	0.6852	-0.3157	1.4332	3.6982	-0.5153	1.7228	-9.5584	1.3566	2.274745603244849	0	3	6	Walk	Normal
-1.2635	3.2184	-4.5209	46.3040	84.8425	82.3641	17.4429	22.9979	-15.3055	-3.1930	12.8141	-5.1297	-0.1900	-0.6579	0.6465	-0.3362	-2.1354	-0.2614	0.4828	1.9294	-9.5957	0.6089	-12.675391539842469	0	3	6	Run	Normal
-3.6386	-14.2114	-7.4322	42.8661	120.4725	69.8412	22.0418	23.5021	-8.7184	-3.3754	-5.1110	-3.7870	-0.3138	-0.7664	0.5246	-0.1973	-5.2311	-7.7247	3.0299	-0.2632	-9.1004	-3.6452	10.753596722775555	0	4	7	Run	Normal
1.7621	-5.7844	-3.6392	25.7084	125.3276	79.0875	27.1238	21.0467	-3.7629	2.6630	2.5376	1.4702	-0.4726	-0.7329	0.4374	-0.2194	0.6481	3.0697	0.8813	-0.9008	-8.3219	-5.1094	-9.387605076377579	0	4	7	Run	Normal
0.1915	4.4819	7.3167	18.5495	110.3715	84.1694	27.5747	20.2202	-1.6942	0.3380	13.7381	10.5532	-0.4748	-0.6630	0.4758	-0.3295	2.2919	0.3085	-0.7476	-0.1465	-9.2561	-3.2365	1.5249533061462195	0	4	7	Walk	Normal
2.1458	-14.4412	10.8403	27.2846	117.7501	80.1094	24.6827	21.1928	-5.2812	2.7173	-5.5318	14.8985	-0.4420	-0.7152	0.4778	-0.2546	4.1891	-0.4628	-1.5231	-0.5715	-8.9094	-4.0582	9.601755869978376	0	4	7	Run	Normal
2.9119	-19.6127	-2.8353	40.9485	88.5229	73.2921	16.3559	20.2984	-14.7536	-0.0649	-10.2707	-3.0261	-0.1893	-0.6741	0.5963	-0.3926	1.4578	3.7003	-8.7211	2.9769	-9.3420	0.1908	1.8451887194749546	0	4	7	Walk	Normal
1.3797	3.0269	-0.3837	29.3001	80.4377	75.4926	12.5815	22.2348	-16.6904	-1.8145	12.1893	-1.8043	-0.2297	-0.6122	0.5814	-0.4842	-0.5832	0.2094	0.1515	3.1942	-9.1625	1.4207	-16.68081008648435	0	4	7	Run	Normal
-0.8039	0.6518	0.3059	29.4274	93.9473	76.6094	14.1342	23.0673	-13.7392	-2.7467	10.2461	0.8939	-0.3023	-0.6623	0.5548	-0.4028	-3.0025	0.3468	1.8143	1.9429	-9.5943	-0.5881	-2.269369800559316	0	4	7	Walk	Normal
-4.0600	-19.6127	-16.0130	36.6158	122.4920	72.9860	16.9396	23.6147	-8.4690	-3.4756	-10.7836	-11.7846	-0.3735	-0.7590	0.4930	-0.2034	-1.2277	-3.3305	1.2150	-0.5843	-8.8291	-4.2285	24.563688915571415	0	4	7	Run	Normal
-1.2635	-2.1829	-4.7124	21.9808	125.4416	80.8868	19.9755	22.5314	-3.9893	-0.4274	6.0430	0.5610	-0.4995	-0.7207	0.4208	-0.2325	1.7529	2.5221	0.8624	-0.8362	-8.2259	-5.2734	-20.29796657793716	0	4	7	Run	Normal
0.8817	3.5249	9.6528	17.4077	110.8937	85.3390	22.7908	22.2348	-3.7771	1.1800	12.7415	12.9900	-0.4887	-0.6568	0.4716	-0.3278	2.2973	0.2052	-0.6929	-0.2984	-9.2166	-3.3372	4.969089931365306	0	4	7	Run	Normal
4.4053	-3.2944	2.2218	27.5150	118.8259	78.8813	21.7258	23.2047	-5.8127	4.8920	5.5571	6.4153	-0.4377	-0.7226	0.4721	-0.2516	3.5937	-0.1006	-1.0721	-0.4866	-8.8515	-4.1934	-4.381379390527074	0	5	8	Run	Normal
-0.0760	-19.6127	6.2818	42.5283	87.2534	76.8284	14.1233	21.0512	-16.6540	-2.6173	-10.1474	5.9355	-0.1938	-0.6669	0.6152	-0.3731	2.1833	2.9141	-3.0439	2.5413	-9.4653	0.3463	14.661656505034621	0	5	8	Run	Normal
-0.1909	3.1418	2.5660	39.9106	79.0133	80.2379	13.4142	20.2644	-19.7988	-3.0049	12.4261	1.1325	-0.1840	-0.6270	0.6333	-0.4147	-0.9561	-0.5863	0.5818	2.8139	-9.2843	1.4335	-16.53329156852174	0	5	8	Run	Normal
0.1921	0.4986	0.8422	36.9907	95.9498	78.0543	16.2292	20.7442	-17.2088	-1.2282	10.1679	1.6541	-0.2786	-0.6810	0.5828	-0.3448	-3.3785	1.4526	1.1528	1.4204	-9.6693	-0.8119	-3.063598882104034	0	5	8	Walk	Normal
8.5814	-12.7940	-3.0652	36.6656	130.4630	69.8041	19.5715	24.1562	-9.5727	9.5723	-4.4796	2.0397	-0.3851	-0.7823	0.4618	-0.1627	-3.1069	2.1961	2.7752	-0.9909	-8.3145	-5.1049	14.709997255359678	0	5	8	Run	Normal
-0.3065	0.9577	1.9154	25.8260	122.9917	78.3991	23.1169	22.0312	-3.2703	0.3183	9.4828	6.7220	-0.4587	-0.7312	0.4462	-0.2364	2.2962	1.0723	0.1184	-0.6247	-8.5252	-4.8067	-13.54409139575031	0	5	8	Run	Normal
0.9577	-1.8771	-6.8953	36.1610	129.6575	75.0160	22.2696	20.5794	-4.5106	2.5730	6.3710	-1.8423	-0.4191	-0.7629	0.4690	-0.1497	0.4426	-0.0899	-0.4419	-1.6153	-8.2480	-5.0530	5.046816604151996	0	5	8	Run	Normal
-3.9067	-19.6127	-1.1115	56.4401	103.7077	82.2784	16.5218	18.8113	-10.6012	-3.2678	-9.9115	0.1733	-0.2359	-0.7140	0.6381	-0.1652	2.4774	-8.1337	-3.9611	-0.6390	-9.7012	-1.2848	12.818750445409005	0	5	8	Run	Normal
-1.0337	-12.7174	-6.2447	44.6464	83.5536	78.0711	8.9270	16.8650	-17.0042	-3.8048	-3.3431	-7.0279	-0.1681	-0.6571	0.6310	-0.3765	1.6241	2.3389	-0.3488	2.7711	-9.3743	0.7832	-5.823342713806884	0	5	8	Run	Normal
-1.9920	3.2561	-3.2561	42.0042	92.3108	76.7382	12.0710	16.0279	-17.8493	-3.9822	12.8543	-2.9622	-0.2233	-0.6820	0.6041	-0.3466	-2.0191	0.2648	1.6848	1.9902	-9.5982	-0.2939	-9.188315282240673	0	6	9	Run	Normal
-0.3065	-5.0182	2.7964	36.9592	123.7969	66.4950	19.1538	18.5175	-12.9601	-0.5490	3.7632	7.1554	-0.3338	-0.7815	0.4788	-0.2203	-5.3054	-6.4815	1.7284	0.2426	-8.7815	-4.3589	0.7357091363510744	0	6	9	Walk	Normal
-1.3785	-3.3704	-3.0652	25.9420	131.8882	73.8195	23.3375	18.0639	-8.3365	-0.6618	4.4391	2.8228	-0.4612	-0.7665	0.4024	-0.1945	-1.0007	4.1296	1.8477	-0.7166	-7.8096	-5.8879	-0.9931638505937048	0	6	9	Walk	Normal
0.6901	3.6398	9.2698	19.9743	119.2792	79.4551	27.8243	15.1787	-2.7813	0.7355	12.3490	13.7774	-0.4757	-0.7096	0.4332	-0.2872	3.3946	0.6803	-0.3339	-0.0453	-8.7092	-4.5077	5.2229044673958205	0	6	9	Run	Normal
2.8353	-4.1749	6.1669	31.4571	128.9872	70.6532	25.8937	16.5680	-4.3423	3.3481	4.0841	11.4299	-0.4071	-0.7763	0.4393	-0.1967	2.4785	-2.2833	-1.2265	-0.5128	-8.2589	-5.2631	-2.014014434483932	0	6	9	Walk	Normal
-5.3241	-19.6127	-6.3979	53.4988	100.3672	78.4500	20.0975	15.6252	-14.4211	-5.8656	-9.8774	-5.3480	-0.2105	-0.7136	0.6294	-0.2243	4.1850	0.2403	-8.3574	0.5415	-9.7353	-1.0499	13.337151381619378	0	6	9	Run	Normal
1.8393	-6.7032	0.5740	40.4121	82.2641	80.0819	16.5700	16.5778	-18.4140	-0.6773	2.7218	-0.4310	-0.1980	-0.6400	0.6287	-0.3950	0.8539	-0.1464	-0.4617	2.5166	-9.4249	1.0050	-14.331176172371698	0	6	9	Run	Normal
-0.8422	1.6478	-0.3071	40.6538	95.6223	72.9784	16.9037	20.8886	-18.7120	-3.1005	11.1631	0.4220	-0.2256	-0.6973	0.5814	-0.3532	-2.1842	0.3319	1.3802	2.2583	-9.5153	-0.7290	-5.098763261975451	0	6	9	Run	Normal
-3.4860	-10.8409	0.9194	42.5798	125.8548	65.8755	20.3366	26.2627	-14.2817	-3.1874	-1.9983	5.1490	-0.3124	-0.7862	0.5019	-0.1801	-3.1484	-8.1231	1.6828	-0.2985	-8.8427	-4.2297	9.54878804386262	0	6	9	Run	Normal
-0.1526	-0.8422	0.9188	23.0999	130.2754	71.9266	23.5092	28.1810	-7.0946	-0.1092	7.0424	6.7502	-0.4539	-0.7689	0.3889	-0.2267	0.7026	2.6766	0.6485	-0.0434	-7.8846	-5.8314	-10.168950025720399	0	6	9	Run	Normal
2.5289	2.2990	3.5620	19.5693	112.4278	76.9284	25.1221	27.6828	-3.4188	1.6994	11.4126	7.0873	-0.4355	-0.7001	0.4515	-0.3412	1.9308	-0.6013	-0.2091	0.8294	-9.1135	-3.5253	3.680754796891694	0	7	10	Run	Normal
3.7158	-1.8004	0.3831	25.0565	126.1295	69.5062	23.3217	30.2671	-6.4720	3.2365	6.4765	5.6211	-0.4154	-0.7711	0.4110	-0.2531	3.3135	-1.1999	-0.7151	0.4793	-8.2769	-5.2381	-0.7897234651240819	0	7	10	Walk	Normal
0.4214	-19.6133	-5.3630	45.0448	100.9368	65.1422	15.4322	28.3595	-19.7316	-2.4315	-10.3232	-4.0483	-0.1781	-0.7317	0.5655	-0.3364	2.5647	2.7969	-7.9205	2.8528	-9.2901	-1.3147	16.19094109471707	0	7	10	Run	Normal
1.9920	-0.8811	-0.0766	37.7268	85.3967	70.4410	11.2845	24.7779	-24.6500	-1.7342	8.1687	-0.6991	-0.1760	-0.6613	0.5802	-0.4417	-0.7557	-0.8420	-0.2532	3.7261	-9.0498	0.6225	-18.158160718772866	0	7	10	Run	Normal
-0.9954	1.1498	0.2292	37.3116	94.9163	70.2287	13.3151	24.5808	-24.2858	-3.8210	10.5168	0.8978	-0.2246	-0.6954	0.5613	-0.3884	-2.0660	0.3351	2.0914	2.8256	-9.3670	-0.6686	-0.6415274570536902	0	7	10	Walk	Normal
-2.5666	-19.3835	-14.8249	38.5219	129.0203	60.7901	19.5626	29.2143	-15.3365	-2.9283	-10.8567	-9.9943	-0.3087	-0.8068	0.4624	-0.1998	-1.5792	-0.8995	0.9889	0.3617	-8.5268	-4.8306	22.999439299832368	0	7	10	Run	Normal
-2.6809	-2.4128	-2.2607	20.9448	131.4167	67.5689	22.2476	29.8687	-10.6707	-3.3434	5.2699	3.7981	-0.4362	-0.7865	0.3626	-0.2441	-0.7834	4.0497	1.5130	0.6624	-7.6827	-6.0588	-20.280711321826814	0	7	10	Run	Normal
5.4785	-6.8181	-0.8434	17.4039	112.0138	74.0376	28.4389	27.5687	-5.4602	4.0354	2.2254	2.6643	-0.4259	-0.7053	0.4329	-0.3657	2.0385	-2.0692	0.2293	1.4431	-9.0435	-3.5077	4.530311287920366	0	7	10	Run	Normal
1.3408	-10.1131	11.7603	38.7953	113.8737	72.7772	24.4086	26.6242	-11.7115	1.0608	-0.8112	14.8538	-0.3231	-0.7439	0.5294	-0.2491	6.1206	-5.1808	1.0362	0.2800	-9.3019	-3.0935	6.781444760113784	0	7	10	Run	Normal
4.5969	-19.6133	4.6352	42.6076	90.7770	68.6984	14.4481	22.0871	-22.0367	1.1187	-10.4447	4.7332	-0.1636	-0.6915	0.5827	-0.3943	2.2452	2.7703	-0.7033	3.4782	-9.1686	-0.0980	5.102722854828807	0	7	10	Run	Normal
1.6855	0.3065	-0.7661	40.0184	89.3270	66.5954	14.8525	20.4516	-22.4435	-2.2775	9.2763	-0.8543	-0.1592	-0.6857	0.5679	-0.4265	-1.1946	-1.2362	-0.3347	3.9630	-8.9699	0.0881	-18.794554780235533	0	8	11	Run	Normal
-1.7998	-1.4551	1.1103	34.1668	101.1886	69.3067	15.3753	21.8519	-20.1289	-4.1996	7.9223	2.6848	-0.2666	-0.7136	0.5317	-0.3701	-2.9523	1.7977	1.9151	2.3997	-9.3773	-1.5745	0.6903395675622519	0	8	11	Walk	Normal
13.7912	-17.7740	-3.5632	35.9609	128.7708	55.0229	15.6127	26.1102	-13.6043	12.3631	-9.4418	1.4075	-0.2778	-0.8223	0.4368	-0.2361	-2.7829	0.9444	1.2663	1.4281	-8.3321	-4.9707	20.2103964467257	0	8	11	Run	Normal
0.4220	-0.6506	2.1063	16.5727	128.7183	60.8524	17.0951	28.2380	-5.3014	-1.7766	6.8842	7.9856	-0.3980	-0.8008	0.3289	-0.3034	0.0294	2.1652	0.0754	2.1986	-7.5349	-5.8793	-20.53285299438665	0	8	11	Run	Normal
2.5289	-2.6043	-4.5209	22.5592	123.3448	64.0263	19.5532	25.9709	-3.6804	0.8001	5.6663	0.4573	-0.3789	-0.7812	0.3927	-0.3033	-3.5712	-5.3353	0.4250	1.7288	-8.2706	-4.9781	3.5534332820367154	0	8	11	Run	Normal
4.2910	-16.1651	10.5339	34.5241	121.2649	61.4498	17.3204	24.7048	-6.4805	2.8186	-7.4232	14.7272	-0.3001	-0.7898	0.4616	-0.2705	5.4538	-1.8679	-1.0536	1.4724	-8.7418	-4.1933	13.967831402225096	0	8	11	Run	Normal
4.7890	-19.6127	3.6003	39.2384	93.7285	63.9422	10.2381	21.3203	-14.2221	0.8528	-10.6443	4.0942	-0.1692	-0.7047	0.5489	-0.4166	2.4305	4.3331	-1.1963	3.9362	-8.9684	-0.4940	0.7416460186966667	0	8	11	Walk	Normal
2.7587	1.2264	0.5357	36.4542	87.5655	66.6302	11.1320	19.1380	-15.6036	-1.3548	10.1224	0.2007	-0.1723	-0.6732	0.5575	-0.4542	-0.9346	-1.3629	0.0809	4.1135	-8.8960	0.3350	-17.441249998966825	0	8	11	Run	Normal
-0.0766	0.5746	1.4174	32.4744	102.5228	62.2300	11.2515	20.1411	-14.2202	-3.5268	9.5774	3.2114	-0.2372	-0.7316	0.4972	-0.4017	-2.8020	-0.4969	0.5987	3.4502	-9.0028	-1.7940	-1.5348220900438072	0	8	11	Walk	Normal
11.4545	-10.3807	1.1486	23.7519	130.9920	50.6055	11.4588	24.8087	-6.4370	8.7590	-3.0159	7.0366	-0.3034	-0.8415	0.3428	-0.2869	-3.1941	-0.5874	0.6985	2.6954	-7.3647	-5.8879	13.969732617421426	0	8	11	Run	Normal
0.3837	0.8817	-0.3454	13.7952	128.8567	54.1317	14.5829	27.0668	-0.8112	-2.9019	7.9297	5.6297	-0.3613	-0.8210	0.2914	-0.3323	0.5194	1.2917	0.0785	3.2856	-7.0481	-5.9750	-14.479365136919883	0	9	12	Run	Normal
1.1115	-4.0217	1.0720	18.8120	123.1554	63.2637	17.8483	26.5863	-1.2276	-1.0374	4.0887	6.1489	-0.3888	-0.7795	0.3686	-0.3244	-3.6489	-7.4818	1.7552	2.1489	-8.1104	-5.0769	3.286254524086603	0	9	12	Walk	Normal
2.5289	-16.7397	9.3847	32.6049	121.8821	59.5126	18.1239	25.4683	-4.3672	0.7093	-8.1478	13.7481	-0.2980	-0.7960	0.4444	-0.2829	5.3206	-2.8330	-0.1218	1.8196	-8.5919	-4.3634	15.048815073442293	0	9	12	Run	Normal
6.5122	-19.6133	1.3024	40.0587	92.8684	63.1481	11.8172	24.3509	-12.6786	2.3701	-10.7323	1.6782	-0.1553	-0.7036	0.5505	-0.4217	2.1536	4.2553	-0.2016	4.1421	-8.8810	-0.3757	1.35036715422061	0	9	12	Walk	Normal
1.9537	2.1069	-2.0686	39.1962	90.7025	63.5477	12.8012	23.5276	-15.0529	-2.3463	10.9201	-1.9754	-0.1525	-0.6939	0.5515	-0.4372	-1.1733	-0.7898	-0.1035	4.3000	-8.8132	-0.0932	-17.16667059992023	0	9	12	Run	Normal
-0.6512	0.4597	0.7661	34.0302	104.8259	63.2391	14.2297	24.7053	-11.9303	-3.6658	9.5569	2.8458	-0.2453	-0.7388	0.5033	-0.3751	-2.6572	0.4395	1.8033	3.0146	-9.0972	-2.0797	-2.4349166460454974	0	9	12	Walk	Normal
8.2361	-19.3835	-7.3167	28.5597	130.9928	50.0809	16.3013	25.3360	-5.8928	5.8448	-11.7329	-1.6665	-0.2806	-0.8422	0.3735	-0.2692	-3.3432	-0.8154	0.6283	2.3912	-7.6505	-5.6502	21.189884445128804	0	9	12	Run	Normal
0.6895	0.3831	0.2682	12.7394	127.2486	56.5549	20.3880	25.5615	-1.4160	-2.5205	7.6182	6.0578	-0.3784	-0.8075	0.2967	-0.3417	0.5812	1.5048	0.0552	3.2100	-7.2351	-5.7896	-21.462327939185144	0	9	12	Run	Normal
2.7970	-4.4047	0.7655	14.4771	119.2789	61.6196	22.6182	25.0994	-1.9204	-0.2138	3.6910	5.4094	-0.3837	-0.7678	0.3502	-0.3750	-0.6225	-2.5134	0.4334	3.0109	-8.0957	-4.6439	4.440442782343683	0	9	12	Run	Normal
2.5289	-16.2034	8.6185	27.7754	123.6297	60.2584	21.6289	25.1042	-5.8652	0.6758	-7.8579	13.4240	-0.3314	-0.7970	0.4131	-0.2904	4.4450	-1.8220	0.8363	1.8531	-8.3454	-4.8055	13.252732852191627	0	9	12	Run	Normal
11.3006	-19.6133	3.4860	39.2878	95.1138	58.7976	15.1164	24.6300	-15.7211	6.7139	-10.9719	4.1626	-0.1435	-0.7169	0.5281	-0.4320	3.4671	1.9117	0.7128	4.5867	-8.6414	-0.6767	4.376472951950188	0	10	13	Run	Normal
1.0349	0.1921	2.3361	40.0382	93.1950	62.7577	14.8317	22.8112	-19.0112	-3.1345	9.0585	2.7547	-0.1546	-0.7053	0.5485	-0.4217	0.7773	-2.6135	0.1056	4.1694	-8.8663	-0.4185	-20.340498456461322	0	10	13	Run	Normal
-1.0337	0.5752	0.2292	41.0525	106.1505	62.5944	14.8939	23.8517	-19.3052	-3.7789	9.7624	2.2863	-0.2089	-0.7492	0.5318	-0.3351	-1.8475	-0.4223	1.9847	2.7453	-9.1872	-2.0571	-1.3573231842353195	0	10	13	Walk	Normal
12.7952	-15.7437	-5.8616	38.0827	135.9943	43.0460	14.6658	30.2031	-14.1358	10.7860	-7.9137	-0.3095	-0.2078	-0.8602	0.4113	-0.2185	-2.2960	-0.8761	1.7130	2.0092	-7.8299	-5.5522	19.912324099634297	0	10	13	Run	Normal
3.1795	-4.6352	-4.2521	23.2887	136.5616	48.7397	15.9940	33.3457	-8.4684	0.8490	2.2902	2.2886	-0.3074	-0.8596	0.3204	-0.2528	-0.9389	2.9546	1.0940	2.3305	-6.9254	-6.5407	-14.069257065905507	0	10	13	Run	Normal
1.1115	-0.6889	1.7232	16.7447	121.9294	54.6395	22.5529	32.5804	-3.4439	-2.4864	6.9635	6.6898	-0.3342	-0.8010	0.3335	-0.3682	-1.1658	-0.6300	0.0064	3.5979	-7.6525	-4.9666	-4.8848250079461515	0	10	13	Run	Normal
5.0188	-13.8666	6.8564	27.0550	124.0431	51.5342	22.3044	33.3154	-3.4509	1.9193	-5.9508	11.7457	-0.2744	-0.8210	0.3843	-0.3210	5.4133	-2.0766	-1.6640	3.0996	-7.9158	-4.8893	14.099677162904005	0	10	13	Run	Normal
2.6055	-11.7597	0.1143	34.5681	109.6882	53.9649	18.4936	32.4912	-12.2978	-1.3104	-3.1903	2.8350	-0.2018	-0.7733	0.4659	-0.3797	2.6809	0.3394	-0.4101	3.9159	-8.5694	-2.7207	-4.217453219054031	0	10	13	Run	Normal
3.5626	-2.7964	-2.0303	39.3953	101.3576	58.4938	20.0071	28.7375	-16.5467	-0.4169	6.0415	-0.5378	-0.1695	-0.7398	0.5190	-0.3931	0.4875	-2.5304	-0.5795	3.9795	-8.8379	-1.4925	-7.082149773184551	0	10	13	Run	Normal
-2.6815	-1.9537	0.4980	41.9235	110.5494	55.8123	17.4029	28.7775	-17.7207	-5.9387	6.9347	3.0592	-0.1791	-0.7736	0.5088	-0.3325	-1.7154	0.2968	0.8347	3.2572	-8.8883	-2.5612	-1.608368738129029	0	11	14	Walk	Normal
12.9867	-18.7699	-0.6901	40.6010	124.1573	46.0871	17.5311	29.9294	-14.2920	9.9400	-10.4386	3.4904	-0.1749	-0.8262	0.4540	-0.2841	-1.7921	-5.4482	0.9465	3.0468	-8.3314	-4.1806	19.480149751408725	0	11	14	Run	Normal
6.2447	-9.0016	2.6043	30.7155	132.5633	45.8132	17.4329	30.8083	-11.1160	3.6398	-1.4606	8.3070	-0.2455	-0.8547	0.3743	-0.2629	-3.1407	1.6337	0.9902	2.6049	-7.5410	-5.7027	-11.574173038463055	0	11	14	Run	Normal
0.5752	-0.2292	0.4591	18.5994	122.4855	50.5871	21.2544	30.0774	-3.1385	-3.3790	7.2284	5.4510	-0.2993	-0.8154	0.3309	-0.3687	0.7635	2.7746	-0.2828	3.9542	-7.4576	-4.9919	-10.490063914723189	0	11	14	Run	Normal
2.9886	-1.4934	3.2938	13.0512	127.8509	47.1350	20.7847	30.1971	0.3362	-1.2830	5.1067	9.1559	-0.3110	-0.8379	0.2682	-0.3595	1.3387	-1.0508	0.0815	4.2716	-6.6001	-5.8621	3.920780014020994	0	11	14	Run	Normal
5.1721	-11.1085	1.0720	17.4444	124.3491	47.1227	20.2480	29.4189	0.1536	0.8785	-4.0465	6.3508	-0.2845	-0.8296	0.3074	-0.3693	-0.0143	1.8371	-0.0124	4.2936	-7.0620	-5.2788	7.608750060103952	0	11	14	Run	Normal
3.3716	-8.9250	-0.6135	28.4897	112.0760	50.4303	19.2738	29.7862	-4.2597	-1.0621	-0.7997	2.6258	-0.2181	-0.7859	0.4153	-0.4029	2.6425	-0.3083	0.3167	4.4338	-8.1253	-3.2394	-2.740029306054584	0	11	14	Walk	Normal
3.4099	-6.0903	-1.7627	30.3663	106.8884	54.4531	18.7248	27.5629	-9.9333	-0.8736	2.3821	0.6954	-0.2160	-0.7607	0.4501	-0.4149	0.4491	-0.0249	-0.2202	4.2835	-8.4723	-2.4581	-2.3612714238739434	0	11	14	Walk	Normal
2.7964	-12.8712	1.6089	35.1690	103.5917	56.4705	18.8938	27.6214	-10.3703	-1.3622	-4.1919	3.4928	-0.1898	-0.7484	0.4881	-0.4071	0.6973	-0.8484	-0.3448	4.1586	-8.6793	-1.8839	6.070323003410135	0	11	14	Run	Normal
3.4099	-8.4270	2.3361	39.0512	98.3097	62.0810	17.2699	26.6084	-12.8332	-0.3445	0.5655	3.4369	-0.1804	-0.7236	0.5345	-0.3978	0.5024	-1.5760	0.4872	3.7544	-8.9925	-1.1007	-3.8832577615514747	0	11	14	Run	Normal
4.7890	-5.7072	0.7655	38.0819	94.5318	63.1080	18.1079	25.3684	-13.9735	0.7935	3.2278	1.3755	-0.1747	-0.7075	0.5399	-0.4212	-0.2667	-0.1432	0.1693	3.9955	-8.9350	-0.6099	-1.8966104201227632	0	12	15	Walk	Normal
3.0269	-9.1548	-0.4986	38.1334	93.1669	63.5140	16.8291	25.9074	-13.7621	-1.0404	-0.2415	-0.0724	-0.1704	-0.7019	0.5437	-0.4275	0.2372	1.3897	-0.1567	4.0673	-8.9133	-0.4262	2.1656050236533373	0	12	15	Walk	Normal
3.2184	-9.0016	-0.6901	40.0222	93.4719	63.2402	17.3399	25.8170	-13.3707	-0.8478	-0.0892	-0.2352	-0.1590	-0.7056	0.5498	-0.4177	0.4694	-0.9155	0.0159	4.0663	-8.9124	-0.4549	-0.070581001097068	0	12	15	Upright	Normal
3.9846	-8.7718	0.1526	43.9866	93.1718	64.2674	16.4188	25.8202	-14.9621	0.0729	0.2125	0.5430	-0.1403	-0.7073	0.5693	-0.3949	0.2233	0.0912	0.0425	3.9117	-8.9842	-0.3904	0.05107440145650699	0	12	15	Upright	Normal
3.1418	-9.0399	0.4974	44.2550	92.4484	65.0052	15.5774	25.2582	-15.2238	-0.7331	-0.0362	0.7976	-0.1396	-0.7041	0.5737	-0.3944	0.2467	-0.3584	0.0564	3.8749	-9.0037	-0.3002	-0.05238084346264671	0	12	15	Upright	Normal
3.2944	-9.0788	0.4214	43.4890	91.3299	66.0355	15.0965	25.4263	-16.0915	-0.5444	-0.0563	0.5866	-0.1449	-0.6982	0.5759	-0.3999	0.0635	-0.1187	-0.0479	3.8388	-9.0225	-0.1652	0.08400635911849008	0	12	15	Upright	Normal
3.3327	-9.1171	0.4597	43.2333	90.7370	66.5963	14.7831	24.5668	-16.6547	-0.4829	-0.0836	0.5517	-0.1469	-0.6951	0.5777	-0.4020	0.0316	-0.0718	-0.0458	3.8156	-9.0335	-0.0920	0.05078396992549905	0	12	15	Upright	Normal
3.4477	-9.0022	0.3831	41.3920	89.6901	67.3153	14.5451	24.8717	-17.4383	-0.3666	0.0322	0.3434	-0.1570	-0.6880	0.5750	-0.4139	0.0273	0.0677	-0.0341	3.8143	-9.0344	0.0397	-0.07057484676971093	0	12	15	Upright	Normal
3.7164	-9.0782	0.4591	40.4482	88.9259	67.9087	15.2040	25.0627	-16.3979	-0.0814	-0.0379	0.3193	-0.1625	-0.6830	0.5749	-0.4203	0.0103	0.1231	-0.0372	3.7978	-9.0404	0.1398	0.17275421897113752	0	12	15	Upright	Normal
3.5249	-8.9250	0.5740	39.5010	88.4748	68.0733	15.2476	25.2764	-16.7760	-0.2897	0.1071	0.3727	-0.1669	-0.6796	0.5728	-0.4268	0.0135	0.0496	-0.0117	3.8146	-9.0321	0.2013	-0.20717626537253864	1	12	16	Upright	Normal
3.5249	-8.9633	0.6889	39.1305	87.9111	68.5599	15.1849	25.1245	-16.6897	-0.2673	0.0763	0.4118	-0.1692	-0.6762	0.5741	-0.4296	0.0188	-0.0196	-0.0043	3.7921	-9.0396	0.2771	0.043085598404116965	1	12	16	Upright	Normal
3.4866	-8.9250	0.5740	38.7480	87.6833	68.8497	15.4704	24.3471	-16.9658	-0.2803	0.1242	0.2649	-0.1720	-0.6743	0.5742	-0.4313	-0.0110	-0.0196	0.0212	3.7668	-9.0492	0.3092	-0.057063321975025616	1	12	16	Upright	Normal
3.6015	-8.9250	0.6123	38.6534	87.4533	69.1817	15.5099	25.4224	-16.6994	-0.1347	0.1357	0.2720	-0.1734	-0.6727	0.5755	-0.4315	0.0167	-0.0654	0.0042	3.7362	-9.0607	0.3403	0.044684802295915205	1	12	16	Upright	Normal
3.5249	-9.0782	0.5740	38.2534	87.3096	69.3285	15.1413	25.3599	-16.7031	-0.1998	-0.0136	0.2126	-0.1760	-0.6713	0.5748	-0.4336	0.0049	0.0145	0.0084	3.7246	-9.0646	0.3614	0.11169441143017877	1	12	16	Upright	Normal
3.4866	-8.9633	0.6889	38.3605	87.0649	69.6388	14.6656	24.7787	-16.8204	-0.2131	0.1101	0.2952	-0.1759	-0.6701	0.5768	-0.4329	0.0667	0.0326	0.0159	3.6996	-9.0734	0.3937	-0.11323115638532144	1	12	16	Upright	Normal
3.4866	-9.0399	0.8039	38.8565	86.7969	69.9524	15.4038	24.8404	-16.4876	-0.1927	0.0404	0.3772	-0.1734	-0.6695	0.5801	-0.4305	0.0890	-0.1613	0.0170	3.6793	-9.0803	0.4266	0.08008069506575843	1	12	16	Upright	Normal
3.5243	-9.0788	0.4980	38.1940	86.8102	70.0226	15.2021	25.1129	-16.4642	-0.1380	0.0082	0.0691	-0.1779	-0.6682	0.5780	-0.4333	-0.0655	0.0070	-0.0053	3.6622	-9.0870	0.4289	0.02931548473992507	1	12	16	Upright	Normal
3.5632	-9.0399	0.7272	36.7768	86.7087	70.0951	15.2958	25.0909	-16.4432	-0.0869	0.0510	0.2764	-0.1863	-0.6651	0.5735	-0.4405	-0.0473	0.1593	-0.0096	3.6501	-9.0909	0.4509	-0.0076071399049482125	1	12	16	Upright	Normal
3.5632	-8.9250	0.6889	35.9490	86.6168	70.1427	15.5339	25.0061	-16.8395	-0.0816	0.1671	0.2206	-0.1911	-0.6630	0.5710	-0.4449	-0.0505	0.0784	-0.0107	3.6447	-9.0921	0.4684	-0.10931614626474939	1	12	16	Upright	Normal
3.6015	-9.0782	0.5740	35.2167	86.6310	70.1414	16.2216	25.3006	-16.1632	-0.0365	0.0165	0.1032	-0.1956	-0.6616	0.5683	-0.4483	-0.0559	0.1125	-0.0149	3.6380	-9.0947	0.4708	0.14869670663462742	2	12	17	Upright	Normal
3.5632	-9.0399	0.4591	34.4279	86.7006	70.0857	16.3638	25.6505	-15.7019	-0.0715	0.0564	-0.0064	-0.2003	-0.6604	0.5652	-0.4520	-0.0515	0.0869	-0.0036	3.6347	-9.0963	0.4655	-0.05571444125977543	2	12	17	Upright	Normal
3.4482	-9.1548	0.5740	33.7054	86.7077	70.0431	16.6848	25.9162	-15.7513	-0.1870	-0.0588	0.1055	-0.2044	-0.6590	0.5624	-0.4557	-0.0312	0.0262	-0.0058	3.6353	-9.0960	0.4685	0.07184743762791257	2	12	17	Upright	Normal
3.5249	-9.0016	0.5740	33.4388	86.7440	70.0272	15.6395	25.0914	-15.4760	-0.1077	0.0956	0.1092	-0.2061	-0.6587	0.5613	-0.4568	-0.0259	0.0432	-0.0100	3.6326	-9.0972	0.4648	-0.11531338779986733	2	12	17	Upright	Normal
3.5249	-8.9633	0.5740	33.4270	86.7631	69.9970	15.6341	24.8244	-15.5824	-0.1109	0.1329	0.1119	-0.2061	-0.6588	0.5611	-0.4569	-0.0046	-0.0484	-0.0036	3.6357	-9.0962	0.4621	-0.03559062889384457	2	12	17	Upright	Normal
3.5626	-9.0022	0.5746	33.4223	86.8053	70.0002	16.2265	25.5748	-15.4724	-0.0690	0.0959	0.1185	-0.2063	-0.6589	0.5610	-0.4567	0.0050	-0.0558	0.0027	3.6316	-9.0981	0.4561	0.04996875372517451	2	12	17	Upright	Normal
3.4860	-9.1554	0.3448	33.4169	86.8072	70.0389	16.5469	25.2236	-15.5774	-0.1393	-0.0548	-0.1110	-0.2066	-0.6588	0.5611	-0.4565	-0.0068	-0.0100	0.0044	3.6253	-9.1007	0.4558	0.10412408920706007	2	12	17	Upright	Normal
3.6009	-9.0022	0.6129	33.1450	86.7623	70.1116	15.7527	24.9871	-15.8393	-0.0145	0.1019	0.1492	-0.2084	-0.6580	0.5605	-0.4577	0.0124	-0.0708	0.0097	3.6154	-9.1041	0.4637	-0.08764883564369619	2	12	17	Upright	Normal
3.4866	-9.0016	0.5357	33.5183	86.7518	70.1248	16.1317	24.8003	-16.1069	-0.1305	0.1019	0.0726	-0.2062	-0.6587	0.5619	-0.4559	-0.0057	0.0059	-0.0084	3.6170	-9.1035	0.4631	-0.04692602237579102	2	12	17	Upright	Normal
3.6009	-9.0405	0.5363	33.3601	86.7642	70.1075	16.1354	25.0432	-15.7410	-0.0168	0.0628	0.0741	-0.2071	-0.6584	0.5613	-0.4567	-0.0206	0.0049	-0.0062	3.6176	-9.1034	0.4622	0.07791094498696616	2	12	17	Upright	Normal
3.4866	-9.0782	0.4974	33.3323	86.7446	70.1795	16.0767	25.2368	-15.4724	-0.1211	0.0289	0.0322	-0.2076	-0.6582	0.5615	-0.4566	0.0113	-0.0271	0.0044	3.6076	-9.1071	0.4652	-0.008582953169131713	3	12	18	Upright	Normal
3.5632	-9.0399	0.5357	33.1570	86.7271	70.1946	15.5026	25.2451	-16.0003	-0.0422	0.0679	0.0670	-0.2087	-0.6577	0.5609	-0.4575	-0.0014	0.0113	-0.0060	3.6054	-9.1078	0.4687	-0.00587342357910714	3	12	18	Upright	Normal
3.5632	-9.1165	0.5740	33.5215	86.6149	70.2810	15.9540	25.2100	-16.2754	-0.0409	-0.0088	0.0913	-0.2064	-0.6579	0.5628	-0.4559	0.0668	-0.1506	0.0100	3.6040	-9.1077	0.4827	0.07336447032131943	3	12	18	Upright	Normal
3.6009	-9.0405	0.4214	33.7464	86.5792	70.2806	15.5994	25.1599	-15.9160	-0.0081	0.0649	-0.0651	-0.2049	-0.6582	0.5637	-0.4550	0.0263	-0.0771	-0.0103	3.6090	-9.1054	0.4865	-0.06455510198929737	3	12	18	Upright	Normal
3.4482	-8.9633	0.4974	34.9369	86.4432	70.3636	15.1095	25.0503	-16.3761	-0.1689	0.1383	-0.0012	-0.1976	-0.6599	0.5685	-0.4497	0.0316	-0.0377	-0.0060	3.6172	-9.1016	0.4986	-0.12380378828031269	3	12	18	Upright	Normal
3.5249	-9.0782	0.5357	34.9645	86.2962	70.4590	15.2442	25.0078	-16.3463	-0.0905	0.0229	0.0166	-0.1972	-0.6593	0.5692	-0.4499	0.0497	-0.0356	-0.0039	3.6154	-9.1011	0.5191	0.13667584634526975	3	12	18	Upright	Normal
3.6015	-9.0399	0.5357	34.9123	86.1519	70.5214	14.9800	24.4790	-16.0429	-0.0162	0.0591	-0.0039	-0.1972	-0.6585	0.5696	-0.4507	0.0337	-0.0239	-0.0069	3.6176	-9.0990	0.5396	-0.007592732700768323	3	12	18	Upright	Normal
3.5249	-8.9633	0.6506	34.7164	86.2117	70.4586	15.2701	24.8467	-16.1624	-0.0958	0.1350	0.1181	-0.1983	-0.6584	0.5685	-0.4516	-0.0195	0.0155	-0.0080	3.6206	-9.0983	0.5326	-0.09220142598325509	3	12	18	Upright	Normal
3.6781	-8.9633	0.6506	34.6614	86.0785	70.5171	15.3317	24.8817	-16.7413	0.0555	0.1330	0.0991	-0.1983	-0.6577	0.5688	-0.4523	-0.0057	0.0028	-0.0069	3.6226	-9.0963	0.5516	0.05698760607107545	3	12	18	Upright	Normal
3.6398	-9.0399	0.6123	34.5977	86.0236	70.5560	15.2518	24.4407	-16.0734	0.0192	0.0567	0.0527	-0.1986	-0.6573	0.5688	-0.4528	0.0156	-0.0036	-0.0058	3.6206	-9.0966	0.5596	0.053936456307710046	4	12	19	Upright	Normal
3.6015	-9.0782	0.5740	34.5516	85.9486	70.5885	15.3592	24.1673	-16.7512	-0.0202	0.0174	0.0034	-0.1987	-0.6568	0.5689	-0.4533	0.0199	-0.0004	-0.0026	3.6217	-9.0956	0.5706	0.018987137082358885	4	12	19	Upright	Normal
3.6398	-9.0016	0.6123	34.4979	85.9385	70.5925	15.0364	24.8438	-16.5970	0.0184	0.0940	0.0400	-0.1990	-0.6567	0.5687	-0.4536	-0.0067	0.0038	-0.0046	3.6214	-9.0956	0.5724	-0.054434293675583945	4	12	19	Upright	Normal
3.5632	-8.9633	0.6889	34.4311	85.8108	70.6485	14.6902	24.6842	-16.7989	-0.0599	0.1305	0.0982	-0.1991	-0.6559	0.5689	-0.4543	0.0231	-0.0026	-0.0003	3.6230	-9.0938	0.5908	-0.05877310744602937	4	12	19	Upright	Normal
3.6009	-9.0405	0.7278	34.3994	85.7638	70.6710	15.0972	24.4890	-16.8025	-0.0223	0.0527	0.1302	-0.1992	-0.6556	0.5690	-0.4547	0.0071	0.0059	-0.0003	3.6232	-9.0932	0.5977	0.08827659979811564	4	12	19	Upright	Normal
3.5249	-8.9633	0.7272	34.4081	85.6584	70.7627	14.2380	25.1392	-16.8433	-0.0929	0.1311	0.1148	-0.1992	-0.6551	0.5696	-0.4548	0.0231	-0.0068	0.0061	3.6178	-9.0944	0.6125	-0.09951553114969869	4	12	19	Upright	Normal
3.5249	-9.0399	0.6889	34.3830	85.6427	70.7625	14.6444	24.9996	-16.3480	-0.0941	0.0539	0.0741	-0.1992	-0.6549	0.5695	-0.4550	0.0157	0.0017	-0.0025	3.6190	-9.0938	0.6149	0.06833794852810549	4	12	19	Upright	Normal
3.6009	-8.9639	0.6512	34.3323	85.6041	70.7641	15.1235	24.2698	-16.9173	-0.0206	0.1284	0.0305	-0.1994	-0.6547	0.5694	-0.4554	-0.0036	0.0368	-0.0107	3.6215	-9.0923	0.6207	-0.0451976173689026	4	12	19	Upright	Normal
3.4866	-9.0399	0.6506	34.3971	85.7050	70.7422	14.7169	24.6717	-16.8839	-0.1303	0.0552	0.0447	-0.1993	-0.6553	0.5694	-0.4546	-0.0089	-0.0644	0.0095	3.6169	-9.0951	0.6059	0.028743097854981414	4	12	19	Upright	Normal
3.5249	-8.8867	0.7655	34.3309	85.7121	70.7435	14.5781	24.6192	-16.5967	-0.0905	0.2090	0.1601	-0.1998	-0.6551	0.5691	-0.4549	0.0017	0.0049	0.0020	3.6154	-9.0957	0.6054	-0.11994356382739646	4	12	19	Upright	Normal
3.6009	-8.9639	0.7661	34.3165	85.6778	70.7362	15.3152	24.9293	-16.5102	-0.0186	0.1300	0.1558	-0.1997	-0.6550	0.5691	-0.4552	-0.0174	0.0091	-0.0054	3.6194	-9.0939	0.6104	0.09960659599556898	5	12	20	Upright	Normal
3.6015	-8.8867	0.6889	34.1690	85.7254	70.6849	15.0434	24.5669	-16.6039	-0.0205	0.2065	0.0842	-0.2005	-0.6550	0.5683	-0.4559	-0.0217	0.0603	-0.0161	3.6220	-9.0932	0.6047	-0.0769827399833467	5	12	20	Upright	Normal
3.6015	-8.9633	0.7655	34.0964	85.6723	70.6638	14.7508	24.5694	-16.8551	-0.0277	0.1266	0.1528	-0.2005	-0.6546	0.5681	-0.4567	-0.0216	0.0038	-0.0121	3.6292	-9.0899	0.6128	0.07660346221542902	5	12	20	Upright	Normal
3.6398	-9.0016	0.6889	34.0908	85.6450	70.6775	15.1223	24.4343	-16.6213	0.0105	0.0878	0.0723	-0.2005	-0.6545	0.5681	-0.4568	-0.0131	-0.0143	-0.0067	3.6293	-9.0894	0.6167	0.04396596456252411	5	12	20	Upright	Normal
3.6009	-9.0022	0.6512	34.0968	85.6597	70.6435	15.3411	24.9130	-16.5238	-0.0326	0.0857	0.0367	-0.2004	-0.6546	0.5680	-0.4568	-0.0057	-0.0281	-0.0046	3.6335	-9.0879	0.6146	-0.016522389286290462	5	12	20	Upright	Normal
3.5626	-9.0022	0.6895	34.1194	85.6574	70.5992	14.9000	25.0683	-16.5914	-0.0784	0.0827	0.0748	-0.2000	-0.6547	0.5679	-0.4570	-0.0003	-0.0345	-0.0046	3.6410	-9.0849	0.6147	-0.01148160301741008	5	12	20	Upright	Normal
3.6015	-9.0016	0.7655	34.0819	85.6534	70.5929	14.3229	25.3210	-17.0562	-0.0404	0.0829	0.1501	-0.2001	-0.6546	0.5678	-0.4572	-0.0014	-0.0143	-0.0110	3.6419	-9.0845	0.6155	0.01947681782833044	5	12	20	Upright	Normal
3.6009	-9.0022	0.6895	34.0540	85.6112	70.5657	14.5598	24.1367	-15.8723	-0.0486	0.0789	0.0678	-0.1999	-0.6545	0.5676	-0.4577	-0.0110	0.0113	-0.0182	3.6495	-9.0811	0.6217	-0.005353501032315577	5	12	20	Upright	Normal
3.5626	-9.0022	0.7278	34.0333	85.5690	70.5977	14.9680	24.0427	-17.1006	-0.0853	0.0792	0.1001	-0.2000	-0.6542	0.5678	-0.4579	0.0040	0.0304	-0.0064	3.6479	-9.0814	0.6277	-0.011327385220154085	5	12	20	Upright	Normal
3.6009	-9.0022	0.6129	34.1067	85.6361	70.5215	15.3467	24.6214	-16.0463	-0.0540	0.0769	-0.0048	-0.1995	-0.6548	0.5676	-0.4575	0.0040	-0.0441	-0.0118	3.6549	-9.0791	0.6177	0.006194232187036519	5	12	20	Upright	Normal
3.6775	-8.8873	0.6129	34.0330	85.6234	70.5146	15.0752	24.8233	-16.4737	0.0211	0.1911	-0.0072	-0.1998	-0.6546	0.5673	-0.4580	-0.0088	0.0273	-0.0064	3.6564	-9.0784	0.6201	-0.07740481310794678	6	12	21	Upright	Normal
Total time: 21 seconds.
