-1.1103	-9.2698	-0.5752	76.9721	133.9599	-172.4128	13.2748	18.8688	13.3676	0.4806	0.2848	0.9590	-0.7349	-0.1952	0.2675	0.5918	-0.1491	-0.0396	0.0004	-1.5909	-9.5545	-1.5342	-0.1522068363712652	11	0	6	Upright	Normal
-1.1875	-9.5385	-0.4597	76.8665	136.5334	-175.2906	13.6821	18.4614	13.7302	0.3454	0.0118	1.1574	-0.7365	-0.2001	0.2661	0.5889	-0.2545	0.0105	0.0132	-1.5329	-9.5503	-1.6171	0.2693615968839236	11	0	6	Upright	Normal
-1.4174	-9.5768	-0.3065	76.5199	136.8793	-175.4379	13.0516	18.0175	14.3772	0.1450	-0.0401	1.3619	-0.7387	-0.1983	0.2654	0.5869	-0.2130	0.0446	0.0664	-1.5624	-9.5367	-1.6683	0.0628517584179793	11	0	6	Upright	Normal
-1.1875	-10.1131	-1.1875	76.8604	137.1371	-176.3294	13.3954	16.8651	14.3668	0.3288	-0.5631	0.4464	-0.7361	-0.2036	0.2675	0.5875	0.0214	-0.1163	-0.1178	-1.5163	-9.5500	-1.6339	0.5656175308204432	11	0	6	Upright	Normal
-2.4134	-8.8490	-2.4900	79.6444	133.2260	-172.5417	12.9511	16.4470	13.7596	-1.1293	0.7982	-1.2830	-0.7200	-0.2078	0.2660	0.6064	0.8715	-0.0886	-0.2894	-1.2840	-9.6471	-1.2070	-0.74741234947723	11	0	6	Upright	Normal
-0.4974	-10.8403	-1.6095	84.7710	104.8206	-143.7650	12.9120	17.2307	13.6137	0.3651	-1.0742	-1.3812	-0.6841	-0.2088	0.2620	0.6478	0.4741	0.2076	-0.5258	-0.8625	-9.7661	-0.2283	1.4662364048854197	11	0	6	Upright	Normal
-0.4214	-7.7381	0.3448	87.6196	34.4528	-76.2660	12.6401	17.5169	11.2285	-0.1930	2.0604	0.0120	-0.6521	-0.2404	0.2643	0.6687	0.3431	-0.3655	-0.2712	-0.2283	-9.7984	0.3328	-3.21318183997058	11	0	6	Upright	Normal
-0.1915	-7.8147	0.9577	87.4971	50.8696	-94.2959	13.2411	17.4229	11.2272	0.1395	1.9827	0.6885	-0.6522	-0.2469	0.2762	0.6614	-0.2801	-0.1600	0.2923	-0.3310	-9.7974	0.2692	0.11826102444174769	0	0	6	Upright	Normal
0.6512	-11.2240	0.5746	87.4510	44.5033	-88.8558	14.7668	16.2259	12.0580	0.9557	-1.4269	0.2649	-0.6484	-0.2525	0.2812	0.6608	0.2131	-0.1259	-0.0198	-0.3045	-9.7971	0.3097	3.3820550580435214	0	0	6	Upright	Normal
-3.2555	-10.4190	-2.6055	88.5995	95.8798	-138.4807	15.8414	14.9987	11.6555	-3.0206	-0.6150	-2.5812	-0.6627	-0.2492	0.2644	0.6549	-0.5730	0.4760	-0.4204	-0.2349	-9.8040	-0.0242	-0.035139611298887985	0	0	6	Upright	Normal
-1.0337	-9.1548	-0.6518	86.6139	176.9320	141.5581	16.2016	14.7167	13.4957	-1.0029	0.6349	-0.0763	-0.6808	-0.2567	0.2441	0.6411	0.1759	0.0361	-0.2563	-0.0308	-9.7897	-0.5755	-1.9864061616312334	0	0	7	Upright	Normal
-2.1069	-6.9719	-0.2298	86.3438	158.6424	162.8577	16.7801	15.3398	13.3611	-1.8796	2.8150	0.3513	-0.6897	-0.2322	0.2338	0.6447	-0.0266	0.7934	0.0037	-0.2273	-9.7869	-0.5812	-1.9490813955670445	0	0	7	Upright	Normal
0.6135	-7.8907	0.1143	86.4234	149.1438	175.2056	16.5391	15.3447	14.3722	0.9257	1.8971	0.6369	-0.6942	-0.2113	0.2212	0.6515	-0.0393	0.5505	0.0601	-0.3121	-9.7878	-0.5225	0.6284174723624023	0	0	7	Upright	Normal
-0.4980	-7.8530	0.5363	87.4309	178.5159	150.8976	15.8498	14.8600	15.4494	-0.4865	1.9439	0.9758	-0.6973	-0.1902	0.1827	0.6665	-0.2332	0.7476	-0.1071	-0.0115	-9.7969	-0.4395	-0.028309541681339034	0	0	7	Upright	Normal
-0.7272	-7.3927	1.3018	87.3655	167.4341	164.9142	14.9311	13.7081	16.7613	-0.6298	2.4038	1.7385	-0.7026	-0.1692	0.1685	0.6703	0.0182	0.4972	0.1624	-0.0974	-9.7965	-0.4366	-0.34544344198672317	0	0	7	Upright	Normal
-1.0720	-9.3464	-2.2224	86.3979	31.9984	-58.4536	15.8382	13.4108	16.1223	-0.7465	0.4411	-2.7433	-0.6724	-0.1460	0.1775	0.7036	1.6470	-0.0514	0.2050	-0.3255	-9.7875	0.5209	2.1250288997335174	0	0	7	Upright	Normal
1.2258	-18.0044	-1.2641	81.8944	6.0672	-34.0138	17.4587	14.9442	15.3678	1.3719	-8.2955	-2.6381	-0.6375	-0.1532	0.1874	0.7314	0.4421	0.3651	-0.6035	-0.1460	-9.7089	1.3740	8.423685353730818	0	0	7	Upright	Normal
0.9577	-8.1977	0.4980	85.5022	-2.8030	-23.4251	16.8511	15.8411	15.4970	0.9203	1.5790	-0.2684	-0.6609	-0.1554	0.1653	0.7154	-0.7829	-0.0322	0.5161	0.0374	-9.7767	0.7664	-9.821837800689378	0	0	7	Upright	Normal
2.1841	-3.6386	0.6506	87.6506	76.7366	-104.9690	18.0733	14.8783	16.0959	2.5753	6.1598	0.5584	-0.6858	-0.1579	0.1869	0.6854	-1.0396	-0.8717	0.6513	-0.3912	-9.7984	0.0922	-3.975097378576609	0	0	7	Upright	Normal
0.1915	-8.6574	-1.0726	86.9591	114.5040	-147.8952	21.5455	13.7279	16.5084	0.6632	1.1356	-0.8576	-0.6894	-0.1890	0.2171	0.6647	0.0629	-0.2378	-0.1881	-0.4717	-9.7930	-0.2150	4.432328034297574	0	0	7	Upright	Normal
-2.7964	-10.6111	-2.6815	85.9292	138.9647	-170.2068	22.0463	12.8035	17.3208	-2.3406	-0.8290	-2.1578	-0.7032	-0.1795	0.2010	0.6579	0.2770	0.6059	-0.3564	-0.4558	-9.7821	-0.5237	2.5705780897187687	0	1	8	PT	Normal
2.2990	-12.8706	0.4974	88.9778	169.7237	161.1749	21.3558	13.2765	18.3233	2.3303	-3.0655	0.6695	-0.6907	-0.1781	0.1772	0.6781	-0.4154	0.0882	-0.5546	-0.0313	-9.8052	-0.1721	1.7875029496792987	0	1	8	PT	Normal
-2.0297	-5.5156	-1.0349	83.2530	138.3099	-174.3006	20.5313	14.1908	18.8931	-1.2644	4.2234	-0.1757	-0.7094	-0.2013	0.2347	0.6333	-0.5347	0.3833	0.5576	-0.7652	-9.7390	-0.8592	-7.116149336183087	0	1	8	Jump	Normal
-0.2292	-4.8644	0.2676	82.7938	158.1007	168.0882	19.8460	13.9039	20.5346	0.2295	4.8649	1.4088	-0.7195	-0.2013	0.2091	0.6310	-0.0340	1.1833	-0.2680	-0.4588	-9.7293	-1.1413	-1.0904812849037988	0	1	8	PT	Normal
-0.4208	-6.7032	0.2676	84.2949	138.1434	-173.3918	18.4332	13.1691	22.3683	0.2292	3.0550	0.9931	-0.7051	-0.1994	0.2282	0.6410	0.5370	0.2980	0.2305	-0.6500	-9.7582	-0.7256	1.8445802803434672	0	1	8	PT	Normal
-1.1103	-18.4635	-1.1115	82.3090	28.6629	-68.1229	18.4949	15.6658	20.5028	-0.4814	-8.7448	-2.2621	-0.6326	-0.2028	0.2736	0.6955	2.1572	-0.8343	0.3967	-0.6289	-9.7187	1.1506	11.808494661891071	0	1	8	Jump	Normal
0.4220	-11.0702	0.4208	83.7722	-3.7220	-38.5316	19.4957	18.7593	19.2501	0.3530	-1.3213	-0.6403	-0.6220	-0.2430	0.2660	0.6952	-0.7147	0.0541	-0.3383	0.0690	-9.7489	1.0611	-7.443988986293267	0	1	8	Jump	Normal
1.0732	-4.0217	1.3402	88.9172	21.8539	-67.8360	18.9064	19.2496	19.3897	1.1389	5.7835	1.1766	-0.6463	-0.2719	0.2808	0.6553	-1.2974	-0.8610	0.5789	-0.0657	-9.8052	0.1636	-6.713362651296223	0	1	8	Jump	Normal
-0.7278	-1.9537	0.5363	85.2978	132.2851	173.6805	21.2102	16.9104	20.1504	-0.1333	7.8201	1.0769	-0.6565	-0.3107	0.3312	0.6023	-0.3792	-1.0879	0.4106	-0.5945	-9.7737	-0.5406	-2.22013506158745	0	1	8	PT	Normal
-1.8387	-9.8067	-4.4436	83.3609	124.4723	-178.8995	24.0211	16.7066	20.0370	-0.9050	-0.0655	-3.8024	-0.6638	-0.3034	0.3422	0.5918	-0.5635	-0.0407	0.3722	-0.9337	-9.7411	-0.6412	8.769619656878211	0	1	8	Jump	Normal
-9.1171	-17.1616	2.0686	84.2418	110.8111	-167.3567	24.4655	16.5378	20.4036	-8.1989	-7.4042	2.4177	-0.6488	-0.3113	0.3577	0.5952	0.6669	-0.1718	-0.0198	-0.9182	-9.7574	-0.3491	8.620451151001568	0	2	9	Jump	Normal
-1.3785	-10.0742	-0.6901	84.2514	116.8816	-171.8058	23.2408	18.3869	20.1654	-0.5037	-0.3166	-0.2466	-0.6554	-0.3050	0.3463	0.5979	-0.4569	0.0967	0.6268	-0.8748	-9.7576	-0.4435	-9.35133558043893	0	2	9	Jump	Normal
-1.1109	-4.8650	-0.1915	80.9576	130.1700	178.6836	22.9380	16.9500	21.3943	0.0661	4.8200	0.8021	-0.6866	-0.2814	0.3271	0.5851	-0.4356	1.1726	-0.0997	-1.1770	-9.6850	-0.9936	-5.197571321000038	0	2	9	Jump	Normal
-0.5746	-5.9376	0.7661	81.2301	146.5622	168.4597	20.5465	16.2943	23.4639	0.2488	3.7546	2.0132	-0.7045	-0.2594	0.2799	0.5984	-0.1118	0.7636	-0.0805	-0.8235	-9.6922	-1.2471	1.020434695519488	0	2	9	PT	Normal
-1.0343	-5.5929	1.3408	83.5712	128.7508	-170.0624	17.6610	16.2275	24.3656	-0.1779	4.1521	2.0282	-0.6947	-0.2289	0.2692	0.6265	0.9684	0.1840	0.1187	-0.8564	-9.7450	-0.6874	-0.1706971294162507	0	2	9	Upright	Normal
0.4214	-18.6173	-1.6472	80.5829	29.6612	-74.5599	17.3748	20.1611	23.3071	1.2152	-8.9426	-3.0409	-0.6157	-0.2233	0.3149	0.6869	1.0877	-0.9270	0.3104	-0.7938	-9.6747	1.3937	12.851144281609939	0	0	9	Upright	Normal
0.3837	-10.9170	0.0760	83.6306	0.3004	-46.8874	18.6845	24.3502	19.8285	0.3894	-1.1706	-1.0102	-0.6125	-0.2635	0.2949	0.6844	-0.7446	-0.0514	-0.5641	-0.0057	-9.7463	1.0862	-7.770772447429561	0	0	9	Upright	Normal
0.6129	-2.0686	1.7621	87.2165	117.3774	-169.4879	19.9974	21.9928	21.5899	1.0329	7.7267	1.9797	-0.6488	-0.3003	0.3206	0.6214	-0.9523	-1.2552	0.6865	-0.4200	-9.7953	-0.2176	-8.138372555949479	0	0	9	Upright	Normal
-0.9577	-6.5505	-1.4557	85.8930	123.4881	-179.3242	23.2051	20.1228	22.4191	-0.3720	3.2310	-1.0681	-0.6467	-0.3187	0.3430	0.6022	0.2611	0.1340	-0.1316	-0.5857	-9.7815	-0.3876	3.992663814345608	0	0	9	Upright	Normal
1.9920	-8.2361	0.1149	86.1284	145.6705	157.9611	23.0410	20.8683	21.6247	2.3649	1.5483	0.6609	-0.6466	-0.3312	0.3363	0.5992	0.4070	0.2362	-0.4512	-0.3729	-9.7844	-0.5460	1.6960539387505218	0	0	9	Upright	Normal
0.0000	-18.0427	0.0766	87.1650	110.3854	-164.9864	22.0231	21.9617	21.1368	0.4534	-8.2479	0.2453	-0.6411	-0.3124	0.3359	0.6153	0.0352	0.6080	-0.7175	-0.4534	-9.7948	-0.1686	1.6960539387505218	0	0	10	Upright	Normal
-3.2172	-9.7677	-0.6135	84.0609	116.9337	-170.9278	21.6285	23.3915	21.1414	-2.3135	-0.0135	-0.1543	-0.6588	-0.2990	0.3421	0.5996	-0.5219	0.4343	0.9251	-0.9037	-9.7543	-0.4592	1.8278206458555033	0	1	10	PT	Normal
-0.3059	-4.1366	-0.0772	80.7780	126.7549	-176.2020	21.1866	21.2761	22.6657	0.9529	5.5435	0.8630	-0.6901	-0.2676	0.3219	0.5903	-0.1853	1.0607	0.0143	-1.2588	-9.6801	-0.9402	-6.153557363166605	0	1	10	Jump	Normal
-0.6129	-5.2098	1.4557	81.6665	130.3531	-176.3312	19.4202	20.6283	23.6016	0.4694	4.4936	2.3753	-0.6951	-0.2524	0.2984	0.6033	0.0118	0.6250	-0.0879	-1.0823	-9.7034	-0.9197	1.295348488982948	0	1	10	PT	Normal
-1.0337	-6.8181	0.0760	82.2566	91.4816	-135.0587	17.9999	21.1365	23.5429	0.2858	2.8994	0.1103	-0.6739	-0.2180	0.3057	0.6362	1.2922	0.0626	0.2210	-1.3195	-9.7175	-0.0343	1.452471748821079	0	1	10	PT	Normal
1.6095	-19.0381	-0.8051	78.0005	34.6434	-82.7051	19.3749	24.1242	18.6444	2.7681	-9.4454	-2.4817	-0.6039	-0.2233	0.3495	0.6807	1.0259	-0.7897	-0.1220	-1.1586	-9.5927	1.6767	12.226534107402244	0	1	10	Jump	Normal
0.4980	-12.4882	0.9577	82.3541	15.2315	-63.4145	18.7235	25.6055	16.7557	0.8405	-2.7684	-0.3002	-0.6076	-0.2582	0.3179	0.6805	-0.7563	0.2841	-0.7463	-0.3425	-9.7197	1.2579	-6.588202746934989	0	1	10	Jump	Normal
0.6512	-5.6695	0.9960	85.9217	48.9512	-98.8005	18.2980	24.9554	18.6649	1.1759	4.1125	0.5393	-0.6339	-0.2737	0.3219	0.6478	-0.8468	-0.5169	0.7131	-0.5246	-9.7820	0.4567	-6.74172568011718	0	1	10	Jump	Normal
1.6861	-7.5076	-1.1881	84.7785	89.6884	-142.9516	20.2150	23.3310	18.8674	2.5766	2.2586	-1.1929	-0.6457	-0.2878	0.3454	0.6172	-0.4292	-0.5489	0.2391	-0.8905	-9.7662	0.0048	1.9927533663275394	0	1	10	PT	Normal
0.4986	-6.0903	0.4208	86.4543	120.6421	-175.1781	21.4771	22.8491	18.9409	1.0201	3.6977	0.7298	-0.6468	-0.3122	0.3354	0.6097	-0.3994	-0.3891	-0.4288	-0.5215	-9.7879	-0.3090	-1.66064550978001	0	1	10	PT	Normal
-4.4813	-18.5018	-1.4180	85.4286	87.3414	-141.2394	20.2662	23.5408	17.8342	-3.7008	-8.7263	-1.4542	-0.6414	-0.2945	0.3459	0.6182	0.4049	0.3118	-0.1050	-0.7805	-9.7755	0.0362	12.964362773249285	0	2	11	Jump	Normal
-3.4854	-11.4916	-0.8051	87.0646	110.8870	-163.9888	18.7862	23.9129	18.0621	-3.0182	-1.6976	-0.6267	-0.6456	-0.3037	0.3281	0.6191	-0.0244	-0.3167	0.6236	-0.4672	-9.7939	-0.1784	-7.054017984217067	0	2	11	Jump	Normal
0.4986	-5.9753	0.2292	81.0609	125.6945	-178.5961	20.7743	22.1370	18.5240	1.7361	3.7124	1.1184	-0.6799	-0.2883	0.3398	0.5824	-0.6774	0.7199	0.1996	-1.2375	-9.6877	-0.8891	-6.035046899558513	0	2	11	Jump	Normal
-0.7272	-5.1709	1.2635	81.1092	135.3441	176.6407	18.5666	20.9145	20.2586	0.3373	4.5182	2.3411	-0.6953	-0.2675	0.3061	0.5927	-0.1437	0.3247	0.0484	-1.0645	-9.6890	-1.0775	-0.6279730210269623	0	2	11	PT	Normal
-0.7272	-7.6992	0.7655	82.2287	119.2469	-165.1661	17.6508	20.2481	20.1107	0.4290	2.0176	1.4130	-0.6874	-0.2458	0.3045	0.6118	0.6552	0.3034	0.2731	-1.1562	-9.7167	-0.6475	2.398788522762988	0	2	11	PT	Normal
-0.6129	-13.7140	-0.8811	80.3182	49.7722	-99.2231	17.8495	21.9644	17.9295	0.6460	-4.0468	-1.9459	-0.6240	-0.2372	0.3522	0.6559	2.5887	-1.0122	-0.1498	-1.2589	-9.6672	1.0648	5.984675196455444	0	2	11	Jump	Normal
2.2218	-16.5104	0.2298	83.1027	22.6169	-75.2966	19.8296	23.9187	14.0244	2.6742	-6.7745	-0.8559	-0.6046	-0.2812	0.3452	0.6604	-0.5794	-0.1504	-0.7825	-0.4524	-9.7359	1.0858	2.9048725145691225	0	2	11	PT	Normal
-0.5363	-4.2521	1.2641	87.8734	118.2597	-173.2536	18.2662	21.6517	16.0783	-0.2191	5.5480	1.4347	-0.6379	-0.3190	0.3336	0.6164	-1.3070	-0.7267	0.4563	-0.3172	-9.8001	-0.1706	-12.192484272100746	0	2	11	Jump	Normal
1.0726	-2.9497	1.6089	84.2683	121.6559	-179.8019	20.5459	20.6321	17.2880	1.9052	6.8082	2.1223	-0.6481	-0.3259	0.3604	0.5865	0.0001	-0.5829	0.5298	-0.8326	-9.7579	-0.5134	-0.9413196706769544	0	2	11	PT	Normal
5.6318	-10.2274	-2.3373	86.0826	84.5839	-141.4251	20.3399	21.3255	15.9208	6.2970	-0.4435	-2.4003	-0.6310	-0.3141	0.3585	0.6121	-0.0809	0.1245	-0.0933	-0.6653	-9.7839	0.0630	8.380130018652595	0	2	11	Jump	Normal
-1.0343	-18.1576	-2.8730	86.7401	144.8646	156.3271	18.9447	22.5398	16.2075	-0.7141	-8.3667	-2.4181	-0.6358	-0.3450	0.3490	0.5958	-0.3397	-0.7735	-0.2031	-0.3202	-9.7909	-0.4549	6.5054252703205915	0	3	12	Run	Normal
-4.0606	-9.8450	-1.1109	80.6860	146.6195	157.1207	17.9568	21.3905	18.4647	-3.1873	-0.1674	0.2144	-0.6787	-0.3270	0.3375	0.5644	-0.7967	1.0129	0.8164	-0.8733	-9.6775	-1.3253	-7.7052445165448	0	3	12	Run	Normal
-0.9194	-5.0949	-0.6512	75.1496	135.5404	174.7885	18.1205	18.3993	20.9710	0.8410	4.3844	1.1426	-0.7224	-0.2638	0.3252	0.5503	-0.2215	0.9691	0.9262	-1.7603	-9.4792	-1.7939	-5.489330479512579	0	3	12	Run	Normal
1.4563	-11.9896	2.6043	75.4798	147.3614	169.9173	16.8274	17.3095	22.4475	2.7819	-2.4958	4.6742	-0.7409	-0.2380	0.2729	0.5656	-0.4069	0.7316	-0.6174	-1.3256	-9.4938	-2.0699	7.13732586041147	0	3	12	Run	Normal
-0.2292	-9.6911	0.8805	76.5795	155.6408	164.4574	15.7352	16.7385	23.6509	0.7096	-0.1522	2.9538	-0.7425	-0.2333	0.2460	0.5777	-0.1128	-0.4871	0.0740	-0.9388	-9.5389	-2.0734	-2.6215942590861143	0	3	12	Walk	Normal
-5.4390	-7.9673	-5.3636	81.4385	120.5080	-162.9809	17.2512	18.4432	22.4517	-4.1819	1.7303	-4.6229	-0.6987	-0.2227	0.2881	0.6158	1.4744	-1.7239	0.1613	-1.2571	-9.6976	-0.7407	1.303891757346026	0	3	12	Walk	Normal
3.0652	-9.0399	-2.1075	84.7761	105.2329	-146.5439	17.4532	20.6050	19.9221	3.9262	0.7262	-1.8730	-0.6798	-0.2231	0.2752	0.6421	0.0533	0.4621	-0.6547	-0.8610	-9.7661	-0.2345	-1.2622924326837257	0	3	12	Walk	Normal
-2.2595	-8.3504	0.3825	88.7236	57.0882	-102.0110	17.0320	21.6270	18.1689	-2.0833	1.4540	0.2684	-0.6520	-0.2627	0.2776	0.6548	0.2600	-0.9408	-0.3341	-0.1763	-9.8044	0.1140	-1.116168727323684	0	3	12	Walk	Normal
0.0772	-8.2738	-0.1538	87.2612	74.4049	-123.8808	18.4959	22.3765	17.4470	0.5267	1.5218	-0.2792	-0.6447	-0.2792	0.3124	0.6394	-0.1064	-0.6010	0.4627	-0.4495	-9.7956	0.1254	-0.38355762777585056	0	3	12	Upright	Normal
-0.6506	-10.2274	-0.6518	85.5302	90.6669	-142.7904	20.7515	21.4244	17.1425	0.1116	-0.4504	-0.6428	-0.6471	-0.2858	0.3350	0.6224	-0.2897	-0.4902	0.1879	-0.7623	-9.7770	-0.0090	1.9931900760760932	0	0	12	Upright	Normal
-0.9577	-11.9135	-1.4174	86.3770	101.3382	-154.8472	21.1476	21.2075	17.2817	-0.3513	-2.1264	-1.2957	-0.6449	-0.3006	0.3357	0.6173	0.4390	0.1617	-0.5439	-0.6063	-9.7872	-0.1217	1.7669046202194476	0	1	13	PT	Normal
-0.9954	-8.7334	-0.2687	85.5437	161.4156	144.7962	20.1715	21.1289	18.1604	-0.7533	1.0437	0.4516	-0.6573	-0.3235	0.3156	0.6030	-0.3014	-0.5627	-0.1690	-0.2421	-9.7772	-0.7204	-3.241634776962224	0	1	13	PT	Normal
-2.1446	-8.2355	-1.4946	82.7333	143.7330	163.6566	20.9478	20.4513	18.4054	-1.4114	1.4926	-0.4952	-0.6767	-0.3050	0.3204	0.5885	-0.4921	0.8818	0.1677	-0.7332	-9.7281	-0.9994	-0.15364395497494243	0	1	13	Upright	Normal
0.4603	-10.2657	-1.5329	81.5442	147.0636	166.1579	19.2045	19.9109	20.4940	1.2442	-0.5656	-0.3228	-0.6986	-0.2713	0.2886	0.5958	-0.0575	0.4674	0.0761	-0.7840	-9.7001	-1.2101	1.7493137391413267	0	0	13	Upright	Normal
-1.1103	-8.8867	-1.5329	79.8277	150.5598	164.4443	18.0608	20.2976	21.5484	-0.2596	0.7661	-0.0254	-0.7129	-0.2619	0.2771	0.5885	-0.2172	0.0615	0.1485	-0.8507	-9.6528	-1.5074	-1.303686941509815	0	0	13	Upright	Normal
-1.1103	-9.5762	-1.7244	78.2753	150.9344	164.3654	18.1155	19.3286	21.9416	-0.1426	0.0260	0.0166	-0.7223	-0.2590	0.2759	0.5789	-0.2737	-0.0226	0.1048	-0.9677	-9.6022	-1.7410	0.7073288560055211	0	0	13	Upright	Normal
-1.6466	-9.1165	-2.1075	76.8732	146.0744	167.7815	19.2743	18.1247	22.1051	-0.4036	0.4339	-0.2595	-0.7257	-0.2601	0.2905	0.5669	-0.0628	-0.2964	0.3285	-1.2430	-9.5505	-1.8480	-0.2926547468665639	0	0	13	Upright	Normal
-1.1103	-9.0399	-1.6095	75.6638	141.1863	172.0728	19.9714	17.2954	21.8529	0.4118	0.4615	0.2827	-0.7291	-0.2548	0.3018	0.5590	-0.0617	-0.0226	0.0953	-1.5221	-9.5014	-1.8922	-0.2517578839787564	0	0	13	Upright	Normal
-1.3018	-9.2314	-1.8777	75.3045	143.0184	169.7463	20.3580	17.4416	22.2102	0.1947	0.2545	0.1095	-0.7305	-0.2601	0.3019	0.5546	-0.1565	-0.1462	0.0186	-1.4965	-9.4860	-1.9872	0.26100318486362895	0	0	13	Upright	Normal
-1.5323	-9.1554	-2.0303	75.0219	142.3869	170.5069	20.2889	17.9601	22.0515	0.0147	0.3181	-0.0224	-0.7321	-0.2578	0.3025	0.5533	-0.0287	0.1691	0.0633	-1.5470	-9.4736	-2.0078	-0.007772020148351544	1	0	14	Upright	Normal
-1.4940	-9.3087	-1.6855	74.5977	142.3399	171.5197	20.5155	17.1144	22.5937	0.0973	0.1459	0.3763	-0.7364	-0.2507	0.2985	0.5530	-0.0479	0.1979	0.0804	-1.5912	-9.4546	-2.0619	0.07512882051961078	1	0	14	Upright	Normal
-1.1109	-9.1554	-1.9154	74.5038	142.9015	172.1208	19.7458	16.6728	23.0117	0.4694	0.2949	0.1743	-0.7396	-0.2440	0.2920	0.5551	-0.0202	0.1915	0.0473	-1.5803	-9.4504	-2.0897	-0.15795534599684657	1	0	14	Upright	Normal
-0.8811	-9.1554	-1.8004	74.6543	143.8518	171.8826	19.5595	16.6780	23.0117	0.6499	0.3017	0.2952	-0.7407	-0.2412	0.2869	0.5575	-0.0074	0.0498	0.0122	-1.5309	-9.4571	-2.0957	-0.047099685323466645	1	0	14	Upright	Normal
-1.4551	-9.1931	-1.6861	75.0734	145.4773	169.7489	19.3800	16.4872	22.7472	-0.0238	0.2828	0.3946	-0.7381	-0.2477	0.2863	0.5585	-0.0330	-0.1941	-0.0368	-1.4313	-9.4760	-2.0807	0.08678136766593703	1	0	14	Upright	Normal
-1.4934	-9.2698	-2.0309	75.0173	144.5595	169.9588	20.3727	17.0641	22.7290	-0.0236	0.2038	0.0343	-0.7365	-0.2507	0.2913	0.5567	-0.0191	-0.0557	0.0218	-1.4697	-9.4736	-2.0651	0.14742118630240242	1	0	14	Upright	Normal
-1.3402	-9.0016	-1.9160	74.7617	144.1430	170.2333	20.1672	16.8248	23.1833	0.1692	0.4606	0.1725	-0.7374	-0.2506	0.2929	0.5547	-0.0180	0.0136	0.0345	-1.5094	-9.4622	-2.0885	-0.3061333038417384	1	0	14	Upright	Normal
-1.1486	-9.4230	-1.8010	74.8240	144.3694	170.0817	20.0397	16.6477	22.9860	0.3470	0.0417	0.2857	-0.7373	-0.2506	0.2921	0.5552	-0.0170	-0.0099	-0.0017	-1.4956	-9.4647	-2.0867	0.3617589294146626	1	0	14	Upright	Normal
-1.3402	-9.1931	-1.6861	74.8702	143.9837	170.0995	20.4113	16.8203	22.5785	0.1646	0.2738	0.3838	-0.7361	-0.2524	0.2944	0.5548	-0.0255	-0.0876	0.0132	-1.5048	-9.4670	-2.0699	-0.22003950974814757	1	0	14	Upright	Normal
-1.7232	-9.1548	-1.8777	74.7358	143.5583	170.2910	20.8372	16.8954	22.2738	-0.1900	0.3062	0.1989	-0.7361	-0.2530	0.2964	0.5534	-0.0191	0.0253	0.0345	-1.5332	-9.4610	-2.0765	0.06088106503977109	1	0	14	Upright	Normal
-1.4934	-9.2698	-2.0309	74.7080	142.4132	171.7202	20.9474	16.8433	22.0705	0.0838	0.1900	0.0181	-0.7364	-0.2493	0.2969	0.5544	0.0363	0.0701	0.0303	-1.5772	-9.4598	-2.0490	0.10353281913545231	2	0	15	Upright	Normal
-1.3785	-9.0782	-1.8393	74.7014	143.0463	171.8303	20.3193	16.9471	22.7629	0.1770	0.3810	0.2283	-0.7383	-0.2455	0.2923	0.5560	0.0160	0.1404	0.0100	-1.5555	-9.4592	-2.0677	-0.2417877596589353	2	0	15	Upright	Normal
-1.1869	-9.2698	-1.9543	74.8689	143.7396	171.6971	20.2058	16.8157	22.8880	0.3268	0.1971	0.1095	-0.7389	-0.2433	0.2882	0.5583	-0.0148	0.0466	0.0015	-1.5137	-9.4668	-2.0638	0.1829607259435999	2	0	15	Upright	Normal
-1.3785	-9.2314	-1.8777	74.9145	144.0966	171.4654	20.4345	16.2147	23.3444	0.1181	0.2375	0.1896	-0.7391	-0.2431	0.2870	0.5588	-0.0095	0.0072	0.0058	-1.4965	-9.4689	-2.0672	-0.02687480303021772	2	0	15	Upright	Normal
-1.3785	-9.1931	-1.9160	74.8819	144.2092	171.3560	20.1398	16.6868	23.4020	0.1170	0.2743	0.1583	-0.7393	-0.2432	0.2869	0.5585	-0.0180	-0.0056	0.0026	-1.4955	-9.4674	-2.0743	-0.029473509721205104	2	0	15	Upright	Normal
-1.4168	-9.2698	-1.8777	74.8947	144.2003	171.3516	20.0624	16.3805	22.5209	0.0780	0.1983	0.1950	-0.7392	-0.2433	0.2869	0.5586	-0.0212	-0.0098	0.0015	-1.4947	-9.4680	-2.0726	0.0723106196855845	2	0	15	Upright	Normal
-1.5700	-9.1548	-2.0309	74.9105	144.1896	171.1430	19.8788	16.5436	22.8971	-0.0763	0.3138	0.0394	-0.7387	-0.2447	0.2880	0.5581	-0.0127	-0.0141	-0.0113	-1.4937	-9.4686	-2.0702	-0.05570882402897226	2	0	15	Upright	Normal
-1.4168	-9.1931	-1.9926	74.8288	144.1369	171.1375	19.9077	16.7667	23.1850	0.0866	0.2719	0.0872	-0.7390	-0.2449	0.2885	0.5574	-0.0148	-0.0460	0.0068	-1.5034	-9.4650	-2.0798	0.004786320927193444	2	0	15	Upright	Normal
-1.4551	-9.1931	-1.9543	74.7478	144.1277	170.9971	19.8036	16.4980	23.4483	0.0566	0.2683	0.1360	-0.7391	-0.2457	0.2893	0.5565	-0.0074	-0.0034	0.0004	-1.5116	-9.4614	-2.0903	-0.002164311239736705	2	0	15	Upright	Normal
-1.4174	-9.1937	-2.0303	74.7550	144.1258	170.9996	20.0550	16.2242	22.5729	0.0937	0.2680	0.0591	-0.7390	-0.2457	0.2893	0.5566	-0.0106	-0.0035	0.0079	-1.5110	-9.4617	-2.0894	0.01080113429960683	2	0	15	Upright	Normal
-1.4168	-9.1165	-2.0309	74.7555	144.1689	170.9562	19.9613	16.0570	22.6200	0.0923	0.3454	0.0593	-0.7390	-0.2458	0.2892	0.5566	-0.0106	0.0029	0.0058	-1.5091	-9.4619	-2.0901	-0.07448334501068388	3	0	16	Upright	Normal
Total time: 11 seconds.
