2.3756	-9.4230	-0.4220	51.1054	-92.9637	-103.8046	-24.2961	13.1186	-23.0681	-0.3443	-0.0064	-0.1035	-0.3316	0.6374	-0.6819	-0.1371	-0.0059	0.0030	-0.0545	2.7200	-9.4165	-0.3184	0.0	7	0	1	Tilt	Normal
1.9920	-9.5768	-0.3065	51.7017	-92.5746	-104.0944	-24.1315	12.9998	-22.6890	-0.7289	-0.1591	-0.0334	-0.3276	0.6376	-0.6842	-0.1340	-0.0144	0.2150	-0.0865	2.7209	-9.4177	-0.2731	0.059579847307448475	0	0	1	Upright	Normal
2.4134	-9.4236	-0.4214	52.8743	-92.3287	-104.2821	-23.6253	12.9364	-23.6040	-0.3117	-0.0061	-0.1808	-0.3207	0.6399	-0.6867	-0.1271	0.0154	0.2172	-0.0141	2.7251	-9.4174	-0.2406	-0.04972451479207862	0	0	1	Upright	Normal
2.2218	-9.7683	-0.6129	54.8493	-92.8991	-103.1638	-22.5185	13.2468	-23.5711	-0.4034	-0.3238	-0.3273	-0.3068	0.6484	-0.6866	-0.1185	-0.2541	0.4760	0.1234	2.6252	-9.4445	-0.2857	0.2996661259411315	0	0	1	Upright	Normal
1.8771	-9.9599	-0.8811	58.4694	-97.2866	-97.5066	-20.5908	14.6613	-24.0764	-0.4447	-0.4542	-0.2306	-0.2797	0.6745	-0.6752	-0.1045	-0.7665	0.7221	0.2352	2.3218	-9.5057	-0.6505	0.13694810950508085	0	0	1	Upright	Normal
1.7627	-10.5722	-2.3373	62.1406	-109.8243	-84.2705	-18.2488	17.6926	-23.7468	-0.2418	-1.0992	-0.7831	-0.2502	0.7188	-0.6435	-0.0818	-1.1894	0.8297	0.4704	2.0045	-9.4730	-1.5543	0.7965591455046379	0	0	1	Upright	Normal
2.2607	-10.1508	-2.1458	65.9681	-124.7318	-67.0420	-14.2224	21.5814	-23.0656	0.7057	-0.7394	0.1296	-0.1999	0.7590	-0.6169	-0.0580	-0.8816	0.9266	0.7644	1.5550	-9.4115	-2.2754	-0.3514603023207261	0	0	1	Upright	Normal
2.4523	-8.8867	-2.8353	65.8646	-143.5805	-46.8740	-11.0955	24.0160	-21.8032	1.1763	0.2857	0.3915	-0.1612	0.7991	-0.5781	-0.0352	-1.6720	0.5857	0.7474	1.2760	-9.1723	-3.2268	-0.9735610883015937	0	0	1	Upright	Normal
0.1532	-7.2784	-4.3670	62.5171	-154.5288	-33.8991	-8.3650	27.1824	-19.1365	-0.7268	1.5932	-0.2812	-0.1337	0.8309	-0.5391	-0.0327	-0.3234	0.0574	0.2563	0.8800	-8.8716	-4.0859	-1.1556436582114387	0	0	1	Upright	Normal
-0.1149	-7.5082	-5.7078	61.9262	-162.3444	-26.6611	-7.1009	27.4352	-18.4899	-1.1565	1.1950	-1.3099	-0.1185	0.8427	-0.5250	-0.0108	-0.1359	0.4025	-0.3072	1.0416	-8.7032	-4.3978	0.942777366638083	0	0	1	Upright	Normal
0.8045	-9.1937	-7.0868	60.3309	-164.6151	-24.1959	-7.1518	27.4480	-17.3245	-0.4833	-0.6726	-2.4065	0.1138	-0.8519	0.5112	0.0088	-0.1040	0.2960	0.0066	1.2878	-8.5211	-4.6804	2.2037565721591843	0	1	2	PT	Normal
4.4053	-6.8953	-8.2361	59.8515	-163.4964	-28.0566	-7.6202	26.5812	-16.9765	3.0396	1.5903	-3.5136	-0.1384	0.8495	-0.5091	-0.0010	0.7163	-0.8492	-0.8914	1.3657	-8.4856	-4.7224	-0.026194030629280718	0	1	2	Upright	Normal
0.2304	-6.3584	1.0720	64.9354	-136.0106	-52.0346	-9.7408	23.2529	-18.7437	-0.6182	2.9431	4.0612	-0.1625	0.7912	-0.5859	-0.0656	0.9198	-0.6606	-0.2501	0.8486	-9.3015	-2.9892	-5.157452837625284	0	0	2	Upright	Normal
2.4517	-11.4156	-1.1875	63.4572	-104.5198	-86.8112	-14.4521	17.8319	-21.2741	0.7837	-1.8144	-0.0887	-0.2283	0.7098	-0.6599	-0.0924	2.1810	-1.3999	0.2590	1.6680	-9.6012	-1.0988	5.283887861562389	0	0	2	Upright	Normal
0.0000	-7.3167	2.2218	61.5480	-82.7209	-105.4139	-16.3416	13.0686	-22.9808	-1.5323	2.3516	1.6299	-0.2190	0.6495	-0.7179	-0.1218	0.4723	-0.7064	0.1419	1.5323	-9.6682	0.5920	5.283887861562389	0	0	2	Upright	Normal
0.2298	-8.9639	-2.9113	54.1303	-84.0683	-105.6544	-18.0687	10.9161	-22.1679	-1.6113	0.6502	-3.5051	-0.2709	0.6296	-0.7111	-0.1569	0.4233	-0.5924	-0.2610	1.8411	-9.6141	0.5938	-2.308519360055792	0	0	2	Upright	Normal
-0.7278	-11.7603	0.2682	47.3101	-81.5828	-106.7896	-21.4634	8.9841	-20.2622	-2.5197	-2.1679	-0.7051	-0.2992	0.6007	-0.7130	-0.2031	0.7024	-1.4787	0.2258	1.7919	-9.5924	0.9732	2.358233033724435	0	0	2	Upright	Normal
0.9200	-9.7294	0.1526	40.6150	-98.0609	-90.4825	-24.1819	8.0539	-16.5508	-0.0569	-0.0275	1.1967	-0.3426	0.6602	-0.6211	-0.2469	-3.0793	0.4707	1.7545	0.9768	-9.7019	-1.0440	-2.011859280927146	0	0	2	Upright	Normal
5.8233	-15.0158	-1.0732	37.0926	-111.9626	-70.9182	-21.8559	14.6338	-14.1926	6.7062	-5.6975	1.8525	-0.3109	0.7433	-0.5224	-0.2791	-2.6638	-1.5714	2.0772	-0.8829	-9.3184	-2.9257	6.367162479281292	0	0	2	Upright	Normal
1.0726	-2.7198	-1.6089	37.8427	-138.9576	-42.0000	-15.4290	23.6924	-9.6118	2.8217	4.9611	4.2321	-0.2114	0.8678	-0.4024	-0.2008	-0.6057	1.4529	0.6562	-1.7491	-7.6809	-5.8410	-12.804037931866802	0	0	2	Upright	Normal
-1.1492	-1.4557	-0.9960	47.0297	-131.1099	-52.5775	-13.9999	24.3320	-12.6781	-0.4060	7.2794	3.3992	-0.2217	0.8215	-0.4937	-0.1793	2.6273	0.6731	-2.2361	-0.7433	-8.7351	-4.3952	-1.2319461734211696	0	1	3	PT	Normal
3.1412	-6.0525	-1.9154	57.0288	-125.6496	-65.4577	-18.1857	18.5018	-19.3956	2.0894	3.1882	1.1952	-0.2392	0.7755	-0.5742	-0.1080	1.9541	-0.6638	-0.3719	1.0518	-9.2407	-3.1105	4.977813406183591	0	1	3	Jump	Normal
1.6472	-15.3612	-2.9113	54.4225	-116.2161	-72.8111	-18.9016	15.5184	-20.9129	0.8812	-5.9149	-0.3909	-0.2537	0.7511	-0.5913	-0.1477	-0.9935	-0.5882	1.3634	0.7660	-9.4463	-2.5205	8.638194115257384	0	1	3	Jump	Normal
-0.3831	-8.9256	0.6129	61.0354	-111.5798	-78.5593	-17.9914	15.3702	-22.0743	-1.6671	0.6385	2.3596	-0.2300	0.7322	-0.6317	-0.1090	0.3019	3.0209	-0.5743	1.2840	-9.5641	-1.7467	-6.766360098784265	0	1	3	Jump	Normal
3.4866	-6.1286	-1.5329	59.5262	-109.4498	-81.0585	-16.6570	13.9657	-24.1110	2.1437	3.4436	0.1233	-0.2426	0.7250	-0.6338	-0.1177	-0.3831	-0.4710	-0.3314	1.3428	-9.5722	-1.6562	-1.7391465444182712	0	1	3	PT	Normal
-2.4511	-7.8141	-3.2950	49.3652	-120.1706	-66.2898	-18.8928	15.0900	-22.1463	-2.4663	1.4525	-0.0853	-0.2562	0.7733	-0.5508	-0.1815	-2.6659	-1.8569	1.3403	0.0153	-9.2666	-3.2097	1.611847425913063	0	1	3	PT	Normal
1.2641	-17.6213	-5.6312	39.1577	-130.3325	-54.8473	-18.5201	20.5300	-15.8079	2.2914	-9.2015	-0.7094	-0.2689	0.8238	-0.4522	-0.2112	-0.7122	-0.6894	1.7078	-1.0273	-8.4198	-4.9217	9.714827257141406	0	1	3	Jump	Normal
-0.9960	-4.2138	-4.5969	47.6953	-124.6492	-58.9119	-16.1095	22.1670	-15.5104	-0.3615	4.8242	-0.8440	-0.2348	0.7976	-0.5207	-0.1938	2.3568	1.7842	-0.9436	-0.6345	-9.0380	-3.7529	-12.227314265269374	0	1	3	Jump	Normal
0.2682	-5.4013	-4.1755	54.8344	-106.4502	-85.8913	-17.9846	15.3673	-21.0378	-1.3223	4.1424	-2.5760	-0.2826	0.7083	-0.6320	-0.1377	1.6633	0.9053	-1.7905	1.5905	-9.5437	-1.5995	0.5173019164042314	0	1	3	PT	Normal
1.5706	-6.3590	1.9920	62.4282	-96.4769	-94.5080	-17.1495	10.1314	-25.1103	-0.1727	3.2780	2.5040	-0.2342	0.6865	-0.6807	-0.1027	0.5480	-0.0726	0.1440	1.7433	-9.6370	-0.5121	0.013960469020222632	0	1	4	Upright	Normal
-0.8805	-13.9049	-0.1155	58.6442	-94.7643	-93.0104	-16.9535	8.8369	-24.7273	-2.0882	-4.1821	0.3084	-0.2372	0.6822	-0.6763	-0.1449	-0.5631	-0.2281	0.3115	1.2077	-9.7229	-0.4239	7.08693508401231	0	0	4	Upright	Normal
3.2178	-3.8307	-3.2944	62.8814	-114.2986	-78.2285	-16.9320	11.6268	-25.1157	1.5251	5.6521	-1.4549	-0.2326	0.7346	-0.6320	-0.0826	-0.9562	-1.2156	0.3860	1.6927	-9.4828	-1.8395	-7.943105744385175	0	0	4	Upright	Normal
0.0383	-4.1372	-1.7621	43.1197	-121.7628	-69.0804	-20.3564	14.0119	-19.7445	-0.2804	4.9111	2.0060	-0.3134	0.7707	-0.5210	-0.1908	-2.8300	-1.8750	0.7631	0.3187	-9.0483	-3.7682	-1.4931363126200843	0	0	4	Upright	Normal
1.7238	-19.6133	-3.6009	39.3564	-125.7133	-60.5948	-20.9497	19.3971	-13.2399	2.4710	-10.8942	0.8254	-0.2901	0.8010	-0.4754	-0.2197	0.8015	-0.1599	0.6768	-0.7471	-8.7191	-4.4263	15.518495579892347	0	0	4	Upright	Normal
-1.0337	-5.2858	-3.6781	55.5831	-114.9285	-75.0600	-19.9716	16.8458	-18.0331	-2.0355	4.1858	-1.3418	-0.2555	0.7442	-0.6016	-0.1379	3.4998	0.5602	-1.6380	1.0018	-9.4716	-2.3363	-13.493470143235685	0	0	4	Upright	Normal
0.6135	-4.9027	1.7615	57.1059	-101.4778	-89.8749	-21.0977	10.1121	-21.5180	-1.0039	4.7115	2.8214	-0.2663	0.6951	-0.6546	-0.1321	0.1932	2.5352	-0.4220	1.6174	-9.6142	-1.0599	-1.2764678239567306	0	0	4	Upright	Normal
3.5249	-19.6127	-2.4906	61.5523	-89.9923	-102.4482	-18.4094	8.2231	-24.2869	1.4121	-10.0363	-2.4912	-0.2470	0.6625	-0.7002	-0.0985	0.2007	-1.4851	0.2544	2.1127	-9.5764	0.0006	14.836437796273284	0	0	4	Upright	Normal
-1.0337	-6.2435	0.6889	63.6453	-97.3284	-94.3705	-19.6258	7.4355	-23.8572	-2.8925	3.3694	1.2444	-0.2313	0.6891	-0.6807	-0.0910	-1.0308	1.9717	0.3258	1.8588	-9.6129	-0.5555	-13.716102852326824	0	0	4	Upright	Normal
1.1492	-3.0646	0.5746	43.2267	-112.7469	-78.0749	-21.9174	11.3976	-21.0973	0.4772	6.3208	3.3377	-0.3291	0.7298	-0.5625	-0.2067	-1.6550	-2.8529	0.0190	0.6720	-9.3854	-2.7631	-3.042838293598388	0	0	4	Upright	Normal
0.1538	-18.2719	-3.3333	38.4045	-125.9515	-62.9724	-24.2810	15.8608	-12.2277	0.5754	-9.5750	1.1785	-0.3119	0.7954	-0.4740	-0.2129	0.3083	0.5719	1.2558	-0.4215	-8.6969	-4.5119	15.25105104260862	0	1	5	Jump	Normal
3.4482	-3.3704	-5.8233	57.8803	-120.5361	-71.8068	-21.7542	17.6646	-14.7160	2.0765	5.9714	-3.1741	-0.2512	0.7563	-0.5949	-0.1051	3.6894	2.8100	-1.2590	1.3717	-9.3419	-2.6492	-11.01363526670086	0	1	5	Jump	Normal
-0.4974	-2.2212	0.2676	60.8065	-94.7155	-94.7375	-19.8174	9.1774	-23.9618	-2.0059	7.4608	0.6608	-0.2346	0.6819	-0.6820	-0.1218	-0.1338	1.3155	0.2559	1.5085	-9.6820	-0.3932	-5.268569397681621	0	1	5	Jump	Normal
5.8999	-19.6127	-3.0652	66.6123	-90.5066	-103.1657	-16.9074	7.2779	-26.6688	3.5889	-10.0823	-3.0308	-0.2249	0.6717	-0.7033	-0.0600	0.6811	-0.8598	-0.3428	2.3110	-9.5304	-0.0344	18.417102696515954	0	1	5	Jump	Normal
-1.1103	-7.6608	-1.7244	73.6062	-100.2842	-91.3079	-15.4555	7.9572	-27.2728	-3.0097	1.9475	-1.2302	-0.1712	0.7042	-0.6884	-0.0298	-1.0073	1.5456	0.0172	1.8994	-9.6084	-0.4943	-12.77840470944163	0	1	5	Jump	Normal
1.1109	-1.5706	-0.4214	54.8254	-117.5131	-74.3376	-18.7739	10.2360	-25.5250	-0.1064	7.8038	2.1885	-0.2683	0.7491	-0.5918	-0.1291	-2.0736	-1.3956	0.2356	1.2173	-9.3743	-2.6098	-5.961204006691396	0	1	5	Jump	Normal
2.1835	-19.6133	-5.6695	53.1468	-130.2356	-54.7994	-20.2461	16.9893	-21.9768	2.3572	-10.5740	-1.8702	-0.2063	0.8069	-0.5335	-0.1473	0.2369	-0.4231	1.5481	-0.1737	-9.0393	-3.7993	18.563335643906477	0	1	5	Jump	Normal
3.7541	-7.1251	-1.4940	61.2838	-127.2630	-62.1345	-16.2999	18.9499	-24.5727	2.7985	2.2087	1.3590	-0.2039	0.7771	-0.5883	-0.0917	1.7262	0.2821	-1.6350	0.9556	-9.3338	-2.8530	-12.341724272914252	0	1	5	Jump	Normal
-5.1715	-12.3732	-6.3590	70.0775	-126.3777	-66.6739	-16.2595	13.5361	-29.7111	-7.0663	-2.9577	-4.3770	-0.1852	0.7528	-0.6311	-0.0269	0.0888	1.1759	0.8407	1.8949	-9.4155	-1.9820	6.650752402580677	0	1	5	Jump	Normal
1.8004	-5.7461	1.6855	74.3167	-128.7083	-60.9582	-12.2898	14.1297	-32.6271	0.3534	3.8105	3.3434	-0.1391	0.7518	-0.6442	-0.0211	-0.9487	0.9692	-0.0264	1.4470	-9.5566	-1.6578	-8.588744232556284	0	2	6	Jump	Normal
2.6815	-16.2806	1.8387	75.5970	-100.7508	-80.3485	-7.6490	14.1593	-34.5162	0.2851	-6.7820	2.2938	0.0940	-0.7172	0.6858	0.0805	0.3978	3.2404	-0.4749	2.3964	-9.4985	-0.4550	10.349083201790151	0	2	6	Jump	Normal
1.6478	-9.6911	0.9954	72.7930	-73.3649	-103.3031	-2.0627	10.9961	-37.1365	-1.1317	-0.3234	0.1649	0.0819	-0.6715	0.7262	0.1225	1.5280	-0.3538	-0.4780	2.7795	-9.3678	0.8305	-6.721623815169224	0	2	6	Jump	Normal
3.4093	-7.7764	-4.3670	69.3975	-64.1899	-115.8988	-3.0625	5.1739	-38.1031	0.3029	1.4032	-5.8694	0.1143	-0.6406	0.7509	0.1133	0.1783	-1.4819	-0.6719	3.1065	-9.1795	1.5024	-0.33234931723442607	0	2	6	Upright	Normal
-3.5237	-13.0239	-0.6901	70.6493	-96.2971	-94.8962	-10.1907	4.9466	-37.1558	-6.7534	-3.7712	-0.3337	0.1868	-0.6952	0.6923	0.0509	-2.5700	-1.5970	0.8919	3.2298	-9.2527	-0.3564	3.961688537170838	0	0	6	Upright	Normal
0.9583	-17.6207	6.6266	75.5780	-129.3287	-49.8968	-6.0761	13.3547	-36.7269	-0.9309	-8.1231	8.1746	0.0635	-0.7582	0.6448	0.0730	-0.2169	-1.2135	2.0957	1.8892	-9.4976	-1.5480	5.340114999261278	0	0	6	Upright	Normal
5.0955	-5.6306	6.1286	75.8298	-147.5433	-17.5283	1.2501	17.1534	-36.9591	3.8072	3.8777	8.1544	-0.0543	-0.7748	0.6167	0.1280	-2.6617	5.1600	0.3742	1.2882	-9.5083	-2.0258	-9.091455426376237	0	0	6	Upright	Normal
2.2224	-4.1366	-0.1921	71.0489	-143.5212	-2.1643	17.2154	23.2880	-31.8109	0.3291	5.1386	2.3688	-0.1672	-0.7763	0.5566	0.2443	0.5895	3.0508	-0.9692	1.8934	-9.2751	-2.5609	-5.058732761454284	0	0	6	Upright	Normal
-0.4591	-9.8444	-2.8353	64.6285	-140.4608	14.6321	26.0101	26.1837	-21.8412	-3.1340	-0.9834	0.4052	-0.2806	-0.7658	0.4626	0.3476	-0.3202	-0.0364	1.8750	2.6749	-8.8609	-3.2406	5.555122603084136	0	0	6	Upright	Normal
-0.0760	-8.1205	3.0257	77.7004	-122.0582	-4.0091	29.9586	23.6885	-20.5508	-1.8464	1.4611	4.1345	-0.2798	-0.6915	0.5617	0.3578	3.8024	2.2795	-0.4004	1.7704	-9.5816	-1.1088	-1.5886410996651694	0	0	6	Upright	Normal
2.2990	-7.2778	0.9954	72.6686	-117.7429	5.6917	32.7805	21.5171	-18.7487	-0.2864	2.0837	2.3554	-0.3402	-0.6735	0.4859	0.4411	-1.8031	3.3522	-0.7306	2.5854	-9.3615	-1.3601	-0.9692861908700987	0	1	7	PT	Normal
3.0263	-7.0102	2.2601	74.8399	-96.1704	-6.2006	35.2084	23.1505	-8.7532	0.4769	2.4553	2.5358	-0.3734	-0.6121	0.4802	0.5053	1.8625	-0.2835	0.7341	2.5494	-9.4655	-0.2756	0.26608369018523437	0	1	7	Upright	Normal
5.1332	-7.8147	0.8045	72.8973	-73.6800	-29.4728	34.7293	21.5498	-11.1823	2.3656	1.5585	-0.0058	-0.3371	-0.5874	0.5083	0.5320	1.1008	0.4558	-0.8300	2.7675	-9.3731	0.8103	1.4213705174154176	0	0	7	Upright	Normal
-1.7238	-12.5265	-3.0646	68.4315	-60.4987	-33.8037	32.9961	22.6264	-9.9775	-4.8613	-3.4064	-4.8397	-0.3437	-0.5398	0.4787	0.6011	0.2284	-0.8534	-0.4103	3.1375	-9.1201	1.7752	3.626253118200328	0	0	7	Upright	Normal
-2.1069	-14.5951	-1.5706	72.2742	-73.4343	-28.6163	31.2605	23.4248	-11.1407	-4.9687	-5.2539	-2.4217	-0.3387	-0.5847	0.5016	0.5402	-1.4175	-0.5093	0.3641	2.8618	-9.3411	0.8511	1.8191646957973795	0	0	7	Upright	Normal
4.2144	-16.0884	4.4430	76.6497	-122.6467	32.0560	31.5955	21.6098	-5.1755	2.3079	-6.5466	5.6645	-0.4760	-0.5794	0.4190	0.5120	-2.1323	1.0715	1.2504	1.9065	-9.5418	-1.2215	2.3846781159620942	0	0	7	Upright	Normal
-0.4974	-9.8444	2.5660	77.6766	179.9912	88.9428	32.2890	17.7781	-3.4526	-0.4971	-0.2635	4.6588	-0.5456	-0.5559	0.4476	0.4393	-1.7115	5.8482	2.2113	-0.0003	-9.5808	-2.0928	-7.028992384417702	0	0	7	Upright	Normal
1.8777	-5.1709	2.3744	70.8723	-178.5853	110.5952	31.5042	11.4262	7.6564	1.7983	4.0944	5.5869	-0.6739	-0.4579	0.3218	0.4824	-1.0446	2.2742	0.2992	0.0793	-9.2653	-3.2124	-4.193673114194051	0	0	7	Upright	Normal
4.6358	-11.2617	-3.0652	70.6910	-149.9063	94.3565	27.0404	11.1232	14.9348	3.0101	-2.0065	-0.2599	-0.6798	-0.4252	0.2244	0.5537	0.8452	2.4968	-1.8045	1.6257	-9.2552	-2.8053	6.566536851723124	0	0	7	Upright	Normal
3.1412	-7.0485	-2.9880	66.4133	-154.2448	106.8492	19.3638	11.6795	20.1884	1.4362	1.9392	0.5459	-0.7278	-0.3880	0.1684	0.5399	2.2780	-3.1363	0.3516	1.7050	-8.9877	-3.5338	-4.283281721501012	0	0	7	Upright	Normal
-2.0297	-7.5842	2.1063	74.9177	-143.4836	98.9058	21.2075	15.9841	15.9660	-3.5478	1.8848	4.1568	-0.6967	-0.3452	0.1865	0.6006	-0.5610	3.6729	0.4848	1.5181	-9.4691	-2.0505	-0.14632981188705507	0	0	8	Tilt	Normal
4.2527	-9.3847	-4.0229	71.3563	-135.3132	98.9977	16.5509	14.9630	19.7697	2.0485	-0.0923	-1.7943	-0.7153	-0.3193	0.1155	0.6107	0.0409	-0.3389	0.1460	2.2042	-9.2923	-2.2286	2.9320903069222926	0	0	8	Tilt	Normal
2.1841	-6.8947	-1.5329	74.4101	-127.5615	89.5016	16.0920	16.3374	19.8621	0.0955	2.5515	0.0733	-0.6928	-0.3193	0.1375	0.6318	0.1378	0.3439	0.0470	2.0886	-9.4462	-1.6062	-3.6677866898113356	0	0	8	Tilt	Normal
-1.1486	-6.0136	-1.7244	74.3631	-128.5107	87.8694	16.4477	17.7808	18.4575	-3.2166	3.4303	-0.0787	-0.6870	-0.3346	0.1519	0.6269	-0.1573	-0.2377	-0.0810	2.0680	-9.4439	-1.6457	-1.032514313311875	0	0	8	Tilt	Normal
0.0006	-9.1548	-4.1761	69.7459	-159.0601	106.4114	18.7373	18.1274	17.2886	-1.2125	0.0456	-1.0056	-0.7083	-0.4000	0.2174	0.5395	-2.6383	-3.0958	1.1100	1.2131	-9.2005	-3.1705	3.7017943740194115	0	0	8	Tilt	Normal
0.6901	-16.8546	-9.2709	58.3749	167.9399	130.7215	26.3421	11.5116	17.9390	1.7645	-8.5042	-4.2422	-0.7678	-0.4085	0.2855	0.4026	-1.0957	0.3141	3.9468	-1.0744	-8.3504	-5.0287	9.186149814467443	0	0	8	Tilt	Normal
-1.1486	-1.6849	-4.0612	59.9757	164.5688	138.9208	29.2797	6.0360	19.1860	0.1570	6.8060	0.6687	-0.7802	-0.3640	0.2827	0.4230	1.5205	1.9642	-0.7691	-1.3056	-8.4909	-4.7299	-14.704070691568791	0	0	8	Tilt	Normal
1.5706	-7.9679	-4.6352	75.5138	-151.9952	95.3079	24.8116	13.7573	17.9253	0.4190	1.5272	-2.4698	-0.6668	-0.4072	0.2588	0.5680	3.4263	0.7168	-2.6014	1.1516	-9.4951	-2.1654	4.806503884604879	0	0	8	Tilt	Normal
0.5746	-4.0989	0.5363	76.8519	-133.2175	87.8817	19.0624	20.0387	18.0508	-1.0506	5.4508	2.0635	-0.6766	-0.3465	0.1949	0.6198	-0.0262	1.2483	0.1685	1.6252	-9.5497	-1.5272	-5.177318739394107	0	0	8	Tilt	Normal
4.2144	-19.6127	0.4208	78.6211	-121.9401	70.1652	18.6171	21.5455	18.6552	2.5726	-9.9988	1.4445	-0.6404	-0.3769	0.2375	0.6256	1.2713	-2.5376	-0.3727	1.6418	-9.6139	-1.0237	15.891221405201371	0	0	8	Tilt	Normal
-0.3059	-5.4390	-0.2304	79.6054	-132.0031	78.5012	21.4879	21.7414	16.3697	-1.6200	4.2069	0.9529	-0.6457	-0.3787	0.2552	0.6120	-0.9285	2.1836	-0.3844	1.3141	-9.6459	-1.1833	-14.612334909395216	0	1	9	Jump	Normal
-1.4551	-5.2858	-0.6901	77.3616	-161.3207	98.1540	21.3311	20.8538	17.6473	-2.1421	4.2834	1.3422	-0.6485	-0.4279	0.3082	0.5490	-1.6209	-3.5475	0.6638	0.6870	-9.5692	-2.0324	0.07322307880697831	0	1	9	Tilt	Normal
2.7587	-11.1468	-6.3979	61.4761	177.9370	112.0419	26.2264	15.6113	18.3420	2.9274	-2.5304	-1.7180	-0.7075	-0.4879	0.2984	0.4151	-2.4167	-0.0236	1.4660	-0.1686	-8.6164	-4.6799	7.619451159675659	0	0	9	Tilt	Normal
-3.4854	-3.9450	-5.2870	65.5445	172.4769	123.1168	28.5090	9.5556	20.1722	-2.9538	4.9819	-1.2622	-0.7208	-0.4308	0.3057	0.4487	1.9904	2.3733	-0.7901	-0.5315	-8.9269	-4.0248	-5.6843484663371004	0	0	9	Tilt	Normal
3.5243	-10.4962	-4.9799	77.3476	-136.3333	81.3577	20.6916	19.2530	19.0396	2.0417	-0.9275	-3.4266	-0.6486	-0.3981	0.2507	0.5983	0.2135	3.4779	0.2464	1.4826	-9.5687	-1.5534	4.679649297373388	0	0	9	Tilt	Normal
3.3327	-10.0748	2.0686	76.9330	-108.5366	57.4681	15.1314	21.9320	18.8494	1.2311	-0.5219	2.7734	-0.6241	-0.3827	0.2230	0.6437	0.6289	-0.6255	-0.4556	2.1017	-9.5529	-0.7048	-1.3289846948229194	0	0	9	Tilt	Normal
-1.4940	-8.3510	-0.1149	79.4894	-103.0261	47.9815	16.2876	24.4499	15.1379	-3.2359	1.2914	0.2882	-0.6082	-0.3881	0.2627	0.6406	-1.0425	2.0601	0.2667	1.7419	-9.6423	-0.4031	-2.3270917869775705	0	0	9	Tilt	Normal
1.0349	-2.9491	0.7655	70.2526	-166.6888	100.5430	18.6432	19.4960	18.8742	0.2720	6.2810	3.9899	-0.6674	-0.4679	0.2924	0.5001	-2.3495	-3.6924	0.2677	0.7629	-9.2301	-3.2244	-5.266570078725019	0	0	9	Tilt	Normal
4.2527	-19.3062	0.3059	63.3536	171.6656	116.9340	24.8555	13.7171	19.4148	4.8903	-10.5411	4.6575	-0.7035	-0.4764	0.3266	0.4141	0.1687	-1.1826	1.2187	-0.6376	-8.7652	-4.3516	16.55360921467825	0	0	9	Tilt	Normal
-2.6426	-6.4733	-8.0451	73.5483	-158.4775	99.0665	22.6778	15.4588	19.3203	-3.6613	2.9320	-5.4615	-0.6712	-0.4257	0.2679	0.5445	3.7491	3.2873	-1.7001	1.0187	-9.4053	-2.5836	-9.112576717828354	0	0	9	Tilt	Normal
0.3448	-5.2098	-0.6512	78.5333	-129.3102	75.8045	15.9366	21.8824	16.4913	-1.1631	4.4013	0.5834	-0.6436	-0.3856	0.2478	0.6129	-0.3628	3.1530	0.0704	1.5079	-9.6111	-1.2347	-5.39717650112317	0	1	10	Jump	Normal
5.2481	-16.0507	1.7238	76.8589	-99.7292	46.5630	11.8332	23.1328	15.4377	3.0514	-6.5007	2.1005	-0.6048	-0.3918	0.2369	0.6516	1.0497	-1.2572	0.4134	2.1967	-9.5500	-0.3766	11.713006972109387	0	1	10	Jump	Normal
-0.3825	-3.4854	-0.9966	77.8401	-117.7423	65.0203	14.4729	23.3176	14.3585	-2.2103	6.1015	-0.0352	-0.6318	-0.3871	0.2374	0.6282	-1.0403	3.3746	-0.0862	1.8278	-9.5868	-0.9614	-13.329450571863685	0	1	10	Jump	Normal
1.5712	-6.7032	-3.4866	75.3137	-151.8254	85.0868	14.7858	21.9142	14.7692	0.3974	2.7833	-1.2951	-0.6288	-0.4652	0.3063	0.5426	-2.1748	-3.5581	0.2242	1.1738	-9.4864	-2.1914	4.072172359230655	0	1	10	Jump	Normal
0.2682	-14.5951	-6.9719	62.3560	178.7253	110.0100	20.1811	17.3284	15.5600	0.3695	-5.9077	-2.4229	-0.6975	-0.4954	0.3047	0.4186	-1.4121	0.7253	2.5753	-0.1013	-8.6874	-4.5490	8.459650394850541	0	1	10	Jump	Normal
-2.3744	-4.1366	-5.8233	71.0870	-174.7311	110.4130	21.7766	14.7352	16.0864	-2.6662	5.1408	-2.6582	-0.6827	-0.4419	0.3006	0.4982	2.5518	2.6012	-1.5846	0.2918	-9.2774	-3.1651	-8.649741847531658	0	1	10	Jump	Normal
2.0692	-9.3464	-4.2527	78.0145	-114.5702	54.7417	15.1887	22.1811	12.0687	0.2173	0.2466	-3.4059	-0.6027	-0.4242	0.2772	0.6164	0.6662	3.5493	0.0559	1.8519	-9.5930	-0.8468	2.947551115236685	0	1	10	PT	Normal
3.5632	-7.3927	1.7998	75.8361	-93.2319	41.6052	10.6577	23.6284	11.2741	1.1681	2.1160	1.9351	-0.5982	-0.3860	0.2251	0.6651	0.5885	-0.6787	-0.3095	2.3951	-9.5087	-0.1353	-2.073190464226302	0	1	10	PT	Normal
-0.6889	-13.5219	-1.1115	77.4281	-92.3827	34.9713	10.5874	24.9781	8.2172	-2.8216	-3.9503	-1.0226	-0.5821	-0.4070	0.2682	0.6508	-0.5844	0.3354	0.0068	2.1326	-9.5716	-0.0889	5.183336267411461	0	1	10	Jump	Normal
-0.3448	-7.6614	-3.1795	78.0353	-109.6086	57.2802	10.7086	24.6869	9.6527	-2.2594	1.9323	-2.4973	-0.6228	-0.3833	0.2369	0.6396	-0.6941	-2.7123	0.4851	1.9146	-9.5937	-0.6822	-5.282866824893841	0	2	11	Jump	Normal
2.5672	-7.8141	-3.7547	67.8388	-166.0885	98.4350	14.6975	21.6481	11.9464	1.6779	1.2683	-0.1642	-0.6679	-0.4869	0.2857	0.4851	-1.8169	-1.3296	1.3011	0.8893	-9.0824	-3.5906	0.739367014049142	0	2	11	PT	Normal
-1.8381	-8.6951	-5.1721	69.7187	171.1379	122.9358	20.9002	18.4585	12.4225	-1.3144	0.5037	-1.8133	-0.6977	-0.4296	0.3279	0.4704	0.9645	1.5605	-0.2105	-0.5237	-9.1988	-3.3588	1.2412189736903674	0	2	11	PT	Normal
1.1115	-4.3281	-1.4180	77.6721	-128.2751	66.7951	17.5214	22.3501	10.5668	-0.5318	5.2526	-0.1212	-0.6142	-0.4346	0.2841	0.5943	1.9456	0.5272	-2.2899	1.6433	-9.5807	-1.2968	-5.59456874546866	0	2	11	Jump	Normal
0.5752	-5.4007	2.2978	77.2693	-134.3625	77.8964	12.7697	25.8978	9.6512	-0.9692	4.1652	3.8083	-0.6409	-0.4077	0.2572	0.5974	0.6812	-0.0928	-0.0451	1.5444	-9.5659	-1.5104	1.209178318828691	0	2	11	PT	Normal
8.0062	-19.6133	12.7180	80.2214	-99.2176	43.2993	13.5128	26.8628	8.2251	6.3623	-9.9490	12.9848	-0.6029	-0.3874	0.2732	0.6417	1.7060	-2.1328	-0.4616	1.6439	-9.6643	-0.2668	18.81155818864854	0	2	11	Jump	Normal
1.5706	-4.9416	-4.2521	77.3507	-75.2702	24.8430	13.5896	28.4679	6.3436	-0.5059	4.6271	-4.7980	-0.5858	-0.3591	0.2397	0.6858	0.4820	1.7575	-0.9655	2.0765	-9.5687	0.5459	-18.00316118748117	0	2	11	Jump	Normal
0.9960	-8.9639	0.5363	73.2484	-59.6170	-3.3841	12.0719	30.8363	3.1286	-1.4421	0.4268	-0.8930	-0.5056	-0.4141	0.3170	0.6873	2.1960	-1.3541	0.2691	2.4380	-9.3907	1.4293	2.329284647746336	0	2	11	PT	Normal
-2.9874	-10.8793	-0.2687	73.5254	-72.6364	-3.2463	12.9470	31.3377	-1.9671	-5.6416	-1.4751	-1.0986	-0.4686	-0.4879	0.3726	0.6352	-1.5282	0.0052	-0.0568	2.6543	-9.4041	0.8299	2.250213713647403	0	2	11	PT	Normal
6.0148	-17.2760	1.2635	78.2921	-109.5182	49.8067	14.1315	30.0557	3.3600	4.1394	-7.6733	1.9284	-0.5971	-0.4211	0.2792	0.6230	-2.8747	-1.3094	0.5197	1.8754	-9.6027	-0.6648	7.051486885343214	0	2	11	Jump	Normal
4.2144	-6.6649	-4.7890	81.2695	-166.1508	81.1837	20.9649	26.9415	3.0181	3.8583	3.0282	-3.3440	-0.5498	-0.5210	0.4314	0.4901	-1.2320	0.7743	1.3495	0.3561	-9.6931	-1.4451	-9.11083078165766	0	3	12	Run	Normal
-0.3825	-4.0983	1.5317	77.8944	171.2330	110.7534	24.7073	24.1506	4.3610	-0.0690	5.4904	3.5644	-0.6108	-0.4801	0.4050	0.4820	-0.5002	1.1589	0.5644	-0.3135	-9.5886	-2.0327	-4.834000042780476	0	3	12	Run	Normal
2.8730	-11.5688	-3.4477	75.7725	-148.2562	75.9797	22.9019	24.4650	8.0860	1.6052	-2.0628	-1.3981	-0.5996	-0.4949	0.3327	0.5337	-0.6685	3.3853	-0.6766	1.2679	-9.5060	-2.0496	8.016918533666727	0	3	12	Run	Normal
3.9079	-8.7334	-0.1538	76.2744	-145.0044	73.7001	19.8278	24.8955	10.6481	2.5739	0.7934	1.7518	-0.5985	-0.4889	0.3295	0.5425	2.0948	-1.6332	-0.4945	1.3340	-9.5268	-1.9056	-2.8396859545660256	0	3	12	Walk	Normal
6.3596	-16.5481	-0.3071	76.0454	-122.1073	49.0794	19.2625	26.4143	6.8379	4.3568	-7.0307	0.9497	-0.5575	-0.5033	0.3320	0.5707	-0.6749	1.1823	-0.2717	2.0027	-9.5174	-1.2568	8.161622606884952	0	3	12	Run	Normal
-0.9188	-4.2898	0.5740	76.2702	-111.6165	45.0563	17.0868	27.0447	8.1833	-3.0819	5.2369	1.4313	-0.5698	-0.4680	0.3025	0.6040	-0.3404	1.0470	-0.2046	2.1632	-9.5267	-0.8573	-13.306236124562165	0	3	12	Run	Normal
1.8393	-8.9633	0.0760	77.7641	-83.4843	10.5186	16.5387	27.2482	6.6009	-0.2251	0.6207	-0.1597	-0.5139	-0.4732	0.3629	0.6167	0.9933	-1.1421	0.2545	2.0644	-9.5840	0.2357	4.725901283015176	0	3	12	Run	Normal
2.2990	-9.4230	1.3785	77.0812	-76.4072	7.4461	17.0570	28.1700	5.4606	0.1685	0.1356	0.8634	-0.5200	-0.4509	0.3446	0.6383	-0.2094	-0.7703	-0.1950	2.1305	-9.5586	0.5151	0.6464819188108617	0	3	12	Walk	Normal
1.2264	-9.7294	-0.1155	76.5055	-74.7047	-0.7664	16.7671	28.6401	4.0013	-0.9807	-0.1935	-0.7190	-0.4890	-0.4797	0.3798	0.6217	0.0399	0.0446	-0.1109	2.2072	-9.5360	0.6035	0.010202887609802147	0	3	12	Upright	Normal
1.9926	-9.4996	0.9571	76.2168	-72.6674	-3.2688	16.9094	28.6980	3.9361	-0.2372	0.0248	0.2613	-0.4837	-0.4802	0.3836	0.6231	0.1720	-0.9536	-0.0308	2.2297	-9.5244	0.6958	-0.05366498040118728	0	3	12	Tilt	Normal
1.8777	-8.9633	0.9954	76.9811	-71.6368	-5.0641	17.1356	28.6875	3.3095	-0.2189	0.5914	0.2996	-0.4839	-0.4799	0.3919	0.6180	0.1742	0.2662	0.1450	2.0966	-9.5547	0.6958	-0.5416013431609983	0	0	13	Tilt	Normal
2.4900	-9.7683	0.0383	75.5293	-64.3853	-10.4032	17.3656	28.3664	3.2688	0.2804	-0.2728	-1.0210	-0.4779	-0.4664	0.3856	0.6367	0.0250	0.9234	-0.3056	2.2095	-9.4956	1.0593	0.8689333844252314	0	0	13	Tilt	Normal
2.1458	-9.6145	0.3442	75.7019	-67.3937	-8.2962	16.4775	28.3276	3.3601	-0.0896	-0.1115	-0.5866	-0.4775	-0.4739	0.3871	0.6306	-0.0165	-0.9312	0.0694	2.2354	-9.5030	0.9307	-0.22368123786368876	0	0	13	Tilt	Normal
1.8010	-9.6145	0.6889	75.8488	-72.7917	-5.3239	16.8288	28.2713	2.9743	-0.4890	-0.1053	-0.0202	-0.4725	-0.4905	0.3938	0.6173	-0.0421	0.0457	-0.0883	2.2901	-9.5092	0.7091	-0.051098352976403305	0	0	13	Tilt	Normal
2.2224	-9.6528	0.1526	75.6707	-69.9204	-8.2486	17.0714	28.4338	2.1890	-0.0567	-0.1511	-0.6804	-0.4689	-0.4875	0.3971	0.6203	0.1305	0.1692	-0.0585	2.2791	-9.5017	0.8330	0.1005502487576333	0	0	13	Tilt	Normal
1.9160	-9.6911	0.3059	75.6633	-72.5656	-6.8966	16.4338	29.4669	2.2500	-0.4004	-0.1897	-0.4215	-0.4654	-0.4963	0.4006	0.6137	-0.0112	-0.4199	-0.0308	2.3164	-9.5014	0.7274	-0.023084272355641033	0	0	13	Tilt	Normal
1.8777	-9.5762	0.3442	75.5831	-73.7794	-6.0151	16.6356	29.1512	2.1984	-0.4664	-0.0783	-0.3377	-0.4645	-0.4994	0.4005	0.6118	0.0655	0.1064	-0.0617	2.3441	-9.4979	0.6819	-0.1188018547990417	0	0	13	Upright	Normal
1.9543	-9.6145	0.3825	75.6939	-74.3355	-4.9695	16.8863	28.5532	2.2727	-0.3787	-0.1119	-0.2717	-0.4678	-0.4978	0.3976	0.6126	-0.0559	0.0435	-0.0255	2.3330	-9.5026	0.6542	0.05394310126036217	0	0	13	Upright	Normal
2.0309	-9.5379	0.3442	75.7459	-74.6502	-4.1692	16.4339	29.3233	2.3876	-0.2975	-0.0331	-0.2949	-0.4705	-0.4961	0.3948	0.6138	0.0069	0.1788	-0.0393	2.3284	-9.5048	0.6391	-0.0607693042634363	0	0	13	Upright	Normal
2.0686	-9.6151	0.3831	75.8375	-74.4054	-3.7911	16.3588	28.5919	2.4071	-0.2423	-0.1064	-0.2619	-0.4734	-0.4929	0.3922	0.6157	-0.0176	0.0659	-0.0169	2.3109	-9.5087	0.6449	0.0847664801946717	0	0	13	Upright	Normal
2.0309	-9.5762	0.4974	75.9117	-75.1199	-3.1161	15.9753	28.9273	3.1764	-0.2756	-0.0643	-0.1154	-0.4743	-0.4937	0.3918	0.6146	0.0005	0.0276	-0.0191	2.3065	-9.5119	0.6128	-0.040747465200633215	1	0	14	Upright	Normal
2.0692	-9.6528	0.4974	75.9832	-74.8154	-2.9232	16.2290	29.1200	3.0373	-0.2230	-0.1381	-0.1246	-0.4766	-0.4911	0.3898	0.6163	0.0005	0.0723	-0.0159	2.2921	-9.5147	0.6220	0.0827969906148347	1	0	14	Upright	Normal
2.0692	-9.5762	0.4208	76.0500	-74.7787	-2.3968	15.8603	28.5154	3.0458	-0.2116	-0.0587	-0.1998	-0.4793	-0.4885	0.3871	0.6179	0.0208	0.0808	-0.0201	2.2808	-9.5176	0.6205	-0.0783753433689629	1	0	14	Upright	Normal
1.9543	-9.5762	0.4591	76.1581	-75.4463	-1.7451	16.5232	29.5434	3.0501	-0.3163	-0.0542	-0.1303	-0.4804	-0.4890	0.3868	0.6168	-0.0112	-0.0225	-0.0116	2.2706	-9.5220	0.5894	-0.021877844204203356	1	0	14	Upright	Normal
2.0692	-9.5379	0.4974	76.2153	-75.7353	-1.5007	16.4835	29.1422	2.6914	-0.1953	-0.0136	-0.0783	-0.4808	-0.4893	0.3869	0.6161	0.0026	-0.0236	-0.0139	2.2645	-9.5243	0.5757	-0.01192053958274819	1	0	14	Upright	Normal
1.9926	-9.6528	0.4208	76.3180	-76.2511	-1.0420	16.0062	28.9095	3.0370	-0.2602	-0.1243	-0.1303	-0.4816	-0.4899	0.3871	0.6150	0.0154	-0.0257	-0.0182	2.2528	-9.5285	0.5511	0.09285878627996702	1	0	14	Upright	Normal
1.9160	-9.5762	0.4591	76.4431	-76.2503	-1.0394	16.4489	29.0283	2.7718	-0.3166	-0.0426	-0.0871	-0.4823	-0.4894	0.3876	0.6145	-0.0102	0.0030	-0.0118	2.2326	-9.5336	0.5462	-0.08851616154454511	1	0	14	Upright	Normal
1.9926	-9.5762	0.5357	76.6450	-76.4063	-0.8095	16.6729	29.2464	2.9880	-0.2087	-0.0346	0.0034	-0.4838	-0.4886	0.3879	0.6138	-0.0187	0.0286	-0.0267	2.2013	-9.5416	0.5323	0.01918995972065396	1	0	14	Upright	Normal
1.9160	-9.6145	0.4208	76.7783	-76.3144	-0.9149	16.7403	29.0175	3.1392	-0.2628	-0.0676	-0.1097	-0.4844	-0.4881	0.3886	0.6132	-0.0059	0.0350	-0.0161	2.1787	-9.5469	0.5305	0.01661077404119915	1	0	14	Upright	Normal
1.9537	-9.6151	0.3831	76.9251	-76.5432	-0.6424	16.8119	28.8110	3.0285	-0.2032	-0.0625	-0.1329	-0.4856	-0.4877	0.3887	0.6125	-0.0144	0.0478	-0.0141	2.1569	-9.5526	0.5160	0.006475033807166852	2	0	15	Upright	Normal
2.0303	-9.6151	0.3448	76.9537	-76.6423	-0.6101	16.1208	28.4319	3.3259	-0.1235	-0.0615	-0.1665	-0.4856	-0.4880	0.3891	0.6121	0.0037	0.0148	-0.0236	2.1537	-9.5536	0.5113	0.014110141929796427	2	0	15	Upright	Normal
1.9543	-9.6528	0.4974	76.9962	-76.1547	-1.1526	16.7934	28.4064	2.8498	-0.1881	-0.0976	-0.0305	-0.4851	-0.4876	0.3901	0.6122	0.0154	0.0233	-0.0204	2.1424	-9.5553	0.5279	0.028032623778019072	2	0	15	Upright	Normal
1.9154	-9.5385	0.4214	77.0469	-76.5001	-0.9649	16.4493	28.7206	3.1513	-0.2215	0.0189	-0.0916	-0.4850	-0.4885	0.3908	0.6111	-0.0016	-0.0119	-0.0279	2.1368	-9.5574	0.5130	-0.12316407391711692	2	0	15	Upright	Normal
1.9920	-9.6917	0.4214	77.0977	-76.5896	-0.9441	16.1008	28.9597	2.8335	-0.1375	-0.1324	-0.0863	-0.4851	-0.4887	0.3913	0.6106	-0.0059	-0.0183	-0.0162	2.1295	-9.5593	0.5077	0.1652322390789287	2	0	15	Upright	Normal
1.9160	-9.5762	0.3825	77.1805	-76.5659	-0.9514	16.5574	28.5752	2.6224	-0.1998	-0.0138	-0.1229	-0.4856	-0.4883	0.3916	0.6103	-0.0080	0.0148	-0.0155	2.1157	-9.5624	0.5053	-0.1297841770808681	2	0	15	Upright	Normal
1.9160	-9.5762	0.4591	77.2693	-76.5115	-0.9450	16.3445	29.0367	3.1741	-0.1850	-0.0105	-0.0447	-0.4863	-0.4877	0.3917	0.6102	-0.0037	0.0393	-0.0144	2.1009	-9.5657	0.5038	0.0032974786422208524	2	0	15	Upright	Normal
1.9160	-9.5762	0.4974	77.3042	-76.5323	-0.9501	16.3238	28.8495	3.0906	-0.1799	-0.0093	-0.0045	-0.4864	-0.4877	0.3919	0.6099	-0.0005	0.0265	-0.0165	2.0958	-9.5669	0.5019	0.0018733376059216766	2	0	15	Upright	Normal
1.8010	-9.6145	0.4974	77.3174	-76.6057	-0.9417	16.3364	29.0682	3.6835	-0.2930	-0.0470	-0.0012	-0.4862	-0.4880	0.3922	0.6096	0.0112	0.0148	-0.0038	2.0940	-9.5675	0.4986	0.01571339660350901	2	0	15	Upright	Normal
1.9926	-9.5762	0.4974	77.3588	-76.7014	-0.9426	16.4986	28.6510	2.9596	-0.0958	-0.0072	0.0039	-0.4861	-0.4884	0.3928	0.6090	-0.0016	-0.0513	-0.0197	2.0883	-9.5690	0.4935	-4.165769639339345E-4	2	0	15	Upright	Normal
1.7621	-9.6534	0.4980	77.3889	-76.5700	-1.1551	16.3591	28.3368	2.9996	-0.3202	-0.0832	0.0009	-0.4858	-0.4885	0.3935	0.6087	-0.0026	-0.0012	-0.0174	2.0824	-9.5702	0.4971	0.03158498773463414	3	0	16	Upright	Normal
1.8010	-9.6145	0.4974	77.3840	-76.0164	-1.6276	16.5538	28.7898	2.9144	-0.2770	-0.0444	-0.0201	-0.4857	-0.4876	0.3937	0.6094	0.0166	0.0627	-0.0259	2.0780	-9.5701	0.5174	-0.031168410770700206	3	0	16	Upright	Normal
1.9160	-9.6145	0.4974	77.4253	-76.1268	-1.6343	16.1887	28.7695	3.2679	-0.1564	-0.0429	-0.0144	-0.4855	-0.4881	0.3943	0.6088	0.0038	-0.0023	-0.0216	2.0723	-9.5716	0.5118	0.02179721931176104	3	0	16	Upright	Normal
1.9160	-9.6528	0.4974	77.4907	-76.0940	-1.7329	16.3602	28.5288	2.7941	-0.1453	-0.0787	-0.0129	-0.4855	-0.4881	0.3950	0.6083	-0.0016	-0.0193	-0.0163	2.0613	-9.5741	0.5103	0.037515758914706154	3	0	16	Upright	Normal
1.9154	-9.4619	0.4214	77.4803	-76.0957	-1.7426	16.3186	28.3880	3.0555	-0.1480	0.1116	-0.0893	-0.4854	-0.4882	0.3950	0.6083	-0.0090	-0.0310	-0.0227	2.0634	-9.5735	0.5107	-0.19066345994136746	3	0	16	Upright	Normal
1.9160	-9.6528	0.4974	77.5000	-75.8781	-1.8309	16.3035	28.8714	3.7189	-0.1423	-0.0786	-0.0204	-0.4859	-0.4873	0.3946	0.6088	-0.0101	-0.0001	-0.0210	2.0583	-9.5743	0.5177	0.19066345994136746	3	0	16	Upright	Normal
1.9160	-9.6911	0.6123	77.4766	-75.8429	-1.8057	16.3032	28.4235	3.0374	-0.1456	-0.1176	0.0923	-0.4860	-0.4871	0.3942	0.6092	-0.0027	0.0318	-0.0317	2.0616	-9.5735	0.5200	0.04396595225465916	3	0	16	Upright	Normal
1.8777	-9.6528	0.5357	77.4747	-76.0198	-1.6757	15.9196	28.8537	3.1003	-0.1856	-0.0793	0.0221	-0.4860	-0.4875	0.3943	0.6088	-0.0080	0.0073	-0.0199	2.0632	-9.5735	0.5136	-0.049332469390583	3	0	16	Upright	Normal
1.8387	-9.6151	0.4980	77.5202	-76.4975	-1.2700	16.3785	28.8178	3.1455	-0.2212	-0.0400	0.0034	-0.4863	-0.4882	0.3944	0.6080	-0.0272	-0.0204	-0.0178	2.0599	-9.5752	0.4946	-0.046325184470489944	3	0	16	Upright	Normal
1.8387	-9.6534	0.3831	77.5574	-76.6955	-1.1012	16.3909	28.4189	3.0196	-0.2170	-0.0769	-0.1030	-0.4865	-0.4884	0.3945	0.6076	-0.0048	-0.0140	-0.0231	2.0557	-9.5765	0.4860	0.03242727704802384	3	0	16	Upright	Normal
1.8771	-9.5385	0.4597	77.5750	-76.8990	-0.9563	16.3431	29.0287	2.7160	-0.1778	0.0386	-0.0184	-0.4865	-0.4888	0.3946	0.6072	-0.0080	-0.0183	-0.0222	2.0548	-9.5771	0.4781	-0.10210783542558666	4	0	17	Upright	Normal
1.9154	-9.6151	0.4597	77.5932	-77.3602	-0.7100	16.5114	28.7436	2.6560	-0.1404	-0.0374	-0.0012	-0.4861	-0.4901	0.3953	0.6060	-0.0069	-0.0065	-0.0232	2.0557	-9.5777	0.4609	0.08248894996127554	4	0	17	Upright	Normal
1.9154	-9.5768	0.4214	77.5987	-77.2000	-0.8706	16.8448	28.6360	3.5276	-0.1381	0.0012	-0.0450	-0.4860	-0.4899	0.3955	0.6061	-0.0123	-0.0044	-0.0286	2.0535	-9.5780	0.4664	-0.03924317196791094	4	0	17	Upright	Normal
1.8010	-9.6528	0.4208	77.5796	-76.7779	-1.2567	16.4032	28.6394	3.4744	-0.2517	-0.0754	-0.0614	-0.4857	-0.4894	0.3957	0.6066	-0.0016	0.0393	-0.0328	2.0527	-9.5774	0.4821	0.05283497572786722	4	0	17	Upright	Normal
1.8771	-9.6534	0.4214	77.5921	-76.6838	-1.3399	16.2369	29.0545	3.3521	-0.1728	-0.0756	-0.0637	-0.4857	-0.4892	0.3958	0.6067	0.0048	0.0307	-0.0275	2.0499	-9.5779	0.4851	0.014844133421426875	4	0	17	Upright	Normal
1.9154	-9.6151	0.4597	77.5561	-76.5602	-1.4932	16.4930	29.0189	3.3453	-0.1395	-0.0388	-0.0313	-0.4853	-0.4893	0.3960	0.6068	0.0038	0.0020	-0.0279	2.0548	-9.5764	0.4910	-0.028435937181383153	4	0	17	Upright	Normal
1.9160	-9.6145	0.4974	77.5188	-76.2418	-1.8329	16.3956	28.9710	3.0113	-0.1423	-0.0395	-0.0064	-0.4848	-0.4892	0.3963	0.6072	0.0091	-0.0065	-0.0247	2.0583	-9.5750	0.5038	0.0013675511079949132	4	0	17	Upright	Normal
1.7627	-9.6145	0.5740	77.4744	-76.0018	-2.0815	16.1298	28.9491	3.4229	-0.3008	-0.0412	0.0596	-0.4843	-0.4891	0.3964	0.6076	0.0006	-0.0183	-0.0279	2.0635	-9.5734	0.5145	-0.024575770930137963	4	0	17	Upright	Normal
1.8387	-9.5385	0.4980	77.5086	-75.8853	-2.1886	16.2330	29.2139	3.3056	-0.2179	0.0362	-0.0192	-0.4844	-0.4888	0.3966	0.6075	-0.0069	-0.0278	-0.0205	2.0566	-9.5747	0.5171	-0.06472837143809684	4	0	17	Upright	Normal
1.9920	-9.5768	0.4980	77.4490	-75.8805	-2.1649	16.1600	28.8613	2.9217	-0.0745	-0.0043	-0.0217	-0.4842	-0.4889	0.3962	0.6079	0.0070	0.0031	-0.0258	2.0665	-9.5725	0.5197	0.06758625063246804	5	0	18	Upright	Normal
1.8387	-9.5002	0.4597	77.4762	-75.8714	-2.1702	16.6925	28.6510	2.7552	-0.2234	0.0732	-0.0593	-0.4844	-0.4888	0.3963	0.6078	0.0230	0.0339	-0.0202	2.0622	-9.5734	0.5189	-0.10703422898018289	5	0	18	Upright	Normal
1.9160	-9.6145	0.5357	77.4477	-75.5556	-2.4509	16.4331	28.4717	3.1675	-0.1475	-0.0420	0.0042	-0.4841	-0.4884	0.3963	0.6083	0.0081	0.0041	-0.0202	2.0635	-9.5725	0.5315	0.13076735335492806	5	0	18	Upright	Normal
1.9543	-9.5379	0.5740	77.4149	-75.2181	-2.7897	16.7485	29.0490	3.4230	-0.1113	0.0332	0.0290	-0.4837	-0.4881	0.3966	0.6087	0.0027	-0.0001	-0.0191	2.0656	-9.5711	0.5450	-0.06521546349371476	5	0	18	Upright	Normal
1.9160	-9.6145	0.4591	77.3615	-74.9559	-3.0559	16.0861	28.8609	3.1702	-0.1561	-0.0453	-0.0977	-0.4831	-0.4880	0.3967	0.6091	0.0049	-0.0055	-0.0298	2.0720	-9.5692	0.5568	0.061334053218377704	5	0	18	Upright	Normal
1.8771	-9.6151	0.6129	77.3824	-74.8796	-3.0890	16.4717	29.1533	3.2008	-0.1908	-0.0452	0.0543	-0.4834	-0.4877	0.3966	0.6093	0.0123	0.0350	-0.0159	2.0678	-9.5699	0.5586	0.0014700433949066394	5	0	18	Upright	Normal
1.9154	-9.5768	0.6512	77.3765	-74.8722	-3.1150	16.5940	28.8187	3.1089	-0.1532	-0.0070	0.0920	-0.4833	-0.4878	0.3967	0.6092	0.0027	-0.0183	-0.0191	2.0686	-9.5698	0.5592	-0.027615571340025014	5	0	18	Upright	Normal
1.9154	-9.6534	0.6129	77.3646	-74.4686	-3.4875	16.0342	28.4365	3.0596	-0.1514	-0.0842	0.0386	-0.4830	-0.4873	0.3969	0.6097	0.0113	0.0062	-0.0170	2.0668	-9.5692	0.5743	0.07250413230475061	5	0	18	Upright	Normal
1.8771	-9.6534	0.5746	77.3765	-74.2174	-3.7269	17.2860	28.9527	2.3640	-0.1850	-0.0836	-0.0081	-0.4829	-0.4869	0.3972	0.6099	0.0081	0.0318	-0.0202	2.0620	-9.5698	0.5827	-0.009676222843292948	5	0	18	Upright	Normal
1.8393	-9.5762	0.6123	77.3863	-73.9656	-4.0007	16.0601	28.9475	3.1433	-0.2183	-0.0061	0.0209	-0.4827	-0.4867	0.3976	0.6099	-0.0005	0.0254	-0.0180	2.0577	-9.5701	0.5914	-0.08053829402711798	5	0	18	Upright	Normal
1.9926	-9.5762	0.6889	77.4284	-73.6604	-4.3409	16.5595	28.8970	3.2670	-0.0554	-0.0045	0.0886	-0.4825	-0.4864	0.3983	0.6099	-0.0068	-0.0033	-0.0127	2.0479	-9.5717	0.6003	0.03509923028025064	6	0	19	Upright	Normal
1.8387	-9.6534	0.6512	77.3984	-73.5077	-4.4636	16.0391	28.4515	3.2181	-0.2123	-0.0829	0.0440	-0.4824	-0.4862	0.3982	0.6102	-0.0037	0.0137	-0.0212	2.0511	-9.5705	0.6072	0.04296233980025832	6	0	19	Upright	Normal
1.9926	-9.5379	0.5740	77.4330	-73.7399	-4.2635	16.7324	29.1111	3.1210	-0.0555	0.0340	-0.0232	-0.4826	-0.4864	0.3983	0.6098	-0.0111	-0.0300	-0.0191	2.0481	-9.5719	0.5972	-0.08779304313191716	6	0	19	Upright	Normal
1.8777	-9.5762	0.5357	77.4337	-73.7775	-4.1993	16.5331	29.2153	3.1641	-0.1704	-0.0043	-0.0602	-0.4828	-0.4864	0.3981	0.6098	-0.0186	-0.0172	-0.0180	2.0481	-9.5719	0.5959	0.012535233036903293	6	0	19	Upright	Normal
1.8387	-9.6534	0.6129	77.4853	-73.7508	-4.1251	16.2417	28.9044	3.0549	-0.2010	-0.0796	0.0184	-0.4835	-0.4858	0.3978	0.6100	-0.0164	0.0105	-0.0159	2.0397	-9.5738	0.5945	0.07279951547974584	6	0	19	Upright	Normal
1.8387	-9.6151	0.6129	77.5304	-73.7668	-4.0734	16.1646	28.7665	3.3402	-0.1938	-0.0397	0.0212	-0.4839	-0.4855	0.3978	0.6099	-0.0100	0.0222	-0.0106	2.0325	-9.5755	0.5917	-0.037548240641264385	6	0	19	Upright	Normal
1.8771	-9.6151	0.5746	77.5662	-73.6724	-4.1791	16.7309	28.3094	3.3888	-0.1489	-0.0383	-0.0189	-0.4839	-0.4853	0.3981	0.6098	-0.0079	0.0020	-0.0127	2.0259	-9.5768	0.5935	0.004953900955790402	6	0	19	Upright	Normal
1.7244	-9.6528	0.5357	77.5924	-73.8012	-4.0374	16.3020	29.1673	2.8414	-0.2987	-0.0751	-0.0519	-0.4842	-0.4853	0.3979	0.6096	-0.0132	0.0126	-0.0148	2.0231	-9.5777	0.5876	0.006787034952727922	6	0	19	Upright	Normal
1.8777	-9.6145	0.5740	77.6560	-73.8703	-3.9550	16.4184	28.6407	3.0499	-0.1362	-0.0344	-0.0084	-0.4847	-0.4851	0.3980	0.6093	-0.0313	0.0062	-0.0137	2.0138	-9.5801	0.5824	-0.007295096766746667	6	0	19	Upright	Normal
1.8393	-9.5762	0.5357	77.6949	-74.1056	-3.7200	16.3761	28.6090	3.3001	-0.1703	0.0054	-0.0365	-0.4851	-0.4853	0.3979	0.6089	-0.0143	0.0062	-0.0212	2.0096	-9.5816	0.5722	-0.047002052692297625	6	0	19	Upright	Normal
1.8004	-9.6151	0.5363	77.7352	-74.1555	-3.6599	16.4944	28.5652	3.4564	-0.2029	-0.0320	-0.0322	-0.4854	-0.4852	0.3980	0.6087	-0.0122	-0.0076	-0.0105	2.0033	-9.5831	0.5685	0.030957038250097213	7	0	20	Upright	Normal
1.7621	-9.6151	0.4980	77.7904	-74.3850	-3.4068	16.4860	28.4475	3.2034	-0.2346	-0.0301	-0.0600	-0.4860	-0.4851	0.3979	0.6084	-0.0132	-0.0108	-0.0148	1.9968	-9.5850	0.5580	-0.008989498402831586	7	0	20	Upright	Normal
1.8393	-9.6528	0.5357	77.8437	-74.4660	-3.3185	16.9384	28.7807	3.0038	-0.1499	-0.0658	-0.0172	-0.4864	-0.4850	0.3979	0.6081	0.0017	0.0137	-0.0142	1.9893	-9.5870	0.5529	0.0531557542760801	7	0	20	Upright	Normal
1.7238	-9.6151	0.4980	77.9070	-74.8648	-2.9308	16.7790	28.9559	3.1877	-0.2590	-0.0259	-0.0383	-0.4870	-0.4853	0.3978	0.6075	-0.0238	-0.0151	-0.0259	1.9828	-9.5892	0.5363	-0.05997828683021389	7	0	20	Upright	Normal
1.8771	-9.6151	0.4597	78.0059	-75.2783	-2.5100	16.2509	28.1074	3.5228	-0.0937	-0.0224	-0.0581	-0.4879	-0.4854	0.3977	0.6068	-0.0270	-0.0055	-0.0164	1.9707	-9.5927	0.5177	0.026308229365367808	7	0	20	Upright	Normal
1.8387	-9.5768	0.4597	78.0417	-75.7669	-2.0029	17.0825	28.1439	4.1114	-0.1308	0.0171	-0.0398	-0.4885	-0.4857	0.3973	0.6063	-0.0079	0.0031	-0.0196	1.9695	-9.5939	0.4995	-0.04485082544236896	7	0	20	Upright	Normal
1.8387	-9.6534	0.4980	78.0718	-75.8983	-1.8000	16.5516	28.4723	4.0645	-0.1266	-0.0584	0.0043	-0.4891	-0.4854	0.3969	0.6063	-0.0206	0.0105	-0.0153	1.9653	-9.5951	0.4937	0.07701799386732944	7	0	20	Upright	Normal
1.7244	-9.6528	0.4208	78.1236	-76.0251	-1.5810	16.5490	28.5682	4.0156	-0.2339	-0.0560	-0.0664	-0.4898	-0.4850	0.3965	0.6063	-0.0047	0.0414	-0.0198	1.9583	-9.5969	0.4872	-0.024920533731814132	7	0	20	Upright	Normal
1.8393	-9.6145	0.5357	78.2121	-76.2469	-1.1992	16.6079	28.4488	3.8462	-0.1065	-0.0147	0.0596	-0.4912	-0.4842	0.3958	0.6063	0.0113	0.0670	-0.0060	1.9459	-9.5999	0.4761	-0.011140613560481682	7	0	20	Upright	Normal
1.6861	-9.6528	0.4208	78.2161	-76.2170	-1.1077	16.5725	27.8481	4.3438	-0.2583	-0.0527	-0.0561	-0.4917	-0.4837	0.3952	0.6067	-0.0004	-0.0129	-0.0198	1.9444	-9.6002	0.4769	0.004483895409300942	7	0	20	Upright	Normal
1.8010	-9.6528	0.4591	78.2607	-76.2030	-1.0216	16.3461	28.4197	4.8382	-0.1363	-0.0512	-0.0166	-0.4923	-0.4831	0.3949	0.6069	-0.0132	-0.0151	-0.0081	1.9374	-9.6016	0.4757	0.022118649328191964	8	0	21	Upright	Normal
Total time: 21 seconds.
