2.4900	9.1171	0.9960	-41.4487	-81.7211	111.4111	8.1139	-35.9052	11.1368	-0.1824	-0.2587	-0.0624	0.3547	0.5659	0.7148	-0.2073	-0.0383	0.0450	-0.1513	2.6724	9.3758	1.0584	0.1084069668688663	5	0	6	Lying	Normal
2.2601	9.6917	0.7661	-42.0382	-80.4937	110.8921	8.7102	-36.1044	11.4620	-0.1757	0.2689	-0.4366	0.3414	0.5675	0.7182	-0.2132	-0.1683	0.3092	-0.2393	2.4358	9.4228	1.2028	0.47783471024246715	5	0	6	Lying	Normal
3.1418	9.5391	0.5740	-44.5637	-78.3679	111.5088	8.7417	-36.1729	11.5104	0.9110	0.0941	-0.8347	0.3179	0.5719	0.7277	-0.2056	-0.0639	0.4072	-0.0636	2.2308	9.4450	1.4087	0.07838014286067008	0	0	6	Upright	Normal
2.1075	8.8496	0.6123	-45.8221	-78.9554	110.8809	7.3846	-36.0356	11.5300	-0.0642	-0.6235	-0.6969	0.3118	0.5797	0.7259	-0.1995	0.0277	0.2048	-0.1275	2.1717	9.4731	1.3092	-0.9418940569042356	0	0	6	Upright	Normal
2.6049	9.0022	0.4980	-47.3546	-77.2839	111.2565	8.1979	-36.6163	11.9836	0.6167	-0.4887	-0.9643	0.2949	0.5818	0.7320	-0.1969	-0.2610	0.4498	-0.1743	1.9882	9.4909	1.4623	0.2670588843122079	0	0	6	Upright	Normal
3.1412	9.9599	0.5363	-47.8484	-75.5507	112.4348	7.9806	-36.0654	11.0702	1.1940	0.4899	-1.1058	0.2872	0.5778	0.7386	-0.1953	-0.2791	0.1163	-0.0753	1.9472	9.4700	1.6421	1.072535853958792	0	0	6	Upright	Normal
3.1795	10.6494	0.4980	-48.8299	-74.0364	114.5175	7.0904	-37.2277	10.6753	1.1142	1.2287	-1.2775	0.2826	0.5741	0.7461	-0.1839	-0.2940	0.4444	0.1309	2.0653	9.4207	1.7755	0.6677955237780697	0	0	6	Upright	Normal
2.7970	10.5351	1.7615	-48.4712	-77.0575	114.8313	5.7991	-37.3792	10.8453	0.2758	1.1708	0.3054	0.3057	0.5765	0.7388	-0.1687	0.6435	-0.6261	0.2118	2.5212	9.3643	1.4561	-0.08357267780874622	0	0	6	Upright	Normal
4.0612	9.5391	3.3321	-37.4659	-88.6975	107.0158	7.0871	-36.1981	11.4226	1.3219	0.1245	3.1553	0.3956	0.5783	0.6780	-0.2223	0.7468	-3.1583	0.0009	2.7393	9.4146	0.1769	-0.1515525711862864	0	0	6	Upright	Normal
1.9543	7.6237	1.9531	-30.3148	-88.4633	108.0464	11.1295	-35.6024	9.7345	-0.9563	-1.7382	1.7261	0.4348	0.5471	0.6668	-0.2587	-0.6732	-0.4131	0.2395	2.9106	9.3619	0.2270	-2.781007170061468	0	0	6	Upright	Normal
0.3071	6.9342	0.6506	-23.2777	-84.9346	108.3955	12.3920	-37.1097	7.1615	-2.4508	-2.4428	-0.1447	0.4493	0.5075	0.6657	-0.3122	-0.7179	-0.9990	-0.2090	2.7578	9.3770	0.7953	-1.1375051814890336	0	1	7	PT	Normal
3.0646	11.6837	0.7661	-25.7248	-79.0831	107.6814	12.2979	-36.8618	5.2685	0.9082	2.2646	-0.9070	0.3998	0.5048	0.6906	-0.3292	-0.3845	2.0381	-0.3899	2.1564	9.4191	1.6731	5.131781328680829	0	1	7	Jump	Normal
6.4356	12.9095	0.9194	-36.5694	-71.4983	111.1768	10.5998	-37.5092	6.7592	4.8050	3.5681	-1.5799	0.3138	0.5236	0.7393	-0.2843	-0.5027	1.8964	0.1139	1.6306	9.3414	2.4992	2.3507735937970597	0	1	7	PT	Normal
0.1538	9.5774	4.5580	-40.6757	-82.4844	107.6800	8.7483	-36.9407	9.3564	-2.0023	0.0605	3.5853	0.3449	0.5757	0.7044	-0.2310	2.2872	-2.2315	0.6625	2.1561	9.5170	0.9726	-3.846167323733013	0	1	7	Jump	Normal
-0.8422	8.0834	4.9410	-23.3842	-90.9215	100.2557	12.3075	-35.9775	9.7195	-2.6495	-1.5541	5.0859	0.4446	0.5565	0.6197	-0.3295	0.0640	-0.0211	-0.3953	1.8073	9.6376	-0.1448	-1.096545594142162	0	1	7	PT	Normal
1.1498	4.7124	1.3402	-23.4415	-89.3298	102.9297	14.2849	-35.4351	9.1193	-0.9997	-4.8551	1.2350	0.4484	0.5418	0.6337	-0.3222	-0.5049	-0.6560	0.0149	2.1495	9.5675	0.1052	-4.478879463205314	0	1	7	Jump	Normal
2.9880	9.4619	0.8428	-29.2944	-69.3029	112.0307	13.9842	-37.3959	5.4526	1.1190	0.3219	-2.1799	0.3399	0.4800	0.7403	-0.3257	-2.7121	3.1960	0.4068	1.8690	9.1400	3.0227	4.925828765169508	0	1	7	Jump	Normal
3.2567	11.4545	1.2252	-28.3519	-78.1482	109.8904	10.8787	-38.5494	5.6206	0.8909	2.1041	-0.5472	0.3911	0.5066	0.7048	-0.3059	0.6861	-2.2858	0.3110	2.3658	9.3504	1.7725	2.013118990973238	0	1	7	PT	Normal
2.9497	9.8450	2.2601	-23.1043	-85.2609	110.5017	11.0491	-38.3734	5.5385	-0.1754	0.5795	1.5149	0.4612	0.4993	0.6696	-0.2994	0.8405	-0.6634	-0.0353	3.1250	9.2654	0.7452	-1.4483658447103327	0	1	7	PT	Normal
4.3670	8.5042	3.2944	-6.2938	-89.6097	105.6353	13.7278	-37.3619	3.0233	1.7312	-0.9412	3.2281	0.5371	0.4563	0.5878	-0.3973	-0.7009	-3.0560	-0.5668	2.6359	9.4454	0.0663	-0.4113301632402617	0	2	8	PT	Normal
1.9154	5.7461	0.2682	-0.0409	-83.1637	104.8141	16.4549	-36.2736	-2.0227	-0.5733	-3.6673	-0.8990	0.5257	0.4051	0.5928	-0.4561	-1.5478	0.7534	-0.1887	2.4886	9.4134	1.1672	-4.048769051814487	0	2	8	Jump	Normal
1.3024	8.3893	2.1452	-1.4036	-73.8008	101.7428	17.1260	-35.6927	-5.4609	-0.5484	-0.8446	-0.5897	0.4596	0.3865	0.6249	-0.4989	-1.2697	0.3709	-0.6307	1.8509	9.2338	2.7349	2.6937587003072796	0	2	8	PT	Normal
5.1721	11.7226	-0.6135	-2.8958	-72.0415	99.2765	19.1063	-34.0665	-7.7661	3.8191	2.4912	-3.6332	0.4347	0.3963	0.6257	-0.5123	-0.2822	1.4383	-0.6446	1.3530	9.2314	3.0197	4.070936746572025	0	2	8	Jump	Normal
2.7587	8.8496	0.9954	-3.6821	-72.2260	96.9929	21.7968	-32.0880	-7.5084	1.8127	-0.4429	-1.9920	0.4240	0.4098	0.6172	-0.5209	0.3196	-0.4482	-0.7650	0.9460	9.2925	2.9874	-3.504651507247008	0	2	8	Jump	Normal
1.1492	7.6998	5.1715	27.0701	-77.9264	85.7777	24.0982	-28.9143	-13.1608	0.9243	-1.9326	3.3450	0.5494	0.3241	0.4067	-0.6540	0.1545	-6.0803	-1.8324	0.2249	9.6323	1.8265	0.023318247215875942	0	2	8	Upright	Normal
0.8045	4.3287	4.5203	35.4199	-71.6442	78.4595	21.5349	-24.9053	-22.8179	0.9129	-5.1489	2.0036	0.5437	0.2759	0.3506	-0.7109	-0.6998	-0.6325	-0.0800	-0.1085	9.4776	2.5166	-3.0360802961445614	0	0	8	Upright	Normal
-1.4557	6.4739	6.4739	35.6479	-56.4391	65.9525	20.7624	-21.2528	-27.0083	-1.0111	-2.2761	2.0686	0.4713	0.2308	0.3352	-0.7825	-1.2804	0.2676	0.1722	-0.4446	8.7501	4.4053	2.9603325257503244	0	0	8	Upright	Normal
-4.0223	8.8107	4.5586	34.7153	-42.0144	57.4148	21.3134	-18.5227	-30.6966	-3.9835	1.0455	-1.4305	0.4086	0.1663	0.3342	-0.8329	-1.1345	-1.8118	0.0902	-0.0388	7.7651	5.9891	1.4341052757704684	0	0	8	Upright	Normal
-5.8227	10.8026	2.7198	42.6080	-30.0671	46.3547	14.4768	-14.7053	-37.6334	-6.5891	3.2817	-3.5265	0.4177	0.0841	0.2675	-0.8642	-0.7499	-4.0563	-1.4513	0.7664	7.5209	6.2463	1.8651117451079173	0	0	8	Upright	Normal
-6.0525	4.1755	-2.2984	39.1522	35.3729	-4.9784	-6.1406	-7.7509	-41.9770	-11.2700	-1.3469	-8.4993	0.3314	-0.2721	0.0627	-0.9012	-3.1169	-6.0217	1.4377	5.2174	5.5224	6.2008	-4.865790389210607	0	1	9	Jump	Normal
10.8409	4.7118	3.4093	25.8885	11.1895	61.4510	-20.2139	3.5897	-43.2859	6.2418	4.3762	-5.2454	0.1431	-0.1956	0.5143	-0.8226	8.5392	21.2278	24.1609	4.5991	0.3356	8.6547	4.5985110450027715	0	1	9	Jump	Normal
-7.4693	-0.4208	0.4974	51.8815	80.2655	-5.0048	1.0532	2.3854	-41.9978	-16.9840	-2.5633	-0.5260	0.3594	-0.5645	0.2517	-0.6992	0.5593	-30.0647	-0.5616	9.5147	2.1425	1.0234	-4.8047579477819395	0	1	9	Jump	Normal
4.1378	-2.4128	-4.2910	52.9608	130.9454	-45.2719	-48.4974	-1.4962	-15.7218	-4.7196	-4.0651	-0.4197	0.4843	-0.6803	0.2314	-0.4991	-5.5564	6.6315	-1.8442	8.8573	1.6523	-3.8713	-1.0668230823699574	0	1	9	PT	Normal
10.9565	0.9966	-4.4442	46.7443	105.0743	-39.0037	-45.0572	-3.5772	-25.0152	2.4289	-3.5195	-2.6965	0.4707	-0.6063	0.1104	-0.6314	2.0059	-3.3330	-2.6240	8.5275	4.5161	-1.7478	5.434617049407854	0	1	9	Jump	Normal
2.5289	3.2184	-8.5431	54.7288	123.6368	-56.6547	-46.3514	-12.1595	-21.5330	-5.6639	-1.1643	-5.4063	0.5625	-0.5861	0.1576	-0.5614	2.4022	1.1891	0.2725	8.1928	4.3827	-3.1369	-2.3924407079748953	0	1	9	PT	Normal
7.8536	2.2224	-2.9886	53.1791	127.3011	-58.8106	-46.2155	-14.4708	-21.7790	-0.2559	-1.9872	0.5730	0.5665	-0.6005	0.1546	-0.5427	-0.5731	0.3241	-0.5659	8.1095	4.2096	-3.5615	-0.7810739176712982	0	1	9	PT	Normal
9.5774	3.7164	-2.3373	58.7946	110.8528	-43.4206	-44.8003	-13.6225	-25.5067	0.8689	-0.4139	-0.5288	0.5242	-0.5634	0.1926	-0.6088	-0.8969	1.9550	0.8392	8.7085	4.1303	-1.8085	1.8437702164099665	0	1	9	PT	Normal
10.3052	2.0309	-2.0309	58.2681	81.1952	-11.4789	-39.1103	-7.0936	-33.3023	1.0621	-1.1486	-2.8202	0.4247	-0.5286	0.2489	-0.6916	-1.5255	3.1694	1.0391	9.2431	3.1795	0.7893	0.16224491538890184	0	1	9	Tilt	Normal
9.0405	2.1452	1.5323	59.4804	33.0650	30.9896	-25.7983	-2.2634	-42.1432	0.8085	-1.1691	-2.6413	0.3923	-0.3651	0.3584	-0.7644	-0.1651	3.5390	-0.6941	8.2320	3.3143	4.1735	-1.2809249919307018	0	0	9	Tilt	Normal
4.9805	2.7587	8.6185	43.4209	-0.7814	58.2811	-5.3911	-2.9494	-47.7605	-0.6825	-0.8984	1.4965	0.3262	-0.1746	0.4502	-0.8127	0.1001	6.1553	-0.6366	5.6630	3.6571	7.1220	0.9122651345907116	0	1	10	PT	Normal
1.4940	1.2641	9.7300	18.9023	-11.4293	66.0725	17.3555	-0.4694	-45.1565	-0.5641	-1.7750	0.6363	0.1905	-0.0067	0.5214	-0.8317	-1.0866	1.4096	-0.5013	2.0581	3.0391	9.0938	-0.4044340101415127	0	1	10	PT	Normal
-0.9571	2.4140	8.3121	14.3501	-9.3206	66.3762	22.6793	4.2928	-41.9880	-2.5180	-0.0022	-1.0630	0.1483	-0.0007	0.5328	-0.8331	-0.9204	0.4370	-0.0230	1.5609	2.4162	9.3751	-1.216563740165233	0	1	10	PT	Normal
0.2304	0.6901	9.5762	15.4297	-8.6306	69.0792	21.4850	5.4995	-42.0276	-1.6535	-1.6055	0.2301	0.1525	-0.0145	0.5519	-0.8197	0.4283	-0.7316	0.3215	1.8839	2.2956	9.3461	0.8954993945069223	0	1	10	PT	Normal
3.7924	1.6472	11.4156	18.4336	-8.1747	71.1354	18.9932	2.6709	-44.9260	1.3388	-0.6647	2.2067	0.1709	-0.0357	0.5634	-0.8075	0.0821	-0.3034	0.3066	2.4536	2.3119	9.2088	2.5375159605633293	0	1	10	PT	Normal
2.9880	0.9577	8.4659	20.2734	-6.4900	71.2779	17.3750	1.8739	-44.4188	0.1462	-1.1757	-0.6743	0.1753	-0.0571	0.5646	-0.8045	0.1577	-0.4291	-0.0076	2.8418	2.1334	9.1402	-3.1126474950876073	0	1	10	PT	Normal
2.7198	1.4940	8.2361	22.0996	-7.4678	71.3751	16.2174	1.6011	-44.7792	-0.3397	-0.8821	-0.7730	0.1926	-0.0597	0.5612	-0.8027	0.4262	-0.1351	-0.0780	3.0595	2.3761	9.0091	-0.22737625647052973	0	1	10	Tilt	Normal
3.2561	2.2601	9.5768	22.4936	-8.7568	71.2107	15.1769	-0.5823	-45.6444	0.2266	-0.3476	0.6219	0.2017	-0.0523	0.5572	-0.8038	0.1204	0.0823	-0.1333	3.0296	2.6077	8.9549	1.5633304236082175	0	0	10	Tilt	Normal
2.4517	2.1452	8.3127	21.6771	-8.5651	70.7886	15.4162	-0.6010	-44.7970	-0.4501	-0.4126	-0.6988	0.1953	-0.0488	0.5558	-0.8065	-0.0724	0.0418	0.0196	2.9018	2.5578	9.0115	-1.43636677886205	0	0	10	Tilt	Normal
2.8736	2.0692	9.1931	21.5288	-8.1374	70.7809	15.9461	-0.7031	-45.2612	-0.0334	-0.4142	0.1627	0.1922	-0.0511	0.5567	-0.8065	-0.0245	-0.0349	0.0431	2.9070	2.4834	9.0305	0.9232571850834841	0	0	10	Tilt	Normal
2.7970	1.9926	9.1548	21.6711	-7.8701	70.8746	15.4461	-1.0937	-45.6989	-0.1522	-0.4513	0.1272	0.1919	-0.0538	0.5576	-0.8058	0.0320	-0.0189	0.0271	2.9492	2.4439	9.0276	-0.07377865665633365	0	0	11	Tilt	Normal
2.7198	1.9920	8.8107	21.5481	-7.4904	70.8360	15.3241	-0.1443	-45.2736	-0.2336	-0.3877	-0.2327	0.1892	-0.0558	0.5582	-0.8059	-0.0405	-0.0381	0.0165	2.9534	2.3797	9.0433	-0.3440780605580134	0	0	11	Tilt	Normal
2.9119	1.9543	9.0016	21.6687	-7.2102	70.8700	15.5514	-0.3285	-45.1487	-0.0786	-0.3858	-0.0400	0.1887	-0.0584	0.5587	-0.8055	0.0043	-0.0648	0.0047	2.9905	2.3400	9.0416	0.2269499213092132	0	0	11	Tilt	Normal
2.9503	2.0309	8.7718	22.2613	-7.1564	70.9958	14.3279	-0.4360	-45.1844	-0.1371	-0.3244	-0.2331	0.1924	-0.0620	0.5588	-0.8043	0.0756	-0.0946	0.0042	3.0873	2.3553	9.0049	-0.18572604372337054	0	0	11	Tilt	Normal
3.0269	2.1458	8.8101	22.6033	-7.1896	71.1151	14.3384	-1.0476	-45.0462	-0.1140	-0.2258	-0.1721	0.1949	-0.0637	0.5591	-0.8033	0.0394	-0.0520	0.0095	3.1409	2.3716	8.9821	0.08464340728263231	0	0	11	Tilt	Normal
3.1035	2.1458	8.8101	22.6292	-7.1592	71.1870	14.1823	-0.8675	-45.6013	-0.0462	-0.2183	-0.1710	0.1949	-0.0642	0.5596	-0.8029	-0.0086	0.0205	0.0021	3.1497	2.3641	8.9811	0.024529782098372976	0	0	11	Tilt	Normal
3.0269	2.0692	8.8101	22.3134	-7.0468	71.2315	13.7700	-1.4563	-45.5330	-0.0847	-0.2587	-0.1936	0.1921	-0.0635	0.5606	-0.8030	-0.0150	0.0450	-0.0043	3.1116	2.3279	9.0037	-0.041432042239856415	0	0	11	Tilt	Normal
3.0652	2.0692	8.9250	22.0572	-6.9985	71.2877	14.3701	-0.9973	-45.4307	-0.0135	-0.2351	-0.0961	0.1901	-0.0626	0.5614	-0.8030	-0.0096	0.0226	-0.0054	3.0786	2.3043	9.0211	0.11826494371819507	0	0	11	Tilt	Normal
3.0269	2.1458	8.8484	22.0514	-7.0074	71.3755	13.8695	-0.7683	-45.5753	-0.0539	-0.1549	-0.1730	0.1900	-0.0626	0.5620	-0.8025	0.0065	-0.0147	0.0044	3.0807	2.3007	9.0214	-0.06605323242456507	0	0	11	Tilt	Normal
3.0646	2.0686	8.8490	22.1503	-6.9496	71.4781	14.7582	-0.9284	-45.8377	-0.0386	-0.2224	-0.1671	0.1904	-0.0637	0.5627	-0.8019	0.0075	-0.0211	0.0034	3.1032	2.2910	9.0161	-0.004435041110344429	0	0	11	Tilt	Normal
3.1029	2.2601	8.7724	22.1911	-6.9603	71.6003	14.6035	-1.6619	-45.1375	-0.0106	-0.0280	-0.2409	0.1906	-0.0641	0.5635	-0.8013	0.0118	-0.0094	-0.0030	3.1135	2.2881	9.0133	-0.014851308495867244	1	0	12	Tilt	Normal
2.9503	2.1841	8.8867	22.1121	-6.9665	71.7411	14.1978	-1.5752	-45.7481	-0.1567	-0.0934	-0.1315	0.1901	-0.0638	0.5646	-0.8007	-0.0063	0.0088	0.0034	3.1069	2.2775	9.0182	0.039444107277756046	1	0	12	Tilt	Normal
3.0269	2.1075	8.8101	22.0215	-6.9567	71.8337	14.4982	-0.4916	-45.7781	-0.0708	-0.1589	-0.2141	0.1893	-0.0636	0.5654	-0.8003	-0.0074	0.0194	-0.0020	3.0976	2.2664	9.0242	-0.0639913923144082	1	0	12	Tilt	Normal
3.0269	2.1458	8.8484	21.9051	-6.9645	71.9609	15.3800	-1.0330	-45.5367	-0.0579	-0.1094	-0.1830	0.1885	-0.0632	0.5664	-0.7998	0.0022	0.0077	-0.0021	3.0848	2.2552	9.0314	0.04383363464286383	1	0	12	Tilt	Normal
2.9497	2.1452	8.9256	21.8845	-6.9902	72.0443	14.4814	-1.1121	-45.2498	-0.1338	-0.1085	-0.1067	0.1884	-0.0630	0.5670	-0.7994	-0.0031	0.0024	-0.0021	3.0834	2.2537	9.0323	0.04721056234794041	1	0	12	Tilt	Normal
2.9880	2.1069	8.8490	21.8579	-7.0242	72.1592	14.4647	-1.6555	-45.3398	-0.0940	-0.1448	-0.1842	0.1884	-0.0628	0.5678	-0.7989	-0.0063	-0.0008	0.0022	3.0819	2.2517	9.0332	-0.06749265283918326	1	0	12	Tilt	Normal
3.0646	2.1835	8.8873	21.8385	-7.0592	72.2717	14.6662	-1.2759	-45.5966	-0.0169	-0.0667	-0.1465	0.1883	-0.0627	0.5685	-0.7984	-0.0010	-0.0019	0.0022	3.0815	2.2503	9.0338	0.07654190903153335	1	0	12	Tilt	Normal
3.0269	2.1458	8.7718	21.8123	-7.0858	72.3865	14.7299	-0.9508	-46.0850	-0.0536	-0.1013	-0.2632	0.1882	-0.0625	0.5693	-0.7978	-0.0042	0.0077	0.0011	3.0804	2.2471	9.0350	-0.12685472545076948	1	0	12	Tilt	Normal
2.9497	2.1452	8.8873	21.6901	-7.0666	72.4680	14.4871	-1.2202	-45.5662	-0.1167	-0.0886	-0.1558	0.1873	-0.0622	0.5701	-0.7975	0.0033	-0.0019	-0.0011	3.0664	2.2338	9.0430	0.0823617552473479	1	0	12	Tilt	Normal
3.0269	2.1458	8.8867	21.6732	-7.0958	72.5644	14.4653	-1.6579	-45.3276	-0.0389	-0.0868	-0.1568	0.1872	-0.0620	0.5707	-0.7971	0.0001	-0.0040	-0.0001	3.0658	2.2326	9.0435	0.02356458554836216	2	0	13	Tilt	Fall
3.0269	2.1841	8.8484	21.6616	-7.1252	72.6657	14.6787	-1.2871	-44.9361	-0.0395	-0.0471	-0.1953	0.1872	-0.0620	0.5714	-0.7966	0.0022	-0.0062	0.0021	3.0664	2.2312	9.0436	-0.026693465182489717	2	0	13	Tilt	Normal
2.9119	2.1458	9.0016	21.6438	-7.1502	72.7537	14.6360	-0.9169	-45.2223	-0.1537	-0.0839	-0.0426	0.1872	-0.0618	0.5720	-0.7962	-0.0042	-0.0094	-0.0001	3.0656	2.2297	9.0442	0.09768780497390672	2	0	13	Tilt	Normal
3.0652	2.1841	8.8867	21.6345	-7.1835	72.8431	14.4918	-1.3964	-45.8363	-0.0006	-0.0456	-0.1576	0.1873	-0.0617	0.5726	-0.7958	-0.0049	-0.0026	0.0012	3.0658	2.2297	9.0442	-0.050292019692037115	2	0	13	Tilt	Normal
3.0646	2.1452	8.8490	21.6284	-7.1964	72.9247	14.4266	-1.0238	-45.6070	-0.0027	-0.0820	-0.1953	0.1872	-0.0617	0.5731	-0.7954	-0.0049	-0.0069	0.0012	3.0673	2.2272	9.0442	-0.04365537422721211	2	0	13	Tilt	Normal
3.0646	2.0686	8.6957	21.6465	-7.2036	72.9873	14.0833	-1.2159	-45.4529	-0.0075	-0.1573	-0.3473	0.1874	-0.0619	0.5735	-0.7951	0.0047	-0.0058	0.0001	3.0721	2.2259	9.0430	-0.15807783456416757	2	0	13	Tilt	Normal
2.9497	2.0686	8.9256	21.6305	-7.2199	73.0552	14.7076	-1.1081	-45.6742	-0.1217	-0.1555	-0.1181	0.1873	-0.0618	0.5740	-0.7948	0.0025	-0.0058	0.0022	3.0713	2.2241	9.0436	0.17615744121804866	2	0	13	Tilt	Normal
3.0263	2.1835	8.9256	21.6201	-7.2473	73.1392	14.7982	-1.4534	-45.6267	-0.0452	-0.0400	-0.1182	0.1873	-0.0617	0.5745	-0.7944	-0.0017	-0.0016	0.0001	3.0715	2.2235	9.0438	0.049033498554338806	2	0	13	Tilt	Normal
2.9886	2.1841	8.9633	21.6075	-7.2628	73.2041	14.6045	-1.1748	-46.0265	-0.0826	-0.0379	-0.0810	0.1873	-0.0616	0.5750	-0.7941	-0.0017	-0.0037	0.0012	3.0712	2.2220	9.0442	0.023243205657015764	2	0	13	Tilt	Normal
3.0269	2.1075	8.7718	21.5953	-7.2744	73.2586	14.3862	-1.0154	-45.2923	-0.0440	-0.1128	-0.2731	0.1872	-0.0615	0.5754	-0.7938	0.0068	-0.0016	-0.0031	3.0709	2.2203	9.0448	-0.18188538982272817	2	0	13	Tilt	Normal
2.9886	2.0692	8.8101	21.5954	-7.2819	73.2916	14.3852	-0.6439	-45.7783	-0.0830	-0.1505	-0.2346	0.1872	-0.0615	0.5756	-0.7936	0.0047	-0.0154	0.0022	3.0716	2.2197	9.0447	0.014859505133514972	3	0	14	Tilt	Normal
3.0263	2.1069	8.8490	21.5953	-7.2864	73.3356	14.2937	-1.4635	-45.8788	-0.0468	-0.1112	-0.1956	0.1872	-0.0616	0.5759	-0.7934	0.0036	-0.0080	0.0001	3.0731	2.2181	9.0445	0.05603073568996919	3	0	14	Tilt	Normal
3.1029	2.1452	8.8490	21.5926	-7.3051	73.3970	14.4277	-1.1950	-45.4490	0.0289	-0.0724	-0.1954	0.1873	-0.0615	0.5763	-0.7931	0.0068	-0.0112	0.0001	3.0740	2.2176	9.0444	0.032924640937846306	3	0	14	Tilt	Normal
3.1029	2.1835	8.8107	21.6011	-7.3235	73.4423	13.9193	-1.0974	-45.3548	0.0268	-0.0352	-0.2328	0.1874	-0.0615	0.5765	-0.7929	-0.0028	0.0059	0.0001	3.0761	2.2187	9.0435	-0.026574973628108012	3	0	14	Tilt	Normal
3.0652	2.1458	8.8101	21.6025	-7.3396	73.5074	13.9626	-1.4195	-45.6478	-0.0127	-0.0720	-0.2330	0.1875	-0.0615	0.5770	-0.7926	0.0014	-0.0016	0.0006	3.0779	2.2178	9.0430	-0.021202498641599732	3	0	14	Tilt	Normal
2.9880	2.1835	8.8490	21.6028	-7.3503	73.5368	13.5726	-1.2060	-45.4352	-0.0905	-0.0344	-0.1938	0.1875	-0.0615	0.5771	-0.7924	-0.0018	0.0048	-0.0005	3.0785	2.2179	9.0428	0.019978271690570537	3	0	14	Tilt	Normal
3.0646	2.2218	8.9256	21.6026	-7.3682	73.5808	14.6072	-1.3543	-45.4541	-0.0145	0.0034	-0.1169	0.1876	-0.0615	0.5774	-0.7922	0.0001	0.0025	-0.0012	3.0791	2.2184	9.0425	0.10338114157535117	3	0	14	Tilt	Normal
3.0652	2.2607	8.9250	21.6020	-7.3877	73.6332	14.7088	-1.3202	-45.2251	-0.0148	0.0420	-0.1172	0.1876	-0.0614	0.5778	-0.7920	-0.0073	0.0089	-0.0023	3.0800	2.2187	9.0422	0.00862628557519507	3	0	14	Tilt	Normal
3.0646	2.1452	8.8490	21.6027	-7.3988	73.6835	14.5812	-1.3497	-45.0613	-0.0168	-0.0726	-0.1929	0.1877	-0.0614	0.5781	-0.7917	-0.0052	0.0110	-0.0012	3.0813	2.2178	9.0419	-0.09649402937524698	3	0	14	Tilt	Normal
3.0263	2.1452	8.7724	21.6004	-7.4157	73.7425	14.3408	-1.4572	-46.2400	-0.0561	-0.0720	-0.2692	0.1877	-0.0614	0.5785	-0.7914	-0.0052	0.0142	-0.0012	3.0824	2.2172	9.0416	-0.08274668146572672	4	0	15	Tilt	Normal
3.1029	2.1452	8.8490	21.5968	-7.4381	73.7961	14.8119	-1.3793	-45.3927	0.0202	-0.0726	-0.1924	0.1878	-0.0613	0.5788	-0.7912	-0.0031	0.0163	-0.0012	3.0827	2.2178	9.0414	0.09503248426956468	4	0	15	Tilt	Normal
3.0269	2.1841	8.8484	21.4741	-7.4734	73.8218	14.1838	-1.3300	-44.9239	-0.0362	-0.0326	-0.1999	0.1871	-0.0605	0.5791	-0.7912	-0.0052	0.0227	-0.0012	3.0631	2.2167	9.0483	-0.016026213858495453	4	0	15	Tilt	Normal
3.0269	2.2607	8.8867	21.4701	-7.4869	73.8620	14.0444	-1.4166	-44.8499	-0.0365	0.0441	-0.1616	0.1871	-0.0604	0.5794	-0.7910	-0.0020	0.0100	-0.0012	3.0634	2.2166	9.0483	0.05294521307062361	4	0	15	Tilt	Normal
2.9886	2.1075	8.8867	21.4636	-7.4992	73.8998	13.6100	-1.5356	-45.1836	-0.0745	-0.1086	-0.1618	0.1871	-0.0603	0.5796	-0.7908	-0.0052	0.0078	0.0020	3.0631	2.2161	9.0484	-0.04669342429373735	4	0	15	Tilt	Normal
2.9880	2.1452	8.9256	21.4528	-7.5041	73.9227	14.6684	-0.9761	-45.2917	-0.0742	-0.0700	-0.1235	0.1871	-0.0603	0.5798	-0.7907	-0.0073	0.0089	-0.0007	3.0622	2.2152	9.0490	0.0441063709892795	4	0	15	Tilt	Normal
3.0263	2.1452	8.8490	21.3890	-7.5017	73.9522	14.5087	-1.5621	-45.5076	-0.0274	-0.0654	-0.2040	0.1866	-0.0600	0.5801	-0.7906	-0.0030	0.0100	-0.0028	3.0537	2.2106	9.0529	-0.058766401635365284	4	0	15	Tilt	Normal
2.9497	2.2218	8.8873	21.3791	-7.5127	73.9794	14.3284	-0.9518	-45.3967	-0.1030	0.0114	-0.1661	0.1866	-0.0599	0.5803	-0.7905	0.0002	0.0057	0.0014	3.0526	2.2104	9.0534	0.028931936386591417	4	0	15	Tilt	Normal
2.9880	2.1452	8.7724	21.3792	-7.5209	74.0103	14.8755	-1.1825	-45.2763	-0.0655	-0.0649	-0.2809	0.1866	-0.0599	0.5805	-0.7903	0.0023	0.0004	0.0004	3.0535	2.2101	9.0532	-0.1116300880194423	4	0	15	Tilt	Normal
2.9886	2.1841	8.8867	21.3759	-7.5349	74.0507	14.8338	-1.3698	-44.9851	-0.0652	-0.0259	-0.1664	0.1866	-0.0599	0.5807	-0.7901	0.0055	-0.0050	-0.0007	3.0538	2.2100	9.0531	0.11444732843414762	4	0	15	Tilt	Normal
2.9119	2.1841	8.9250	21.3686	-7.5521	74.0889	14.8872	-1.2209	-45.2159	-0.1411	-0.0263	-0.1282	0.1866	-0.0598	0.5810	-0.7900	-0.0030	0.0132	-0.0007	3.0531	2.2104	9.0532	0.011919162663785343	5	0	16	Tilt	Normal
Total time: 11 seconds.
