-9.8444	1.2264	0.8805	-10.4286	85.3032	10.9309	25.1169	14.0645	-4.8594	-0.2321	-0.5486	0.0908	0.1308	0.6653	-0.0085	0.7350	0.0794	-0.0918	-0.0039	-9.6123	1.7750	0.7896	-0.11798972957131326	6	1	1	Upright	Normal
-10.0359	1.3030	0.8805	-10.1163	85.0119	10.9087	25.1695	14.6682	-5.6385	-0.4182	-0.4194	0.0412	0.1287	0.6638	-0.0105	0.7367	-0.0186	-0.0695	0.0142	-9.6177	1.7225	0.8393	0.1988692408159789	6	1	1	Upright	Normal
-9.6528	1.2264	0.8805	-9.4967	84.2550	9.8372	24.5925	14.5242	-5.7657	-0.0290	-0.3915	-0.0877	0.1185	0.6608	-0.0080	0.7411	-0.2657	-0.0631	-0.0188	-9.6238	1.6179	0.9682	-0.38821266331499693	6	1	1	Upright	Normal
-9.8061	2.0692	0.9571	-9.3640	83.7102	8.6664	24.6131	14.4594	-6.0686	-0.1882	0.4736	-0.1030	0.1109	0.6585	-0.0018	0.7443	-0.1571	-0.1110	0.0011	-9.6178	1.5956	1.0600	0.29748012467643115	6	1	1	Upright	Normal
-9.6528	2.2607	0.4591	-9.5974	83.0955	8.4210	24.5521	14.8226	-5.5754	-0.0534	0.6258	-0.7033	0.1110	0.6545	0.0006	0.7478	-0.0559	-0.1909	-0.0117	-9.5994	1.6349	1.1624	-0.14301273903114442	6	1	1	Upright	Normal
-9.9210	1.8393	0.6123	-10.2971	81.7632	8.4196	24.5244	14.8194	-5.8744	-0.3717	0.0865	-0.7699	0.1155	0.6451	0.0033	0.7553	0.0304	-0.3241	0.1066	-9.5493	1.7529	1.3822	0.18399871091552633	6	1	1	Upright	Normal
-9.3464	2.1075	0.2292	-10.8319	81.6649	8.4277	24.8343	14.9265	-6.1119	0.1839	0.2646	-1.1669	0.1191	0.6439	0.0062	0.7557	-0.0825	0.0861	0.0757	-9.5303	1.8429	1.3961	-0.5248151055695889	6	0	1	Upright	Normal
-9.9976	1.5712	0.7272	-10.3610	81.4695	6.1478	24.8934	15.2249	-5.7685	-0.4574	-0.1924	-0.7036	0.1032	0.6453	0.0184	0.7567	-0.6184	-0.1824	-0.0117	-9.5401	1.7636	1.4308	0.5625992959347919	6	0	1	Upright	Normal
-10.6105	3.1418	0.7272	-10.3861	80.4331	3.1327	24.5784	15.6587	-5.0097	-1.0986	1.3740	-0.8758	0.0867	0.6409	0.0376	0.7618	-0.2530	0.0892	-0.0228	-9.5119	1.7678	1.6031	0.9433423236034031	6	0	1	Upright	Normal
-11.6831	4.6741	-1.0349	-12.1645	83.0682	4.8967	23.7872	15.9259	-5.4503	-2.1666	2.6077	-2.1917	0.1074	0.6553	0.0384	0.7467	0.6343	0.0498	-0.0356	-9.5165	2.0663	1.1568	1.5361430053122103	6	1	2	PT	Normal
-9.2314	0.7284	1.7615	-13.4724	89.3487	11.7224	25.1194	15.3949	-6.3489	0.3048	-1.5562	1.6532	0.1543	0.6861	0.0099	0.7109	0.9912	1.5487	0.0454	-9.5363	2.2847	0.1083	-3.1997442350214644	6	1	2	PT	Normal
-12.4109	-0.4208	3.6769	-12.3904	86.7715	14.9286	26.0263	15.3100	-6.5158	-2.8479	-2.5250	3.1376	0.1665	0.6669	-0.0204	0.7260	0.4181	-0.2271	0.0837	-9.5630	2.1042	0.5393	3.524806292357887	6	1	2	Jump	Normal
-7.1629	0.7667	1.3402	-8.8885	89.9419	19.5477	25.8090	16.2801	-6.9569	2.5260	-0.7485	1.3304	0.1736	0.6851	-0.0658	0.7044	1.1510	0.6719	-0.6545	-9.6889	1.5152	0.0097	-5.623528894929139	6	1	2	Jump	Normal
-6.8187	1.2641	0.2298	-6.6346	92.7582	30.3010	25.1264	16.5530	-7.0212	2.9111	0.1312	0.6987	0.2274	0.6872	-0.1396	0.6757	2.3399	0.1670	-0.1160	-9.7297	1.1329	-0.4688	-0.3887307772696911	0	1	2	Upright	Normal
-14.7483	0.3065	-5.2864	-6.4382	98.0293	37.0151	24.6524	15.5460	-9.2139	-5.0989	-0.7931	-3.9251	0.2742	0.7030	-0.1677	0.6344	-0.1763	1.6882	-0.1799	-9.6494	1.0995	-1.3613	8.731418316196466	0	0	2	Upright	Normal
-11.9519	1.0726	-3.2178	-5.1513	101.0335	37.3595	25.6109	16.0794	-8.0475	-2.3653	0.1921	-1.3485	0.2740	0.7213	-0.1706	0.6129	0.1231	0.0775	0.2995	-9.5865	0.8805	-1.8693	-3.246236139611023	0	0	2	Upright	Normal
-6.9719	1.5323	3.2944	-7.8686	92.6418	33.3590	25.3537	14.7514	-8.1176	2.7321	0.1897	3.7423	0.2525	0.6776	-0.1502	0.6742	-1.0807	-2.2501	0.6553	-9.7040	1.3425	-0.4479	-4.56204046173377	0	0	2	Upright	Normal
-9.7677	2.5289	5.1709	-10.1537	89.6647	35.4868	24.3085	15.1460	-9.4139	-0.1148	0.8001	5.1145	0.2738	0.6497	-0.1559	0.6918	1.2576	0.0765	0.2036	-9.6530	1.7288	0.0564	3.4757826135436423	0	0	2	Upright	Normal
-10.2657	-0.1909	-0.9966	-10.4576	80.8375	33.0858	23.6054	14.1423	-11.7163	-0.7449	-1.9709	-2.5322	0.2504	0.5992	-0.1592	0.7436	-0.6205	0.0275	0.1417	-9.5208	1.7799	1.5356	-1.0218860490907513	0	0	2	Upright	Normal
-9.4230	2.2607	-0.3837	-9.3429	81.8968	23.6409	23.2046	15.8090	-10.9150	0.1570	0.6687	-1.7476	0.1940	0.6267	-0.1020	0.7478	-1.2245	-0.0098	0.0245	-9.5799	1.5920	1.3639	-0.6177430208857739	0	1	3	PT	Normal
-9.8444	6.1681	1.9531	-11.1818	82.6175	20.9939	23.7829	16.3392	-9.1668	-0.3036	4.2663	0.7171	0.1917	0.6326	-0.0730	0.7468	0.4480	-0.5915	0.1279	-9.5407	1.9017	1.2360	2.082178831605992	0	1	3	PT	Normal
-11.5682	-0.1909	2.0297	-13.8692	84.3622	25.1232	22.6591	15.7888	-10.7614	-2.0934	-2.5416	1.0944	0.2323	0.6311	-0.0809	0.7356	0.9145	0.9532	0.0000	-9.4748	2.3507	0.9352	-0.033702072270752836	0	1	3	Upright	Normal
-10.5722	-4.9027	5.9370	-9.9506	78.7862	24.1294	22.2547	14.7337	-11.6110	-1.0974	-6.5972	4.0586	0.1977	0.6043	-0.1071	0.7644	-1.2746	-1.3329	0.2206	-9.4748	1.6945	1.8784	1.3323694467105938	0	0	3	Upright	Normal
-9.0016	0.4603	1.2252	-7.2750	80.3877	17.1912	22.1716	13.0859	-12.3942	0.5896	-0.7816	-0.3989	0.1442	0.6296	-0.0735	0.7599	-0.5513	1.2738	0.2046	-9.5912	1.2418	1.6242	-3.9825799464222005	0	0	3	Upright	Normal
-8.7718	1.7244	0.4208	-7.6470	82.6170	12.0478	22.1226	7.6171	-11.3870	0.8671	0.4196	-0.8281	0.1189	0.6498	-0.0349	0.7500	-0.5811	0.9095	0.1677	-9.6389	1.3048	1.2489	-0.1466650864784107	0	0	3	Upright	Normal
-12.1428	-0.9188	-1.2647	-7.2134	86.3779	9.8058	21.9275	5.8807	-9.8135	-2.4331	-2.1501	-1.8793	0.1041	0.6766	-0.0193	0.7287	-0.2648	0.7092	-0.2414	-9.7097	1.2314	0.6146	3.293421786123547	0	0	3	Upright	Normal
-13.9049	-2.3744	1.3018	-3.8112	90.8046	1.1600	22.5542	9.3382	-7.0935	-4.1209	-3.0263	1.4394	0.0306	0.7114	0.0166	0.7019	-2.1066	0.0211	-0.0294	-9.7841	0.6518	-0.1375	1.9231020521316786	0	0	3	Upright	Normal
-7.4693	-0.2292	3.2172	-3.9879	88.1377	-11.7885	23.5559	13.1214	-0.7700	2.3085	-0.9111	2.8994	-0.0465	0.6940	0.0978	0.7118	-2.8651	0.1074	0.4212	-9.7778	0.6819	0.3178	-6.030181192620066	0	0	3	Upright	Normal
-9.5379	0.1921	6.1669	-5.8391	88.6658	-25.9864	24.0806	10.2798	4.4950	0.2153	-0.8055	5.9397	-0.1214	0.6882	0.1953	0.6881	-2.5604	-0.0013	0.4148	-9.7532	0.9976	0.2271	3.2236082009350646	0	0	3	Upright	Normal
-7.9290	2.0692	1.7615	-8.7763	87.0966	-45.5655	22.3020	7.6500	5.2813	1.7505	0.5731	1.2707	-0.2149	0.6548	0.3284	0.6459	-2.8373	0.1074	0.2806	-9.6795	1.4961	0.4908	-2.9778009367180474	0	1	4	PT	Normal
-9.6911	4.9422	1.4168	-9.2857	78.9510	-56.7900	22.1670	6.2693	5.8898	-0.1923	3.3600	-0.4380	-0.2464	0.5871	0.4111	0.6523	-1.4322	-1.4479	0.0558	-9.4988	1.5823	1.8548	2.5886819801497936	0	1	4	PT	Normal
-10.6488	1.3797	-1.0349	-9.7849	79.1077	-62.8817	24.3103	7.1089	6.8845	-1.1588	-0.2869	-2.8609	-0.2749	0.5756	0.4471	0.6271	-0.9464	-0.5062	0.1794	-9.4900	1.6665	1.8260	-0.1828550721985529	0	1	4	Upright	Normal
-11.1468	3.2567	0.0760	-10.8619	78.3392	-65.0481	25.4701	5.8472	7.5667	-1.7145	1.4088	-1.8705	-0.2762	0.5696	0.4654	0.6186	-0.0239	-0.1302	0.0835	-9.4323	1.8479	1.9465	0.8254903307912116	0	0	4	Upright	Normal
-11.4922	1.3408	2.3750	-11.0845	80.3262	-62.6741	24.2879	4.5248	7.6742	-2.0053	-0.5445	0.7579	-0.2708	0.5867	0.4488	0.6173	0.6003	0.4802	-0.3617	-9.4869	1.8853	1.6171	0.19834004036987096	0	0	4	Upright	Normal
-10.6494	-2.1835	5.3630	-8.0991	81.5584	-63.8721	24.4709	5.0333	8.6472	-1.0457	-3.5650	3.9379	-0.2993	0.5812	0.4387	0.6166	-0.9017	0.1116	0.2900	-9.6037	1.3815	1.4251	0.3104522180339746	0	0	4	Upright	Normal
-6.8953	0.7661	0.9194	-6.9902	82.3007	-62.4688	23.4135	4.6501	9.9648	2.7508	-0.4272	-0.3846	-0.3013	0.5854	0.4240	0.6218	1.2160	0.4216	-0.4290	-9.6461	1.1934	1.3039	-5.123463093263298	0	0	4	Upright	Normal
-6.3973	2.4134	1.9920	-6.9726	82.2941	-53.2715	23.2586	8.0266	9.7282	3.2489	1.2230	0.6868	-0.2535	0.6076	0.3727	0.6539	1.7167	-0.5169	-0.2831	-9.6462	1.1904	1.3051	0.12327450977989507	0	0	4	Upright	Normal
-14.0582	-2.2212	-1.8010	-5.7326	86.7956	-47.5465	22.9662	10.3225	8.7659	-4.3157	-3.2006	-2.3463	-0.2434	0.6426	0.3240	0.6503	-0.1060	0.7987	0.0312	-9.7425	0.9794	0.5453	7.224432923012571	0	0	4	Upright	Normal
-12.2577	0.0006	4.4047	-4.5196	85.3792	-53.9517	23.1711	9.1063	11.4159	-2.5133	-0.7721	3.6172	-0.2815	0.6169	0.3570	0.6424	-2.1417	-0.8098	0.0815	-9.7444	0.7727	0.7875	-1.321015158928688	0	0	4	Upright	Normal
-6.2052	0.0772	7.0862	-4.2541	85.4455	-68.2690	22.4909	5.4985	13.8456	3.5437	-0.6500	6.3098	-0.3579	0.5765	0.4328	0.5935	-2.0085	0.0765	0.3819	-9.7489	0.7272	0.7765	-3.605696274671459	0	1	5	Jump	Normal
-6.9713	-1.7615	5.2092	-4.2373	80.8236	-82.5052	22.2199	1.6114	14.7055	2.6835	-2.4859	3.6497	-0.4060	0.5056	0.5197	0.5562	-3.2676	-1.4501	0.5236	-9.6548	0.7244	1.5595	-0.5403211042403662	0	1	5	PT	Normal
-10.4573	1.6478	3.8684	-5.6992	79.6580	-101.3358	22.4333	-6.0810	13.6134	-0.8576	0.6741	2.1166	-0.4706	0.4350	0.6135	0.4615	-2.7776	0.6964	0.5833	-9.5997	0.9737	1.7518	2.391917590163974	0	1	5	PT	Normal
-9.5768	1.6472	3.1412	-3.9352	77.7840	-120.1653	21.0679	-11.0586	11.7769	-0.0147	0.9743	1.0711	-0.5305	0.3361	0.6850	0.3693	-3.7310	-0.3219	0.2999	-9.5621	0.6729	2.0701	-1.0584582659682518	0	1	5	PT	Normal
-9.1171	2.5283	4.9799	-1.6222	77.1679	-143.6678	20.9330	-14.9345	7.8616	0.4408	2.2507	2.8029	-0.5891	0.2049	0.7454	0.2353	-4.2338	0.5122	0.5098	-9.5580	0.2776	2.1771	0.47921834373058303	0	1	5	PT	Normal
-6.8570	1.9920	5.4396	0.2382	76.8948	-165.5517	19.2812	-18.3349	-0.3951	2.6942	2.0328	3.2162	-0.6171	0.0766	0.7768	0.0998	-3.4434	-0.4636	0.4735	-9.5512	-0.0409	2.2235	-1.7153355603990619	0	1	5	PT	Normal
-8.5042	-3.6009	4.5586	4.9181	70.8079	176.8477	18.7198	-15.7811	-8.2094	0.7283	-2.8156	1.3467	0.5776	0.0509	-0.8147	-0.0024	-3.1814	-1.4117	0.1859	-9.2325	-0.7853	3.2118	1.3225673517811494	0	1	5	PT	Normal
-11.7214	7.6237	3.2555	21.6887	65.6815	-176.3458	16.8120	-13.6164	-14.9324	-2.7078	8.5437	-0.4969	0.5374	0.1410	-0.8215	-0.1283	-3.5521	-2.0338	0.6525	-9.0136	-0.9200	3.7525	4.0575748849863835	0	1	5	Jump	Normal
-3.2172	-1.7998	7.6608	34.8165	41.1710	-155.9388	9.3630	-8.5666	-22.5043	4.3961	-0.5834	1.6005	0.3865	0.2040	-0.8517	-0.2891	-2.4325	-2.4653	0.9881	-7.6133	-1.2164	6.0603	-5.854924130228099	0	1	5	Jump	Normal
-4.5580	2.8353	6.8564	29.4430	14.5016	-126.9263	2.1988	-5.0019	-24.3867	0.6482	3.6761	-1.4115	0.2218	0.1710	-0.8440	-0.4573	-0.4607	-3.0959	2.5508	-5.2062	-0.8408	8.2679	0.20610889940179078	0	1	5	Tilt	Normal
-2.9497	3.2944	4.0223	20.7264	-21.0060	-96.2098	-13.0354	4.0415	-21.1291	-0.1089	7.1397	-4.5402	-0.0154	0.2514	-0.7419	-0.6215	1.2448	6.3807	3.3728	-2.8407	-3.8452	8.5624	-2.730043854287996	0	0	6	Tilt	Normal
-3.4093	-8.1977	10.6111	46.3663	-25.7967	-78.9406	-0.7298	7.0571	-23.3894	3.6811	-5.2349	4.5186	0.1658	0.4023	-0.6374	-0.6358	-0.3755	5.1514	1.4447	-7.0904	-2.9628	6.0925	7.857816433966243	0	0	6	Tilt	Normal
-14.9009	4.4825	6.5882	41.1846	-21.1612	-74.5303	4.4075	5.8576	-23.9453	-8.1527	6.2882	-0.2945	0.1711	0.3461	-0.6086	-0.6932	1.4632	2.8557	2.6942	-6.7482	-1.8057	6.8827	3.062251758505898	0	0	6	Tilt	Normal
-12.6025	0.4220	-10.3435	68.7175	-160.6977	81.9892	18.5785	-3.0908	-17.1815	-3.6106	-1.5863	-6.9843	0.6053	0.5522	-0.3292	-0.4694	2.5551	15.8978	0.4710	-8.9919	2.0083	-3.3592	-0.588579685950549	0	0	6	Tilt	Normal
18.8478	-0.8805	-0.6901	-16.8845	-152.4503	95.4149	14.0755	-12.3659	20.4198	14.5077	-3.7287	7.6299	-0.6871	-0.6723	-0.2702	0.0530	-3.3572	1.9907	-1.7181	4.3401	2.8482	-8.3200	2.5717989723583976	0	0	6	Tilt	Normal
-0.5746	5.2864	-0.3065	-14.4173	-138.0060	108.5248	5.6806	-24.1640	22.5651	-4.3797	-0.3582	6.7525	0.7256	0.5775	0.3570	-0.1125	-0.7622	-2.0285	-0.3758	3.8051	5.6446	-7.0590	-13.554608899210132	0	0	6	Tilt	Normal
5.8233	-2.1829	-9.0794	-2.3697	-148.1104	118.7005	9.1625	-23.6594	20.3920	3.0335	-6.5618	-0.7600	0.8241	0.4950	0.2464	-0.1229	1.2501	-3.1747	-0.3151	2.7898	4.3788	-8.3194	5.6786996684651445	0	0	6	Tilt	Normal
4.6741	4.2527	-4.9805	3.2030	-148.8011	120.3958	12.1678	-21.6117	20.0819	2.5081	-0.3662	3.3948	0.8392	0.4720	0.2199	-0.1570	-0.3765	-1.2391	-0.4195	2.1660	4.6189	-8.3754	-2.9590657188619094	0	0	6	Tilt	Normal
2.9886	3.9462	-8.2367	17.2392	-159.2143	119.6978	17.0927	-19.4668	16.4827	3.6248	-0.4229	0.5198	0.8545	0.4651	0.0802	-0.2171	0.1806	-2.2756	-0.8957	-0.6363	4.3691	-8.7565	1.5637623300395092	0	0	6	Tilt	Normal
0.7667	5.5168	-10.5351	28.8228	-166.3496	115.0551	23.8752	-13.9918	9.2728	3.9486	1.4747	-2.1861	0.8272	0.4914	-0.0356	-0.2703	0.1327	-2.5995	-1.5934	-3.1819	4.0422	-8.3490	2.3070888436903925	0	1	7	PT	Normal
-9.5762	5.1338	-18.6179	27.2547	-168.5887	106.0522	25.6367	-9.6658	4.9159	-5.8821	2.0520	-10.0723	0.7867	0.5629	-0.0638	-0.2454	0.4288	2.1154	-1.4997	-3.6941	3.0818	-8.5457	9.639723528131714	0	1	7	Jump	Normal
-1.9914	4.4059	-2.1075	35.1612	-174.3072	103.0532	26.8293	-5.5961	4.6018	3.2634	2.1890	5.8703	0.7547	0.5806	-0.1506	-0.2656	1.1628	-2.3886	-0.7391	-5.2548	2.2169	-7.9778	-16.28218093833847	0	1	7	Jump	Normal
-7.6225	-3.0640	-8.2367	28.4398	179.5179	101.7136	27.3866	-1.7855	2.5419	-3.0329	-3.9313	0.3862	0.7511	0.6127	-0.1582	-0.1879	0.2552	3.5854	-2.3296	-4.5897	0.8673	-8.6229	6.358917289392265	0	1	7	Jump	Normal
-7.4693	-2.8341	-9.0794	27.7701	176.3377	97.1705	27.0569	2.0888	5.4828	-2.8669	-2.7818	-0.4199	0.7226	0.6476	-0.1819	-0.1594	-0.0282	1.2504	-0.1223	-4.6024	-0.0524	-8.6595	0.46041331589282564	0	1	7	PT	Normal
-3.4471	0.0772	-7.7770	24.2138	177.1734	96.3917	27.1174	2.9574	6.9266	0.5991	0.1106	1.1561	0.7252	0.6554	-0.1577	-0.1402	-0.3563	0.6155	0.1855	-4.0462	-0.0334	-8.9331	-3.586653353916823	0	1	7	Jump	Normal
-0.5357	-1.3018	-11.3012	19.1350	178.7048	97.0552	26.0597	2.2636	8.6545	2.6811	-1.4765	-2.0387	0.7376	0.6544	-0.1184	-0.1171	-0.3509	0.2203	0.4096	-3.2168	0.1746	-9.2626	2.8814702748273895	0	1	7	PT	Normal
-0.5740	2.8736	-9.5008	18.8594	-179.1555	99.2014	26.3895	0.5746	8.1736	2.5319	2.2242	-0.2216	0.7520	0.6384	-0.1006	-0.1295	0.3702	-0.2271	0.2146	-3.1059	0.6494	-9.2792	-1.4460899076378926	0	1	7	PT	Normal
-3.4477	1.4557	-9.3087	18.4136	-178.4402	100.6546	26.1145	-0.3051	8.1851	-0.4537	0.6208	-0.0075	0.7611	0.6284	-0.0918	-0.1317	-0.1102	0.1745	0.0921	-2.9939	0.8348	-9.3012	0.09037825527170718	0	1	7	Tilt	Normal
-1.5323	1.8387	-9.6534	17.5096	-176.5362	101.2767	25.4626	-0.6612	8.2629	1.2402	0.6817	-0.3181	0.7667	0.6230	-0.0734	-0.1366	-0.2455	-0.5339	0.4117	-2.7725	1.1570	-9.3353	-0.08712784126392314	0	1	7	Lying	Normal
-3.2561	1.0726	-9.2320	17.5194	-176.4413	101.1487	26.0270	-1.6293	8.0466	-0.4829	-0.0943	0.1018	0.7661	0.6237	-0.0730	-0.1371	0.0549	-0.0556	0.0261	-2.7732	1.1669	-9.3338	-0.09772887752832737	1	1	8	Tilt	Normal
-2.3744	0.5369	-9.5774	17.3379	-176.8619	101.2904	25.7308	-0.7558	8.1945	0.3822	-0.5608	-0.2303	0.7667	0.6234	-0.0746	-0.1337	0.0922	0.0946	0.0049	-2.7566	1.0977	-9.3471	0.03396586055135842	1	1	8	Lying	Normal
-1.9914	1.1115	-9.7689	16.8170	-177.4379	101.4783	25.6689	-0.3924	8.1912	0.6991	0.1179	-0.3910	0.7678	0.6234	-0.0754	-0.1272	0.0485	-0.1440	0.0230	-2.6905	0.9936	-9.3779	0.14964115389401655	1	1	8	Lying	Normal
-2.7575	1.3414	-9.8072	17.2127	-176.9654	101.8186	25.7277	-1.2847	7.4839	-0.0272	0.2397	-0.4530	0.7696	0.6202	-0.0740	-0.1326	-0.0537	-0.0269	0.0529	-2.7303	1.1016	-9.3543	0.24384834721629822	1	1	8	Lying	Normal
-2.3367	1.0343	-9.6534	16.7219	-176.8129	101.8392	25.6417	-0.7536	7.4982	0.3089	-0.0774	-0.2759	0.7703	0.6203	-0.0703	-0.1302	0.0368	-0.0120	0.0113	-2.6456	1.1117	-9.3775	-0.2895298968028417	1	1	8	Lying	Normal
-2.4517	1.0343	-9.6151	16.8242	-176.9993	102.1393	25.3709	-0.9021	7.3271	0.2116	-0.0636	-0.2411	0.7717	0.6184	-0.0717	-0.1300	0.0251	-0.0439	0.0317	-2.6633	1.0979	-9.3740	-0.00938401152276569	1	1	8	Lying	Normal
-2.4894	1.0732	-9.6540	16.5985	-176.9650	102.3546	25.9870	-1.1242	7.3247	0.1323	-0.0325	-0.2692	0.7731	0.6172	-0.0700	-0.1288	-0.0026	0.0136	0.0338	-2.6217	1.1057	-9.3848	0.05088188104254954	1	1	8	Lying	Normal
-2.4894	1.0732	-9.6540	16.5422	-176.9796	102.5835	25.8208	-0.5099	7.2687	0.1194	-0.0386	-0.2662	0.7743	0.6157	-0.0696	-0.1285	0.0070	0.0040	0.0477	-2.6088	1.1118	-9.3878	0.0	1	1	8	Lying	Normal
-2.4511	1.0349	-9.6157	16.2952	-176.9540	102.8725	25.7204	-1.0335	7.2588	0.1116	-0.0853	-0.2162	0.7761	0.6139	-0.0677	-0.1272	-0.0154	-0.0141	0.0466	-2.5627	1.1202	-9.3995	-0.05038892076118806	1	1	8	Lying	Normal
-2.4900	1.1109	-9.6534	16.1256	-176.7763	103.0848	25.0728	-0.4658	8.0024	0.0341	-0.0419	-0.2475	0.7775	0.6125	-0.0654	-0.1271	-0.0058	-0.0194	0.0338	-2.5241	1.1528	-9.4059	0.054065527504400634	2	1	9	Lying	Fall
-2.5666	1.1109	-9.6151	16.1112	-176.7246	103.2601	25.6341	-0.5091	7.2132	-0.0506	-0.0576	-0.2089	0.7785	0.6112	-0.0648	-0.1274	-0.0270	-0.0226	0.0357	-2.5160	1.1685	-9.4062	-0.01749382698545965	2	1	9	Lying	Normal
-2.5666	1.1109	-9.6151	16.2510	-176.7017	103.6000	25.5092	-1.0256	7.5247	-0.0362	-0.0817	-0.2158	0.7802	0.6087	-0.0650	-0.1286	-0.0185	-0.0205	0.0528	-2.5304	1.1926	-9.3993	0.0	2	1	9	Lying	Normal
-2.5660	1.2647	-9.5391	16.3810	-176.7080	103.8809	25.9594	-0.7104	7.3083	-0.0205	0.0557	-0.1460	0.7815	0.6067	-0.0654	-0.1297	0.0007	-0.0428	0.0421	-2.5455	1.2091	-9.3931	-0.0547473455226033	2	1	9	Lying	Normal
-2.5277	1.1115	-9.6540	16.3473	-176.7569	104.0862	25.7036	-1.0804	6.6880	0.0103	-0.0973	-0.2589	0.7826	0.6054	-0.0653	-0.1293	0.0028	-0.0088	0.0347	-2.5380	1.2088	-9.3951	0.08230893194280675	2	1	9	Lying	Normal
-2.6043	1.1881	-9.3859	16.3478	-176.8990	104.3103	25.6965	-0.8046	7.5751	-0.0646	-0.0072	0.0106	0.7837	0.6040	-0.0660	-0.1287	-0.0132	0.0328	0.0294	-2.5396	1.1953	-9.3965	-0.2284369828536157	2	1	9	Tilt	Normal
-2.5660	1.1881	-9.6923	16.4849	-176.9880	104.5172	25.6935	-0.7195	7.9898	-0.0049	-0.0073	-0.3017	0.7846	0.6026	-0.0672	-0.1292	-0.0004	-0.0450	0.0351	-2.5610	1.1955	-9.3907	0.28366691680053613	2	1	9	Lying	Normal
-2.5666	1.0343	-9.7300	16.5411	-177.1508	104.7411	25.6000	-0.1819	7.6185	0.0063	-0.1466	-0.3407	0.7857	0.6012	-0.0683	-0.1289	0.0060	-0.0098	0.0362	-2.5729	1.1809	-9.3893	0.019467933757329803	2	1	9	Lying	Normal
-2.6049	1.0726	-9.5768	16.5940	-177.2973	104.9994	26.4888	-0.4428	6.7379	-0.0223	-0.0980	-0.1890	0.7869	0.5995	-0.0693	-0.1287	0.0134	-0.0130	0.0383	-2.5826	1.1706	-9.3878	-0.13329558865637736	2	1	9	Lying	Normal
-2.6432	1.1875	-9.6534	16.7124	-177.3732	105.2105	26.2616	-0.7838	7.3266	-0.0426	0.0148	-0.2708	0.7879	0.5981	-0.0702	-0.1292	-0.0068	-0.0375	0.0340	-2.6006	1.1727	-9.3826	0.09638989413393517	3	1	10	Lying	Normal
-2.6815	1.0726	-9.5385	16.7785	-177.4042	105.4017	26.0964	-0.4189	6.8138	-0.0729	-0.1067	-0.1589	0.7888	0.5967	-0.0706	-0.1296	-0.0047	0.0030	0.0383	-2.6086	1.1793	-9.3796	-0.11279134372345645	3	1	10	Lying	Normal
-2.6043	1.1115	-9.4242	16.7073	-177.3970	105.6265	25.9147	-0.9017	6.7539	-0.0120	-0.0760	-0.0412	0.7900	0.5952	-0.0699	-0.1293	-0.0142	0.0253	0.0422	-2.5923	1.1875	-9.3830	-0.12574307684548103	3	1	10	Tilt	Normal
-2.7192	1.1498	-9.6157	16.8184	-177.4710	105.8549	25.7444	-0.4854	6.8603	-0.1104	-0.0409	-0.2376	0.7910	0.5936	-0.0707	-0.1298	-0.0068	-0.0247	0.0422	-2.6088	1.1907	-9.3781	0.2183219401637153	3	1	10	Lying	Normal
-2.6815	1.2258	-9.5768	16.8662	-177.4336	106.0916	25.0285	-1.1645	6.7620	-0.0721	0.0162	-0.2014	0.7923	0.5919	-0.0704	-0.1305	-0.0089	0.0125	0.0379	-2.6094	1.2097	-9.3754	-0.038330269060736555	3	1	10	Lying	Normal
-2.6432	1.0343	-9.5385	16.8156	-177.4826	106.2874	25.8529	-1.3480	7.0622	-0.0434	-0.1740	-0.1601	0.7933	0.5907	-0.0703	-0.1300	0.0071	-0.0098	0.0337	-2.5998	1.2083	-9.3784	-0.06853872255268811	3	1	10	Lying	Normal
-2.6809	1.1881	-9.5774	16.8512	-177.4926	106.4629	25.8163	-1.2672	7.3111	-0.0787	-0.0281	-0.2008	0.7941	0.5894	-0.0703	-0.1303	-0.0174	0.0030	0.0347	-2.6022	1.2163	-9.3766	0.06440973726050281	3	1	10	Lying	Normal
-2.6809	1.1115	-9.5391	16.8842	-177.4536	106.6480	25.7582	-0.6270	7.4736	-0.0795	-0.1211	-0.1645	0.7951	0.5881	-0.0700	-0.1308	-0.0260	-0.0120	0.0454	-2.6014	1.2326	-9.3746	-0.04544543606690432	3	1	10	Lying	Normal
-2.5277	1.3030	-9.3859	16.7881	-177.3430	106.8017	25.7244	-0.2592	7.0999	0.0497	0.0500	-0.0072	0.7960	0.5869	-0.0686	-0.1308	-0.0122	0.0232	0.0316	-2.5774	1.2531	-9.3787	-0.16355971611459452	3	1	10	Tilt	Normal
-2.6432	1.2258	-9.6151	16.8000	-177.3887	106.9587	25.3266	-1.6371	7.5057	-0.0651	-0.0274	-0.2367	0.7968	0.5859	-0.0688	-0.1308	-0.0037	-0.0088	0.0348	-2.5781	1.2532	-9.3784	0.2396004175740032	3	1	10	Lying	Normal
-2.6809	1.1498	-9.6923	16.8648	-177.4304	107.2270	25.7198	-1.2548	6.4329	-0.0964	-0.1118	-0.3168	0.7981	0.5840	-0.0691	-0.1312	-0.0026	-0.0013	0.0422	-2.5845	1.2616	-9.3755	0.07490371724410494	4	1	11	Lying	Normal
-2.7192	1.2647	-9.5008	16.7415	-177.4837	107.4444	26.1626	-0.7309	7.3495	-0.1559	0.0081	-0.1188	0.7993	0.5827	-0.0686	-0.1302	0.0059	0.0221	0.0358	-2.5633	1.2567	-9.3820	-0.15888891970848817	4	1	11	Tilt	Normal
-2.6426	1.1498	-9.6157	16.5891	-177.5574	107.6526	25.9477	-0.9404	7.0345	-0.1037	-0.0967	-0.2257	0.8004	0.5814	-0.0681	-0.1289	0.0273	0.0477	0.0309	-2.5389	1.2465	-9.3901	0.07541265428597832	4	1	11	Lying	Normal
-2.5666	1.1875	-9.6151	16.3793	-177.5405	107.8040	25.3066	-1.2777	6.7916	-0.0646	-0.0579	-0.2150	0.8014	0.5806	-0.0667	-0.1276	-0.0058	0.0520	0.0384	-2.5019	1.2454	-9.4001	-0.015917663951947603	4	1	11	Lying	Normal
-2.6049	1.1875	-9.4236	16.1488	-177.5177	108.0481	25.8127	-1.6595	7.3675	-0.1454	-0.0605	-0.0126	0.8028	0.5790	-0.0651	-0.1262	-0.0271	0.0594	0.0394	-2.4594	1.2480	-9.4110	-0.1735091789710097	4	1	11	Tilt	Normal
-2.4894	1.1881	-9.5774	16.2439	-177.6055	108.1967	25.3550	-1.5324	7.0264	-0.0135	-0.0570	-0.1704	0.8035	0.5780	-0.0661	-0.1265	0.0187	-0.0279	0.0224	-2.4759	1.2451	-9.4070	0.11785625456033877	4	1	11	Lying	Normal
-2.4900	1.0726	-9.6151	16.2178	-177.7200	108.4269	25.5594	-1.0543	7.4720	-0.0168	-0.1625	-0.2061	0.8046	0.5765	-0.0665	-0.1259	-0.0015	-0.0205	0.0341	-2.4732	1.2351	-9.4091	0.023321887014009945	4	1	11	Lying	Normal
-2.6049	1.2258	-9.5002	16.3129	-177.7842	108.6632	25.7027	-0.7627	7.3204	-0.1184	-0.0142	-0.0953	0.8056	0.5749	-0.0672	-0.1264	0.0007	-0.0173	0.0398	-2.4865	1.2400	-9.4049	-0.06320388064312077	4	1	11	Tilt	Normal
-2.5660	1.1498	-9.5774	16.4140	-177.8539	108.8433	25.7788	-1.2921	7.0544	-0.0637	-0.0922	-0.1770	0.8064	0.5736	-0.0680	-0.1269	0.0028	-0.0439	0.0408	-2.5022	1.2420	-9.4004	0.05480565799097903	4	1	11	Lying	Normal
-2.6426	1.2264	-9.7306	16.7653	-178.0175	109.1163	26.2560	-1.2051	6.9879	-0.0825	-0.0199	-0.3464	0.8073	0.5715	-0.0706	-0.1287	-0.0068	-0.0386	0.0387	-2.5601	1.2463	-9.3842	0.17572799030104136	4	1	11	Lying	Normal
-2.7575	1.1498	-9.6540	16.9004	-178.2508	109.4079	26.2287	-0.4795	6.8700	-0.1692	-0.0793	-0.2752	0.8085	0.5696	-0.0726	-0.1286	0.0039	-0.0215	0.0376	-2.5883	1.2291	-9.3788	-0.05164111952761097	5	1	12	Lying	Normal
-2.6809	1.1115	-9.5391	17.1162	-178.4587	109.6299	26.0645	-0.7852	6.7193	-0.0519	-0.1061	-0.1701	0.8093	0.5681	-0.0749	-0.1293	0.0145	-0.0769	0.0313	-2.6290	1.2176	-9.3690	-0.1349081000536838	5	1	12	Lying	Normal
-2.7192	1.1881	-9.7689	17.3888	-178.6593	109.8524	26.0026	-0.7967	6.8046	-0.0412	-0.0226	-0.4130	0.8100	0.5665	-0.0774	-0.1304	0.0390	-0.0141	0.0110	-2.6781	1.2107	-9.3559	0.23884259038121058	5	1	12	Lying	Normal
-2.6809	1.0732	-9.5008	16.9902	-178.9537	110.0044	25.9105	-0.6232	6.4346	-0.0498	-0.0751	-0.1236	0.8109	0.5661	-0.0773	-0.1262	0.0603	0.0392	0.0222	-2.6311	1.1483	-9.3772	-0.2796899376481399	5	1	12	Tilt	Normal
-2.6809	1.1881	-9.5774	16.5348	-178.9570	110.1595	25.6622	-0.8632	6.9099	-0.1229	0.0590	-0.1778	0.8121	0.5654	-0.0749	-0.1231	0.0145	0.0615	0.0211	-2.5581	1.1292	-9.3996	0.08629278333383361	5	1	12	Lying	Normal
-2.6043	1.3414	-9.4242	16.5925	-178.9106	110.3181	25.8456	-0.7001	7.4085	-0.0432	0.1944	-0.0275	0.8129	0.5642	-0.0747	-0.1238	0.0272	0.0168	0.0211	-2.5610	1.1470	-9.3966	-0.147250869979354	5	1	12	Tilt	Normal
-2.7964	1.0726	-9.5385	16.4931	-179.0312	110.5293	26.0965	-0.3939	6.9559	-0.2475	-0.0588	-0.1366	0.8140	0.5629	-0.0748	-0.1226	-0.0154	0.1095	0.0307	-2.5489	1.1314	-9.4019	0.12865888902059197	5	1	12	Lying	Normal
-2.4128	0.9583	-9.8072	15.6689	-178.5059	110.5582	26.1107	-0.7683	7.3334	-0.0233	-0.2108	-0.3681	0.8152	0.5628	-0.0670	-0.1194	-0.0484	0.1468	0.0439	-2.3894	1.1691	-9.4391	0.1473399627748755	5	1	12	Lying	Normal
-2.8724	1.4946	-9.6157	17.7997	-176.8835	110.5689	26.1201	-1.0459	7.4930	-0.2571	-0.0563	-0.2922	0.8142	0.5590	-0.0660	-0.1424	-0.2710	-0.4860	0.0929	-2.6154	1.5508	-9.3235	0.0012355081053723183	5	1	12	Lying	Normal
-3.1406	1.7627	-9.5774	18.4489	-176.9622	110.8656	25.8045	-1.3829	6.6448	-0.4298	0.1733	-0.2878	0.8149	0.5563	-0.0694	-0.1468	0.1018	0.1638	-0.0041	-2.7108	1.5895	-9.2897	0.08591845900934914	5	1	12	Lying	Normal
-2.6809	1.5329	-9.3476	18.4685	-177.0759	110.9233	25.7393	-1.0905	6.3818	0.0385	-0.0423	-0.0581	0.8151	0.5561	-0.0702	-0.1464	-0.0856	-0.1355	0.0162	-2.7194	1.5752	-9.2895	-0.387635815328359	6	1	13	Tilt	Normal
-2.7575	1.4946	-9.5391	18.5584	-176.9795	110.9910	26.2063	-0.8102	6.6957	-0.0325	-0.1043	-0.2553	0.8154	0.5554	-0.0699	-0.1476	-0.0015	0.0754	0.0321	-2.7251	1.5989	-9.2838	0.1969937259974408	6	1	13	Lying	Normal
-2.7192	1.4946	-9.6157	18.5069	-177.0421	111.2285	25.9549	-0.8548	6.9283	-0.0046	-0.1027	-0.3286	0.8166	0.5538	-0.0698	-0.1470	0.0038	-0.0183	0.0481	-2.7146	1.5972	-9.2871	0.06242109156211306	6	1	13	Lying	Normal
-2.7581	1.5323	-9.3087	18.4355	-177.0974	111.4097	25.7006	-1.0674	6.2353	-0.0558	-0.0606	-0.0172	0.8175	0.5527	-0.0696	-0.1464	0.0326	0.0094	0.0304	-2.7023	1.5929	-9.2914	-0.2750544912506303	6	1	13	Tilt	Normal
-2.7575	1.5329	-9.4242	18.2405	-177.0260	111.5211	25.6860	-0.9053	6.4391	-0.0923	-0.0649	-0.1227	0.8183	0.5520	-0.0680	-0.1454	-0.0249	0.0189	0.0314	-2.6652	1.5978	-9.3015	0.10938286736866232	6	1	13	Tilt	Normal
-2.7964	1.4940	-9.5385	18.3527	-177.1220	111.7568	25.5195	-0.9711	7.0342	-0.1146	-0.1064	-0.2423	0.8192	0.5503	-0.0689	-0.1459	0.0135	0.0008	0.0410	-2.6818	1.6004	-9.2962	0.11334403856572095	6	1	13	Lying	Normal
-2.7581	1.5706	-9.4236	18.3399	-177.1906	111.9926	26.0190	-0.6830	6.5620	-0.0804	-0.0292	-0.1261	0.8203	0.5487	-0.0690	-0.1456	0.0007	0.0125	0.0346	-2.6778	1.5998	-9.2974	-0.10786139642726056	6	1	13	Tilt	Normal
-2.7581	1.5706	-9.5768	18.4227	-177.2798	112.2132	25.6417	-0.5391	6.8221	-0.0681	-0.0305	-0.2831	0.8213	0.5471	-0.0698	-0.1459	-0.0046	-0.0183	0.0378	-2.6900	1.6011	-9.2937	0.14530489156859439	6	1	13	Lying	Normal
-2.7964	1.6089	-9.4236	18.3174	-177.3494	112.5084	26.0526	-1.5058	6.3582	-0.1257	0.0114	-0.1238	0.8227	0.5452	-0.0694	-0.1450	-0.0057	0.0253	0.0421	-2.6707	1.5975	-9.2998	-0.12849887032074037	6	1	13	Tilt	Normal
-2.6043	1.5329	-9.5008	18.1431	-177.1695	112.6069	25.6767	-1.1526	6.8719	0.0253	-0.0865	-0.1930	0.8235	0.5444	-0.0672	-0.1447	0.0017	0.0264	0.0347	-2.6296	1.6194	-9.3078	0.009267813844221706	6	1	13	Tilt	Normal
-2.7192	1.5329	-9.5391	18.1792	-177.3167	112.8288	25.7189	-1.0058	6.9982	-0.0804	-0.0760	-0.2321	0.8244	0.5430	-0.0681	-0.1444	-0.0089	-0.0130	0.0400	-2.6389	1.6089	-9.3070	0.06702211985404638	7	1	14	Lying	Normal
-2.7958	1.5712	-9.5391	18.1726	-177.3827	113.0425	25.6376	-1.4237	6.5062	-0.1595	-0.0368	-0.2312	0.8254	0.5416	-0.0683	-0.1441	0.0060	-0.0120	0.0389	-2.6363	1.6080	-9.3079	0.026931334606992152	7	1	14	Lying	Normal
-2.6809	1.6095	-9.4625	18.1344	-177.4857	113.2811	25.3997	-0.6642	6.8532	-0.0498	0.0091	-0.1519	0.8265	0.5400	-0.0685	-0.1435	0.0156	0.0008	0.0357	-2.6311	1.6004	-9.3106	-0.09800396467819716	7	1	14	Tilt	Normal
-2.6809	1.5712	-9.5391	17.9770	-177.4965	113.4518	25.5626	-0.7182	6.6914	-0.0774	-0.0251	-0.2200	0.8275	0.5389	-0.0677	-0.1424	-0.0025	0.0349	0.0273	-2.6035	1.5963	-9.3191	0.06669103412616018	7	1	14	Lying	Normal
-2.6426	1.4563	-9.5774	17.9795	-177.6077	113.6532	25.7926	-0.7574	6.9562	-0.0364	-0.1320	-0.2577	0.8283	0.5376	-0.0682	-0.1420	0.0156	-0.0152	0.0369	-2.6062	1.5883	-9.3197	0.008987872841597522	7	1	14	Lying	Normal
-2.7958	1.5329	-9.3476	17.9812	-177.5279	113.8770	25.5092	-0.8683	7.0577	-0.2013	-0.0781	-0.0284	0.8294	0.5359	-0.0674	-0.1426	-0.0334	0.1084	0.0401	-2.5946	1.6110	-9.3191	-0.1650192603854972	7	1	14	Tilt	Normal
-2.6049	1.5323	-9.5385	17.9643	-177.5965	114.1298	25.8696	-1.5669	6.7773	-0.0150	-0.0784	-0.2180	0.8306	0.5342	-0.0675	-0.1423	-0.0121	-0.0109	0.0411	-2.5899	1.6107	-9.3205	0.12938778492692826	7	1	14	Lying	Normal
-2.6809	1.5329	-9.5008	17.9611	-177.6874	114.3370	25.6502	-1.3169	6.6044	-0.0908	-0.0729	-0.1796	0.8315	0.5328	-0.0679	-0.1419	-0.0014	-0.0162	0.0369	-2.5901	1.6058	-9.3212	-0.015713946432141412	7	1	14	Tilt	Normal
-2.6043	1.5329	-9.4625	17.9379	-177.7783	114.5658	26.2565	-0.9200	7.1465	-0.0174	-0.0675	-0.1395	0.8325	0.5312	-0.0681	-0.1415	0.0135	0.0008	0.0373	-2.5869	1.6004	-9.3230	-0.05677488727614666	7	1	14	Tilt	Normal
-2.7575	1.5329	-9.4625	17.8929	-177.8647	114.7842	25.8857	-0.5484	7.2772	-0.1770	-0.0611	-0.1366	0.8335	0.5298	-0.0683	-0.1409	0.0007	0.0008	0.0373	-2.5805	1.5939	-9.3259	0.04126132510406677	8	1	15	Tilt	Normal
-2.6043	1.6095	-9.5008	17.8840	-177.8670	114.9876	25.6167	-1.1628	6.8280	-0.0307	0.0075	-0.1743	0.8345	0.5283	-0.0680	-0.1409	-0.0078	0.0115	0.0384	-2.5736	1.6020	-9.3265	0.007295121051489772	8	1	15	Tilt	Normal
-2.6426	1.5712	-9.5391	17.8368	-177.9105	115.2229	25.6383	-0.7276	6.4181	-0.0793	-0.0314	-0.2099	0.8356	0.5267	-0.0678	-0.1405	-0.0003	0.0040	0.0437	-2.5633	1.6026	-9.3292	0.04040931363472744	8	1	15	Lying	Normal
-2.5277	1.4946	-9.4242	17.7095	-177.8546	115.4056	25.3097	-0.7645	6.6796	0.0076	-0.1160	-0.0887	0.8366	0.5254	-0.0666	-0.1400	0.0188	-0.0002	0.0320	-2.5353	1.6105	-9.3354	-0.15119510684011672	8	1	15	Tilt	Normal
-2.6043	1.5329	-9.4242	17.7136	-177.9713	115.6362	25.4943	-0.5240	6.8000	-0.0660	-0.0702	-0.0883	0.8376	0.5239	-0.0672	-0.1396	0.0018	-0.0002	0.0402	-2.5383	1.6031	-9.3359	0.02575201072508193	8	1	15	Tilt	Normal
-2.6815	1.4940	-9.5385	17.7591	-178.0975	115.8693	25.3771	-1.3895	7.1733	-0.1335	-0.1034	-0.2043	0.8385	0.5223	-0.0680	-0.1395	-0.0067	-0.0098	0.0412	-2.5480	1.5974	-9.3342	0.12339891664059088	8	1	15	Lying	Normal
-2.6049	1.4557	-9.6151	17.7714	-178.2117	116.1165	25.8104	-0.9339	6.9279	-0.0533	-0.1360	-0.2809	0.8396	0.5206	-0.0686	-0.1392	0.0040	-0.0120	0.0402	-2.5516	1.5917	-9.3342	0.047255407091839174	8	1	15	Lying	Normal
-2.7198	1.6089	-9.5385	17.8260	-178.2884	116.3300	25.6212	-1.2957	6.6856	-0.1603	0.0154	-0.2068	0.8404	0.5191	-0.0692	-0.1394	0.0072	0.0008	0.0316	-2.5596	1.5935	-9.3317	-0.019182009682090495	8	1	15	Lying	Normal
-2.6432	1.5323	-9.7300	18.0187	-178.5823	116.5410	25.8913	-0.3710	6.8463	-0.0386	-0.0398	-0.4072	0.8410	0.5177	-0.0720	-0.1396	0.0626	-0.1398	0.0167	-2.6046	1.5721	-9.3229	0.1500731662573589	8	1	15	Lying	Normal
-2.8724	1.5712	-9.3476	18.4440	-178.9046	116.8254	25.9052	-0.9087	7.1388	-0.1887	0.0040	-0.0462	0.8416	0.5157	-0.0759	-0.1415	-0.0259	-0.0450	0.0429	-2.6838	1.5672	-9.3013	-0.29400710215075776	8	1	15	Tilt	Normal
-2.7575	1.4946	-9.5391	18.6918	-179.0339	117.0526	25.3948	-0.6514	6.5830	-0.0341	-0.0819	-0.2509	0.8422	0.5140	-0.0777	-0.1428	0.0316	-0.0535	0.0280	-2.7234	1.5764	-9.2882	0.13712492567338685	9	1	16	Lying	Normal
Total time: 16 seconds.
