9.3476	0.5752	-0.5369	40.2273	-95.6984	179.6484	-18.0135	-9.8362	-11.4250	-0.4066	-0.1136	0.2066	0.6969	-0.2286	0.6294	-0.2569	0.3342	-1.0570	0.1161	9.7541	0.6888	-0.7435	-0.6122041170160344	8	0	1	Lying	Normal
9.3093	0.8434	-2.9119	36.4014	-109.2853	-170.4167	-19.8193	-10.8677	-6.5307	-0.1378	0.4892	-0.3050	0.7569	-0.2448	0.5691	-0.2079	0.2415	-2.4812	0.2128	9.4471	0.3542	-2.6070	0.40982525161740035	8	0	1	Lying	Normal
7.7770	0.9200	-4.5592	32.3305	-117.5790	-164.2609	-21.7369	-10.9591	-3.5075	-1.2480	0.9408	-0.7227	0.7940	-0.2554	0.5256	-0.1677	0.7976	-0.3188	0.3385	9.0249	-0.0208	-3.8364	-0.7287817836370767	8	0	1	Lying	Normal
7.0491	0.0772	-4.7124	28.6596	-118.1838	-164.7925	-22.0001	-11.3936	-1.8961	-1.8748	0.2011	-0.6481	0.8072	-0.2360	0.5214	-0.1446	0.5632	-0.0386	-0.3209	8.9239	-0.1239	-4.0643	-0.5821681606357121	8	0	1	Lying	Normal
9.9216	-0.3448	-5.8227	24.9636	-118.6729	-165.5826	-21.8995	-12.2083	-1.9697	1.0940	-0.1257	-1.5568	0.8194	-0.2147	0.5173	-0.1220	0.6708	0.0573	0.1382	8.8276	-0.2191	-4.2659	3.029631688473227	8	0	1	Lying	Normal
8.2361	-1.2258	-7.6231	22.3967	-121.9076	-162.4489	-22.5048	-12.0241	-0.2607	-0.2967	-0.5984	-2.8307	0.8332	-0.2240	0.4966	-0.0951	-0.2400	-0.3017	0.2139	8.5328	-0.6274	-4.7924	-0.2198963877783111	0	0	1	Upright	Normal
8.6191	-0.1532	-5.2481	28.0548	-123.6471	-162.0580	-22.2443	-12.3856	-1.4698	0.0652	-0.0696	-0.4528	0.8269	-0.2464	0.4858	-0.1396	-1.9358	0.2703	-0.5933	8.5539	-0.0836	-4.7953	-1.1969496182156192	0	0	1	Upright	Normal
8.9256	1.2258	-0.4980	40.8394	-115.3713	-168.7182	-21.8805	-11.7417	-5.2328	-0.3015	0.2646	2.6811	0.7699	-0.2635	0.5275	-0.2442	-1.0421	3.0613	-0.3834	9.2271	0.9613	-3.1791	-1.0691860343869362	0	0	1	Upright	Normal
7.0868	-0.2298	0.9960	40.1703	-98.9010	179.1401	-18.7794	-11.8267	-10.0322	-2.5859	-1.3539	2.1555	0.7153	-0.2179	0.6086	-0.2655	-0.2399	1.0150	-0.0436	9.6727	1.1241	-1.1595	-1.8629959806030705	0	0	1	Upright	Normal
8.0828	1.2258	-1.3791	46.7556	-91.3197	174.0356	-17.9168	-11.8374	-12.4731	-1.6510	0.0434	-1.2242	0.6700	-0.2428	0.6259	-0.3168	-2.2650	0.6538	0.1790	9.7338	1.1824	-0.1549	1.130590314393169	0	1	2	PT	Normal
10.4196	3.8690	-0.8428	56.0563	-90.5164	172.1630	-16.9613	-9.4176	-14.8825	0.7150	2.4593	-0.7934	0.6481	-0.2872	0.5971	-0.3755	-1.2700	-0.2676	-0.4985	9.7046	1.4097	-0.0494	2.855910313386243	0	1	2	PT	Normal
10.0748	7.2018	-0.7661	55.9745	-88.4240	164.4038	-16.2271	-8.1463	-15.7241	0.5728	4.7814	-0.9170	0.6557	-0.2497	0.5827	-0.4101	0.6028	0.0967	-0.4462	9.5020	2.4204	0.1508	1.261199415410493	0	1	2	PT	Normal
9.0411	-2.5660	1.9148	53.8674	-94.1526	169.7649	-15.8190	-10.0959	-14.5234	-0.4821	-4.8683	2.3336	0.6777	-0.2490	0.5751	-0.3845	0.2076	-0.4764	-0.0243	9.5232	2.3023	-0.4188	-2.8165754403314285	0	1	2	PT	Normal
8.6580	3.7547	-0.3071	51.8462	-103.0397	178.5302	-17.2293	-10.5537	-12.5636	-0.8478	1.7704	1.0599	0.7075	-0.2630	0.5552	-0.3494	1.5477	-3.0053	0.2047	9.5059	1.9843	-1.3669	-0.14917238184182047	0	1	2	Upright	Normal
5.7084	1.8010	-1.2647	42.1370	-112.4734	-172.1654	-19.1749	-11.5243	-7.8474	-3.6117	0.5448	1.5151	0.7603	-0.2523	0.5378	-0.2627	1.4209	0.4088	0.2526	9.3200	1.2562	-2.7798	-3.3241731485501917	0	0	2	Upright	Normal
9.7683	-0.2298	-2.2218	38.6704	-113.4437	-171.5573	-19.0171	-11.5315	-6.5990	0.5109	-1.3203	0.8244	0.7734	-0.2392	0.5367	-0.2379	0.3929	-0.6905	-0.2470	9.2575	1.0904	-3.0462	3.90250770832201	0	0	2	Upright	Normal
9.2703	-0.2298	-5.8227	37.2925	-117.4825	-167.7779	-19.5419	-12.1443	-4.1664	0.1872	-1.0678	-2.2223	0.7877	-0.2512	0.5180	-0.2194	-0.4562	0.0136	0.2177	9.0832	0.8380	-3.6004	0.9292386532171388	0	0	2	Upright	Normal
7.5471	3.2184	1.0720	44.2416	-105.4115	-174.8746	-18.7879	-12.3785	-4.4296	-2.0315	2.2520	2.9390	0.7260	-0.2609	0.5741	-0.2742	-0.1739	1.8693	-0.1146	9.5786	0.9664	-1.8670	-2.675243747935488	0	0	2	Upright	Normal
9.8072	5.5168	1.7998	37.3115	-95.4907	174.5406	-18.8008	-13.6593	-4.8016	0.1441	4.0218	2.5462	0.7107	-0.1815	0.6251	-0.2668	1.5604	1.5220	0.1868	9.6631	1.4950	-0.7464	3.1209990517981083	0	0	2	Upright	Normal
8.0834	0.2687	1.6849	27.4811	-86.1410	169.4924	-18.9516	-9.6712	-5.4848	-1.5924	-1.2161	1.0995	0.6765	-0.1120	0.6918	-0.2265	2.1079	0.8978	0.1496	9.6759	1.4849	0.5854	-3.133914104918439	0	1	3	PT	Normal
8.4282	2.7970	-0.9583	19.5662	-85.3536	170.1825	-16.8713	-14.3856	-4.0520	-1.2484	1.3925	-1.7068	0.6762	-0.0673	0.7120	-0.1768	0.1223	0.1127	0.1400	9.6766	1.4045	0.7485	0.6702432045711166	0	1	3	PT	Normal
8.8496	4.0995	-0.9583	15.9493	-86.3359	169.1876	-14.6235	-17.5254	-4.5702	-0.7955	2.4328	-1.5607	0.6840	-0.0369	0.7101	-0.1625	0.8626	0.2139	0.2461	9.6450	1.6667	0.6024	0.868235861812952	0	1	3	PT	Normal
9.6157	3.4482	1.9531	6.8807	-90.0728	167.0673	-14.3525	-18.3031	-4.2836	0.0582	1.2520	1.9655	0.7066	0.0374	0.6961	-0.1216	2.3092	-0.6628	-0.3686	9.5575	2.1962	-0.0124	0.6003234430420488	0	1	3	PT	Normal
10.3819	1.4180	4.2898	-5.6958	-89.8869	166.4359	-13.5261	-20.1594	0.2061	0.8493	-0.8838	4.2707	0.6964	0.1182	0.7061	-0.0486	2.4445	0.5974	-0.0820	9.5325	2.3017	0.0192	0.9221033653053698	0	1	3	PT	Normal
7.8536	2.7587	-0.0389	-10.2337	-97.5443	156.0024	-14.3507	-19.6972	5.7851	-1.7135	1.0165	1.2282	-0.7205	-0.2132	-0.6560	0.0709	3.3798	-0.7172	0.6722	9.5671	1.7422	-1.2671	-2.998289480467827	0	1	3	PT	Normal
7.9679	0.8428	0.9194	-4.2614	-95.7795	140.6050	-14.6384	-15.9170	10.7435	-1.7618	0.1142	1.9043	-0.6896	-0.2733	-0.6402	0.1999	1.7819	0.4845	0.5902	9.7297	0.7286	-0.9849	-0.25919362439462645	0	1	3	Upright	Normal
10.1520	0.3454	-1.6861	-1.9279	-101.3419	133.2759	-14.1856	-13.7243	12.3902	0.5424	0.0156	0.2415	-0.7058	-0.3165	-0.5869	0.2393	1.2824	-2.5760	0.0241	9.6096	0.3298	-1.9276	2.231934780689791	0	0	3	Upright	Normal
8.8879	2.3756	-9.4625	-1.4750	-117.5881	130.4153	-9.5430	-12.7419	16.0831	0.1992	2.1234	-4.9223	-0.7736	-0.3647	-0.4749	0.2072	0.1436	0.0807	0.0976	8.6887	0.2523	-4.5402	2.9007579803266577	0	0	3	Upright	Normal
8.5048	0.1155	-1.1498	-3.1527	-112.4966	135.7534	-9.1166	-13.1056	16.6854	-0.5418	-0.4238	2.5970	-0.7642	-0.3272	-0.5231	0.1880	-1.0708	0.2426	-0.8196	9.0466	0.5393	-3.7468	-4.614670768153438	0	0	3	Upright	Normal
9.3476	3.2184	1.3785	-7.9768	-95.9452	136.1347	-10.9712	-15.5984	12.8543	-0.3118	1.8576	2.3845	-0.6700	-0.3200	-0.6388	0.2015	1.3005	3.1700	-0.4041	9.6594	1.3608	-1.0060	1.398834475647993	0	1	4	PT	Normal
6.0531	0.0006	1.8381	-7.7155	-86.5162	130.1820	-13.1713	-14.2642	11.0204	-3.6467	-1.3159	1.2477	-0.5995	-0.3324	-0.6784	0.2642	-0.4764	2.7567	0.0081	9.6998	1.3165	0.5905	-3.655754521386757	0	1	4	Jump	Normal
9.9222	0.9583	0.2292	-6.1867	-84.4426	131.0187	-14.4616	-14.2983	9.9520	0.2185	-0.0985	-0.7148	-0.5941	-0.3145	-0.6880	0.2735	0.0521	-1.5481	0.1411	9.7037	1.0567	0.9441	3.644976185824439	0	1	4	Jump	Normal
9.4625	6.8959	-1.8010	-8.3465	-89.6455	136.1495	-14.0992	-15.7330	10.6872	-0.2400	5.4724	-1.8610	-0.6329	-0.3104	-0.6754	0.2166	-0.1930	0.2853	-0.1679	9.7025	1.4235	0.0600	1.8753424683013549	0	1	4	PT	Normal
12.3349	3.7158	2.1835	-12.7826	-89.3615	131.0951	-13.1855	-16.2758	11.4490	2.7720	1.5462	2.0770	-0.6033	-0.3613	-0.6756	0.2212	1.3645	-0.6490	-0.3564	9.5629	2.1696	0.1065	1.2198154806994577	0	1	4	PT	Normal
8.3516	1.8010	2.9108	-12.8541	-90.8916	125.2034	-11.3597	-16.3103	14.5199	-1.2082	-0.3805	3.0596	-0.5925	-0.3956	-0.6557	0.2500	1.5381	-1.4394	-0.2616	9.5597	2.1816	-0.1489	-4.040334116638952	0	1	4	Jump	Normal
6.7810	3.6781	-1.2264	-11.2447	-103.7137	101.4108	-7.4699	-11.3987	19.3067	-2.5631	1.7659	1.0539	-0.5674	-0.5425	-0.5245	0.3296	4.6125	0.4908	-0.7016	9.3441	1.9122	-2.2803	-1.214654149221575	0	1	4	PT	Normal
8.7346	2.7204	0.4591	-10.7199	-102.9891	76.6803	-7.2716	-1.3120	21.3907	-0.6542	0.8963	2.6249	-0.4377	-0.6472	-0.4419	0.4408	3.7303	0.6038	-1.0724	9.3889	1.8241	-2.1659	1.3487706849089118	0	1	4	PT	Normal
9.2320	4.5586	-0.0766	-15.3422	-99.7247	53.2541	-10.1148	6.4507	19.2410	-0.0892	1.9640	1.5209	-0.2626	-0.7159	-0.3776	0.5254	4.5761	2.7151	-1.4591	9.3212	2.5946	-1.5975	1.136488201732572	0	1	4	PT	Normal
7.7764	1.3408	6.1292	-16.9495	-84.1069	27.4362	-16.4946	13.0100	9.9102	-1.5546	-1.5181	5.1661	-0.0508	-0.6696	-0.2701	0.6900	3.0187	3.7378	0.0152	9.3310	2.8588	0.9631	-0.3045744896972309	0	1	5	Upright	Normal
8.3893	2.5666	4.5586	-18.6287	-86.4242	5.0610	-19.2747	16.1457	0.7179	-0.8854	-0.5659	3.9790	0.0880	-0.6802	-0.1425	0.7136	4.6134	-0.4540	0.0195	9.2747	3.1325	0.5795	-0.10506779043145187	0	1	5	Upright	Normal
8.6574	2.0303	-0.7661	-16.2483	-104.3193	-22.2550	-20.4292	15.7704	-3.7447	-0.4649	-0.7136	1.5624	0.2359	-0.7504	0.0077	0.6174	3.8976	-1.4628	0.1090	9.1224	2.7439	-2.3285	-0.9615677660416271	0	0	5	Upright	Normal
7.4699	-1.8771	-1.7621	-11.2050	-106.3386	-33.6393	-21.7019	14.2479	-5.9937	-1.7612	-3.7827	0.9441	0.2865	-0.7456	0.0978	0.5937	1.5870	1.3622	-0.0945	9.2311	1.9056	-2.7062	-1.0240895256716422	0	0	5	Upright	Normal
6.8953	-0.7661	1.8004	-10.3028	-96.7522	-41.0276	-21.8332	12.8377	-10.3208	-2.6861	-2.5200	2.9350	0.3168	-0.6764	0.1690	0.6431	0.6976	1.5092	-0.5485	9.5814	1.7539	-1.1346	-0.7336017066082992	0	0	5	Upright	Normal
4.2138	1.6089	2.2984	-11.5851	-102.8364	-50.9378	-23.2028	9.6749	-10.6464	-5.1529	-0.3605	4.4329	0.3913	-0.6751	0.1956	0.5941	2.2507	-3.2067	-0.1011	9.3667	1.9694	-2.1344	-2.105189200259656	0	0	5	Upright	Normal
2.0309	-2.7192	-5.8616	-16.7165	-146.1177	-53.0924	-23.8676	4.8260	3.6293	-3.2051	-5.5399	1.9357	0.4609	-0.8277	0.0044	0.3200	-2.6069	-5.7239	-1.4998	5.2360	2.8207	-7.7973	1.7109105515298246	0	0	5	Upright	Normal
-13.1005	16.8941	-18.5796	-38.4356	173.3497	-58.9760	-13.9369	-3.6241	17.7528	-12.2109	10.7980	-10.9496	0.4474	-0.8300	-0.3130	0.1141	-6.9148	-1.7664	-0.6401	-0.8896	6.0961	-7.6300	21.550504448264782	0	0	5	Upright	Normal
-6.2435	3.0652	-3.4866	-33.8353	140.3661	-100.3993	1.5672	-14.0987	22.0753	-0.9780	-2.3284	2.7869	-0.6284	0.6519	0.4244	-0.0027	-1.6619	0.3417	-1.3607	-5.2654	5.3935	-6.2734	-20.54345376641205	0	0	5	Upright	Normal
-17.4675	-1.4168	-5.4019	-36.1176	147.7323	-101.3936	4.7124	-14.5942	24.2245	-11.6417	-5.5834	1.2966	-0.6521	0.6452	0.3931	-0.0631	2.1080	-0.2165	1.1981	-5.8258	4.1667	-6.6985	10.558219247741373	0	0	5	Upright	Normal
-7.0862	-0.2292	-1.2264	-50.0846	151.2261	-107.2924	8.3799	-10.7768	25.3001	0.6119	-2.7765	4.2892	-0.6444	0.6049	0.4243	-0.1968	0.0105	-1.0644	-0.7354	-7.6981	2.5473	-5.5156	-11.143328485219653	0	1	6	Jump	Normal
-6.0136	1.0349	-2.2224	-51.7008	149.2549	-111.3482	11.9958	-10.0472	24.7946	1.9721	-1.2264	3.0013	-0.6514	0.5848	0.4341	-0.2127	-0.0896	-0.3411	-0.0163	-7.9857	2.2613	-5.2237	-0.7010846092738028	0	1	6	PT	Normal
-8.0439	0.9966	-3.7164	-47.9677	149.5671	-106.8909	11.3823	-11.2289	25.5574	-0.5911	-1.9315	1.9450	-0.6447	0.6108	0.4262	-0.1722	-0.2600	1.5785	1.3515	-7.4529	2.9281	-5.6614	2.42268101626728	0	1	6	PT	Normal
-8.3121	2.3373	-4.6358	-36.5994	151.2982	-96.6732	3.9312	-12.1498	24.7176	-2.6709	-1.7443	2.2700	-0.6354	0.6696	0.3780	-0.0708	0.0840	2.5947	2.1409	-5.6412	4.0817	-6.9058	0.8834451101104825	0	1	6	PT	Normal
-7.0479	8.0834	-10.5734	-29.6027	160.6828	-86.6945	-6.2407	-10.6804	23.4934	-4.2273	3.2392	-2.5268	0.6231	-0.7225	-0.2945	0.0549	-0.4444	2.4051	1.4102	-2.8207	4.8442	-8.0466	5.260010592877119	0	1	6	Jump	Normal
-2.5277	7.2790	-11.0331	-30.5054	171.1017	-83.5856	-12.6210	-9.5154	20.4326	-1.2207	2.3010	-2.6855	0.6258	-0.7307	-0.2454	0.1190	0.7434	1.1939	0.3119	-1.3069	4.9780	-8.3475	-1.6028172692625038	0	1	6	PT	Normal
-0.0377	1.1115	-5.7850	-25.8472	-178.1814	-80.5992	-15.8351	-6.9328	18.3739	-0.3177	-3.1639	3.0361	0.6330	-0.7410	-0.1605	0.1564	0.0445	0.4972	0.5430	0.2800	4.2754	-8.8211	-7.566497564393531	0	1	6	Jump	Normal
3.6775	7.6998	-8.7724	-34.8246	-178.2936	-81.8968	-17.3750	-7.7040	17.1114	3.4378	2.0996	-0.7256	0.6286	-0.7177	-0.2167	0.2068	-1.2700	0.0967	-0.0759	0.2397	5.6002	-8.0468	6.346957232211446	0	1	6	Jump	Normal
5.2098	6.2824	-8.1977	-35.0420	-173.5666	-75.9424	-16.6116	-8.6051	15.4914	4.3102	0.6517	-0.2192	0.5991	-0.7402	-0.2040	0.2271	0.1340	-0.7395	-0.0420	0.8996	5.6307	-7.9785	-0.6701388560655808	0	1	6	PT	Normal
-1.2258	5.6312	-8.0445	-35.5914	-179.6933	-79.8665	-15.0932	-8.6766	17.0571	-1.2685	-0.0763	-0.0699	0.6118	-0.7296	-0.2327	0.1981	-0.1824	-0.5606	-0.4009	0.0426	5.7075	-7.9746	-1.6719437760291775	0	1	6	PT	Normal
-3.1789	5.3636	-8.0834	-34.5256	175.8503	-82.7113	-13.7882	-9.2781	18.5916	-2.5941	-0.1945	-0.0251	0.6225	-0.7234	-0.2454	0.1700	0.4408	0.0797	0.2616	-0.5848	5.5581	-8.0583	0.312766506994528	0	1	7	Tilt	Normal
-1.3024	5.0566	-8.8107	-34.3519	175.6581	-83.1589	-14.4586	-8.6507	18.4268	-0.6894	-0.4770	-0.7376	0.6252	-0.7216	-0.2448	0.1688	-0.4348	0.0818	-0.0611	-0.6131	5.5336	-8.0731	0.03319906838781961	0	1	7	Tilt	Normal
-1.5323	4.4819	-7.7381	-33.7946	175.0019	-83.4222	-14.1184	-9.1649	18.2808	-0.8223	-0.9726	0.3807	0.6266	-0.7220	-0.2445	0.1621	-0.0215	0.0136	0.1168	-0.7100	5.4546	-8.1187	-1.1690895597563955	0	0	7	Tilt	Normal
-0.0766	6.3207	-8.1977	-34.7757	175.7913	-82.8834	-14.5280	-9.4673	17.8732	0.5146	0.7274	-0.1643	0.6230	-0.7222	-0.2471	0.1714	0.0233	0.0381	0.0621	-0.5912	5.5933	-8.0334	1.2790999027925505	0	0	7	Tilt	Normal
-1.0343	5.5545	-8.2361	-34.6227	175.4818	-83.0410	-14.3226	-9.4517	18.3663	-0.3985	-0.0172	-0.1911	0.6236	-0.7220	-0.2476	0.1689	0.0041	-0.0333	-0.0135	-0.6358	5.5718	-8.0450	-0.36401002622091916	0	0	7	Tilt	Normal
-1.2252	5.3253	-7.8536	-34.1597	174.9230	-83.1699	-14.7207	-9.3616	18.0151	-0.5071	-0.1811	0.2294	0.6241	-0.7229	-0.2476	0.1631	0.0797	-0.0705	0.0185	-0.7181	5.5064	-8.0830	-0.4201721764859059	0	0	7	Tilt	Normal
-1.4174	5.4396	-8.3510	-33.9882	174.2426	-83.5005	-14.6390	-8.3785	18.0430	-0.6015	-0.0425	-0.2607	0.6251	-0.7224	-0.2498	0.1585	-0.0364	0.0104	-0.0029	-0.8158	5.4821	-8.0903	0.49905126990842597	0	0	7	Tilt	Normal
-0.8428	5.6695	-8.6191	-32.8604	174.0044	-83.5233	-14.5745	-9.0858	18.6412	0.0178	0.3485	-0.4266	0.6269	-0.7243	-0.2441	0.1507	0.0574	-0.0492	-0.0231	-0.8606	5.3210	-8.1925	0.2843108900632032	0	0	7	Tilt	Normal
-1.5700	5.0955	-8.3516	-31.9636	173.5086	-83.4998	-14.5480	-8.6661	18.0611	-0.6294	-0.0959	-0.0850	0.6275	-0.7265	-0.2413	0.1424	0.1617	-0.0290	0.0478	-0.9406	5.1914	-8.2666	-0.44246900715895876	0	0	7	Tilt	Normal
-1.4168	5.0188	-8.5048	-31.3773	173.2330	-83.4650	-13.7467	-8.6191	18.5834	-0.4302	-0.0871	-0.1906	0.6278	-0.7278	-0.2393	0.1373	0.0414	-0.0034	0.0318	-0.9866	5.1059	-8.3142	0.06784348425653697	0	0	8	Tilt	Normal
-1.3408	5.1715	-8.5042	-31.2820	173.1176	-83.5241	-13.5868	-7.6519	18.9653	-0.3364	0.0795	-0.1836	0.6281	-0.7278	-0.2392	0.1361	0.0062	0.0253	0.0265	-1.0044	5.0920	-8.3206	0.06674930519814559	0	0	8	Tilt	Normal
-1.2641	5.1715	-8.3510	-31.0554	172.9491	-83.4690	-13.7186	-8.3275	18.4968	-0.2328	0.1125	-0.0135	0.6279	-0.7286	-0.2388	0.1337	0.0829	-0.0418	0.0244	-1.0313	5.0589	-8.3375	-0.13947245724354929	0	0	8	Tilt	Normal
-1.3785	4.9422	-8.5048	-30.3753	172.6582	-83.3938	-14.0688	-8.1255	18.2763	-0.2973	-0.0166	-0.1136	0.6281	-0.7303	-0.2363	0.1278	0.0861	-0.0066	0.0499	-1.0811	4.9588	-8.3912	0.029020808775824136	0	0	8	Tilt	Normal
-1.3785	4.9422	-8.5431	-29.9946	172.5562	-83.2840	-14.3597	-7.4554	18.1196	-0.2780	0.0398	-0.1214	0.6279	-0.7315	-0.2346	0.1247	0.0542	-0.0066	0.0458	-1.1004	4.9024	-8.4218	0.032814384227314974	0	0	8	Tilt	Normal
-1.4934	4.9422	-8.5048	-29.8636	172.3341	-83.1957	-14.0566	-8.1034	19.1147	-0.3588	0.0593	-0.0763	0.6272	-0.7324	-0.2351	0.1224	0.0202	-0.0066	0.0394	-1.1346	4.8830	-8.4285	-0.01621728571603498	0	0	8	Tilt	Normal
-1.3791	4.9033	-8.6191	-29.7275	172.2201	-83.0866	-14.1777	-7.7644	18.4751	-0.2263	0.0406	-0.1814	0.6265	-0.7333	-0.2350	0.1207	0.0191	-0.0077	0.0405	-1.1528	4.8628	-8.4378	0.06241895647122142	0	0	8	Tilt	Normal
-1.4934	4.8656	-8.5431	-29.6717	172.1064	-83.0200	-13.6761	-7.4112	18.8231	-0.3231	0.0111	-0.1030	0.6259	-0.7338	-0.2354	0.1195	-0.0001	-0.0215	0.0288	-1.1703	4.8545	-8.4402	-0.06736201795389896	0	0	8	Tilt	Normal
-1.4551	4.7507	-8.5814	-29.4461	171.9420	-82.9415	-14.0560	-7.5685	19.2240	-0.2580	-0.0702	-0.1258	0.6255	-0.7347	-0.2350	0.1170	0.0521	-0.0173	0.0480	-1.1971	4.8209	-8.4556	-0.028296702434033705	0	0	8	Tilt	Normal
-1.4551	4.9422	-8.6197	-29.3552	171.8774	-82.8150	-13.9798	-7.4026	19.1401	-0.2474	0.1348	-0.1580	0.6248	-0.7356	-0.2349	0.1158	0.0009	-0.0034	0.0461	-1.2077	4.8074	-8.4617	0.1260148017926248	1	0	9	Tilt	Normal
-1.4168	4.9039	-8.6580	-29.3246	171.8721	-82.7242	-13.5107	-7.3911	18.8869	-0.2078	0.1012	-0.1938	0.6242	-0.7361	-0.2348	0.1154	0.0286	-0.0066	0.0472	-1.2089	4.8028	-8.4643	0.00869113690402834	1	0	9	Tilt	Normal
-1.4934	4.7890	-8.6963	-29.1752	171.8575	-82.5649	-13.9685	-7.6490	19.5522	-0.2806	0.0085	-0.2201	0.6235	-0.7372	-0.2341	0.1141	0.0169	0.0040	0.0504	-1.2128	4.7805	-8.4762	-0.011255874173519587	1	0	9	Tilt	Normal
-1.3785	4.8273	-8.6963	-29.0640	171.8929	-82.3659	-14.1115	-7.3154	19.0001	-0.1695	0.0634	-0.2101	0.6225	-0.7384	-0.2334	0.1133	0.0126	0.0072	0.0451	-1.2089	4.7639	-8.4862	0.0019084589992655054	1	0	9	Tilt	Normal
-1.6083	4.8656	-8.6580	-29.0450	171.8672	-82.3228	-14.2186	-6.9437	18.1807	-0.3953	0.1046	-0.1709	0.6222	-0.7387	-0.2335	0.1129	-0.0012	-0.0002	0.0387	-1.2130	4.7610	-8.4871	0.019547216195627826	1	0	9	Tilt	Normal
-1.4168	4.7507	-8.6580	-28.9702	171.8894	-82.2763	-13.9869	-6.9923	18.7425	-0.2062	0.0009	-0.1642	0.6220	-0.7390	-0.2330	0.1126	0.0179	0.0051	0.0485	-1.2106	4.7498	-8.4939	-0.0840524054752727	1	0	9	Tilt	Normal
-1.3018	4.7890	-8.7346	-28.7838	171.9432	-82.1207	-14.0654	-7.6140	19.1688	-0.0971	0.0670	-0.2245	0.6215	-0.7400	-0.2316	0.1116	0.0296	0.0030	0.0421	-1.2047	4.7220	-8.5102	0.0691712479261053	1	0	9	Tilt	Normal
-1.4168	4.7124	-8.6197	-28.6659	171.8758	-82.0353	-14.1421	-7.5234	19.0847	-0.2007	0.0082	-0.1013	0.6210	-0.7407	-0.2314	0.1103	0.0275	-0.0183	0.0314	-1.2161	4.7042	-8.5184	-0.12063107953703245	1	0	9	Tilt	Normal
-1.3785	4.7507	-8.6963	-28.5686	171.8299	-81.9909	-14.3436	-6.6655	18.3774	-0.1544	0.0611	-0.1710	0.6208	-0.7411	-0.2310	0.1093	0.0072	-0.0013	0.0357	-1.2240	4.6896	-8.5253	0.07936560832246009	1	0	9	Tilt	Normal
-1.3785	4.6741	-8.6197	-28.5157	171.7088	-81.9787	-13.7461	-6.4845	19.2099	-0.1357	-0.0075	-0.0928	0.6206	-0.7413	-0.2314	0.1082	0.0008	-0.0247	0.0282	-1.2427	4.6816	-8.5269	-0.10289704365399288	1	0	9	Tilt	Normal
-1.4551	4.7124	-8.6963	-28.3471	171.5274	-81.9865	-14.5091	-7.0515	19.0721	-0.1835	0.0561	-0.1598	0.6206	-0.7417	-0.2313	0.1061	0.0478	-0.0141	0.0340	-1.2716	4.6563	-8.5365	0.0956286999156255	2	0	10	Tilt	Fall
-1.4551	4.7507	-8.6197	-28.1957	171.4210	-81.9192	-13.9055	-7.1471	18.5216	-0.1658	0.1173	-0.0733	0.6202	-0.7423	-0.2310	0.1044	0.0180	-0.0173	0.0308	-1.2893	4.6334	-8.5464	-0.04832660434463776	2	0	10	Tilt	Normal
-1.5317	4.5592	-8.6197	-28.0399	171.3791	-81.8483	-14.3737	-6.7453	19.0009	-0.2342	-0.0507	-0.0619	0.6200	-0.7429	-0.2303	0.1031	0.0201	-0.0013	0.0361	-1.2975	4.6099	-8.5578	-0.07840900248523752	2	0	10	Tilt	Normal
-1.5317	4.5592	-8.6963	-27.8837	171.3485	-81.9063	-13.4314	-6.9107	18.7975	-0.2277	-0.0271	-0.1269	0.6206	-0.7428	-0.2294	0.1022	0.0180	0.0008	0.0383	-1.3039	4.5862	-8.5694	0.06696082111134061	2	0	10	Tilt	Normal
-1.5317	4.6358	-8.8113	-27.8253	171.3635	-81.9492	-13.9886	-6.9599	19.0295	-0.2292	0.0584	-0.2367	0.6210	-0.7426	-0.2289	0.1020	0.0063	-0.0034	0.0404	-1.3024	4.5774	-8.5745	0.13580999107891678	2	0	10	Tilt	Normal
-1.4551	4.5592	-8.5814	-27.8383	171.3434	-81.9987	-13.1854	-7.0734	19.6853	-0.1498	-0.0202	-0.0084	0.6213	-0.7424	-0.2291	0.1021	0.0051	-0.0162	0.0220	-1.3053	4.5794	-8.5730	-0.24783480371864286	2	0	10	Tilt	Normal
-1.4551	4.5592	-8.7730	-27.6141	171.3358	-81.9153	-13.0896	-7.0319	19.3389	-0.1460	0.0138	-0.1824	0.6211	-0.7431	-0.2278	0.1006	0.0403	0.0083	0.0433	-1.3090	4.5454	-8.5905	0.16777219669235421	2	0	10	Tilt	Normal
-1.4168	4.6741	-8.6580	-27.6557	171.3618	-82.0031	-14.2754	-7.1075	19.0222	-0.1121	0.1223	-0.0702	0.6217	-0.7425	-0.2278	0.1012	-0.0002	0.0147	0.0369	-1.3047	4.5518	-8.5879	-0.05285667017825091	2	0	10	Tilt	Normal
-1.4551	4.6358	-8.7730	-27.6817	171.4802	-82.0737	-13.6932	-6.8054	18.6520	-0.1685	0.0801	-0.1845	0.6223	-0.7420	-0.2273	0.1022	0.0083	0.0253	0.0337	-1.2866	4.5557	-8.5885	0.08803470251393186	2	0	10	Tilt	Normal
-1.4168	4.5209	-8.7346	-27.6453	171.5738	-82.1416	-13.8694	-6.9222	18.6124	-0.1438	-0.0293	-0.1413	0.6230	-0.7416	-0.2265	0.1028	0.0019	0.0200	0.0390	-1.2730	4.5502	-8.5934	-0.09187831603029473	2	0	10	Tilt	Normal
-1.4168	4.5209	-8.8496	-27.6118	171.6069	-82.1572	-14.1507	-6.6565	18.9552	-0.1483	-0.0242	-0.2527	0.6232	-0.7415	-0.2261	0.1028	0.0030	0.0125	0.0419	-1.2685	4.5451	-8.5968	0.1012367782740462	3	0	11	Tilt	Normal
-1.5317	4.5975	-8.8879	-27.6642	171.6373	-82.2734	-13.8854	-7.4033	19.3381	-0.2684	0.0444	-0.2946	0.6240	-0.7408	-0.2262	0.1035	-0.0076	0.0062	0.0323	-1.2632	4.5530	-8.5932	0.08514444939921972	3	0	11	Tilt	Normal
-1.4168	4.8656	-8.8113	-27.7389	171.8656	-82.2200	-14.4228	-6.2725	18.6313	-0.1885	0.3012	-0.2189	0.6239	-0.7408	-0.2254	0.1053	0.0009	0.0679	0.0632	-1.2282	4.5644	-8.5923	0.0415282504418677	3	0	11	Tilt	Normal
-1.1492	4.5203	-8.5042	-27.2072	172.2196	-81.9326	-14.0052	-6.7763	19.2477	0.0316	0.0367	0.1372	0.6237	-0.7427	-0.2204	0.1041	0.1778	-0.0535	0.0579	-1.1808	4.4836	-8.6414	-0.46542772442174574	3	0	11	Tilt	Normal
-1.5706	4.4819	-8.9639	-26.5212	172.2836	-81.5586	-13.2105	-5.9384	19.0795	-0.3923	0.1031	-0.2686	0.6226	-0.7455	-0.2161	0.0999	0.1575	0.0701	0.0813	-1.1782	4.3788	-8.6953	0.4450086543323373	3	0	11	Tilt	Normal
-1.3024	4.1372	-8.8490	-26.2987	172.4636	-81.3260	-14.2273	-5.9505	19.1488	-0.1493	-0.2075	-0.1332	0.6218	-0.7468	-0.2139	0.0994	-0.0343	-0.0077	0.0427	-1.1531	4.3447	-8.7158	-0.28942558848874533	0	0	11	Tilt	Normal
-1.3018	4.4442	-8.7346	-26.5424	172.4528	-81.2035	-13.7343	-6.4693	19.0589	-0.1495	0.0621	-0.0376	0.6206	-0.7472	-0.2156	0.1004	-0.0651	-0.0205	0.0555	-1.1524	4.3821	-8.6971	0.031475751029628185	0	0	11	Tilt	Normal
-1.3024	4.4819	-8.8490	-26.7555	172.4261	-81.1763	-13.8247	-6.7343	18.6542	-0.1483	0.0672	-0.1686	0.6200	-0.7471	-0.2171	0.1014	-0.0204	-0.0109	0.0438	-1.1542	4.4148	-8.6803	0.1181274735769886	0	0	11	Tilt	Normal
-1.4557	4.5586	-8.8490	-26.7688	172.3050	-81.0672	-14.1902	-5.5094	19.0763	-0.2833	0.1419	-0.1721	0.6190	-0.7478	-0.2180	0.1005	-0.0087	-0.0088	0.0715	-1.1724	4.4167	-8.6769	0.055631691863361254	0	0	11	Tilt	Normal
-1.3791	4.4819	-8.6574	-26.8888	172.2045	-80.9841	-14.3102	-6.3488	18.9804	-0.1927	0.0468	0.0082	0.6181	-0.7482	-0.2193	0.1003	0.0147	-0.0215	0.0470	-1.1863	4.4351	-8.6657	-0.21424711128425322	1	0	12	Tilt	Normal
-1.3785	4.2527	-8.8113	-26.7968	172.2557	-80.9613	-14.1503	-5.9464	18.9053	-0.1989	-0.1683	-0.1375	0.6182	-0.7484	-0.2185	0.1001	-0.0214	-0.0002	0.0185	-1.1796	4.4210	-8.6737	0.034715404829070096	1	0	12	Tilt	Normal
-1.3785	4.4442	-8.8113	-26.7536	172.0869	-81.0373	-14.5430	-6.1616	19.1180	-0.1728	0.0298	-0.1377	0.6184	-0.7482	-0.2191	0.0989	0.0094	-0.0130	0.0313	-1.2056	4.4145	-8.6736	0.08392343428059945	1	0	12	Tilt	Normal
-1.3018	4.4442	-8.8113	-26.5607	171.8945	-81.0194	-14.1542	-6.2145	19.0627	-0.0651	0.0593	-0.1272	0.6183	-0.7487	-0.2189	0.0965	0.0382	-0.0365	0.0249	-1.2368	4.3850	-8.6841	-0.01032096780261682	1	0	12	Tilt	Normal
-1.5317	4.3293	-8.8496	-26.1729	171.6432	-81.0387	-14.3019	-6.4958	18.7754	-0.2524	0.0039	-0.1419	0.6186	-0.7492	-0.2178	0.0928	0.0574	-0.0269	0.0345	-1.2793	4.3254	-8.7077	0.016048255952121337	1	0	12	Tilt	Normal
-1.4551	4.3293	-8.8496	-25.9943	171.5070	-81.0029	-14.2556	-6.0353	19.4686	-0.1532	0.0313	-0.1315	0.6184	-0.7497	-0.2174	0.0908	0.0126	-0.0269	0.0334	-1.3018	4.2980	-8.7180	-0.011480269075226701	1	0	12	Tilt	Normal
-1.4934	4.3293	-8.8879	-25.9029	171.4334	-80.9178	-13.6910	-6.0037	19.5163	-0.1793	0.0453	-0.1648	0.6179	-0.7503	-0.2173	0.0896	0.0137	-0.0215	0.0348	-1.3141	4.2840	-8.7231	0.039699317593472117	1	0	12	Tilt	Normal
-1.4940	4.2521	-8.9256	-25.6024	171.3291	-80.8308	-14.1685	-5.7064	19.4326	-0.1607	0.0145	-0.1829	0.6176	-0.7512	-0.2160	0.0871	0.0830	-0.0152	0.0274	-1.3333	4.2376	-8.7427	5.43696021326312E-4	1	0	12	Tilt	Normal
-1.5323	4.1755	-8.9256	-25.1423	171.2516	-80.7336	-13.6062	-5.7582	19.2793	-0.1820	0.0090	-0.1513	0.6177	-0.7522	-0.2136	0.0838	0.0308	-0.0077	0.0316	-1.3503	4.1665	-8.7743	-0.026520356602366846	1	0	12	Tilt	Normal
-1.4934	4.1761	-9.0028	-25.0483	171.2027	-80.7188	-13.5777	-6.0931	19.1929	-0.1345	0.0242	-0.2230	0.6176	-0.7524	-0.2132	0.0830	-0.0214	-0.0056	0.0316	-1.3589	4.1518	-8.7798	0.06354246144872988	1	0	12	Tilt	Normal
-1.5317	4.1761	-8.8879	-24.9203	171.0859	-80.8079	-13.5931	-5.6629	19.7192	-0.1535	0.0440	-0.1016	0.6182	-0.7522	-0.2130	0.0816	0.0500	-0.0098	0.0370	-1.3782	4.1321	-8.7863	-0.09711100709489173	2	0	13	Tilt	Normal
-1.5323	4.1755	-8.9262	-24.7018	171.1218	-80.7668	-13.4353	-5.7686	19.0621	-0.1573	0.0774	-0.1236	0.6184	-0.7526	-0.2114	0.0806	0.0329	0.0157	0.0280	-1.3750	4.0981	-8.8026	0.03410544227204859	2	0	13	Tilt	Normal
-1.6083	4.0229	-9.0028	-24.3391	171.1763	-80.6834	-13.7521	-5.6752	18.9970	-0.2376	-0.0187	-0.1734	0.6186	-0.7534	-0.2089	0.0787	0.0180	0.0051	0.0355	-1.3707	4.0416	-8.8294	0.01808125584297038	2	0	13	Tilt	Normal
-1.4557	4.0223	-8.8873	-24.2569	171.2123	-80.8072	-13.5923	-5.8067	18.7659	-0.0896	-0.0066	-0.0513	0.6196	-0.7527	-0.2081	0.0787	0.0084	0.0051	0.0398	-1.3660	4.0288	-8.8360	-0.12786768137527105	2	0	13	Tilt	Normal
-1.4934	3.9846	-8.9645	-24.2588	171.2836	-80.9123	-13.5545	-5.4377	19.3584	-0.1384	-0.0446	-0.1269	0.6204	-0.7521	-0.2076	0.0794	-0.0193	0.0104	0.0366	-1.3550	4.0291	-8.8376	0.06001602524175276	2	0	13	Tilt	Normal
-1.4551	4.0229	-9.0411	-24.3163	171.3147	-80.9361	-13.9427	-5.5098	19.2693	-0.1055	-0.0153	-0.2068	0.6205	-0.7519	-0.2078	0.0800	-0.0310	-0.0077	0.0355	-1.3496	4.0381	-8.8343	0.07894349008447854	2	0	13	Tilt	Normal
-1.5706	4.0606	-9.0022	-24.2966	171.2354	-81.0410	-14.1470	-5.3981	19.2458	-0.2086	0.0256	-0.1685	0.6211	-0.7514	-0.2080	0.0795	0.0159	-0.0013	0.0422	-1.3620	4.0350	-8.8337	-0.0023827836394048063	2	0	13	Tilt	Normal
-1.4557	4.0989	-8.9256	-24.3367	171.2398	-81.0183	-14.1382	-5.7739	18.8012	-0.0947	0.0576	-0.0946	0.6209	-0.7515	-0.2083	0.0798	-0.0150	0.0019	0.0368	-1.3610	4.0413	-8.8310	-0.07067574609591354	2	0	13	Tilt	Normal
-1.5323	4.0606	-8.9639	-24.3048	171.2022	-81.0206	-13.8801	-5.4377	19.3747	-0.1652	0.0242	-0.1315	0.6209	-0.7516	-0.2083	0.0793	0.0105	-0.0077	0.0400	-1.3671	4.0363	-8.8324	0.030245374467970265	2	0	13	Tilt	Normal
-1.6083	4.0995	-9.0028	-24.2733	171.1634	-80.8976	-13.4368	-5.3435	19.6459	-0.2349	0.0681	-0.1691	0.6201	-0.7523	-0.2084	0.0787	-0.0076	-0.0088	0.0507	-1.3734	4.0314	-8.8337	0.06280969405845305	3	0	14	Tilt	Normal
-1.5323	4.0606	-8.9639	-24.4638	171.1310	-80.7910	-13.3300	-4.9470	19.0301	-0.1561	-0.0004	-0.1443	0.6190	-0.7527	-0.2098	0.0793	-0.0449	-0.0077	0.0507	-1.3762	4.0610	-8.8196	-0.06280969405845305	3	0	14	Tilt	Normal
-1.4557	4.0606	-9.0405	-24.5899	171.1584	-80.6894	-13.4917	-6.1036	19.2081	-0.0850	-0.0201	-0.2291	0.6181	-0.7531	-0.2106	0.0800	-0.0247	-0.0034	0.0473	-1.3707	4.0806	-8.8114	0.057581385197563506	3	0	14	Tilt	Normal
-1.6083	4.0995	-9.0411	-24.6176	170.9696	-80.6614	-14.0498	-5.5565	19.3416	-0.2089	0.0145	-0.2363	0.6176	-0.7533	-0.2118	0.0789	0.0062	-0.0130	0.0462	-1.3994	4.0850	-8.8048	0.0396466073736228	3	0	14	Tilt	Normal
-1.5317	4.0995	-8.9262	-24.7473	170.9784	-80.5836	-13.7532	-5.4450	18.9946	-0.1351	-0.0057	-0.1302	0.6168	-0.7536	-0.2126	0.0795	-0.0332	-0.0077	0.0420	-1.3966	4.1052	-8.7960	-0.11526055890125342	3	0	14	Tilt	Normal
-1.5317	4.1378	-9.0028	-24.8706	170.9790	-80.5541	-13.4017	-5.3617	19.6168	-0.1366	0.0135	-0.2156	0.6164	-0.7537	-0.2134	0.0802	-0.0109	-0.0034	0.0473	-1.3951	4.1243	-8.7872	0.08458154176322807	3	0	14	Tilt	Normal
-1.4940	4.1755	-8.9256	-24.8409	170.9572	-80.4768	-13.4457	-5.9387	19.4526	-0.0952	0.0558	-0.1368	0.6159	-0.7541	-0.2134	0.0797	0.0040	0.0008	0.0441	-1.3988	4.1197	-8.7888	-0.05925890114819943	3	0	14	Tilt	Normal
-1.6083	4.2144	-8.9262	-25.0254	171.0386	-80.4925	-13.9940	-5.3737	18.9651	-0.2242	0.0660	-0.1486	0.6159	-0.7538	-0.2141	0.0813	-0.0416	0.0093	0.0470	-1.3841	4.1484	-8.7776	0.03463907998953708	3	0	14	Tilt	Normal
-1.5317	4.1378	-8.8879	-25.2362	171.0743	-80.5993	-13.4150	-5.5954	18.7410	-0.1553	-0.0432	-0.1245	0.6163	-0.7530	-0.2152	0.0830	-0.0406	-0.0183	0.0353	-1.3764	4.1810	-8.7634	-0.07842635669133635	3	0	14	Tilt	Normal
-1.4940	4.2521	-8.9256	-25.2590	171.0836	-80.6430	-13.6354	-5.5722	19.6139	-0.1193	0.0676	-0.1637	0.6166	-0.7527	-0.2153	0.0832	0.0021	-0.0013	0.0449	-1.3747	4.1845	-8.7619	0.0761207278667353	3	0	14	Tilt	Normal
-1.4940	4.2904	-8.9639	-25.2581	171.0873	-80.5412	-13.2368	-5.8623	19.3281	-0.1199	0.1059	-0.2019	0.6159	-0.7533	-0.2153	0.0830	0.0159	-0.0088	0.0364	-1.3741	4.1845	-8.7620	0.050494787395573226	4	0	15	Tilt	Normal
-1.6089	4.2521	-8.8873	-25.1598	170.9904	-80.4901	-13.9308	-5.8493	19.2742	-0.2188	0.0829	-0.1205	0.6155	-0.7537	-0.2153	0.0818	0.0276	-0.0066	0.0385	-1.3901	4.1692	-8.7668	-0.06679580937326968	4	0	15	Tilt	Normal
-1.5317	4.1761	-8.9262	-25.1031	170.9409	-80.4394	-14.1534	-6.1616	18.9494	-0.1333	0.0157	-0.1565	0.6152	-0.7541	-0.2152	0.0810	-0.0022	-0.0013	0.0391	-1.3984	4.1604	-8.7697	-0.009523436190477241	4	0	15	Tilt	Normal
-1.6083	4.2144	-8.9262	-25.0953	170.8924	-80.4286	-13.8053	-5.6559	19.5100	-0.2025	0.0552	-0.1571	0.6151	-0.7542	-0.2154	0.0806	0.0085	-0.0162	0.0381	-1.4058	4.1592	-8.7691	0.02813008699277475	4	0	15	Tilt	Normal
-1.6083	4.1378	-8.9262	-25.0644	170.8004	-80.4470	-13.7585	-5.1642	19.5596	-0.1881	-0.0166	-0.1571	0.6151	-0.7542	-0.2157	0.0799	0.0010	-0.0333	0.0295	-1.4202	4.1544	-8.7691	-0.03203609522889472	4	0	15	Tilt	Normal
-1.5700	4.1761	-8.9262	-24.9457	170.6694	-80.3292	-13.5844	-4.7609	20.1570	-0.1282	0.0401	-0.1520	0.6143	-0.7550	-0.2157	0.0782	0.0319	-0.0162	0.0434	-1.4418	4.1360	-8.7742	0.009860006381828157	4	0	15	Tilt	Normal
-1.6089	4.1755	-8.8873	-24.9072	170.6074	-80.2169	-13.3769	-5.1876	20.2325	-0.1573	0.0455	-0.1119	0.6135	-0.7557	-0.2159	0.0773	0.0170	-0.0088	0.0327	-1.4516	4.1300	-8.7753	-0.0288169833427645	4	0	15	Tilt	Normal
-1.5700	4.0995	-8.9262	-24.7317	170.5558	-80.0662	-13.4361	-5.6794	19.7136	-0.1083	-0.0033	-0.1398	0.6127	-0.7567	-0.2151	0.0757	0.0287	-0.0130	0.0386	-1.4617	4.1028	-8.7864	-0.0029955972033537392	4	0	15	Tilt	Normal
-1.6466	4.0612	-9.0028	-24.5432	170.5074	-79.9441	-13.1439	-5.3838	19.6345	-0.1754	-0.0123	-0.2043	0.6121	-0.7576	-0.2143	0.0741	0.0127	-0.0098	0.0386	-1.4712	4.0734	-8.7985	0.06549094176891579	4	0	15	Tilt	Normal
-1.6855	4.0989	-8.9256	-24.5007	170.4482	-79.8537	-13.2023	-5.7819	19.4923	-0.2047	0.0320	-0.1255	0.6115	-0.7581	-0.2144	0.0733	0.0223	0.0008	0.0418	-1.4808	4.0669	-8.8000	-0.04739286928871067	5	0	16	Tilt	Normal
Total time: 16 seconds.
