8.6197	1.7244	1.9148	-2.3492	-72.1414	176.8058	-11.8553	-4.7084	-15.6233	-0.7064	1.3225	-1.0900	-0.5880	-0.0330	-0.8081	0.0105	-0.5545	-0.0237	0.0570	9.3262	0.4019	3.0047	-0.0910796232876212	0	0	1	Upright	Normal
9.3470	2.0303	2.1069	-2.1715	-72.1386	178.2005	-12.8070	-4.0600	-16.1999	0.0212	1.6233	-0.8987	0.5883	0.0246	0.8082	-0.0015	-0.3371	0.0402	0.0080	9.3257	0.4070	3.0056	0.7976370240073987	0	0	1	Upright	Normal
10.1897	2.5666	0.7278	-1.4395	-74.3786	176.6830	-12.6024	-4.2426	-16.4184	0.7651	1.9540	-1.9119	0.6039	0.0275	0.7965	-0.0155	-0.0335	-0.4114	-0.0325	9.4246	0.6126	2.6398	0.7388823566268954	0	0	1	Upright	Normal
10.3430	2.8347	2.0686	-5.3428	-76.7557	173.9530	-12.8289	-4.8825	-15.7269	0.8724	1.6212	-0.1683	0.6174	0.0692	0.7835	-0.0124	0.7015	-0.2495	-0.1081	9.4706	1.2136	2.2369	0.3889571311989517	0	0	1	Upright	Normal
7.3939	-2.0297	4.5197	-4.6705	-76.2499	174.2091	-13.1751	-6.2638	-15.8767	-2.1000	-2.8282	2.1965	-0.6145	-0.0632	-0.7863	0.0146	0.0346	-0.3891	0.1540	9.4939	0.7985	2.3231	-2.021700521072022	0	0	1	Upright	Normal
9.5391	1.7627	2.5660	-3.3166	-77.5934	171.3465	-14.8017	-5.9272	-15.2532	-0.0224	1.1955	0.4627	-0.6228	-0.0697	-0.7782	0.0407	0.8741	-0.2421	0.7047	9.5615	0.5673	2.1033	1.1338355243398794	0	0	1	Upright	Normal
7.0491	0.8051	2.0297	-0.3278	-78.3876	163.6334	-16.2690	-7.3264	-14.2644	-2.5566	0.7491	0.0558	-0.6252	-0.0921	-0.7674	0.1085	1.0317	0.2490	0.9380	9.6057	0.0560	1.9739	-2.6546913298971555	0	0	1	Upright	Normal
8.0828	-1.1492	1.2258	2.7971	-79.9051	153.3581	-16.8314	-8.6764	-12.3067	-1.5604	-0.6705	-0.4910	-0.6290	-0.1297	-0.7421	0.1918	1.5079	-0.4999	0.1945	9.6432	-0.4787	1.7168	0.8760535757470391	0	0	1	Upright	Normal
11.6843	-2.7958	-0.0006	3.6236	-80.1734	148.9899	-18.0797	-9.6476	-10.2352	2.0409	-2.1759	-1.6709	-0.6267	-0.1487	-0.7314	0.2240	0.7643	-0.1228	0.4735	9.6434	-0.6199	1.6703	3.758534127298919	0	0	1	Upright	Normal
8.4665	-0.3059	3.0640	4.1612	-79.0802	150.7379	-17.1091	-9.6205	-10.1792	-1.1371	0.4058	1.2112	-0.6226	-0.1336	-0.7398	0.2170	-0.4192	-0.5020	-0.9103	9.6036	-0.7117	1.8528	-3.005064772366122	0	1	2	PT	Normal
8.0068	2.1075	4.6729	-0.3167	-81.0757	156.7120	-16.6811	-10.1404	-10.7728	-1.6809	2.0533	3.1517	-0.6361	-0.1332	-0.7447	0.1516	-1.1063	-0.8865	-0.5322	9.6877	0.0542	1.5212	0.4981084368977715	0	1	2	PT	Normal
6.5511	-0.5740	4.3281	-1.4944	-77.1786	158.0236	-16.0957	-9.9711	-11.1706	-3.0077	-0.8297	2.1527	-0.6103	-0.1289	-0.7688	0.1410	0.1870	0.9958	-0.0027	9.5589	0.2557	2.1754	-1.6345121114730228	0	1	2	PT	Normal
9.5768	0.1915	1.1492	-2.1539	-77.3940	156.9764	-15.5951	-9.9705	-11.4088	0.0133	-0.1770	-0.9894	-0.6096	-0.1391	-0.7670	0.1442	-1.0924	-1.0101	-0.4022	9.5635	0.3686	2.1386	1.774741925342851	0	1	2	PT	Normal
9.6923	3.3333	2.0297	-1.8648	-79.1642	163.4394	-15.1113	-10.0059	-11.9203	0.0657	3.0143	0.1872	-0.6287	-0.1042	-0.7641	0.1007	-0.5907	-0.3433	0.0113	9.6266	0.3190	1.8425	0.8010988405490558	0	1	2	PT	Normal
10.9948	7.0874	0.8039	-7.6011	-82.6119	161.9324	-15.2424	-9.1001	-10.7569	1.3551	5.7904	-0.4461	-0.6426	-0.1526	-0.7471	0.0745	1.3598	0.3896	-0.4872	9.6397	1.2971	1.2499	2.657338075726992	0	1	2	PT	Normal
6.9725	-3.5237	4.9027	-5.8220	-79.3107	154.1575	-15.2292	-10.5063	-10.1837	-2.6142	-4.5183	3.0932	-0.6125	-0.1806	-0.7567	0.1403	0.5534	1.1747	0.3533	9.5867	0.9946	1.8096	-3.8825741238360667	0	1	2	Jump	Normal
10.7649	4.2527	0.9954	-7.8158	-82.5505	148.7876	-15.0657	-10.1065	-8.8466	1.1314	2.9191	-0.2641	-0.6201	-0.2264	-0.7343	0.1584	2.0757	-1.3318	-0.2348	9.6335	1.3336	1.2595	2.3939322274215353	0	1	2	PT	Normal
7.6237	2.2607	0.2676	-7.3349	-85.6924	135.8081	-15.8274	-11.6334	-5.4635	-2.0752	1.0089	-0.4630	-0.6112	-0.2987	-0.6943	0.2349	1.4323	0.6869	0.3863	9.6989	1.2519	0.7305	-3.6608713353209152	0	1	2	Jump	Normal
7.5854	2.0309	1.1103	-7.1246	-85.7383	125.6163	-16.2033	-10.8638	-3.8875	-2.1186	0.8148	0.3873	-0.5832	-0.3508	-0.6700	0.2967	2.1013	0.4802	0.0699	9.7040	1.2161	0.7230	-0.025653829423143648	0	1	2	Upright	Normal
11.9908	-1.5317	-0.3454	-6.3859	-83.5117	116.1826	-16.1418	-11.7143	-0.5278	2.3074	-2.6224	-1.4465	-0.5425	-0.3867	-0.6519	0.3622	1.2266	-0.2655	0.4509	9.6833	1.0907	1.1012	4.162491410657668	0	0	3	Upright	Normal
9.8833	5.3247	1.7621	-6.4759	-87.6017	110.3658	-16.5562	-13.9859	5.0086	0.1478	4.2187	1.3545	-0.5441	-0.4280	-0.6139	0.3793	0.8890	0.0733	0.0227	9.7354	1.1060	0.4076	-0.7293190469490511	0	0	3	Upright	Normal
7.6231	6.6655	3.8690	-7.8436	-87.2434	98.1457	-15.9392	-14.9833	8.0777	-2.0804	5.3272	3.4019	-0.4876	-0.4883	-0.5766	0.4375	2.2600	1.4389	0.1846	9.7035	1.3382	0.4672	-0.5236586823987768	0	0	3	Upright	Normal
6.8959	-1.2635	3.9834	-9.0502	-78.8975	93.2352	-16.5215	-14.7528	9.0775	-2.6073	-2.8060	2.1186	-0.4185	-0.4793	-0.5939	0.4923	0.5481	2.0152	-0.2234	9.5032	1.5425	1.8648	-2.7768560864334333	0	0	3	Upright	Normal
11.3778	0.5369	-1.6478	-8.6975	-77.3684	88.5453	-16.8008	-14.5911	7.9150	1.9187	-0.9459	-3.7676	-0.3927	-0.4876	-0.5773	0.5242	-0.2232	-1.0634	-0.2159	9.4592	1.4828	2.1198	3.445699727530007	0	0	3	Upright	Normal
9.3859	1.3797	1.9531	-7.4678	-77.2462	90.5267	-15.9939	-14.4236	6.5805	-0.0976	0.1052	-0.1935	-0.4066	-0.4745	-0.5824	0.5199	-0.5630	0.2394	0.2499	9.4834	1.2745	2.1466	-1.8233072607548735	0	0	3	Upright	Normal
9.7689	5.3636	-0.7667	-7.9422	-79.0622	93.2322	-15.7256	-15.3224	5.8275	0.2328	4.0086	-2.6095	-0.4248	-0.4750	-0.5895	0.4965	-0.2700	-0.3891	-0.0377	9.5361	1.3550	1.8428	1.4851040758849123	0	0	3	Upright	Normal
8.6197	0.8051	3.0257	-10.1086	-82.1382	89.6587	-15.5700	-15.0168	6.3096	-0.9439	-0.9161	1.7051	-0.4143	-0.5109	-0.5705	0.4918	0.3649	-0.9281	0.3330	9.5636	1.7211	1.3206	-2.000100073802681	0	0	3	Upright	Normal
10.7649	2.1075	2.7575	-9.7320	-84.2063	86.0653	-15.7272	-14.8953	8.2809	1.1488	0.4500	1.7819	-0.4099	-0.5313	-0.5461	0.5016	0.9731	-0.9366	0.2606	9.6162	1.6575	0.9756	2.1398158071930204	0	0	3	Upright	Normal
5.7844	2.0686	-0.2298	-5.3225	-88.9633	71.0691	-15.5479	-11.6226	12.4407	-3.9783	1.1589	-0.4064	-0.3798	-0.5888	-0.4407	0.5611	1.6027	1.3026	0.8262	9.7627	0.9096	0.1766	-5.163090964683656	0	0	3	Upright	Normal
8.2750	-0.6506	2.0297	-2.3765	-83.1477	63.5032	-16.7400	-8.9171	13.1734	-1.4531	-1.0572	0.8607	-0.3359	-0.5723	-0.4053	0.6288	1.1286	-0.2229	-0.1149	9.7281	0.4066	1.1690	2.39763655599082	0	1	4	PT	Normal
12.1817	-1.8004	-1.7621	-1.0574	-87.3728	59.2511	-15.2939	-8.7270	14.4756	2.3872	-1.9812	-2.2115	-0.3356	-0.6037	-0.3630	0.6254	0.4351	-0.6394	0.5466	9.7945	0.1808	0.4494	3.8943721637054747	0	1	4	Jump	Normal
12.0668	1.6089	-1.9920	-0.6627	-91.6659	62.7671	-13.9415	-8.2830	16.3747	2.2651	1.4956	-1.7068	-0.3701	-0.6145	-0.3664	0.5926	-1.5857	1.0948	0.0928	9.8017	0.1133	-0.2852	-0.10397426220312234	0	1	4	Upright	Normal
7.2401	2.5666	3.3710	-4.5732	-84.6383	65.7274	-15.2541	-9.9537	15.1403	-2.4925	1.7847	2.4576	-0.3403	-0.5811	-0.4235	0.6060	0.3542	0.2416	-0.5964	9.7326	0.7819	0.9134	-3.946798723787449	0	0	4	Upright	Normal
5.2870	1.1115	2.0297	-6.7575	-80.0609	58.5439	-15.5782	-9.5144	15.0069	-4.3054	-0.0423	0.3490	-0.2746	-0.5822	-0.4068	0.6482	1.3406	1.2642	0.0449	9.5924	1.1539	1.6807	-2.617426477555213	0	0	4	Upright	Normal
10.6877	1.1109	2.1835	-8.8548	-75.3110	52.8062	-17.3856	-9.5257	15.5123	1.3147	-0.3985	-0.2734	-0.2161	-0.5727	-0.3932	0.6860	1.2608	0.3108	0.1519	9.3730	1.5094	2.4569	5.193621480984492	0	0	4	Upright	Normal
9.3853	2.4134	0.0766	-8.8065	-78.1205	49.9386	-18.1540	-7.4364	16.2014	-0.0982	0.9120	-1.9182	-0.2112	-0.5947	-0.3707	0.6814	0.4906	-0.2026	0.0134	9.4834	1.5013	1.9948	-1.2739504655560108	0	0	4	Upright	Normal
11.0708	2.6049	2.0686	-9.9620	-79.7611	45.8009	-17.9524	-7.1087	17.7085	1.5658	0.9084	0.3518	-0.1872	-0.6143	-0.3488	0.6826	0.7271	-0.4349	0.0294	9.5050	1.6964	1.7168	1.8687891743325178	0	0	4	Upright	Normal
7.2401	3.2944	3.3710	-11.8888	-82.3143	40.6778	-16.6640	-5.5443	19.3688	-2.2700	1.2742	2.0877	-0.1544	-0.6409	-0.3242	0.6785	1.7987	-0.2868	-0.2796	9.5101	2.0203	1.2833	-2.920524964173259	0	0	4	Upright	Normal
7.5471	3.6781	1.1869	-12.4771	-82.3671	16.7952	-17.2267	0.6719	18.7181	-1.9430	1.5595	-0.0848	-0.0147	-0.6595	-0.1801	0.7297	4.6984	0.5335	0.7740	9.4902	2.1186	1.2718	-0.16005566854119913	0	0	5	Upright	Normal
7.1257	3.1418	3.2172	-12.0533	-83.9652	-6.7279	-17.3155	10.2688	14.9622	-2.4114	1.0940	2.2090	0.1169	-0.6595	-0.0267	0.7421	3.5990	0.4514	0.2499	9.5372	2.0478	1.0083	-0.05317849229401439	0	0	5	Upright	Normal
6.9725	4.4442	6.9713	-13.8401	-80.7622	-32.9523	-17.6973	16.3243	8.8648	-2.4258	2.0984	5.4428	0.2704	-0.5907	0.1396	0.7473	5.4014	1.7265	0.7537	9.3983	2.3459	1.5285	2.3891030628273136	0	0	5	Upright	Normal
6.1292	-2.1452	9.5768	-9.5205	-68.9809	-58.6507	-16.3355	20.9817	-4.7882	-2.8988	-3.7671	6.1079	0.3360	-0.4585	0.3613	0.7391	1.9010	1.9939	1.6741	9.0279	1.6219	3.4689	0.755760961374218	0	0	5	Upright	Normal
7.0108	-1.3018	0.7655	-4.7555	-72.0443	-75.0512	-12.3917	22.2794	-12.3696	-2.2860	-2.1148	-2.2471	0.3845	-0.4456	0.4729	0.6557	4.6110	-0.3923	1.8147	9.2968	0.8130	3.0127	-4.399218954698735	0	0	5	Upright	Normal
6.2064	-2.4894	3.8301	0.8550	-64.7788	-76.9386	-9.1698	20.1929	-16.7714	-2.6643	-2.3430	-0.3481	0.3283	-0.4233	0.5284	0.6586	0.7825	2.5660	1.0595	8.8707	-0.1463	4.1782	0.534632914177056	0	0	5	Upright	Normal
0.3831	-1.6472	6.6655	5.7106	-49.1796	-75.6603	-2.8598	19.0957	-21.2929	-7.0014	-0.6714	0.2869	0.2191	-0.3560	0.5734	0.7046	0.8720	1.7649	2.7078	7.3845	-0.9758	6.3786	-0.8295484158995237	0	0	5	Upright	Normal
11.5305	-6.1675	4.4819	7.7775	-50.8094	-80.1404	1.2193	17.3255	-22.1202	3.9998	-4.8403	-1.6578	0.2286	-0.3670	0.6024	0.6709	2.1141	-2.3396	-0.8204	7.5307	-1.3271	6.1398	6.946399530646885	0	0	5	Upright	Normal
9.7300	4.1372	4.6735	-8.1084	-75.0197	-74.0250	-9.5281	10.4126	-20.2726	0.3515	2.7539	2.1641	0.4104	-0.4512	0.4420	0.6577	1.9756	-2.8349	-2.0689	9.3785	1.3832	2.5094	-2.2632099873363387	0	0	5	Upright	Normal
17.7362	-0.0383	-0.7661	-14.1911	-119.3146	-66.4550	-24.0432	4.0750	-8.2387	9.4465	-2.4424	3.8888	0.5215	-0.6822	0.1855	0.4778	0.9668	-9.1967	-2.0849	8.2898	2.4041	-4.6549	6.192895511631603	0	0	5	Upright	Normal
-11.7220	5.3247	-8.1211	-34.2777	171.9826	-74.9955	-22.0760	-3.9517	13.3246	-10.5918	-0.1984	-0.0968	0.5639	-0.7688	-0.2739	0.1259	-5.0051	-4.8813	-0.1663	-1.1302	5.5231	-8.0243	-2.5307563361331997	0	1	6	PT	Normal
-5.0560	12.6037	-5.1721	-52.3273	164.0210	-75.9398	-12.0290	-17.1688	21.5852	-3.4061	4.8417	0.5897	0.4985	-0.7384	-0.4210	0.1703	1.6879	0.1979	-2.3760	-1.6499	7.7620	-5.7618	-0.6904367212917268	0	1	6	PT	Normal
-0.3065	6.6655	-2.3750	-40.6427	154.8602	-81.5756	-8.3838	-18.9479	22.4723	2.8548	0.2780	4.3613	0.5407	-0.7424	-0.3900	0.0669	1.0786	-3.6456	-1.0103	-3.1612	6.3874	-6.7364	-7.448969670616502	0	1	6	Jump	Normal
-6.3207	3.6009	-3.8307	-43.7239	144.6051	-84.3570	0.6022	-17.7691	26.2917	-1.3804	-2.5949	1.9466	-0.5098	0.7312	0.4523	-0.0291	-0.3851	0.7327	0.4139	-4.9403	6.1957	-5.7774	1.138818237146615	0	1	6	PT	Normal
-6.5116	3.5632	-3.8313	-44.4829	141.6211	-84.0148	0.5783	-17.8995	25.2749	-1.7891	-3.0538	1.6536	-0.4926	0.7328	0.4692	-0.0132	-0.1156	-0.3113	0.9018	-4.7226	6.6170	-5.4850	0.13177932006924387	0	1	6	Tilt	Normal
-5.9376	5.5162	-4.2521	-48.6481	153.8067	-75.2728	-3.2952	-17.7642	24.9120	-3.0777	-1.8452	1.5618	0.4681	-0.7598	-0.4438	0.0815	0.0080	1.9353	2.0139	-2.8599	7.3614	-5.8139	0.7990484358739387	0	0	6	Tilt	Normal
-3.3327	8.3893	-5.4779	-50.0079	176.6669	-60.2323	-12.8652	-15.0419	21.7660	-2.9663	0.8761	0.8140	0.4439	-0.7898	-0.3787	0.1892	0.5033	1.9215	2.2471	-0.3665	7.5132	-6.2920	1.4068394405253297	0	0	6	Tilt	Normal
-1.1103	12.5271	-10.1520	-45.0017	-159.2719	-44.6491	-18.4562	-10.0803	18.5407	-3.5645	5.5926	-3.6667	0.4089	-0.8145	-0.2851	0.2967	0.4682	2.9388	3.1888	2.4542	6.9345	-6.4853	5.603326596120208	0	0	6	Tilt	Normal
4.9805	5.3253	-2.9886	-33.9894	-130.1404	-32.2627	-24.9874	-3.2344	12.8298	-1.2354	-0.1570	2.2532	0.3593	-0.7988	-0.1426	0.4609	0.7579	2.3987	2.1991	6.2159	5.4823	-5.2418	-8.28233136330584	0	0	6	Tilt	Normal
3.2184	6.1298	-4.7890	-26.3041	-131.9289	-30.4151	-26.4356	2.6298	8.2380	-3.3220	1.7841	1.0855	0.3227	-0.8339	-0.0965	0.4372	0.8219	-1.4511	0.9496	6.5404	4.3456	-5.8745	0.538160504639623	0	0	6	Tilt	Normal
7.5465	2.7581	-4.9799	-14.6363	-128.2488	-30.8389	-24.3984	7.8435	7.5150	0.0950	0.2803	0.8942	0.2909	-0.8455	0.0046	0.4478	1.7646	1.9034	2.9480	7.4515	2.4778	-5.8742	1.0345820999007067	0	1	7	PT	Normal
11.6071	-6.7804	-1.8771	-4.0736	-113.5817	-28.4465	-22.5219	13.5113	1.7714	2.6422	-7.4769	2.0363	0.2243	-0.8057	0.1057	0.5379	-0.1912	3.3447	0.2112	8.9649	0.6966	-3.9133	4.120003677113276	0	1	7	Jump	Normal
9.0794	1.6095	-4.0229	-9.3987	-122.3849	-25.9538	-22.9536	13.4731	1.0587	0.9092	0.0081	1.1591	0.2346	-0.8421	0.0379	0.4841	-1.0030	-4.1409	-0.5718	8.1702	1.6014	-5.1820	-3.5125394455175556	0	1	7	Jump	Normal
7.0491	1.9543	-6.8576	-11.2625	-130.7979	-26.0393	-21.9820	11.7976	7.1646	-0.2316	0.0391	-0.5733	0.2436	-0.8724	0.0064	0.4237	-0.0016	-0.3710	-0.3747	7.2808	1.9152	-6.2843	-0.03355106200897673	0	1	7	Upright	Normal
6.7044	0.8817	-5.3636	-14.2002	-135.0317	-26.9992	-22.3839	10.6534	8.9431	-0.0144	-1.5239	1.3626	0.2600	-0.8805	-0.0225	0.3957	-0.4618	-1.3265	-0.8637	6.7187	2.4056	-6.7262	-1.3957290307700418	0	0	7	Upright	Normal
3.1035	4.5975	-8.9645	-25.8974	-149.8981	-26.8185	-20.7844	6.4884	13.9287	-1.3210	0.3144	-1.3324	0.2749	-0.9020	-0.1518	0.2964	-3.2262	-2.8871	-1.1992	4.4245	4.2831	-7.6321	1.9108440256228008	0	0	7	Upright	Normal
2.7970	4.0995	-12.1057	-26.8271	-161.1582	-32.2765	-17.0185	1.6474	18.8841	-0.0292	-0.3262	-3.8234	0.3032	-0.9112	-0.1756	0.2166	0.3287	0.4227	-0.5361	2.8262	4.4257	-8.2823	2.541597422448014	0	0	7	Upright	Normal
-1.4934	8.5431	-7.2407	-27.0155	-162.3831	-34.2530	-17.0229	2.0220	19.6057	-4.1375	4.0887	1.0862	0.3171	-0.9077	-0.1767	0.2103	0.2008	-0.2463	0.4599	2.6441	4.4544	-8.3269	-1.7855657636092506	0	0	7	Upright	Normal
2.7204	5.0955	-9.1560	-32.6451	-161.0770	-31.7675	-16.9771	2.1413	19.1900	0.0425	-0.1945	-1.3448	0.3035	-0.8979	-0.2235	0.2276	-1.3097	0.3609	-0.0472	2.6779	5.2900	-7.8112	-0.47214186173595607	0	0	7	Upright	Normal
3.5626	6.3590	-6.8953	-35.5867	-160.5374	-30.3436	-17.4361	0.6696	18.7818	0.9055	0.6523	0.6241	0.2955	-0.8922	-0.2486	0.2342	0.1145	-0.4743	-0.0163	2.6571	5.7067	-7.5194	-0.7921064532151583	0	1	8	PT	Normal
1.5706	5.2098	-8.1977	-34.0730	-162.2341	-30.9491	-17.1660	0.4381	19.3091	-0.9080	-0.2843	-0.4619	0.2956	-0.8983	-0.2396	0.2195	0.2999	0.0839	0.0317	2.4786	5.4941	-7.7358	-0.1943895440691623	0	1	8	Tilt	Normal
1.7621	5.7844	-7.8530	-32.9082	-162.4280	-31.4168	-16.5208	0.5247	19.7025	-0.7235	0.4565	-0.0040	0.2983	-0.9007	-0.2298	0.2168	0.1337	0.0946	0.0744	2.4856	5.3278	-7.8489	0.07203922140987018	0	1	8	Tilt	Normal
2.7198	6.1292	-7.3933	-33.1527	-162.0066	-30.9415	-17.2519	0.9879	20.0891	0.1836	0.7663	0.4155	0.2955	-0.9004	-0.2316	0.2196	-0.0420	-0.1057	0.0637	2.5362	5.3629	-7.8088	0.06994574181786284	0	1	8	Tilt	Normal
2.0303	5.4396	-7.9679	-32.9362	-162.8975	-30.9524	-17.0264	0.8245	19.5095	-0.3901	0.1077	-0.1013	0.2937	-0.9027	-0.2321	0.2122	0.0656	-0.0951	0.0307	2.4204	5.3319	-7.8666	-0.12230210383224893	0	1	8	Tilt	Normal
2.0692	5.6701	-7.8536	-32.8319	-163.2372	-30.9200	-16.7986	1.1555	19.5158	-0.3074	0.3531	0.0365	0.2927	-0.9037	-0.2322	0.2093	0.0251	0.0104	0.0605	2.3765	5.3169	-7.8901	0.04613764158360034	0	1	8	Tilt	Normal
2.1458	5.6701	-7.7770	-32.9345	-163.3754	-30.6179	-16.5460	1.5768	19.8193	-0.2089	0.3385	0.1097	0.2901	-0.9044	-0.2339	0.2078	-0.0058	-0.0492	0.0584	2.3547	5.3316	-7.8867	-0.044239557916021965	0	1	8	Tilt	Normal
1.9926	5.5935	-7.9302	-32.8890	-163.7449	-30.5300	-16.2508	1.5727	19.9825	-0.3124	0.2684	-0.0244	0.2886	-0.9054	-0.2347	0.2046	0.0165	-0.0375	0.0410	2.3050	5.3250	-7.9058	0.046011896299415156	0	1	8	Tilt	Normal
1.9926	5.5551	-8.0068	-32.8476	-163.9242	-30.3784	-16.7543	1.3826	19.9017	-0.2888	0.2360	-0.0902	0.2870	-0.9062	-0.2350	0.2028	0.0325	-0.0066	0.0485	2.2814	5.3192	-7.9166	0.03992516289894965	0	1	8	Tilt	Normal
2.0692	5.5168	-8.0068	-32.8347	-164.0188	-30.1709	-16.6292	1.3531	19.5809	-0.1995	0.1996	-0.0853	0.2852	-0.9070	-0.2355	0.2016	0.0101	-0.0056	0.0506	2.2687	5.3172	-7.9215	-0.00567782910507475	0	1	8	Tilt	Normal
1.9926	5.4785	-7.9685	-32.9165	-164.1319	-29.9653	-15.8098	1.7463	19.9397	-0.2583	0.1495	-0.0498	0.2833	-0.9074	-0.2368	0.2004	-0.0016	-0.0077	0.0453	2.2508	5.3290	-7.9187	-0.06783468611997989	1	1	9	Tilt	Normal
2.0692	5.5551	-7.8919	-33.0106	-164.1172	-29.7420	-16.3941	1.1334	19.6036	-0.1814	0.2126	0.0178	0.2816	-0.9077	-0.2380	0.2002	0.0059	0.0072	0.0485	2.2505	5.3425	-7.9097	-0.0029680089637924567	1	1	9	Tilt	Normal
1.9920	5.5545	-7.8913	-33.1034	-164.1083	-29.5006	-16.7035	0.9489	19.9387	-0.2574	0.1987	0.0097	0.2798	-0.9080	-0.2391	0.2000	-0.0175	-0.0247	0.0542	2.2494	5.3558	-7.9010	-0.016713583896292405	1	1	9	Tilt	Normal
1.9926	5.6318	-7.9685	-33.2126	-164.1582	-29.2670	-16.3190	2.0511	20.0638	-0.2471	0.2602	-0.0754	0.2779	-0.9084	-0.2405	0.1993	-0.0005	0.0040	0.0478	2.2396	5.3715	-7.8931	0.10556181269895326	1	1	9	Tilt	Normal
2.0309	5.5551	-7.9302	-33.2000	-164.1586	-29.0686	-16.4427	2.1708	20.3570	-0.2090	0.1854	-0.0359	0.2763	-0.9089	-0.2408	0.1988	0.0112	-0.0002	0.0521	2.2399	5.3697	-7.8943	-0.06613174451480042	1	1	9	Tilt	Normal
2.0309	5.5935	-7.9685	-33.2152	-164.1525	-28.8261	-16.4284	1.2201	20.3112	-0.2095	0.2216	-0.0759	0.2744	-0.9095	-0.2413	0.1984	-0.0016	-0.0034	0.0510	2.2404	5.3718	-7.8926	0.05227406979896898	1	1	9	Tilt	Normal
2.0686	5.4779	-8.0062	-33.2672	-164.1696	-28.6023	-16.1621	0.9699	20.3488	-0.1680	0.0986	-0.1176	0.2726	-0.9099	-0.2421	0.1979	-0.0090	0.0008	0.0478	2.2366	5.3793	-7.8886	-0.02633186939918275	1	1	9	Tilt	Normal
2.0303	5.5929	-8.0062	-33.3132	-164.1422	-28.3739	-16.3092	1.2527	20.2481	-0.2090	0.2069	-0.1229	0.2709	-0.9103	-0.2428	0.1977	-0.0068	0.0083	0.0535	2.2393	5.3859	-7.8834	0.05610486802377146	1	1	9	Tilt	Normal
2.0692	5.5551	-7.8919	-33.4021	-164.1466	-28.0688	-16.3177	1.8056	20.2499	-0.1673	0.1565	-0.0163	0.2685	-0.9107	-0.2441	0.1972	0.0166	-0.0173	0.0418	2.2365	5.3986	-7.8756	-0.10476355271141813	1	1	9	Tilt	Normal
2.0309	5.5935	-7.9685	-33.3778	-164.1735	-27.8820	-16.2893	1.7688	20.2157	-0.2025	0.1983	-0.0898	0.2669	-0.9113	-0.2443	0.1965	0.0049	0.0072	0.0513	2.2333	5.3952	-7.8787	0.07499055408682942	1	1	9	Tilt	Normal
2.0309	5.5935	-7.9302	-33.4115	-164.0342	-27.6137	-16.7329	1.4084	20.2682	-0.2207	0.1935	-0.0599	0.2651	-0.9116	-0.2447	0.1971	-0.0090	0.0179	0.0503	2.2516	5.4000	-7.8703	-0.030660790079235056	2	1	10	Tilt	Fall
2.0686	5.5162	-7.9296	-33.4855	-163.8448	-27.3400	-16.8344	1.4672	20.0754	-0.2071	0.1058	-0.0735	0.2634	-0.9117	-0.2453	0.1982	-0.0143	0.0381	0.0535	2.2757	5.4104	-7.8561	-0.03606041682728289	2	1	10	Tilt	Normal
2.0686	5.5162	-7.8913	-33.4880	-163.7001	-27.0924	-16.6365	1.3087	20.2104	-0.2269	0.1053	-0.0412	0.2617	-0.9120	-0.2455	0.1988	-0.0143	0.0306	0.0535	2.2954	5.4109	-7.8501	-0.03071685049273576	2	1	10	Tilt	Normal
2.2218	5.5545	-7.9679	-33.5675	-163.4432	-26.7902	-16.0796	2.0225	19.6399	-0.1067	0.1323	-0.1354	0.2599	-0.9120	-0.2460	0.2003	-0.0175	0.0360	0.0535	2.3285	5.4223	-7.8325	0.11589706993643034	2	1	10	Tilt	Normal
2.1835	5.5929	-7.8530	-33.6690	-163.2936	-26.4758	-16.2832	1.4832	19.1323	-0.1627	0.1562	-0.0358	0.2578	-0.9122	-0.2471	0.2010	0.0059	-0.0024	0.0471	2.3462	5.4366	-7.8172	-0.07851697890038878	2	1	10	Tilt	Normal
2.1075	5.5935	-8.0068	-33.7395	-163.2817	-26.2744	-16.2289	1.3733	19.4894	-0.2384	0.1468	-0.1965	0.2563	-0.9124	-0.2480	0.2007	-0.0164	0.0179	0.0535	2.3459	5.4467	-7.8103	0.10664676383888683	2	1	10	Tilt	Normal
2.1452	5.5929	-7.8913	-33.7346	-163.2979	-26.0045	-16.7879	1.1367	19.7133	-0.1986	0.1468	-0.0799	0.2541	-0.9131	-0.2484	0.2000	0.0027	-0.0109	0.0503	2.3438	5.4461	-7.8114	-0.08455674369134414	2	1	10	Tilt	Normal
2.1835	5.5929	-7.6998	-33.7045	-163.3461	-25.7699	-16.6987	1.0495	19.3819	-0.1544	0.1511	0.1164	0.2521	-0.9138	-0.2487	0.1991	0.0070	-0.0141	0.0482	2.3379	5.4417	-7.8162	-0.1433514964731586	2	1	10	Tilt	Normal
2.1075	5.6701	-7.7387	-33.6838	-163.4612	-25.5392	-16.2822	1.4938	19.9306	-0.2153	0.2313	0.0841	0.2500	-0.9145	-0.2492	0.1976	0.0038	-0.0088	0.0482	2.3228	5.4387	-7.8228	0.05840540127824667	2	1	10	Tilt	Normal
2.1069	5.6695	-8.0062	-33.6911	-163.4777	-25.3618	-17.0651	1.1015	19.6739	-0.2135	0.2297	-0.1836	0.2485	-0.9149	-0.2496	0.1971	-0.0036	-0.0056	0.0514	2.3204	5.4398	-7.8226	0.21164079964206728	2	1	10	Tilt	Normal
2.1075	5.5551	-8.0451	-33.6814	-163.6028	-25.1496	-16.6941	1.2919	19.6301	-0.1960	0.1167	-0.2165	0.2466	-0.9156	-0.2502	0.1956	0.0198	-0.0205	0.0418	2.3035	5.4384	-7.8286	-0.032800344731310105	3	1	11	Tilt	Normal
2.1458	5.6318	-7.8536	-33.6711	-163.6353	-24.9624	-16.4553	1.1116	20.0665	-0.1537	0.1948	-0.0227	0.2450	-0.9161	-0.2505	0.1950	0.0198	0.0104	0.0493	2.2995	5.4369	-7.8308	-0.10168789778038878	3	1	11	Tilt	Normal
2.1458	5.5168	-7.8919	-33.6571	-163.6442	-24.6973	-16.8848	1.6705	20.1922	-0.1528	0.0819	-0.0594	0.2428	-0.9167	-0.2508	0.1943	0.0123	-0.0397	0.0546	2.2986	5.4350	-7.8325	-0.03435612497962204	3	1	11	Tilt	Normal
2.1458	5.6318	-7.9685	-33.6542	-163.3954	-24.5185	-17.0685	1.1271	19.8064	-0.1869	0.1972	-0.1457	0.2420	-0.9167	-0.2506	0.1959	-0.0058	0.0978	0.0439	2.3327	5.4345	-7.8228	0.12575478935763584	3	1	11	Tilt	Normal
2.0692	5.7084	-7.8536	-33.7291	-163.0489	-24.3442	-16.8802	2.0793	19.9143	-0.3087	0.2631	-0.0519	0.2414	-0.9162	-0.2508	0.1984	0.0368	0.0115	0.0258	2.3779	5.4453	-7.8017	-0.06387070481103052	3	1	11	Tilt	Normal
2.2607	5.4785	-7.7387	-33.7075	-162.8155	-24.0819	-17.0052	1.6275	19.3036	-0.1495	0.0364	0.0552	0.2398	-0.9165	-0.2505	0.1996	-0.0079	0.0147	0.0545	2.4102	5.4422	-7.7939	-0.1796362034945851	3	1	11	Tilt	Normal
2.1841	5.6318	-7.8536	-33.8652	-162.7814	-23.7240	-17.1449	1.4128	18.9299	-0.2263	0.1671	-0.0756	0.2371	-0.9167	-0.2524	0.1993	-0.0068	-0.0034	0.0428	2.4104	5.4646	-7.7780	0.1604805721917817	3	1	11	Tilt	Normal
2.0692	5.6318	-7.8536	-33.8469	-162.9827	-23.5331	-17.0121	1.7437	19.3011	-0.3144	0.1698	-0.0654	0.2351	-0.9175	-0.2530	0.1973	0.0102	-0.0301	0.0460	2.3836	5.4619	-7.7882	-0.024693090097635206	3	1	11	Tilt	Normal
2.2224	5.5935	-7.8536	-33.8473	-163.0315	-23.3438	-16.9016	1.3647	19.3102	-0.1546	0.1314	-0.0634	0.2335	-0.9180	-0.2534	0.1965	0.0198	-0.0301	0.0404	2.3770	5.4621	-7.7901	0.011504916115935515	3	1	11	Tilt	Normal
2.1458	5.6701	-7.8153	-33.7012	-163.2468	-23.1836	-16.6506	1.4044	19.4081	-0.2058	0.2288	-0.0030	0.2316	-0.9191	-0.2529	0.1942	0.0273	-0.0194	0.0500	2.3516	5.4413	-7.8123	-0.0036354493710515356	3	1	11	Tilt	Normal
2.1835	5.6312	-7.9679	-33.6838	-163.2921	-23.0286	-16.2339	1.7934	19.2408	-0.1625	0.1924	-0.1522	0.2303	-0.9195	-0.2531	0.1935	-0.0398	0.0211	0.0394	2.3460	5.4387	-7.8157	0.10719820227420129	4	1	12	Tilt	Normal
2.1458	5.6318	-7.7387	-34.2131	-163.1095	-22.7720	-16.7123	1.9352	20.1750	-0.2104	0.1178	0.0212	0.2290	-0.9183	-0.2575	0.1950	-0.0249	0.0253	0.0468	2.3562	5.5140	-7.7599	-0.18965126756978457	4	1	12	Tilt	Normal
2.1841	5.7467	-7.8919	-34.1810	-163.2050	-22.4877	-17.0877	1.2875	19.5932	-0.1600	0.2373	-0.1251	0.2265	-0.9191	-0.2579	0.1936	-0.0078	-0.0247	0.0671	2.3441	5.5094	-7.7668	0.19522199883258118	4	1	12	Tilt	Normal
2.1841	5.7084	-7.8536	-34.2198	-163.1857	-22.1778	-17.1834	1.0954	19.3799	-0.1615	0.1935	-0.0913	0.2241	-0.9195	-0.2587	0.1931	0.0380	-0.0279	0.0425	2.3456	5.5149	-7.7623	-0.052205390391080186	4	1	12	Tilt	Normal
2.1075	5.5551	-7.8153	-34.2150	-163.0398	-21.9745	-15.9201	1.3538	19.4539	-0.2581	0.0410	-0.0585	0.2228	-0.9197	-0.2588	0.1938	-0.0302	0.0637	0.0574	2.3656	5.5141	-7.7568	-0.13432920594562603	4	1	12	Tilt	Normal
2.1841	5.6318	-7.8919	-34.1950	-163.1431	-21.6735	-16.4383	1.3168	19.9664	-0.1680	0.1205	-0.1290	0.2201	-0.9205	-0.2593	0.1923	0.0135	-0.0397	0.0606	2.3522	5.5113	-7.7629	0.12097563748770135	4	1	12	Tilt	Normal
2.1452	5.6695	-7.8530	-34.1508	-163.2041	-21.4544	-16.8673	1.2222	19.9620	-0.1998	0.1643	-0.0835	0.2182	-0.9212	-0.2594	0.1912	0.0081	0.0147	0.0489	2.3450	5.5052	-7.7695	-0.01786766578001675	4	1	12	Tilt	Normal
2.1452	5.6312	-7.8913	-34.1335	-163.1013	-21.2045	-16.8493	1.4154	19.6120	-0.2143	0.1285	-0.1245	0.2164	-0.9215	-0.2595	0.1915	0.0028	0.0253	0.0564	2.3595	5.5026	-7.7668	0.008574060617711154	4	1	12	Tilt	Normal
2.2224	5.6701	-7.8153	-34.1817	-162.9070	-20.8712	-16.5450	0.3358	19.4154	-0.1621	0.1606	-0.0609	0.2142	-0.9217	-0.2601	0.1923	-0.0068	-0.0013	0.0520	2.3845	5.5095	-7.7544	-0.021016400298503157	4	1	12	Tilt	Normal
2.1841	5.6318	-7.8536	-34.1235	-162.9291	-20.7095	-16.9755	1.7596	19.7744	-0.1990	0.1305	-0.0929	0.2128	-0.9222	-0.2599	0.1917	0.0071	0.0104	0.0478	2.3831	5.5013	-7.7607	-7.634587443305918E-5	5	1	13	Tilt	Normal
2.1835	5.6312	-7.7764	-34.1667	-162.7908	-20.4552	-16.7185	1.7302	20.0317	-0.2171	0.1238	-0.0254	0.2111	-0.9223	-0.2604	0.1923	-0.0025	0.0264	0.0499	2.4006	5.5074	-7.7509	-0.06155722993305446	5	1	13	Tilt	Normal
2.1835	5.7078	-7.7381	-34.2473	-162.6361	-20.1604	-16.5433	1.1094	19.5482	-0.2357	0.1890	-0.0010	0.2091	-0.9224	-0.2613	0.1930	-0.0068	0.0200	0.0563	2.4192	5.5188	-7.7370	0.013922348856501898	5	1	13	Tilt	Normal
2.2984	5.6695	-7.7381	-34.3236	-162.4837	-19.8687	-17.4278	1.3395	19.2471	-0.1392	0.1399	-0.0145	0.2072	-0.9224	-0.2622	0.1936	-0.0143	0.0125	0.0520	2.4376	5.5296	-7.7235	0.0040162508992462875	5	1	13	Tilt	Normal
2.2601	5.7078	-7.7764	-34.4026	-162.4177	-19.5815	-16.9284	1.6409	19.5022	-0.1841	0.1670	-0.0630	0.2051	-0.9226	-0.2632	0.1936	-0.0079	-0.0056	0.0541	2.4442	5.5408	-7.7134	0.04326187257050407	5	1	13	Tilt	Normal
2.2984	5.6695	-7.7764	-34.6099	-162.4384	-19.2565	-16.8964	1.2990	19.2355	-0.1369	0.0995	-0.0813	0.2026	-0.9227	-0.2655	0.1929	-0.0696	-0.0439	0.0530	2.4354	5.5700	-7.6951	-0.013188648580563012	5	1	13	Tilt	Normal
2.1458	5.6701	-7.8536	-34.5487	-162.7179	-19.0919	-16.8357	1.2838	18.9814	-0.2538	0.1086	-0.1410	0.2006	-0.9236	-0.2657	0.1902	0.0070	-0.0301	0.0435	2.3996	5.5614	-7.7126	0.0270118087671829	5	1	13	Tilt	Normal
2.2607	5.6318	-7.7770	-34.4481	-162.8344	-18.9555	-16.6354	0.8364	19.1604	-0.1260	0.0845	-0.0501	0.1991	-0.9243	-0.2653	0.1888	0.0166	-0.0343	0.0456	2.3867	5.5472	-7.7268	-0.05680106190726697	5	1	13	Tilt	Normal
2.1075	5.7084	-7.8153	-34.3406	-163.0981	-18.7730	-16.6842	1.5105	20.1833	-0.2466	0.1764	-0.0676	0.1969	-0.9253	-0.2652	0.1862	0.0049	-0.0194	0.0488	2.3541	5.5320	-7.7476	0.04029618579087213	5	1	13	Tilt	Normal
2.2218	5.5929	-7.7764	-34.3166	-163.1946	-18.5957	-16.6700	1.4464	20.0575	-0.1199	0.0643	-0.0226	0.1953	-0.9259	-0.2655	0.1849	0.0050	-0.0290	0.0461	2.3417	5.5285	-7.7538	-0.07178948908568472	5	1	13	Tilt	Normal
2.1452	5.6695	-7.8530	-34.3014	-163.2860	-18.3956	-16.7138	0.7436	20.3968	-0.1845	0.1431	-0.0941	0.1934	-0.9264	-0.2658	0.1837	0.0007	-0.0141	0.0503	2.3297	5.5264	-7.7589	0.08734664817748694	6	1	14	Tilt	Normal
2.0692	5.7084	-7.8536	-34.2431	-163.4771	-18.0746	-16.9023	0.8531	19.8528	-0.2363	0.1902	-0.0816	0.1903	-0.9274	-0.2662	0.1814	0.0018	-0.0279	0.0524	2.3055	5.5182	-7.7720	0.006636945747578338	6	1	14	Tilt	Normal
2.1075	5.5935	-7.8536	-34.1638	-163.6817	-17.9408	-16.6007	1.2068	19.7599	-0.1724	0.0865	-0.0660	0.1887	-0.9281	-0.2661	0.1793	0.0348	-0.0375	0.0397	2.2799	5.5070	-7.7876	-0.057515763823120736	6	1	14	Tilt	Normal
2.1458	5.6318	-7.8536	-34.0949	-163.8367	-17.7108	-16.1501	2.0187	19.8258	-0.1148	0.1345	-0.0536	0.1864	-0.9289	-0.2661	0.1775	0.0060	-0.0088	0.0492	2.2606	5.4972	-7.8000	0.02998780425613745	6	1	14	Tilt	Normal
2.1075	5.6318	-7.8536	-34.0392	-163.9128	-17.5087	-16.3751	1.1135	19.7946	-0.1443	0.1425	-0.0455	0.1846	-0.9295	-0.2661	0.1763	0.0092	-0.0109	0.0518	2.2517	5.4893	-7.8081	-0.008231165162104759	6	1	14	Tilt	Normal
1.9926	5.5551	-7.8153	-34.0345	-163.9937	-17.3020	-16.1756	1.7773	19.1555	-0.2482	0.0666	-0.0034	0.1827	-0.9300	-0.2665	0.1752	-0.0026	-0.0098	0.0465	2.2408	5.4886	-7.8118	-0.09800861445346065	6	1	14	Tilt	Normal
2.0309	5.6318	-7.8536	-34.0107	-163.9623	-17.0505	-16.5633	1.5684	19.7650	-0.2149	0.1465	-0.0409	0.1807	-0.9304	-0.2666	0.1749	-0.0057	0.0179	0.0486	2.2458	5.4853	-7.8127	0.08197133751093766	6	1	14	Tilt	Normal
2.0309	5.6701	-7.9302	-34.0194	-163.8877	-16.8103	-16.9172	1.6669	19.0538	-0.2248	0.1836	-0.1212	0.1790	-0.9307	-0.2669	0.1749	-0.0111	0.0093	0.0539	2.2556	5.4865	-7.8090	0.08278516627815691	6	1	14	Tilt	Normal
1.9920	5.5545	-7.8913	-34.0017	-163.9368	-16.5785	-16.4833	1.5601	20.4662	-0.2575	0.0706	-0.0787	0.1769	-0.9311	-0.2672	0.1740	0.0038	0.0200	0.0454	2.2495	5.4839	-7.8126	-0.104459377876438	6	1	14	Tilt	Normal
2.1075	5.6318	-7.9685	-33.9833	-163.8499	-16.3331	-15.9073	1.5381	19.8144	-0.1543	0.1504	-0.1577	0.1751	-0.9314	-0.2673	0.1741	-0.0068	0.0168	0.0511	2.2618	5.4814	-7.8108	0.1291855147911818	7	1	15	Tilt	Normal
2.0692	5.6701	-7.8536	-34.0454	-163.7174	-16.0595	-15.9342	1.8176	19.8523	-0.2090	0.1799	-0.0537	0.1733	-0.9315	-0.2680	0.1746	-0.0142	0.0243	0.0532	2.2782	5.4902	-7.7999	-0.07768890798838513	7	1	15	Tilt	Normal
2.0692	5.6318	-7.8153	-34.0994	-163.5663	-15.7988	-16.4490	1.6006	19.7750	-0.2280	0.1339	-0.0263	0.1716	-0.9315	-0.2687	0.1752	-0.0132	0.0232	0.0532	2.2972	5.4978	-7.7889	-0.05228205219809823	7	1	15	Tilt	Normal
2.1075	5.5935	-7.8919	-34.1775	-163.3679	-15.5173	-16.7905	1.2844	20.1583	-0.2146	0.0845	-0.1182	0.1698	-0.9314	-0.2694	0.1762	-0.0249	0.0381	0.0575	2.3221	5.5089	-7.7737	0.0472443861895524	7	1	15	Tilt	Normal
2.2224	5.6701	-7.8536	-34.2361	-163.1592	-15.2258	-16.6591	1.1623	19.9136	-0.1264	0.1529	-0.0938	0.1680	-0.9314	-0.2701	0.1773	-0.0249	0.0243	0.0564	2.3489	5.5171	-7.7598	0.03817090482233709	7	1	15	Tilt	Normal
2.0692	5.6701	-7.8536	-34.2832	-163.0445	-14.9569	-16.7911	1.7118	19.0329	-0.2939	0.1462	-0.1028	0.1661	-0.9314	-0.2707	0.1776	-0.0004	0.0104	0.0476	2.3631	5.5239	-7.7508	-0.033133238813791266	7	1	15	Tilt	Normal
2.2607	5.6318	-7.8536	-34.3152	-162.9096	-14.7099	-16.5692	0.9758	19.4744	-0.1196	0.1034	-0.1113	0.1644	-0.9315	-0.2712	0.1782	-0.0111	0.0253	0.0519	2.3803	5.5284	-7.7422	0.01998534652236117	7	1	15	Tilt	Normal
2.1452	5.7078	-7.6998	-34.3819	-162.7796	-14.4626	-16.6060	0.7967	19.2299	-0.2508	0.1700	0.0308	0.1628	-0.9315	-0.2719	0.1787	-0.0079	0.0093	0.0551	2.3960	5.5378	-7.7306	-0.103266385120234	7	1	15	Tilt	Normal
2.2218	5.5929	-7.7764	-34.3952	-162.8066	-14.2188	-16.6279	1.0786	19.4191	-0.1701	0.0531	-0.0458	0.1608	-0.9318	-0.2724	0.1779	0.0038	-0.0120	0.0476	2.3920	5.5397	-7.7306	0.011271451139903021	7	1	15	Tilt	Normal
2.1841	5.6318	-7.7770	-34.3908	-162.8462	-13.9579	-17.0079	1.0916	19.2248	-0.2026	0.0926	-0.0444	0.1585	-0.9323	-0.2728	0.1769	0.0038	-0.0088	0.0487	2.3867	5.5391	-7.7325	0.014220858877143527	7	1	15	Tilt	Normal
2.1075	5.7084	-7.8536	-34.3851	-162.8854	-13.7442	-16.7843	1.9437	19.4484	-0.2741	0.1701	-0.1188	0.1567	-0.9326	-0.2732	0.1761	-0.0100	0.0029	0.0539	2.3816	5.5382	-7.7348	0.0878166282574675	8	1	16	Tilt	Normal
Total time: 16 seconds.
