8.6574	0.8811	2.6815	-3.5752	-72.1708	-136.6712	-12.0126	-5.9953	-5.5475	-0.6601	0.2695	-0.3151	0.5564	-0.1939	0.7439	0.3153	0.0001	0.0042	-0.0085	9.3175	0.6116	2.9966	-0.9216377028223217	10	0	1	Upright	Normal
8.6191	0.7661	2.8347	-3.8150	-71.7537	-137.2440	-11.8925	-6.0462	-6.1739	-0.6737	0.1137	-0.2288	0.5553	-0.1884	0.7470	0.3134	0.1365	0.1193	0.0448	9.2928	0.6524	3.0635	-3.3188789854499134E-4	0	0	1	Upright	Normal
8.6574	1.1875	2.7581	-4.0542	-71.3546	-138.7160	-11.6515	-6.3861	-7.0871	-0.6111	0.4943	-0.3693	0.5556	-0.1786	0.7524	0.3055	0.2536	0.1257	0.1513	9.2686	0.6933	3.1274	0.057832347746657575	0	0	1	Upright	Normal
9.1177	-0.2676	2.8724	-3.8913	-70.3678	-141.6221	-11.7092	-6.3634	-6.7657	-0.0974	-0.9330	-0.4148	0.5530	-0.1631	0.7650	0.2870	0.5200	0.2322	0.0906	9.2151	0.6654	3.2872	0.39979982472348574	0	0	1	Upright	Normal
8.8879	0.4220	1.9531	-4.0470	-71.5228	-141.5832	-12.1860	-6.6585	-6.5854	-0.3900	-0.2701	-1.1471	0.5610	-0.1651	0.7590	0.2863	-0.3716	-0.2205	-0.2192	9.2778	0.6921	3.1002	-0.45345195024313156	0	0	1	Upright	Normal
8.8879	1.3797	2.2978	-4.2580	-73.0804	-137.9782	-12.5257	-5.6501	-6.9825	-0.4684	0.6515	-0.5483	0.5661	-0.1855	0.7416	0.3085	-0.6678	-0.2099	-0.2725	9.3562	0.7281	2.8461	0.17347790628436854	0	0	1	Upright	Normal
9.3853	2.8730	1.8387	-5.4888	-73.8513	-135.4403	-11.9177	-5.3091	-7.7041	0.0088	1.9351	-0.8761	0.5698	-0.1921	0.7280	0.3294	0.1280	0.0543	0.0279	9.3764	0.9379	2.7149	0.7027069002852429	0	0	1	Upright	Normal
10.3046	2.9497	1.0343	-7.2777	-75.3922	-137.8103	-12.1855	-6.6796	-7.3956	0.8915	1.7074	-1.4190	0.5874	-0.1728	0.7228	0.3204	0.5466	-0.1119	0.0833	9.4131	1.2423	2.4533	0.7823235747902455	0	0	1	Upright	Normal
9.3859	0.7284	2.0297	-8.4587	-78.6165	-141.4868	-12.3905	-7.3808	-6.5338	-0.1232	-0.7141	0.1152	0.6152	-0.1545	0.7131	0.2986	0.8758	-0.4624	0.0226	9.5090	1.4425	1.9145	-1.1378143080512384	0	0	1	Upright	Normal
10.0371	-3.3321	4.9793	-6.0532	-79.6326	-144.3108	-13.2358	-8.9311	-5.4712	0.4444	-4.3663	3.2244	0.6211	-0.1573	0.7198	0.2672	-0.2981	-0.3004	0.1719	9.5927	1.0341	1.7549	2.058858977316694	0	0	1	Upright	Normal
8.5048	1.4946	-0.0006	-2.8007	-86.3833	-143.5511	-15.1038	-8.1525	-3.4830	-1.2706	1.0154	-0.6185	0.6555	-0.1971	0.6871	0.2438	0.2175	-1.5031	0.6353	9.7754	0.4791	0.6179	-3.054169331714121	0	1	2	PT	Normal
5.5551	-0.8805	1.3018	1.3629	-86.6074	-145.3376	-16.7784	-7.2212	-1.9515	-4.2315	-0.6472	0.7217	0.6521	-0.2126	0.6971	0.2090	0.3357	0.5475	0.5575	9.7866	-0.2333	0.5801	-2.8619928478776435	0	1	2	PT	Normal
9.8456	0.1155	0.5740	0.9778	-88.2324	-154.4558	-18.5683	-9.0753	-0.8795	0.0450	0.2830	0.2716	0.6775	-0.1599	0.7015	0.1529	1.9453	-0.5497	-0.4076	9.8005	-0.1674	0.3024	4.089858389085378	0	1	2	Jump	Normal
11.3778	-5.8987	-3.4099	2.7441	-98.8536	-155.6876	-19.3321	-10.6173	2.8336	1.6993	-5.4292	-1.9022	0.7391	-0.1751	0.6395	0.1191	0.3368	-2.2573	0.4435	9.6786	-0.4696	-1.5077	3.398846168215412	0	1	2	PT	Normal
9.9222	0.5369	-1.3797	0.1763	-98.2654	-149.9764	-19.0234	-10.2595	4.3972	0.2176	0.5671	0.0302	0.7302	-0.1968	0.6323	0.1684	-1.5903	1.0088	-0.7420	9.7046	-0.0302	-1.4099	-3.2297973663055455	0	1	2	PT	Normal
9.8833	3.6775	3.1029	-5.8205	-89.3170	-145.0516	-17.3870	-9.9542	-0.0275	0.1279	2.6830	2.9866	0.6804	-0.1763	0.6669	0.2474	-0.3173	1.0301	-0.5481	9.7553	0.9945	0.1163	0.9603000801870749	0	1	2	PT	Normal
6.7038	0.0383	3.7541	-5.6977	-81.4459	-148.3498	-15.7940	-9.9098	-2.5103	-2.9458	-0.9352	2.3028	0.6372	-0.1415	0.7194	0.2376	0.6201	1.5467	-0.1029	9.6495	0.9735	1.4513	-3.308875849738895	0	1	2	PT	Normal
9.4625	-0.9571	1.8381	-5.5419	-76.2488	-144.6297	-13.5755	-10.6763	-3.6814	-0.0184	-1.9041	-0.4820	0.5991	-0.1511	0.7396	0.2671	-0.9724	0.0117	-0.3106	9.4809	0.9471	2.3201	2.00330453940556	0	1	2	PT	Normal
10.0371	5.2487	-0.1921	-6.2314	-84.6712	-135.1045	-15.1683	-8.0810	-4.3879	0.3305	4.1842	-1.0974	0.6369	-0.2196	0.6682	0.3157	-0.8308	0.5358	-0.0656	9.7065	1.0645	0.9053	1.6414727824795445	0	1	2	PT	Normal
10.6500	2.1841	0.9188	-8.1784	-84.0247	-137.2231	-14.0410	-8.0091	-4.9321	0.9960	0.7890	-0.0916	0.6409	-0.1941	0.6727	0.3147	0.7341	-0.1481	0.0198	9.6540	1.3951	1.0104	-0.41783787926769733	0	2	3	PT	Normal
9.8833	0.0000	3.1795	-8.0594	-86.6022	-145.6914	-14.5693	-9.3957	-2.6935	0.1906	-1.3749	2.6041	0.6688	-0.1529	0.6794	0.2602	1.5277	-0.6797	-0.2508	9.6926	1.3749	0.5754	-0.41783787926769733	0	2	3	PT	Normal
7.2407	2.7204	0.3442	-8.1917	-89.8559	-154.7901	-14.6119	-10.4076	0.3454	-2.4659	1.3231	0.3198	0.6985	-0.1044	0.6782	0.2033	1.8750	-0.8437	0.2616	9.7065	1.3973	0.0244	-3.1678760386832856	0	2	3	PT	Normal
7.1641	2.0309	1.6466	-6.8260	-90.9597	-165.2336	-15.0211	-9.5096	2.8609	-2.5717	0.8654	1.8097	0.7112	-0.0501	0.6887	0.1320	1.5459	0.7286	0.0369	9.7357	1.1655	-0.1631	-0.11624878285244566	0	2	3	Upright	Normal
10.0754	0.9583	0.4974	-7.4002	-87.9401	-176.3590	-15.4029	-8.8830	3.3934	0.3567	-0.3048	0.1480	0.6940	0.0244	0.7164	0.0676	1.9975	0.4634	0.0145	9.7187	1.2631	0.3494	2.5068042630593164	0	0	3	Upright	Normal
10.3819	-2.7192	-3.0269	-4.6492	-91.7194	175.9341	-14.2275	-8.9900	5.9027	0.6120	-3.5141	-2.7336	0.7156	0.0537	0.6964	0.0044	0.7448	-0.2557	0.5268	9.7698	0.7949	-0.2933	1.0176991541290104	0	0	3	Upright	Normal
10.3435	7.7387	2.9108	-8.9563	-90.9425	174.4708	-13.3008	-10.4169	9.9032	0.6578	6.2121	3.0701	0.7073	0.0890	0.7010	0.0219	-0.2406	0.7467	-0.5673	9.6857	1.5266	-0.1594	2.091126343555736	0	0	3	Upright	Normal
6.3213	6.8193	3.8684	-17.0485	-87.5846	169.4411	-13.6354	-13.7959	12.9911	-3.2884	4.9048	3.4734	-0.6717	-0.1695	-0.7203	-0.0365	2.5408	1.9963	0.2754	9.6097	1.9145	0.3950	-3.1708538431562108	0	0	3	Upright	Normal
8.3133	-1.0337	5.2475	-23.7143	-75.3079	173.4596	-14.8178	-13.9834	13.7410	-0.9970	-3.1078	2.9703	-0.5876	-0.1965	-0.7807	-0.0811	0.7778	1.7843	0.1401	9.3103	2.0741	2.2772	-0.18593021190309145	0	0	3	Upright	Normal
10.4196	-0.7278	-2.2984	-33.3262	-80.8288	173.5361	-15.7194	-12.8712	14.9831	0.8966	-2.6709	-3.6043	-0.6078	-0.2530	-0.7387	-0.1445	0.1812	-1.0493	0.0804	9.5229	1.9430	1.3059	0.8097490487391177	0	0	3	Upright	Normal
10.4202	2.7587	-0.0006	-30.3787	-82.5068	173.8000	-15.1516	-12.9696	16.6262	0.8241	1.0659	-1.1039	-0.6248	-0.2311	-0.7338	-0.1333	-0.1405	0.4474	0.2168	9.5961	1.6929	1.1033	0.08431616707814804	0	0	4	Upright	Normal
10.1897	4.7884	0.6129	-32.4190	-85.1271	171.5371	-14.7838	-12.9252	15.3498	0.5908	2.9088	-0.0902	-0.6326	-0.2530	-0.7193	-0.1361	0.8619	-0.5881	0.1390	9.5990	1.8796	0.7031	0.4961966759006362	0	0	4	Upright	Normal
10.8026	1.4174	3.9456	-38.9565	-91.4289	169.0510	-13.9765	-11.5432	18.0832	1.1483	-0.2936	4.1358	-0.6496	-0.2962	-0.6780	-0.1748	0.6329	-1.2283	0.0794	9.6543	1.7110	-0.1902	0.3122307952791168	0	0	4	Upright	Normal
6.4356	3.1412	-0.7278	-47.0319	-107.0548	160.7033	-11.7864	-9.2932	21.6029	-3.1084	2.0295	1.2326	-0.6872	-0.3574	-0.5911	-0.2250	2.9701	-1.0227	0.6067	9.5440	1.1117	-1.9604	-4.389441798962846	0	0	4	Upright	Normal
7.3939	-1.9148	1.7998	-66.1604	-101.6449	169.3743	-11.5629	-4.1322	24.0577	-2.3800	-1.9061	2.6000	-0.6148	-0.4035	-0.5662	-0.3723	1.9581	1.6490	-0.0847	9.7739	-0.0087	-0.8001	0.6488268778864485	0	0	4	Upright	Normal
13.8672	-1.8004	-1.2641	-65.9045	-122.2316	149.0479	-11.6115	-2.4442	24.3361	4.2974	-1.9721	0.8712	-0.6380	-0.4493	-0.5177	-0.3509	-0.1235	-3.6411	-0.1801	9.5698	0.1716	-2.1353	6.193600676154461	0	0	4	Upright	Normal
7.7381	-0.9577	-7.8913	-60.1810	-138.9582	135.2737	-6.5161	-2.4192	26.5538	-1.3527	-0.9295	-4.2133	-0.6825	-0.4708	-0.4591	-0.3188	-0.3664	-0.0181	-0.2547	9.0908	-0.0281	-3.6779	-2.947004394424658	0	0	4	Upright	Normal
8.0445	0.9194	1.3791	-54.8417	-97.8054	165.9450	-6.7667	-5.3365	26.0930	-1.6448	-0.3837	2.1461	-0.6269	-0.3823	-0.6216	-0.2731	-1.5690	4.3995	-0.7714	9.6893	1.3030	-0.7670	-2.8801251215065022	0	0	4	Upright	Normal
6.8570	0.2682	2.2601	-61.0880	-86.0682	176.4090	-12.6535	-7.2899	23.6295	-2.8705	-0.9319	1.9351	-0.5758	-0.3897	-0.6401	-0.3269	0.0416	1.2037	0.0457	9.7275	1.2001	0.3250	-0.9886285682396752	0	0	4	Upright	Normal
7.7004	-0.4591	1.9531	-53.1706	-82.2683	177.7905	-13.5976	-8.5571	22.7025	-1.9691	-1.8887	1.1622	-0.5817	-0.3483	-0.6791	-0.2814	-2.2774	-1.0110	-0.6776	9.6694	1.4296	0.7908	0.7326345792262972	0	0	4	Upright	Normal
11.3395	3.6398	-0.6901	-43.3541	-84.9773	174.3262	-12.3124	-11.3351	21.6157	1.6767	2.0876	-1.3143	-0.6134	-0.3031	-0.6968	-0.2153	-0.6050	-0.5806	-0.0203	9.6628	1.5522	0.6241	3.971836354447344	0	1	5	Jump	Normal
8.6197	2.9886	-2.0309	-37.8049	-89.1717	169.6710	-11.9278	-13.3561	21.0772	-1.0114	1.1450	-2.1428	-0.6407	-0.2896	-0.6915	-0.1658	-1.4124	-0.6701	0.4008	9.6311	1.8435	0.1119	-2.5829015133832858	0	1	5	PT	Normal
9.2709	-3.7918	3.7535	-23.4249	-82.1495	178.7583	-12.6880	-15.8516	19.7267	-0.4299	-4.5346	2.5245	-0.6417	-0.1600	-0.7396	-0.1254	-3.0124	2.2328	1.1124	9.7009	0.7428	1.2290	1.350128286921283	0	1	5	PT	Normal
8.9256	0.1532	1.9154	-5.4844	-79.3870	-170.7870	-18.0919	-14.4114	11.4611	-0.6165	1.5262	0.1176	-0.6388	0.0145	-0.7637	-0.0922	-2.4383	-0.0842	1.1242	9.5421	-1.3729	1.7977	-1.5664546875915608	0	1	5	PT	Normal
7.9302	-0.9188	0.8805	1.7861	-79.0744	-163.4793	-20.7695	-11.9096	7.8479	-1.2846	1.8750	-0.9773	-0.6282	0.1033	-0.7645	-0.1010	-0.3791	-1.8589	1.6557	9.2148	-2.7937	1.8578	-1.0984320511330345	0	1	5	PT	Normal
3.8690	1.0343	-2.1452	2.9935	-84.9650	-159.2995	-23.7195	-9.6366	7.8624	-5.2532	4.5295	-3.0046	-0.6607	0.1402	-0.7284	-0.1151	-0.7636	0.5092	0.9849	9.1222	-3.4952	0.8594	-3.4884421209863294	0	1	5	PT	Normal
1.9926	-6.6266	6.4350	16.9065	-62.7914	-149.6755	-24.1837	-3.4007	1.3932	-4.8773	-1.0974	2.1451	-0.4645	0.2559	-0.8350	-0.1469	0.1482	5.0909	2.6946	6.8699	-5.5291	4.2900	4.906201219772738	0	1	5	Jump	Normal
4.2521	0.1149	12.2200	22.2603	-31.6292	-161.7767	-15.5137	-0.8982	-9.9863	0.3564	4.7277	4.4924	-0.2346	0.2257	-0.9405	-0.0976	0.6201	3.7870	-0.0580	3.8957	-4.6127	7.7276	3.489745752811313	0	1	5	PT	Normal
7.3933	1.9154	5.3247	15.1516	-30.6589	-160.2948	-9.5258	-1.6661	-12.4483	3.4289	5.6774	-2.8178	-0.2364	0.1701	-0.9479	-0.1292	0.6947	-1.3742	0.4491	3.9643	-3.7620	8.1425	-3.6288432032459284	0	1	5	Jump	Normal
-0.8811	-10.5345	9.1937	29.3459	-29.0097	-159.8969	-8.4813	-0.0799	-12.0019	-3.9024	-4.9529	1.7180	-0.1958	0.2838	-0.9333	-0.1010	-4.6859	2.4416	0.4768	3.0213	-5.5816	7.4757	4.699538197767824	0	2	6	Jump	Normal
-4.0217	-19.6127	4.4813	59.3880	-60.6534	-118.4251	-6.8794	13.2685	-10.2017	-4.4529	-10.1261	2.0340	-0.1580	0.5918	-0.7722	-0.1689	-9.0333	2.8485	7.2081	0.4313	-9.4866	2.4473	6.506332273478986	0	2	6	Jump	Normal
-16.0507	1.2258	-5.8993	39.1539	-142.0830	-37.2349	5.7969	28.3229	4.8661	-14.2084	8.7616	0.1000	-0.1813	0.8792	-0.3980	-0.1889	-3.9775	8.5487	0.3372	-1.8423	-7.5357	-5.9993	-3.3718255424089634	0	2	6	PT	Normal
-4.8267	1.4557	-6.5888	29.0353	-143.2223	-20.3672	12.5034	29.4060	13.6959	-0.6491	7.0732	0.2788	-0.0846	0.9181	-0.2881	-0.2585	2.5941	1.8823	2.4208	-4.1776	-5.6175	-6.8676	-8.848078379173137	0	2	6	Jump	Normal
2.5666	6.3973	-5.1715	22.0914	-135.3401	-19.4626	17.6995	30.7660	13.5150	8.1918	11.1676	1.2918	-0.0817	0.9071	-0.2377	-0.3376	-3.6537	-6.7005	-0.9348	-5.6252	-4.7703	-6.4633	0.32097997614403617	0	2	6	Tilt	Normal
-9.5385	-0.4214	-10.7260	25.0060	-138.6768	-19.3501	18.1765	29.2859	14.1012	-4.4602	4.6615	-4.0516	-0.0782	0.9133	-0.2576	-0.3055	1.3871	3.6932	-0.8261	-5.0783	-5.0829	-6.6744	5.7426641467330555	0	0	6	Tilt	Normal
-5.2864	-3.2561	-9.7683	28.5283	-135.8381	-22.5944	14.2997	30.8302	11.9179	-0.2693	2.4710	-3.5874	-0.0851	0.8988	-0.2953	-0.3125	1.3125	-0.6328	-0.6760	-5.0170	-5.7271	-6.1809	-2.7854812441727876	0	0	6	Tilt	Normal
-4.2138	-3.9840	-6.4356	34.2268	-128.4419	-30.7760	11.5569	31.5169	8.5947	0.6309	2.8928	-1.3945	-0.1050	0.8637	-0.3658	-0.3304	1.5885	-1.4520	-1.4366	-4.8447	-6.8767	-5.0411	-2.9115804889755967	0	0	6	Tilt	Normal
-3.8307	-7.6614	-4.3287	35.6609	-117.7672	-44.1546	8.0384	31.6632	4.4389	0.5396	0.2942	-0.6167	-0.1597	0.8147	-0.4278	-0.3574	0.4539	-2.3575	-1.3578	-4.3703	-7.9556	-3.7121	0.9344713156028099	0	0	6	Tilt	Normal
-3.8307	-8.0828	-1.3408	36.8602	-90.0348	-69.1337	2.8526	30.4232	0.0039	-0.3410	1.0820	-1.3360	-0.1967	0.6794	-0.5646	-0.4254	4.4561	-1.3721	-1.6848	-3.4897	-9.1649	-0.0048	-0.5528033321955927	0	0	6	Tilt	Normal
-1.9148	-7.8141	11.3383	38.1041	-56.5555	-93.0311	-2.2444	25.1453	-7.9611	0.9831	0.5338	7.0855	-0.1271	0.5167	-0.7104	-0.4606	2.5557	0.5390	0.6065	-2.8979	-8.3478	4.2529	4.858111606782064	0	1	7	Jump	Normal
-5.0176	-7.8141	3.1406	35.1990	-58.8852	-83.3864	-0.1299	23.6454	-10.7933	-1.1489	0.1894	-1.0003	-0.1150	0.5250	-0.6631	-0.5210	-0.7892	-0.4166	1.9820	-3.8687	-8.0035	4.1409	-4.099596962892903	0	1	7	Jump	Normal
-8.0056	-6.5499	5.4773	26.9494	-62.7975	-68.1056	2.8861	25.5936	-9.3460	-2.8680	0.7854	1.4813	-0.1189	0.5311	-0.5654	-0.6197	-0.9266	-0.1385	1.4408	-5.1377	-7.3354	3.9961	1.9012904529761983	0	1	7	PT	Normal
-6.7415	-7.1245	2.2595	22.3333	-73.7342	-60.5491	4.5964	27.1898	-7.0464	-1.2038	0.5599	-0.2812	-0.1629	0.5864	-0.4960	-0.6193	-0.9501	1.2719	-1.0785	-5.5376	-7.6845	2.5407	-1.6389734578020256	0	1	7	PT	Normal
-5.1326	-8.1588	1.3018	16.6852	-82.4498	-61.1560	4.0076	28.5150	-5.1615	-0.1185	0.1784	0.0676	-0.2378	0.6169	-0.4609	-0.5920	-0.7104	1.4924	-0.8474	-5.0141	-8.3372	1.2342	-0.33889592821393144	0	1	7	Upright	Normal
-4.9027	-8.4653	-0.1921	15.3440	-91.7489	-61.0489	3.9328	28.8887	-4.0214	-0.2271	0.1502	0.0965	-0.2813	0.6600	-0.4330	-0.5457	-0.8904	1.8418	-0.3222	-4.6756	-8.6155	-0.2887	0.057936017083557445	0	1	7	Upright	Normal
-4.5963	-8.0439	-2.9503	13.7963	-102.5059	-59.5822	5.2298	29.6815	-1.4662	-0.1856	0.4687	-0.8879	-0.3195	0.7093	-0.3900	-0.4927	-0.9330	0.7510	-0.0549	-4.4107	-8.5126	-2.0623	-0.06152067072843437	0	1	7	Upright	Normal
-4.4430	-8.0056	-3.7930	11.7216	-104.9789	-59.1862	5.9942	30.3386	0.2603	-0.0325	0.3943	-1.3111	-0.3356	0.7169	-0.3696	-0.4867	0.3006	-0.2887	0.0868	-4.4106	-8.3999	-2.4819	0.18754658513560685	0	1	7	Upright	Normal
-5.3241	-8.4270	-1.9926	11.8097	-101.6266	-58.2882	5.9237	30.3633	-0.8931	-0.6191	-0.0429	-0.0581	-0.3187	0.7050	-0.3757	-0.5101	0.3709	-0.4922	0.2146	-4.7051	-8.3840	-1.9345	0.2547418168319808	0	1	7	Upright	Normal
-5.5923	-8.3887	-1.6095	14.7415	-99.9245	-56.5118	6.4512	29.8056	-1.1478	-0.6208	-0.0950	0.0251	-0.2868	0.7079	-0.3885	-0.5155	0.0587	-0.1513	0.1678	-4.9714	-8.2937	-1.6346	0.04435711716776858	0	1	7	Upright	Normal
-5.5539	-8.3121	-1.8010	17.6537	-100.2435	-55.4668	6.4573	29.4158	-1.0767	-0.5189	-0.0622	-0.1392	-0.2658	0.7170	-0.3991	-0.5060	-0.0318	0.1022	-0.0783	-5.0350	-8.2498	-1.6619	-0.05175803737211915	1	1	8	Tilt	Normal
-5.0566	-8.2361	-1.9920	19.9563	-100.8980	-55.0796	6.1020	29.5709	-1.3844	-0.0628	0.0221	-0.2491	-0.2533	0.7244	-0.4084	-0.4943	0.0193	0.0053	-0.0176	-4.9937	-8.2582	-1.7428	-0.29012119073628817	1	1	8	Tilt	Normal
-5.5923	-8.1971	-1.6095	21.6232	-100.9617	-53.9315	6.2410	29.6045	-1.1932	-0.4793	-0.0103	0.1240	-0.2372	0.7295	-0.4124	-0.4915	-0.1394	0.0479	0.0721	-5.1130	-8.1868	-1.7336	0.18504377078755674	1	1	8	Tilt	Normal
-5.4390	-8.0822	-2.2607	22.6035	-101.7312	-53.0895	6.4176	29.8726	-1.3717	-0.2852	0.0555	-0.4199	-0.2293	0.7357	-0.4126	-0.4857	0.0108	-0.1236	-0.0205	-5.1538	-8.1377	-1.8408	-0.051926560393456	1	1	8	Tilt	Normal
-5.7072	-8.5802	-1.5329	23.2243	-101.1571	-53.2791	6.2270	29.9574	-1.5925	-0.5541	-0.4206	0.2110	-0.2250	0.7337	-0.4179	-0.4863	-0.0392	0.0586	-0.1079	-5.1531	-8.1596	-1.7439	0.4175650111215816	1	0	8	Tilt	Normal
-5.0176	-8.0822	-2.2990	24.3094	-103.2331	-52.5966	6.1524	29.6509	-1.0682	0.0470	0.0625	-0.2532	-0.2223	0.7449	-0.4169	-0.4711	-0.2363	0.2407	0.0242	-5.0646	-8.1448	-2.0458	-0.6314240500972996	1	0	8	Tilt	Normal
-5.1332	-8.0828	-2.7198	24.7676	-103.9506	-51.1231	6.1548	29.4455	-0.2105	0.0694	-0.0518	-0.5730	-0.2128	0.7511	-0.4120	-0.4699	0.1365	-0.1769	0.2958	-5.2026	-8.0311	-2.1469	0.1669157752883592	0	0	8	Tilt	Normal
-6.0519	-7.9290	-1.0732	25.0478	-100.9897	-48.8960	7.8796	29.9450	-0.8618	-0.3193	-0.1546	0.6205	-0.1862	0.7428	-0.4093	-0.4961	0.0194	-0.0863	0.5411	-5.7326	-7.7744	-1.6937	0.0784335332994548	0	0	8	Tilt	Normal
-6.2052	-7.6992	-3.0269	27.5101	-105.3409	-44.0542	9.7419	29.2551	-0.0553	-0.2417	-0.2619	-0.7257	-0.1560	0.7701	-0.3962	-0.4751	-0.3173	0.0426	0.1054	-5.9635	-7.4373	-2.3011	0.30912604924784404	0	0	8	Tilt	Normal
-6.2824	-7.4699	-2.2984	28.2907	-106.4499	-43.0876	9.6892	29.7834	0.6643	-0.3126	-0.0838	0.1469	-0.1491	0.7762	-0.3952	-0.4681	-0.1564	0.1843	-0.0533	-5.9698	-7.3861	-2.4454	-0.31389622545621343	1	0	9	Tilt	Normal
-6.1286	-7.5076	-2.7587	28.6972	-107.8970	-42.5896	9.4048	30.1636	0.6146	-0.2373	-0.1267	-0.1152	-0.1486	0.7828	-0.3937	-0.4585	-0.0829	0.0937	-0.0650	-5.8912	-7.3809	-2.6435	0.04892670634023233	1	0	9	Tilt	Normal
-6.0903	-7.5842	-2.7587	28.9931	-108.3211	-42.5599	9.6865	30.2923	0.5052	-0.2436	-0.1870	-0.0624	-0.1483	0.7845	-0.3948	-0.4546	-0.0051	-0.0022	-0.0236	-5.8466	-7.3972	-2.6963	0.034083881532854576	1	0	9	Tilt	Normal
-6.0903	-7.5842	-2.9119	29.1745	-108.4403	-42.4473	9.3423	29.4094	1.4158	-0.2460	-0.1896	-0.2034	-0.1470	0.7852	-0.3953	-0.4535	-0.0051	0.0213	-0.0097	-5.8442	-7.3946	-2.7086	0.04287120181023596	1	0	9	Tilt	Normal
-5.8987	-7.5459	-2.8736	29.3059	-108.4712	-42.3014	9.7563	30.0281	0.9106	-0.0426	-0.1609	-0.1642	-0.1454	0.7855	-0.3955	-0.4533	0.0417	-0.0416	0.0308	-5.8561	-7.3851	-2.7095	-0.15373176944724065	1	0	9	Tilt	Normal
-6.0136	-7.5459	-2.8353	29.4431	-107.7037	-42.4372	9.7378	30.0360	0.8065	-0.1080	-0.1600	-0.2382	-0.1429	0.7823	-0.3978	-0.4576	0.1504	-0.1694	0.0467	-5.9056	-7.3860	-2.5971	0.057341044068797586	1	0	9	Tilt	Normal
-6.2818	-7.6225	-2.4523	29.6117	-106.3413	-42.8011	9.4004	29.6577	0.4741	-0.3035	-0.2282	-0.0534	-0.1397	0.7764	-0.4019	-0.4649	0.0694	-0.0693	0.0009	-5.9783	-7.3943	-2.3988	0.1203094926489161	1	0	9	Tilt	Normal
-6.1292	-7.5848	-2.4134	29.7903	-106.0366	-42.8847	9.4146	29.9140	-0.3360	-0.1392	-0.1845	-0.0622	-0.1383	0.7751	-0.4036	-0.4660	0.0300	-0.0118	0.0176	-5.9900	-7.4003	-2.3511	-0.13135938163318528	1	0	9	Tilt	Normal
-6.2435	-7.4693	-2.4906	29.8676	-105.7108	-42.6768	10.2324	30.0126	0.2615	-0.1995	-0.0979	-0.1878	-0.1353	0.7740	-0.4036	-0.4687	0.0694	-0.0938	0.0421	-6.0440	-7.3714	-2.3028	0.00268949959047049	1	0	9	Tilt	Normal
-6.3967	-7.5459	-2.0692	29.8296	-104.5249	-43.0891	10.3223	29.6929	0.4576	-0.2996	-0.1673	0.0645	-0.1341	0.7686	-0.4065	-0.4754	0.0832	-0.1428	0.0102	-6.0971	-7.3786	-2.1337	0.057808815366394484	2	0	10	Tilt	Fall
-6.2052	-7.5459	-2.1841	29.8930	-104.4042	-43.0864	10.0244	29.4178	-0.4162	-0.0988	-0.1695	-0.0691	-0.1333	0.7682	-0.4070	-0.4759	-0.0350	0.0383	0.0059	-6.1064	-7.3764	-2.1150	-0.09566723701125213	2	0	10	Tilt	Normal
-6.2441	-7.4699	-2.2601	29.8735	-104.5296	-43.0340	9.8827	30.2414	0.2384	-0.1414	-0.0958	-0.1267	-0.1335	0.7687	-0.4065	-0.4754	0.0193	-0.0213	-0.0015	-6.1027	-7.3741	-2.1334	-0.015953615302496615	2	0	10	Tilt	Normal
-6.3207	-7.5082	-2.1452	29.8263	-104.3779	-43.0786	8.9539	30.3046	-0.2925	-0.2093	-0.1353	-0.0326	-0.1335	0.7680	-0.4066	-0.4764	0.0108	-0.0224	0.0073	-6.1113	-7.3729	-2.1126	0.05139251036959358	2	0	10	Tilt	Normal
-6.2824	-7.5848	-2.4134	29.7541	-104.5522	-42.9560	9.7014	30.1515	-0.5127	-0.1686	-0.2215	-0.2741	-0.1337	0.7689	-0.4055	-0.4759	-0.0211	0.0202	0.0126	-6.1137	-7.3634	-2.1392	0.09392664876198076	2	0	10	Tilt	Normal
-6.4356	-7.5465	-2.1835	29.6993	-104.7946	-42.8564	9.7457	29.9596	-0.0440	-0.3289	-0.1879	-0.0082	-0.1342	0.7700	-0.4045	-0.4749	-0.0126	0.0468	-0.0279	-6.1067	-7.3586	-2.1753	0.015374957018146063	2	0	10	Tilt	Normal
-6.2435	-7.5459	-2.1841	29.5999	-104.9369	-42.8813	10.1134	29.7584	0.7343	-0.1499	-0.1832	0.0138	-0.1354	0.7705	-0.4039	-0.4742	-0.0126	0.0138	-0.0130	-6.0935	-7.3628	-2.1979	-0.12095510739163728	2	0	10	Tilt	Normal
-6.2818	-7.4693	-2.2990	29.4890	-105.2319	-42.7523	9.8089	29.6112	-0.0016	-0.1947	-0.1148	-0.0563	-0.1362	0.7719	-0.4023	-0.4731	-0.0552	0.0309	-0.0002	-6.0871	-7.3545	-2.2428	-0.007743406816951293	2	0	10	Tilt	Normal
-6.2435	-7.5842	-2.4140	29.4285	-105.5509	-42.6872	9.5538	29.9617	0.7114	-0.1746	-0.2291	-0.1240	-0.1372	0.7733	-0.4013	-0.4714	-0.0062	0.0447	-0.0227	-6.0689	-7.3551	-2.2899	0.08896232654410063	2	0	10	Tilt	Normal
-6.2435	-7.5842	-2.3756	29.3333	-105.6527	-42.6993	10.3252	30.0338	0.1100	-0.1826	-0.2277	-0.0690	-0.1381	0.7736	-0.4007	-0.4710	0.0172	-0.0128	-0.0173	-6.0609	-7.3565	-2.3067	-0.009094862282259086	2	0	10	Tilt	Normal
-6.2058	-7.6614	-2.4900	29.4599	-105.9135	-42.7281	9.6004	29.9817	-0.1493	-0.1752	-0.2909	-0.1487	-0.1386	0.7747	-0.4012	-0.4687	-0.0233	0.0756	-0.0195	-6.0305	-7.3706	-2.3412	0.06235260366701212	3	0	11	Tilt	Normal
-6.2052	-7.5459	-2.4140	29.5274	-105.9873	-42.7443	9.9915	29.6790	-0.1384	-0.1853	-0.1697	-0.0637	-0.1386	0.7750	-0.4016	-0.4678	0.0055	0.0042	-0.0035	-6.0199	-7.3762	-2.3502	-0.10560220659277597	3	0	11	Tilt	Normal
-6.2052	-7.6225	-2.4140	29.5730	-106.0363	-42.7232	9.6297	29.7388	0.4111	-0.1882	-0.2457	-0.0578	-0.1384	0.7752	-0.4017	-0.4674	-0.0222	0.0330	-0.0173	-6.0169	-7.3768	-2.3562	0.05756424811717764	3	0	11	Tilt	Normal
-6.1286	-7.5076	-2.4906	29.6768	-106.4080	-42.5895	9.3728	30.0429	-0.0307	-0.1308	-0.1315	-0.0838	-0.1382	0.7769	-0.4013	-0.4650	0.0044	0.0586	-0.0066	-5.9978	-7.3761	-2.4068	-0.1146464711051749	3	0	11	Tilt	Normal
-6.1675	-7.5465	-2.6049	29.8323	-106.5044	-42.5443	10.3778	30.4261	-0.3350	-0.1770	-0.1677	-0.1881	-0.1374	0.7774	-0.4019	-0.4639	0.0225	-0.0107	-0.0055	-5.9904	-7.3788	-2.4168	0.0819295012043888	3	0	11	Tilt	Normal
-6.0908	-7.5082	-2.5283	29.9084	-106.4604	-42.5486	9.9090	30.4050	0.5246	-0.0992	-0.1278	-0.1196	-0.1369	0.7772	-0.4025	-0.4639	0.0225	-0.0128	0.0019	-5.9916	-7.3804	-2.4087	-0.09511334805005411	3	0	11	Tilt	Normal
-6.1675	-7.5848	-2.4517	29.9973	-106.2796	-42.6031	9.7715	30.1326	-0.1676	-0.1689	-0.2010	-0.0708	-0.1361	0.7764	-0.4034	-0.4646	0.0108	-0.0107	-0.0076	-5.9985	-7.3839	-2.3809	0.08543665843933113	3	0	11	Tilt	Normal
-6.0908	-7.6231	-2.5283	30.0762	-106.2937	-42.5789	9.6106	30.0849	-0.1427	-0.0926	-0.2390	-0.1472	-0.1356	0.7765	-0.4038	-0.4643	0.0066	0.0010	-0.0034	-5.9982	-7.3842	-2.3810	0.0011765495909124013	3	0	11	Tilt	Normal
-6.2441	-7.5848	-2.4900	30.0992	-106.3008	-42.5605	9.4043	30.2148	0.4803	-0.2448	-0.2017	-0.1085	-0.1354	0.7766	-0.4038	-0.4642	0.0130	-0.0075	-0.0001	-5.9993	-7.3831	-2.3815	0.05522099935302727	3	0	11	Tilt	Normal
-6.1669	-7.5842	-2.4523	30.0952	-106.2447	-42.5746	9.9736	29.9599	0.4471	-0.1642	-0.2014	-0.0787	-0.1353	0.7763	-0.4039	-0.4646	0.0119	-0.0256	0.0053	-6.0027	-7.3828	-2.3736	-0.05707005264755516	3	0	11	Tilt	Normal
-6.2058	-7.5848	-2.4134	30.1381	-106.0658	-42.6126	9.6531	30.0455	-0.0322	-0.1929	-0.2017	-0.0663	-0.1347	0.7756	-0.4045	-0.4655	0.0151	-0.0054	-0.0011	-6.0129	-7.3831	-2.3471	0.014928514284687111	4	0	12	Tilt	Normal
-6.1669	-7.5076	-2.4140	30.1428	-105.9724	-42.6598	9.6286	30.1483	0.1053	-0.1517	-0.1221	-0.0802	-0.1346	0.7751	-0.4048	-0.4660	0.0172	-0.0171	0.0021	-6.0151	-7.3855	-2.3337	-0.08175170159841016	4	0	12	Tilt	Normal
-6.1675	-7.5848	-2.3750	30.1889	-105.9233	-42.6748	9.4155	30.0964	-0.2388	-0.1511	-0.1978	-0.0494	-0.1343	0.7749	-0.4052	-0.4661	0.0215	-0.0064	0.0031	-6.0163	-7.3870	-2.3257	0.04911288658134261	4	0	12	Tilt	Normal
-6.2058	-7.5848	-2.3750	30.2017	-105.8855	-42.6688	9.3461	29.9158	-0.3003	-0.1856	-0.1992	-0.0551	-0.1341	0.7748	-0.4053	-0.4663	0.0204	-0.0096	0.0193	-6.0202	-7.3857	-2.3200	0.023525567599563146	4	0	12	Tilt	Normal
-6.2824	-7.6231	-2.2218	30.1384	-105.6731	-42.4619	9.8476	30.1127	-0.0272	-0.2147	-0.2674	0.0694	-0.1323	0.7742	-0.4044	-0.4687	-0.0349	-0.0139	0.0630	-6.0677	-7.3557	-2.2913	0.04131029120021701	4	0	12	Tilt	Normal
-6.3201	-7.5459	-2.2990	29.7099	-106.3746	-41.7055	10.0596	30.0842	-0.5730	-0.2072	-0.2632	0.1022	-0.1319	0.7778	-0.3980	-0.4682	-0.1990	0.0554	0.0321	-6.1128	-7.2827	-2.4012	-0.017146776689013876	4	0	12	Tilt	Normal
-6.4350	-7.4310	-2.5672	29.1783	-108.5341	-40.5976	9.4373	29.8368	0.5147	-0.3639	-0.2264	0.1546	-0.1346	0.7878	-0.3878	-0.4591	-0.3844	0.2588	-0.0456	-6.0711	-7.2046	-2.7218	0.05179875343480411	4	0	12	Tilt	Normal
-6.0903	-7.3927	-3.3333	28.8923	-111.7349	-39.9078	9.8424	30.3575	1.3828	-0.2282	-0.2025	-0.1538	-0.1420	0.8012	-0.3795	-0.4403	-0.2171	0.2120	-0.1895	-5.8621	-7.1902	-3.1795	-0.017971314165629693	4	0	12	Tilt	Normal
-5.7072	-7.3161	-3.4099	28.6196	-113.1976	-40.0719	9.5056	30.5189	2.5907	-0.0004	-0.0974	-0.0190	-0.1493	0.8066	-0.3766	-0.4304	-0.1596	0.1054	-0.1032	-5.7067	-7.2187	-3.3909	-0.2561396355482124	4	0	12	Tilt	Normal
-5.8227	-7.3167	-3.6392	28.1221	-114.9022	-39.3366	9.5195	30.3372	3.2478	-0.1767	-0.1730	0.0027	-0.1521	0.8140	-0.3685	-0.4225	-0.2427	0.1321	0.0044	-5.6460	-7.1437	-3.6419	0.1484385775083812	5	0	13	Tilt	Normal
-5.6695	-7.1635	-4.0989	28.0240	-116.2416	-38.7786	9.7281	30.5671	3.4580	-0.0883	-0.0661	-0.2711	-0.1529	0.8196	-0.3641	-0.4151	0.0055	0.0468	-0.0276	-5.5812	-7.0973	-3.8277	-0.021039143437135976	5	0	13	Tilt	Normal
-5.7078	-7.3933	-3.8307	28.4345	-116.4198	-38.6815	9.3060	30.5657	3.7322	-0.1504	-0.2824	0.0063	-0.1508	0.8203	-0.3661	-0.4127	-0.0041	0.1203	0.0459	-5.5574	-7.1109	-3.8370	0.08226422402065126	5	0	13	Tilt	Normal
-5.8604	-7.1629	-4.2527	28.5498	-117.0574	-37.9092	9.8543	30.9310	2.9780	-0.2797	-0.1148	-0.3343	-0.1467	0.8236	-0.3632	-0.4102	-0.0722	0.0372	0.0736	-5.5807	-7.0481	-3.9184	0.08987774421558292	5	0	13	Tilt	Normal
-5.7844	-7.2401	-3.9840	28.9484	-117.1923	-37.6069	10.1432	30.3342	3.3776	-0.1977	-0.1986	-0.0624	-0.1431	0.8243	-0.3646	-0.4088	-0.0126	0.0447	0.0008	-5.5867	-7.0415	-3.9216	-0.0979809337993629	5	0	13	Tilt	Normal
-5.7078	-7.2018	-4.0223	29.2636	-117.4718	-37.3881	9.9011	30.5272	3.5373	-0.1374	-0.1613	-0.0757	-0.1409	0.8254	-0.3655	-0.4064	-0.0030	0.0394	0.0029	-5.5704	-7.0404	-3.9465	-0.05600818726626322	5	0	13	Tilt	Normal
-5.6689	-7.2012	-4.0995	29.5276	-117.5881	-37.2277	9.5575	30.5767	3.1152	-0.1024	-0.1606	-0.1477	-0.1389	0.8260	-0.3665	-0.4052	0.0162	0.0053	0.0008	-5.5665	-7.0406	-3.9518	0.008759586726183599	5	0	13	Tilt	Normal
-5.7455	-7.2012	-4.0612	29.8952	-117.4791	-37.1114	10.4309	29.9565	3.4110	-0.1680	-0.1531	-0.1383	-0.1359	0.8256	-0.3686	-0.4051	0.0502	-0.0341	0.0115	-5.5774	-7.0481	-3.9229	0.027938930571323795	5	0	13	Tilt	Normal
-5.7844	-7.2018	-3.9073	30.3565	-116.9605	-37.1761	9.7879	30.2787	3.5267	-0.1775	-0.1296	-0.0708	-0.1325	0.8234	-0.3724	-0.4071	0.0822	-0.0501	0.0040	-5.6069	-7.0722	-3.8366	-0.038273675413362795	5	0	13	Tilt	Normal
-5.7844	-7.2784	-3.8307	30.6854	-116.4250	-37.2832	9.8830	30.4057	3.1766	-0.1460	-0.1864	-0.0775	-0.1300	0.8213	-0.3755	-0.4095	0.0268	-0.0394	0.0115	-5.6383	-7.0919	-3.7532	0.02571356623895049	6	0	14	Tilt	Normal
-5.7838	-7.2012	-3.8313	30.9319	-116.5068	-37.1495	10.1958	30.9138	3.3464	-0.1475	-0.1082	-0.0771	-0.1281	0.8216	-0.3765	-0.4085	-0.0052	0.0234	-0.0152	-5.6363	-7.0930	-3.7543	-0.05585550100849268	6	0	14	Tilt	Normal
-5.7072	-7.2395	-3.9079	31.1448	-116.7779	-37.0526	9.7255	30.8853	3.0247	-0.0968	-0.1404	-0.1264	-0.1272	0.8226	-0.3772	-0.4061	0.0002	0.0277	-0.0226	-5.6104	-7.0991	-3.7815	0.013276510450875634	6	0	14	Tilt	Normal
-5.7838	-7.2395	-3.9462	31.3060	-117.0611	-36.9519	9.1412	30.1868	2.6322	-0.1984	-0.1369	-0.1344	-0.1267	0.8236	-0.3776	-0.4038	-0.0307	0.0298	-0.0109	-5.5854	-7.1025	-3.8119	0.05880351854296251	6	0	14	Tilt	Normal
-5.6689	-7.2395	-4.0612	31.4611	-117.3110	-36.8310	9.8129	30.5837	2.9276	-0.1022	-0.1363	-0.2231	-0.1259	0.8245	-0.3779	-0.4019	0.0055	0.0106	-0.0130	-5.5667	-7.1031	-3.8381	-0.019632070245563682	6	0	14	Tilt	Normal
-5.7072	-7.3161	-3.9079	31.6709	-117.3825	-36.7030	9.7937	30.2484	3.1586	-0.1410	-0.2129	-0.0693	-0.1242	0.8248	-0.3787	-0.4011	-0.0009	0.0127	-0.0131	-5.5662	-7.1031	-3.8387	0.01635189382218094	6	0	14	Tilt	Normal
-5.6689	-7.2395	-3.9079	31.7956	-117.4198	-36.6275	9.8142	29.6857	3.4200	-0.1024	-0.1363	-0.0696	-0.1232	0.8249	-0.3792	-0.4007	-0.0147	0.0159	-0.0163	-5.5665	-7.1031	-3.8384	-0.07730465236267037	6	0	14	Tilt	Normal
-5.7838	-7.3161	-3.9462	31.9238	-117.7293	-36.4121	9.6229	30.1316	3.1104	-0.2303	-0.2216	-0.0733	-0.1220	0.8262	-0.3789	-0.3987	-0.0510	0.0415	0.0028	-5.5535	-7.0945	-3.8729	0.13578576437395817	6	0	14	Tilt	Normal
-5.6695	-7.2401	-4.0606	32.0551	-118.1235	-36.1699	9.7610	30.0554	3.0508	-0.1354	-0.1550	-0.1428	-0.1210	0.8277	-0.3785	-0.3962	-0.0105	0.0447	-0.0057	-5.5340	-7.0850	-3.9178	-0.07430518817198895	6	0	14	Tilt	Normal
-5.5923	-7.2395	-4.0612	32.2020	-118.3783	-36.0723	9.7272	30.4831	3.6290	-0.0808	-0.1514	-0.1172	-0.1204	0.8286	-0.3789	-0.3942	-0.0116	0.0138	-0.0014	-5.5115	-7.0880	-3.9440	-0.0435276552281163	6	0	14	Tilt	Normal
-5.6306	-7.2778	-4.0612	32.3389	-118.5760	-35.9324	9.6200	30.6792	3.3674	-0.1297	-0.1921	-0.0979	-0.1194	0.8293	-0.3791	-0.3927	-0.0084	0.0298	-0.0035	-5.5008	-7.0856	-3.9633	0.04912826347236532	7	0	15	Tilt	Normal
-5.5923	-7.2395	-4.0612	32.4541	-118.7796	-35.8055	9.6154	30.2764	3.3985	-0.1035	-0.1561	-0.0771	-0.1186	0.8301	-0.3792	-0.3913	-0.0094	0.0202	-0.0035	-5.4887	-7.0834	-3.9841	-0.04912826347236532	7	0	15	Tilt	Normal
-5.5929	-7.2401	-4.1372	32.5675	-118.8292	-35.7224	9.3467	30.3149	3.6507	-0.1041	-0.1574	-0.1519	-0.1177	0.8303	-0.3796	-0.3908	-0.0094	0.0106	-0.0024	-5.4887	-7.0826	-3.9853	0.03184462027296142	7	0	15	Tilt	Normal
-5.5545	-7.2784	-4.1755	32.6793	-118.8821	-35.6446	9.8457	30.5368	3.7208	-0.0667	-0.1959	-0.1885	-0.1167	0.8304	-0.3800	-0.3903	-0.0073	-0.0000	0.0029	-5.4878	-7.0825	-3.9869	0.02220389321855265	7	0	15	Tilt	Normal
-5.5923	-7.2395	-4.2527	32.7625	-119.1019	-35.4721	10.3278	30.3257	3.3757	-0.1118	-0.1649	-0.2418	-0.1158	0.8313	-0.3797	-0.3890	-0.0318	0.0319	-0.0088	-5.4805	-7.0746	-4.0109	0.025172868925551484	7	0	15	Tilt	Normal
-5.5545	-7.2401	-4.2138	32.9029	-119.4433	-35.2852	9.2496	29.9973	3.4022	-0.0959	-0.1692	-0.1664	-0.1149	0.8326	-0.3796	-0.3867	-0.0041	0.0138	0.0040	-5.4586	-7.0708	-4.0474	-0.03684367499089802	7	0	15	Tilt	Normal
-5.5539	-7.2395	-4.1761	33.0750	-119.5111	-35.1641	9.6227	30.5178	3.4068	-0.0953	-0.1691	-0.1281	-0.1135	0.8328	-0.3803	-0.3860	-0.0041	0.0042	0.0008	-5.4586	-7.0704	-4.0480	-0.01651177108793611	7	0	15	Tilt	Normal
-5.5929	-7.2018	-4.1755	33.1794	-119.6154	-35.0689	9.3993	30.5498	4.1300	-0.1387	-0.1326	-0.1194	-0.1127	0.8331	-0.3805	-0.3852	0.0034	0.0191	-0.0034	-5.4541	-7.0692	-4.0561	-0.005717960845556647	7	0	15	Tilt	Normal
-5.5545	-7.2018	-4.2521	33.2930	-119.6940	-34.9832	9.9151	29.7074	3.5355	-0.1037	-0.1327	-0.1914	-0.1118	0.8334	-0.3809	-0.3846	0.0034	-0.0011	-0.0024	-5.4508	-7.0690	-4.0607	0.010837576906643775	7	0	15	Tilt	Normal
-5.5545	-7.2018	-4.2138	33.3739	-119.7386	-34.9115	9.4228	30.5993	4.1659	-0.1032	-0.1341	-0.1514	-0.1110	0.8335	-0.3811	-0.3842	-0.0020	0.0074	-0.0002	-5.4513	-7.0677	-4.0624	-0.016160859060651234	7	0	15	Tilt	Normal
-5.5162	-7.3167	-4.2138	33.4781	-119.7868	-34.8387	10.1792	30.4470	3.4388	-0.0658	-0.2488	-0.1502	-0.1102	0.8337	-0.3815	-0.3837	-0.0073	-0.0022	0.0084	-5.4504	-7.0678	-4.0636	0.061870439213493	8	0	16	Tilt	Normal
Total time: 16 seconds.
