10.3819	2.5289	2.7575	-12.2629	-83.4029	-48.2339	-13.0491	0.4454	-5.4103	0.8625	0.4459	1.6566	0.3431	-0.5711	0.2385	0.7066	0.6059	-1.2880	0.1740	9.5193	2.0830	1.1009	1.2464149861639235	9	0	1	Upright	Normal
6.6272	2.6815	1.1875	-8.5170	-87.6704	-57.8819	-14.4507	-1.1286	-3.6557	-3.0632	1.2291	0.7934	0.3811	-0.5785	0.3031	0.6544	2.0014	0.5911	1.1211	9.6904	1.4524	0.3941	-3.7884382513366353	9	0	1	Upright	Normal
7.6614	-0.8811	2.4517	-4.5840	-86.4851	-68.5229	-15.3579	-2.0736	-2.3342	-2.0954	-1.6649	1.8525	0.4095	-0.5494	0.3871	0.6170	2.0429	-1.0015	0.4904	9.7568	0.7838	0.5991	0.8451373466454166	9	0	1	Upright	Normal
11.3006	0.8428	-4.1755	-5.3840	-101.7802	-74.3280	-17.0196	-4.1357	1.9045	1.7430	-0.0774	-2.1822	0.4918	-0.5998	0.3516	0.5242	-0.0025	-3.2694	-0.1663	9.5577	0.9201	-1.9933	3.9845504699126852	9	0	1	Upright	Normal
11.4928	0.5752	-1.9160	-6.3160	-105.4192	-72.0458	-18.9638	-5.6103	6.5926	2.0966	-0.5037	0.6756	0.4942	-0.6228	0.3203	0.5150	-0.9815	1.2324	-0.1301	9.3962	1.0789	-2.5916	-0.4111766476513754	9	0	1	Upright	Normal
7.4316	1.9537	0.7661	-9.5113	-96.2498	-68.7406	-16.9841	-4.6810	3.7428	-2.1826	0.3331	1.8191	0.4646	-0.5812	0.3246	0.5839	-0.7162	2.0803	-0.7341	9.6142	1.6206	-1.0530	-3.94339539883208	9	0	1	Upright	Normal
6.8193	1.3797	3.1406	-11.1816	-87.9388	-67.5829	-15.4028	-4.8653	0.4462	-2.7949	-0.5221	2.7946	0.4426	-0.5352	0.3422	0.6329	0.0295	1.0428	0.0872	9.6142	1.9017	0.3460	-0.08874488411403902	0	0	1	Upright	Normal
7.0868	0.6129	1.6855	-11.1953	-81.4254	-66.0377	-14.0732	-4.6575	-0.5358	-2.4256	-1.2911	0.2512	0.4157	-0.5040	0.3577	0.6672	-0.4158	1.0790	-0.1131	9.5125	1.9040	1.4343	-0.3232471064972797	0	0	1	Upright	Normal
12.1051	2.3750	-3.4477	-10.4411	-80.9869	-63.6342	-12.8907	-4.0603	-1.9112	2.5801	0.5978	-4.9584	0.3997	-0.5130	0.3491	0.6747	-1.0858	-0.2324	0.1086	9.5250	1.7772	1.5107	5.49839978499806	0	0	1	Upright	Normal
8.8496	7.0491	0.9571	-12.6097	-84.1541	-61.7987	-12.8132	-2.8910	-2.4008	-0.6707	4.9083	-0.0177	0.4120	-0.5297	0.3157	0.6708	0.1904	-0.9439	-0.1268	9.5202	2.1409	0.9747	-1.454267988625027	0	0	1	Upright	Normal
11.2246	2.7587	1.7232	-16.5945	-89.9821	-70.2557	-13.4439	-4.5762	-0.7433	1.8265	-0.0420	1.7204	0.4860	-0.5135	0.3192	0.6311	2.3103	-1.1911	-0.1279	9.3981	2.8008	0.0028	0.3320301580862228	0	0	2	Upright	Normal
7.7770	-0.4208	3.8301	-13.0987	-84.2102	-73.4198	-12.7069	-5.0903	0.4163	-1.7258	-2.6433	2.8666	0.4660	-0.4834	0.3793	0.6366	0.0317	-0.3463	-0.3090	9.5027	2.2226	0.9635	-3.0071829199135998	0	0	2	Upright	Normal
6.8576	2.8353	-0.7667	-12.7086	-98.1151	-85.6619	-14.0813	-4.9719	2.8343	-2.6130	0.6780	0.5837	0.5636	-0.5012	0.3815	0.5345	3.3020	-2.0465	0.1746	9.4706	2.1573	-1.3505	-1.2190743671292834	0	0	2	Upright	Normal
8.8113	1.7244	-0.8817	-11.0462	-97.7491	-101.2987	-14.5767	-5.8466	7.0670	-0.7257	-0.1546	0.4161	0.6199	-0.4265	0.4603	0.4712	2.0812	1.4465	-0.4924	9.5370	1.8790	-1.2978	1.5615155725926906	0	0	2	Upright	Normal
10.4585	1.6861	-3.6398	-13.3687	-97.5156	-108.4450	-13.4874	-5.1711	8.1237	0.9996	-0.5813	-2.3918	0.6508	-0.3744	0.4800	0.4538	0.3598	0.1682	-0.3464	9.4589	2.2675	-1.2480	2.1797585552166385	0	0	2	Upright	Normal
9.9988	1.6861	-1.2264	-11.1074	-97.0161	-115.6610	-12.3758	-8.3593	9.0827	0.4480	-0.2031	-0.0509	0.6652	-0.3427	0.5196	0.4124	1.1459	0.9416	-0.9963	9.5508	1.8892	-1.1756	-0.9875341582917034	0	0	2	Upright	Normal
5.0188	8.1217	2.7192	-15.3460	-95.1492	-125.5342	-11.2215	-10.2429	13.2066	-4.3999	5.5264	3.5681	0.6917	-0.2547	0.5494	0.3936	2.9143	0.3748	-0.1249	9.4188	2.5953	-0.8489	-0.2869090349671577	0	0	2	Upright	Normal
7.3167	2.9113	3.4093	-16.3809	-89.2172	-132.8609	-10.9857	-8.9117	16.0232	-2.0909	0.1457	3.2810	0.6777	-0.1850	0.6059	0.3735	-0.0706	2.4340	-0.3645	9.4076	2.7656	0.1284	-1.3459812222756362	0	0	2	Upright	Normal
8.6957	1.5706	2.7198	-16.6368	-80.9991	-136.8206	-11.6127	-8.2759	15.7459	-0.5846	-1.2371	1.2499	0.6380	-0.1342	0.6650	0.3642	2.0685	-0.0917	0.4696	9.2804	2.8077	1.4699	0.6645283117059222	0	0	2	Upright	Normal
8.9256	1.8387	-2.2984	-14.9048	-82.5948	-142.8712	-12.8093	-7.7701	17.9055	-0.4720	-0.6837	-3.5198	0.6514	-0.1160	0.6789	0.3183	-0.1121	0.0467	0.3463	9.3975	2.5224	1.2213	0.15289224127614887	0	0	2	Upright	Normal
10.2663	4.2138	0.2298	-14.8982	-84.3516	-143.6432	-13.2928	-7.1792	18.0534	0.8354	1.6926	-0.7028	0.6625	-0.1164	0.6710	0.3120	-0.0972	0.1650	0.0533	9.4309	2.5212	0.9327	1.7014192289092396	0	0	3	Upright	Normal
7.6237	3.4482	0.9954	-14.7001	-88.0718	-146.2153	-13.4611	-6.5729	19.0665	-1.8564	0.9598	0.6764	0.6864	-0.1123	0.6564	0.2923	1.2120	-1.1421	0.5146	9.4801	2.4885	0.3190	-2.6735613820668824	0	0	3	Upright	Normal
9.7689	3.7164	1.6466	-14.1261	-93.3769	-152.8739	-12.7299	-5.7163	21.1301	0.2755	1.3231	2.2069	0.7218	-0.0874	0.6408	0.2466	0.4354	-1.1613	0.0310	9.4935	2.3933	-0.5602	2.1545959701928155	0	0	3	Upright	Normal
6.1298	3.9846	-1.1881	-10.3714	-102.0981	-165.3301	-10.8941	-2.9523	25.3976	-3.3024	2.2191	0.8338	0.7754	-0.0425	0.6120	0.1496	2.9409	1.0332	0.4603	9.4321	1.7654	-2.0219	-3.173886502370051	0	0	3	Upright	Normal
8.6580	-2.5660	2.7958	-5.3407	-90.5806	-174.4786	-13.5677	1.2585	25.0768	-1.1055	-3.4786	2.8949	0.7107	-0.0015	0.7003	0.0669	0.8700	0.5964	0.0724	9.7636	0.9126	-0.0991	2.0461773558440797	0	0	3	Upright	Normal
12.7186	0.9583	-1.0732	-6.7052	-95.3792	-177.3084	-12.6561	1.8766	25.7688	3.0219	-0.1867	-0.1601	0.7390	0.0220	0.6708	0.0590	0.5035	-2.3384	-0.0245	9.6967	1.1450	-0.9131	3.346584303962077	0	0	3	Upright	Normal
8.4665	2.2990	-6.4745	-5.5654	-108.3942	-176.5995	-8.5608	2.8082	28.4970	-0.7952	1.3481	-3.3945	0.8106	0.0044	0.5829	0.0567	-1.0358	-0.1525	-0.3111	9.2617	0.9509	-3.0800	-1.8962282943676438	0	0	3	Upright	Normal
8.1983	3.0652	2.0680	-12.4649	-90.0873	-166.6334	-10.3613	-0.9343	26.3764	-1.3771	0.9486	2.0827	0.7076	-0.0057	0.6887	0.1580	0.0604	3.0359	-0.7851	9.5755	2.1166	-0.0147	-1.9099293391793246	0	0	3	Upright	Normal
5.6701	0.2687	3.6769	-13.0808	-82.3325	-167.4097	-13.5844	-2.1957	24.7442	-3.7966	-1.9507	2.4024	0.6594	0.0135	0.7352	0.1565	-1.1785	0.1650	-0.5444	9.4667	2.2194	1.2745	-2.2302940404309988	0	0	3	Upright	Normal
8.9262	1.8393	2.4894	-13.7703	-78.8101	-160.2656	-13.2089	-3.3528	24.5469	-0.4175	-0.4949	0.6410	0.6368	-0.0167	0.7427	0.2064	-0.9366	0.4228	-0.0757	9.3437	2.3342	1.8483	2.684331298776475	0	0	3	Upright	Normal
9.8456	4.0229	-4.1761	-14.2942	-84.2871	-160.7632	-12.7321	-4.3957	24.7768	0.3898	1.6016	-5.1219	0.6718	-0.0203	0.7114	0.2052	-0.4508	-0.6776	-0.2472	9.4557	2.4213	0.9459	1.9786563139470719	0	1	4	PT	Normal
11.3778	-0.6506	1.6849	-12.0727	-81.0425	-150.9277	-12.5644	-5.8318	24.2702	1.9052	-2.7017	0.1918	0.6455	-0.0848	0.7146	0.2559	-1.4149	0.9810	0.2791	9.4727	2.0511	1.4931	0.09400660055037768	0	1	4	Upright	Normal
7.1641	-2.7192	4.7495	-5.1810	-77.4046	-142.2068	-14.2049	-7.0397	22.0836	-2.3674	-3.6048	2.6199	0.6024	-0.1689	0.7284	0.2792	-2.8178	0.0297	0.9246	9.5315	0.8856	2.1296	-2.50493742843954	0	0	4	Upright	Normal
9.7300	0.5746	2.8347	2.6215	-76.9007	-122.9915	-16.5988	-8.2194	18.4400	0.1887	1.0232	0.6146	0.5378	-0.3124	0.6948	0.3611	-2.9638	-0.8513	0.7339	9.5413	-0.4486	2.2202	1.1354647596729937	0	0	4	Upright	Normal
6.7427	1.5712	3.4471	10.3140	-70.6710	-113.8660	-19.2082	-8.6818	12.8005	-2.3616	3.3270	0.2536	0.4427	-0.3757	0.7092	0.3997	-1.3127	0.2641	0.6100	9.1043	-1.7558	3.1934	-2.416765238583687	0	0	4	Upright	Normal
9.9605	1.8393	-0.8434	15.0798	-75.3624	-111.2389	-21.2448	-6.9237	9.9226	0.7989	4.3908	-3.2362	0.4415	-0.4279	0.6928	0.3768	-0.5937	0.8766	1.6071	9.1616	-2.5515	2.3929	2.4299242921103277	0	0	4	Upright	Normal
0.8817	-9.3847	4.7112	28.9103	-61.1214	-107.2719	-22.8542	-2.2589	5.7147	-6.6352	-4.6437	0.5653	0.2690	-0.4650	0.7467	0.3922	-1.1508	1.8854	1.4622	7.5169	-4.7410	4.1459	0.37385661515963875	0	0	4	Tilt	Normal
4.2138	-0.1532	8.3893	30.1279	-44.8711	-103.5759	-19.8398	2.9202	-3.2612	-1.7702	4.7691	2.3783	0.1410	-0.4167	0.7627	0.4742	-0.4722	3.7176	-0.0153	5.9840	-4.9223	6.0109	-1.1484552900963418	0	0	4	Tilt	Normal
6.8576	1.7627	4.3664	26.1613	-28.8059	-114.2251	-14.7207	4.6355	-8.1187	2.6164	6.0865	-3.3463	0.0844	-0.3156	0.8228	0.4650	1.8618	0.2832	0.7208	4.2412	-4.3238	7.7128	-1.070744531326362	0	0	4	Tilt	Normal
0.3837	-13.2920	8.3121	34.4943	-28.3503	-112.3817	-10.3935	4.0141	-8.0796	-3.4544	-7.7382	1.1990	0.0344	-0.3690	0.8098	0.4549	-5.1615	1.1706	0.0364	3.8381	-5.5538	7.1130	7.363085106309223	0	1	5	Jump	Normal
2.6821	-14.3263	6.5882	60.6375	-49.9116	-86.3034	-9.1169	10.6054	-7.5845	-0.9966	-5.7793	3.4918	-0.0848	-0.5787	0.6907	0.4253	-7.9398	-0.2707	-0.3216	3.6787	-8.5470	3.0965	0.31333436978648344	0	1	5	Tilt	Normal
-9.9976	-2.7958	-3.4482	73.5506	-124.5675	-38.5278	-7.0336	28.3836	2.0895	-7.0041	6.4090	-1.8726	0.0289	0.7612	-0.6232	-0.1768	-0.0749	-8.6160	4.7629	-2.9935	-9.2048	-1.5757	-5.056171098284617	0	0	5	Tilt	Normal
-12.5265	-7.5465	0.1149	59.5699	-149.0798	-8.2759	-0.3519	34.9588	11.8755	-8.5840	0.3573	4.3760	0.0717	0.8439	-0.4942	-0.1962	-2.0499	6.1241	2.7187	-3.9425	-7.9039	-4.2611	3.685645797804474	0	0	5	Tilt	Normal
-8.0056	-4.7495	-3.7930	49.4932	-144.5169	-14.6195	3.2748	37.0287	12.4333	-4.0299	2.5622	1.3939	0.0165	0.8742	-0.4307	-0.2238	-1.0848	-0.4156	0.2153	-3.9757	-7.3117	-5.1869	-4.572923764130712	0	0	5	Tilt	Normal
-4.9033	-2.6432	-8.7724	36.4193	-143.5686	-27.8761	2.5453	36.3130	14.9420	-1.9454	4.2205	-2.4232	-0.1225	0.8993	-0.3596	-0.2167	0.1413	1.7363	-1.0132	-2.9579	-6.8637	-6.3491	0.3399496420023862	0	0	5	Tilt	Normal
-3.0646	-6.1675	-9.0022	31.3103	-137.1283	-43.2980	-1.5337	34.6068	15.0127	-0.7700	1.1265	-2.8617	-0.2390	0.8695	-0.3633	-0.2344	1.3472	0.2087	-0.7873	-2.2945	-7.2939	-6.1405	0.9429078457311224	0	0	5	Tilt	Normal
-2.1069	-6.0525	-5.6695	30.2641	-127.1947	-59.1707	-4.5372	33.2567	11.2847	-0.6690	2.1868	-0.5490	-0.3259	0.8092	-0.4153	-0.2579	1.7041	-0.4230	-1.3690	-1.4379	-8.2393	-5.1204	-2.777858887983637	0	0	5	Tilt	Normal
0.7284	-11.1851	-2.4523	26.9484	-115.4327	-72.2337	-7.1965	32.3527	8.1366	1.6134	-2.1687	1.3020	-0.3841	0.7375	-0.4653	-0.3035	2.0545	-1.1005	-1.3753	-0.8850	-9.0164	-3.7543	2.9173410528189496	0	0	5	Tilt	Normal
2.5672	-8.0439	0.9954	23.5788	-100.2189	-82.1791	-9.0007	31.0978	5.3745	3.1910	1.6122	2.5899	-0.3949	0.6522	-0.5308	-0.3701	1.5049	0.5474	0.2502	-0.6238	-9.6561	-1.5945	-2.971820862573189	0	0	5	Tilt	Normal
-3.1795	-10.9942	-1.1875	16.1771	-100.7765	-77.4723	-8.2464	31.8631	3.0404	-1.5884	-1.4790	0.5736	-0.4073	0.6511	-0.4795	-0.4246	-0.8536	-1.1059	0.8926	-1.5911	-9.5152	-1.7611	3.004066616683817	0	1	6	PT	Normal
-3.5620	-8.7334	-1.7627	12.1307	-101.9178	-74.3210	-5.6705	32.2086	5.4162	-1.3785	0.6198	0.2173	-0.4135	0.6557	-0.4438	-0.4496	-0.1792	0.4025	0.1874	-2.1835	-9.3532	-1.9800	-1.910996421376419	0	1	6	PT	Normal
-2.2595	-10.1125	-2.2607	11.4150	-104.5316	-74.4475	-5.6529	32.7686	6.2361	-0.1833	-0.8365	0.1513	-0.4276	0.6634	-0.4310	-0.4373	-0.4903	0.3429	-0.0672	-2.0762	-9.2760	-2.4120	1.0104332616812215	0	1	6	PT	Normal
-2.2601	-9.0022	-3.1412	9.4845	-105.8601	-74.2800	-5.4234	32.2108	6.9186	-0.1293	0.1980	-0.4977	-0.4404	0.6640	-0.4153	-0.4390	-0.0440	-0.0545	0.0724	-2.1308	-9.2002	-2.6435	-0.8068866173606821	0	1	6	PT	Normal
-2.5666	-9.5768	-2.2601	7.1985	-104.4057	-75.2474	-5.7419	32.8486	7.1840	-0.4434	-0.3136	0.1604	-0.4510	0.6481	-0.4127	-0.4542	0.1904	-0.0768	-0.1279	-2.1232	-9.2632	-2.4205	0.37038585851761496	0	1	6	Lying	Normal
-2.3361	-9.3847	-2.4906	6.6269	-104.8817	-75.4752	-5.4460	33.0107	6.5503	-0.2405	-0.1369	0.0112	-0.4565	0.6474	-0.4087	-0.4532	-0.0962	0.1522	0.0412	-2.0957	-9.2478	-2.5018	-0.18245663384420752	0	1	6	Upright	Normal
-2.4134	-9.5002	-2.7198	6.3242	-105.3035	-75.3305	-5.1874	32.5763	6.6777	-0.2937	-0.2773	-0.1472	-0.4585	0.6488	-0.4048	-0.4527	-0.0557	0.0467	0.0135	-2.1196	-9.2229	-2.5726	0.18565327233821982	0	1	6	Upright	Normal
-2.4511	-9.3464	-2.5672	5.9034	-105.2015	-75.3250	-5.3795	32.4288	6.5831	-0.3095	-0.1245	-0.0093	-0.4600	0.6472	-0.4030	-0.4552	0.0231	0.0063	-0.0227	-2.1416	-9.2219	-2.5579	-0.1746165300752338	0	1	6	Upright	Normal
-2.4134	-9.4236	-2.4900	5.7483	-105.1854	-75.3386	-5.5366	32.7351	6.8663	-0.2667	-0.2023	0.0660	-0.4607	0.6466	-0.4023	-0.4559	0.0104	-0.0129	0.0007	-2.1467	-9.2213	-2.5560	0.043676491748088964	0	1	6	Upright	Normal
-2.4134	-9.4236	-2.4900	5.5834	-105.1091	-75.2994	-5.1866	32.5210	7.1151	-0.2512	-0.2026	0.0542	-0.4609	0.6459	-0.4016	-0.4572	0.0093	-0.0044	-0.0121	-2.1621	-9.2210	-2.5441	0.0	0	1	6	Upright	Normal
-2.4900	-9.4236	-2.5283	5.5059	-105.0451	-75.2453	-5.2377	32.2687	6.8043	-0.3141	-0.2031	0.0057	-0.4608	0.6457	-0.4012	-0.4581	-0.0195	0.0425	-0.0247	-2.1759	-9.2205	-2.5340	0.02823347394275011	1	1	7	Upright	Normal
-2.4517	-9.3087	-2.5283	5.4577	-105.1078	-75.2459	-5.3229	32.9145	6.4595	-0.2755	-0.0911	0.0162	-0.4612	0.6458	-0.4007	-0.4580	-0.0109	0.0137	-0.0194	-2.1762	-9.2175	-2.5444	-0.116950994055248	1	1	7	Upright	Normal
-2.3750	-9.3470	-2.4517	5.4577	-105.2377	-75.1926	-6.0594	32.7983	6.2593	-0.1938	-0.1366	0.1142	-0.4613	0.6465	-0.4000	-0.4574	-0.0525	0.0180	-0.0162	-2.1813	-9.2103	-2.5658	-0.001866676721547833	1	1	7	Upright	Normal
-2.3744	-9.3081	-2.6821	5.5089	-105.5338	-75.1756	-5.7683	32.6484	6.5652	-0.2007	-0.1095	-0.0679	-0.4621	0.6479	-0.3990	-0.4556	-0.0344	0.0148	-0.0258	-2.1738	-9.1985	-2.6142	0.022800622104863777	1	1	7	Upright	Normal
-2.3744	-9.3464	-2.6438	5.5699	-105.5918	-75.1662	-5.2047	32.3711	6.3282	-0.2034	-0.1498	-0.0204	-0.4619	0.6484	-0.3990	-0.4550	-0.0141	-0.0001	-0.0119	-2.1711	-9.1966	-2.6234	0.025559620478061262	1	1	7	Upright	Normal
-2.3744	-9.3847	-2.6821	5.6359	-105.6670	-75.0804	-5.8485	32.4103	6.5103	-0.1947	-0.1936	-0.0465	-0.4614	0.6492	-0.3987	-0.4546	-0.0076	-0.0108	-0.0011	-2.1798	-9.1910	-2.6356	0.04596709253615394	1	1	7	Upright	Normal
-2.4511	-9.4230	-2.6438	5.7012	-105.8483	-74.9835	-5.8569	33.0863	6.4775	-0.2637	-0.2423	0.0211	-0.4612	0.6505	-0.3980	-0.4536	-0.0588	0.0233	-0.0182	-2.1874	-9.1807	-2.6649	0.044028472065251734	1	1	7	Upright	Normal
-2.3744	-9.3464	-2.7587	5.7894	-106.1371	-74.9258	-5.3556	32.6121	7.0567	-0.1899	-0.1787	-0.0470	-0.4615	0.6521	-0.3970	-0.4518	-0.0439	0.0329	-0.0161	-2.1846	-9.1677	-2.7117	-0.059003573403344944	1	1	7	Upright	Normal
-2.3744	-9.3847	-2.8353	5.8386	-106.3894	-74.9140	-5.5358	32.6099	6.8529	-0.1975	-0.2274	-0.0826	-0.4621	0.6533	-0.3962	-0.4501	-0.0172	0.0052	-0.0097	-2.1769	-9.1572	-2.7527	0.056960866596000415	1	1	7	Upright	Normal
-2.3744	-9.3464	-2.7970	5.8755	-106.4082	-74.8775	-5.8112	32.4945	7.2399	-0.1939	-0.1908	-0.0413	-0.4618	0.6536	-0.3962	-0.4500	-0.0034	-0.0001	-0.0139	-2.1805	-9.1556	-2.7557	-0.04635924762733268	2	1	8	Upright	Normal
-2.2978	-9.3847	-2.8353	5.9150	-106.4279	-74.8581	-5.8545	32.9756	6.9504	-0.1166	-0.2301	-0.0766	-0.4616	0.6539	-0.3963	-0.4498	-0.0184	0.0020	-0.0145	-2.1813	-9.1545	-2.7587	0.028603622425720232	2	1	8	Upright	Normal
-2.3367	-9.3470	-2.8730	5.9595	-106.4748	-74.8211	-5.9225	32.7665	7.5275	-0.1531	-0.1953	-0.1068	-0.4613	0.6544	-0.3962	-0.4494	-0.0035	-0.0044	-0.0049	-2.1837	-9.1517	-2.7662	-0.015439642759377037	2	1	8	Upright	Normal
-2.3750	-9.3087	-2.9119	5.9500	-106.5731	-74.7626	-5.8501	32.7213	7.7249	-0.1844	-0.1636	-0.1297	-0.4614	0.6550	-0.3955	-0.4491	-0.0280	0.0137	-0.0102	-2.1907	-9.1451	-2.7822	-0.01538050267697777	2	1	8	Upright	Normal
-2.3750	-9.3470	-2.7964	5.9526	-106.7144	-74.7380	-5.7454	32.5537	7.2865	-0.1848	-0.2087	0.0088	-0.4617	0.6556	-0.3949	-0.4484	-0.0195	0.0127	-0.0092	-2.1902	-9.1382	-2.8053	0.002749751860720906	2	1	8	Upright	Normal
-2.3744	-9.2314	-2.9503	5.9730	-106.7406	-74.7182	-5.4555	32.4349	7.1959	-0.1827	-0.0949	-0.1408	-0.4616	0.6559	-0.3948	-0.4482	-0.0056	0.0020	-0.0102	-2.1917	-9.1366	-2.8094	-0.06324441986904183	2	1	8	Upright	Normal
-2.2984	-9.3087	-2.8347	6.0104	-106.8419	-74.6611	-5.5289	32.7145	7.3707	-0.1024	-0.1782	-0.0090	-0.4615	0.6566	-0.3944	-0.4477	-0.0366	0.0095	0.0041	-2.1961	-9.1304	-2.8258	0.020487708067326693	2	1	8	Upright	Normal
-2.4134	-9.3087	-2.8347	6.0480	-106.9478	-74.6225	-5.3806	33.1791	7.5845	-0.2161	-0.1838	0.0081	-0.4614	0.6573	-0.3940	-0.4470	-0.0430	0.0191	-0.0343	-2.1973	-9.1249	-2.8428	0.02706029034010804	2	1	8	Upright	Normal
-2.1829	-9.1165	-3.0269	6.1186	-107.2522	-74.6842	-5.3702	32.9384	7.3772	-0.0081	-0.0018	-0.1350	-0.4625	0.6584	-0.3934	-0.4448	-0.0206	0.0084	-0.0045	-2.1748	-9.1147	-2.8919	-0.17478903620441244	2	1	8	Upright	Normal
-2.2595	-9.2314	-3.1035	6.1935	-107.2977	-74.6411	-5.5249	32.7161	7.3188	-0.0829	-0.1193	-0.2046	-0.4621	0.6590	-0.3934	-0.4443	0.0018	-0.0150	0.0009	-2.1766	-9.1122	-2.8989	0.14701531480810104	2	1	8	Upright	Normal
-2.3367	-9.2320	-3.0263	6.2370	-107.3702	-74.5453	-5.2679	32.5881	7.4949	-0.1492	-0.1261	-0.1158	-0.4616	0.6598	-0.3930	-0.4440	-0.0121	-0.0097	-0.0204	-2.1876	-9.1059	-2.9105	-0.005367663568815573	3	1	9	Upright	Normal
-2.3750	-9.1937	-2.8347	6.3799	-107.8916	-74.5225	-6.0008	32.9094	6.9642	-0.2071	-0.1104	0.1595	-0.4627	0.6623	-0.3916	-0.4405	-0.1845	0.0617	-0.0440	-2.1679	-9.0833	-2.9942	-0.08281680417273485	3	1	9	Upright	Normal
-2.3744	-9.1165	-3.0652	6.5177	-108.4467	-74.3794	-5.4483	33.2389	7.7313	-0.2086	-0.0624	0.0178	-0.4631	0.6654	-0.3896	-0.4371	-0.0215	0.0222	-0.0152	-2.1659	-9.0541	-3.0830	-0.0028496386377625527	3	1	9	Upright	Normal
-2.2978	-9.1931	-2.9119	6.8388	-109.2450	-74.3287	-5.7497	32.9789	8.1782	-0.1674	-0.1746	0.2975	-0.4642	0.6695	-0.3879	-0.4312	-0.3113	0.1735	-0.0312	-2.1304	-9.0185	-3.2094	0.006475142813247459	3	1	9	Tilt	Normal
-2.2212	-9.1931	-3.2567	7.2040	-110.1600	-74.2577	-5.5344	32.5025	8.0964	-0.1314	-0.2176	0.0965	-0.4653	0.6741	-0.3859	-0.4244	-0.0119	0.0510	-0.0024	-2.0898	-8.9756	-3.3532	0.08941497644847907	3	1	9	Tilt	Normal
-2.3367	-9.1554	-3.4093	7.3107	-110.0966	-74.1504	-5.7018	32.3884	7.9205	-0.2339	-0.1788	-0.0670	-0.4640	0.6746	-0.3864	-0.4246	0.0264	-0.0118	-0.0035	-2.1029	-8.9766	-3.3423	0.04249528311420647	3	1	9	Tilt	Normal
-2.1452	-9.1554	-3.4093	7.4426	-109.9128	-74.1099	-5.7074	33.0550	7.8986	-0.0368	-0.1689	-0.0974	-0.4626	0.6745	-0.3877	-0.4253	0.0392	-0.0374	-0.0011	-2.1084	-8.9865	-3.3119	-0.0428125683854077	3	1	9	Tilt	Normal
-2.2218	-9.1554	-3.2944	7.6486	-109.8704	-74.0000	-5.2825	32.5444	8.6346	-0.1061	-0.1676	0.0093	-0.4609	0.6753	-0.3886	-0.4249	0.0126	-0.0001	-0.0075	-2.1157	-8.9878	-3.3037	-0.021805866242669225	3	1	9	Tilt	Normal
-2.2218	-9.0405	-3.3327	7.8045	-109.7479	-73.9507	-5.2791	32.2602	7.8044	-0.1024	-0.0459	-0.0498	-0.4595	0.6754	-0.3897	-0.4251	0.0254	-0.0065	-0.0075	-2.1195	-8.9946	-3.2829	-0.09245252399333559	3	1	9	Tilt	Normal
-2.2218	-9.1171	-3.2944	7.9360	-109.5600	-73.8830	-5.6567	31.9204	8.0706	-0.0920	-0.1137	-0.0426	-0.4579	0.6754	-0.3910	-0.4259	0.0296	-0.0182	-0.0085	-2.1298	-9.0034	-3.2518	0.05733012636126311	4	1	10	Tilt	Normal
-2.2218	-9.2320	-3.4093	8.0658	-109.2971	-73.8423	-4.8608	32.4201	8.2852	-0.0827	-0.2153	-0.2005	-0.4562	0.6749	-0.3926	-0.4270	0.0627	-0.0331	-0.0043	-2.1391	-9.0167	-3.2088	0.1436812044529514	4	1	10	Tilt	Normal
-2.2595	-9.1548	-3.2184	8.1481	-109.1821	-73.8010	-5.3143	32.9244	8.3432	-0.1140	-0.1329	-0.0287	-0.4552	0.6748	-0.3933	-0.4274	0.0115	0.0031	-0.0057	-2.1455	-9.0220	-3.1897	-0.12545657082090145	4	1	10	Tilt	Normal
-2.2595	-9.1931	-3.2567	8.2273	-109.1766	-73.7601	-5.7200	32.3210	8.1896	-0.1116	-0.1712	-0.0685	-0.4546	0.6752	-0.3936	-0.4272	-0.0077	-0.0044	-0.0142	-2.1479	-9.0220	-3.1882	0.04759552004336953	4	1	10	Tilt	Normal
-2.1446	-9.1931	-3.3327	8.2757	-109.2277	-73.7392	-6.2051	32.4632	8.0817	0.0019	-0.1737	-0.1368	-0.4545	0.6756	-0.3936	-0.4268	-0.0066	-0.0150	0.0050	-2.1466	-9.0194	-3.1960	-2.615767630356203E-4	4	1	10	Tilt	Normal
-2.3367	-9.1937	-3.3327	8.3164	-109.3922	-73.6550	-5.5020	32.9899	7.4502	-0.1854	-0.1847	-0.1107	-0.4543	0.6766	-0.3929	-0.4259	-0.0215	0.0041	-0.0227	-2.1513	-9.0091	-3.2220	0.04345235086175414	4	1	10	Tilt	Normal
-2.2978	-9.1548	-3.2950	8.4788	-109.4635	-73.6352	-5.6185	32.4508	7.6799	-0.1549	-0.1474	-0.0630	-0.4538	0.6774	-0.3934	-0.4248	-0.0109	0.0041	-0.0142	-2.1430	-9.0074	-3.2320	-0.05704689729485324	4	1	10	Tilt	Normal
-2.3367	-9.1937	-3.3327	8.5540	-109.4682	-73.5896	-5.2914	32.1338	8.1816	-0.1909	-0.1870	-0.1006	-0.4532	0.6778	-0.3936	-0.4246	-0.0108	0.0052	-0.0108	-2.1458	-9.0067	-3.2322	0.05704689729485324	4	1	10	Tilt	Normal
-2.2212	-9.1548	-3.2950	8.6293	-109.4973	-73.6053	-5.4235	32.1083	8.6231	-0.0830	-0.1477	-0.0590	-0.4531	0.6780	-0.3940	-0.4240	-0.0108	0.0031	-0.0119	-2.1382	-9.0071	-3.2361	-0.07437426426100835	4	1	10	Tilt	Normal
-2.2218	-9.1554	-3.3327	8.6177	-109.5474	-73.6163	-5.6490	32.6384	8.8437	-0.0866	-0.1505	-0.0886	-0.4533	0.6781	-0.3937	-0.4237	-0.0204	0.0020	-0.0140	-2.1352	-9.0049	-3.2441	0.013193320581944334	4	1	10	Tilt	Normal
-2.2212	-9.1548	-3.3716	8.6284	-109.6691	-73.6221	-5.6384	32.8837	7.9894	-0.0923	-0.1553	-0.1082	-0.4537	0.6786	-0.3933	-0.4230	-0.0332	0.0009	-0.0151	-2.1289	-8.9995	-3.2634	0.012358069052053722	4	1	10	Tilt	Normal
-2.1452	-9.1554	-3.4860	8.6949	-109.9006	-73.6031	-5.7163	32.2105	7.6577	-0.0262	-0.1668	-0.1861	-0.4541	0.6797	-0.3927	-0.4213	-0.0162	-0.0012	-0.0119	-2.1190	-8.9886	-3.2998	0.023142676331037393	5	1	11	Tilt	Normal
-2.2218	-9.0788	-3.3327	8.7473	-110.0642	-73.5258	-5.8955	32.7565	8.0411	-0.1001	-0.1003	-0.0073	-0.4540	0.6807	-0.3921	-0.4204	-0.0460	0.0031	-0.0162	-2.1217	-8.9786	-3.3254	-0.10563119601417803	5	1	11	Tilt	Normal
-2.1829	-9.1165	-3.3716	8.8413	-110.1205	-73.4914	-5.3427	31.9508	8.3161	-0.0633	-0.1405	-0.0382	-0.4536	0.6813	-0.3922	-0.4197	0.0083	-0.0108	-0.0140	-2.1196	-8.9760	-3.3335	0.03899436651370003	5	1	11	Tilt	Normal
-2.1835	-9.1171	-3.4093	8.9344	-110.1269	-73.4524	-6.1209	32.1388	7.8416	-0.0633	-0.1414	-0.0757	-0.4530	0.6817	-0.3926	-0.4194	-0.0055	-0.0023	-0.0087	-2.1202	-8.9757	-3.3336	0.013502017474102956	5	1	11	Tilt	Normal
-2.2212	-9.1165	-3.5249	9.0079	-110.1312	-73.4129	-6.0755	32.3318	8.0734	-0.0991	-0.1413	-0.1912	-0.4524	0.6821	-0.3928	-0.4192	-0.0034	0.0031	-0.0108	-2.1222	-8.9753	-3.3336	0.047837918160864135	5	1	11	Tilt	Normal
-2.1835	-9.1554	-3.3327	9.0992	-110.1470	-73.3723	-5.7176	32.1232	8.1518	-0.0608	-0.1809	0.0025	-0.4519	0.6825	-0.3931	-0.4188	-0.0055	0.0041	-0.0098	-2.1228	-8.9745	-3.3353	-0.03864929363850145	5	1	11	Tilt	Normal
-2.1835	-9.1171	-3.4482	9.1665	-110.1618	-73.3371	-5.6821	32.8541	8.3585	-0.0596	-0.1435	-0.1113	-0.4514	0.6829	-0.3933	-0.4185	-0.0141	0.0031	-0.0079	-2.1240	-8.9736	-3.3369	0.004172859767370696	5	1	11	Tilt	Normal
-2.2978	-9.1548	-3.4482	9.1743	-110.1719	-73.3221	-5.6983	32.2214	8.8484	-0.1724	-0.1821	-0.1097	-0.4513	0.6830	-0.3932	-0.4185	-0.0173	0.0084	-0.0068	-2.1255	-8.9727	-3.3386	0.05994031097839425	5	1	11	Tilt	Normal
-2.2212	-9.1165	-3.4482	9.2050	-110.1861	-73.3040	-5.5833	32.3831	8.4941	-0.0953	-0.1447	-0.1077	-0.4511	0.6832	-0.3933	-0.4183	-0.0141	-0.0055	-0.0026	-2.1259	-8.9718	-3.3405	-0.052178787574112206	5	1	11	Tilt	Normal
-2.2218	-9.1554	-3.4860	9.2185	-110.2540	-73.2825	-5.8357	32.9165	8.5241	-0.0961	-0.1875	-0.1348	-0.4512	0.6836	-0.3930	-0.4179	-0.0098	-0.0001	-0.0153	-2.1258	-8.9679	-3.3511	0.04867567084948554	6	1	12	Tilt	Normal
-2.1829	-9.1548	-3.5632	9.2546	-110.3213	-73.2785	-6.0235	32.4358	8.6930	-0.0615	-0.1897	-0.2017	-0.4512	0.6839	-0.3929	-0.4174	-0.0045	0.0084	-0.0089	-2.1214	-8.9651	-3.3615	0.01799565682308213	6	1	12	Tilt	Normal
-2.2978	-9.1165	-3.4866	9.2526	-110.3321	-73.2644	-5.5605	32.3207	8.6672	-0.1745	-0.1525	-0.1235	-0.4512	0.6840	-0.3928	-0.4174	-0.0087	0.0020	-0.0097	-2.1234	-8.9640	-3.3631	-0.036085485648104765	6	1	12	Tilt	Normal
-2.2212	-9.0399	-3.4482	9.2423	-110.3428	-73.2551	-5.7528	32.6562	8.7406	-0.0962	-0.0769	-0.0833	-0.4512	0.6841	-0.3927	-0.4174	-0.0055	0.0041	-0.0097	-2.1250	-8.9630	-3.3649	-0.10039146806707322	6	1	12	Tilt	Normal
-2.1835	-9.1548	-3.5243	9.2469	-110.3520	-73.2440	-5.8761	32.1044	8.6238	-0.0575	-0.1927	-0.1579	-0.4512	0.6842	-0.3927	-0.4174	-0.0023	-0.0001	-0.0087	-2.1261	-8.9621	-3.3664	0.12289966493704263	6	1	12	Tilt	Normal
-2.1835	-9.0788	-3.4477	9.2328	-110.3619	-73.2393	-5.6475	32.5580	8.7859	-0.0564	-0.1176	-0.0796	-0.4512	0.6842	-0.3925	-0.4174	0.0019	0.0020	-0.0055	-2.1271	-8.9612	-3.3680	-0.09597313815952013	6	1	12	Tilt	Normal
-2.2218	-9.1554	-3.4477	9.2088	-110.3710	-73.2365	-5.3910	32.2680	8.6615	-0.0932	-0.1951	-0.0780	-0.4513	0.6842	-0.3923	-0.4174	0.0083	-0.0023	-0.0087	-2.1286	-8.9603	-3.3697	0.07832801604097561	6	1	12	Tilt	Normal
-2.1452	-9.1171	-3.4860	9.2040	-110.3292	-73.2367	-5.6254	32.3429	8.6691	-0.0147	-0.1549	-0.1229	-0.4512	0.6840	-0.3925	-0.4177	0.0137	-0.0097	0.0020	-2.1305	-8.9622	-3.3631	-0.03839008399398125	6	1	12	Tilt	Normal
-2.2601	-9.1171	-3.4860	9.1900	-110.3335	-73.2337	-6.0713	32.6412	8.4756	-0.1285	-0.1553	-0.1220	-0.4513	0.6840	-0.3924	-0.4178	0.0169	-0.0001	-0.0135	-2.1316	-8.9618	-3.3640	0.025292173619611447	6	1	12	Tilt	Normal
-2.2595	-9.1548	-3.4482	9.2505	-110.2503	-73.2378	-5.5371	32.3121	7.7720	-0.1285	-0.1878	-0.0980	-0.4508	0.6838	-0.3931	-0.4180	0.0212	-0.0012	-0.0103	-2.1310	-8.9670	-3.3502	0.021139253096242427	6	1	12	Tilt	Normal
-2.2595	-9.1548	-3.4099	9.3397	-110.0474	-73.2585	-5.7565	32.0012	8.3197	-0.1282	-0.1757	-0.0928	-0.4498	0.6832	-0.3944	-0.4187	0.0243	-0.0012	-0.0081	-2.1313	-8.9792	-3.3172	-0.013089210334412016	7	1	13	Tilt	Normal
-2.1835	-9.1171	-3.4093	9.3864	-109.9419	-73.2896	-6.0223	32.7292	8.3176	-0.0552	-0.1308	-0.1094	-0.4494	0.6828	-0.3952	-0.4190	0.0243	-0.0065	-0.0103	-2.1283	-8.9863	-3.3000	-0.05152405685736383	7	1	13	Tilt	Normal
-2.1452	-9.1171	-3.3327	9.4400	-109.8162	-73.3318	-6.1182	33.1672	8.0859	-0.0212	-0.1224	-0.0533	-0.4490	0.6824	-0.3961	-0.4194	0.0233	-0.0044	-0.0092	-2.1240	-8.9947	-3.2795	-0.034253613695929275	7	1	13	Tilt	Normal
-2.2601	-9.1554	-3.2561	9.4841	-109.6584	-73.3398	-5.5219	32.6050	8.2959	-0.1332	-0.1520	-0.0021	-0.4483	0.6819	-0.3970	-0.4201	0.0221	-0.0108	-0.0073	-2.1269	-9.0034	-3.2540	0.035210147044130835	7	1	13	Tilt	Normal
-2.1452	-9.1554	-3.4093	9.5052	-109.6116	-73.3329	-6.6347	32.2224	8.0036	-0.0163	-0.1498	-0.1630	-0.4480	0.6818	-0.3973	-0.4203	0.0125	-0.0150	-0.0020	-2.1289	-9.0056	-3.2464	0.025775813074750076	7	1	13	Tilt	Normal
-2.2978	-9.1165	-3.3716	9.4959	-109.6500	-73.2922	-5.4830	32.4131	8.3461	-0.1637	-0.1143	-0.1191	-0.4479	0.6820	-0.3969	-0.4202	-0.0269	0.0063	-0.0095	-2.1341	-9.0022	-3.2525	-0.014428193161796443	7	1	13	Tilt	Normal
-2.1829	-9.1548	-3.4099	9.4934	-109.7300	-73.2907	-5.7929	32.4861	8.3090	-0.0518	-0.1565	-0.1445	-0.4482	0.6823	-0.3966	-0.4198	-0.0098	-0.0023	-0.0116	-2.1311	-8.9983	-3.2654	0.022237131044375857	7	1	13	Tilt	Normal
-2.2212	-9.0782	-3.3716	9.4879	-109.8081	-73.3070	-5.7093	32.0230	7.8036	-0.0956	-0.0832	-0.0938	-0.4486	0.6825	-0.3963	-0.4193	-0.0162	0.0052	-0.0105	-2.1256	-8.9950	-3.2778	-0.07458774416959635	7	1	13	Tilt	Normal
-2.1446	-9.1931	-3.2950	9.5044	-109.8654	-73.3290	-5.6673	32.3566	8.0405	-0.0257	-0.1998	-0.0082	-0.4489	0.6827	-0.3963	-0.4188	-0.0193	0.0063	-0.0083	-2.1189	-8.9934	-3.2868	0.06292181253696683	7	1	13	Tilt	Normal
-2.2212	-9.1165	-3.4099	9.5460	-109.9781	-73.3088	-5.3194	33.6057	8.2779	-0.1062	-0.1287	-0.1058	-0.4490	0.6833	-0.3960	-0.4180	-0.0268	0.0127	-0.0158	-2.1150	-8.9878	-3.3041	-0.014898574134489806	7	1	13	Tilt	Normal
-2.2218	-9.1937	-3.4477	9.6261	-110.1241	-73.2683	-6.4823	32.9106	8.2539	-0.1112	-0.2131	-0.1211	-0.4489	0.6842	-0.3957	-0.4169	-0.0172	0.0009	-0.0083	-2.1106	-8.9807	-3.3266	0.08355967133325137	8	1	14	Tilt	Normal
-2.2595	-9.1931	-3.4482	9.6526	-110.2173	-73.2337	-6.4631	32.2879	8.2137	-0.1489	-0.2179	-0.1071	-0.4489	0.6847	-0.3954	-0.4163	-0.0151	0.0031	-0.0051	-2.1106	-8.9753	-3.3411	0.00801115598525115	8	1	14	Tilt	Normal
-2.2595	-9.1548	-3.4099	9.6666	-110.2257	-73.2162	-5.8212	32.0810	8.4780	-0.1472	-0.1805	-0.0676	-0.4487	0.6849	-0.3953	-0.4163	-0.0151	-0.0076	0.0013	-2.1123	-8.9744	-3.3423	-0.048023548999550414	8	1	14	Tilt	Normal
-2.1829	-9.1548	-3.4866	9.6309	-110.3420	-73.1975	-5.9322	32.8181	8.9139	-0.0708	-0.1873	-0.1255	-0.4492	0.6853	-0.3946	-0.4158	-0.0183	0.0073	-0.0130	-2.1121	-8.9675	-3.3610	0.00940373476134404	8	1	14	Tilt	Normal
-2.1835	-9.0788	-3.4477	9.6384	-110.3765	-73.1825	-5.6322	32.6600	8.0195	-0.0709	-0.1136	-0.0813	-0.4492	0.6855	-0.3945	-0.4156	-0.0204	0.0031	-0.0088	-2.1126	-8.9652	-3.3664	-0.08268388318978026	8	1	14	Tilt	Normal
-2.2601	-9.1171	-3.4860	9.6273	-110.4552	-73.1650	-5.5638	32.6937	9.0238	-0.1475	-0.1565	-0.1070	-0.4494	0.6858	-0.3940	-0.4153	-0.0066	-0.0001	-0.0077	-2.1126	-8.9606	-3.3790	0.06523010566660581	8	1	14	Tilt	Normal
-2.1835	-9.0788	-3.5243	9.6639	-110.4697	-73.1398	-5.1643	32.4109	7.9272	-0.0697	-0.1193	-0.1434	-0.4491	0.6860	-0.3941	-0.4151	-0.0119	0.0052	-0.0088	-2.1138	-8.9596	-3.3809	-0.03843953929477095	8	1	14	Tilt	Normal
-2.1829	-9.1165	-3.4866	9.7096	-110.4776	-73.1112	-5.2906	32.3682	8.6947	-0.0675	-0.1576	-0.1049	-0.4488	0.6863	-0.3942	-0.4149	-0.0045	-0.0012	-0.0098	-2.1154	-8.9590	-3.3817	0.02096987686460494	8	1	14	Tilt	Normal
-2.2212	-9.0782	-3.5249	9.7543	-110.4887	-73.0870	-5.5477	32.2897	8.2628	-0.1050	-0.1200	-0.1419	-0.4485	0.6865	-0.3943	-0.4147	-0.0066	0.0009	-0.0083	-2.1162	-8.9582	-3.3830	-0.012987912462698148	8	1	14	Tilt	Normal
-2.1835	-9.0405	-3.5243	9.7842	-110.5038	-73.0655	-5.8124	33.2213	8.6013	-0.0663	-0.0833	-0.1392	-0.4483	0.6868	-0.3944	-0.4146	-0.0076	-0.0023	-0.0061	-2.1172	-8.9572	-3.3851	-0.04280899534616012	8	1	14	Tilt	Normal
-2.1452	-9.1171	-3.5626	9.8664	-110.5214	-73.0249	-5.7236	33.1801	7.7513	-0.0271	-0.1609	-0.1755	-0.4477	0.6872	-0.3946	-0.4143	0.0009	-0.0065	-0.0008	-2.1181	-8.9563	-3.3870	0.0749508765276996	9	1	15	Tilt	Normal
-2.1829	-9.0782	-3.6015	9.9532	-110.6046	-72.9633	-5.8247	32.5599	8.2242	-0.0637	-0.1269	-0.2023	-0.4473	0.6879	-0.3945	-0.4136	-0.0129	0.0073	-0.0146	-2.1192	-8.9513	-3.3992	-0.013277912441612472	9	1	15	Tilt	Normal
-2.1829	-9.0399	-3.5249	9.9949	-110.6256	-72.9313	-5.4643	32.3728	8.7271	-0.0621	-0.0901	-0.1227	-0.4470	0.6882	-0.3946	-0.4134	-0.0087	0.0031	-0.0115	-2.1208	-8.9498	-3.4022	-0.06213736491410771	9	1	15	Tilt	Normal
-2.1835	-9.0405	-3.4477	10.0216	-110.6407	-72.9111	-6.2989	32.5147	8.5380	-0.0617	-0.0917	-0.0434	-0.4468	0.6884	-0.3946	-0.4132	-0.0013	-0.0023	-0.0108	-2.1219	-8.9488	-3.4043	-0.02642023139059546	9	1	15	Tilt	Normal
-2.1446	-9.1165	-3.5632	10.0414	-110.6526	-72.9020	-5.9792	32.6498	8.2925	-0.0230	-0.1682	-0.1573	-0.4467	0.6886	-0.3946	-0.4131	0.0008	0.0073	-0.0130	-2.1216	-8.9483	-3.4059	0.1013746672729603	9	1	15	Tilt	Normal
-2.1446	-9.0399	-3.5249	10.0968	-110.6751	-72.8707	-5.8594	33.0797	8.0397	-0.0223	-0.0929	-0.1160	-0.4463	0.6889	-0.3947	-0.4128	0.0136	-0.0033	-0.0140	-2.1223	-8.9470	-3.4089	-0.08329064769927008	9	1	15	Tilt	Normal
-2.1829	-9.1165	-3.5249	10.1542	-110.6679	-72.8728	-6.6679	31.6792	7.7898	-0.0639	-0.1682	-0.1178	-0.4461	0.6890	-0.3951	-0.4126	0.0157	-0.0054	-0.0098	-2.1190	-8.9483	-3.4071	0.07801341004664053	9	1	15	Tilt	Normal
-2.1829	-9.1554	-3.5249	10.2000	-110.6124	-72.8980	-5.5848	32.1958	8.2684	-0.0679	-0.2026	-0.1270	-0.4458	0.6888	-0.3956	-0.4126	0.0221	-0.0097	-0.0119	-2.1150	-8.9528	-3.3978	0.03542325740601626	9	1	15	Tilt	Normal
-2.1446	-9.1548	-3.5249	10.2489	-110.5445	-72.9191	-5.7136	32.3966	8.5784	-0.0326	-0.1971	-0.1383	-0.4455	0.6886	-0.3962	-0.4127	0.0136	0.0020	-0.0098	-2.1120	-8.9578	-3.3866	-0.008795852093543388	9	1	15	Tilt	Normal
-2.1829	-9.0782	-3.5249	10.2537	-110.5264	-72.9027	-5.6923	31.6464	8.7346	-0.0678	-0.1200	-0.1411	-0.4453	0.6886	-0.3963	-0.4129	-0.0035	0.0031	-0.0077	-2.1151	-8.9582	-3.3838	-0.0614782540784784	10	1	16	Tilt	Normal
Total time: 16 seconds.
