-0.8805	-9.4613	-0.9200	27.8352	103.6661	91.8277	27.3904	26.4125	-5.9469	0.5049	0.0284	1.1290	-0.4447	-0.6377	0.5624	-0.2815	0.0086	0.0174	-0.0558	-1.3853	-9.4897	-2.0490	-0.1748626896168588	11	0	6	Upright	Normal
-0.7272	-9.3847	-0.4986	27.0807	101.9612	92.8170	28.3195	27.0704	-6.5949	0.6684	0.1520	1.3111	-0.4454	-0.6276	0.5687	-0.2903	0.1428	0.1932	0.2446	-1.3957	-9.5367	-1.8097	-0.12058748833828403	11	0	6	Upright	Normal
-0.4214	-9.2320	-0.7278	27.0452	100.7323	93.7436	28.8119	25.1926	-6.1612	1.0364	0.3283	0.8987	-0.4445	-0.6208	0.5757	-0.2926	-0.0766	-0.0635	0.0816	-1.4578	-9.5603	-1.6266	-0.15580185380918188	11	0	6	Upright	Normal
-0.8428	-9.4236	-0.8045	26.6470	101.3589	93.5626	29.2854	25.5591	-6.1491	0.6194	0.1187	0.9219	-0.4486	-0.6219	0.5714	-0.2923	-0.2844	0.1048	0.0859	-1.4621	-9.5422	-1.7264	0.22512872124866412	11	0	6	Upright	Normal
-0.8805	-10.9553	-0.2687	25.1935	102.2055	93.8078	28.7370	25.2719	-4.3449	0.6367	-1.4500	1.6074	-0.4611	-0.6189	0.5634	-0.2947	-0.2844	0.3594	0.1444	-1.5172	-9.5053	-1.8762	1.4985559578332506	11	0	6	Upright	Normal
0.3837	-10.0742	-0.6901	24.0423	103.4636	92.7611	30.3888	25.1746	-3.3211	1.7723	-0.5929	1.3951	-0.4669	-0.6231	0.5513	-0.2995	-0.3781	-0.1498	0.0187	-1.3886	-9.4813	-2.0852	-0.8888153986194176	11	0	6	Upright	Normal
-2.3744	-8.0056	-2.2990	25.4802	102.2009	92.3060	29.7435	25.6256	-3.9295	-1.0979	1.5360	-0.4280	-0.4515	-0.6257	0.5606	-0.3005	0.5253	-0.3522	-0.4649	-1.2766	-9.5416	-1.8711	-1.4441024682862462	11	0	6	Upright	Normal
-1.1869	-12.1428	-4.7890	26.3966	95.2139	94.3028	28.5755	25.8550	-6.0689	-0.0591	-2.4339	-3.9907	-0.4225	-0.6018	0.5959	-0.3228	1.2859	-0.2925	-0.3403	-1.1278	-9.7089	-0.7983	4.445907546436043	11	0	6	Upright	Normal
-0.3442	-6.1669	-0.0006	29.4548	91.0680	89.2320	27.1625	26.1107	-9.2392	-0.3856	3.6384	0.1586	-0.3580	-0.6164	0.6050	-0.3548	0.5732	-0.6025	-1.1168	0.0414	-9.8053	-0.1592	-6.930402639384493	11	0	6	Upright	Normal
-0.4591	-8.5036	0.6889	33.9436	88.8153	88.6495	24.3821	28.0177	-12.1623	-0.8033	1.2956	0.5207	-0.3185	-0.6245	0.6235	-0.3461	0.1577	-0.9296	0.1285	0.3442	-9.7992	0.1682	2.367304753506845	11	0	6	Upright	Normal
2.3373	-13.9049	1.4551	36.6335	88.7742	88.8515	23.2125	27.6265	-14.4711	2.0158	-4.1049	1.2867	-0.3044	-0.6315	0.6319	-0.3306	-0.2140	-0.3905	-0.0580	0.3216	-9.8001	0.1683	5.631052144614278	11	1	7	Jump	Normal
-3.7918	-14.1348	-3.7164	36.8203	93.4338	86.2144	23.0481	28.6203	-13.6665	-4.0868	-4.3438	-3.2461	-0.3139	-0.6522	0.6124	-0.3178	-0.8117	0.0558	-0.0217	0.2949	-9.7909	-0.4703	0.9242157927915606	11	1	7	PT	Normal
1.3414	-10.3040	-1.6095	34.1493	98.5753	85.4381	23.5111	30.3634	-12.6968	1.3883	-0.5724	-0.3992	-0.3509	-0.6623	0.5865	-0.3071	-0.2108	0.4137	0.1828	-0.0470	-9.7317	-1.2103	-4.584212081020604	11	1	7	Jump	Normal
-3.8684	-6.6266	-1.8010	33.1061	101.2938	86.9887	24.7572	30.4955	-10.7357	-3.3260	3.0321	-0.1923	-0.3791	-0.6620	0.5782	-0.2893	-0.6050	0.2710	0.4065	-0.5424	-9.6587	-1.6088	-2.633238220888696	11	1	7	PT	Normal
-1.2635	-8.1205	-2.7970	26.9040	104.6043	88.4272	26.1205	29.6907	-9.0618	-0.4055	1.3964	-0.5920	-0.4347	-0.6508	0.5466	-0.2979	-0.6018	1.1264	0.5354	-0.8580	-9.5170	-2.2051	0.7995171578053561	11	1	7	PT	Normal
0.1155	-11.5299	-0.2687	21.8226	106.6671	88.9374	28.4888	30.1266	-4.6953	0.9867	-2.1174	2.3424	-0.4711	-0.6413	0.5191	-0.3121	-0.3089	0.6949	0.3042	-0.8712	-9.4125	-2.6112	2.8524706131365516	11	1	7	PT	Normal
-0.4208	-9.4613	-3.7547	21.2607	103.6801	89.9734	29.3920	29.0903	-2.9751	0.4158	0.0676	-1.5932	-0.4657	-0.6271	0.5319	-0.3270	1.3476	-0.2244	0.0177	-0.8366	-9.5289	-2.1615	-1.3458197128180238	11	1	7	PT	Normal
2.9119	-10.9936	-4.6741	25.8391	94.2632	93.0436	28.0683	28.4897	-8.9046	3.7486	-1.2447	-4.0179	-0.4137	-0.6019	0.5939	-0.3373	1.0153	-0.1104	-0.4084	-0.8366	-9.7489	-0.6562	2.107967021872332	11	1	7	PT	Normal
-0.9954	-5.8604	-0.3454	31.3821	92.0976	86.9977	25.3677	29.9180	-13.1505	-1.3219	3.9361	-0.0389	-0.3409	-0.6320	0.6012	-0.3507	0.4219	-1.0031	-1.1040	0.3265	-9.7965	-0.3065	-6.341394966814561	11	1	7	Jump	Normal
-0.8805	-8.5419	0.5357	39.5503	89.8245	88.4407	22.4884	30.2830	-15.5455	-1.1664	1.2605	0.5127	-0.2916	-0.6432	0.6360	-0.3110	-0.0234	-1.2385	0.5333	0.2860	-9.8025	0.0230	2.649493249607878	11	2	8	PT	Normal
2.0303	-14.0204	0.3831	45.5215	91.0203	88.9422	20.1933	29.6667	-18.1678	1.9739	-4.2147	0.5055	-0.2674	-0.6594	0.6497	-0.2678	-0.1043	-0.3309	-0.0537	0.0564	-9.8058	-0.1224	5.567966583089531	11	2	8	Jump	Normal
-6.5116	-5.2475	-2.2990	43.9644	98.2821	84.3390	20.0687	30.4020	-17.4119	-6.4929	4.5063	-1.2822	-0.2893	-0.6842	0.6171	-0.2596	-1.1280	0.5874	-0.6023	-0.0187	-9.7538	-1.0168	-5.49872481310021	11	2	8	Jump	Normal
0.5752	-10.6105	-0.5369	41.5739	101.6266	83.8942	21.5386	32.6047	-14.1846	0.8576	-0.9200	0.9417	-0.3176	-0.6888	0.5995	-0.2555	0.2611	0.0537	0.3766	-0.2824	-9.6905	-1.4786	1.9665392056938718	11	2	8	PT	Normal
-2.0686	-5.7078	-1.1875	39.4601	105.0480	86.0981	23.0445	32.3879	-13.6278	-1.0986	3.8508	0.7783	-0.3598	-0.6861	0.5867	-0.2356	-0.6348	1.1136	0.2456	-0.9700	-9.5586	-1.9658	-4.453502027734262	11	2	8	Jump	Normal
0.1921	-9.6911	-0.9583	36.1506	107.3812	87.4627	26.4070	32.0441	-10.4904	1.5043	-0.2649	1.4073	-0.3968	-0.6806	0.5698	-0.2339	-0.6252	0.2327	0.4544	-1.3122	-9.4263	-2.3656	3.554126871917661	11	2	8	Jump	Normal
0.6518	-10.2274	0.3442	32.6986	105.9684	88.4965	28.7336	31.8645	-8.1859	1.8615	-0.7640	2.6146	-0.4132	-0.6671	0.5641	-0.2570	0.3133	0.3157	0.2148	-1.2097	-9.4634	-2.2705	0.513667353902262	11	2	8	PT	Normal
-4.2138	-10.7260	-5.9376	30.8149	93.9567	95.1825	29.3226	30.5282	-8.7486	-2.9848	-1.0139	-5.3564	-0.3982	-0.6092	0.6167	-0.3002	2.8294	-0.6260	-0.0484	-1.2290	-9.7121	-0.5812	2.7098020679230608	11	2	8	PT	Normal
3.2567	-5.6306	1.1486	24.6218	92.2878	93.3210	30.0636	29.2643	-11.5066	3.9872	4.1424	1.5046	-0.4110	-0.5910	0.5978	-0.3528	0.4347	1.3138	-0.7120	-0.7305	-9.7730	-0.3560	-6.358501604050392	11	2	8	Jump	Normal
-1.7998	-6.8564	0.7272	17.6414	91.2846	90.4781	30.4728	31.2085	-8.5040	-1.6514	2.9470	0.9369	-0.4262	-0.5736	0.5678	-0.4086	-0.4623	1.1860	-0.2060	-0.1484	-9.8034	-0.2096	0.5206631861734206	11	3	9	Walk	Normal
2.6821	-9.4613	1.6466	10.4545	91.5448	90.7722	31.7550	31.5782	-4.0181	2.8623	0.3403	1.9067	-0.4633	-0.5464	0.5403	-0.4414	0.1907	1.6260	0.0795	-0.1802	-9.8016	-0.2601	2.8451244965191282	11	3	9	Walk	Normal
-2.7198	-8.8873	0.1915	0.5643	93.6354	84.2862	31.2642	34.3541	1.2885	-3.6880	0.8517	0.8134	-0.4868	-0.5429	0.4618	-0.5050	-1.4466	2.0755	-1.1786	0.9682	-9.7390	-0.6219	-0.6748830104222652	11	3	9	Walk	Normal
-2.0686	-10.8409	-0.3831	-11.6383	96.7329	85.3796	29.6611	35.4655	7.5901	-3.0842	-1.1522	0.7431	-0.5537	-0.5009	0.3924	-0.5372	-0.7989	2.5123	-0.0079	1.0156	-9.6887	-1.1262	1.7470099777758055	11	3	9	Walk	Normal
0.3831	-4.8650	1.9920	-22.5932	100.1679	86.6920	28.2659	34.4015	16.0350	-0.8378	4.7332	3.5904	-0.6077	-0.4607	0.3226	-0.5607	-0.7573	1.8625	0.2084	1.2209	-9.5982	-1.5984	-5.772179233316623	11	3	9	Run	Normal
1.1115	-7.0096	0.8422	-36.1485	111.8576	89.4042	24.2748	31.6327	25.5106	-1.1366	2.0692	3.7903	-0.6775	-0.4374	0.1920	-0.5593	-2.3126	1.5823	-0.9496	2.2482	-9.0788	-2.9482	1.876010183773241	11	3	9	Walk	Normal
2.2607	-5.8221	-0.7667	-43.4959	130.8193	95.9760	16.8828	25.5800	36.0113	-1.3548	2.0185	3.8835	-0.7307	-0.4507	0.0617	-0.5090	-3.4812	1.2201	-1.5877	3.6155	-7.8406	-4.6503	-0.8544822595921886	11	3	9	Walk	Normal
14.7872	-11.4916	-11.6843	-48.3094	165.0450	105.5859	7.7438	14.0148	44.1290	8.6523	-7.1528	-5.3828	-0.7527	-0.5046	-0.1508	-0.3949	-3.6154	1.2213	-4.2413	6.1348	-4.3387	-6.3015	15.781045835716228	11	3	9	Run	Normal
4.5203	13.7140	-11.8752	-47.5431	-159.2196	97.4572	2.1901	-0.7618	46.1446	-2.6386	11.1422	-5.6859	-0.6286	-0.6484	-0.3856	-0.1891	-1.2761	1.5472	-5.2096	7.1588	2.5718	-6.1893	-3.3778881484139767	11	3	9	Walk	Normal
2.4134	14.9781	-5.0182	-59.7758	-152.9206	76.9421	-0.2044	-7.1742	44.7136	-3.9275	8.9248	-0.6228	-0.4331	-0.7325	-0.5056	-0.1425	-0.0084	2.8490	-3.6586	6.3409	6.0533	-4.3955	-2.715964639856498	11	3	9	Walk	Normal
-1.5317	8.9262	2.5277	-73.4089	-173.0791	42.4074	-7.0735	-6.3806	43.0466	-6.9513	1.2405	5.3075	-0.2558	-0.7591	-0.5737	-0.1707	-0.0755	2.6018	-1.5142	5.4196	7.6857	-2.7798	-6.576896385093372	11	4	10	Run	Normal
1.5323	6.1292	3.5626	-73.1844	96.4158	-50.6105	-19.5687	-9.1960	39.0956	-3.8412	-2.0680	3.8797	-0.1033	-0.7110	-0.6305	-0.2938	-1.0343	2.9544	-0.2625	5.3735	8.1971	-0.3171	-2.149708803657406	11	4	10	Walk	Normal
5.9382	10.5734	0.4974	-66.3635	74.7596	-70.5331	-29.2460	-12.4751	34.9251	0.5584	2.4395	-0.5360	-0.0617	-0.6660	-0.6553	-0.3512	-0.8383	0.9762	0.4129	5.3798	8.1339	1.0334	4.883906044478033	11	4	10	Run	Normal
8.3510	11.8369	0.5363	-65.8702	74.4648	-63.9017	-32.8029	-13.3815	33.0580	2.0420	4.4064	-0.5373	-0.0986	-0.6600	-0.6327	-0.3929	-0.1906	-0.8933	1.4281	6.3090	7.4306	1.0736	2.359187356360307	11	4	10	Walk	Normal
6.6661	5.8233	2.2595	-70.7211	71.4209	-52.6585	-32.7513	-9.4892	34.8664	-1.3170	0.2219	1.2281	-0.2100	-0.6351	-0.5965	-0.4437	-0.9427	-0.6760	2.3069	7.9830	5.6014	1.0315	-5.360908143498767	11	4	10	Run	Normal
7.4705	5.4402	2.5277	-74.9697	65.3272	-47.3403	-33.0286	-7.0796	36.2683	-1.4754	1.5658	1.4661	-0.2973	-0.5979	-0.5690	-0.4799	-1.0545	-0.5823	2.6254	8.9459	3.8744	1.0615	0.44562365838609885	11	4	10	Walk	Normal
15.7060	3.4860	4.0989	-80.7739	75.2720	-20.4844	-32.6980	-1.1120	37.6139	5.9602	2.4720	3.6992	-0.4222	-0.5489	-0.4966	-0.5232	-0.4867	-1.1085	1.5346	9.7457	1.0139	0.3997	7.021269339390571	11	4	10	Run	Normal
8.6963	-2.8724	0.9954	-79.4816	107.6144	15.9655	-27.6886	2.5127	40.1215	-1.0925	-3.1071	1.5369	-0.4600	-0.5621	-0.4479	-0.5213	0.8342	-1.3738	0.3809	9.7888	0.2346	-0.5415	-7.389821464555755	11	4	10	Run	Normal
4.2138	-3.9840	-2.0303	-71.4576	138.3855	44.2643	-21.6644	4.1037	42.2594	-5.3018	-4.4161	0.3012	-0.4780	-0.6248	-0.3970	-0.4728	-0.2066	-1.1938	-0.7227	9.5156	0.4322	-2.3315	-3.0681934949598766	11	4	10	Walk	Normal
11.0331	4.0229	-3.2567	-67.7000	149.5417	50.3088	-17.5898	2.7159	43.0985	1.8401	2.8533	-0.0489	-0.4731	-0.6631	-0.3938	-0.4259	0.6872	-0.7059	-0.6449	9.1930	1.1696	-3.2078	6.042699828165768	11	4	10	Run	Normal
9.4242	2.8353	-2.8736	-61.2526	153.9298	49.5018	-13.2610	5.4733	44.6414	0.7525	1.0970	1.3630	-0.4553	-0.7132	-0.3695	-0.3840	0.5828	-1.6007	-0.5693	8.6716	1.7383	-4.2367	-1.934425266192255	11	5	11	Walk	Normal
3.7547	1.5712	-5.7850	-54.1711	160.7427	54.2294	-5.8582	8.3401	45.0788	-4.2261	-0.1920	-0.3657	-0.4679	-0.7466	-0.3317	-0.3372	0.2302	-0.7911	0.0464	7.9808	1.7632	-5.4193	-3.17903961435126	11	5	11	Walk	Normal
6.7421	1.5706	-6.2824	-52.3473	163.2484	57.4306	-4.0656	8.7288	45.3299	-1.0449	-0.0495	-0.5459	-0.4829	-0.7478	-0.3199	-0.3243	-0.1107	-0.0007	0.2978	7.7870	1.6201	-5.7365	2.274951307698351	11	5	11	Walk	Normal
7.4322	1.2264	-6.7427	-51.7990	164.3048	58.9232	-3.4854	8.0509	46.0765	-0.2915	-0.3310	-0.9041	-0.4902	-0.7466	-0.3163	-0.3198	-0.0926	-0.1732	0.0028	7.7237	1.5574	-5.8386	0.7613529261725915	11	5	11	Walk	Normal
6.0148	1.8010	-6.0148	-50.9740	165.1875	59.3910	-3.1456	7.8017	45.0767	-1.6007	0.2087	-0.0450	-0.4916	-0.7501	-0.3130	-0.3125	0.0256	0.1037	-0.0079	7.6155	1.5923	-5.9698	-1.4148990006707844	11	5	11	Walk	Normal
7.3556	1.9160	-5.6701	-52.4604	164.5274	58.2920	-4.2432	7.7536	45.7055	-0.3950	0.2029	0.0887	-0.4849	-0.7473	-0.3237	-0.3188	-0.1192	0.3828	-0.0920	7.7506	1.7131	-5.7588	0.7881465907586822	11	5	11	Walk	Normal
7.5848	2.3367	-5.3630	-54.4736	163.9571	57.4308	-5.9143	7.6529	45.6244	-0.3382	0.4917	0.1134	-0.4790	-0.7415	-0.3378	-0.3266	-0.1661	0.4372	0.0273	7.9230	1.8450	-5.4764	0.0957516341199014	0	5	11	Tilt	Normal
8.3133	1.9926	-4.4825	-57.7146	162.2731	56.0728	-7.5550	6.4703	45.6159	0.0943	0.0627	0.5068	-0.4724	-0.7289	-0.3575	-0.3433	-0.1405	0.3925	0.0400	8.2190	1.9299	-4.9894	0.07399883989210032	0	5	11	Tilt	Normal
8.7346	2.1841	-3.9462	-59.8823	160.6250	54.5707	-9.0316	5.9776	44.7735	0.3282	0.1962	0.6958	-0.4662	-0.7206	-0.3704	-0.3551	-0.0809	0.2561	0.0144	8.4065	1.9879	-4.6421	0.17768291763022503	0	5	11	Tilt	Normal
8.6963	2.2607	-3.8313	-61.2029	159.6340	53.6798	-10.0938	5.5921	44.4930	0.1835	0.2387	0.5974	-0.4628	-0.7153	-0.3784	-0.3620	-0.0755	0.0931	0.0283	8.5129	2.0221	-4.4287	-0.06228936896523152	0	5	11	Tilt	Normal
8.6574	2.4517	-4.0223	-61.6806	159.5586	53.4345	-10.2228	4.6863	44.3951	0.1199	0.3835	0.3370	-0.4611	-0.7139	-0.3822	-0.3629	-0.0255	-0.0432	-0.0005	8.5376	2.0681	-4.3592	0.08790514213454514	1	5	12	Tilt	Normal
8.3127	2.2984	-4.2138	-61.4757	159.6432	53.3157	-9.8296	4.9334	44.5280	-0.2035	0.2084	0.1766	-0.4603	-0.7155	-0.3814	-0.3615	0.0363	-0.0688	0.0080	8.5162	2.0900	-4.3904	-0.25703351202406743	1	5	12	Tilt	Normal
8.0834	2.0692	-4.4442	-60.9740	159.9264	53.4788	-10.1659	4.8495	44.8625	-0.3922	-0.0189	0.0250	-0.4608	-0.7180	-0.3786	-0.3589	0.0150	-0.0560	-0.0101	8.4756	2.0880	-4.4692	-0.14517000753797227	1	5	12	Tilt	Normal
8.0451	2.2607	-4.4825	-60.7671	160.1622	53.5706	-9.5154	4.6957	44.9842	-0.4079	0.1583	0.0224	-0.4607	-0.7193	-0.3778	-0.3572	0.0129	-0.0134	0.0016	8.4530	2.1024	-4.5050	0.029221145258999215	1	5	12	Tilt	Normal
8.1600	2.0692	-4.4442	-60.7538	160.0772	53.4657	-9.2731	5.8572	44.8868	-0.2930	-0.0346	0.0602	-0.4604	-0.7195	-0.3777	-0.3573	0.0022	0.0271	0.0006	8.4530	2.1038	-4.5044	0.03635821441883458	1	5	12	Tilt	Normal
8.2744	2.1069	-4.3287	-60.9977	159.8205	53.1967	-9.3856	5.4996	44.1565	-0.1981	-0.0070	0.1341	-0.4593	-0.7187	-0.3792	-0.3587	-0.0191	0.0623	0.0038	8.4725	2.1139	-4.4628	0.053647796576672846	1	5	12	Tilt	Normal
8.3510	2.2984	-4.2521	-61.3629	159.4976	52.7727	-10.2153	5.3476	44.2013	-0.1462	0.1562	0.1501	-0.4575	-0.7178	-0.3818	-0.3603	-0.0095	0.0484	-0.0048	8.4972	2.1422	-4.4022	0.07594607506054807	1	5	12	Tilt	Normal
8.3516	2.2224	-4.1378	-61.5406	159.2672	52.4877	-10.2103	5.5346	44.7751	-0.1583	0.0664	0.2328	-0.4563	-0.7174	-0.3830	-0.3612	0.0001	0.0111	0.0006	8.5099	2.1560	-4.3706	-0.06721160462302578	1	5	12	Tilt	Normal
8.2750	2.1841	-4.2527	-61.5279	159.1466	52.3353	-10.3286	5.9909	44.7379	-0.2351	0.0253	0.1163	-0.4558	-0.7177	-0.3829	-0.3614	-0.0031	-0.0027	-0.0069	8.5100	2.1588	-4.3690	-0.024991662914951362	1	5	12	Tilt	Normal
8.3899	2.1841	-4.2144	-61.5033	158.9896	52.1441	-10.4856	5.5126	44.6189	-0.1202	0.0229	0.1534	-0.4551	-0.7180	-0.3827	-0.3617	0.0012	-0.0123	-0.0016	8.5100	2.1612	-4.3678	0.08285518023403249	2	5	13	Tilt	Fall
8.2750	2.1841	-4.2144	-61.4825	158.8422	51.9675	-10.4667	5.9628	44.4630	-0.2354	0.0212	0.1520	-0.4545	-0.7184	-0.3826	-0.3620	0.0001	-0.0048	-0.0048	8.5103	2.1629	-4.3664	-0.09983683163291346	2	5	13	Tilt	Normal
8.2750	2.1075	-4.5592	-61.4622	158.7398	51.8382	-9.8643	5.2904	44.4515	-0.2351	-0.0573	-0.1930	-0.4541	-0.7186	-0.3824	-0.3621	-0.0031	0.0111	-0.0048	8.5100	2.1648	-4.3661	0.14029275227531635	2	5	13	Tilt	Normal
8.2750	2.2224	-4.6358	-61.5001	158.6055	51.6584	-10.1198	5.5321	44.2814	-0.2379	0.0504	-0.2789	-0.4534	-0.7188	-0.3827	-0.3625	0.0033	0.0153	-0.0015	8.5129	2.1720	-4.3568	0.06188050317492255	2	5	13	Tilt	Normal
8.3127	2.2218	-4.5586	-61.5374	158.4735	51.5066	-10.6426	4.9235	44.6126	-0.2041	0.0465	-0.2108	-0.4528	-0.7188	-0.3829	-0.3629	-0.0063	0.0249	0.0027	8.5168	2.1753	-4.3477	-0.004471691060425442	2	5	13	Tilt	Normal
8.2361	2.1452	-4.2904	-61.5329	158.3820	51.3995	-10.2862	5.4248	44.3682	-0.2815	-0.0313	0.0551	-0.4525	-0.7189	-0.3829	-0.3631	-0.0031	0.0068	-0.0058	8.5175	2.1765	-4.3455	-0.20631756427440884	2	5	13	Tilt	Normal
8.3510	2.1452	-3.9840	-61.5502	158.2802	51.2826	-10.7162	5.2701	44.4389	-0.1688	-0.0334	0.3563	-0.4520	-0.7190	-0.3830	-0.3634	-0.0021	0.0058	0.0017	8.5198	2.1786	-4.3402	-0.03307676362099343	2	5	13	Tilt	Normal
8.3127	2.1835	-3.7924	-61.5481	158.2046	51.1856	-10.8432	5.6080	44.4855	-0.2075	0.0027	0.5456	-0.4517	-0.7191	-0.3830	-0.3635	0.0011	-0.0017	-0.0005	8.5202	2.1808	-4.3380	-0.1038722227861335	2	5	13	Tilt	Normal
8.2361	2.1835	-3.7924	-61.5388	158.1013	51.0622	-10.1595	5.3259	44.4381	-0.2846	0.0012	0.5439	-0.4513	-0.7193	-0.3829	-0.3637	0.0044	-0.0017	-0.0005	8.5207	2.1823	-4.3363	-0.06771330835687195	2	5	13	Tilt	Normal
8.3893	2.1835	-4.6352	-61.5007	158.0404	50.9819	-9.9776	5.3905	44.3709	-0.1296	0.0007	-0.2954	-0.4510	-0.7196	-0.3826	-0.3638	0.0033	0.0015	-0.0037	8.5189	2.1828	-4.3398	0.5037295982944734	2	0	13	Tilt	Normal
8.2744	2.1835	-4.3670	-61.5022	158.0065	50.9332	-10.2197	4.9583	44.7612	-0.2447	-0.0012	-0.0284	-0.4508	-0.7197	-0.3827	-0.3638	-0.0042	0.0047	0.0016	8.5190	2.1847	-4.3386	-0.22271437329848354	0	0	14	Tilt	Normal
8.3510	2.1835	-4.2138	-61.4991	157.9664	50.8806	-10.1406	5.6365	44.8692	-0.1680	-0.0025	0.1239	-0.4506	-0.7198	-0.3827	-0.3639	-0.0010	0.0026	-0.0037	8.5190	2.1861	-4.3377	-0.002137786670633801	0	0	14	Tilt	Normal
8.3893	2.2218	-4.2521	-61.4985	157.9160	50.8112	-10.3892	5.6070	44.8293	-0.1300	0.0335	0.0841	-0.4503	-0.7199	-0.3827	-0.3640	0.0012	0.0005	0.0027	8.5193	2.1883	-4.3362	0.05885595547421474	0	0	14	Tilt	Normal
8.3133	2.1841	-4.1761	-61.4886	157.8542	50.7317	-11.1927	5.7351	44.9237	-0.2059	-0.0057	0.1597	-0.4501	-0.7201	-0.3826	-0.3641	0.0022	-0.0006	0.0016	8.5192	2.1898	-4.3357	-0.10801267750474075	0	0	14	Tilt	Normal
8.2750	2.1458	-4.2527	-61.4744	157.7834	50.6429	-11.0830	5.2129	44.4209	-0.2439	-0.0453	0.0829	-0.4497	-0.7203	-0.3825	-0.3642	0.0022	0.0048	-0.0048	8.5189	2.1911	-4.3356	-0.008141008875687916	0	0	14	Tilt	Normal
8.3133	2.1458	-4.2527	-61.4623	157.7297	50.5686	-10.5623	5.1692	44.9942	-0.2052	-0.0473	0.0827	-0.4495	-0.7204	-0.3825	-0.3643	-0.0031	0.0090	-0.0026	8.5184	2.1931	-4.3355	0.03321287395202965	0	0	14	Tilt	Normal
8.3127	2.2218	-4.1372	-61.4600	157.6879	50.5143	-10.8459	5.2309	44.8559	-0.2059	0.0274	0.1974	-0.4493	-0.7205	-0.3824	-0.3643	0.0012	0.0090	0.0006	8.5186	2.1944	-4.3346	-0.033827079391450354	0	0	14	Tilt	Normal
8.3127	2.2218	-4.0989	-61.4711	157.6297	50.4357	-10.1240	6.0911	45.1392	-0.2068	0.0244	0.2324	-0.4489	-0.7206	-0.3825	-0.3645	-0.0010	0.0026	0.0048	8.5195	2.1974	-4.3313	-0.016534063945911726	0	0	14	Tilt	Normal
8.2750	2.0692	-4.1761	-61.4630	157.5529	50.3470	-10.5250	5.7708	45.1811	-0.2450	-0.1288	0.1538	-0.4487	-0.7207	-0.3825	-0.3646	-0.0023	-0.0067	-0.0059	8.5199	2.1980	-4.3299	-0.03370507826367586	0	0	14	Tilt	Normal
8.3133	2.2224	-4.2910	-61.4557	157.5001	50.2708	-10.5875	5.2101	44.2929	-0.2064	0.0217	0.0383	-0.4484	-0.7209	-0.3825	-0.3647	0.0009	-0.0067	0.0005	8.5196	2.2007	-4.3293	0.11854173322231354	0	0	14	Tilt	Normal
8.3133	2.1841	-4.2144	-61.4507	157.4601	50.2196	-10.2854	5.1928	45.5691	-0.2064	-0.0177	0.1143	-0.4482	-0.7210	-0.3824	-0.3648	0.0009	-0.0056	-0.0017	8.5196	2.2018	-4.3287	-0.042748123174037644	1	0	15	Tilt	Normal
8.2750	2.1841	-4.1761	-61.4443	157.4157	50.1677	-10.9201	5.5025	44.5305	-0.2448	-0.0180	0.1522	-0.4480	-0.7211	-0.3824	-0.3648	0.0009	-0.0056	-0.0081	8.5198	2.2021	-4.3283	-0.05009956979154673	1	0	15	Tilt	Normal
8.2750	2.0692	-4.2144	-61.4336	157.3702	50.1032	-10.5233	5.3362	44.8306	-0.2444	-0.1348	0.1139	-0.4477	-0.7213	-0.3823	-0.3649	-0.0023	0.0029	-0.0017	8.5193	2.2040	-4.3283	-0.00879061870100628	1	0	15	Tilt	Normal
8.2750	2.3373	-4.1761	-61.4340	157.3354	50.0554	-10.3512	5.1094	44.6164	-0.2445	0.1318	0.1510	-0.4476	-0.7213	-0.3823	-0.3650	0.0031	0.0040	0.0026	8.5195	2.2055	-4.3271	0.045090543177431996	1	0	15	Tilt	Normal
8.3516	2.1841	-4.1378	-61.4387	157.3148	50.0225	-10.0352	5.6783	45.2671	-0.1680	-0.0233	0.1881	-0.4474	-0.7214	-0.3824	-0.3650	-0.0013	0.0017	0.0012	8.5196	2.2075	-4.3259	0.013720420940067868	1	0	15	Tilt	Normal
8.3516	2.2224	-4.1761	-61.4444	157.2235	49.9102	-10.8877	6.2077	44.6937	-0.1692	0.0124	0.1460	-0.4470	-0.7215	-0.3824	-0.3652	-0.0013	0.0006	-0.0009	8.5208	2.2100	-4.3221	0.02541240090108765	1	0	15	Tilt	Normal
8.3133	2.1841	-4.1378	-61.4373	157.1691	49.8422	-10.5815	4.9930	44.4456	-0.2075	-0.0271	0.1836	-0.4468	-0.7216	-0.3824	-0.3653	0.0008	0.0017	0.0023	8.5208	2.2112	-4.3214	-0.058807289742871305	1	0	15	Tilt	Normal
8.3510	2.1835	-4.1372	-61.4468	157.1320	49.7955	-10.5067	4.9705	44.8729	-0.1707	-0.0292	0.1818	-0.4466	-0.7216	-0.3825	-0.3654	-0.0003	-0.0004	0.0001	8.5217	2.2127	-4.3190	0.03247522030125971	1	0	15	Tilt	Normal
8.3127	2.1452	-4.1755	-61.4550	157.1233	49.7895	-10.4321	5.8752	44.8056	-0.2098	-0.0675	0.1420	-0.4466	-0.7216	-0.3825	-0.3654	0.0008	0.0038	0.0001	8.5225	2.2127	-4.3175	-0.02540064535543962	1	0	15	Tilt	Normal
8.3133	2.2607	-4.2144	-61.4562	157.0839	49.7486	-10.5725	5.4959	44.6243	-0.2099	0.0482	0.1018	-0.4465	-0.7216	-0.3825	-0.3656	0.0019	-0.0122	-0.0116	8.5232	2.2125	-4.3161	0.044165974836740673	1	0	15	Tilt	Normal
8.3133	2.1458	-4.1378	-61.4581	157.0803	49.7267	-10.0843	4.9674	44.9336	-0.2095	-0.0694	0.1779	-0.4463	-0.7217	-0.3826	-0.3655	0.0062	-0.0022	0.0071	8.5228	2.2152	-4.3157	-0.059936466186007564	2	0	16	Tilt	Normal
Total time: 11 seconds.
