2.4140	-9.4996	-0.8051	75.3857	-106.2963	-155.1319	-12.3536	15.4430	-1.0921	0.0394	-0.0100	-0.1107	-0.5394	0.4944	-0.5688	0.3756	-0.1082	0.3217	-0.0151	2.3746	-9.4896	-0.6943	0.529248745891362	9	0	1	Upright	Normal
1.8393	-9.9976	-1.7244	74.5014	-113.8050	-143.2516	-12.0631	15.5631	-2.1180	-0.5580	-0.5474	-0.6668	-0.5287	0.5239	-0.5723	0.3442	-0.9774	0.8906	0.0201	2.3973	-9.4502	-1.0576	0.47607461866262746	9	0	1	Upright	Normal
2.4523	-10.1508	-3.1035	70.0054	-132.5259	-115.6832	-12.0181	15.7922	-1.7661	-0.0189	-0.9352	-0.8369	-0.5119	0.5946	-0.5586	0.2690	-1.6933	0.9758	-0.1067	2.4711	-9.2156	-2.2666	0.5836237561531963	9	0	1	Upright	Normal
3.7541	-8.3510	-3.6009	59.9991	-144.4174	-94.6711	-12.1430	15.9148	-0.5924	0.9010	0.1419	0.3871	-0.5028	0.6712	-0.5172	0.1707	-1.8147	0.4165	-0.0236	2.8531	-8.4928	-3.9880	-1.0555833398445262	9	0	1	Upright	Normal
2.9113	-8.3893	-4.3670	56.3440	-149.8667	-85.2581	-11.7363	16.5025	1.6419	0.1832	-0.2263	0.3334	-0.4862	0.7094	-0.4906	0.1402	-0.5790	0.3164	0.3024	2.7282	-8.1630	-4.7004	0.057147386651406507	0	0	1	Upright	Normal
2.3756	-6.3584	-4.6741	57.6104	-151.8942	-80.3729	-10.7633	16.9820	1.5168	-0.0991	1.9227	-0.0403	-0.4591	0.7249	-0.4944	0.1391	0.6311	-0.1896	0.2118	2.4747	-8.2811	-4.6338	-1.654437767107618	0	0	1	Upright	Normal
2.8353	-8.9250	-5.8233	61.8016	-151.1287	-79.8695	-10.8925	17.9764	0.9933	0.5980	-0.2821	-1.7653	-0.4352	0.7193	-0.5187	0.1552	0.7728	-0.3079	0.1234	2.2374	-8.6429	-4.0580	2.7861275975204407	0	0	1	Upright	Normal
2.7198	-8.8490	-5.3247	62.3909	-149.4794	-77.0464	-10.6718	16.9883	-0.0605	0.4120	-0.1589	-1.4096	-0.4073	0.7305	-0.5312	0.1351	0.0846	0.0426	-0.0300	2.3079	-8.6901	-3.9151	-0.34785067083950594	0	0	1	Upright	Normal
3.4866	-6.2818	-2.9886	61.6312	-145.3332	-79.8305	-11.6095	16.8728	-0.3307	0.8363	2.3472	0.8440	-0.4090	0.7267	-0.5392	0.1175	0.3893	0.0692	-0.1450	2.6502	-8.6290	-3.8325	-2.8983007234030183	0	0	1	Upright	Normal
2.4134	-10.8409	-2.8730	71.0388	-135.8305	-93.0034	-11.6830	17.6910	-1.5767	0.1932	-1.5663	-0.5873	-0.3967	0.6776	-0.5925	0.1799	1.8125	0.0650	-0.5189	2.2202	-9.2747	-2.2857	3.690536390286084	0	1	2	Jump	Normal
1.6478	-10.8403	0.1526	75.8216	-97.6199	-136.1083	-13.1874	15.6220	-3.7599	-0.7329	-1.3324	0.4712	-0.3995	0.5972	-0.6547	0.2347	2.7552	-1.7534	-0.0248	2.3807	-9.5080	-0.3186	-0.5059830580773461	0	1	2	PT	Normal
0.9583	-8.2738	1.6083	77.3924	-65.6658	-177.5476	-13.9366	14.5124	-3.9659	-0.9918	1.2966	0.7263	-0.4118	0.5343	-0.6629	0.3249	1.2489	-1.2059	0.5622	1.9501	-9.5704	0.8820	-2.4829174978409156	0	1	2	PT	Normal
1.5329	-9.6145	0.4591	74.2500	-44.8730	151.8562	-14.6420	14.4909	-2.6577	-0.3449	-0.1760	-1.4271	-0.4308	0.4671	-0.6588	0.4026	0.7568	-1.2325	-0.0802	1.8778	-9.4385	1.8862	1.2637843829269357	0	1	2	PT	Normal
0.2687	-11.3383	-0.1155	73.7410	-38.6288	142.8158	-14.2790	13.8933	-3.6296	-1.4452	-1.9237	-2.2604	-0.4313	0.4523	-0.6523	0.4288	0.3339	-0.8906	0.3885	1.7139	-9.4146	2.1449	1.5953197160376558	0	1	2	PT	Normal
-1.5317	-13.5219	-0.0006	77.4519	-33.0221	129.9686	-13.7369	14.8480	-3.6904	-2.6926	-3.9494	-1.7868	-0.4546	0.4498	-0.6026	0.4774	-0.8986	0.1907	0.2053	1.1609	-9.5725	1.7862	2.2663044264038223	0	1	2	PT	Normal
4.0229	-11.1851	5.9753	82.3102	-107.8243	-156.8125	-13.9922	15.7107	-1.0288	2.7740	-1.4666	6.3770	-0.5181	0.5020	-0.5413	0.4319	-1.4376	0.0011	0.6658	1.2489	-9.7185	-0.4016	-0.30445199369719234	0	1	2	Upright	Normal
0.0772	-6.8947	0.2292	67.5539	-169.6143	-86.4071	-12.6505	16.5794	1.3361	-0.5977	2.1691	3.9121	-0.5300	0.6378	-0.4551	0.3242	-4.2020	2.1774	0.7404	0.6749	-9.0638	-3.6829	-6.404983134479301	0	0	2	Upright	Normal
1.2258	-5.8993	-1.3791	58.9389	-166.2381	-76.2437	-11.1728	18.2188	2.3913	0.0223	2.5013	3.5355	-0.4872	0.7164	-0.4486	0.2195	0.2583	1.2314	0.8149	1.2035	-8.4007	-4.9145	-0.7178206191612437	0	0	2	Upright	Normal
0.6901	-13.5985	-6.3213	68.0406	-164.1958	-75.2124	-9.0174	18.6801	-0.4569	-0.3086	-4.5032	-2.7927	-0.4400	0.6973	-0.5086	0.2479	2.0511	0.6264	-0.7201	0.9987	-9.0953	-3.5286	8.830684756996561	0	0	2	Upright	Normal
4.2144	-7.2012	-5.6701	65.6993	-150.5073	-78.3092	-9.7708	18.5725	-2.4935	2.2277	1.7367	-2.1573	-0.4059	0.7172	-0.5418	0.1654	-0.0219	0.2408	0.0874	1.9867	-8.9379	-3.5127	-4.923768062107833	0	1	3	Jump	Normal
-0.1532	-10.7643	7.9296	76.3342	-105.1704	-112.6811	-9.2719	16.6282	-7.3082	-2.3893	-1.2353	8.5359	-0.3117	0.6586	-0.6696	0.1438	-1.7924	0.0714	-0.1480	2.2360	-9.5291	-0.6063	3.282534921390061	0	1	3	PT	Normal
3.4482	-11.7597	-0.3837	78.3495	-108.3857	-115.8355	-9.3793	15.9994	-7.4122	1.5691	-2.1551	0.2411	-0.3364	0.6471	-0.6564	0.1932	1.9489	-2.6248	0.4059	1.8791	-9.6046	-0.6247	-1.1097458099077375	0	1	3	PT	Normal
2.2984	-8.2361	1.9537	80.5799	-50.2294	176.7335	-10.0331	14.7526	-7.8887	1.0648	1.4385	0.9270	-0.3403	0.5761	-0.6826	0.2940	0.1028	-1.7833	0.3484	1.2336	-9.6745	1.0267	-3.489683768016503	0	1	3	PT	Normal
1.4946	-9.1548	1.5700	79.9186	-29.6677	147.0262	-13.9198	13.8622	-6.1472	0.6451	0.5005	0.0787	-0.3644	0.5396	-0.6638	0.3679	1.0796	-2.3106	0.8043	0.8495	-9.6554	1.4913	0.6367855060460261	0	1	3	PT	Normal
1.9926	-9.6911	0.6123	78.8589	-19.4767	127.4968	-17.0455	13.1837	-6.0339	1.3610	-0.0691	-1.1739	-0.3941	0.5036	-0.6352	0.4331	0.4351	-1.3753	0.6105	0.6316	-9.6220	1.7862	0.5048313047444566	0	1	3	PT	Normal
-0.1143	-12.4493	1.5700	81.5754	-9.8165	104.5336	-18.9069	12.1878	-9.5731	-0.3591	-2.7484	0.1544	-0.4496	0.4751	-0.5624	0.5059	-0.9114	-1.9303	0.4385	0.2448	-9.7009	1.4156	2.635668590081398	0	1	3	PT	Normal
4.2904	-11.5305	0.8811	87.1070	-125.6991	-151.9901	-10.7447	15.3015	-9.1603	3.8889	-1.7362	1.1697	-0.5496	0.4611	-0.4692	0.5149	-3.1740	-3.2640	-0.5586	0.4015	-9.7942	-0.2887	-0.21407256857225931	0	1	3	Upright	Normal
-0.7655	-12.6408	0.4208	70.1002	-170.8351	-103.1404	5.9088	20.7707	-8.8058	-1.2971	-3.4195	3.7161	-0.6107	0.5431	-0.4070	0.4078	-3.0899	-0.9076	1.1362	0.5315	-9.2213	-3.2953	0.3365922255043863	0	1	3	Upright	Normal
-2.4517	-5.7461	-2.2601	61.7629	-175.3742	-97.9946	16.6024	11.4469	25.7085	-2.8258	2.8937	2.3644	-0.6336	0.5783	-0.3626	0.3643	-0.5375	0.7489	-0.7418	0.3741	-8.6398	-4.6246	-6.02741270070006	0	0	3	Upright	Normal
1.2647	-8.2738	-4.7507	71.8381	-165.0609	-131.6063	-6.1030	6.4776	31.7013	0.4769	1.0445	-1.7973	-0.7012	0.3987	-0.3344	0.4874	2.0106	-1.2133	0.0955	0.7878	-9.3182	-2.9534	2.980621773815825	0	1	4	PT	Normal
1.6472	-9.2320	-6.1292	70.2651	-166.4444	-148.3906	-5.1958	11.0227	21.9555	0.8712	-0.0013	-2.9100	-0.7629	0.2865	-0.2485	0.5236	-0.0028	0.7308	-0.4084	0.7760	-9.2307	-3.2192	1.578976934715941	0	1	4	PT	Normal
3.5243	-9.5002	3.1795	78.0566	-138.7926	166.5493	-6.4525	11.2424	15.1556	2.1879	0.0944	4.7060	-0.7481	0.1349	-0.2024	0.6174	1.9051	-1.4232	0.5993	1.3364	-9.5946	-1.5265	-0.583165217782847	0	1	4	PT	Normal
2.9497	-10.3813	-1.1109	80.8277	-97.6311	108.8601	-7.4173	13.3019	13.4495	1.4011	-0.6999	-0.9034	-0.7144	0.0139	-0.1240	0.6885	2.2993	-1.6810	0.0816	1.5486	-9.6814	-0.2075	0.22928183151074322	0	1	4	Upright	Normal
-1.1109	-7.5848	2.6432	79.2981	-17.4322	8.3997	-3.9553	16.2199	13.4942	-1.6562	2.0515	0.9068	-0.6376	-0.0702	0.0407	0.7661	1.7709	-1.6117	0.7165	0.5453	-9.6364	1.7364	-2.7406251304534575	0	0	4	Upright	Normal
0.1538	-11.3383	-4.2910	76.5811	-17.9754	0.0016	0.7139	19.1859	12.7846	-0.5483	-1.7992	-6.4551	-0.6121	-0.1226	0.0968	0.7752	0.4766	0.9236	0.0081	0.7021	-9.5391	2.1641	4.015457911673726	0	0	4	Upright	Normal
-0.5740	-10.7637	-0.9583	75.0469	-15.0783	-11.2135	2.4002	20.4255	12.1817	-1.2321	-1.2890	-3.4011	-0.5908	-0.1626	0.1564	0.7747	0.2859	-0.7009	-0.1196	0.6581	-9.4748	2.4428	-1.3025741423121335	0	0	4	Upright	Normal
-1.6083	-11.3383	0.1909	76.5446	-10.7584	-16.2016	3.1914	21.0277	12.0687	-2.0342	-1.8007	-2.0503	-0.6002	-0.1598	0.1676	0.7656	-0.1359	-0.2194	0.2245	0.4259	-9.5376	2.2413	0.6318803784890701	0	0	4	Upright	Normal
1.8004	-12.2200	0.6895	86.0859	-35.7114	7.6184	3.7114	18.3972	14.2697	1.4102	-2.4361	0.1466	-0.6631	-0.1804	0.1626	0.7080	-2.7586	-0.7926	-0.6330	0.3903	-9.7839	0.5429	0.9177574399213739	0	0	4	Upright	Normal
1.8393	-11.4916	3.6003	76.0813	-159.8419	135.2767	3.9467	13.7121	18.9752	1.0267	-1.9727	5.8140	-0.7581	-0.1953	0.1034	0.6135	-3.7280	0.3856	0.5611	0.8127	-9.5189	-2.2137	-0.18910786648533495	0	0	4	Upright	Normal
0.9966	-3.4854	-2.1841	60.0123	-167.2650	155.6551	2.2520	7.1014	22.7447	-0.0838	5.0087	2.5967	-0.8530	-0.1272	0.0109	0.5061	-1.4142	2.0549	0.0690	1.0804	-8.4940	-4.7808	-7.949838281436135	0	0	5	Upright	Normal
2.0309	-6.9330	-3.5632	63.9244	-155.8943	151.8360	-1.3330	4.5249	23.7401	0.2705	1.8757	0.3713	-0.8316	-0.0947	-0.0459	0.5452	1.3651	0.3739	-0.2826	1.7603	-8.8087	-3.9344	3.823074004060272	0	0	5	Upright	Normal
4.4436	-8.6191	-4.8650	61.3089	-150.5100	153.6821	-3.4401	5.2672	23.5286	2.1262	-0.0165	-0.7670	-0.8396	-0.0630	-0.1010	0.5300	-0.4310	0.7553	-0.0343	2.3174	-8.6027	-4.0980	2.7938127575220157	0	0	5	Upright	Normal
-0.1143	-5.4007	2.4894	67.1251	-139.5482	139.5936	-2.6093	5.5165	23.5342	-2.5872	3.6350	5.3899	-0.7998	-0.0906	-0.0912	0.5863	1.7454	-0.6402	0.9990	2.4729	-9.0357	-2.9006	-4.901167973456488	0	0	5	Upright	Normal
2.6055	-11.3383	0.0760	74.0241	-112.7180	109.1287	-0.3682	10.9031	22.8235	0.1166	-1.9101	1.1182	-0.7350	-0.1137	-0.0698	0.6648	2.3632	-0.1960	-1.0602	2.4889	-9.4282	-1.0422	5.6861453105735595	0	0	5	Upright	Normal
1.7244	-7.3544	1.4168	73.8417	-67.1665	54.3434	1.4731	15.6744	20.3216	-0.7904	2.0650	0.3579	-0.6472	-0.1649	-0.0085	0.7442	1.5803	-0.8139	0.1777	2.5148	-9.4194	1.0588	-3.948488028961725	0	0	5	Upright	Normal
2.1841	-9.4996	-0.8817	72.8193	-70.2323	44.6061	3.5625	18.6790	18.6537	-0.5414	-0.1303	-1.8610	-0.6249	-0.2440	0.0661	0.7386	-0.9018	-2.8464	-0.2869	2.7255	-9.3693	0.9794	2.101665384122267	0	0	5	Upright	Normal
-0.4208	-9.4230	-1.3030	68.0387	-107.4633	66.4849	9.1742	17.4542	20.4758	-3.9189	-0.3277	-0.2025	-0.6431	-0.3775	0.1085	0.6573	-1.2342	-2.1806	-0.8046	3.4981	-9.0953	-1.1006	-0.26527648164543827	0	0	5	Upright	Normal
-0.2676	-5.8604	-3.1035	68.7881	-111.7167	70.3922	10.1468	15.8893	21.0851	-3.5636	3.2820	-1.7907	-0.6527	-0.3754	0.1151	0.6479	0.2785	0.9726	-0.6864	3.2961	-9.1424	-1.3128	-2.885127483587823	0	0	5	Upright	Normal
6.7044	-4.0983	-4.4825	61.0336	-98.7151	61.0565	6.3303	17.4765	20.0664	2.0101	4.4818	-3.7629	-0.6169	-0.3951	0.0469	0.6790	0.6705	0.9609	-0.7322	4.6943	-8.5801	-0.7196	2.4095899771380385	0	1	6	PT	Normal
-2.2595	-3.9834	-3.6015	58.8880	-77.2708	41.0161	3.2064	19.5878	15.0887	-7.2021	4.4128	-4.7179	-0.5501	-0.3747	0.0492	0.7446	2.1384	2.0379	-0.0781	4.9425	-8.3962	1.1164	-3.2203121822174268	0	1	6	PT	Normal
15.9358	-5.1715	18.0810	26.9412	-54.3440	5.3393	-1.6389	21.8333	4.5111	8.8325	-0.7281	12.9851	-0.2277	-0.4340	0.0660	0.8692	9.5111	-5.5543	-4.9261	7.1033	-4.4433	5.0959	18.82376629217567	0	1	6	Jump	Normal
18.3875	-5.8610	18.0044	1.2268	-74.4625	10.6014	-10.1585	18.5491	-1.1296	8.9414	-5.6509	15.3783	-0.0644	-0.6016	-0.0671	0.7933	-0.7186	-4.4805	-4.3847	9.4460	-0.2101	2.6261	1.7434875650285804	0	1	6	PT	Normal
-6.1286	18.3498	9.7677	-20.2808	-93.3428	45.4308	-19.7152	4.2660	12.7328	-15.3115	14.9506	10.3042	-0.1651	-0.7072	-0.3790	0.5736	-1.3343	-4.7181	-2.2233	9.1830	3.3992	-0.5365	-4.721201028302438	0	1	6	Jump	Normal
-5.5923	-5.4390	-2.7587	-41.5032	-108.7353	56.0015	-13.9357	-8.1568	22.8872	-12.5474	-11.9375	-0.3997	-0.1746	-0.7680	-0.5100	0.3458	0.9251	0.0384	-2.1498	6.9552	6.4985	-2.3590	-13.397691322655062	0	1	6	Jump	Normal
12.2200	19.2302	-0.8428	-35.3227	-112.2678	59.3616	-9.6111	-10.0909	25.2904	4.8155	13.5603	2.1893	-0.2449	-0.7711	-0.4818	0.3366	-0.0666	0.2684	1.1664	7.4045	5.6699	-3.0321	14.525507933130383	0	1	6	Jump	Normal
2.2601	6.5505	-2.7581	-31.5520	-115.4727	64.6402	-10.2755	-5.2480	25.4430	-5.2843	1.4192	0.8360	-0.3124	-0.7653	-0.4689	0.3112	1.6335	-0.1598	0.9405	7.5444	5.1314	-3.5941	-15.341820305869954	0	1	6	Jump	Normal
5.2870	4.4059	-3.6015	-26.6695	-115.1046	63.5030	-10.9199	-0.1655	24.1887	-2.6484	0.0043	0.1166	-0.3269	-0.7634	-0.4402	0.3415	1.0849	0.6498	1.0642	7.9354	4.4016	-3.7180	0.3094045877869984	0	1	6	Upright	Normal
9.8450	2.7581	-4.0606	-13.2327	-109.0151	60.8194	-11.5804	5.7978	20.3743	0.8197	0.5134	-0.9502	-0.3517	-0.7314	-0.3728	0.4499	1.1669	1.2986	1.4839	9.0252	2.2447	-3.1104	3.2333226343228336	0	0	6	Upright	Normal
8.8107	-4.2138	-1.7238	-5.3902	-101.8142	58.0338	-12.9013	10.1802	16.1054	-0.7458	-5.1350	0.2752	-0.3501	-0.6923	-0.3374	0.5331	-0.1774	-0.0479	0.4847	9.5565	0.9212	-1.9990	-1.083430363152626	0	1	7	PT	Normal
7.2407	0.3071	0.2292	-4.7955	-96.8536	59.9179	-14.1139	10.4840	15.2585	-2.4617	-0.5127	1.3955	-0.3492	-0.6614	-0.3582	0.5588	-0.5737	0.4218	-0.3696	9.7024	0.8197	-1.1663	-2.666628481835245	0	1	7	PT	Normal
10.9182	1.7244	2.4511	-4.2029	-92.0795	56.7780	-15.3158	10.0629	14.7487	1.1444	1.0059	2.8060	-0.3196	-0.6449	-0.3530	0.5977	-0.7452	0.8959	0.4187	9.7737	0.7186	-0.3549	4.071204499660112	0	1	7	Jump	Normal
9.3470	1.1492	0.7661	-5.0577	-91.3839	55.1794	-15.3520	9.6361	13.2757	-0.4185	0.2848	1.0021	-0.3038	-0.6479	-0.3512	0.6039	-0.0709	-0.5784	-0.2347	9.7655	0.8645	-0.2360	-1.8735463527179572	0	1	7	PT	Normal
8.9639	1.6472	-0.3831	-6.8022	-93.4996	53.0962	-15.0648	8.8707	15.4212	-0.7555	0.4857	0.2114	-0.2886	-0.6686	-0.3444	0.5925	0.2859	-0.2716	-0.1292	9.7194	1.1615	-0.5945	-0.3264555482359768	0	1	7	Upright	Normal
8.6580	1.1881	-1.4946	-7.3861	-94.9724	49.8356	-14.4781	9.2837	14.8701	-1.0306	-0.0724	-0.6515	-0.2704	-0.6854	-0.3272	0.5916	0.4489	-0.1310	-0.0419	9.6886	1.2605	-0.8431	-0.2560117748325741	0	1	7	Upright	Normal
9.3476	1.4563	-1.5712	-7.0626	-96.4943	47.5704	-14.2339	9.9387	14.9927	-0.3222	0.2506	-0.4703	-0.2628	-0.6979	-0.3101	0.5897	0.1677	-0.1332	0.0519	9.6697	1.2056	-1.1009	0.7239244898141628	0	0	7	Upright	Normal
8.9262	1.5329	-1.0732	-7.1903	-96.5473	47.0940	-14.0104	9.7597	15.0602	-0.7398	0.3056	0.0362	-0.2593	-0.6995	-0.3083	0.5903	0.0250	0.0724	0.0327	9.6660	1.2273	-1.1094	-0.46971864422887855	0	0	7	Upright	Normal
9.5768	1.2641	-0.8428	-7.0207	-96.4930	46.6853	-14.2307	10.0331	14.9273	-0.0938	0.0657	0.2580	-0.2576	-0.6998	-0.3053	0.5922	-0.1136	0.0607	0.0196	9.6706	1.1984	-1.1007	0.5763351591121317	0	0	7	Upright	Normal
9.4625	1.1498	-0.6518	-6.6896	-95.7084	46.4720	-14.4852	10.2728	15.1586	-0.2291	0.0076	0.3171	-0.2560	-0.6956	-0.3040	0.5985	0.0484	0.1502	0.0239	9.6916	1.1422	-0.9689	-0.14220529392388848	0	0	7	Upright	Normal
9.2709	1.3414	-0.4603	-6.9839	-95.3421	46.4468	-14.1451	10.6668	14.1591	-0.4206	0.1490	0.4461	-0.2533	-0.6943	-0.3064	0.5999	-0.0294	-0.0288	-0.0486	9.6916	1.1923	-0.9064	-0.17561672917143412	1	0	8	Upright	Normal
9.2709	1.6478	-0.6135	-7.2771	-94.2644	46.1251	-14.6529	10.4347	15.0368	-0.4298	0.4058	0.1098	-0.2468	-0.6899	-0.3088	0.6064	0.2550	0.5124	-0.0230	9.7007	1.2420	-0.7233	0.05742238484600293	1	0	8	Upright	Normal
9.1177	1.4563	-0.2687	-7.5745	-93.9756	46.0408	-14.8905	10.2898	14.7773	-0.5798	0.1637	0.4052	-0.2439	-0.6891	-0.3106	0.6076	-0.0092	0.0756	0.0079	9.6976	1.2926	-0.6740	-0.19898706633265384	1	0	8	Upright	Normal
9.3470	1.3791	-0.6129	-7.7088	-93.2942	46.2085	-14.7221	9.6989	13.9637	-0.3549	0.0637	-0.0545	-0.2422	-0.6854	-0.3137	0.6108	0.0143	0.0330	-0.0131	9.7019	1.3153	-0.5584	0.2308722751559369	1	0	8	Upright	Normal
9.2709	1.3797	-0.4603	-7.7998	-92.8219	46.3750	-15.2648	10.1334	14.4082	-0.4331	0.0489	0.0181	-0.2414	-0.6827	-0.3161	0.6129	-0.0304	0.1108	-0.0099	9.7040	1.3307	-0.4784	-0.08375316813883771	1	0	8	Upright	Normal
9.2326	1.4180	-0.1921	-7.9206	-92.2556	46.4688	-14.8201	10.5096	13.4894	-0.4729	0.0667	0.1902	-0.2397	-0.6797	-0.3185	0.6157	-0.0166	0.1065	0.0061	9.7055	1.3512	-0.3823	-0.04146377861335715	1	0	8	Upright	Normal
9.2320	1.5323	-0.1532	-7.9633	-91.1241	46.8078	-15.2393	10.0190	14.1561	-0.4781	0.1739	0.0374	-0.2383	-0.6730	-0.3229	0.6213	-0.0549	0.2898	0.0231	9.7101	1.3584	-0.1906	0.016720376886759425	1	0	8	Upright	Normal
9.4625	0.8817	-0.1921	-7.9975	-90.0740	46.5078	-15.4523	10.5764	13.5014	-0.2487	-0.4826	-0.1796	-0.2334	-0.6680	-0.3236	0.6282	0.0590	0.1747	0.0178	9.7112	1.3642	-0.0126	0.1458762106048077	1	0	8	Upright	Normal
9.1937	1.4557	0.0766	-8.0199	-90.8290	46.5450	-15.8290	10.4226	13.1802	-0.5160	0.0875	0.2171	-0.2356	-0.6720	-0.3224	0.6236	0.0100	-0.0905	-0.0088	9.7097	1.3681	-0.1405	-0.19688285356729374	1	0	8	Upright	Normal
9.2703	1.3024	-0.1915	-8.0830	-90.7760	46.5436	-15.4311	10.0329	13.5225	-0.4378	-0.0763	-0.0600	-0.2351	-0.6719	-0.3229	0.6237	0.0037	-0.0213	0.0019	9.7082	1.3788	-0.1315	0.0547525700070004	1	0	8	Upright	Normal
9.2326	1.3030	-0.0389	-8.0867	-90.7749	46.5592	-15.8169	10.1381	13.4816	-0.4755	-0.0765	0.0925	-0.2352	-0.6719	-0.3230	0.6237	0.0069	-0.0107	0.0008	9.7082	1.3795	-0.1314	-0.039125117830021594	2	0	9	Upright	Normal
9.3853	1.3024	-0.1532	-8.0638	-90.9306	46.5946	-15.2627	9.6885	13.8019	-0.3231	-0.0730	0.0045	-0.2359	-0.6726	-0.3227	0.6227	0.0047	-0.0820	0.0114	9.7083	1.3755	-0.1577	0.15229991958603328	2	0	9	Upright	Normal
9.2320	1.3024	-0.1532	-8.0372	-91.1011	46.5924	-15.4372	10.9736	13.8119	-0.4764	-0.0685	0.0335	-0.2366	-0.6735	-0.3222	0.6218	0.0090	0.0288	0.0040	9.7085	1.3710	-0.1867	-0.15180028310714988	2	0	9	Upright	Normal
9.2709	1.2647	-0.0772	-8.0562	-90.9896	46.6631	-15.4837	10.2755	13.8641	-0.4374	-0.1094	0.0905	-0.2366	-0.6728	-0.3229	0.6222	-0.0038	-0.0021	0.0020	9.7083	1.3741	-0.1677	0.032409274421034695	2	0	9	Upright	Normal
9.2326	1.3414	-0.1155	-8.0537	-90.9547	46.7046	-15.1246	10.3089	14.1358	-0.4758	-0.0325	0.0464	-0.2367	-0.6725	-0.3232	0.6223	0.0026	0.0181	0.0030	9.7085	1.3738	-0.1619	-0.026831418009413355	2	0	9	Upright	Normal
9.1937	1.3408	-0.0766	-8.0605	-90.9492	46.7548	-15.9331	10.0648	13.4517	-0.5146	-0.0341	0.0842	-0.2369	-0.6724	-0.3235	0.6222	0.0047	0.0096	-0.0055	9.7083	1.3749	-0.1609	-0.03898026621556561	2	0	9	Upright	Normal
9.3093	1.3414	-0.0772	-8.0582	-90.9397	46.7858	-15.1915	10.2279	13.3509	-0.3992	-0.0332	0.0822	-0.2371	-0.6722	-0.3237	0.6222	0.0090	0.0075	-0.0012	9.7085	1.3746	-0.1594	0.11449190708189327	2	0	9	Upright	Normal
9.1554	1.3408	-0.0766	-8.0604	-90.9293	46.7997	-15.2758	10.7918	13.9285	-0.5531	-0.0343	0.0810	-0.2372	-0.6722	-0.3238	0.6222	0.0058	-0.0117	-0.0066	9.7085	1.3750	-0.1576	-0.1523876107632649	2	0	9	Upright	Normal
9.3093	1.3030	-0.1155	-8.0756	-90.9297	46.8231	-15.5299	10.2850	13.9721	-0.3988	-0.0745	0.0420	-0.2372	-0.6721	-0.3240	0.6221	-0.0091	0.0085	-0.0066	9.7080	1.3776	-0.1576	0.14738058703024137	2	0	9	Upright	Normal
9.2320	1.4180	-0.1532	-8.1203	-90.9618	46.8023	-15.1769	10.5214	13.3767	-0.4748	0.0329	0.0097	-0.2369	-0.6724	-0.3241	0.6218	0.0218	-0.0117	-0.0034	9.7068	1.3850	-0.1630	-0.05923500144483462	3	0	10	Upright	Normal
9.2703	1.3791	-0.1915	-8.1234	-90.9625	46.8469	-15.0199	10.4269	13.6646	-0.4365	-0.0066	-0.0284	-0.2372	-0.6724	-0.3244	0.6217	0.0101	-0.0170	-0.0077	9.7068	1.3856	-0.1631	0.032754401166155134	3	0	10	Upright	Normal
9.2703	1.3791	-0.1532	-8.1364	-91.0035	46.8663	-15.4128	10.2450	13.8388	-0.4360	-0.0087	0.0169	-0.2373	-0.6726	-0.3245	0.6213	0.0090	-0.0107	-0.0077	9.7064	1.3877	-0.1701	-7.041878861411277E-4	3	0	10	Upright	Normal
9.2320	1.3408	-0.1915	-8.1631	-91.1259	46.8607	-15.5775	10.0256	14.4605	-0.4733	-0.0516	-0.0007	-0.2375	-0.6733	-0.3243	0.6205	0.0260	-0.0160	-0.0034	9.7053	1.3924	-0.1908	-0.042749308071106995	3	0	10	Upright	Normal
9.3087	1.2641	-0.1532	-8.1674	-91.2816	46.8870	-15.3972	10.3708	13.3137	-0.3961	-0.1290	0.0639	-0.2380	-0.6741	-0.3242	0.6196	0.0282	-0.0288	-0.0024	9.7047	1.3931	-0.2171	0.0645651113458019	3	0	10	Upright	Normal
9.3093	1.3797	-0.1538	-8.2071	-91.6195	46.9012	-14.3386	10.7541	13.7399	-0.3929	-0.0202	0.1206	-0.2389	-0.6760	-0.3238	0.6174	-0.0187	-0.0597	-0.0067	9.7022	1.3999	-0.2744	0.01685451154888895	3	0	10	Upright	Normal
9.2320	1.3024	-0.2298	-8.2744	-91.6785	46.8766	-15.1533	10.3990	14.2305	-0.4684	-0.1088	0.0545	-0.2385	-0.6765	-0.3239	0.6169	0.0154	-0.0043	-0.0035	9.7004	1.4112	-0.2843	-0.08599500549755845	3	0	10	Upright	Normal
9.3087	1.3408	-0.2298	-8.2682	-91.6860	46.9151	-14.8329	10.4204	14.4603	-0.3918	-0.0694	0.0558	-0.2388	-0.6764	-0.3240	0.6168	-0.0091	0.0128	-0.0003	9.7004	1.4102	-0.2857	0.08132654626129288	3	0	10	Upright	Normal
9.2326	1.3030	-0.2687	-8.2665	-91.5614	47.0154	-15.0780	10.1365	13.8907	-0.4685	-0.1068	-0.0042	-0.2390	-0.6755	-0.3248	0.6172	-0.0240	0.0085	0.0008	9.7012	1.4099	-0.2646	-0.07960945211873316	3	0	10	Upright	Normal
9.3093	1.2647	-0.1921	-8.2607	-91.5098	47.0413	-15.6182	10.4005	14.1648	-0.3922	-0.1441	0.0636	-0.2391	-0.6752	-0.3250	0.6175	-0.0091	0.0064	-0.0055	9.7015	1.4088	-0.2557	0.06881417473837281	3	0	10	Upright	Normal
9.2326	1.3030	-0.2304	-8.2598	-91.5113	47.0677	-15.2916	10.5482	14.0173	-0.4688	-0.1056	0.0256	-0.2392	-0.6751	-0.3252	0.6174	-0.0091	0.0096	-0.0098	9.7015	1.4087	-0.2560	-0.06983886691370955	4	0	11	Upright	Normal
9.2703	1.4174	-0.1915	-8.2997	-91.3824	47.1680	-14.8679	9.8995	13.7379	-0.4307	0.0018	0.0426	-0.2392	-0.6743	-0.3262	0.6178	-0.0176	0.0266	0.0020	9.7010	1.4156	-0.2342	0.05304750100594369	4	0	11	Upright	Normal
9.1937	1.2641	-0.1149	-8.2783	-91.2959	47.2102	-14.6263	10.2805	14.0231	-0.5082	-0.1477	0.1046	-0.2394	-0.6737	-0.3265	0.6182	-0.0102	0.0277	0.0009	9.7019	1.4118	-0.2195	-0.09907820585117477	4	0	11	Upright	Normal
9.3093	1.3797	-0.1155	-8.2854	-91.2315	47.2168	-15.1663	10.6101	13.6778	-0.3928	-0.0334	0.0931	-0.2392	-0.6734	-0.3267	0.6186	-0.0166	0.0107	-0.0012	9.7021	1.4130	-0.2086	0.13078537898007347	4	0	11	Upright	Normal
9.2709	1.3414	-0.2304	-8.2681	-91.2165	47.2424	-15.6059	9.7566	14.1284	-0.4316	-0.0688	-0.0244	-0.2394	-0.6732	-0.3268	0.6186	-0.0038	0.0085	-0.0024	9.7025	1.4102	-0.2061	-0.04142088780339037	4	0	11	Upright	Normal
9.2326	1.4180	-0.1538	-8.2677	-91.2157	47.2737	-15.7184	10.0450	13.8325	-0.4699	0.0079	0.0521	-0.2396	-0.6731	-0.3269	0.6185	0.0058	-0.0011	-0.0024	9.7025	1.4100	-0.2059	-0.02814902366057126	4	0	11	Upright	Normal
9.3087	1.3024	-0.2682	-8.2525	-91.2481	47.3200	-15.4428	9.7822	14.3475	-0.3941	-0.1050	-0.0567	-0.2400	-0.6732	-0.3270	0.6183	0.0058	-0.0160	-0.0035	9.7028	1.4075	-0.2114	0.06107019736933417	4	0	11	Upright	Normal
9.3087	1.3408	-0.1915	-8.2462	-91.1816	47.4124	-14.9828	9.2545	13.8318	-0.3944	-0.0657	0.0087	-0.2404	-0.6726	-0.3276	0.6184	-0.0070	0.0149	-0.0003	9.7031	1.4064	-0.2002	0.0035215492688038808	4	0	11	Upright	Normal
9.2709	1.3797	-0.1921	-8.2470	-91.1777	47.5175	-14.9239	9.6780	14.6645	-0.4322	-0.0269	0.0075	-0.2410	-0.6724	-0.3282	0.6181	-0.0017	0.0128	-0.0035	9.7031	1.4066	-0.1996	-0.03174626960900362	4	0	11	Upright	Normal
9.2326	1.3030	-0.1155	-8.2450	-91.1711	47.6630	-15.3526	9.3900	14.7871	-0.4706	-0.1032	0.0829	-0.2418	-0.6720	-0.3290	0.6178	0.0015	0.0064	-0.0044	9.7033	1.4063	-0.1984	-0.05016108058821089	4	0	11	Upright	Normal
9.2709	1.3414	-0.2304	-8.2432	-91.1648	47.7788	-15.2280	9.7736	14.7194	-0.4323	-0.0646	-0.0331	-0.2425	-0.6717	-0.3296	0.6175	0.0133	0.0107	-0.0023	9.7033	1.4060	-0.1974	0.045464627219647724	5	0	12	Upright	Normal
9.1937	1.3408	-0.1532	-8.2509	-91.1602	47.8974	-14.8079	9.6338	13.9074	-0.5094	-0.0664	0.0434	-0.2432	-0.6715	-0.3303	0.6171	0.0069	-0.0053	-0.0002	9.7031	1.4072	-0.1966	-0.07805437139810856	5	0	12	Upright	Normal
9.2709	1.3414	-0.2687	-8.2508	-91.1752	47.9957	-15.2535	9.7027	13.9919	-0.4322	-0.0658	-0.0696	-0.2438	-0.6714	-0.3308	0.6168	0.0218	-0.0053	0.0020	9.7031	1.4072	-0.1992	0.07907432529671077	5	0	12	Upright	Normal
9.2709	1.3797	-0.1538	-8.2696	-91.1973	48.1051	-14.8481	10.2990	14.2470	-0.4316	-0.0307	0.0491	-0.2444	-0.6713	-0.3315	0.6163	-0.0198	0.0075	-0.0066	9.7025	1.4103	-0.2029	0.002969912020924781	5	0	12	Upright	Normal
9.3093	1.3030	-0.1155	-8.2850	-91.1485	48.1516	-15.5421	9.7822	14.4175	-0.3931	-0.1100	0.0790	-0.2444	-0.6710	-0.3319	0.6164	-0.0025	-0.0022	-0.0044	9.7024	1.4130	-0.1945	0.02649342462059323	5	0	12	Upright	Normal
9.2320	1.3408	-0.2298	-8.2850	-91.1538	48.2040	-15.4896	9.8605	13.9629	-0.4702	-0.0723	-0.0344	-0.2447	-0.6709	-0.3322	0.6162	0.0018	-0.0000	-0.0012	9.7022	1.4130	-0.1954	-0.06906948620239106	5	0	12	Upright	Normal
9.3093	1.3030	-0.1921	-8.2877	-91.1518	48.2238	-15.4475	10.1072	13.6942	-0.3929	-0.1104	0.0030	-0.2448	-0.6708	-0.3323	0.6161	0.0007	-0.0000	-0.0023	9.7022	1.4135	-0.1951	0.0703226082334929	5	0	12	Upright	Normal
9.1937	1.3408	-0.1149	-8.2869	-91.1530	48.2465	-15.7786	9.9525	14.2250	-0.5085	-0.0726	0.0804	-0.2450	-0.6708	-0.3324	0.6161	0.0156	-0.0043	0.0009	9.7022	1.4133	-0.1953	-0.11034331805715425	5	0	12	Upright	Normal
9.2320	1.3024	-0.1532	-8.2802	-91.1864	48.2729	-15.2310	10.0636	14.2932	-0.4702	-0.1098	0.0477	-0.2453	-0.6709	-0.3325	0.6158	0.0135	-0.0096	-0.0002	9.7022	1.4123	-0.2010	0.03300772248112693	5	0	12	Upright	Normal
9.2709	1.2647	-0.2687	-8.2385	-91.3318	48.2173	-15.1392	10.1318	14.4501	-0.4319	-0.1404	-0.0431	-0.2456	-0.6717	-0.3316	0.6152	0.0316	-0.0416	-0.0002	9.7028	1.4051	-0.2257	0.035948161772292764	5	0	12	Upright	Normal
9.2326	1.4180	-0.2687	-8.2369	-91.3842	48.2699	-15.1546	9.9314	14.3697	-0.4700	0.0130	-0.0343	-0.2461	-0.6719	-0.3318	0.6148	-0.0014	-0.0043	-0.0012	9.7027	1.4049	-0.2345	-0.015900172247992117	6	0	13	Upright	Normal
9.2326	1.3797	-0.2304	-8.2364	-91.4752	48.2808	-15.5411	9.8554	14.3611	-0.4696	-0.0251	0.0195	-0.2464	-0.6723	-0.3316	0.6142	0.0242	-0.0160	-0.0012	9.7022	1.4048	-0.2499	-0.006758532924399319	6	0	13	Upright	Normal
9.2703	1.3408	-0.2298	-8.2523	-91.5743	48.2937	-15.5146	10.5077	14.1156	-0.4310	-0.0667	0.0368	-0.2467	-0.6729	-0.3316	0.6136	0.0156	-0.0192	-0.0002	9.7013	1.4075	-0.2667	0.03161561579147154	6	0	13	Upright	Normal
9.2326	1.3797	-0.1921	-8.2571	-91.5953	48.2684	-15.1023	10.2751	13.9207	-0.4685	-0.0286	0.0781	-0.2465	-0.6730	-0.3314	0.6135	0.0242	-0.0043	-0.0066	9.7012	1.4082	-0.2702	-0.03248210545207009	6	0	13	Upright	Normal
9.2326	1.3414	-0.2687	-8.2666	-91.5993	48.3042	-15.1193	9.6252	14.1039	-0.4682	-0.0685	0.0022	-0.2467	-0.6730	-0.3317	0.6133	0.0007	0.0010	0.0020	9.7009	1.4099	-0.2710	-0.0036914177906197665	6	0	13	Upright	Normal
9.3093	1.3030	-0.2304	-8.2479	-91.5751	48.3336	-14.8231	9.6860	14.1608	-0.3922	-0.1037	0.0364	-0.2469	-0.6728	-0.3318	0.6134	-0.0099	0.0032	-0.0055	9.7015	1.4067	-0.2668	0.06946455428636078	6	0	13	Upright	Normal
9.3087	1.3024	-0.1532	-8.2578	-91.5193	48.4134	-14.8805	9.6203	13.7969	-0.3928	-0.1059	0.1041	-0.2472	-0.6723	-0.3324	0.6135	-0.0397	0.0074	-0.0055	9.7015	1.4084	-0.2574	-0.002252937246392861	6	0	13	Upright	Normal
9.2320	1.4174	-0.2682	-8.2875	-91.4743	48.4578	-15.5992	10.2037	13.8119	-0.4690	0.0040	-0.0184	-0.2471	-0.6721	-0.3329	0.6136	-0.0003	0.0053	0.0009	9.7010	1.4133	-0.2497	-0.0565932345883855	6	0	13	Upright	Normal
9.3470	1.4174	-0.2682	-8.2896	-91.4585	48.4417	-14.7011	9.8702	13.5232	-0.3540	0.0036	-0.0211	-0.2470	-0.6720	-0.3328	0.6137	-0.0099	0.0021	-0.0012	9.7010	1.4138	-0.2471	0.1136377255441694	6	0	13	Upright	Normal
9.2320	1.3024	-0.2682	-8.2670	-91.3904	48.4846	-15.1885	9.8809	14.4995	-0.4697	-0.1076	-0.0326	-0.2472	-0.6715	-0.3331	0.6140	-0.0195	0.0074	-0.0012	9.7018	1.4100	-0.2355	-0.1303894829681962	6	0	13	Upright	Normal
9.2326	1.3797	-0.1921	-8.2667	-91.3903	48.4848	-15.5079	9.9793	14.1215	-0.4691	-0.0302	0.0434	-0.2472	-0.6715	-0.3331	0.6140	0.0029	0.0138	-0.0024	9.7018	1.4099	-0.2355	0.009824792763064139	7	0	14	Upright	Normal
9.3093	1.3797	-0.1538	-8.2667	-91.3860	48.5169	-14.6824	9.8178	13.9956	-0.3926	-0.0302	0.0810	-0.2473	-0.6714	-0.3333	0.6140	0.0007	-0.0043	-0.0045	9.7019	1.4099	-0.2348	0.07514503326438593	7	0	14	Upright	Normal
9.1943	1.3797	-0.1921	-8.2738	-91.3844	48.5671	-15.2211	9.4740	14.5989	-0.5073	-0.0314	0.0423	-0.2476	-0.6713	-0.3336	0.6138	-0.0046	0.0117	-0.0035	9.7016	1.4111	-0.2345	-0.11301514884278596	7	0	14	Upright	Normal
9.2709	1.3797	-0.1921	-8.2734	-91.1982	48.6066	-15.5615	10.1949	13.8640	-0.4314	-0.0314	0.0109	-0.2473	-0.6702	-0.3342	0.6148	0.0146	0.0117	0.0040	9.7024	1.4111	-0.2031	0.07574278501246567	7	0	14	Upright	Normal
9.3093	1.3797	-0.1921	-8.2807	-91.2004	48.6113	-15.0986	10.0981	14.2273	-0.3929	-0.0326	0.0112	-0.2473	-0.6702	-0.3342	0.6147	-0.0067	-0.0022	-0.0024	9.7022	1.4123	-0.2034	0.03797610037096	7	0	14	Upright	Normal
9.2320	1.3791	-0.1149	-8.2926	-91.2012	48.6134	-15.3388	10.2751	14.7324	-0.4699	-0.0353	0.0886	-0.2472	-0.6703	-0.3343	0.6147	-0.0025	0.0053	0.0020	9.7019	1.4144	-0.2035	-0.07779989177196533	7	0	14	Upright	Normal
9.2709	1.3797	-0.0772	-8.3043	-91.1940	48.6349	-15.1572	9.8567	14.1879	-0.4307	-0.0367	0.1251	-0.2473	-0.6702	-0.3345	0.6146	-0.0025	-0.0064	-0.0012	9.7016	1.4163	-0.2023	0.03817337034893953	7	0	14	Upright	Normal
9.3093	1.4563	-0.1538	-8.3089	-91.1885	48.6478	-14.8944	10.0729	14.1088	-0.3923	0.0392	0.0476	-0.2473	-0.6702	-0.3346	0.6146	0.0029	-0.0043	-0.0012	9.7016	1.4171	-0.2014	0.05045589225941072	7	0	14	Upright	Normal
9.2709	1.3797	-0.2687	-8.3130	-91.2291	48.6255	-14.5029	10.2833	14.4452	-0.4304	-0.0382	-0.0606	-0.2473	-0.6704	-0.3344	0.6144	0.0220	-0.0203	0.0010	9.7013	1.4178	-0.2081	-0.046923132460005235	7	0	14	Upright	Normal
9.2320	1.2641	-0.1915	-8.2979	-91.2520	48.6777	-15.2382	9.9444	14.1399	-0.4696	-0.1510	0.0205	-0.2477	-0.6704	-0.3346	0.6142	-0.0248	0.0021	-0.0022	9.7016	1.4151	-0.2120	-0.056741988100510454	8	0	15	Upright	Normal
9.2326	1.3797	-0.2304	-8.3013	-91.2451	48.6528	-15.3744	9.7307	13.8514	-0.4690	-0.0362	-0.0195	-0.2475	-0.6704	-0.3345	0.6143	-0.0067	-0.0011	-0.0034	9.7016	1.4159	-0.2110	0.017853469579703685	8	0	15	Upright	Normal
9.2703	1.4557	-0.2298	-8.3112	-91.2461	48.6623	-15.3479	10.0177	14.3974	-0.4310	0.0383	-0.0187	-0.2475	-0.6704	-0.3346	0.6142	0.0061	-0.0075	-0.0002	9.7013	1.4174	-0.2111	0.048746820793553525	8	0	15	Upright	Normal
9.2703	1.3408	-0.2298	-8.3148	-91.2485	48.7068	-15.4165	9.4743	14.6208	-0.4308	-0.0772	-0.0184	-0.2478	-0.6704	-0.3348	0.6141	0.0071	-0.0086	0.0020	9.7012	1.4180	-0.2114	-0.017131205002081984	8	0	15	Upright	Normal
9.2320	1.3791	-0.2682	-8.3150	-91.2630	48.7446	-15.3292	9.8321	14.0863	-0.4691	-0.0389	-0.0542	-0.2480	-0.6704	-0.3350	0.6139	0.0135	-0.0054	0.0020	9.7012	1.4180	-0.2140	-0.03128815907175131	8	0	15	Upright	Normal
9.2320	1.3791	-0.1532	-8.3297	-91.2768	48.7508	-14.6420	10.1544	14.2957	-0.4687	-0.0414	0.0630	-0.2480	-0.6704	-0.3351	0.6137	0.0220	-0.0160	-0.0034	9.7007	1.4205	-0.2162	-0.0025951076015999774	8	0	15	Upright	Normal
9.3470	1.4174	-0.2682	-8.3637	-91.4910	48.6890	-14.6257	9.5981	14.6876	-0.3521	-0.0090	-0.0156	-0.2481	-0.6718	-0.3345	0.6126	0.0295	-0.0480	-0.0087	9.6991	1.4263	-0.2526	0.12196585142641325	8	0	15	Upright	Normal
9.2703	1.4174	-0.3065	-8.3783	-91.5474	48.7337	-14.8248	9.9638	14.4196	-0.4280	-0.0114	-0.0444	-0.2484	-0.6720	-0.3347	0.6121	0.0188	-0.0096	0.0019	9.6983	1.4287	-0.2620	-0.0746224802373554	8	0	15	Upright	Normal
9.2703	1.3791	-0.2682	-8.3902	-91.6655	48.7397	-15.2267	10.1338	14.0080	-0.4272	-0.0518	0.0139	-0.2488	-0.6727	-0.3345	0.6113	0.0188	-0.0118	-0.0024	9.6976	1.4308	-0.2821	-0.006882867104657464	8	0	15	Upright	Normal
9.2709	1.4180	-0.4220	-8.4220	-91.7854	48.7497	-14.9718	9.5291	14.0719	-0.4251	-0.0183	-0.1197	-0.2490	-0.6734	-0.3345	0.6105	0.0124	-0.0054	-0.0024	9.6961	1.4362	-0.3023	0.012048485260640618	8	0	15	Upright	Normal
9.2703	1.3791	-0.3831	-8.4268	-91.7934	48.8000	-14.8182	9.5823	14.6864	-0.4256	-0.0579	-0.0795	-0.2493	-0.6733	-0.3348	0.6103	-0.0067	0.0053	-0.0013	9.6959	1.4370	-0.3036	-0.008058660155811026	9	0	16	Upright	Normal
Total time: 16 seconds.
