2.0309 9.4242 1.1869 -0.3173 -0.514 -0.2245
1.9543 10.65 1.4168 -0.101 -0.7036 -0.1843
0.5752 8.275 1.1869 -0.0233 -0.3681 -0.261
1.4563 8.773 1.1869 0.3677 -0.367 -0.1311
0.4603 7.8153 0.9571 -0.0478 0.5512 -0.0
1.801 9.1943 0.8805 -0.1127 0.8772 0.2833
-0.6123 10.4202 1.3018 0.2814 0.2189 -0.3258
-2.2601 18.9238 1.6855 -0.1234 0.9944 -0.0488
1.992 6.2058 0.5363 -0.052 1.1808 0.5573
0.5746 7.0102 0.0383 -0.6666 -0.0932 -0.0638
0.8811 7.0485 0.1915 0.3507 -0.8166 -0.1735
1.3797 12.4121 1.9531 0.9663 -1.8999 -0.3302
1.0343 18.3109 2.3367 -0.4718 0.0612 -0.3696
0.996 8.1977 0.3065 -1.1696 1.1105 0.2376
-0.9194 3.371 0.2682 -0.0862 -0.1156 -0.6764
-0.5746 6.7421 0.8428 1.3125 0.9667 0.3484
0.1155 13.7912 0.9954 0.0364 0.3563 0.2232
-1.1875 18.7322 1.2641 -1.0886 0.5534 -0.009
1.2258 6.5505 0.1149 -0.1639 0.6194 0.611
0.2682 5.363 -0.3065 -0.2012 -0.5194 -0.629
0.3837 8.4282 0.8039 0.651 -0.9018 -0.2529
0.1149 8.5425 1.8004 0.7255 -1.7252 -0.4056
0.9583 16.7409 1.4934 -0.6412 -0.138 -0.3353
-0.1143 6.4362 0.3442 -0.9842 0.4863 -0.2767
0.8811 5.2098 0.5363 0.2238 -0.5865 -0.2831
1.3414 9.5774 0.4974 0.7266 -0.3447 0.0855
1.0343 11.3006 0.6895 0.5498 -0.0677 1.2978
-2.2218 15.1314 3.0263 0.3165 -2.8352 -0.2489
2.7198 10.5728 0.9194 -0.4569 -0.3042 0.273
0.422 5.8616 -0.0006 -0.4697 -0.9082 0.1079
-1.9531 10.6117 0.9188 -0.5826 -0.611 -0.5248
3.7924 13.5608 2.6815 0.9567 -2.1812 0.4242
3.4477 12.2966 4.1755 0.9215 -5.4302 -0.6389
-0.574 7.0874 2.1063 -0.1288 -0.7527 -0.51
-1.6855 6.4739 2.1835 0.1215 -1.5665 -0.5207
-0.498 11.6071 1.8771 -0.7424 -0.2914 0.1696
4.2904 13.0245 2.6432 -2.1133 4.5321 0.9234
-2.6043 11.1097 3.0257 2.0955 -2.9407 -0.7278
-1.6083 10.8415 3.4854 2.8167 -6.3751 0.7093
2.5289 5.5935 -0.8051 -1.3751 -0.0155 0.6123
-1.5317 9.6923 1.4168 -1.7053 1.9531 -0.2441
-0.3442 12.3355 -0.1155 -1.9716 -1.3758 0.1543
5.0955 10.1903 2.8724 2.6442 -5.1117 -0.0758
2.3756 12.4888 2.3361 -0.0712 -1.4163 -0.8332
-1.6466 5.6701 1.3402 -0.2843 -1.0467 -0.4721
-2.566 8.1983 1.1103 -0.5282 -0.84 -0.2878
0.7667 12.2972 1.3018 -1.2441 1.1211 0.71
1.6478 11.9908 1.0337 -0.5932 1.9244 1.363
-4.2515 11.8375 2.5277 2.577 -2.8129 -0.0613
0.9583 7.5854 3.3704 -0.3131 -2.8672 0.4266
0.8045 8.5042 -0.1915 -1.945 2.0128 0.6737
-0.7272 8.6197 -0.8051 -0.8617 -2.2099 -0.2369
0.1538 7.3556 1.57 1.6651 -1.3588 0.0166
1.2264 14.0977 2.0297 0.7416 -2.8363 -0.711
0.0006 14.0594 1.9148 -0.574 0.1305 -0.1219
0.4603 7.7004 0.4974 -1.748 2.5848 0.007
0.2687 5.5551 -0.2687 0.1024 -0.2626 -0.0761
-0.1532 6.8953 0.7661 0.8534 0.0346 0.1358
-0.6129 15.0547 1.7238 0.6265 -0.0485 -0.2764
-1.7238 17.1616 1.1109 -1.3879 0.0048 0.2466
0.6901 5.8999 -0.422 -0.9874 0.9518 0.6621
0.0006 7.4705 0.6123 1.1783 -0.0677 -0.1061
-0.0383 8.1594 0.9577 0.5051 -0.8198 -0.1082
-0.498 10.6111 1.6855 0.6126 -0.3084 -0.5855
1.6855 19.0387 2.5666 -0.1277 -0.3393 -0.3895
-0.6123 5.7084 0.076 -1.096 2.0884 -0.1178
0.7661 6.0142 0.4597 0.1738 -0.2285 0.1126
0.3071 7.1641 1.2252 0.7096 -0.2882 0.3502
-1.0343 13.9055 1.992 0.1259 -0.1849 -0.3486
-3.7158 17.6596 1.2258 -1.3378 0.7728 0.3566
1.9154 6.1292 0.0383 -0.0616 0.1145 0.5206
-0.3448 7.5082 0.4214 0.4657 -0.448 -0.0798
-0.3448 8.5808 0.9194 0.4892 -0.3436 0.0341
-0.6129 8.1211 1.1875 0.2228 -0.6046 -0.2364
-0.1526 18.3498 3.5237 1.0399 -0.693 -0.1981
2.8353 10.7649 0.3442 -0.7593 0.5704 0.3995
-1.1486 5.8233 0.574 -0.786 0.6343 -0.5986
-0.498 10.0748 1.8771 1.0676 -1.0232 -0.2481
2.7581 10.0365 1.3791 -0.1383 0.4458 0.2728
0.3837 12.5654 0.8422 -0.5995 1.0114 0.4901
-0.4974 8.5814 0.9571 -0.1191 -0.5992 0.0821
0.7284 11.4545 1.4551 0.3176 -0.2775 0.0923
0.9966 8.773 1.3785 0.5061 -0.4672 0.0507
0.3837 10.2286 1.1103 -0.2758 0.2807 0.1061
0.9583 9.6923 0.8039 -0.3024 0.042 0.007
0.6901 10.1903 0.9571 0.1642 -0.0453 -0.0281
1.1492 9.7683 0.9194 0.1354 -0.0975 0.0124
0.5746 9.8833 0.6895 -0.1745 0.1773 -0.0194
0.8434 9.5391 0.8422 0.1184 -0.1231 0.0477
0.92 9.8839 0.9188 -0.0957 -0.0102 0.0402
1.2641 9.7683 0.9194 0.096 -0.1039 -0.0184
1.1498 9.654 0.9571 -0.0456 -0.1668 0.0424
1.4174 9.73 0.8045 -0.0797 -0.0464 -0.0386
0.92 9.8456 0.7272 -0.0009 -0.1337 -0.0471
0.7667 9.8456 0.8805 0.0129 -0.0006 0.0211
1.0349 9.7306 0.7655 0.0034 0.0623 0.0072
0.9966 9.7689 0.7655 -0.0286 -0.0166 -0.0345
0.8045 9.8833 0.8428 -0.0563 0.0676 -0.0249
1.0343 9.845 0.8428 0.0151 0.09 -0.0121
0.9966 9.8456 0.9188 0.0065 0.0452 -0.0078
0.996 9.6917 0.9577 0.0321 0.0048 -0.01
0.9577 9.7683 0.8428 -0.0222 0.009 -0.0066
0.9194 9.7683 1.0343 -0.0393 0.009 -0.0269
0.996 9.8067 1.0726 -0.0211 -0.0293 -0.0407
0.8428 9.845 1.0343 -0.0371 0.0026 -0.0098
0.8811 9.845 0.996 0.0311 -0.0528 -0.0045
0.8811 9.8067 1.0343 -0.0158 -0.0176 0.0124
0.8428 9.7683 1.0343 0.0097 -0.0187 0.0156
0.8811 9.845 0.996 -0.019 0.0026 0.0209
0.9577 9.8067 0.9577 0.0097 0.0111 0.0188
0.9966 9.9222 1.072 -0.0233 0.0111 -0.011
0.9583 9.7306 0.9954 0.0013 -0.0016 -0.002
0.8817 9.7689 1.0337 -0.0062 -0.0027 -0.0169
0.8817 9.7306 0.9571 -0.0051 0.0069 -0.0191
0.92 9.7306 1.072 -0.003 0.0058 -0.0095
0.92 9.7689 1.072 -0.0147 0.0058 -0.0116
0.92 9.8456 1.1103 0.0151 -0.0453 -0.0234
0.9194 9.8833 1.1109 -0.0616 -0.0293 -0.0116
0.8045 9.845 1.0343 -0.0158 -0.007 -0.0223
0.8428 9.8067 1.0726 0.0119 -0.0219 -0.0308
0.7278 9.8067 1.1492 -0.0435 -0.0464 -0.0425
0.6901 9.8456 1.072 0.0013 0.008 -0.0329
0.8817 9.7306 1.1486 0.0045 -0.0655 -0.0774
0.6518 9.9988 1.0337 -0.0861 -0.0869 -0.1296
0.5746 9.7683 1.0343 0.0162 -0.1156 -0.1008
0.498 9.7683 1.1875 -0.0285 -0.0954 -0.0657
0.4214 9.845 1.0726 -0.0381 -0.0134 -0.0273
0.4214 9.9216 1.0726 0.0236 0.0048 0.014
0.3454 9.8072 1.1103 0.0119 0.0261 0.0534
0.422 9.8072 1.1486 0.0204 -0.0038 0.0374
0.6135 9.9222 1.1486 0.0066 0.0122 0.0417
0.6518 9.7689 1.072 0.0045 -0.0038 0.0225
0.6135 9.8839 1.1103 0.0343 -0.0261 0.0107
0.4603 9.7689 1.072 -0.0275 0.0197 -0.001
0.4986 9.7306 1.1103 0.0449 0.008 -0.0052
0.498 9.845 1.1109 -0.0328 0.0356 -0.0052
0.498 9.8067 1.0343 0.014 0.0133 0.0033
0.5752 9.7689 0.9954 0.0556 0.009 0.0321
0.7284 9.8072 0.8805 0.0524 0.0442 0.0683
0.6135 9.7689 0.9188 0.0439 0.0165 0.0524
0.7667 9.8072 0.8805 0.0311 -0.0027 0.0343
0.8817 9.8839 0.8805 -0.003 -0.0251 0.0279
0.8434 9.8456 0.9188 0.0044 -0.0719 -0.0251
0.7284 9.8456 0.9188 -0.018 -0.0443 -0.0113
0.7278 9.845 0.8045 -0.0382 -0.0325 -0.0006
0.7661 9.845 0.8811 0.0033 -0.0368 0.0356
