2.8353 9.3093 1.072 0.0066 -0.0559 -0.0608
3.2567 9.8072 1.3785 -0.2374 -0.4521 -0.1139
2.1841 10.1903 1.1103 -0.1447 -0.0058 0.0065
2.7587 8.3133 0.9571 -0.0744 -0.5278 -0.0937
2.4906 8.7346 1.0337 -0.3087 -0.1315 -0.0692
2.3756 9.7689 0.7272 -0.5761 0.3351 -0.1682
2.873 11.4922 0.5746 -0.1873 0.464 -0.216
3.5626 10.8793 1.992 0.5456 -1.3789 -0.2512
0.1915 9.6534 2.6432 1.3776 -1.2916 -0.3747
-1.0337 6.8959 2.7192 -0.3716 0.9881 0.1227
-0.6512 7.3933 1.2641 -0.8328 1.9479 0.748
3.2178 10.6877 0.1532 -0.8754 -0.3712 0.2206
2.0303 13.4075 1.6472 1.5704 -0.8239 0.5285
1.6855 9.3853 2.1835 1.0868 -1.739 -0.1256
3.1795 10.5728 2.873 -0.1202 -0.8463 0.0108
0.1155 5.4402 0.8422 -0.6933 1.1777 -0.0808
2.4906 9.8456 1.1486 -1.5551 0.4267 -0.3439
2.8347 13.1011 0.8811 0.4721 0.9412 0.2113
1.5706 11.6837 2.1452 2.053 -0.3733 0.0706
-0.7655 10.2669 3.562 -0.0637 -0.3616 -0.6463
1.4557 5.8227 1.494 -0.2554 0.1444 0.7077
2.7581 9.4619 -0.4597 -2.9889 2.9578 0.5596
1.916 11.9141 1.4551 1.8325 -0.3168 0.1207
3.6775 12.2583 2.7964 0.7757 -0.9922 0.1122
2.8736 10.1903 1.2635 -0.1585 -1.6346 -0.4162
0.1921 6.5511 0.7655 -0.7369 0.7335 -0.1669
1.801 8.4282 0.7655 -0.8424 0.1913 -0.315
3.0652 12.7569 0.8422 -0.1116 0.6259 0.1207
1.3797 12.4504 2.2978 1.384 -0.0154 0.4211
-0.8805 12.642 3.3704 0.7864 -1.4545 0.0355
1.6861 5.0955 -0.3454 -0.0722 -0.4298 0.4084
2.8353 9.5008 0.3059 -2.5042 3.0419 0.4361
2.4523 12.7186 -0.3454 1.3435 -0.14 0.1419
2.299 8.5814 3.064 1.5406 -1.544 -0.0083
2.4523 10.3435 1.7232 -0.509 -1.1637 -0.2938
-0.0766 5.8993 0.3831 -1.0629 1.2139 -0.1904
3.1418 8.6963 0.8805 -0.7199 -0.0175 -0.4429
3.8313 12.9101 1.3402 0.4636 0.7175 -0.0293
-0.076 8.8496 2.4128 2.1052 -0.1943 0.0037
-1.2252 11.9141 3.8684 0.7214 -1.968 0.0218
3.1801 5.5935 -3.2567 -0.9212 1.0339 0.2636
2.6432 12.2583 1.3408 1.7014 -0.7376 0.24
2.4523 9.2326 2.8724 1.3872 -1.8838 0.06
1.4946 10.3435 1.9914 -0.5005 -0.3147 -0.2276
0.2304 5.7467 0.4591 -1.0469 1.0073 -0.2883
2.6815 9.0022 1.0343 -0.6773 0.3905 -0.4823
2.2218 12.6414 0.6895 0.4764 1.3173 0.2762
1.494 12.6797 1.8004 1.8005 -0.4106 0.1026
-0.6123 10.4585 3.3321 -0.0328 -0.5949 -0.2575
3.1418 8.3133 -1.4946 -1.929 3.7621 0.2837
1.992 9.8833 0.3065 -2.4211 2.1279 0.1486
1.1875 9.8833 1.1875 2.1936 -0.0857 -0.0176
2.4906 11.9908 1.4551 0.617 -0.2306 0.3861
1.418 7.7387 2.2212 0.2463 -1.3853 -0.2488
1.2264 9.1177 1.4168 -0.314 0.3671 -0.2381
1.7238 9.0022 1.1492 -0.4259 -0.009 -0.2884
1.303 9.6923 1.4168 0.0599 -0.2007 -0.1499
1.992 9.4619 0.9194 0.0727 0.6845 0.3284
1.8004 10.1897 1.3408 -0.1436 -0.0846 0.1984
0.2304 8.658 1.072 0.1611 0.4022 0.2794
1.6095 10.4968 0.8039 -0.5282 0.3191 0.0344
1.916 9.6923 1.0337 0.0908 0.1359 0.0174
1.3797 9.6157 1.1869 0.0972 0.3095 0.0088
2.1075 9.7689 0.7655 -0.0403 0.056 0.0227
1.9154 9.9216 0.8045 0.1067 -0.3264 0.0408
1.7627 9.3476 1.1103 0.078 -0.3744 0.0442
2.3373 9.5774 0.8422 -0.1777 -0.3488 0.107
2.414 9.3093 0.9571 -0.1873 -0.3339 -0.1614
2.8353 9.5774 1.0337 -0.1191 -0.2092 0.0356
2.1458 9.6157 0.9188 -0.0807 -0.2551 0.1081
1.9926 9.5391 1.1103 -0.0232 -0.1262 -0.0177
2.6049 9.5385 1.1109 -0.0562 0.0155 0.0121
2.2224 9.6157 1.0337 -0.0648 0.0912 -0.0592
2.1841 9.5774 0.8422 0.0407 0.0677 -0.0518
2.1458 9.5774 1.0337 0.0567 0.039 0.0004
2.3373 9.4625 1.0337 0.0077 0.1029 0.0026
2.299 9.5774 0.9954 0.0397 0.0624 0.0037
2.1075 9.5008 1.1486 0.0056 0.0592 -0.0091
2.2607 9.654 1.1486 -0.0285 0.024 -0.007
2.2607 9.5774 1.072 0.0098 -0.0228 0.0047
2.2224 9.5008 1.1869 -0.0157 -0.0953 -0.0293
2.2224 9.6923 1.1103 -0.0498 -0.074 -0.0187
2.2224 9.5774 1.072 0.0375 -0.0686 0.0112
2.2607 9.4242 1.1486 -0.0317 -0.0601 -0.0155
2.1075 9.5774 1.072 -0.0754 -0.01 -0.0155
2.1458 9.654 1.1486 0.0002 -0.0697 -0.0636
2.0692 9.5391 1.1486 -0.0562 0.105 -0.0849
2.1075 9.5008 1.1103 -0.0008 0.023 -0.0306
1.9154 9.6151 1.1492 0.0226 0.007 -0.0093
2.0303 9.5385 1.2258 -0.0413 0.0251 -0.0146
1.9154 9.6534 1.1492 0.0098 -0.0122 -0.0167
1.9537 9.6151 1.3791 -0.0168 0.0091 0.0004
1.992 9.5385 1.2641 -0.0498 -0.0154 -0.0209
1.9537 9.6534 1.2641 -0.0179 -0.042 -0.0017
1.8777 9.654 1.2252 -0.0307 0.0251 0.0057
1.8393 9.5774 1.3785 0.0258 -0.0409 0.01
1.8777 9.654 1.2635 -0.0253 0.0358 0.0281
