3.3333 8.8496 1.9148 -0.0375 0.173 -0.0582
3.6775 9.1554 2.0303 -0.1791 -0.0219 -0.2648
3.1412 9.6534 2.5283 -0.1163 -0.1657 -0.333
2.6815 8.3127 1.8771 -0.2185 -0.0613 -0.3232
2.873 8.3127 1.9154 -0.1663 -0.0922 -0.2742
3.4866 10.5351 2.1063 -0.3762 0.0899 -0.1741
3.5249 12.2206 2.1446 0.0584 0.5896 0.0965
2.2224 8.3899 1.9914 0.7019 -0.4821 0.1466
0.0766 10.726 4.0989 1.3676 -2.2238 -0.2874
0.6129 6.6272 2.9497 -0.0907 -0.0911 0.1813
2.1069 7.4316 1.1875 -0.845 1.4759 0.4881
4.5969 11.0708 -0.9577 1.1002 0.6226 0.1409
4.1378 10.9565 1.6083 0.4877 -0.7676 0.4775
2.9886 10.3819 3.4087 0.6561 -0.8358 -0.1516
1.801 9.156 2.4511 0.0084 -1.2906 -0.3945
0.5369 5.9382 0.9188 -0.6148 0.5896 -0.1591
2.6055 8.658 1.5317 -1.0388 1.0657 -0.2741
5.4785 11.3395 0.4974 -1.0164 1.8721 0.2138
2.5289 12.1057 2.3744 1.5455 0.5363 0.6813
-0.5357 10.7266 3.3321 1.1077 -2.276 -0.3115
0.0389 5.785 2.4511 0.0659 0.4788 0.2456
2.2224 8.4665 1.1869 -0.8076 1.6729 0.4896
6.3596 11.148 -5.3253 0.8691 1.3661 0.6259
2.299 11.4162 0.574 0.7285 0.2465 0.4195
3.0646 11.722 1.5706 0.932 1.4727 0.1926
1.8387 10.8409 2.8347 0.9906 -0.1561 -0.4796
0.2298 7.6998 2.0686 0.688 2.0692 -0.0237
2.0686 9.0788 1.992 0.3461 2.2993 -0.208
4.7507 9.2709 2.068 0.9692 2.0958 -0.0803
4.9422 8.773 0.9954 0.607 3.7278 0.1274
3.7547 10.3435 1.9914 0.6007 3.6895 0.2201
0.5752 9.5008 2.0297 -0.373 3.9206 0.0454
0.4986 9.2709 2.4511 0.3972 1.2649 0.1178
0.7284 9.5774 2.068 0.0062 1.6868 0.2009
-0.5363 8.9256 2.49 -0.1056 0.956 0.0412
-0.1532 9.0022 2.7964 -0.3581 0.5395 0.0774
0.6129 8.7724 3.4093 -0.4049 -0.2914 -0.1112
1.0732 8.5048 3.6769 -0.3975 -0.5577 -0.2401
1.9926 8.1217 4.2515 -0.1152 0.2838 0.0389
1.4946 7.0491 4.6729 -0.7213 0.4873 -0.2424
-0.6512 6.3973 6.8953 -1.2764 2.3345 0.2487
-2.3361 6.8959 6.7798 -0.847 0.0303 -0.6983
-2.9108 7.279 5.9753 -0.6478 0.3595 -0.5033
-4.06 6.3979 6.7798 -0.5222 0.6961 -0.4321
-4.865 5.9376 7.7381 -0.1941 0.074 -0.3075
-4.3287 5.6695 8.0828 -0.0385 -0.2776 -0.3362
-4.9793 5.8616 8.5802 0.1532 -0.186 -0.3405
-5.0949 6.3973 8.9256 0.8062 -0.1636 0.3359
-3.7924 7.3933 8.5425 1.2909 0.009 0.7291
-3.5237 7.8153 7.3544 1.1727 -0.4065 1.0178
-1.8004 7.6614 4.9416 1.2473 -1.3471 0.3403
-0.8811 7.7764 3.7541 1.0331 -1.2278 0.6098
0.0766 8.9256 3.2561 0.3354 0.3168 0.4895
0.0766 9.0022 2.9113 -0.1536 0.499 0.4351
0.8045 9.3853 2.5283 -0.2931 0.237 0.3915
0.8811 9.845 1.8387 0.4409 0.188 0.4042
1.2264 8.9262 2.2978 1.0236 -0.7292 0.302
1.8771 8.9639 2.1452 0.1404 -0.3042 0.2327
1.5323 9.845 1.6472 -0.3219 0.8143 0.387
1.6861 9.3476 1.7615 0.0062 -0.2062 0.0323
2.299 9.6923 1.7232 0.0424 -0.0645 -0.0349
1.4557 9.5768 2.2601 0.0978 -0.0113 -0.0306
1.9926 9.2326 2.2595 0.0243 -0.1007 -0.0924
2.2607 9.4625 2.1446 -0.0843 0.1379 0.0175
1.7627 9.3859 2.3744 -0.1099 -0.023 0.0101
1.8393 9.5008 2.3744 -0.0662 -0.0613 -0.0059
1.7244 9.3476 2.4511 0.0052 0.0005 0.0133
1.8393 9.3093 2.4128 -0.0055 0.009 -0.0134
1.8777 9.4242 2.4894 -0.0364 -0.0081 -0.0047
1.8393 9.4242 2.4894 0.0062 -0.0326 -0.0015
1.8777 9.3859 2.3744 -0.0097 0.0282 0.007
1.8393 9.3859 2.4511 0.0148 -0.0198 -0.0026
1.7621 9.3853 2.4134 0.0062 0.0228 0.0102
1.916 9.4625 2.3744 -0.0033 0.0026 -0.0068
1.8387 9.4236 2.4134 0.0233 -0.0389 -0.0025
1.8004 9.4236 2.375 0.0137 0.0218 -0.0004
1.8771 9.3087 2.375 -0.0012 0.0292 -0.0121
1.7627 9.4625 2.4128 -0.0065 -0.0155 -0.027
1.8387 9.3853 2.375 0.0041 0.0282 -0.0123
1.6855 9.3087 2.375 0.003 -0.0102 -0.0144
1.6478 9.5008 2.3744 -0.0087 0.0527 -0.0048
1.7238 9.5002 2.375 0.0094 0.0324 -0.0048
1.7627 9.3859 2.4511 -0.0002 0.0026 -0.0038
1.7244 9.4242 2.3361 -0.0097 0.0271 -0.01
1.6855 9.4236 2.4134 0.0137 -0.0198 -0.0185
1.7244 9.3476 2.4511 -0.0044 -0.0006 -0.0142
1.6478 9.5008 2.4511 0.0062 -0.007 -0.01
1.7621 9.4619 2.4517 0.0126 -0.0006 0.0039
1.6861 9.4242 2.4128 -0.0013 0.0335 0.0097
1.7621 9.5002 2.375 -0.0141 0.0079 -0.0063
1.6472 9.347 2.375 0.0158 -0.039 -0.0095
1.6478 9.4625 2.4128 -0.0034 0.0186 -0.0063
1.7238 9.3853 2.375 -0.0034 -0.0166 -0.0127
1.6478 9.4625 2.3361 0.0243 -0.0081 -0.0015
1.6478 9.3859 2.3361 0.0148 -0.0144 -0.0079
1.6861 9.4625 2.2595 -0.0055 0.0335 0.0081
1.7244 9.4625 2.3744 0.0307 -0.0155 0.0059
1.6478 9.3859 2.4511 0.002 -0.0453 -0.0068
