3.1412 8.9639 1.1875 -0.1645 -0.0271 -0.1714
3.2561 9.3853 1.5706 -0.1187 -0.1762 -0.2268
3.3327 9.4619 1.494 -0.3605 -0.2082 -0.1948
2.299 8.9645 1.4934 -0.3211 -0.0249 -0.1726
2.4517 8.9256 1.5323 -0.2263 0.1146 -0.1439
2.6815 10.5345 1.4557 -0.1688 0.8379 -0.0192
4.3676 11.7226 1.7615 0.546 0.0784 0.0947
0.9583 9.1177 1.6849 1.1191 -0.4947 -0.2099
-0.0766 10.9176 4.8267 0.5673 -1.495 -0.738
0.4214 6.5122 1.992 -0.8793 0.7516 0.5424
3.6009 9.5768 0.8428 -1.283 2.7799 0.6234
1.8004 9.7683 1.8771 1.1724 -0.9933 0.0662
3.5243 13.9055 2.6049 -0.0569 -0.3775 0.6212
4.3676 8.5431 3.4854 0.8859 -4.4021 -0.5825
1.2264 7.9685 1.8381 -0.7259 1.6294 -0.1532
-0.1526 5.0955 1.2252 -0.1155 -0.5885 -0.2459
3.3327 11.4539 2.2601 -0.5256 0.2158 0.1057
4.4825 12.9867 1.8765 -0.5491 2.4241 1.0271
-0.6123 10.152 4.3281 2.0459 -1.1797 -0.0234
0.3071 7.0108 3.7152 0.0635 -2.164 -0.6508
2.8353 6.0148 -0.1155 -0.1879 0.7698 0.7862
3.0652 13.14 -4.2527 -0.6023 0.7069 0.4741
4.2144 12.4121 2.3744 0.7985 -0.0899 0.4645
4.0612 9.0028 4.3281 0.219 -2.4196 -0.5206
2.8353 8.4665 1.2635 -0.4233 -0.304 -0.2212
0.2682 5.5545 1.6089 -0.4265 -0.2518 -0.3757
6.3596 12.7186 -1.5329 -0.6407 1.1447 -0.4386
3.7164 13.14 1.6083 0.2648 1.9394 0.9154
-0.2292 9.5391 4.2515 2.1184 -1.8135 0.2244
0.6518 7.4322 3.9067 -0.0249 -1.4151 -0.4755
2.7964 5.2864 1.6855 -0.0387 -0.7003 0.61
1.7627 13.1783 -6.1298 0.2606 -0.402 0.0348
4.0995 12.5271 1.1869 0.6473 0.1551 0.3256
2.9886 9.4242 3.6386 0.1348 -1.2734 -0.1511
1.2647 8.9262 1.4168 -0.516 0.2627 -0.0914
0.8051 7.279 1.7998 -0.4692 0.153 -0.3588
5.287 12.144 1.072 -0.3243 0.7602 0.3038
1.6095 10.8032 1.9914 1.2385 0.6707 0.4614
-1.57 11.6077 3.945 0.7272 -2.491 -0.4076
1.6478 6.5511 3.1023 0.153 -1.6388 0.369
4.3676 8.4665 2.1446 -1.3459 3.5735 0.7653
0.3071 10.9565 -0.4603 0.2979 -1.8327 -0.3884
4.1761 11.3012 2.1829 0.3682 -1.2074 0.0185
4.1761 8.7346 3.9067 -0.2593 -3.65 -0.4449
-0.1909 7.9302 2.6426 -1.0423 1.4814 -0.0379
-0.1143 8.4665 2.3361 -0.0729 -0.4947 -0.3756
4.7124 9.9988 1.072 0.2659 -0.6737 -0.366
2.7204 10.8032 0.9188 -0.4169 2.2419 0.1155
0.7284 9.654 3.0257 -0.5256 0.5439 -0.3522
-0.9577 8.351 3.8307 0.5184 -2.1619 -0.9818
-0.5746 7.9679 3.486 -0.6811 1.1458 0.37
-0.1532 7.3167 4.3287 -0.9549 -0.2422 -0.2808
-0.0766 8.1977 3.7541 -1.1712 -0.6865 -0.4268
-0.5357 7.1257 4.2132 -0.826 0.1199 -0.1895
-0.076 7.662 5.7072 -0.417 0.4544 -0.0777
-0.2292 7.2407 7.2012 -0.2199 0.8358 0.0555
-0.1909 7.3556 7.5842 -0.2689 -0.1751 -0.1352
-0.7272 8.1983 7.2395 -0.0047 -0.1901 -0.2204
-1.2635 8.5048 6.8564 0.0688 0.6441 0.0793
-1.4551 9.4625 7.8524 -0.1155 0.9647 -0.4534
-2.1446 7.4322 7.929 -0.5639 0.8337 0.156
-1.8004 7.6231 7.6998 -0.3338 -0.1283 -0.4161
-1.8004 7.5082 6.7804 -0.1368 -0.0771 -0.0145
-1.7238 6.8187 6.5122 -0.0324 0.1157 0.1315
-2.6815 7.0485 6.4356 0.1349 0.2542 0.1463
-2.3744 7.0874 6.7415 0.1381 -0.1038 0.0419
-1.072 7.279 6.7415 0.0795 -0.4116 -0.0955
-2.566 7.0491 6.2818 -0.01 0.4672 -0.0507
-2.2212 7.2024 6.5499 0.1232 -0.2103 -0.0176
-1.9531 7.6237 6.2818 0.1477 0.1136 -0.0708
-2.3744 7.4322 6.0519 0.1562 0.0635 0.0016
-2.3744 7.3939 5.8221 0.1903 -0.1197 0.0069
-2.068 7.7004 5.8221 0.1082 -0.0494 0.0293
-2.3361 7.6237 5.8987 0.0922 -0.0122 0.0074
-2.2601 7.7764 5.7078 0.1082 -0.0409 0.0756
-2.2218 7.6998 5.6312 0.0975 -0.0036 0.0287
-1.9531 8.0834 5.5156 0.0368 0.0337 0.0489
-1.9914 8.0068 5.6689 0.0017 0.0102 0.0063
-2.0303 7.9296 5.4779 0.007 0.0432 0.0182
-1.8004 7.9296 5.5545 0.0656 0.006 0.0043
-2.1452 8.0062 5.4396 0.1039 -0.0878 -0.0393
-1.9148 8.0834 5.3624 0.0635 -0.141 -0.1107
-2.1829 8.1217 5.3241 0.024 0.0092 -0.0383
-2.1829 8.16 5.5156 -0.0015 0.0273 -0.0116
-2.1063 8.0834 5.2475 0.0422 -0.0686 -0.0243
-2.068 8.0834 5.2092 0.0294 -0.0303 -0.0339
-2.2212 8.1983 5.2858 0.0272 0.0123 -0.0041
-2.1063 8.16 5.2475 0.007 -0.0356 -0.0414
-2.068 8.0834 5.2858 0.0006 -0.0185 -0.0265
-2.3361 8.1983 5.3241 0.039 -0.0111 -0.0231
-2.2212 8.1983 5.3241 0.0475 -0.0462 0.0163
-2.1829 8.275 5.1709 0.039 -0.0207 -0.004
-2.1446 8.16 5.0943 0.04 -0.0601 -0.0018
-2.1446 8.3133 5.056 0.0273 -0.0313 0.0365
-1.9148 8.1983 5.056 0.0368 -0.0793 -0.0157
-1.9531 8.2367 5.0176 0.0209 -0.0367 -0.0019
-2.1446 8.3133 5.1326 -0.009 0.0305 -0.004
-1.9531 8.3133 5.0943 -0.0313 0.0102 -0.0008
