1.8777 9.4242 0.9571 -0.1374 0.1818 0.0323
2.5672 9.5008 1.2635 -0.0021 -0.1868 0.0195
2.5672 9.3476 1.4168 -0.229 -0.2806 -0.077
2.2607 9.9988 1.1869 -0.3014 0.1775 -0.012
2.3756 8.4282 0.9954 -0.3568 -0.2081 -0.1974
2.6821 9.8839 0.9954 -0.2982 0.1093 -0.0546
2.6821 10.8799 0.8805 -0.3749 0.2926 0.005
3.3333 13.5997 1.7232 0.455 0.0603 -0.3163
0.4986 8.658 3.0257 1.9602 -1.3224 -0.4559
-0.076 7.5471 2.8341 -0.1053 0.8817 0.0342
1.418 8.1217 -0.92 -1.4689 1.6881 0.3772
2.6438 10.65 -0.6518 -1.3602 0.5014 0.4965
2.6438 12.8718 1.4168 1.7695 -0.6651 0.3564
1.7244 11.5694 1.8765 0.6509 -0.5746 0.0549
5.1332 8.6191 1.3408 -0.1672 -2.6444 -0.3392
0.8811 7.8913 1.0343 -0.4814 1.4952 0.2062
0.4597 7.6614 1.3024 -1.0865 0.1637 -0.1549
4.2904 11.0708 1.1492 -1.143 0.8699 -0.0303
2.1841 12.5271 1.7615 2.7879 0.0081 0.5315
0.0772 9.7689 2.6809 -0.2097 -1.5045 -0.5689
2.2224 5.6701 -0.7284 -0.1948 0.3 0.7041
2.4523 9.0794 0.3825 -3.0817 3.7238 0.4921
3.6398 11.8375 1.6466 1.7333 -0.7045 0.5633
2.7587 9.4625 2.4894 1.2187 -1.0401 0.4344
3.9846 10.3819 1.6849 -0.6604 -1.235 -0.3358
0.2687 5.9765 0.574 -1.0726 1.3823 -0.2261
1.6089 6.6272 0.8811 -1.4295 0.5014 -0.551
3.9079 12.9484 1.1103 -0.0702 0.4513 0.0104
1.8771 13.3309 2.5666 2.3341 -0.4403 0.1565
-0.4974 10.6883 4.06 1.32 -2.2673 0.1395
1.303 6.0148 2.3361 -0.198 -0.6577 0.4196
2.9119 7.3939 1.6849 -2.0697 3.6694 0.5709
1.0349 12.5654 -3.8313 0.766 -0.7876 -0.0533
4.5975 11.5311 2.7575 1.4276 -1.8699 0.4633
3.4477 10.1897 2.6815 -0.2801 -1.6771 -0.3943
0.6895 8.2744 0.3831 -1.0886 2.0183 -0.0193
2.6821 8.275 0.6123 -1.6489 0.5802 -0.5498
3.3333 12.7952 0.9571 0.5935 0.1967 -0.0747
2.1075 13.1017 1.4934 1.2912 -0.06 0.5167
-0.4208 11.5311 3.7152 1.0654 -2.3504 0.2578
1.5329 6.283 2.1063 0.1013 -1.4183 0.3569
2.6438 7.777 0.3825 -1.7032 3.3009 0.6381
1.5329 10.65 -0.0006 1.3796 -0.4105 -0.0841
4.1761 11.7226 1.9531 0.8822 -0.598 0.5657
3.0263 9.7683 2.8347 0.3122 -1.7581 -0.473
1.6861 9.0794 0.6506 -0.5943 0.7314 -0.1704
0.4603 5.6701 0.8422 -1.0321 1.0521 -0.343
3.9079 10.2669 0.8805 -0.6518 0.0124 -0.4559
3.2178 12.1051 0.9194 0.5775 0.284 0.1597
0.2304 8.6963 2.068 1.9623 -0.2923 0.181
-0.574 8.9645 2.5277 0.3122 -1.4193 -0.2067
3.0652 6.5894 -1.7627 -1.1259 2.2068 0.1768
2.5666 10.2663 0.4214 -2.8793 2.258 0.1544
2.2984 9.9982 1.6472 2.2979 -1.0838 0.0278
2.8347 10.9176 1.8771 0.488 -1.0997 0.1599
3.1412 9.3853 2.7964 -0.1714 -1.5024 -0.1331
1.4174 7.2401 0.8045 -1.2622 1.5229 -0.0308
2.6432 9.232 1.0726 -0.2864 -0.1421 -0.1981
3.3327 9.5768 1.1875 0.4955 -0.0142 0.1033
2.9497 11.8369 1.494 0.1429 0.0401 -0.1257
1.6855 8.1977 1.3408 0.6361 0.0763 0.0139
1.7627 11.3395 1.7232 0.0534 -0.6854 0.0959
1.9537 8.2744 0.7661 -0.5975 0.8934 0.2397
1.0726 10.1514 1.3791 0.194 -0.0632 -0.1418
2.797 9.8456 0.9571 0.211 -0.0334 0.1437
2.6049 10.0365 1.0726 0.0917 0.0305 0.0052
1.8777 8.658 1.072 0.3442 0.1317 0.0979
2.1841 9.9605 1.1869 -0.1181 0.5631 -0.1844
2.7204 8.8113 0.9188 -0.1704 0.9509 0.2544
3.1035 9.7306 1.0337 0.0725 0.2926 0.1106
2.7204 9.2326 1.2252 0.1556 0.0145 0.0477
2.6438 9.5391 1.1869 -0.0947 0.2414 0.0147
2.5666 9.5002 0.996 0.0576 0.1605 0.0126
2.9113 9.5002 1.1492 0.1045 -0.0196 -0.02
2.7198 9.1554 1.2258 0.0875 -0.125 -0.0924
2.2601 9.4236 1.0726 -0.0308 0.022 -0.0381
2.49 9.3853 1.0726 -0.0478 0.0593 -0.0392
2.4523 9.3859 1.1103 0.0534 0.0454 -0.0062
2.5283 9.4619 0.996 -0.0041 0.0678 0.03
2.7964 9.4619 1.0343 0.015 -0.1261 0.0023
2.4517 9.3853 1.0726 -0.0531 -0.06 -0.0264
2.5289 9.4242 1.0337 -0.0222 -0.0654 -0.0371
2.4523 9.4242 1.1103 0.0097 -0.0579 -0.0296
2.3756 9.5391 1.0337 -0.0606 0.0262 -0.0169
2.4906 9.5774 1.1869 -0.0127 0.0092 -0.0222
2.414 9.5774 1.1103 -0.034 0.0348 -0.0137
2.3756 9.5391 1.1103 0.0257 0.0486 -0.0147
2.2224 9.5391 1.1486 0.0246 0.1626 -0.0115
2.2984 9.4619 1.0343 0.0097 0.2148 0.0066
2.1841 9.5391 1.1103 0.0331 0.0827 0.0161
2.3756 9.4625 1.3018 0.0172 -0.026 -0.0201
2.3756 9.4625 1.2252 -0.0659 0.022 0.0012
2.1458 9.4242 1.2635 0.0491 -0.0568 -0.0063
2.3373 9.5008 1.3018 -0.0095 0.0135 0.0193
2.2984 9.5768 1.3024 0.014 -0.0164 0.0044
2.2984 9.5002 1.2641 0.0065 0.022 0.0171
2.2218 9.5002 1.1875 -0.0148 0.0752 0.0107
2.3756 9.6157 1.2252 0.0182 0.0017 -0.0287
2.2607 9.5391 1.2635 -0.0095 0.0657 -0.0106
