8.5814 0.8434 -0.4986 1.4365 -0.7585 0.1581
10.65 1.2647 -2.5672 1.0775 -0.4336 0.1113
8.1217 0.5369 -1.8393 0.7718 -0.4783 0.5384
7.279 -1.2635 -1.8393 0.5118 0.0117 -0.2246
10.3435 1.7244 -4.5209 0.0612 -0.6658 0.0066
11.6843 0.5752 -6.6661 -0.4565 0.1278 -0.2672
8.8873 -0.6129 -1.1492 -1.2065 1.7598 -0.4696
11.1863 4.3293 3.4854 -0.644 0.8671 -0.4845
5.861 0.7661 2.0686 -0.1838 0.3579 0.0171
9.3476 2.8736 -4.0229 1.7209 -0.6371 0.2046
9.9988 3.2567 -0.0006 -0.6547 0.1587 -0.017
12.1823 5.2104 -0.4986 0.8111 0.2258 -0.4527
8.8873 -0.9577 2.1452 -0.1551 0.4144 -0.2907
7.0108 1.9926 -1.2647 1.8348 -2.0102 0.4297
5.8999 1.7627 -0.4986 0.5693 -0.2663 0.3679
8.8107 0.9577 -0.8811 0.9975 0.0522 -0.4087
7.1641 1.3414 3.4471 -0.0634 0.6956 0.045
7.1257 1.2264 -0.92 1.478 -0.065 0.2293
9.0411 3.8696 -0.8434 -0.9401 0.0362 -0.0487
9.9599 3.984 -1.9537 0.0463 0.3994 -0.1627
7.9302 0.9966 1.5317 1.4663 -0.8245 -0.2958
10.65 3.1801 0.7655 1.3172 -0.4517 -0.0198
6.359 3.7924 -1.1109 3.8067 0.6285 0.075
7.4705 2.6438 2.3744 2.7926 -0.7393 0.0313
7.3173 -1.1492 0.1143 3.9111 1.9441 0.0835
9.654 -1.8765 7.5076 1.3843 2.6152 0.728
10.8799 -1.57 2.2212 2.457 1.2399 2.5943
5.5935 -3.945 3.8684 2.5667 -0.4006 -0.6643
7.5471 -0.9954 3.562 2.0607 -0.7361 -0.5045
7.5854 2.414 0.076 1.4439 -0.9779 -0.5823
14.4807 1.1498 2.8724 0.5981 -3.4376 -1.7551
3.8696 1.8777 -6.3213 0.3573 -5.0877 -0.3941
2.299 4.4442 -9.9988 0.7302 -4.0267 -1.1717
5.0955 3.295 -8.16 0.3723 0.0863 0.3708
4.5975 2.4906 -9.9222 -0.1657 -0.2291 -0.2162
2.2607 3.3716 -8.658 0.0015 -0.2951 -0.0681
1.4174 4.0223 -9.0022 -0.0133 0.1289 0.1709
4.1755 2.988 -8.9256 -0.0474 0.3164 0.0995
3.9073 3.1029 -7.9296 0.0623 0.4527 0.1922
3.5626 2.9497 -8.4659 -0.0815 0.0809 0.0324
3.6781 3.0269 -8.7346 -0.0315 -0.0139 0.0505
3.9846 3.2567 -8.16 0.1741 -0.4197 0.0529
2.7964 2.9113 -9.6534 0.0122 -0.0661 -0.0409
2.9503 3.1418 -8.9645 0.0164 0.0138 -0.0025
3.1412 2.7964 -8.7724 0.0548 0.0032 0.023
3.1418 2.797 -8.8879 0.0516 0.001 0.0497
3.0652 2.8353 -8.9645 0.0261 -0.0224 0.0322
3.0269 2.7587 -8.9645 0.0175 -0.0128 0.0088
3.0646 2.7198 -8.9256 0.0101 0.0117 0.0024
3.1035 2.797 -8.9262 0.009 0.0106 0.0098
3.0652 2.6821 -8.9645 0.0037 0.0202 0.0152
3.1801 2.6821 -8.9262 -0.0027 0.0159 0.003
3.1035 2.7204 -8.8879 -0.007 0.017 -0.0023
3.1418 2.7204 -8.8496 -0.0059 0.001 -0.0087
3.1035 2.7587 -8.8879 0.0026 -0.0064 -0.0044
3.1418 2.7204 -8.9262 0.0058 -0.0181 -0.0066
3.1418 2.7587 -8.9262 0.0122 -0.0064 -0.0061
3.0646 2.7581 -8.9256 -0.0027 -0.0075 -0.0061
3.0269 2.7587 -9.0028 0.0016 0.0064 0.0024
3.1035 2.6821 -8.9262 0.0026 0.0159 0.0003
3.0652 2.7204 -9.0411 -0.0048 0.001 -0.0114
2.9886 2.7587 -8.8879 0.0027 0.0096 -0.0034
3.1029 2.6815 -8.8873 0.0101 -0.0 -0.0002
3.0646 2.6815 -8.9256 0.0027 -0.0022 -0.0013
2.988 2.6815 -9.0405 -0.0101 -0.0299 -0.0141
2.8736 2.7587 -9.0028 0.0037 -0.0224 -0.0098
2.9886 2.6438 -9.0411 0.0101 0.0064 0.0019
2.9503 2.6821 -8.9645 0.0069 -0.0064 0.003
2.9497 2.6815 -9.0405 0.0101 -0.0064 0.0008
2.9503 2.6438 -8.9645 0.0059 -0.0 -0.0013
2.9503 2.6438 -8.9262 0.0112 -0.0171 0.0008
2.9503 2.6821 -9.0028 0.0154 -0.0139 -0.0002
2.9886 2.6055 -9.0794 0.0058 -0.0096 -0.0026
2.9503 2.6055 -9.0411 0.0036 -0.0043 -0.0016
2.9119 2.6821 -8.9262 0.0015 -0.0022 -0.0016
2.9886 2.5672 -9.0794 0.0058 -0.0022 -0.0026
2.9497 2.5666 -9.0405 0.0026 -0.0 -0.0026
2.9503 2.6055 -8.9645 -0.0006 -0.0064 -0.003
2.9119 2.6055 -9.0028 0.0026 -0.0107 -0.0041
2.9119 2.5289 -8.9645 0.0122 -0.0128 0.0034
2.9119 2.5672 -9.0794 0.009 -0.0032 0.0055
2.8736 2.6055 -9.0411 0.0047 0.0096 0.0076
2.8736 2.5672 -9.0411 0.0026 0.0032 0.003
2.9886 2.5672 -9.0794 0.0281 -0.1843 0.0211
2.6821 2.414 -9.2326 0.0516 -0.1758 0.019
2.6432 2.49 -9.232 -0.0454 0.0436 0.0008
2.6432 2.5666 -9.2703 -0.0059 -0.0043 0.0008
2.6049 2.4134 -9.1937 -0.0208 -0.0639 -0.0165
2.5666 2.5283 -9.1554 -0.0069 -0.032 -0.0186
2.4906 2.4906 -9.2326 0.0335 -0.049 -0.0133
2.5289 2.6438 -9.1943 0.0335 -0.0277 0.0017
2.4523 2.299 -9.2709 0.0378 -0.0565 -0.0005
2.3373 2.3373 -9.156 0.0293 -0.0128 0.0109
2.3373 2.2607 -9.2709 -0.0059 -0.0022 -0.0019
2.299 2.414 -9.1943 0.0218 -0.0352 -0.0104
2.3373 2.4523 -9.3093 0.0058 -0.0181 0.0002
2.3367 2.4134 -9.3087 -0.0123 0.0255 0.0013
