-8.849 1.4557 4.2521 0.0442 -0.0357 0.036
-8.8873 1.494 4.2521 0.0655 -0.0432 0.0307
-8.9639 1.4557 4.2521 0.057 -0.0421 0.0254
-8.8873 1.4557 4.2138 0.0623 -0.0378 0.0169
-8.8873 1.494 4.2904 0.058 -0.04 0.0243
-8.8101 1.4946 4.2898 0.0271 -0.024 0.0519
-8.849 1.494 4.3287 -0.0048 -0.0272 0.0647
-8.8107 1.5323 4.3287 -0.0059 -0.0453 0.069
-8.8101 1.4946 4.2898 -0.0464 -0.0858 0.086
-8.7334 1.6478 4.3664 -0.056 -0.1135 0.0743
-8.5419 1.8777 4.5963 -0.0304 -0.1294 0.0327
-8.6185 1.801 4.3664 -0.1391 -0.204 0.0487
-9.2698 1.9543 4.6346 -0.1881 -0.3585 0.1627
-8.3504 2.1075 4.5197 -0.0954 -0.3031 0.2863
-8.2355 2.0309 4.0983 -0.2456 -0.1795 0.1361
-8.7334 2.0692 4.558 -0.4128 -0.2786 0.1116
-9.845 2.8347 4.3287 -0.2861 0.0527 0.2874
-11.6448 4.7507 4.4813 0.091 0.0623 0.2171
-7.2778 -0.2292 6.2818 0.1858 0.4565 -0.29
-7.431 2.414 6.4733 0.3968 -0.0112 -0.4977
-7.3544 0.5369 3.7535 0.4543 0.3116 -1.3148
-5.861 -0.5363 3.1795 1.0817 0.0602 -0.6757
-14.0965 -0.2292 2.3361 0.2998 0.1827 -0.5937
-5.2858 0.9966 4.1749 -0.693 1.0551 1.098
-6.1675 3.869 9.73 -0.0517 -1.7359 0.5355
-7.355 0.6512 3.7924 -0.0283 0.1347 0.4407
-6.5882 1.1498 3.7535 -1.3535 -0.1241 0.7326
-10.6494 2.3367 3.6009 -0.8144 0.4096 0.4013
-10.3807 1.1881 6.6266 1.1819 0.1252 -0.2517
-6.8953 -2.2601 7.5848 -0.3777 0.172 0.0317
-6.6272 1.7621 5.0566 1.2841 0.1028 -0.8492
-6.1669 -0.1526 2.4894 0.335 0.6727 -1.0229
-9.1171 -1.3024 3.3327 0.4926 -0.3766 0.5111
-10.4956 -2.1829 2.6809 0.1603 0.4479 -0.2846
-5.6306 2.4523 6.7798 -1.2373 0.0953 0.9937
-8.925 0.7284 6.6649 -0.0506 -0.5065 0.3481
-5.8604 0.8817 3.3704 -1.8691 -0.0229 1.1055
-9.232 2.873 3.8307 -1.2746 0.368 0.2863
-12.6031 4.7501 2.5283 0.1464 0.5577 0.1712
-7.7381 1.8004 6.4356 0.8942 -0.0943 -0.0514
-9.5002 -2.375 8.0062 0.0996 0.2221 -0.4839
-6.2058 4.865 2.5283 1.3789 -0.0879 -1.7207
-8.2738 -2.3361 3.4471 0.5352 -0.449 0.1872
-14.0582 -0.6889 0.9188 -0.0091 0.825 -0.8546
-9.1554 0.5746 7.6614 -0.9252 0.1816 0.7678
-9.232 4.0223 9.7683 -0.0688 -0.775 0.1339
-5.6695 0.3448 2.0686 -2.0203 0.2562 1.3025
-9.1554 2.6432 3.3327 -1.3236 0.3467 0.2958
-11.0325 7.3933 3.1412 0.1624 0.2775 0.3118
-9.5002 2.0303 6.2058 0.9837 0.2125 -0.0408
-9.4236 -2.6049 10.3813 -0.5066 -0.1316 -0.0741
-5.8221 4.6358 2.8341 2.2876 -0.2456 -1.7657
-7.2778 -2.6809 2.7192 0.8804 -0.285 -0.399
-14.288 -0.4208 2.6043 0.042 0.025 -0.48
-7.2395 0.8051 7.4693 -1.1873 0.0005 0.8005
-9.8833 2.2218 8.8107 0.0527 -0.824 0.2224
-6.4739 0.1149 1.8771 -1.9095 0.2679 1.3068
-8.4276 3.2944 3.9073 -1.1521 -0.0836 0.2522
-10.3046 5.7844 4.1755 0.3307 0.139 0.3598
-8.5036 1.801 6.2435 1.1329 0.2242 -0.2602
-8.8484 -2.7192 9.5379 -0.8517 -0.2605 0.4513
-6.5116 4.5592 3.1406 2.0692 -0.3159 -1.6781
-6.2818 -1.5317 2.7958 0.4649 0.2253 -0.517
-12.4498 0.6895 3.6775 0.2167 0.139 -0.4488
-11.8363 -0.9954 4.3281 0.0495 -0.0176 0.1456
-4.8261 3.3333 6.5116 -0.1156 -0.1657 0.9711
-9.4996 -0.5357 5.4773 -0.1178 -0.497 0.3117
-5.8227 0.9194 3.2178 -1.6454 -0.2253 0.9008
-9.9976 2.1075 2.5277 -1.313 0.2988 0.3256
-11.3 6.5511 3.0257 0.2348 0.2945 0.2915
-8.8101 2.0692 6.0136 1.151 0.433 -0.1122
-9.3464 -2.9491 9.3464 -0.7303 -0.4714 0.0946
-6.5116 4.789 2.7192 2.1566 -0.2456 -1.5544
-6.5888 -1.9148 3.1412 0.5768 -0.1103 -0.3709
-13.3686 -0.6506 1.6466 0.0548 0.4746 -0.5787
-9.3464 0.4603 3.6003 0.3392 0.2796 0.5228
-7.8141 4.0995 8.5802 -0.4416 -0.3382 0.8252
-7.4693 -0.3059 3.9067 -0.9849 -0.0261 0.74
-6.4356 2.6432 3.7541 -1.5665 -0.318 0.8338
-10.3046 2.6815 2.375 -0.8006 0.5726 0.2127
-11.5299 1.9543 4.8644 0.9123 -0.0954 0.0966
-6.7798 -0.6123 6.2435 0.3786 0.1901 -0.1518
-8.6191 1.4174 5.4396 1.2948 0.1976 -0.7707
-7.8913 1.6855 2.873 0.7802 0.7696 -1.3577
-8.0439 -0.4591 2.7192 0.9517 -0.449 -0.0133
-11.3 -0.8805 1.9914 0.3616 0.1358 -0.4575
-12.1051 0.4214 4.4053 0.1123 0.2594 0.022
-6.6649 5.2104 6.8564 0.4426 -0.2839 0.348
-8.0056 -2.1829 2.7192 -1.0041 0.107 0.6334
-8.0056 3.2567 4.7112 -1.3194 -0.139 0.6707
-8.6574 1.0726 3.5626 -0.8656 0.1742 0.3224
-9.3464 3.6781 2.9874 -0.3149 0.3457 0.2636
-9.8444 3.7164 5.3624 0.8623 0.0911 0.2317
-7.5842 -3.4087 6.0519 -0.2829 0.0772 -0.0506
-8.7724 4.1755 5.3247 0.3616 0.4767 -0.4767
-8.5802 0.3454 3.8684 0.2753 -0.5864 -0.4501
-9.0782 0.3837 4.443 0.1603 -0.0378 -0.0078
-8.427 -0.4591 5.7838 -0.2701 -0.3883 0.2223
-7.8913 0.4214 4.9799 -0.2381 -0.4394 -0.1825
-8.1205 0.92 5.1709 -0.4128 -0.5609 0.0306
-7.5842 0.8434 5.2092 -0.1913 -0.8325 -0.1281
-6.7415 0.6518 5.7838 0.1123 -2.848 -0.3754
-4.4813 0.4603 7.7375 -0.2073 -2.6158 -0.1613
-2.7964 -0.6895 9.3087 -0.5449 -2.1353 -0.3094
-1.3402 -0.6506 9.3081 -0.5151 -1.8062 -0.026
0.1155 -1.6849 9.6145 -0.4651 -0.9018 0.0144
0.4603 -1.9914 9.5379 -0.2861 0.4735 0.1765
0.1538 -2.4894 9.8061 -0.3777 0.7451 0.282
-0.574 -2.8341 9.7677 -0.3287 0.971 0.3448
-1.6083 -3.064 10.1508 -0.268 0.8176 0.3491
-2.7575 -3.3704 10.1891 0.0037 0.9443 0.2681
-3.6386 -2.7192 9.5379 0.14 0.4692 0.2317
-4.0606 -2.5666 9.2703 0.0463 0.2541 0.0996
-4.0217 -2.2978 8.2738 0.0686 0.1891 0.0219
-4.3664 -2.4894 8.3887 -0.0102 0.1837 0.0591
-4.4813 -2.5277 8.7334 0.0463 0.074 0.0464
-4.4047 -2.566 8.5036 -0.0177 -0.0219 0.0334
-4.3287 -2.4517 8.3893 -0.0123 -0.0751 0.027
-4.2904 -2.4517 8.351 -0.0187 0.0027 0.0536
-4.3287 -2.49 8.4659 -0.0326 0.0037 0.0376
-4.4053 -2.5283 8.1594 -0.0091 -0.0048 0.043
-4.4053 -2.5283 8.351 -0.0144 0.0208 0.0752
-4.4047 -2.4511 8.5036 0.0431 -0.0005 0.0752
-4.4436 -2.4134 8.4659 0.0239 -0.0091 0.0209
-4.4053 -2.375 8.3127 0.0292 0.008 0.0251
-4.4819 -2.4134 8.3127 -0.0006 0.0889 0.0337
-4.5197 -2.4511 8.4653 0.009 0.0474 0.0561
-4.5969 -2.3367 8.351 0.0026 0.0474 0.0423
-4.6352 -2.375 8.2744 -0.0155 0.0399 0.0391
-4.558 -2.5277 8.3121 -0.057 0.0517 0.0465
-4.7878 -2.4894 8.2738 -0.0347 0.0378 0.0678
-4.8261 -2.4128 8.3504 -0.0176 0.024 0.0689
-4.8261 -2.4894 8.2355 -0.0357 0.024 0.0721
-4.7878 -2.4894 8.2355 -0.0102 0.0176 0.0614
-4.8261 -2.566 8.1971 -0.0379 0.041 0.0614
-4.9027 -2.566 8.1205 -0.0176 0.0506 0.0667
-4.9799 -2.49 8.0828 -0.0198 0.074 0.0636
-5.0949 -2.5283 8.0828 -0.0123 0.1017 0.0604
-5.0949 -2.49 8.0445 0.0047 0.0527 0.0561
-5.1332 -2.5666 8.0445 0.0175 0.0612 0.0401
-5.2098 -2.5283 7.8913 -0.0038 0.107 0.0423
-5.2864 -2.49 7.853 0.0037 0.0474 0.0647
-5.363 -2.49 7.9296 0.0239 -0.0069 0.0551
-5.2481 -2.4134 7.9296 0.0186 0.0112 0.0466
-5.3247 -2.4517 7.9679 0.0303 0.0144 0.0328
-5.439 -2.4511 7.929 0.0111 0.0197 0.0306
-5.4013 -2.375 7.8913 0.0069 0.0112 0.0411
