9.156 1.1881 1.4168 -0.003 0.0146 -0.0005
9.1937 1.3024 1.3408 -0.0137 0.0093 0.0112
9.0788 1.3791 1.3024 0.0002 -0.0078 0.007
9.1554 1.2258 1.3791 0.0513 0.0135 0.024
9.1171 1.1109 1.3791 0.046 0.0263 0.0357
9.1177 1.303 1.3785 0.0907 0.038 0.04
9.0411 0.9966 1.3785 0.0896 0.0221 0.063
9.1177 1.1115 1.2635 0.1131 -0.0429 0.0566
9.156 1.1115 1.2252 0.2004 -0.192 0.0918
9.0411 0.3454 0.8805 0.2302 -0.4221 0.2526
10.2286 0.3454 -0.3837 0.536 -0.5713 0.4604
7.8153 -0.6889 -1.4563 0.5211 -0.8472 0.8975
7.4316 -1.6855 -2.1069 0.3474 -0.6842 -0.2594
9.6534 -0.2682 -4.4436 0.144 -0.9335 -0.1401
9.1177 -1.5317 -5.0955 -0.1905 -0.0067 -0.2775
8.3899 -1.4551 -1.9543 -0.8638 0.0807 -0.383
7.853 1.3024 -0.0766 -0.64 3.6056 -0.5892
8.275 0.3454 -2.3756 -0.1713 -0.5521 0.1437
7.6237 1.3414 -1.8393 -0.7998 0.5494 0.0126
8.3899 2.0692 -0.3071 -0.5324 -0.0088 -0.0577
8.1594 1.4557 -0.7661 -0.3695 -0.3327 0.0679
16.7403 -1.7238 -0.4214 0.0194 -2.6443 0.4951
4.4825 0.3837 -3.2184 0.3475 -0.9356 -0.4594
4.5209 -0.4591 -3.3716 0.3038 1.5188 -0.5851
9.6923 -3.1406 -3.295 0.0258 0.951 -0.0759
13.8678 4.9039 -1.916 -0.6646 0.5334 -0.6368
9.156 1.6095 -2.0692 0.9248 0.494 0.0151
5.0955 -0.4974 -0.4603 -0.8883 0.5515 0.3326
8.4665 4.789 -2.414 -0.4089 -0.1729 -0.1383
7.7387 0.9966 -1.6861 0.4049 -1.0368 -0.0914
16.1279 0.3837 -4.2144 0.3666 -2.8861 1.3766
3.3716 1.4946 -4.5209 0.0044 0.657 -0.5622
5.5551 0.1155 -2.5672 0.1674 2.0418 -0.5505
7.777 -2.4128 -5.7084 0.504 0.3118 -0.0817
12.1057 5.287 -1.3797 -1.0683 0.7848 -0.3651
5.9765 -0.2292 -2.0692 1.0857 0.4737 0.2255
4.6358 0.9966 -2.6438 -1.3879 -0.9345 0.3544
6.0148 2.5289 -2.2224 -1.0342 -0.4488 -0.0323
7.2018 3.1412 -3.4477 0.6042 -1.7154 0.0647
17.9278 -0.1915 -10.8026 0.193 -1.3574 0.9105
2.3367 0.3065 -4.5203 0.2846 0.8008 -0.5821
5.8233 -0.8422 -3.4866 -0.4771 2.3092 -0.6066
5.7844 -1.2641 -4.2904 -0.4792 0.8125 -0.0601
16.4721 6.0908 -1.8771 0.1195 -0.4168 -0.2913
5.6312 2.2601 -3.869 0.4348 1.3632 -0.1315
4.9039 -0.5357 -0.7284 -1.1088 0.6207 0.4982
7.279 6.0531 -3.0269 -0.509 -0.256 0.0646
8.0062 1.0726 -1.992 0.4444 -0.7534 -0.2496
18.579 -0.3448 -7.4316 0.3251 -1.9977 0.593
3.5626 1.8387 -4.1755 0.2335 0.3843 0.0465
3.7158 -0.0766 -3.1795 0.1067 1.0149 -0.414
7.7004 -3.1406 -4.1761 0.8332 0.2724 0.1943
15.3995 6.1292 -2.4134 0.2548 -0.6299 -1.0105
5.2098 1.6855 -4.3287 0.7213 0.8221 -0.1935
5.0188 -0.1143 0.1143 -0.7306 -0.8536 0.2561
6.3979 4.8273 -2.5289 1.0345 -0.1324 -0.1386
14.9781 -1.6855 -3.2561 0.1791 -1.4991 0.4675
4.4059 0.92 -5.0955 0.5264 -0.4126 0.4079
4.1761 0.3454 -4.0612 0.6893 0.8189 -0.8736
4.9422 0.0772 -4.1755 -0.1938 1.6327 -0.5871
9.3476 -1.1869 -1.7244 -1.9685 -0.5106 -0.3507
16.7792 7.2024 3.3321 -1.308 1.6146 -0.1919
8.3516 1.3414 -1.0349 1.4766 1.0437 0.1063
2.7204 -2.2978 -3.6015 -3.1424 0.4791 0.2565
10.8409 8.1211 -1.5706 0.1439 0.7592 -0.5371
9.1177 0.3837 1.0337 1.3967 -0.8941 -0.0996
15.5916 -0.7272 4.1366 0.275 2.0237 0.3616
4.1378 0.8434 -1.303 1.5224 -0.991 0.873
8.9262 -1.0337 0.9954 1.9965 -1.1753 0.0176
7.0491 -1.9914 -12.3738 0.3165 0.0902 0.0751
10.4585 1.6478 -0.0006 -1.5967 2.3657 0.082
11.2629 5.8999 3.2555 -0.1171 -0.1644 -0.5923
6.8193 -1.7615 0.3059 0.7884 -0.3582 0.2386
4.5592 1.916 -5.1721 -1.2931 -0.175 0.3249
9.654 3.6015 -1.0732 -0.328 0.0647 0.0245
9.3859 0.8434 -2.0692 0.0662 -1.0059 0.2961
13.9061 2.299 -5.6318 0.4369 -2.4621 0.1192
3.8307 -0.8428 -3.6775 0.4028 0.5504 -0.3644
4.9799 0.6895 -2.4134 -0.0223 1.5443 -0.4123
7.1641 -1.1103 -1.3797 -0.4324 0.9531 -0.1609
18.7328 6.4362 -1.8777 0.1717 -0.6693 -0.6117
5.0566 1.6089 -3.2178 0.6276 0.7646 0.0498
4.0606 -1.1109 -0.3448 -1.5466 0.3853 0.4195
7.5465 5.7461 -3.1795 -0.1362 0.0988 0.119
7.4316 0.0383 -1.8004 0.0673 0.0839 0.0083
17.5447 1.5323 -2.7581 -0.2054 -2.5495 0.4148
1.6095 1.4946 -5.7467 0.6628 0.5227 -0.4523
4.789 -0.7272 -1.0732 -0.4174 2.0631 -0.5471
6.3213 -1.7615 -2.4523 0.2175 0.1211 0.2497
18.8472 8.3127 -4.1755 0.389 -2.1969 0.0644
5.6318 0.7667 -1.0349 -0.1703 1.6477 0.1228
4.4825 0.3071 -1.418 -0.5943 0.0146 0.2422
6.5894 5.1338 -2.7204 -0.0489 -0.3497 0.0898
12.3355 0.3837 -2.7587 0.2707 0.0679 0.2411
12.2589 -1.1486 -6.3979 -0.0435 -1.8528 0.3785
3.0269 0.1921 -3.9846 -0.1852 0.5909 -0.5835
6.1298 -0.3442 -1.916 -0.7349 1.6913 -0.5377
7.0102 -0.5363 -2.7581 -0.5581 0.7986 -0.0498
17.8512 6.1292 -3.5626 -0.3375 -0.8046 -0.2
6.7044 0.4603 -2.7204 0.0108 0.4993 -0.1531
4.6741 0.5752 -2.2607 -0.9511 0.0476 0.3825
7.5088 6.4362 -2.3756 0.1643 0.1265 0.0331
8.9645 1.0349 -2.797 1.3339 -0.3146 -0.2811
9.7689 0.0772 -6.4362 0.339 -1.8389 0.2515
3.6015 1.3414 -4.4442 0.1206 0.6239 -0.7541
5.4785 0.0006 -2.2224 -0.1905 1.2045 -0.4458
6.283 -2.2212 -6.0914 0.3858 1.1161 0.1113
12.1823 4.6741 -1.9543 -0.7785 0.1776 -0.334
8.8879 3.7164 -4.1761 1.0441 0.1914 -0.2019
6.4362 -1.072 -1.6095 -1.014 0.0519 0.3361
6.5888 4.0989 -2.7198 -0.4462 -0.2528 -0.0025
5.861 2.9497 -2.988 0.9919 -0.2006 -0.1772
15.1314 0.6129 -4.1372 0.5286 -0.4136 -0.0409
8.6574 1.1492 -6.9336 1.2071 -0.6043 -0.0963
4.9805 -0.7272 -3.1801 0.4838 0.4929 -0.3913
8.1983 -1.072 -5.1721 -0.4739 1.1118 -0.2743
5.8233 0.3454 -2.6438 -1.2132 -1.3234 0.6472
16.8941 2.8353 0.7272 -2.3743 2.3039 0.0581
9.5774 3.0269 -2.3373 0.96 -0.3337 0.0613
4.9039 -0.3825 -1.5329 -1.978 1.1342 0.2839
8.1983 3.8313 -2.6438 -1.1194 0.4727 -0.0186
9.5385 10.9559 -5.0566 0.5754 0.7337 -0.2945
11.7603 -1.3024 2.1069 -0.2065 0.6378 -0.2072
12.4115 -3.371 3.8307 0.4508 -0.273 0.677
6.359 1.2641 -1.0343 1.6599 -2.6006 0.4821
7.1635 1.6472 -3.0646 1.4159 0.1084 -0.3733
8.849 -1.1875 -3.486 -0.3386 0.0764 -0.418
11.6837 2.1835 -2.7964 -0.4185 0.6495 0.0358
6.9719 1.6089 -0.498 -0.0605 0.527 -0.3626
9.9599 2.1452 1.0343 -0.4036 0.7582 0.0113
8.6197 1.1498 -1.0732 0.5147 0.4759 -0.0984
8.9256 3.1795 -2.4517 -0.493 0.0753 0.0461
8.8107 2.1069 -0.8045 -0.0754 -0.0333 0.0515
9.6534 2.5283 -1.2258 -0.1798 -0.0014 0.0024
8.773 1.418 -0.422 -0.2117 -0.0259 -0.0327
9.3476 1.8393 -1.1881 -0.1127 0.054 0.0493
8.9645 2.1841 -0.1538 -0.2981 0.0913 0.0416
9.1943 2.1075 -1.1881 -0.0743 0.0572 0.0342
9.0794 1.8777 -0.7284 -0.0094 0.0562 0.0363
9.3476 1.916 -0.7284 -0.0126 0.0785 0.0342
9.156 1.7627 -0.6901 0.0279 0.0764 0.0193
9.1943 1.8393 -0.5752 -0.0328 0.038 0.0088
9.2709 1.7627 -0.7284 -0.0264 -0.0163 0.0078
9.0794 1.4563 -0.5369 -0.0488 -0.0088 -0.0029
9.3093 1.4563 -0.6518 -0.0765 -0.0152 -0.005
9.2709 1.5712 -0.5369 -0.0935 -0.0397 0.0174
9.232 1.6855 -0.7278 -0.1074 -0.0514 0.0056
9.3093 1.7627 -0.7667 -0.0552 -0.0259 -0.0135
9.1177 1.6478 -0.8051 -0.0594 -0.044 -0.0061
9.156 1.7627 -0.8434 -0.0339 -0.0578 0.0035
9.1171 1.6472 -0.8428 -0.0115 -0.045 -0.0061
9.1554 1.7238 -1.0343 0.0066 -0.0621 -0.0032
9.1554 1.7621 -1.1492 0.0545 -0.0525 0.0011
9.1171 1.5323 -1.1109 0.0236 -0.0195 -0.0298
9.1554 1.5706 -1.1875 0.0375 -0.0078 -0.017
9.1554 1.6089 -1.1109 0.0364 -0.0003 -0.016
9.1937 1.5323 -1.2258 -0.0338 -0.0248 -0.0262
9.232 1.6855 -1.0726 -0.0093 -0.0067 -0.023
9.1171 1.6855 -1.1109 0.0098 0.0263 -0.04
9.1177 1.6095 -1.1115 0.0311 0.021 -0.0369
9.1943 1.7627 -0.9966 0.0247 0.0199 -0.0347
9.156 1.7627 -0.9966 0.0269 0.0178 -0.0286
9.0788 1.8004 -0.9577 0.0332 0.0125 -0.0244
9.1177 1.7627 -1.0349 0.0439 0.0157 -0.0212
9.1554 1.6855 -0.9194 0.0173 0.0317 -0.018
9.1554 1.7621 -0.996 -0.0051 -0.0003 -0.0062
9.1943 1.7244 -1.0349 -0.0061 0.0135 -0.0103
9.1943 1.801 -1.0349 0.0056 0.0167 -0.0369
9.1943 1.6861 -0.92 0.013 0.0402 -0.0284
9.156 1.7627 -0.9966 -0.0104 0.0498 -0.0231
9.1177 1.8393 -0.8051 0.0247 -0.011 -0.022
9.156 1.6861 -0.8817 0.028 -0.0056 -0.008
9.1943 1.6861 -1.0349 -0.0179 -0.0046 -0.0069
9.0794 1.7244 -0.92 -0.0381 -0.0291 -0.0144
9.1937 1.7621 -0.9577 -0.0115 -0.0173 -0.0154
9.1554 1.8004 -0.9577 -0.0008 -0.0067 -0.0133
9.1937 1.7238 -0.8428 0.0343 0.005 -0.0054
9.1554 1.7238 -0.9194 0.0322 0.0103 -0.0117
9.1171 1.5706 -0.9194 0.0141 0.0103 -0.0192
9.1177 1.6478 -0.8817 0.0066 -0.0024 -0.0075
9.1171 1.6855 -0.9194 -0.0009 -0.0035 -0.0096
9.0788 1.6472 -0.8811 0.0056 -0.0163 0.0013
9.3087 1.6855 -1.0343 -0.0253 0.0008 -0.0115
9.156 1.6861 -1.0349 -0.0221 0.005 -0.0221
9.156 1.6478 -0.9966 -0.003 0.0072 -0.0328
9.2326 1.6861 -0.9583 -0.0477 0.0082 -0.0306
9.0411 1.7244 -0.9583 -0.0413 0.004 -0.0251
9.1554 1.8004 -0.9577 -0.0115 0.0274 -0.0261
9.2326 1.6861 -0.8434 -0.0242 0.0295 -0.0325
9.0794 1.6861 -0.8817 -0.0338 0.0178 -0.0134
9.1943 1.7627 -0.8434 0.0109 0.0476 -0.0229
9.1177 1.7244 -0.7667 -0.0189 0.0327 -0.0214
9.156 1.801 -0.7284 -0.0136 0.0285 -0.015
9.1177 1.6861 -0.7284 -0.0146 0.0061 -0.015
