-3.6769 7.3556 2.1446 0.0906 -1.2623 -0.1533
-3.8684 8.6197 4.2515 0.0757 0.2632 0.0545
-3.371 8.8107 3.8307 0.1109 -0.4346 0.226
-3.4093 10.1897 3.486 -0.4761 0.2791 0.1013
-2.9491 9.4242 3.2938 -0.5933 0.3218 -0.2321
-0.2682 7.2018 1.4557 0.3463 0.7393 0.241
-2.2601 8.1977 4.1755 0.1567 0.2568 0.3677
-2.2595 8.9262 3.6769 0.227 1.0014 0.1195
-3.1406 8.16 2.4894 -0.034 -0.0692 -0.1585
-3.8301 10.8415 4.6729 -0.1075 -0.033 -0.346
-4.9793 11.6843 2.9874 -0.9075 -0.3046 -0.4632
-3.7918 7.662 0.3059 0.1609 -1.3049 -0.1926
-4.2898 8.658 2.8341 0.9439 -0.1736 0.2207
-2.8341 7.6237 2.2978 0.2632 -0.8213 0.2516
-3.4477 8.4276 3.0263 0.4571 -0.5763 0.2399
-2.2218 10.228 3.5626 -0.1544 0.587 -0.0276
-3.4093 10.5728 3.371 -0.621 0.7447 0.0949
-3.6392 11.6837 3.984 0.0533 0.9513 0.1003
0.1538 5.9765 -1.1498 0.4858 0.7095 0.2633
-3.2178 10.5728 4.9799 0.26 0.0522 0.2835
-1.1492 8.0828 2.5283 0.1908 0.2376 0.2583
-2.375 8.9639 3.0263 0.0289 0.5284 -0.0528
-3.984 9.6151 3.6009 -0.1394 -0.2641 -0.2935
-5.2092 12.1823 1.7998 -1.1206 -0.3291 -0.9433
-3.0263 7.5082 0.3831 0.4486 -1.2857 -0.0166
-2.6432 8.3893 1.5323 0.194 -0.2897 0.4349
-3.8301 8.5431 2.9491 0.7969 -1.454 0.3081
-2.6043 8.3133 2.6426 0.0448 -0.392 0.1356
-1.7615 9.9988 2.2212 -0.0532 0.4432 0.0791
-3.1023 13.5614 2.6426 -0.3472 0.3005 -0.3459
-1.3408 9.1937 1.2258 0.4187 1.207 -0.2257
2.6815 7.5465 0.2298 -0.1789 0.2131 -0.3568
-5.4396 8.7724 6.9336 0.9492 0.407 0.3612
-1.57 7.4322 1.6849 -0.0671 0.7713 -0.051
-3.9073 9.8833 3.984 -0.0969 0.1939 -0.1054
-4.2138 10.5345 3.7158 -0.4282 -0.1523 -0.3939
-4.367 12.22 3.1795 -0.8756 -0.4793 -0.4983
-4.2904 8.6957 0.0766 0.3953 -1.6522 -0.167
-2.1452 6.0908 1.5323 0.2355 -0.5731 0.2804
-3.371 8.849 3.1412 0.4944 -0.6285 0.3966
-3.0257 8.5814 3.4087 0.1567 -0.2705 0.1143
-2.4517 10.9942 3.6009 -0.4942 0.1737 0.1109
-3.5626 13.0245 3.5626 -0.6125 0.5881 -0.2598
1.916 6.9725 0.7655 0.3846 1.5159 0.4891
-4.558 8.6963 3.4471 0.3899 -0.1651 0.1951
-1.7998 8.9262 3.1023 0.1609 1.3572 0.2622
-2.2595 8.3516 2.3361 0.2653 0.1492 -0.1295
-3.9067 9.7689 3.562 -0.2694 0.6616 -0.3287
-3.8301 10.7266 4.2132 -0.2982 -0.1395 -0.3905
-4.5197 12.2589 2.1063 -1.3933 -0.5454 -0.5269
-4.1372 7.6998 -0.3831 1.386 -1.3294 -0.1306
-1.9154 8.4276 1.2258 -0.9757 0.5444 0.2094
-3.4093 7.355 2.7581 0.1855 -1.0599 -0.1411
-3.7924 8.3893 3.1412 0.1588 0.0363 0.2094
-3.6003 9.9988 3.7918 -0.1267 0.4102 0.0219
-4.5197 11.7226 4.2132 -0.5325 0.7298 -0.1272
-1.8381 7.3556 1.9531 0.4294 0.4219 0.357
0.1155 8.658 0.3059 0.0096 0.1918 -0.0425
-4.3281 9.3093 4.941 0.8203 -0.0021 0.2206
-2.566 8.8113 2.9491 -0.4058 0.2227 -0.2396
-2.4894 8.6197 3.9834 -0.213 0.0831 -0.2779
-3.8301 8.6197 4.443 -0.0201 -0.9203 -0.2978
-5.5545 11.9135 5.0566 -0.1767 -0.2641 -0.3213
-2.8724 7.3173 0.6506 0.3612 -0.2471 -0.2339
-3.5237 8.4282 3.2938 0.2526 -0.6945 0.0345
-4.1749 9.5008 3.0257 -0.0329 0.048 -0.0485
-3.9456 9.6534 3.1795 0.0384 0.3878 0.0896
-3.945 7.4705 2.9874 -0.197 0.3207 0.1684
-4.6346 8.5431 3.8301 0.2355 0.5529 0.1322
-3.7918 8.6197 3.4087 0.3931 0.0842 0.1929
-3.371 8.5425 2.6815 0.1183 0.0427 0.1503
-3.5626 9.1554 3.2944 -0.0574 0.1119 0.0985
-3.7541 8.6574 3.3327 -0.0851 -0.1587 0.0303
-3.4477 8.5425 3.2178 0.0203 0.0608 0.0047
-3.7152 8.773 3.6386 0.145 -0.1374 0.0303
-3.5237 8.8113 3.3704 0.0534 0.0182 -0.0113
-3.4477 8.849 3.1795 0.0342 -0.196 0.0098
-3.2178 8.849 3.2178 -0.0298 -0.0191 -0.0158
-2.988 8.5042 3.2172 0.031 -0.083 0.0577
-3.064 9.0028 3.3321 0.0182 -0.0149 0.0364
-2.9874 9.0794 3.4854 -0.0617 0.0437 0.0375
-3.1406 8.773 3.3321 -0.083 0.0842 0.0303
-3.3321 8.8496 3.6386 -0.1022 0.1012 -0.0124
-3.1789 8.6197 3.1789 0.08 -0.0255 -0.0134
-3.1412 8.8107 3.371 0.0214 0.0182 0.0324
-3.371 8.8873 3.4093 0.0321 0.0064 0.0217
-3.2172 8.7346 3.4087 -0.0127 -0.0095 0.0281
-3.3321 8.8879 3.3321 0.0192 -0.0553 0.0224
-3.064 8.8879 3.3704 -0.0159 -0.0255 0.0138
-3.1023 8.773 3.2938 0.0395 -0.0692 0.0256
-3.064 8.9262 3.4087 0.0501 -0.0458 0.033
-2.9874 8.773 3.2938 0.0341 -0.0479 0.0117
-2.9874 8.9262 3.1023 0.0405 0.0011 -0.0105
-3.0646 9.0405 3.2178 0.016 -0.0138 -0.0212
-3.0646 8.849 3.1795 -0.0053 -0.0042 -0.0318
-3.1029 8.9256 3.1795 -0.0138 0.0022 -0.0308
-3.1795 8.8873 3.371 -0.0479 0.016 -0.035
-3.2178 8.849 3.4477 0.0746 -0.0543 -0.0012
-3.2178 8.9256 3.3327 0.0203 0.0245 -0.0108
-3.1412 8.849 3.3327 -0.0362 0.0128 -0.0012
