8.0828 -3.9073 1.4174 0.0059 0.0901 0.5509
9.0788 -4.0989 1.1875 -0.189 -0.0036 0.3792
7.4705 -3.8684 1.2635 -0.0964 0.185 0.4889
6.0142 -3.6009 1.1492 -0.4181 0.1274 0.4389
7.0868 -2.9113 0.3831 -0.499 0.2095 0.4144
7.2407 -2.5277 2.4128 -0.221 -0.2316 0.3185
14.7106 -12.4109 -0.3071 0.0857 -1.8977 0.5485
6.8959 -5.439 -1.6095 -0.155 0.0954 0.3152
5.7084 -2.3361 0.8039 0.237 0.1018 0.491
5.9382 -2.8724 -2.1075 0.6258 0.0134 0.2865
7.8536 -5.2475 0.3059 0.498 0.6632 0.1352
5.5935 -4.7112 -2.3373 -0.2242 0.186 0.3328
12.2589 -7.7758 4.6729 -0.5725 0.4758 0.6801
10.3435 -2.3744 3.9834 0.0357 -0.3359 0.254
6.5511 -4.2515 1.9148 -0.2284 0.3266 0.5949
7.0868 -2.7964 0.8045 -0.319 0.0571 0.5778
8.351 -2.6432 0.6512 0.1102 -0.0495 0.5031
6.9725 -2.566 1.3402 0.4309 -0.1294 0.5233
15.515 -9.5762 -4.5975 0.2402 -1.5217 0.2112
6.9725 -5.1326 -1.9543 -0.3553 0.4011 0.3912
6.1681 -1.6083 -0.1921 0.6119 -0.1997 0.5574
6.6661 -5.3241 -1.1115 0.3723 0.2712 0.4704
6.4745 -4.443 0.076 0.0857 0.3617 0.4438
6.5511 -5.056 1.3402 -0.0187 0.6142 0.5759
18.0433 -9.8061 3.4087 -1.6538 0.4395 0.0997
8.8496 -2.9874 0.9188 0.2338 0.1977 0.4874
6.4745 -3.3321 2.2978 -0.205 0.5493 0.486
7.6998 -2.4134 1.1875 -0.3509 -0.0451 0.454
7.5854 -2.0297 0.3059 -0.0963 -0.3167 0.4732
7.2024 -3.8301 1.6849 0.2531 -0.566 0.5445
13.3315 -8.8867 -2.2218 0.5705 -1.7783 0.1856
7.9296 -6.0525 -1.1492 -0.3361 0.448 0.4416
7.355 -2.2601 -1.0343 0.8666 0.0315 0.4235
5.2481 -4.0606 0.0383 1.1031 0.1764 0.4661
6.0914 -4.8261 0.1526 0.6429 0.2307 0.5141
5.8616 -5.2475 0.9954 0.1017 0.3042 0.4811
17.1622 -4.8644 3.562 -0.9337 -0.0153 0.0141
8.4659 -5.363 1.2258 0.3872 0.8326 0.7033
5.2487 -2.6426 0.2292 -0.8218 -0.2252 0.4658
7.0491 -2.9108 1.7232 -0.7632 0.9487 0.5062
6.4362 -1.2252 1.0337 -0.8346 0.153 0.356
7.4705 -2.1829 1.7998 -0.0078 -0.763 0.4671
15.7066 -14.1348 -7.3556 0.9754 -2.0136 0.352
6.5128 -6.4733 -3.8696 -0.076 0.5238 0.5012
5.8993 -2.6432 -0.2298 1.0649 0.1553 0.8176
6.1298 -4.6346 -2.414 0.7645 0.0722 0.466
5.5551 -3.4471 -0.4603 0.89 0.3884 0.354
5.2487 -5.5923 -1.5712 0.2019 0.089 0.3381
16.0896 -18.7699 3.6386 -2.4496 1.3535 0.7365
8.1217 -4.8261 4.2515 0.2519 1.2576 0.697
4.291 -2.7192 0.1909 -0.8155 0.155 0.2596
6.7044 -4.6729 4.06 -0.7324 0.9785 0.6079
6.7044 -0.7655 -1.1881 -0.6451 -0.1731 0.4055
8.734 -1.4557 1.7238 0.0889 -0.7238 0.3288
15.4001 -12.2194 -5.0955 0.7515 -0.7941 -0.0408
6.2058 -5.1332 -4.367 -0.4672 0.4927 0.345
5.2481 -1.6855 -0.3065 0.9709 0.3436 0.4515
5.0182 -3.7924 -0.0766 0.8058 -0.7249 0.4025
7.8913 -4.3287 -2.1069 0.6577 -0.0005 0.3588
6.1298 -4.5197 -1.6478 -0.0304 -0.466 0.1713
6.7427 -2.068 5.1709 -1.5313 -1.4864 -0.3595
11.1097 -5.4007 2.5277 0.7761 1.7328 0.725
6.3213 -4.4047 0.8805 -0.1177 -0.3818 0.5545
6.781 -5.2092 1.6466 -0.3691 1.1959 0.6163
8.773 -3.2555 2.2212 -0.7845 -0.01 0.4352
9.9605 -4.8261 1.2252 0.1316 -0.2465 0.3877
6.2064 -5.5923 0.1143 0.1753 -0.1154 0.4027
7.2024 -6.1286 -0.6901 0.0112 -0.4031 0.3313
8.3133 -5.4773 -0.8434 -0.009 -0.0196 0.6104
7.0491 -4.9027 -1.4563 0.1934 0.0859 0.4847
8.1983 -5.2092 -0.8051 0.0763 0.1094 0.3335
7.4322 -4.558 -0.5369 0.2595 -0.3167 0.5614
7.4316 -5.0949 0.7278 0.1839 0.168 0.5231
8.5808 -4.9799 0.4214 0.2777 0.0029 0.5636
7.7387 -5.1709 0.8039 0.316 -0.0749 0.4805
7.9302 -5.3241 0.8039 0.1209 0.0379 0.4179
7.7764 -4.9416 0.8428 0.0336 0.0273 0.3583
8.1594 -4.9416 0.5746 0.0357 -0.0484 0.4062
8.0828 -5.1332 0.3831 -0.0751 -0.0462 0.4243
8.4276 -4.9799 0.5746 -0.041 -0.0537 0.6033
7.777 -4.941 0.4591 -0.0771 -0.0344 0.5178
7.8536 -4.941 0.4208 -0.1102 0.0998 0.4752
7.9302 -4.7495 0.3825 -0.0462 0.0923 0.4507
8.0451 -4.8644 0.2292 0.0123 0.0305 0.4699
8.0451 -4.9793 0.5357 0.0581 -0.011 0.456
7.8536 -4.7878 0.4974 0.1411 -0.0942 0.4943
7.8147 -4.9416 0.3831 0.171 -0.1166 0.4986
7.7764 -5.0566 0.498 0.1539 -0.0644 0.4677
7.9685 -4.9793 0.5357 0.2082 -0.0388 0.4847
7.6237 -4.9793 0.6889 0.2796 -0.0303 0.4868
7.7004 -4.9793 0.8039 0.3254 -0.0271 0.6102
7.8919 -5.4007 0.9954 0.2306 -0.0122 0.5474
7.8919 -5.1709 0.8805 0.123 -0.0261 0.5228
7.777 -5.439 0.8039 0.0953 -0.0623 0.5069
7.5854 -5.3624 0.9188 -0.0336 -0.0101 0.4462
7.5088 -5.3624 0.9954 -0.0261 -0.0025 0.4693
7.777 -5.0176 1.0337 -0.0367 -0.0164 0.4629
