-5.861 -9.4619 -3.6392 -1.0372 2.2007 -0.5946
-11.9902 -9.1554 -3.0263 -0.9978 1.3176 -0.731
-5.4396 -9.845 -1.6855 -2.1855 0.2672 -1.2561
-3.7924 -5.4013 -2.9113 -1.7903 -0.0353 -1.0878
-1.9154 -3.8307 -3.7924 -0.1423 0.1086 -0.7582
0.1915 -4.6352 -4.7118 0.5437 -0.8906 -0.0424
-6.7798 -10.5722 -6.8193 0.0303 -0.963 0.7235
-6.2435 -3.7152 -4.5975 1.7581 -0.7819 1.4671
-8.5419 -6.6649 1.0337 3.5978 0.8596 0.8897
-7.5465 -7.8147 1.6472 2.54 0.524 1.2259
-4.6729 -9.9976 1.5317 -1.4558 -1.2497 1.3889
-6.5882 -6.2818 1.1486 -0.8731 -1.7642 0.3407
-4.1372 -5.6695 0.1149 1.8316 1.4657 -0.3379
-7.1635 -5.861 1.3408 0.0749 0.0137 0.607
-10.4196 -10.5345 5.1332 0.6076 -1.1059 0.7505
-8.0822 -8.7334 -3.4482 -1.7722 0.6454 0.3212
-12.1817 -6.359 1.1875 -0.1455 3.2766 -0.5204
-7.5082 -4.1755 0.3831 -0.268 2.3136 -0.7845
-5.5923 -3.6003 -0.5752 -1.4803 0.6753 -1.3566
-3.1789 0.2304 -1.1498 -0.4759 -0.2133 -0.3049
-0.9577 -2.8347 -4.5969 1.7388 0.4365 0.216
-6.4739 -7.2784 -3.5243 -0.9936 -1.1006 1.1737
-9.1171 -7.2401 -0.9194 2.0094 -0.4839 1.1183
-7.4699 -4.7501 1.5323 2.0392 -1.1997 1.1076
-5.6306 -12.5642 -0.422 -0.0115 0.9947 1.4112
-5.0566 -7.2784 -0.0383 -1.5636 -1.7079 0.3204
-5.861 -6.5122 3.2944 2.2394 0.5046 -0.0993
-6.9336 -7.5082 1.3408 -0.2906 0.2319 0.364
-8.0056 -7.8907 3.945 -0.1979 -0.2336 0.413
-12.8329 -10.9559 -1.3791 -1.2599 -0.0962 0.6964
-8.9633 -9.1548 0.8422 -1.5603 1.4069 -0.6085
-5.9753 -6.933 -0.3837 0.4519 1.1044 -1.1017
-6.3967 -5.1326 1.8381 -1.9417 -0.029 -1.2956
-6.0903 -1.1103 -0.9966 -0.869 -0.3902 -0.3145
-6.1675 -16.2806 0.3831 1.2956 0.1009 1.7336
-5.5539 -1.6466 -2.1458 0.5393 -0.5362 1.006
-8.8101 -4.941 1.3785 1.531 -0.4882 1.3512
-4.6346 -11.798 -0.3071 0.4306 0.7336 1.299
-6.435 -6.1286 -0.4603 -1.3143 -1.4139 0.0175
-7.4316 -5.4396 3.2178 1.3659 0.8881 0.0895
-7.9673 -5.4773 2.4128 0.6234 0.1658 0.5071
-8.0439 -8.6185 3.2172 0.4647 -0.5277 0.8981
-6.5888 -9.6917 -1.992 -1.6158 0.5514 -0.0607
-9.0399 -8.6568 1.3402 -0.4483 1.8095 -0.5805
-11.1091 -1.8771 0.5363 0.5414 1.5198 -1.0979
-6.3967 -7.6992 -0.2304 -1.3388 0.6665 -1.3717
-4.7878 0.6135 0.2292 -1.4347 -0.2528 -0.5152
-1.6472 -0.0766 -1.1109 1.7238 -1.1445 1.1914
-5.5923 -3.3704 -3.2567 -0.6006 -0.826 0.9772
-9.3081 -4.941 0.1526 2.0284 -0.271 0.9999
-8.6568 -7.4693 0.6889 1.5917 0.3128 1.5741
-5.2098 -7.7764 1.1492 -0.558 -0.2273 0.8998
-6.9713 -6.5499 0.9571 -0.5697 -0.8558 -0.2486
-7.6608 -4.7878 0.8422 0.8013 0.4598 -0.0089
-9.4613 -7.2778 2.7958 0.6224 -0.1345 0.7372
-9.1171 -11.6837 0.8428 -0.7476 -0.958 0.6009
-7.7764 -7.8147 -4.0223 -1.7787 1.2897 -0.442
-10.8409 -4.1755 4.1755 -0.4323 2.2357 -0.9214
-5.8604 -10.2657 0.7272 -0.118 1.0436 -1.6458
-5.5156 -2.0297 -0.8434 -1.2642 -0.1324 -0.8347
-1.4168 -1.0337 -0.92 1.5268 -0.6608 0.8303
-14.5178 -17.5824 -2.9119 -0.3896 -1.0805 1.674
-6.2824 -1.494 -2.1835 1.3489 -0.4658 1.4716
-8.2744 -7.0868 1.6855 1.808 -0.4871 1.4737
-7.5465 -10.6494 2.4134 -0.4216 0.7944 1.1559
-5.9753 -7.0862 1.1486 -1.4134 -1.4427 0.1833
-9.7294 -2.7192 -0.2304 0.1568 0.1691 0.3623
-6.8187 -6.857 1.7238 0.1366 0.4748 0.5189
-7.5082 -9.0788 4.5203 -0.0722 -0.469 0.8906
-16.7403 -10.0748 1.494 -0.5589 0.95 0.722
-6.6649 -6.2052 -0.6135 -0.7709 1.7031 -1.0506
-11.4156 -0.9577 0.3448 0.2038 1.0267 -0.5893
-5.6312 -5.3247 0.3831 -0.3981 0.4024 -0.4679
-6.7038 -2.2601 -0.3831 0.1697 -0.5318 -0.2612
-7.4699 -3.1412 0.6895 0.2421 -0.7246 0.9887
-7.1629 -12.8323 0.2292 -0.8434 -2.0083 0.5881
-7.3927 -2.2978 -1.0349 0.6213 0.4088 0.0012
-7.8524 -6.5116 0.7272 -0.3193 -0.1355 0.6052
-8.0062 -6.1292 1.3024 0.3305 -0.4072 0.2994
-7.1245 -6.6266 1.5317 -0.2437 0.1137 0.2277
-7.6992 -5.5539 2.3361 0.2922 0.4354 0.2469
-8.1588 -6.0519 1.4934 0.0046 -0.4807 0.2586
-7.431 -5.7838 0.8422 -0.0732 -0.1782 0.167
-7.929 -5.6689 1.9148 0.2432 0.1489 0.2203
-7.8907 -5.937 1.9148 -0.0273 -0.1759 0.2196
-7.8913 -5.6312 1.9154 -0.0156 -0.1759 0.2452
-8.0062 -5.7844 1.8387 0.0046 -0.1014 0.259
-7.8913 -5.6695 1.9537 0.0099 0.0009 0.1855
-7.9679 -5.5162 2.0303 -0.0273 -0.1259 0.2004
-7.9673 -5.5539 1.8765 0.0578 0.0508 0.1808
-7.929 -5.6306 1.9531 0.0525 0.0551 0.1798
-7.8907 -5.6306 2.068 0.0429 0.0807 0.1712
-7.8913 -5.7461 1.8771 0.0525 0.1126 0.1606
-7.7758 -5.7455 1.8765 0.0034 -0.0408 0.1851
-7.9673 -6.0519 1.9148 0.0397 -0.029 0.1787
-7.8907 -5.937 1.57 -0.0711 -0.0429 0.1745
-7.6992 -5.7072 2.1829 0.0557 0.1244 0.1574
