7.7381 -6.0142 1.6855 0.105 -0.089 0.7738
7.5082 -5.5929 1.5706 -0.0345 -0.1338 0.7546
7.8153 -5.5923 1.57 -0.0345 -0.2243 0.8451
7.1635 -6.1675 1.4557 -0.1144 -0.383 0.696
5.6318 -6.1286 0.2292 -0.3392 -0.448 0.6239
6.7427 -6.7798 -1.6478 -0.4063 -0.4736 0.7901
7.7387 -6.0519 -1.1498 0.1839 -0.2254 0.6889
5.1338 -5.5156 -1.6095 0.3415 -0.1103 0.6953
5.3636 -6.5116 -0.6518 0.267 0.335 0.6644
5.2104 -5.5923 -1.1881 -0.058 0.745 0.4326
6.3979 -4.5963 -0.4986 -0.0888 0.5938 0.4049
5.5168 -6.1669 0.1909 -0.0856 0.026 0.5988
14.634 -10.8403 4.0983 -0.7813 0.6172 0.3665
7.8536 -5.6689 -0.8434 0.055 -0.2574 0.5306
5.4402 -4.6729 1.9914 -0.2572 1.1019 0.7532
7.0874 -5.1326 0.6123 -0.3115 0.1602 0.8619
6.8576 -4.4047 0.9188 -0.5096 0.0079 0.8086
7.3173 -2.8724 1.1486 -0.1517 -0.2744 0.7724
7.2024 -3.2172 -0.2304 -0.058 -0.4001 0.6137
7.4699 -6.1292 0.4597 0.1743 -1.7445 0.5657
8.4276 -8.9639 -4.0223 -0.2273 -0.0091 0.2422
6.857 -3.5243 -1.1492 0.5098 -0.4842 0.9794
4.2527 -4.6729 -1.2647 1.1362 -0.2701 0.8462
6.0908 -6.6272 -1.3791 0.7794 0.3839 0.5906
4.8656 -4.558 -1.8777 0.3639 0.5981 0.6151
4.6741 -5.5156 -0.2687 0.0113 0.4404 0.6105
7.279 -9.1931 0.076 -0.3211 0.1911 0.7703
9.1554 -3.371 0.9194 -0.2667 -0.4054 0.1727
6.6277 -6.3201 2.6426 0.3298 1.0444 1.1112
5.5935 -2.9874 -1.7627 -0.6002 0.1059 0.6243
7.5471 -2.9491 1.3402 0.333 0.2593 0.5909
6.8187 -3.4477 0.1149 -0.0462 -0.1636 0.7049
4.5975 -3.6003 0.9571 -0.2966 -0.0155 0.5515
18.1582 -14.6711 -9.1943 0.6707 -0.5002 0.0136
5.4785 -7.0096 -3.9462 -1.0124 1.0114 0.6932
8.5431 -3.7535 -1.0732 1.1277 0.2146 0.7244
3.869 -4.4819 -2.4134 0.2478 0.3786 0.849
6.359 -6.6655 -0.7278 -0.0292 0.3563 0.7627
4.5969 -4.6735 -0.6512 -1.1573 0.5448 0.7031
11.1863 -5.3624 3.4087 -1.1381 -0.7527 0.5337
7.8913 -7.2401 3.371 -0.0675 1.3746 1.2624
5.9765 -3.9067 -0.9583 -1.0593 0.9102 0.8118
6.7427 -4.6729 1.072 -0.5948 1.0284 0.8385
7.5465 -4.7501 0.9194 -1.0188 0.5554 0.3442
9.3859 -9.1548 1.9914 -0.2849 -0.0614 0.2685
4.4442 -6.9713 -2.7587 -1.6079 0.63 0.6055
7.3939 -5.6306 -0.3071 -0.8441 0.0761 0.7536
5.1721 -5.6689 -2.797 -0.353 0.3956 0.9571
7.0108 -5.937 -1.8777 -0.8494 1.0944 0.826
8.8496 -4.1366 -2.8736 -0.7024 0.7141 0.5224
8.0451 -4.2898 -2.4906 -0.4851 0.8058 0.4326
7.2784 -11.1091 1.4557 -1.0178 2.0383 0.9791
8.3899 -6.7798 2.7958 -1.4758 1.4993 0.5359
7.3167 -5.8993 2.988 -1.4641 1.1786 0.5625
6.9342 -5.8604 2.3361 -1.4556 1.5131 0.863
7.7381 -4.1755 1.2258 -1.3096 1.1786 0.6616
7.9296 -4.0989 0.9577 -1.201 0.8068 0.7277
8.8879 -3.6769 1.072 -1.1967 0.4819 0.3655
8.5431 -10.304 2.8724 -0.2795 -0.1764 0.4518
4.1755 -7.6998 -2.7964 -1.4684 0.3924 0.488
8.3893 -4.4819 -0.996 -0.7589 -0.2403 0.6066
5.287 -3.7535 -2.3373 0.2648 -0.1104 0.8175
6.359 -5.7844 -1.0343 0.6824 0.239 0.7408
6.0525 -4.367 -1.6089 0.6025 0.3136 0.7014
5.4013 -5.2481 -1.1875 0.496 -0.1658 0.6077
5.0566 -5.9759 -1.2258 -0.0974 0.2476 0.6374
14.5951 -11.9902 5.9759 -1.9019 -0.8017 0.1485
9.3087 -4.5586 1.8387 0.8667 0.6151 0.9091
4.865 -6.359 1.8387 -0.8654 -0.4512 0.7493
5.9759 -4.4436 0.5363 -0.3594 0.157 0.8217
6.9342 -3.1023 0.1143 -0.6534 -0.2733 0.7369
6.0531 -2.1829 0.9571 -0.0143 -0.3745 0.5568
13.7912 -16.0884 -5.785 -0.0121 -3.7855 0.118
5.9382 -9.7294 -4.4825 -0.4276 0.3946 0.7241
5.4396 -3.0263 -0.6512 1.2385 0.3147 0.6879
4.5969 -4.3287 -2.8347 0.6483 0.0089 0.6737
5.6312 -5.861 -0.6512 0.61 0.6556 0.5917
4.2144 -4.558 -0.4986 0.2041 0.3967 0.5427
9.3476 -12.9472 -0.0389 -1.4577 0.9155 1.1446
7.9296 -1.3024 -2.4517 0.3926 -0.6856 0.2562
5.5162 -6.0908 2.7964 0.4075 1.3884 1.0818
5.9382 -4.5197 -1.303 -0.1879 0.6151 0.7814
6.8187 -5.5545 1.7238 -1.2916 -0.0369 0.7484
6.0531 -2.7575 -0.422 -0.8303 0.0494 0.8101
6.4362 -2.7192 0.6889 -0.3488 -0.5418 0.4075
11.7992 -9.5762 -2.9503 0.2201 -0.2861 0.4556
4.5969 -6.2058 -3.6009 -0.2018 -0.3362 0.6772
5.9376 -5.7078 -1.8004 0.6323 -0.2275 1.016
5.9759 -5.5929 -4.4819 0.3991 0.4308 0.4983
6.7044 -5.5923 -2.8736 0.6771 0.4318 0.585
8.0062 -9.4236 -1.3408 0.5396 0.4446 0.944
6.3596 -4.443 -1.8393 0.3458 0.0654 0.471
7.0868 -6.3207 0.1149 0.5876 0.3487 0.8151
6.2441 -5.9759 -0.4214 0.2904 0.1964 0.7288
7.4705 -6.2052 0.5357 -0.0249 0.1261 0.8551
7.3939 -5.7838 0.1909 -0.1634 0.1901 0.7102
7.1635 -5.7078 0.498 0.0699 0.0686 0.771
7.3167 -6.5122 0.2298 -0.092 0.1922 0.7209
7.2407 -5.8221 0.1909 -0.092 0.0377 0.6314
7.2407 -6.2818 0.2676 0.0454 -0.023 0.6524
6.9725 -6.3201 0.076 -0.0377 -0.0315 0.6045
7.1641 -5.8987 0.2292 0.1263 -0.1253 0.6268
6.3596 -6.435 0.2292 0.1167 -0.0678 0.7419
7.0108 -6.2435 -0.1155 -0.0526 0.0697 0.7376
7.1257 -6.0519 -0.1538 0.0528 -0.1008 0.7273
7.2401 -6.0908 0.0383 0.0326 -0.0539 0.7081
7.1257 -6.0519 0.1143 0.1168 -0.055 0.7049
7.1251 -6.1675 -0.0766 0.055 -0.0603 0.6836
7.1635 -5.9759 0.0766 0.0486 -0.0113 0.6825
7.0874 -6.0519 0.076 0.0028 -0.0113 0.7099
7.0874 -6.0903 0.1526 -0.042 0.0452 0.7056
7.2024 -5.9753 0.1909 -0.0622 0.0548 0.7056
7.2401 -5.9376 0.1149 -0.0675 0.0537 0.6811
7.2024 -6.0519 0.2676 -0.0452 0.0484 0.6971
7.0108 -6.1669 0.1526 -0.1293 0.0995 0.7089
7.2024 -6.0136 0.1526 -0.1549 0.1154 0.6983
7.1641 -6.0136 0.1909 -0.0953 0.0707 0.7143
7.2024 -5.9753 0.1143 -0.0985 0.076 0.7185
7.2024 -5.8604 0.076 -0.0867 0.0654 0.7079
7.279 -5.937 0.0377 -0.0366 -0.0006 0.7017
7.0491 -5.937 -0.0772 -0.0164 0.0462 0.7049
7.2784 -5.8993 0.1149 -0.0004 0.0185 0.7038
7.1635 -5.9759 0.1149 0.0006 -0.007 0.7209
7.279 -5.937 0.1526 0.0337 -0.0816 0.7092
7.1251 -6.0142 0.0383 0.0092 -0.0602 0.7119
7.0868 -6.0525 0.0383 -0.0132 -0.023 0.714
7.0874 -6.1286 -0.0772 -0.0302 0.0154 0.7258
7.0874 -5.9753 -0.0006 -0.0569 0.0228 0.7204
7.1251 -5.9759 -0.0766 -0.0814 0.0749 0.7172
7.2401 -5.9759 -0.0383 -0.075 0.0611 0.7204
7.1635 -6.2441 -0.1149 -0.0942 0.0643 0.7236
7.279 -5.937 -0.0006 -0.0889 0.0462 0.6937
7.0874 -5.937 -0.1921 0.0208 -0.0209 0.7001
7.2024 -6.0136 -0.1538 0.0209 -0.0304 0.6918
7.0485 -5.9376 -0.1149 0.0816 -0.0581 0.6875
7.2407 -6.0519 -0.0772 0.0965 -0.0624 0.7088
7.0108 -6.1669 -0.1538 0.0816 -0.0752 0.7237
7.0108 -6.0903 -0.1155 0.0465 -0.0112 0.7055
7.0108 -6.0136 -0.1538 0.0358 0.0047 0.7013
7.0108 -6.1286 -0.0006 0.0007 0.0378 0.73
7.1641 -6.0903 -0.0772 -0.0292 0.041 0.7194
7.1257 -6.0136 -0.0006 -0.0558 0.0399 0.6906
7.1257 -6.0519 0.0377 -0.0462 0.0548 0.6942
7.1257 -6.0136 0.1143 -0.0515 0.0612 0.6963
