1.9926 -8.8484 1.3402 0.0065 -0.3271 0.0271
1.7244 -8.9633 2.2212 0.2196 0.0521 0.1613
1.4563 -8.6568 2.4128 0.2825 0.0106 0.1257
0.6901 -9.6528 4.4047 0.3389 -0.4368 -0.1182
0.0389 -8.7334 0.8039 1.2124 2.9657 0.0959
2.1075 -8.7334 3.1789 0.324 0.1427 -0.2599
0.9583 -9.423 3.6769 0.2345 -0.718 -0.2237
-0.6889 -9.9593 3.8301 -0.1032 -0.6317 -0.1841
2.2224 -13.4835 2.9108 -0.7647 -0.4048 -0.2235
-1.494 -7.4699 0.1149 -1.9812 0.6594 1.1155
6.2441 -12.0668 2.49 -2.3999 -1.1196 -0.1628
4.865 -6.0908 2.1069 -0.2459 -0.7723 0.698
2.0309 -5.3624 0.2292 0.503 0.7382 0.4075
-1.5317 -14.5561 -3.4099 0.4923 0.2801 -0.4895
3.7547 -10.2274 -0.2304 -0.4781 0.3515 -0.0229
2.414 -5.5156 0.6506 -0.0243 -1.3125 -0.4383
-0.3059 -9.5762 3.562 1.205 0.7073 0.1124
1.4563 -9.4613 4.558 2.2234 -0.4816 0.3035
1.0732 -9.4996 0.1143 1.2508 0.4367 -0.3985
-0.7272 -10.3807 2.7958 -0.6017 0.2684 -0.5221
-3.2938 -12.2194 0.9954 -1.0268 -0.0278 -0.2132
4.291 -9.1548 3.4471 -1.9141 0.9384 0.8382
5.2104 -8.2355 1.1103 -1.4731 -0.8598 0.4992
2.1069 -6.9719 1.2258 -0.052 0.7477 0.2223
3.295 -5.4773 -1.0732 1.0942 -0.3165 0.4268
0.8051 -9.0782 -1.303 0.7032 -0.4965 -0.0718
-1.7232 -14.4795 -0.4986 -0.1959 -0.831 -0.337
5.785 -4.941 3.8684 -0.5325 0.1811 -0.6008
5.9382 -6.5882 -0.0006 0.7512 -1.2943 -0.6807
3.1418 -9.4613 1.9914 0.4359 -0.5678 0.8139
-0.7272 -8.5419 3.3321 0.2942 -2.056 -0.2248
0.0766 -10.228 2.6432 -0.0147 -2.0826 -0.3164
1.2641 -9.9216 2.6815 0.308 -3.9127 -0.2041
3.7541 -9.232 4.1755 -0.4781 -4.3591 -0.5971
2.2607 -10.4573 2.068 1.2582 -1.2155 -0.6461
-6.1286 -9.6528 -0.8051 0.5669 -3.4121 0.287
2.3373 -10.5339 -2.9886 -1.0054 0.18 0.075
1.0732 -8.427 3.1406 0.1802 -1.8249 -0.7374
-0.3442 -8.1971 -2.414 -0.0584 -1.3455 -0.3646
-6.8564 -12.2194 -1.7627 0.2484 -1.63 0.8797
1.2641 -7.5848 -1.2641 -0.6859 0.1022 0.6208
-1.8771 -8.5042 -2.4134 -0.4728 -1.0132 0.8882
-2.8341 -8.0822 -3.0269 -0.5186 -0.6573 0.8358
-3.3704 -8.8101 -3.793 -0.5484 -0.1353 0.938
-3.2938 -8.8867 -4.4059 -0.4462 -0.2951 0.693
-3.6386 -8.427 -5.1338 -0.3791 -0.1896 0.5801
-4.0983 -7.7758 -4.9422 -0.4004 -0.0373 0.5567
-5.2092 -6.1669 -5.9765 -0.4387 0.0777 0.6428
-5.2475 -5.2858 -5.2487 -0.2012 -0.2834 0.7834
-6.1675 -4.3287 -5.9759 -0.2981 0.0894 0.9805
-6.857 -5.363 -5.9376 -0.3301 0.3493 0.6024
-7.1251 -3.7541 -4.865 -0.2001 0.1736 0.2114
-6.6649 -4.06 -5.8233 -0.1703 0.0905 0.1968
-6.6649 -3.3321 -6.0914 -0.1543 -0.0 0.2043
-7.2401 -2.6815 -6.4739 -0.1511 -0.0991 0.1297
-6.8187 -2.8347 -6.0908 -0.1394 -0.4059 0.0328
-6.4733 -3.1023 -5.7467 -0.1223 -0.1023 0.0029
-7.5465 -3.3327 -5.8227 -0.0925 -0.0021 -0.0504
-6.7421 -3.5243 -6.3207 -0.0755 -0.0181 -0.0355
-7.2784 -3.2178 -5.6695 0.014 -0.0255 -0.0206
-7.0868 -3.6009 -6.1292 -0.0946 0.048 -0.0099
-6.9719 -2.988 -5.8993 -0.0051 -0.017 0.0039
-6.9713 -3.1789 -6.0531 -0.0424 0.0298 -0.0039
-7.0096 -3.2555 -5.9382 -0.0052 0.0266 0.0216
-6.8181 -3.1789 -6.0531 0.0279 0.0117 0.0323
-6.9336 -3.3327 -6.0142 0.0055 0.032 0.0355
-6.8953 -3.2178 -6.0525 -0.0062 0.016 0.0259
-6.8947 -3.1406 -6.1298 0.0076 0.0075 0.0278
-6.8564 -3.2172 -6.0914 0.0044 0.0171 0.0278
-6.8953 -3.1795 -6.1675 0.0034 0.0032 0.032
-6.857 -3.2178 -6.2058 -0.002 0.0032 0.0267
-6.8187 -3.0646 -6.0908 -0.0051 0.0032 0.0182
-6.857 -3.1412 -6.0525 -0.0062 0.0107 0.0206
-6.8187 -3.1412 -6.1292 0.0012 0.0011 0.0153
-6.7415 -3.2172 -6.1681 -0.0041 -0.0053 0.0153
-6.8181 -3.1406 -6.1681 -0.0009 0.0021 0.0175
-6.9336 -3.2178 -6.1292 0.0034 -0.0032 0.0196
-6.8187 -3.2178 -6.0908 -0.0009 0.0011 0.0262
-6.8564 -3.1406 -6.2064 -0.0019 0.0011 0.0166
-6.7415 -3.2938 -5.8616 0.0066 0.016 0.0326
-6.8947 -3.2172 -5.9765 0.0039 0.0002 0.0042
-6.933 -3.1789 -6.0914 0.0018 0.0023 0.0031
-6.8947 -3.1406 -6.3979 0.0007 0.0045 0.002
-6.7798 -3.1789 -6.3979 0.0039 -0.003 0.001
-6.7032 -3.2555 -6.0531 0.0039 -0.0041 0.002
-6.8187 -3.3327 -5.861 0.0018 0.0013 0.0052
-6.9336 -3.1795 -5.8993 -0.0014 0.0023 0.0084
-6.9713 -3.1406 -6.283 -0.0004 0.0055 0.001
-6.8564 -3.1789 -6.3213 -0.0025 -0.0019 0.0012
-6.7798 -3.1406 -6.1298 -0.0004 0.0013 0.0055
-6.7804 -3.1795 -6.1675 0.006 0.0002 0.0034
-6.8947 -3.1789 -6.1298 0.0028 -0.0019 0.0055
-6.7798 -3.1406 -6.1681 -0.0014 -0.004 0.0076
-6.8181 -3.1789 -6.0531 -0.0014 0.0076 0.0046
-6.8187 -3.1412 -6.1292 0.0039 0.0002 0.0035
-6.8564 -3.2172 -6.2447 0.0039 0.0013 0.0024
-6.8181 -3.1023 -6.1681 0.0028 0.0013 0.0035
-6.8181 -3.1789 -6.1681 0.0018 -0.0009 -0.0008
-6.8564 -3.2555 -6.1298 -0.0036 -0.0051 0.0
