-2.9491 11.7992 4.6729 0.5493 0.3332 0.1102
-2.6043 7.9685 1.9148 0.0976 -0.7747 -0.1167
-2.2978 8.275 2.6043 0.332 0.0094 -0.0166
-2.6426 11.1863 3.2938 0.2372 -0.7267 0.1879
-2.4894 15.3235 3.2172 -0.7972 0.5804 0.4977
-0.3825 11.0331 0.6123 -0.0505 2.5436 1.0091
5.5929 6.0142 -0.4214 0.5205 1.6563 1.8751
2.0686 8.2361 2.988 -0.0228 -0.1771 -0.6943
-1.9148 7.0108 1.7615 0.8763 1.0501 0.2388
0.92 5.0955 0.9188 0.5482 0.2341 0.389
-0.1526 9.7306 2.6043 -0.9528 -1.0431 -0.8829
0.0766 16.6253 3.984 0.0571 0.3609 -0.5527
0.5363 9.845 2.0686 0.9434 -2.9691 0.1217
-1.5317 7.5471 -4.4442 0.1264 -1.548 -0.43
-1.0337 8.4282 4.7112 -0.7557 -0.0471 -0.2851
0.3454 6.4362 0.1526 1.1629 -1.3712 0.3583
-0.3059 11.4928 -2.2224 -1.6462 1.3143 -1.1512
-5.2864 14.2886 10.4579 0.4161 -0.6799 0.9229
-0.9194 13.7523 -2.9113 -0.9432 2.9793 0.125
2.7964 8.351 0.7661 0.7911 -0.0173 1.433
-0.2292 8.5048 2.068 -0.8718 0.6837 -0.7285
-1.3018 7.2407 1.3018 0.5823 0.4184 0.3986
0.9194 6.6655 1.0343 -0.1581 -0.0002 -0.183
-1.0726 16.2806 6.9719 0.0028 -0.3976 -0.8382
-0.3825 13.5997 3.562 -0.5267 0.3513 -0.9554
-1.4934 7.8919 0.3442 -0.1709 -2.0327 -0.491
-2.873 6.3207 -0.3065 0.0411 0.4429 -0.1107
-1.1492 6.2441 2.9113 0.4459 -0.7289 -0.0329
-0.4597 8.5425 1.1109 -0.0707 -0.4338 -0.001
-1.6855 13.8672 3.8307 -0.026 0.2171 0.3451
-0.6512 13.3692 0.5363 0.0432 1.7202 0.0543
2.5666 7.6998 2.2984 0.1988 0.363 0.5475
2.0303 7.0868 1.3408 -0.6236 1.3218 0.245
-1.2635 7.662 2.2212 0.398 0.6262 0.4271
-0.4214 5.8227 1.3791 0.6196 0.2682 0.3102
0.0383 12.4115 3.3327 -0.2753 0.6283 -0.2694
0.1532 12.6031 2.7198 -0.5821 0.036 -1.0108
-0.7655 9.8072 1.4168 0.2787 -0.5616 -0.2864
-2.375 7.4699 -2.6432 0.2307 -2.4013 -0.2363
-1.4174 8.8873 3.9456 0.0667 0.1447 -0.1467
-0.0383 6.1292 1.7621 0.1988 -1.5694 0.0557
0.0006 11.3395 -0.8051 -0.484 -0.5243 -0.2596
0.6901 14.6723 0.5357 -0.4468 0.1638 0.452
1.6861 8.5048 1.6849 0.5354 2.2283 1.1359
4.2527 5.3253 0.076 -0.1815 1.7521 0.1049
-2.1829 8.6963 2.5277 0.6175 0.0232 0.3701
-0.3059 6.8576 1.1869 0.4683 1.3836 0.2593
0.6901 8.3899 1.9914 0.3171 -0.0492 0.1187
-0.7655 14.3658 3.4087 0.0742 0.3087 -0.3766
0.996 13.9055 1.2641 -0.2369 0.1319 -0.8116
-1.0726 10.2663 1.0343 0.6536 -1.743 0.064
-0.9194 8.1594 -4.367 -0.1251 -1.1592 -0.3205
-1.7621 8.734 0.9194 -0.4883 -0.1099 -0.3493
-0.6123 6.4745 0.4208 0.5706 -1.2785 0.2995
-0.8422 10.5351 -2.0692 -0.5522 -0.3795 -0.4387
-2.5277 14.5957 4.2515 0.1029 -0.7928 0.7022
0.5752 14.2126 0.076 -0.5331 1.7532 0.585
4.9805 4.5975 -0.92 0.7602 0.6496 0.2665
0.3454 7.8536 2.2978 -0.3339 0.3939 -0.133
-1.3785 7.8536 2.4511 0.7506 0.0499 0.3678
1.6861 10.4585 0.8422 -0.2998 0.7487 -0.4802
-0.5357 12.6803 5.056 0.512 -0.5478 -0.2192
-1.9148 12.2206 -0.0772 -0.2081 0.9308 -0.3523
0.498 8.6191 -4.5969 -0.01 -1.2455 0.1974
-2.8347 8.1977 -0.0383 -0.9837 0.9116 -0.7765
-2.2218 6.7038 1.5706 -0.0399 -0.5861 -0.0489
-0.9194 9.845 -1.0726 -1.0849 0.4536 -0.5773
-2.1452 10.5345 2.5666 -0.5565 -0.3155 0.1609
-2.3744 10.5351 4.8261 0.0475 1.2536 0.2579
0.8051 7.5471 1.072 -0.075 0.4344 0.1205
-0.8428 10.4962 3.9456 0.5226 0.3609 0.2334
-0.4214 8.9639 3.2178 0.0262 -0.4103 0.4198
0.5746 9.2703 1.8771 -0.0984 -0.0386 -0.3216
-0.2298 10.6494 3.7158 -0.2976 -0.3539 -0.2342
-1.4557 8.8107 3.1412 -0.1198 -0.5094 -0.5113
-0.7655 9.156 3.2555 0.0581 -0.0471 -0.1726
-1.6849 9.3093 3.6003 0.1274 -0.4604 -0.0224
-1.6083 9.1943 2.4128 0.0848 -0.3475 -0.1576
-1.6472 9.347 3.2561 0.2978 -0.3922 -0.0575
-1.4557 9.0788 2.2601 0.1807 -0.1163 -0.1139
-1.6466 9.6923 3.1789 0.2201 -0.1643 0.0587
-1.1869 9.0794 1.9531 -0.0164 0.0211 -0.0063
-1.3785 9.7689 3.1789 0.007 -0.1217 -0.0212
-1.57 9.2326 2.3744 -0.0473 -0.0439 -0.084
-1.4168 9.8839 2.7192 -0.0122 -0.1078 -0.0695
-1.3402 9.3859 2.4511 -0.0154 -0.0322 -0.0151
-1.2635 9.5391 2.8341 -0.0697 -0.0343 0.02
-1.1875 9.3853 2.5666 -0.0644 0.0456 0.0158
-1.4174 9.347 2.9113 0.007 -0.0098 0.0467
-1.4174 9.4236 2.6815 -0.0175 -0.0428 -0.0191
-1.1869 9.6157 2.7192 0.0113 -0.0364 -0.066
-1.3018 9.2326 3.064 -0.0271 -0.1174 -0.0372
-1.3785 9.2709 2.8724 -0.0154 -0.0897 -0.0649
-1.1869 9.3859 2.9874 0.0347 -0.0737 -0.0319
-1.1875 9.2703 2.7964 0.0113 -0.0343 -0.0542
-1.1869 9.3859 3.064 0.0379 -0.0482 -0.0243
-1.3024 9.3087 2.7964 0.0006 0.0136 -0.0318
-1.3785 9.4242 2.9491 0.0315 -0.0492 -0.0116
