-8.5419 -4.8261 2.0297 0.0612 -0.0965 -0.1099
-8.3121 -5.056 2.0297 -0.0081 -0.1381 -0.158
-8.1588 -5.1326 1.5317 -0.0688 0.0047 -0.0749
-7.6225 -4.941 1.8381 -0.0571 -0.0433 -0.0621
-7.9679 -5.6695 1.8387 -0.2552 -0.0166 -0.0483
-7.7375 -5.2092 1.3402 -0.1583 -0.0582 -0.0376
-8.427 -5.5923 0.574 -0.2136 -0.0326 -0.0896
-8.0439 -5.4007 1.1486 -0.1039 -0.203 -0.0192
-7.8913 -5.0566 0.7661 -0.0049 -0.3085 -0.0235
-8.7724 -4.9033 0.6895 0.026 -0.056 0.115
-8.8867 -5.2475 0.574 0.2636 -0.0432 0.0777
-9.1548 -5.8604 1.2635 0.1571 0.3051 0.2766
-7.7381 -5.3247 3.1795 0.0793 0.7376 0.3533
-6.4739 -4.0606 4.2138 0.6503 -0.3277 -0.157
-8.734 -4.9799 2.2601 0.3382 -0.1423 -0.1474
-8.3887 -4.0217 2.6043 0.1017 -0.1221 -0.2092
-8.8484 -4.4047 2.2212 -0.1934 0.1389 -0.141
-9.2703 -4.4436 2.9113 -0.2808 -0.171 0.0443
-10.1131 -3.7924 3.486 0.0548 0.2082 0.3746
-4.558 -6.4733 1.4934 0.1571 0.3168 0.1594
-6.3973 -6.5888 -0.3065 -0.4895 -0.0038 0.136
-7.7381 -4.7118 2.2984 0.009 0.0931 -0.0292
-7.6225 -3.9067 0.8805 0.0441 0.0271 0.1168
-9.423 -4.2898 -0.1921 0.1784 0.1155 0.087
-11.7214 -7.4693 1.1869 0.5896 -0.0155 -0.1687
-5.0176 -4.9793 2.9491 0.0974 0.4617 0.3437
-6.7804 -4.4436 5.2481 0.6215 0.2838 -0.2804
-6.7415 -5.5156 2.6043 -0.2563 -0.3255 -0.0886
-8.8873 -3.1795 2.1835 -0.0389 -0.203 -0.2069
-8.5042 -4.2138 2.2984 -0.171 -0.0368 -0.2463
-10.4196 -3.2944 2.0303 -0.1199 -0.0017 0.3109
-9.0016 -8.1205 3.7152 0.3946 0.5992 0.3074
-4.2898 -6.3967 0.5357 0.368 -0.0666 -0.1677
-9.423 -5.5539 3.1789 0.3499 -0.1955 -0.1134
-6.7421 -5.0949 0.4214 -0.2893 0.3009 0.2648
-6.7421 -3.7924 1.1109 -0.1796 -0.154 0.3894
-9.6528 -3.7535 -0.0389 0.0165 -0.1668 0.3296
-11.2623 -12.1051 6.2824 0.2721 -2.8353 -0.8422
-2.2601 -4.9416 3.486 -1.0456 0.353 0.6364
-6.3207 -6.9719 7.1251 -1.6113 -0.8102 0.7259
-5.937 -5.4007 5.3241 -2.3133 -1.3354 0.7493
-7.7381 -3.984 5.0182 -2.1791 -1.852 0.732
-6.2824 -5.2864 6.5505 -2.7969 -1.7657 0.8428
-5.8227 -4.5586 8.5042 -2.9034 -2.3388 0.6979
-8.8484 -5.5539 3.5237 -2.4464 -0.8911 0.1301
-7.2395 -6.8947 2.6809 -1.9511 -1.4632 0.0662
-7.4693 -5.8987 0.8805 -1.5921 -1.5602 0.1361
-4.3281 -3.6769 2.1063 -0.48 -1.3855 -0.3689
-2.9491 -5.4007 1.8765 -0.1497 -1.3727 -0.7076
-7.8907 -10.304 3.9834 -0.4203 -1.7157 0.5377
-6.5882 -6.0519 4.9027 1.7124 -3.7844 1.1481
-2.1446 -4.0217 8.427 2.2141 -4.8689 0.6224
1.1115 -3.945 10.2657 1.5323 -1.0073 0.5467
-1.2252 -2.3361 9.0016 0.9262 0.9486 0.7374
-3.1406 -2.566 16.3949 0.3818 1.0125 0.372
-2.6043 -1.1869 8.3887 -0.4054 0.9411 0.3774
-3.3321 0.4603 8.5802 0.5193 1.3118 0.6499
-4.2515 -1.3785 10.9553 0.0271 0.5086 0.243
-4.7495 -0.1143 9.1548 0.1134 0.7504 0.4497
-6.1669 -0.1909 8.3121 -0.1444 0.7312 0.2121
-5.7455 -0.3442 7.9673 -0.1678 0.4297 0.1045
-6.0136 -0.6123 8.1205 -0.0112 -0.0911 0.0426
-5.8221 -0.3059 8.2738 0.0154 -0.0016 0.0799
-5.9753 -0.4974 8.2355 0.0197 0.0091 0.0628
-5.8221 -0.3442 8.1205 0.0037 0.0282 0.0586
-5.9376 -0.2298 8.3893 -0.0048 0.0804 0.0692
-6.0903 -0.2292 8.0439 0.0079 0.0208 0.0381
-6.1286 -0.1526 8.0439 -0.007 0.0091 0.0466
-6.0903 -0.3059 8.1588 -0.0059 -0.0474 0.0232
-6.0142 -0.3065 8.1977 0.009 -0.0335 0.019
-6.0525 -0.3065 8.1977 0.0015 0.0123 0.0371
-6.0142 -0.3065 8.2744 -0.0006 0.0442 0.0344
-5.9376 -0.4214 8.1594 -0.0198 0.0559 0.0472
-6.1286 -0.3059 8.1205 -0.0166 0.0719 0.0834
-6.2052 -0.1143 8.1205 -0.0325 0.0591 0.0301
-6.1669 -0.2676 7.8907 -0.0634 0.1444 0.0184
-6.3201 -0.3825 7.8141 -0.0347 0.0836 0.0116
-6.2824 -0.3831 7.853 -0.0038 0.0538 0.0457
-6.5122 -0.3065 8.1211 -0.0038 -0.0027 0.0276
-6.4356 -0.3831 8.3893 -0.007 -0.0069 0.0244
-6.3973 -0.3831 8.2744 -0.008 0.0016 0.0254
-6.3967 -0.3442 7.2778 -0.0048 0.0208 0.0361
-6.3973 -0.4597 7.355 -0.0048 0.0154 0.0286
-6.4733 -0.4208 7.6225 -0.0134 0.0208 0.0329
-6.5116 -0.3825 7.929 -0.008 0.0133 0.0222
-6.3584 -0.3825 8.1588 -0.0048 0.0058 0.0286
-6.5116 -0.3442 7.431 -0.0027 -0.0006 0.0276
-6.5116 -0.4974 8.2738 -0.0038 -0.0038 0.0266
-6.4733 -0.3059 7.8141 -0.0017 0.0016 0.0245
-6.435 -0.4208 7.8141 0.0026 -0.0006 0.0245
-6.5882 -0.3442 7.8141 -0.0006 -0.0016 0.0223
-6.5116 -0.4591 7.8141 -0.0048 0.0058 0.0307
-6.5116 -0.4974 7.7375 -0.0091 0.024 0.0265
-6.5882 -0.4208 7.7758 -0.0091 0.0133 0.0286
-6.435 -0.4591 7.7758 -0.0059 0.0101 0.0286
-6.4733 -0.3442 7.6992 -0.0027 0.0026 0.0318
-6.6266 -0.4208 7.8141 -0.0006 0.0059 0.0385
