8.658 -4.5963 1.6466 -0.2968 -0.2172 0.7503
6.5505 -5.0182 1.9537 -0.4705 -0.4612 0.8366
8.8873 -5.2864 -1.992 -0.496 -0.2971 0.8116
8.2361 -3.869 0.0766 0.3797 -0.3333 0.8265
5.6701 -4.2132 -0.7667 0.8303 -0.4441 0.7871
5.4013 -4.367 -0.4214 0.5661 0.0801 0.5804
5.5929 -5.2481 -0.6895 -0.0283 0.2793 0.4398
5.2864 -5.5545 1.0343 -0.7484 0.5105 0.5385
14.6717 -7.4316 5.8993 -0.5406 -0.3587 -0.025
6.7804 -4.0989 2.2218 -0.2093 1.1103 0.9476
6.0142 -3.5626 -0.1915 -0.6003 0.3859 0.4309
8.0451 -2.566 1.6849 -0.7484 0.1643 0.5321
8.1983 -1.9914 1.57 0.3455 -0.0744 0.9867
7.2784 -2.1069 2.1835 -0.3458 -0.9256 0.6182
12.2206 -10.6871 1.9914 -0.7996 -3.5983 0.9825
7.1641 -5.2092 -2.0692 -0.9551 0.5328 0.3827
7.0874 -1.6466 -2.0309 0.7429 -0.5453 0.9559
5.9765 -3.7152 -2.5672 0.4638 -0.1841 0.8173
7.662 -4.3664 -0.1155 0.5746 0.5402 0.9526
6.8193 -2.8341 -1.9543 0.9357 -0.019 0.6831
5.2864 -4.6735 -0.996 0.647 0.112 0.7726
4.1372 -4.6352 0.8045 -0.2361 0.503 0.6639
12.2583 -7.1635 3.4477 -1.2108 -0.819 0.2998
9.8833 -4.0606 3.7924 0.2955 0.7437 0.8186
6.0148 -2.8724 -0.0389 -0.2201 -0.4323 0.5693
6.8193 -3.7918 1.4168 -0.7261 0.2239 0.8548
7.2407 -0.9571 1.7998 -0.7932 -0.4877 0.5267
6.0148 -0.574 0.8422 0.222 0.2452 0.407
14.6723 -13.1388 -11.9141 0.9517 -3.2094 0.1684
9.3476 -6.9713 -2.797 -1.1394 0.6788 0.7713
7.4322 -2.6426 -0.8051 1.037 -0.1479 0.7809
3.9079 -3.9834 -2.6438 0.3168 -0.1617 0.8374
6.1298 -4.6346 -0.1155 0.4384 0.7322 0.7009
6.4362 -5.1326 -2.2607 -0.3584 0.9154 0.6838
12.642 -11.6065 -1.1115 -1.8711 1.2286 0.8916
7.5471 -1.3785 0.3059 0.1529 -0.9776 0.4378
5.5935 -5.7455 0.6506 -1.5994 1.2148 1.4178
8.4665 -3.7535 1.2635 -1.4216 0.9686 0.7156
9.7306 -1.7615 1.9531 -0.8187 0.354 0.4632
8.2367 -2.3361 1.1103 -0.2178 0.3614 0.3652
11.0331 -10.4956 2.6426 -0.7047 -0.1041 0.412
8.2367 -3.4854 -1.9926 -1.298 -0.0785 0.7519
7.279 -4.9027 1.072 -0.9529 0.1824 0.904
6.5511 -2.8341 -5.5551 -0.4533 0.8237 0.5909
8.773 -4.4813 -3.6015 -0.6621 0.6767 0.6239
7.0108 -8.925 2.8341 -1.2651 1.1124 0.7964
8.3133 -7.1629 4.9027 -1.3748 1.531 0.659
6.2064 -3.6003 1.8381 -1.7583 1.2349 0.5546
7.4705 -4.0217 2.2978 -1.6134 1.303 0.7006
8.5431 -3.945 1.1103 -1.5857 0.7907 0.5259
8.1594 -3.2561 0.4597 -1.2097 0.7321 0.5195
9.0022 -3.2561 0.9194 -1.0584 0.0993 0.1275
8.4659 -12.2966 2.0303 -1.638 -0.0968 0.4025
7.3939 -5.4773 -0.4603 -2.226 0.9312 0.4782
7.279 -2.8724 -0.3071 -0.9786 -1.3346 0.8382
6.3979 -3.6769 -2.1841 -0.7005 0.258 0.8542
9.1177 -3.1023 -1.9543 -0.1764 0.341 0.5676
10.3052 -8.6951 -0.3454 0.1283 0.6234 1.2226
6.0914 -4.9793 2.1063 0.0335 0.6713 0.7187
8.658 -4.2515 1.3018 -0.3479 0.241 0.658
7.5854 -4.06 1.5317 -0.3383 0.4572 0.7166
7.0108 -4.3664 0.8422 -0.399 -0.0466 0.8273
7.0108 -3.4854 0.5357 -0.7335 0.2112 0.8788
7.2401 -3.2178 1.1109 -0.3478 -0.6432 0.6625
5.7084 -2.566 0.9954 -0.0059 -0.3321 0.6103
19.3457 -13.1771 -2.4906 1.3022 -2.7364 -0.0363
8.351 -8.4276 -4.1372 0.1539 -0.2533 0.866
5.4785 -4.8261 0.6506 0.6142 0.0739 1.1096
6.781 -5.0176 -1.6478 0.3692 0.5298 0.5886
7.8919 -5.1326 -0.8051 0.4853 0.6672 0.6163
6.7804 -5.0566 -1.5323 0.1284 0.418 0.5759
4.2527 -2.7958 -0.3071 -0.1251 0.4435 0.5482
6.4739 -6.5122 0.7661 -0.0965 0.2121 1.0964
4.0989 0.498 0.996 -0.1903 -1.308 0.1227
5.1721 -4.7878 4.2132 -0.1466 2.5834 0.9323
6.5122 -2.7964 -1.5323 -0.2595 -0.1181 0.6298
9.0022 -4.8267 3.6392 -1.0744 0.5552 0.8184
7.1251 -3.6775 0.8428 -0.2968 -0.165 1.0233
7.8147 -3.1029 0.498 -0.0806 0.1972 0.7006
6.0531 -2.4894 2.5277 0.1868 0.2142 0.7922
14.8249 -10.7643 -6.4356 1.3416 -1.144 -0.2539
7.7381 -6.857 -2.7581 -0.4278 0.243 0.5621
5.1715 -2.2984 -0.1149 1.3501 0.1013 1.0042
6.4745 -4.1749 -3.1035 0.8366 -0.0968 0.5441
8.2367 -5.937 -0.3837 0.9516 0.2504 0.5302
5.5545 -4.8267 -1.8004 0.141 0.4337 0.5707
4.865 -3.6775 0.0383 -0.1008 0.5604 0.7315
9.1177 -3.562 1.072 -1.7049 -0.5025 0.2827
6.8187 -5.2098 3.2561 -0.5949 0.1218 0.7546
7.3939 -3.9067 -1.303 -0.4852 0.4115 0.4574
10.0754 -4.558 3.3321 -0.1134 0.0387 0.6119
8.8113 -5.0176 -0.8817 -0.2403 -0.1202 1.0329
7.2407 -4.2132 0.6123 -0.4449 -0.2076 0.8315
8.6197 -3.562 1.2252 -0.0699 0.7522 1.1149
3.9079 -3.1023 1.1103 -0.5205 -0.215 0.6717
15.5533 -11.3383 -7.7004 -0.088 -2.4745 -0.5746
6.7427 -5.439 -3.8313 -0.024 0.2218 0.7818
6.9725 -3.7918 -1.9543 0.4383 -0.1372 0.9992
5.4013 -5.363 -1.7621 -0.0368 -0.4109 0.981
7.4316 -6.0525 -2.6049 -0.0187 0.0727 0.7051
7.3933 -5.2481 -2.7964 -0.1849 0.1068 0.7872
8.0068 -5.3241 -2.6821 -0.0135 0.015 0.6576
7.2784 -4.7501 -2.49 0.0238 -0.0627 0.6831
7.5471 -5.0943 -2.3373 -0.055 0.0534 0.6427
7.7387 -4.7495 -2.4906 0.0196 0.03 0.7055
7.6998 -4.7118 -2.3367 -0.0422 0.0257 0.68
7.8536 -5.056 -2.414 -0.0273 -0.0968 0.7449
7.355 -4.9416 -2.5666 -0.1882 -0.2097 0.7108
7.0102 -4.9799 -2.5283 -0.1626 -0.1511 0.8515
7.3933 -4.3287 -2.873 -0.1178 -0.1128 0.7215
7.5848 -4.2521 -2.873 0.1197 0.0236 0.713
6.9725 -4.9027 -2.9886 0.1782 0.0447 0.7391
7.777 -4.8261 -2.414 0.2154 0.3067 0.6837
7.9685 -4.7112 -2.5289 0.3124 0.1555 0.6507
7.4705 -5.1709 -2.2224 0.3454 -0.0139 0.6997
7.3173 -5.1326 -2.1841 0.1068 -0.032 0.6901
7.7764 -5.1332 -2.2218 0.0237 0.0266 0.698
7.5848 -4.7884 -2.2218 0.0088 0.0148 0.6682
7.6231 -4.9033 -2.1835 0.0002 0.0202 0.6916
7.7764 -4.7501 -2.1835 0.0034 0.0436 0.715
7.7387 -4.7118 -2.0309 0.0034 -0.0171 0.7193
7.8536 -4.6729 -2.0692 -0.0455 0.0202 0.7114
7.7764 -4.7884 -2.0303 0.0152 0.0181 0.6922
7.6614 -4.7118 -1.992 -0.0189 0.0223 0.7231
7.8919 -4.6729 -2.0692 0.0365 0.0085 0.7316
7.7387 -4.8261 -1.9543 0.0088 0.0394 0.7284
7.8153 -4.7878 -1.8393 -0.0242 0.0617 0.7305
7.853 -4.7501 -1.8004 -0.0157 0.0436 0.7625
7.662 -4.8644 -1.6478 -0.0296 0.0394 0.7433
7.777 -4.8644 -1.7244 -0.0509 0.0607 0.7359
7.9302 -4.7112 -1.7244 0.0024 0.0276 0.705
7.7381 -4.8267 -1.7238 -0.0126 0.0009 0.727
7.8919 -4.6346 -1.6861 -0.0318 0.0169 0.7388
7.8536 -4.7495 -1.6861 0.0002 -0.0108 0.7207
7.7387 -4.6729 -1.6478 -0.0212 -0.0098 0.7111
7.8919 -4.7112 -1.801 0.0044 -0.0172 0.7111
7.8536 -4.7112 -1.916 0.0098 -0.0012 0.728
7.8919 -4.7112 -1.916 0.047 -0.0417 0.7728
7.662 -4.7495 -1.8777 -0.003 -0.0012 0.7675
7.8153 -4.5963 -1.801 -0.0137 0.0329 0.7792
7.8153 -4.7495 -1.8777 0.0183 0.0126 0.8197
7.7387 -4.9027 -1.8393 0.0236 0.0222 0.7929
7.6614 -4.8267 -1.8387 -0.0009 0.0403 0.7866
7.7764 -4.9033 -1.6855 -0.0009 0.0265 0.7525
7.8147 -4.9033 -1.7621 0.0535 -0.0193 0.7152
