0.8428 9.3853 3.0646 -0.0735 0.4982 0.1965
-0.6123 9.654 3.2172 -0.0224 0.4609 0.1858
-0.3831 8.1211 2.9113 0.2833 0.657 0.1816
0.0006 8.9262 3.1023 0.3078 0.2394 0.2295
-0.3825 12.0291 3.7918 0.311 0.315 -0.1785
-0.6506 16.5493 4.1749 -0.178 0.5451 -0.6646
-1.57 9.1943 1.1869 -0.1236 -0.2453 -0.4377
-1.7621 8.2744 -1.3024 -0.2461 -1.3979 -0.4419
-3.4854 9.2326 4.443 0.7318 -0.9154 -0.1202
-2.068 5.9765 1.0337 0.2503 -1.2264 0.112
-1.7232 8.8879 2.4128 0.3973 -0.6363 0.1485
-1.992 9.9982 1.5706 0.4676 -1.105 0.1623
-1.7238 17.0467 2.6432 -0.1556 0.4567 0.2987
1.5706 12.3732 1.1492 -0.163 0.7784 0.5586
3.5249 6.8959 -0.6518 0.8841 0.4258 0.4894
-0.498 7.9679 5.7844 -0.0618 -0.4807 0.0634
0.1149 6.4356 0.2682 0.2812 1.3068 0.1731
1.3791 6.9719 2.1835 0.9502 0.0146 0.2807
-0.2292 14.2126 3.6003 0.4666 0.0647 -0.4841
0.4597 15.6677 2.6432 -0.1822 0.1137 -0.8186
-0.5357 8.2367 -0.2687 -0.1779 -1.0102 -0.4809
-2.1069 8.2361 -2.1452 -0.3047 -1.1412 -0.2625
-2.375 7.0485 2.7964 0.1545 -0.763 0.0017
-0.7655 9.0794 1.7615 -0.1992 -0.5319 -0.2018
-2.1446 12.0291 1.2252 0.6988 -0.7215 0.2424
-1.1486 13.9444 2.0297 -0.5316 0.1137 0.2371
1.0343 12.7563 1.4174 0.1779 2.0503 1.2161
4.4059 6.6661 -0.5369 0.718 1.0053 1.4345
-0.4208 8.0834 2.7192 -0.1417 0.6133 0.3905
0.3071 6.4362 1.072 0.5252 0.9467 0.382
1.3414 7.279 1.5317 0.5443 0.5962 -0.0945
1.1498 14.3658 5.0176 0.3781 0.249 -0.7667
2.0692 15.2852 0.9571 -0.685 0.2916 -1.6764
0.3071 10.152 -0.5369 -0.342 -0.5084 -0.4812
-1.3785 7.9302 -2.5672 -0.3995 -1.2669 -0.0582
-1.4168 6.2447 3.6386 0.2492 0.2159 0.1708
0.4214 4.7501 -0.3065 -0.1726 0.1169 -0.2575
-2.2212 11.7992 3.5237 0.5646 0.7155 0.2975
-1.4168 10.1903 2.2212 -0.702 0.3928 0.2006
-1.1869 10.2286 3.2172 -0.3335 0.9851 0.598
-0.2292 10.4585 2.4511 -0.1269 2.0738 0.378
2.3373 6.3213 0.5357 0.4335 1.2993 0.5708
-2.3361 9.8456 4.6729 0.4622 0.8082 0.5942
-0.4208 8.8496 2.7575 -0.015 1.6519 0.0488
-0.498 9.4236 3.2561 0.23 0.706 0.2075
-1.3408 10.0365 3.9456 -0.5285 0.7049 -0.5306
-2.873 14.7483 3.2561 0.1544 0.4673 0.0446
0.4597 8.351 -0.8045 -0.2153 0.5249 0.3237
-1.1869 8.8113 5.0943 -0.2185 -0.2794 0.3408
-0.9188 8.9262 1.6083 -0.0502 0.0838 0.1618
-1.3402 9.6923 3.3704 0.2493 1.5592 0.2414
-0.7278 10.1514 2.3367 -0.3739 1.0649 0.4448
-0.3442 10.8415 1.6083 -0.342 1.6796 0.3276
1.0343 8.6191 3.1795 0.5731 1.5124 0.5386
0.3448 9.347 2.3367 0.1832 1.164 0.4885
-0.8811 9.2703 2.6432 0.2482 1.31 0.2053
-0.7661 8.3127 2.7198 0.4027 0.4727 0.1691
-1.0337 10.2286 3.4087 0.2184 0.5643 0.0306
-1.8004 13.4075 3.7158 -0.2908 0.3033 -0.7246
-1.3402 12.7952 1.7232 0.2482 0.3395 -0.5425
-1.0337 10.0371 -2.5289 0.4154 -2.4664 -0.2809
-2.8341 9.654 1.9148 -1.7439 1.2418 -0.462
-1.3402 5.6318 0.2676 0.3121 -0.7311 0.2379
-0.1526 5.7467 -0.1921 -0.4826 0.0306 0.0025
-2.2984 12.1434 3.869 0.9481 -0.3891 0.5873
-0.7661 13.7906 1.494 -0.6008 0.5067 0.712
0.2682 12.9095 1.6472 -0.0533 2.143 0.6359
3.1801 8.1217 1.072 0.4761 1.6966 1.0184
3.6015 7.0874 1.7615 -0.8075 1.6274 0.2514
-0.9954 8.4665 2.0297 -0.0427 1.3941 0.4783
-0.3825 7.0491 2.566 0.3589 1.2034 0.1225
-0.6506 8.6963 2.9874 0.3068 0.707 0.3988
-0.6895 9.7683 2.9497 0.5028 0.2596 -0.0411
0.4603 12.642 3.6386 0.1789 0.1137 -0.4044
0.0006 14.5573 2.5277 -0.3484 0.1062 -1.0233
-0.7655 9.9605 2.1829 -0.212 -1.2413 -0.5098
-0.6506 7.2407 -1.5329 -0.1492 -1.383 -0.461
-2.1829 7.662 4.1749 0.6221 -0.6288 0.126
-0.7272 8.0834 0.6123 0.1246 -0.8302 -0.0487
-2.2212 10.6883 2.3361 0.686 -0.4019 0.0972
-1.1869 13.3698 0.9571 -0.4112 0.1893 0.0056
0.6901 11.7226 0.8422 0.1416 1.8202 0.2005
3.4099 7.0491 0.574 -0.2845 0.7763 0.2931
-1.0343 8.4659 2.1069 0.1427 0.3565 0.4103
-0.6129 7.5465 1.7238 -0.0341 0.7496 -0.1149
0.3071 9.6157 2.9874 0.1779 0.3107 0.1094
-0.3065 9.0022 2.1069 0.2248 0.3779 0.0487
-0.1532 9.1554 2.0303 0.1353 0.2415 -0.1633
0.1149 12.6797 1.8771 -0.1161 0.3555 -0.7705
-1.1875 13.2926 2.6049 -0.1587 -0.1558 -0.3284
-1.7238 11.4156 1.6089 -0.1747 -0.355 -0.191
-1.3024 8.0828 -2.2601 -0.2057 -0.9793 -0.1075
-2.4134 8.0445 2.4517 0.392 -0.6427 -0.1661
-0.3825 8.6197 0.1526 -0.4688 0.0476 -0.4143
-0.7272 12.4888 0.1143 -0.0224 0.1478 0.1012
-1.57 9.9988 3.7918 -0.1109 0.2159 0.2465
-0.9188 7.3173 0.6889 -0.455 0.5589 -0.0007
-0.8422 10.8032 4.0217 0.0574 0.2458 0.0622
-0.8045 8.5808 1.5323 -0.0577 0.0593 -0.0699
-0.996 9.845 3.2178 0.0339 0.1382 -0.0678
-1.2258 9.4236 2.9113 -0.0693 -0.0483 -0.085
-0.9954 9.0794 2.7575 -0.0224 0.1233 -0.1127
-1.3408 9.73 2.6049 -0.0096 -0.0259 -0.0083
-1.6083 9.6157 2.6809 0.0745 -0.0067 0.0034
-1.1486 9.5391 2.6043 -0.0043 -0.0504 0.0098
-1.494 9.4236 2.5283 0.0254 -0.1559 -0.0016
-1.3785 9.7689 2.9108 -0.0246 -0.1495 -0.0805
-1.2635 9.2709 2.6043 -0.1269 -0.093 -0.1359
-1.2635 9.2709 2.6043 -0.0225 -0.0983 -0.0879
-1.3402 9.5774 2.9874 -0.0097 -0.0291 -0.0964
-1.3402 9.2326 2.566 0.0042 -0.0813 -0.0444
-1.4168 9.5774 2.7958 0.0426 0.0284 -0.0135
-1.4934 9.3093 2.7192 0.0117 0.054 -0.0018
-1.3791 9.4619 2.7581 0.0458 0.0913 0.0025
-1.2635 9.5391 2.7958 0.05 0.0881 0.0281
-1.3785 9.5774 2.7575 0.0245 0.1094 0.0216
-1.3018 9.3093 2.6809 0.0159 0.1328 0.0259
-1.4551 9.4242 2.566 0.0127 0.2138 0.0099
-1.4168 9.5774 2.7192 -0.0299 0.1712 0.0035
-1.2635 9.2326 2.3744 0.0404 0.2085 0.0206
-1.3402 9.5391 2.6809 0.0106 0.1989 -0.0211
-1.6083 9.4242 2.3361 0.0095 0.1403 -0.0403
-1.494 9.5385 2.49 -0.0427 0.119 -0.0882
-1.6855 9.4619 2.4134 -0.048 0.0583 -0.1052
-1.7238 9.4619 2.5283 -0.0959 0.0306 -0.1361
-1.7621 9.5385 2.2984 -0.0086 0.0902 -0.0647
-1.7998 9.6157 2.8341 -0.1257 0.0732 -0.069
-1.8381 9.3093 2.6043 -0.0437 -0.0408 -0.0349
-1.8765 9.3476 2.6426 -0.016 -0.1718 -0.0562
-1.6849 9.3476 2.8724 0.0032 -0.1047 -0.0253
-1.8765 9.3859 2.7958 -0.0266 -0.1558 -0.0578
-1.4168 9.3093 2.7192 0.016 -0.0877 -0.0355
-1.6466 9.3859 2.7575 0.0309 -0.0472 -0.012
-1.8387 9.4236 2.7964 -0.0319 -0.0451 -0.0397
-1.6089 9.3853 2.7964 0.0032 -0.0216 -0.0589
-1.5323 9.4619 2.9497 -0.0181 -0.0866 -0.0227
-1.57 9.3859 2.8724 0.0064 0.0402 -0.0496
-1.6472 9.3859 2.9497 -0.0149 -0.0238 -0.0261
-1.6466 9.3093 3.0257 -0.0235 0.0583 -0.0421
-1.7232 9.3859 2.9491 -0.0096 -0.0014 -0.0336
-1.7232 9.4242 3.1406 -0.0075 0.0199 -0.0346
-1.6466 9.3859 3.0257 -0.0021 0.0008 -0.0271
-1.7615 9.3093 2.9491 0.0011 -0.0206 -0.0271
-1.6849 9.4242 2.9874 0.0011 -0.0024 -0.0303
-1.6466 9.3859 2.9491 -0.0032 0.0029 -0.0292
-1.6472 9.2703 2.988 0.0192 -0.0152 -0.0175
-1.6089 9.3853 2.9113 -0.0054 0.005 -0.022
