-2.4511 8.3133 3.1023 -0.0259 1.0399 0.1423
-2.4894 8.5048 4.2515 -0.125 0.4082 0.1317
-3.1789 8.1983 3.8684 0.217 0.4146 0.0454
-4.1366 9.3476 4.1366 -0.1484 -0.0328 -0.2358
-3.7535 13.8678 3.4471 -0.3327 -0.6379 -0.3945
-1.4551 8.16 0.8039 0.2862 -1.3921 -0.0311
-1.9148 7.777 -1.2264 1.589 -1.1439 0.4057
-1.1103 8.6197 4.5963 0.0433 0.9717 0.6326
-2.4128 8.773 1.7232 -0.06 -1.7884 0.2033
-1.1869 10.4585 -0.0772 -0.9154 1.2956 -0.3261
-1.4168 14.3275 4.2132 -0.8643 0.1355 -0.3061
-0.5363 8.3127 1.6089 0.1626 0.6947 -0.1985
2.1458 7.5471 1.0337 -0.1921 1.0473 0.2414
-3.6769 8.773 4.5963 0.2755 1.1251 0.0955
-1.4168 9.2326 4.2132 0.0721 0.732 0.0902
-3.3321 8.8879 3.5237 -0.1463 0.046 -0.0407
-3.6769 13.4847 2.9108 -1.1487 -0.6731 -0.7693
-2.2212 9.7306 2.1063 0.3437 -0.5655 -0.2538
-1.7232 7.3939 -0.6518 0.3054 -1.6318 0.085
-2.8347 7.4316 5.0182 0.9595 0.4146 0.3012
-3.0257 9.0411 1.8765 0.3097 -0.0999 0.3962
-3.1789 8.9262 2.8341 -0.0536 0.3421 0.1011
-3.7535 11.8758 3.7918 -0.4712 0.6713 -0.0704
-2.0297 11.3012 2.4511 0.2244 0.1131 -0.1375
2.0303 7.6998 -0.4214 1.0138 -0.672 0.428
-0.8422 9.0794 1.2635 -0.5948 -0.6283 0.7124
-0.6889 7.1641 1.9531 0.7326 -0.8201 0.2214
0.3837 5.8999 0.076 0.1797 -1.6574 0.2853
2.0303 4.5586 -0.1532 2.6213 -1.5519 0.7071
1.916 10.8032 -5.5935 1.6924 -0.8787 0.5505
5.3636 7.2407 -7.5088 1.8489 0.5797 1.9572
2.7204 10.3052 -6.9725 0.1583 0.6031 1.0112
4.8267 10.9942 -5.6312 0.4502 0.2122 0.2496
4.7118 10.8793 -7.2018 -0.1399 -0.0147 0.5191
3.5632 8.5814 -8.0834 0.5173 0.128 0.24
3.9846 7.8153 -5.0188 -0.0589 -0.3332 0.199
3.5249 7.1257 -5.0955 -0.1559 -0.6315 -0.3518
3.6775 7.0868 -5.2481 0.0029 -0.5165 -0.7267
2.5672 7.8153 -5.5551 -0.3721 0.0407 -0.4103
1.6095 7.3173 -4.9805 -0.3849 0.4614 -0.111
2.3373 7.7387 -4.4059 -0.1793 0.5658 0.2565
3.2944 9.1171 -4.6735 -0.076 0.2622 0.1319
2.988 9.1937 -4.7501 -0.1047 -0.4249 0.1084
2.9497 8.4659 -4.2904 0.0593 -0.7902 -0.2261
2.1075 7.662 -4.4442 -0.0898 -0.1276 -0.0098
2.2601 8.0062 -4.0223 -0.0099 0.2005 0.0584
2.5672 8.4665 -4.3293 -0.0152 0.1866 0.2043
2.4523 8.773 -4.6358 0.0487 0.1813 0.0925
2.4134 8.2744 -4.4819 0.1168 0.0833 0.1021
2.9503 8.8113 -4.6358 -0.0611 0.2399 0.0605
2.7204 8.3133 -4.4825 0.07 -0.0637 0.0732
2.9886 8.3133 -4.4442 0.0838 0.1685 0.0615
3.1035 8.0068 -4.3676 0.0497 0.2665 0.2127
3.5243 8.2744 -4.5586 0.2617 0.2303 0.2181
3.2184 8.1217 -4.5975 0.1403 -0.1287 0.0167
3.5632 7.9685 -4.5975 -0.0621 0.2047 0.0595
3.7158 8.1977 -4.7501 -0.0855 0.0439 0.0681
3.2561 8.3127 -4.2521 -0.0472 -0.052 0.002
3.5243 8.1594 -4.4436 0.0157 -0.0882 0.0233
3.1412 7.6998 -4.3287 0.0082 -0.0286 0.1171
3.486 8.0062 -4.2904 -0.0025 0.0321 -0.0493
3.6775 8.351 -4.7118 0.0551 -0.0243 0.0392
3.6009 8.1977 -4.6352 -0.0515 0.0321 0.0839
3.6775 7.9296 -4.4053 -0.0163 0.0151 0.0754
3.5626 8.1211 -4.3287 -0.0302 -0.0126 0.069
3.5249 7.8536 -4.4825 0.0146 0.0481 -0.0034
3.7547 7.9685 -4.4059 0.021 0.0055 0.0392
3.5249 8.1217 -4.4825 0.0103 0.0151 0.0222
3.4866 8.0834 -4.4825 -0.0302 0.0119 0.0115
3.5249 8.0451 -4.4442 -0.044 0.0183 -0.0055
3.4866 8.0451 -4.3293 -0.0248 -0.0584 0.0402
3.5626 8.1594 -4.2138 -0.0621 -0.1234 -0.0003
3.6015 8.2367 -4.4825 -0.0046 -0.0307 -0.0099
3.2567 8.0068 -4.2144 -0.0003 -0.1202 0.0114
3.5249 7.9302 -4.2527 -0.0174 0.013 0.0466
3.3716 8.16 -4.4059 -0.0429 -0.0318 0.0266
3.3716 8.3899 -4.4825 0.0189 -0.0786 0.0447
3.3716 8.0068 -4.3676 0.0061 -0.0254 0.0883
3.4099 8.0451 -4.4059 0.0039 0.0577 0.0383
3.5249 8.2367 -4.3676 0.0423 0.0119 0.0734
3.4482 7.8153 -4.4442 0.0369 0.0226 0.058
3.8307 8.1594 -4.3287 0.0667 -0.0733 0.0463
3.4866 8.0451 -4.6741 -0.0632 0.0684 0.0559
3.7158 8.0828 -4.4436 -0.0025 -0.0126 0.0186
3.5243 8.0062 -4.4819 -0.011 0.0044 0.0197
3.7158 8.0062 -4.5203 -0.0206 -0.0286 0.0298
3.6392 8.1594 -4.5586 -0.0301 0.0066 0.0234
3.5632 8.0451 -4.3293 -0.0429 -0.0424 0.0341
3.6015 8.1217 -4.4059 -0.0163 0.0183 0.0128
3.486 8.0062 -4.3287 -0.0227 -0.0467 0.0415
3.6392 8.1211 -4.3287 -0.0057 0.0311 0.0147
3.6781 8.0834 -4.4442 0.005 -0.0062 0.0211
3.5632 8.0451 -4.4825 0.021 0.0801 0.003
3.6015 8.2367 -4.3293 0.0082 0.0076 0.02
3.5626 8.0445 -4.4053 -0.0163 -0.0137 0.0253
3.4477 8.1211 -4.5203 0.0039 -0.0041 0.0124
3.371 7.9296 -4.3287 0.0082 -0.085 0.0678
3.5243 7.8913 -4.5586 0.0071 0.0268 0.0337
