1.0349 -10.1125 0.4974 -0.0017 -0.029 0.0601
0.1915 -8.9256 1.5323 0.238 1.0438 0.0639
0.6129 -9.9216 1.8387 -0.0528 -0.9919 -0.0693
4.4442 -11.3383 -9.3093 0.1986 0.9756 -0.3792
-1.7238 -10.1131 2.2984 -0.0464 -0.2495 0.1832
0.3448 -8.1211 3.0646 0.0516 -0.5807 -0.5369
-0.1149 -9.9216 2.49 0.7643 -0.0832 -1.0537
-3.0257 -17.774 -0.7284 -0.4725 0.1383 -0.4987
-1.3408 -14.4418 -0.7661 -2.9642 0.5708 0.2256
9.654 -8.1588 1.57 -3.2401 -0.5168 -0.6756
-1.3018 -9.6145 1.4168 -1.4174 -1.7269 1.3623
0.0772 -2.9108 -1.6861 -0.8922 0.7317 1.2962
-0.1915 -1.9154 -1.3408 0.3062 1.4698 0.9235
-0.6889 -11.1085 -10.4585 0.9091 0.5036 0.1043
3.1418 -5.439 -2.0309 1.6005 -0.5467 -1.5096
2.0309 -8.1971 2.3744 2.4463 -0.7981 -1.1538
-1.6849 -15.2074 3.4087 1.1967 -2.5004 0.4388
-3.0263 -9.5385 -3.7541 0.238 2.2422 -0.2065
3.3327 -9.5002 0.1915 0.221 -1.0228 -0.7071
-0.8045 -10.2663 2.5283 -0.0549 0.0435 -0.5079
1.0349 -16.6247 0.1143 -0.5322 0.4238 -0.2246
-1.9154 -9.9599 1.5323 -2.6627 0.2715 0.8982
2.9497 -10.0365 1.9537 -1.0616 -1.7174 0.8959
-3.0646 -10.5728 -0.3448 -1.459 0.1798 1.7183
1.6089 -4.0989 -0.996 -0.725 0.7103 1.2155
-0.8045 -2.375 -0.8811 1.5962 -0.2346 -0.9182
-6.3584 -15.8586 -4.8273 -0.5492 0.7561 -1.4647
2.7204 -5.439 0.1909 1.5078 0.0733 -2.2025
2.3756 -13.9432 1.1103 1.2479 0.672 -1.4184
-5.7838 -7.6225 0.8805 1.3832 -3.0106 -0.4096
0.422 -8.925 0.6889 0.1997 1.39 -0.318
-0.3442 -10.419 2.3744 0.0037 0.0371 -0.465
0.4986 -14.8626 2.7958 0.2902 0.4206 -0.6884
-2.068 -10.6871 -1.7244 -1.6134 0.2182 0.217
-0.5357 -8.925 0.4591 -1.4632 -0.5903 1.3963
1.4946 -11.0319 0.3442 -0.6472 -0.6425 1.1182
-1.7998 -10.2657 -0.2687 -1.0755 0.9596 1.6764
1.418 -2.5277 -1.6478 -0.1093 0.7274 0.7307
-3.9067 -3.7918 -4.2144 1.38 -2.086 -1.0739
-0.076 -7.3161 1.1869 0.4851 0.4355 -1.9708
1.2647 -9.6145 1.57 1.8316 -0.7693 -1.5927
-0.6123 -12.6791 1.6849 -0.072 0.3833 -0.4731
-4.5586 -8.1211 0.3448 0.3243 2.6033 -0.4662
5.1338 -7.7758 1.57 1.2532 -2.624 -0.2169
-0.4974 -10.8787 3.2938 0.2572 -0.5595 -0.5716
-0.574 -15.8969 1.072 0.1986 0.1702 -0.5045
-3.2938 -9.2314 -0.9966 -1.9959 0.2906 1.1136
3.4866 -13.2537 1.4168 -2.0363 -2.085 0.0241
-3.3704 -11.7597 0.3059 -0.9061 -2.5601 2.389
0.2298 -7.0485 -0.1915 -1.2587 1.0309 1.5134
1.1875 -2.49 -1.6855 0.0569 0.9617 0.5323
-0.1915 -1.3791 -3.1412 1.5121 -2.7838 -0.5106
-3.1029 -10.9176 -1.9537 0.5139 0.5942 -1.4236
1.3414 -10.419 1.8381 1.7773 -0.8631 -1.8995
0.5369 -11.9896 1.4168 1.0156 -0.2921 -1.3904
-4.7878 -7.6608 -0.4603 0.6566 0.7561 -0.6788
0.8051 -7.6225 5.7072 0.989 -0.3699 -0.2505
-0.4208 -8.8101 2.1829 0.1283 -0.3923 -0.3933
0.3837 -12.4493 3.6003 0.6055 0.0082 -0.9814
1.1498 -16.5098 -0.0772 -0.6409 0.5323 -0.3071
-2.49 -11.1474 0.4214 -2.2292 -0.648 1.0415
1.2647 -11.9896 -0.5752 -0.7325 -1.5429 2.0866
-2.1063 -11.1851 2.0297 -2.3218 1.4207 1.8479
2.0309 -0.6123 -0.92 -0.6451 1.2493 0.3497
-0.9954 1.0349 -0.3454 2.5635 -2.9926 -1.8639
-2.7581 -8.1211 1.5323 0.5448 0.0466 -1.6136
3.1029 -8.6574 1.494 1.3682 -0.0653 -2.0333
0.5746 -12.5265 1.494 1.1488 0.7699 -1.033
-5.0182 -6.857 -0.2682 0.2795 0.2308 -0.2631
1.1492 -8.6957 6.1675 0.7845 -2.116 -0.0437
1.9154 -10.5728 0.5746 -0.2659 0.1584 -0.032
-0.4597 -9.0788 1.9537 -0.4097 -0.7503 0.0437
-2.4128 -10.304 -1.1881 -1.8425 0.8359 0.7137
3.1801 -9.3847 1.1869 -0.7133 -0.55 -0.1986
2.4134 -9.73 -0.3065 0.2401 0.9669 -0.0878
2.0692 -10.304 -2.9119 0.9006 2.0716 -0.4617
0.2682 -10.9176 -0.6895 0.3115 -0.7439 -0.2487
-0.996 -9.1937 2.5666 0.5469 -0.0536 -0.293
1.2258 -9.5385 0.6895 0.5661 0.1371 -0.3218
1.6089 -9.4236 1.992 0.4968 0.3863 -0.4368
0.1915 -9.9216 1.1109 0.1283 0.1637 -0.1545
0.4597 -9.2703 2.4517 0.0015 -0.0451 -0.0299
0.8817 -9.1548 2.2978 -0.0198 0.1871 -0.2143
0.6901 -9.2314 1.4934 0.1038 0.2404 -0.1568
1.1115 -9.0782 2.8341 0.0388 -0.255 -0.209
0.7284 -9.2314 2.6426 0.3019 0.0465 -0.2494
-0.1143 -9.3847 1.9148 0.026 -0.0121 -0.2132
1.2264 -9.2314 2.2595 0.009 0.0071 -0.1538
0.8434 -9.1548 2.4128 -0.0209 -0.0984 -0.1644
0.8434 -9.3464 2.2595 0.0036 0.0146 -0.1697
0.8817 -9.2698 2.4128 -0.0273 0.0018 -0.1559
0.9583 -9.1931 2.2978 -0.0166 0.0582 -0.1708
0.996 -9.0788 2.5283 -0.0219 0.0795 -0.1853
0.5752 -9.1165 2.1063 -0.0134 0.104 -0.1885
1.0726 -9.2703 2.4134 -0.0805 0.0944 -0.1885
0.6518 -9.4613 1.9531 -0.0955 -0.0249 -0.1726
0.6518 -9.1165 1.9148 -0.0326 0.1583 -0.1885
0.92 -9.4996 1.9148 -0.039 0.0805 -0.1853
