-3.3321 -8.9633 -2.5289 0.2028 0.2529 -0.2102
-3.4854 -8.6951 -2.3756 0.3061 0.1058 -0.2709
-3.2944 -7.8913 -2.988 0.3349 0.2624 -0.3656
-3.2938 -9.0782 -1.7244 0.3839 0.2603 -0.5478
-2.9491 -9.0782 -2.7587 -0.0305 0.3935 -0.0492
-2.566 -8.2355 -2.1458 -0.0262 0.2965 -0.0428
-2.2984 -8.9256 -2.1452 0.0803 0.6512 -0.0584
-4.06 -9.8444 -3.0269 0.2135 0.3157 -0.1351
-3.7152 -7.6992 -2.8353 0.3317 0.2155 -0.1692
2.1841 -2.2595 4.3281 1.1317 -3.7046 -1.8917
1.7238 -12.3732 2.6815 0.7397 -0.8007 -0.8179
-0.7272 -16.663 0.8805 -0.3916 1.545 -0.7429
-6.9713 -10.6105 2.1829 2.4463 0.2827 -0.3679
2.6438 -11.798 -12.9484 -0.0007 -0.7591 -0.712
-6.3967 -1.7998 -2.0309 -1.8201 0.1985 0.4108
1.1115 -19.0381 -0.0772 -3.5246 3.0417 -0.3924
-2.7192 -11.7214 1.4934 0.4041 -4.0668 1.6036
3.6398 -0.9188 0.1526 0.3732 1.8987 0.3945
-0.6123 0.2687 0.1909 0.4926 0.1985 -0.9488
9.0411 -18.7699 7.5842 1.12 -3.9922 -4.8956
5.1338 -12.5259 1.8765 -1.2246 0.6651 0.2614
-10.4573 -14.1348 8.3887 2.8266 -0.3288 -0.589
-6.0903 -5.7455 2.7575 -0.9807 1.0752 -0.4751
-3.2172 -4.4813 0.4591 -1.5602 1.366 1.631
6.781 -14.0582 6.6266 -1.7424 -1.164 0.8299
0.4603 -2.2978 3.1789 -0.1967 1.9189 0.1598
2.1841 -0.076 -1.8393 0.3445 1.969 -0.7562
7.6237 -12.8706 8.3121 1.7783 -3.2796 0.5477
0.9583 -5.7455 2.2595 0.1666 -0.4161 2.0444
-8.5419 -13.4069 7.7375 2.2396 1.838 -0.9256
-5.0943 -7.5842 -3.295 -0.6792 -0.3948 -0.8095
-5.4779 -1.3408 -2.9113 -2.0556 0.8739 0.781
-1.5706 -18.3875 -2.4517 -1.834 4.7941 0.8852
-1.4174 -4.3287 0.498 1.0252 1.3032 -0.4432
1.992 -0.7661 -0.6512 0.6161 0.3541 -1.0983
2.1075 -12.1428 0.6506 0.3892 -6.5041 -1.8792
-3.1789 -10.5722 1.6849 -0.9722 2.9789 -0.6731
-4.0606 -11.0708 5.4779 1.0049 -2.3411 -0.4601
-6.2824 -5.1715 3.486 -1.3589 -1.9842 -0.2779
-4.6346 -11.9513 0.6889 -0.8774 2.0744 1.14
5.861 -14.1354 7.5082 -2.0268 -3.6759 0.5274
-1.6855 -6.0908 1.6855 0.5788 1.006 -0.1224
1.1875 -2.2218 0.9194 0.7205 -0.495 -0.6241
1.303 -7.4699 7.5459 -0.5471 -2.3123 0.7671
-0.9571 -8.0822 3.1023 -0.185 -1.149 2.0486
-4.6729 -9.1931 4.5197 1.8998 1.9306 -0.5059
1.8393 -7.7375 -8.1983 1.8263 -2.1483 -0.8675
-3.5237 -5.7838 0.3059 -0.3362 0.3306 -0.4254
-2.068 -14.9392 1.4168 -0.7975 0.3167 0.2468
0.2687 -8.427 0.9188 -0.4939 -1.588 -0.3477
0.4986 -7.7758 -0.1155 0.1389 -0.3118 -0.7141
-1.4168 -8.3504 -1.4563 0.8132 1.7304 -0.3579
-2.6043 -11.5299 -1.9926 0.1261 -0.3991 -0.3121
-0.3825 -9.2314 -1.4946 0.4308 0.2912 -0.1981
-1.6083 -8.3887 -0.3837 0.1389 -0.4502 0.016
-1.5323 -5.8993 0.6512 -0.5439 0.271 0.1779
-1.8004 -9.3853 -1.0726 0.0792 0.0387 -0.1414
-0.3825 -9.7294 -0.4603 0.1208 0.5777 -0.2373
-0.9954 -8.8101 1.1869 -0.1977 -0.8593 -0.1467
-1.072 -10.2657 -0.8434 -0.0039 0.533 -0.3779
-0.498 -9.6917 -0.5363 -0.0103 0.1506 -0.1957
-0.9188 -9.6145 -0.4986 0.0579 0.0046 -0.2261
-0.7655 -9.423 -0.2687 0.0462 0.0866 -0.1643
-0.7272 -9.3464 -0.3837 0.0441 0.0333 -0.2271
-0.7661 -9.4236 -0.2682 -0.0731 -0.1211 -0.225
-1.1492 -9.6917 -0.6129 0.0185 -0.1573 -0.1568
-0.6129 -9.4619 -0.5746 -0.023 -0.1105 -0.195
-0.8811 -9.347 -0.2298 -0.0145 -0.0146 -0.1886
-0.8428 -9.5002 -0.4214 -0.1136 -0.38 -0.1812
-1.072 -9.5379 -0.3837 -0.0177 -0.1126 -0.1641
-1.072 -9.4613 -0.3454 0.0686 0.0749 -0.2227
-1.072 -9.4996 -0.4603 -0.0017 0.0483 -0.187
-0.9188 -9.3464 -0.5752 0.0004 0.0067 -0.187
-0.9577 -9.5768 -0.4214 -0.0369 0.0291 -0.1625
-0.8805 -9.3464 -0.1921 0.0004 0.06 -0.204
-0.9954 -9.4613 -0.5369 0.0164 -0.0306 -0.1966
-0.9954 -9.5379 -0.4603 -0.0081 0.0525 -0.1915
-0.8811 -9.4619 -0.4597 0.0004 0.0014 -0.2
-1.1103 -9.4996 -0.5752 -0.0007 0.0099 -0.2043
-0.9577 -9.4236 -0.5363 0.0047 0.0355 -0.1904
-0.8811 -9.5002 -0.6129 -0.0017 0.0419 -0.2064
-1.0337 -9.4996 -0.422 0.0057 -0.0029 -0.2009
-1.0343 -9.3853 -0.3065 -0.0166 0.0057 -0.1998
-0.9188 -9.423 -0.7667 -0.0103 -0.0487 -0.1913
-0.9188 -9.4996 -0.8051 -0.0039 -0.0242 -0.1966
-1.0337 -9.4996 -0.8434 -0.0007 -0.0348 -0.2041
-1.1492 -9.5002 -0.8045 -0.0071 -0.0284 -0.1933
-1.0726 -9.4236 -0.8045 0.0078 -0.0029 -0.205
-1.1109 -9.347 -0.5363 0.0047 0.0312 -0.1997
-0.8045 -9.3087 -0.6512 -0.0049 -0.0849 -0.2199
-1.1869 -9.4996 -0.4986 0.0121 -0.0551 -0.2434
-0.7272 -9.3464 -0.4986 -0.0156 -0.0018 -0.1859
-1.1103 -9.423 -0.6135 0.026 0.0025 -0.2189
-0.9954 -9.423 -0.5369 -0.0124 0.0099 -0.1816
-0.9571 -9.5762 -0.5369 0.0121 0.0025 -0.2125
-0.9954 -9.4996 -0.5752 0.0089 -0.0039 -0.2072
-0.9188 -9.4996 -0.5369 -0.0081 -0.0316 -0.191
