0.4603 10.3819 0.3825 -0.2875 0.3603 -0.2283
1.8777 9.3093 -0.4603 0.031 0.4721 -0.2145
1.0349 9.4242 -0.0006 -0.2853 0.1994 0.0199
1.2258 10.4579 -0.2298 -0.117 0.1983 0.1381
2.3367 10.4962 -0.2682 -0.1777 0.0556 0.3516
2.0309 11.1097 2.7958 0.0566 -0.1969 0.4848
3.6781 8.7346 4.2515 0.2686 -1.3335 -0.0031
0.9577 9.3087 0.6512 -0.3045 -0.574 -0.3706
3.1029 5.7461 1.6089 -0.2352 -0.4248 -0.0872
2.1452 11.2623 0.6895 0.2047 -0.2725 0.033
3.6015 11.8758 0.7655 0.8034 0.5914 -0.3121
0.1538 8.3516 2.7192 1.0207 1.3297 -0.0532
-1.072 11.646 3.1789 -0.6038 -1.178 -0.2418
3.0646 6.3973 -2.9497 0.8918 1.4266 -0.1779
0.1921 9.0028 0.8039 -0.9149 -0.3694 0.29
3.5632 11.148 0.1143 0.5595 0.1568 0.3528
3.4482 12.5271 1.2252 -0.1042 -0.0413 0.601
3.6392 8.9639 4.8267 0.3049 -1.6648 -0.0584
0.9966 7.8153 1.3785 -0.4845 -0.2437 -0.5633
3.6015 5.7084 0.8422 -0.2279 0.3549 -0.1904
3.6781 11.4162 1.2252 0.4827 -0.5633 -0.0412
3.4099 12.3355 0.3825 0.5413 0.4519 -0.1999
0.6135 9.1943 2.6426 0.6808 1.3211 -0.0828
-1.0337 10.9948 3.0257 -0.2971 -0.3939 -0.2703
3.0263 7.0102 -1.8771 0.8108 0.927 -0.1683
0.422 8.5814 0.3059 -0.4889 0.0471 0.0735
2.0303 11.0325 -0.2298 0.292 0.2569 0.4645
4.5969 11.4922 0.3448 0.1865 -0.3609 0.7766
2.0303 9.347 3.869 0.097 -1.1237 0.1119
1.1881 8.9645 0.7272 -0.5964 0.0854 -0.5589
3.6392 6.5505 1.5706 0.1887 0.4551 -0.1274
2.9497 10.9176 0.7278 0.3655 1.0218 0.1953
3.371 10.7643 2.1835 0.8108 1.1741 0.0473
-0.7661 10.9176 2.6049 -0.5091 3.2429 -0.1977
0.3448 9.4619 2.4134 0.7756 0.1355 -0.0763
-0.1149 7.3167 2.0686 -0.0702 1.6908 0.5756
1.8777 10.65 0.9188 0.3847 1.6609 0.6151
3.9846 10.152 3.2555 0.7341 0.2026 1.4129
3.0263 10.2663 3.486 0.602 1.5214 0.7397
3.1801 8.9645 2.8724 -0.1629 1.0633 0.0537
2.7204 6.4745 3.1789 0.8278 1.5842 0.2096
2.0309 8.4282 5.3624 0.9535 3.2716 0.152
3.4482 10.2669 5.2475 0.4624 3.0287 0.103
2.4523 9.8456 2.5277 0.0288 1.5395 0.1339
0.9966 8.5814 2.2595 0.2824 0.9344 0.1233
-0.7655 7.8919 3.5237 -0.0766 0.911 0.2562
0.0006 6.3213 2.2595 -0.3013 1.2263 0.2349
-0.8811 3.5243 1.992 0.1557 1.9848 0.0144
1.5323 8.7724 6.9336 -0.835 -2.6662 -0.1827
2.9113 8.849 5.4396 -0.0744 0.7715 0.5076
2.4523 18.8478 6.0136 1.2731 -0.7796 0.778
1.1109 4.367 -0.8811 0.9099 0.5627 -0.202
2.6055 9.2326 0.6889 0.7362 -0.8105 0.4211
2.6438 11.0714 -0.4603 0.52 -0.2736 -0.0039
3.3327 9.0405 -0.1915 -0.0329 -0.1724 -0.055
2.1069 8.6574 0.7278 -0.1969 -0.084 -0.0579
2.6049 9.6917 0.8045 -0.0893 0.0332 -0.0568
2.6438 9.1943 1.1869 -0.1788 0.0407 -0.0526
2.5289 9.3093 1.2635 0.0502 0.0247 -0.0526
3.2178 9.7683 0.9577 -0.2012 0.0886 0.0325
2.5672 9.0028 1.4934 -0.0297 -0.0669 -0.0026
3.2184 9.8839 0.9571 -0.0627 0.1067 -0.0325
2.4134 9.3087 1.9154 0.0715 -0.0413 -0.0442
2.873 9.3087 1.1492 -0.0862 0.1451 -0.0538
2.6815 9.4619 1.9154 -0.001 -0.0722 -0.021
2.5672 9.2326 1.6466 -0.0031 -0.0243 -0.0295
2.6815 9.4236 1.4557 0.0182 0.0151 -0.0327
2.6815 9.3853 1.6089 0.0022 -0.0318 -0.0285
2.7198 9.2703 1.4557 0.0204 -0.0179 -0.0327
2.7581 9.3087 1.494 0.0268 0.0002 -0.0268
2.7964 9.347 1.5323 0.0204 -0.0094 -0.0246
2.7204 9.3859 1.4551 0.0236 -0.0019 -0.0236
2.7581 9.3087 1.4174 0.0215 0.0162 -0.0374
2.7964 9.4619 1.3791 0.0289 0.0077 -0.0342
2.7964 9.3853 1.4557 0.0321 0.0055 -0.034
2.8353 9.3476 1.3402 0.0352 0.0183 -0.0457
2.7587 9.4625 1.3018 0.0321 0.0226 -0.0436
2.797 9.3476 1.3018 0.015 0.0055 -0.0383
2.7587 9.2709 1.3018 0.0129 0.0098 -0.0489
2.7204 9.4242 1.3402 0.0215 -0.0062 -0.0445
2.8353 9.3859 1.3018 -0.0009 -0.0019 -0.0413
2.7587 9.3093 1.3402 -0.0051 -0.0115 -0.0413
2.7204 9.3859 1.1486 0.0108 -0.0009 -0.0403
2.797 9.4625 1.2252 0.0087 -0.0009 -0.0413
2.7204 9.3093 1.2252 -0.0051 0.0013 -0.0404
2.6821 9.4242 1.3018 0.0055 -0.0041 -0.0404
2.7587 9.3476 1.2252 0.013 0.0066 -0.0468
2.7587 9.3859 1.2252 0.0098 0.0119 -0.0372
2.7204 9.4242 1.2635 0.013 -0.0115 -0.0404
2.7587 9.3476 1.3402 0.0226 0.0311 -0.0372
2.7204 9.3093 1.2252 0.0279 0.0204 -0.0351
2.7587 9.3093 1.2635 0.0151 0.0013 -0.033
2.7964 9.347 1.2641 0.0055 0.0023 -0.0319
2.7587 9.3476 1.2252 0.0055 0.0013 -0.0362
2.7587 9.3859 1.2252 0.0065 0.0098 -0.0325
2.7581 9.347 1.2258 -0.0137 -0.0339 -0.0389
2.8347 9.3853 1.2258 0.0023 -0.0073 -0.0474
2.7204 9.3859 1.3402 0.0065 -0.0094 -0.0272
