2.5672 9.8072 0.4974 -0.0746 -0.0338 -0.1906
2.4523 9.8072 0.6889 0.0042 -0.1233 -0.262
1.5329 9.7689 0.7655 0.0138 0.0099 -0.2044
-0.1143 10.0371 0.076 -0.1225 0.1334 -0.1086
1.0732 10.0754 -0.3071 0.1448 0.0013 -0.2752
0.5752 8.3899 -0.3071 -0.1407 0.0748 -0.1037
0.6901 10.0754 -0.3837 -0.4837 0.0514 0.0092
0.996 10.0365 -0.0766 -0.4134 0.0748 0.1978
1.4563 12.7569 1.5317 -0.3218 0.0173 0.5078
2.6055 8.773 3.7918 0.3355 -0.8605 0.357
2.1835 9.9216 3.2561 -0.5593 -0.3928 0.0524
2.375 7.355 1.2258 0.4868 -0.9276 -0.3386
1.9537 8.5425 2.0686 -0.9875 -0.1233 -0.1788
3.6398 12.144 2.068 0.6839 -0.1712 -0.3322
2.2601 12.22 1.4174 0.4378 0.4647 -0.3822
-0.3065 8.2744 2.49 0.5294 2.0072 -0.0211
-2.49 10.1897 2.6049 -0.3579 -1.9971 -0.2661
0.8434 6.1681 1.1103 0.6019 1.1753 0.2495
0.0006 10.7649 -0.9583 -0.9747 0.1324 0.1664
1.1875 9.6917 1.1875 -0.2397 0.322 0.4656
3.6392 12.1817 -0.1532 0.2322 -0.0338 0.6062
1.3797 8.9645 4.4813 0.4378 -0.8253 -0.147
1.916 9.1177 0.5357 -0.62 0.2378 -0.1523
2.1458 6.1681 1.0337 0.295 -0.6208 -0.3281
2.3373 9.654 0.8422 -0.6701 0.241 -0.0628
3.295 11.1863 1.1486 0.6881 0.2442 -0.2397
1.8777 12.7569 1.3785 0.4314 0.7896 -0.1491
-1.9531 9.1943 3.4471 0.2045 1.7462 0.0362
1.6855 8.6957 -0.4597 0.1843 -0.9744 -0.2695
0.0383 7.5082 1.4557 -0.587 0.7449 0.2352
1.0349 9.7306 -0.7667 0.0958 -0.0093 -0.0226
1.2647 11.4928 0.574 -0.3793 0.3965 0.4802
3.3327 12.3349 1.6472 0.0021 0.1377 0.4727
2.2224 10.5351 3.0257 0.0426 -0.837 -0.029
0.3837 7.0491 0.8805 0.18 -0.2415 -0.4123
2.9886 7.4322 1.1869 -0.1055 0.3955 -0.0224
2.4523 11.3012 0.6506 -0.1641 0.306 -0.0895
2.4523 12.7569 0.9188 0.1864 0.8056 -0.1214
-1.8381 8.773 2.8724 0.1065 2.1329 0.0043
0.1532 9.8067 0.6512 0.4612 -0.8157 -0.2024
0.1155 6.0531 0.8039 -0.1588 2.0626 0.2248
1.9926 10.4968 -0.0772 0.2205 0.5436 0.1396
2.1075 11.4545 0.2676 -0.0395 0.5265 0.5284
2.2607 11.4545 3.0257 0.0234 0.2176 0.5518
2.5289 9.6923 3.9834 0.245 -0.4045 -0.0107
0.5752 7.8919 1.1486 0.442 -0.3949 -0.3857
4.0612 5.8999 0.6889 -0.1428 0.4764 -0.1631
2.6438 11.9908 1.3402 -0.6509 0.5936 -0.0022
3.0652 12.3355 1.4551 0.784 0.5936 -0.2557
-0.9571 9.3093 2.2595 0.1225 2.3204 -0.1427
-0.9571 10.3819 1.7615 0.3973 -1.4144 -0.1363
1.7244 5.2487 0.1909 0.1257 1.9859 0.2493
0.2687 10.3435 -0.9583 -0.4996 0.028 -0.0159
1.9537 9.4619 0.6512 -0.244 0.4956 0.5295
2.7204 11.148 2.068 -0.0128 0.0834 0.5653
1.8393 9.9605 5.056 0.4804 -0.8296 -0.0046
0.3837 9.654 0.9954 -0.2866 0.1079 -0.4296
3.3333 6.0914 1.3402 0.3334 -0.2639 -0.2155
3.1035 11.8758 1.2252 -0.8107 0.7864 0.1137
2.7204 12.8718 2.3744 1.0247 1.0091 -0.0579
0.5369 9.3859 1.5317 0.017 1.1071 -0.1016
0.8434 9.7306 1.2635 0.4569 -0.8978 -0.0835
2.7964 6.5888 -0.7278 0.2172 1.4384 0.0007
0.0766 8.9639 0.1532 -0.3665 -0.069 0.0827
1.8387 9.6151 0.1149 -0.1258 0.3326 0.3202
3.486 12.5265 0.3448 0.2023 -0.3204 0.5238
1.2264 8.773 3.562 -0.2067 -0.8903 0.0785
1.303 10.4968 2.1829 -0.6754 0.1345 -0.0355
2.2224 7.1257 1.1869 0.5986 -0.673 -0.4606
2.873 8.1977 1.3024 -0.6531 0.4594 -0.0653
3.4093 11.4922 0.7278 0.5912 0.4445 -0.1597
2.797 11.7226 1.3018 0.7435 0.8791 -0.0724
-1.4551 8.275 2.2978 0.2237 1.4394 -0.1895
2.1841 10.9565 0.1909 0.115 -0.2586 -0.2524
0.4214 7.5848 0.7661 -0.2631 0.0567 -0.0191
1.303 9.0028 -0.1538 -0.0842 -0.0253 -0.0725
1.4563 9.6157 0.1909 -0.1982 -0.3427 0.2758
2.7204 11.1097 -0.2304 -0.2728 -0.4024 0.4164
2.2224 11.6077 3.1023 -0.5902 -0.7103 0.3696
2.5289 8.3133 3.562 0.3313 -1.3324 -0.0235
2.3756 9.9222 2.6043 -0.6264 0.3806 0.1025
3.1418 7.7004 2.0297 0.3174 -0.6091 -0.2597
2.8353 9.5774 2.3744 -0.1811 0.6938 -0.036
3.0263 10.4196 1.6089 0.5486 0.5329 -0.3385
2.5289 9.156 1.5317 0.6093 1.3787 -0.2437
0.1155 8.4282 1.1103 0.2247 0.9547 -0.2662
1.3797 11.5311 0.8422 0.0373 0.551 -0.1778
0.8051 8.3133 0.7655 0.4271 0.143 -0.0233
0.7284 10.3819 0.4591 0.2184 -0.0839 0.1557
1.3797 9.8839 0.6506 0.2503 -0.1819 0.1237
1.7621 9.73 -0.0766 0.1065 0.2485 0.1401
1.7621 9.8067 -0.2298 0.0031 -0.0668 0.0017
2.2224 9.9222 0.1143 0.0127 0.0716 0.0656
2.2601 9.4236 0.0766 -0.0565 -0.0136 0.0783
2.2601 9.7683 0.0766 -0.1225 -0.0274 0.0596
2.1841 9.4625 0.3442 -0.0586 0.0855 0.017
2.0692 9.8456 0.4208 -0.0373 0.2016 -0.0288
