0.5369 -10.0742 1.3018 0.0049 -0.0325 -0.1128
0.5752 -10.5722 0.6889 -0.2444 -0.2253 -0.279
0.6901 -10.917 -6.9342 -2.5891 -2.0362 0.3249
0.9583 -8.925 2.9108 -0.4607 -0.5044 0.3228
-2.2212 -9.9593 -2.1835 -0.2306 -0.172 0.9694
-0.1915 -9.1171 -1.9537 -0.1049 1.2533 0.3633
-0.7272 -9.1931 -2.6438 0.0784 0.3819 0.3601
-1.8381 -9.4613 -2.797 0.3149 0.1785 0.0292
1.3797 -15.3989 -2.797 0.3053 -1.2298 -0.4001
2.0303 -7.8147 2.9113 0.0837 -0.3595 -0.5652
-1.1875 -10.8026 1.2641 0.7058 1.2032 -0.6526
-1.3791 -9.5768 0.8428 0.6803 1.019 -0.0007
-1.9531 -11.9513 0.1526 1.1042 0.3958 -0.52
0.2304 -11.3766 0.8039 -0.5576 0.0826 -0.3932
-3.3321 -11.1851 -1.1881 -2.8479 1.5857 0.1543
3.295 -11.415 5.7072 -1.8998 1.02 -0.014
-2.9874 -10.5339 -2.2224 -0.4457 -2.5784 1.4137
2.8736 -4.8261 1.5317 0.3287 -0.0708 0.5146
-0.076 -8.4653 -1.0349 0.888 0.4181 -0.3003
-8.5425 -12.1434 -3.5626 -0.2348 -0.1784 0.1535
3.2567 -9.2314 1.6849 0.072 -0.7419 0.2227
1.9543 -9.8827 2.566 0.1977 -0.5598 -0.8615
-3.6386 -7.6225 0.7272 1.8414 1.5803 0.0834
1.3791 -10.8026 -0.1915 1.4206 0.0144 -0.608
-3.2938 -12.4109 -0.1921 -0.108 -0.4809 -0.3513
-3.3321 -13.5985 -2.299 -1.8742 1.1127 0.175
3.2567 -13.5985 4.1366 -2.8682 0.3702 0.3079
0.8051 -8.8484 -1.801 -0.1176 -1.7454 0.7904
1.9926 -4.7112 2.1063 0.7676 -1.4173 0.8906
1.4557 -4.8267 0.3065 1.3578 0.6866 -0.4815
-7.0485 -16.089 -11.9135 0.9157 -1.4983 0.9811
2.873 -12.1434 0.3065 -0.2263 -0.1891 -0.847
3.8313 -9.3464 3.0257 -0.0377 -2.2908 -0.9364
-2.7192 -10.9936 0.2676 0.8731 1.9745 -0.7298
-2.2984 -8.1977 1.3408 1.6368 -0.7366 -0.0395
0.1155 -10.802 -0.4986 0.8219 0.1082 -0.8193
-2.0686 -11.5305 0.2682 -0.8016 0.1529 -0.076
-1.1492 -10.8026 -0.7278 -3.3401 1.558 0.6292
4.3293 -11.1468 4.0217 -1.7944 -1.5089 -0.1271
-1.1869 -8.427 0.3442 -0.5587 -1.5249 0.9658
3.3716 -5.1326 -0.6901 0.5226 0.3148 0.0433
-3.1406 -11.1468 -4.5592 1.0233 -2.1758 1.1026
-4.5963 -11.4916 -5.5935 -0.7536 0.4363 -0.3728
3.5632 -17.659 3.6386 -1.5035 -0.417 -1.4519
6.5511 -6.4733 2.6426 0.3234 -2.6818 -0.9129
-1.0726 -11.1091 -0.4214 1.8936 1.199 0.521
-0.4974 -10.5339 1.2635 0.0273 -3.2805 -0.3172
-0.1909 -10.5339 1.1103 0.0997 -1.5217 -0.7188
-1.0337 -9.8061 2.1829 -0.2082 -2.9428 -0.574
-2.1069 -10.0748 3.1412 -0.6865 -3.6149 -0.0424
6.359 -15.8975 -12.9095 -0.0036 -1.5686 -0.4856
0.498 -7.5848 1.9154 0.3863 -2.4187 -0.6793
-0.3448 -8.8873 0.6895 0.9178 -3.3231 -0.6271
-0.1909 -9.4996 2.4511 0.7005 -1.7379 -0.5759
-1.6849 -9.6145 -2.1841 0.5844 -2.6072 0.256
-2.9491 -8.3504 -4.1378 -1.0241 -2.5795 1.1583
-0.5746 -8.6574 -3.486 -1.3757 -0.7568 1.1145
0.1149 -9.1554 -2.3367 -1.185 -0.9603 1.27
-2.3367 -9.6534 -5.4396 -1.2798 -0.1507 0.7608
-3.984 -7.4699 -5.4779 -0.9251 -0.5278 0.633
-4.6346 -5.5539 -6.1681 -0.9347 -0.1859 0.6873
-4.6729 -5.7838 -6.1681 -0.6066 -0.1869 1.0239
-6.0142 -6.2441 -7.0485 -0.4489 0.2775 0.7675
-6.3973 -5.7844 -7.0485 -0.2454 0.1987 0.0527
-5.439 -4.2521 -7.0108 -0.3999 0.3106 0.0868
-5.3241 -4.1366 -7.5854 -0.2358 0.1007 0.0825
-5.8604 -3.0257 -7.777 -0.1378 0.0102 0.1571
-6.4733 -3.1023 -7.5854 -0.0888 0.0954 0.0216
-5.7455 -3.8301 -7.2407 0.006 -0.0218 0.0589
-5.0176 -3.5237 -7.662 -0.1016 0.0016 -0.037
-5.1326 -3.3704 -7.7004 -0.0686 0.1145 -0.0444
-5.2098 -3.7924 -7.7381 -0.0505 0.1859 -0.0135
-4.6352 -3.4477 -8.2361 0.0805 -0.09 0.0134
-5.0182 -3.6775 -7.8147 -0.0345 0.0879 0.0112
-5.1332 -3.4477 -7.853 0.0038 -0.0293 -0.0026
-5.2864 -3.5243 -7.8147 0.0156 -0.0186 -0.0016
-5.2475 -3.4854 -7.8536 -0.0015 0.0102 -0.0005
-5.1326 -3.4471 -7.8153 0.0007 0.008 0.0026
-5.056 -3.4471 -7.8919 -0.0003 -0.0058 -0.0017
-5.0949 -3.5626 -7.8147 -0.0003 -0.009 -0.0006
-5.1709 -3.6386 -7.8153 0.0061 -0.0058 0.0015
-5.1709 -3.5237 -7.8536 -0.0025 0.0112 -0.0006
-5.2092 -3.4854 -7.8536 0.0061 -0.0005 -0.0005
-5.0566 -3.5626 -7.853 0.0018 -0.0069 0.0016
-5.1709 -3.4471 -7.8536 0.0018 -0.0069 -0.0037
-5.1326 -3.4854 -7.8536 0.0007 0.0006 0.0016
-5.1326 -3.4854 -7.8919 -0.0003 0.0038 0.0005
-5.0943 -3.4471 -7.8536 0.0007 -0.0005 0.0005
-5.1326 -3.4854 -7.8536 0.0002 -0.0045 0.0015
-5.1709 -3.4854 -7.777 -0.003 -0.0013 -0.0006
-5.1326 -3.4854 -7.8536 -0.003 0.003 0.0005
-5.1332 -3.371 -7.853 -0.003 0.0051 -0.0006
-5.1332 -3.486 -7.853 -0.0019 0.003 -0.0006
-5.0943 -3.4471 -7.8919 -0.0009 0.0019 -0.0006
-5.0943 -3.4854 -7.8919 0.0019 -0.0054 -0.0002
-5.1332 -3.4477 -7.9296 0.0019 -0.0043 -0.0002
-5.1332 -3.4093 -7.853 0.0008 0.0021 -0.0002
-5.1332 -3.4093 -7.8913 0.0008 0.001 -0.0002
