0.1921 -9.0016 2.7958 0.2143 0.1074 0.094
1.1115 -9.1165 2.566 0.0832 -0.2793 0.1675
0.3071 -8.8101 2.6809 0.0417 0.232 0.0759
0.498 -8.5425 2.6815 -0.1351 0.0488 0.1654
0.0389 -9.9976 2.5277 0.3709 0.4941 0.2357
-0.574 -8.6951 2.2595 0.0161 -0.0758 0.4082
-1.0337 -9.921 3.064 -0.7945 -0.176 0.1909
-1.6849 -8.427 3.7152 -0.2939 0.1958 0.2176
-0.3059 -8.4653 7.0096 1.516 2.8739 -0.3406
-2.2212 -9.1931 1.4934 1.5224 0.836 0.1195
-2.0297 -7.6225 5.2092 0.341 0.4344 0.0663
-2.4511 -7.6608 3.7918 0.1994 -0.0758 -0.004
-3.6003 -11.2617 3.562 -0.868 -0.6713 -0.3726
-1.6083 -9.6911 7.1245 0.4199 -2.8903 -1.0054
1.3797 -5.2475 3.6003 0.5243 -2.0902 -0.2693
0.9583 -9.6528 4.7878 0.9877 -1.8548 -0.313
-1.8381 -6.2052 4.9793 1.8377 -1.303 -1.0118
0.2304 -7.3161 4.2132 1.8835 -1.0548 -0.0072
0.1532 -5.8227 7.5082 -1.0012 0.4493 0.6213
5.6312 -16.089 11.4539 -1.0342 0.9063 0.633
-0.3831 -7.9679 4.1755 -1.6585 0.4238 0.1973
-1.6855 -7.853 5.0182 -1.6351 0.5004 0.404
-0.4208 -2.4511 9.8827 1.7141 6.5224 -1.0661
-0.5363 -9.845 2.375 -0.1618 -2.6261 0.7907
-3.0646 -12.5648 7.8147 -1.9738 -0.2058 -0.5633
0.1915 -9.0022 4.9799 -0.1288 -2.5153 -0.8562
1.3797 -9.5379 5.7072 1.2114 -3.3824 0.0684
1.418 -6.933 4.06 1.6556 0.8339 -1.0981
-1.4934 -3.8301 1.7998 1.9762 -0.9408 -0.3311
0.6512 -6.2824 4.4053 -0.8158 0.2203 0.7406
2.7204 -10.917 6.0519 -1.3123 -0.291 0.6266
-0.6123 -9.0782 4.941 -1.2153 0.4408 -0.2895
-1.6089 -8.2361 4.367 -1.2249 1.946 0.0183
0.0383 -4.7118 4.5586 1.0888 3.8667 -0.1947
0.7284 -11.0319 -1.1115 -0.2257 -2.314 0.388
-4.0983 -13.7517 7.0096 -0.8681 -1.205 0.4231
0.7667 -10.2657 6.1669 0.6211 -2.5303 -0.5654
-0.2292 -9.4996 5.3624 0.9406 -1.4267 0.5489
0.9194 -6.2058 3.1029 1.6 0.0796 -0.7593
-1.6089 -4.7501 4.0223 2.0933 -0.1633 -0.461
0.8051 -6.8181 3.6003 -0.5987 -0.2421 0.3561
0.2687 -9.8827 3.4854 -1.7151 1.3312 0.7204
-1.1869 -9.6145 5.3241 -1.8546 -0.0589 -0.0317
0.0006 -8.5036 4.6729 -1.2304 0.282 0.5116
0.5369 -4.8261 4.7495 0.9619 4.413 -0.6059
-0.9571 -6.6266 4.0983 1.0823 -0.4414 0.6597
-0.1526 -11.9513 8.3504 -0.784 -1.4022 0.1292
0.1538 -14.0198 5.8987 0.1534 -2.1159 -0.3438
1.1115 -5.8221 3.945 0.7041 -1.5247 -0.7358
1.0343 -9.1554 5.5545 1.7524 -2.5399 -0.0924
0.996 -5.5162 3.371 2.1912 0.6708 -0.6698
0.5752 -5.2092 5.2858 1.5553 -0.1047 -0.2746
1.2264 -4.7878 6.435 -1.0994 0.2031 0.9132
0.1921 -9.4613 3.6386 -1.4232 1.5294 0.9206
-0.6889 -8.925 5.1709 -2.2711 0.0338 -0.0786
-0.3059 -7.8907 4.4047 -1.0163 0.6495 0.469
1.303 -5.9753 4.2132 1.0706 3.6109 -0.477
-0.6123 -6.5882 4.2132 0.6957 -1.3244 1.0506
-0.3448 -9.8833 6.8953 -0.1533 -2.1265 -0.0647
-2.7964 -14.5567 4.1755 -0.1959 -1.6972 -0.4813
2.5666 -6.5888 5.5545 0.5242 -2.7827 -0.3758
0.9966 -8.7718 3.945 1.7173 -2.0988 0.0269
-1.9154 -7.0485 4.5969 2.3042 -0.387 -0.5686
0.2687 -5.6689 2.6809 0.3175 -0.3753 0.0003
5.0955 -4.4047 10.1125 -0.4506 -1.4203 0.094
-0.4214 -8.9639 3.9456 -0.9917 1.1299 0.6735
-0.9577 -8.9256 5.8227 -1.3507 0.9318 0.4338
-0.5363 -7.7381 4.1372 -1.0332 -0.5574 0.5414
1.3791 -6.9336 2.375 -0.572 0.5196 0.0386
-0.7655 -8.4653 3.562 -0.4037 0.4312 -0.0136
0.3837 -9.423 3.1789 -0.4825 -0.7374 -0.1617
-0.9954 -9.5762 1.7232 -0.1906 1.0501 -0.1574
-0.076 -8.6568 1.2635 0.553 -0.0535 0.11
0.0772 -8.6951 0.7272 -0.2961 1.0171 -0.2959
-0.2676 -10.1125 1.6849 0.1428 0.6027 -0.1862
0.3065 -9.5002 2.1069 0.0161 -1.1241 -0.0338
0.8428 -9.1937 1.8004 -0.1778 0.1393 -0.101
0.8817 -8.925 1.3785 -0.0446 0.0296 -0.0232
0.4986 -9.5762 1.8381 -0.0222 0.1958 -0.0125
0.4986 -9.2314 1.3018 -0.0361 0.2949 0.061
0.4214 -9.0788 1.5323 -0.1735 0.0328 0.0929
1.1115 -9.6528 1.6466 0.1727 0.0552 0.0173
0.1538 -9.4996 1.8381 0.112 -0.0396 0.0258
0.3448 -9.6151 1.494 -0.0478 -0.0939 0.0705
0.3454 -9.0782 2.068 0.0342 -0.0343 0.0354
0.422 -9.423 1.7998 0.1685 0.0616 0.0684
0.5369 -9.3081 2.2212 0.08 -0.2239 0.0151
0.0772 -9.3847 1.9914 0.0586 0.1328 0.0013
0.6518 -9.5762 1.7615 -0.0106 -0.0845 0.0109
-0.0377 -9.2698 2.2212 -0.0053 -0.1612 0.0269
0.1921 -9.3847 1.8381 0.0639 0.0647 -0.0061
0.1532 -9.232 1.992 -0.001 -0.0653 0.0066
0.3448 -9.347 2.1835 0.0651 -0.0098 0.013
0.0383 -9.3853 2.2218 0.0204 -0.2026 0.0471
0.1532 -9.232 1.9154 -0.035 0.2288 -0.0339
0.4597 -9.232 2.375 0.0854 -0.0961 0.045
0.3831 -9.5002 2.0303 0.0257 -0.0162 0.0173
0.1149 -9.2703 2.5283 0.0001 -0.2761 0.062
