-0.6889 -9.6528 2.4128 -0.1007 -0.1315 -0.1148
-1.4551 -9.5379 2.4511 -0.0762 -0.0634 0.095
-0.1526 -8.1971 3.4087 0.7547 -0.6812 0.5787
-3.8307 -11.5305 5.7844 1.9233 0.1327 0.7097
-0.8428 -9.5768 -0.3831 -0.0293 0.5119 -0.3002
-4.4053 -8.1977 7.0868 -0.9934 0.628 0.1288
-0.6129 -8.5042 4.2521 0.483 0.1912 -0.3537
-3.9456 -8.6191 4.9416 0.0388 -0.0761 -0.3622
-2.6432 -11.224 4.7884 0.107 0.1103 -0.3729
-0.3065 -7.6998 3.2944 -0.7686 -1.1499 0.0074
1.8771 -11.2623 3.2561 -0.2009 -1.1542 0.1987
0.0383 -9.3087 1.5706 -1.0286 0.6397 -0.4479
-0.2292 -9.423 3.7918 0.0462 -0.9933 -0.1859
-0.6123 -8.4653 1.4168 -0.2968 -1.5909 -1.233
-1.57 -9.1548 3.7535 -1.1564 -1.9574 -0.0612
-1.7998 -8.0822 5.4007 -0.0155 1.3236 1.1456
-0.9954 -16.9695 5.5923 -0.5301 -1.3214 0.5853
3.9456 -12.8712 1.1875 2.4388 -0.2658 -0.7005
-1.0726 -8.1594 -2.1452 1.0103 2.5806 0.01
1.1498 -7.4693 3.1406 0.0484 -0.7142 -0.5013
-2.0297 -9.0782 3.064 -0.8784 1.7636 -0.7207
-9.4613 -7.6225 8.7334 0.1985 0.0751 1.5179
-1.0343 -16.5104 2.2984 0.3541 -0.564 -0.8779
5.9376 -11.9135 0.4597 -1.2449 -1.4162 -0.8214
2.0303 -6.0908 4.8267 -0.6952 -0.9987 -0.0939
0.5363 -9.6917 2.4517 -0.5727 -0.4735 -0.3101
-1.2635 -8.3121 7.1245 -0.4907 -1.184 -1.0819
0.9966 -7.9673 4.6346 0.2762 0.8197 1.0114
-2.4511 -14.3263 4.4813 -0.6782 0.6514 2.1725
-0.0377 -8.6951 -3.1418 2.5655 0.6141 -0.4449
0.5369 -6.8947 2.7958 0.011 0.8815 0.2028
0.8811 -6.5122 1.9537 -0.5291 1.6166 -0.8871
-9.0022 -7.1635 7.5465 0.1655 0.0187 1.7367
-2.375 -16.5487 2.1452 -0.0785 0.0464 -1.409
5.5162 -11.9902 2.9113 -0.364 -1.5388 0.2059
1.7621 -7.3167 1.3024 -1.9811 1.9638 -0.6519
-0.1915 -8.9256 5.8993 0.0728 -1.0221 -0.1235
-3.3321 -8.5419 4.0983 0.2091 -1.1318 -0.5954
-0.4591 -8.3887 2.9491 -0.5142 -0.3563 0.4379
-2.6432 -4.9416 3.0263 0.5777 2.3037 3.0733
0.3065 -18.6939 2.49 1.8005 -2.9822 -2.0366
-1.4934 -8.0439 -1.4563 0.9515 2.473 0.4486
0.4603 -7.8141 3.2172 -0.7178 -1.4983 0.0417
0.1155 -8.1588 2.6426 -0.9798 1.0509 -0.3972
-7.6225 -8.7334 7.1245 0.2378 0.1199 0.7
-3.6003 -17.2377 2.6809 0.486 -0.923 0.2931
5.2104 -8.6951 -0.2304 -0.819 -2.1939 -0.3431
3.1801 -9.8827 4.0217 -2.3668 -2.081 0.0074
0.9583 -7.5459 4.8261 -0.3556 -2.9236 0.3984
0.3071 -9.3081 1.6849 0.3166 -1.0115 2.2487
-0.4974 -10.4573 4.06 -0.8776 -3.6714 0.6263
3.0652 -9.8061 3.2938 -0.7646 -3.1942 -0.4123
0.6895 -12.0668 1.1875 1.1603 1.1883 0.1874
-4.0983 -6.9713 0.076 -1.374 -2.9652 1.0748
-3.3327 -9.3087 1.1109 -0.5601 -3.2123 0.0692
-0.2676 -9.6528 1.57 -0.3066 -2.3079 -0.3484
-2.1446 -8.6951 1.4551 0.5414 -1.6091 0.0796
-2.7958 -9.3847 1.8381 0.6607 -1.1169 0.0157
-2.566 -8.8101 2.7958 1.2487 -1.3459 0.7241
1.303 -9.0399 1.8381 0.2292 -1.7305 0.3705
-1.3785 -8.3121 6.4733 0.3901 0.6791 0.3449
-1.1869 -8.925 3.2172 0.9259 -0.433 0.4095
-1.7621 -7.7764 6.1675 0.3602 -0.5161 0.5895
-2.7575 -7.6608 5.5156 0.6052 -0.1347 0.6726
-1.2635 -6.2052 6.435 1.2796 -0.8783 0.4063
-1.8765 -5.7838 7.1245 1.2881 -0.6237 0.2455
-0.8045 -4.8267 8.0062 1.6023 -0.7963 0.1858
-0.4974 -3.1789 9.6528 1.4383 -0.5161 0.2455
-0.1915 -1.5323 10.8026 0.3922 0.2754 0.2189
-0.5746 -1.4174 9.6151 0.2761 0.0687 0.1283
-0.6895 -1.0726 9.4236 0.1536 0.1507 0.0422
-0.8811 -1.0343 9.6534 0.0332 0.1294 0.0049
-0.8422 -1.3402 9.5762 -0.0776 0.057 -0.0281
-0.9571 -1.4551 9.423 -0.0318 0.0229 -0.0079
-0.9571 -1.2252 9.4613 -0.0179 -0.0367 0.0102
-1.0726 -1.3024 9.4619 -0.0041 -0.0037 -0.0185
-0.9188 -1.4168 9.4996 -0.0253 -0.0037 -0.0152
-0.8422 -1.4934 9.4996 0.0003 -0.0016 -0.0078
-0.9188 -1.4551 9.423 -0.0008 0.0069 -0.0046
-0.9577 -1.3408 9.5002 -0.0093 0.0027 -0.0131
-0.8811 -1.4174 9.4236 -0.0029 -0.0016 -0.012
-0.9577 -1.4174 9.4619 0.0035 -0.0037 0.0003
-0.9194 -1.4557 9.4619 0.0057 0.0037 -0.0061
-0.9577 -1.4174 9.4613 0.0078 -0.0037 -0.0039
-1.0337 -1.3018 9.4996 0.0174 -0.0058 -0.0029
-0.9577 -1.3408 9.5002 0.0163 -0.008 -0.0039
-0.9577 -1.3408 9.5385 0.0068 -0.009 -0.0018
-0.996 -1.3024 9.5002 -0.0006 -0.0026 -0.004
-0.9954 -1.3018 9.5762 0.0015 0.0016 -0.0029
-0.9577 -1.3408 9.5768 0.0025 -0.0016 -0.005
-0.9577 -1.2258 9.5002 0.0057 -0.0069 -0.004
-0.9577 -1.3408 9.4236 0.0004 0.0006 -0.005
-1.072 -1.3402 9.5762 0.0004 -0.0016 -0.004
-0.9571 -1.3402 9.5762 0.0004 -0.0037 -0.005
-0.9571 -1.3018 9.4613 -0.0006 -0.0037 -0.004
-0.9954 -1.2252 9.4996 0.0004 -0.0037 -0.004
-0.8805 -1.3785 9.423 0.0015 -0.0048 -0.004
-0.9954 -1.2635 9.4996 0.0036 -0.0112 -0.005
-0.9188 -1.3402 9.4613 0.0004 -0.0037 -0.004
