-2.1829 -8.6185 0.6506 0.0896 0.1331 -0.1912
-2.6426 -11.0702 0.9571 0.536 -0.3867 -0.0154
-1.9154 -8.9256 0.7661 0.3996 0.3398 -0.1294
-0.0383 -9.1554 1.6089 0.2335 -0.0288 -0.0601
-1.1869 -9.7294 1.6466 0.3464 -0.2898 0.1497
-2.4894 -12.2194 2.1063 0.6425 -0.1193 0.6163
-4.558 -12.2194 3.8301 -0.1383 0.6892 0.807
-2.1835 -10.3046 -0.3065 -2.5852 0.9544 -0.0559
-4.6729 -7.9673 0.6123 -0.1307 -0.099 0.7835
-5.056 -7.8141 -0.3454 -0.2287 0.3793 0.2125
-3.1412 -3.4093 -1.6855 0.4616 -0.1213 -0.0815
-5.439 -10.8787 -1.303 -0.2787 0.2685 -0.9944
-4.3664 -7.2012 1.6466 1.0571 -0.0777 -0.6599
-3.0257 -7.8907 2.8341 1.0656 0.0778 -0.0666
-1.7998 -5.8604 3.562 1.5545 -0.5539 -0.1901
-2.068 -7.3161 4.2515 0.5042 -0.5581 0.0996
-2.7192 -12.2577 4.941 -0.1083 -0.1054 -0.0314
-4.9793 -10.2657 8.7334 -0.3832 0.0672 0.7111
-2.988 -8.4276 2.6432 -2.7673 0.914 0.4128
-2.9497 -4.7884 3.9073 -1.9087 -1.0844 0.4853
-4.7878 -6.2818 -0.4986 -0.1925 0.3175 0.3659
-3.5626 -6.857 -1.2641 0.8152 -0.2822 -0.1848
-6.1675 -13.8289 -1.3024 -0.5504 0.4709 -0.5449
-5.4013 -8.2744 1.992 1.0356 -0.0885 -0.4287
-3.5243 -8.8107 2.4134 1.3967 0.0095 -0.0868
-2.068 -6.3584 3.3321 2.0678 -0.8246 -0.1113
-1.9148 -7.5076 4.941 0.2814 -0.7958 -0.0186
-3.5237 -10.7637 6.0136 -0.0403 0.0404 0.0751
-2.5277 -9.423 7.929 0.0023 -0.0192 0.4746
-3.2938 -7.7758 3.5237 -2.275 -0.3578 1.0445
-2.8724 -5.7455 4.06 -1.0127 -1.2931 0.1966
-4.0606 -4.8267 0.498 -1.5208 0.1365 0.5097
-3.371 -6.3973 0.3065 -0.8263 -0.3887 -0.3723
-1.4174 -8.7724 -1.1492 -1.1267 -0.6465 -0.3584
-5.5539 -13.1388 1.6466 1.9593 -0.6061 0.2498
-0.6129 -6.7421 5.2864 1.546 -1.7779 0.1966
-2.6043 -7.0479 2.9491 -0.3385 -1.323 0.3255
-1.5317 -8.0822 4.2898 0.1686 -1.6671 0.9529
-1.5317 -8.3121 4.0217 -0.6687 -0.915 0.5684
-2.1069 -11.224 1.4557 -1.6488 0.0607 0.1305
-3.3704 -8.3504 5.2475 -1.3164 -1.2836 0.1604
-2.7575 -9.423 4.1749 -2.2389 -1.4583 -0.1518
-2.566 -6.6649 0.6506 -1.0362 -1.9441 0.5066
-4.1372 -6.5505 0.1149 -0.6325 -1.485 -0.2689
-1.1492 -8.351 -0.6895 -0.4441 -1.0653 -0.1198
-2.2984 -10.4579 -2.4517 -0.5229 -1.0621 -0.8399
-3.0257 -5.056 4.0217 0.634 -0.4752 0.0389
-3.7535 -10.3807 6.5499 1.9272 -1.892 0.8304
-1.3402 -7.0479 2.566 0.0438 -1.2209 0.1178
-2.9874 -8.5036 4.0983 0.113 -0.6808 0.0592
-1.7615 -10.9553 4.7495 -0.0947 -0.3026 0.3479
-2.9874 -10.802 6.435 -0.9469 -0.0832 0.4693
-4.4436 -9.9982 3.7158 -2.3414 -0.0353 0.6238
-2.5666 -6.2824 3.486 -1.65 -0.8481 0.0336
-3.6386 -4.8644 -0.4986 -0.4484 -0.2451 0.4256
-3.4087 -8.0439 -1.9543 0.4272 -0.439 -0.3904
-5.3241 -10.304 1.1486 0.276 0.0159 -0.6854
-3.5237 -7.0479 1.9531 0.8896 -0.4454 -0.1187
-2.9108 -7.2778 2.6426 1.7088 -0.4965 0.089
-2.3744 -6.4733 3.562 1.6075 -0.9344 -0.2135
-2.0686 -7.8147 4.6735 0.5753 -0.5871 0.1167
-1.494 -10.6111 4.865 -0.441 -0.1812 0.2211
-5.439 -11.798 10.0359 -0.7882 0.2406 0.4086
-4.7495 -8.6568 2.7958 -2.3808 0.7455 0.8485
-2.7964 -5.4396 4.865 -1.7779 -0.6255 0.3308
-4.5969 -4.0606 -2.49 -0.7116 0.2086 0.48
-3.984 -4.367 -1.1492 0.7872 0.0211 -0.3307
-5.2098 -15.3612 -0.9194 -0.9459 0.6507 -0.8026
-4.9416 -8.351 1.0726 0.6328 -0.2058 -0.3211
-3.869 -8.7724 3.0263 1.6288 -0.2686 0.0624
-3.1412 -7.7381 3.1029 1.7875 -0.3411 -0.2742
-2.5277 -7.6225 5.439 1.2187 -0.6084 -0.0186
-2.068 -9.0016 3.7535 -0.6764 -0.0833 0.2009
-2.2212 -11.5682 5.2475 0.522 0.0115 0.4001
-6.3201 -10.6105 9.921 -0.8714 0.6006 0.2701
-4.06 -8.0439 2.2978 -1.4989 0.3492 0.4288
-4.06 -4.4047 4.2132 -0.9524 -0.0332 -0.0569
-5.0182 -6.5888 0.3065 -1.5202 0.6656 0.1817
-3.984 -6.4356 0.0383 0.3547 0.0829 -0.5363
-2.6049 -7.5082 -0.1149 0.0669 0.396 -0.6865
-5.2481 -10.9559 0.8428 -0.1632 0.0444 -0.2284
-2.2212 -10.0742 1.072 0.0648 -0.0536 -0.1783
-3.2944 -9.5385 1.6089 0.1181 0.0529 -0.1251
-2.9874 -9.0399 0.4974 0.0211 0.0018 0.0273
-2.9491 -8.9633 1.2635 0.0169 -0.0759 0.0699
-3.2555 -9.1165 0.8039 0.1181 0.0348 0.0539
-3.2938 -9.0016 0.6889 0.0424 0.1222 0.0624
-3.1789 -9.0016 0.7272 0.0584 0.0679 0.0336
-3.2172 -9.1548 0.8805 -0.0289 0.0561 -0.0079
-3.2944 -9.1171 0.7278 -0.0109 0.021 -0.059
-3.2178 -8.9639 0.7278 -0.0194 -0.0067 -0.0239
-3.2944 -9.0022 0.8811 -0.0481 0.0124 -0.0249
-3.2944 -9.0405 0.9194 0.0211 0.0476 0.0017
-3.2172 -9.0399 0.8422 0.0158 0.0444 -0.0079
-3.1412 -9.0405 0.9194 0.034 -0.0035 0.0049
-3.1795 -9.0788 0.9194 0.0127 0.0253 0.007
-3.1406 -9.0399 0.8422 0.0318 0.0082 -0.0058
-3.2561 -9.0788 0.8811 0.0031 0.0146 -0.0026
-3.1795 -9.0788 0.9194 -0.0044 0.0285 -0.0079
-3.2178 -8.9256 0.9194 -0.0034 0.0028 -0.009
-3.2172 -9.0782 0.8805 -0.0109 -0.0067 -0.0047
-3.1789 -9.0782 0.7655 -0.0013 -0.011 0.0017
-3.2561 -9.0788 0.8428 -0.0013 0.005 -0.0047
-3.2555 -9.0399 0.7655 -0.0087 -0.0067 -0.0068
-3.2555 -9.1548 0.8422 0.0115 -0.0163 -0.0026
-3.1789 -9.0399 0.8039 -0.0034 0.0007 -0.0079
-3.2555 -9.1165 0.9188 0.0073 -0.0067 -0.0058
-3.1789 -9.0016 0.8422 0.0051 0.0018 -0.0026
-3.1789 -9.0782 0.8422 0.003 -0.0003 -0.0047
-3.1406 -9.1165 0.8422 0.019 -0.0046 -0.0015
-3.1023 -9.1165 0.7655 0.0052 0.0146 -0.0068
-3.1023 -9.0016 0.8805 -0.0002 0.0082 -0.0111
-3.1023 -9.0782 0.8805 0.003 0.0061 -0.0111
-3.1406 -9.1548 0.9188 0.0041 0.0242 -0.009
-3.1789 -9.0782 0.8422 0.0179 0.0071 0.0017
-3.064 -9.0782 0.8422 0.0019 -0.0057 0.0038
-3.1789 -9.1165 0.8805 -0.0013 0.0018 0.0006
-3.1406 -9.0399 0.8805 -0.0055 -0.011 0.0017
-3.2172 -9.0399 0.8805 0.0062 -0.0046 0.006
-3.2172 -9.0399 0.8422 0.0137 0.0061 0.0134
-3.2555 -9.1548 0.9188 0.0009 0.0029 0.007
-3.1412 -9.0405 0.8045 0.0084 0.0093 0.0038
-3.2561 -9.0788 0.8811 0.0052 0.0072 0.0027
-3.1795 -9.1171 0.9194 -0.0033 0.0093 -0.0026
-3.2178 -9.0788 0.8811 -0.0139 0.0157 0.0006
-3.1789 -9.0399 0.8805 -0.0075 0.0062 -0.0047
-3.1412 -9.0022 0.9194 -0.0011 0.0051 0.0049
-3.1412 -9.1171 0.8811 -0.0001 0.0008 0.0038
-3.1795 -9.0022 0.8045 0.0116 -0.0002 0.0038
-3.1789 -9.0399 0.8805 0.0106 -0.0002 0.0091
-3.2178 -9.0022 0.8811 0.0052 0.003 -0.0005
-3.1412 -9.0022 0.9194 0.0074 0.0168 -0.0005
-3.1406 -9.0399 0.8805 -0.0001 0.0147 -0.0026
-3.2555 -9.1165 0.9188 0.0063 0.02 -0.0015
-3.2555 -9.0399 0.8805 -0.0031 0.018 -0.0047
-3.1406 -9.0782 0.8805 0.0022 0.0084 0.0017
-3.2172 -9.0399 0.8805 -0.0085 0.0052 -0.0047
-3.2178 -9.0405 0.8811 0.0128 0.0148 -0.0037
-3.2172 -9.1165 0.9571 0.0139 -0.0001 -0.0015
-3.2172 -9.1165 0.9571 0.0085 -0.0098 0.0017
-3.2938 -9.0782 0.8805 0.0096 -0.0045 0.0017
-3.1023 -9.0399 0.8422 0.0138 -0.0023 0.0017
-3.1789 -9.0399 0.8805 -0.0006 -0.0028 -0.0001
-3.3321 -9.0399 0.8805 0.0026 0.0014 -0.0001
-3.2178 -9.0405 0.8428 0.0016 0.0057 -0.0033
-3.2172 -9.0016 0.8805 -0.0123 -0.0018 -0.0055
