-0.9577 -9.6917 2.1835 0.0409 -0.0702 0.0563
-0.3448 -9.3853 2.1835 0.2295 -0.1575 0.0414
-0.3059 -9.2314 2.5277 -0.1529 -0.0265 -0.0183
1.2264 -9.7677 2.9108 0.2018 -0.9895 0.2374
-0.7655 -8.6568 2.7958 0.6343 0.6798 -0.2388
1.1498 -9.4996 1.8765 0.4479 0.2569 0.2193
0.9966 -9.6911 3.1789 0.3605 0.6904 0.166
1.8393 -11.3766 0.2292 0.1783 0.9887 0.2832
4.5975 -10.5722 2.4128 -2.6936 -0.9416 -1.7653
-6.3584 -11.9896 3.4087 -3.076 2.2638 0.0996
-2.2595 -5.9753 3.1406 2.5156 -1.7085 -1.8829
-3.4854 -3.4854 -0.1155 0.2924 -2.1155 -0.2264
6.3979 -16.7014 -5.8999 1.1531 -0.6763 -0.5747
-4.6735 -14.9015 1.3791 -0.8347 1.9996 1.5526
-1.6855 -10.4962 4.7501 0.3733 -2.8462 1.1101
1.6861 -8.1588 0.9188 1.1584 -0.1032 0.5434
0.1155 -9.1548 2.5277 1.2298 0.4902 0.7181
1.4563 -13.0239 -4.3676 1.0082 1.8409 0.2089
5.8616 -13.7134 -1.1115 -2.472 2.1456 -2.0495
-6.933 -13.7134 3.3321 -1.6485 0.2888 -0.09
-2.5277 -3.562 4.3281 1.5036 -2.0611 -1.0146
-4.7884 -4.0606 -0.9194 0.7121 -1.2579 0.481
12.1051 -13.8289 -3.5626 0.0303 2.3757 -0.6567
-8.351 -18.8088 1.0337 -0.3244 1.4169 -0.0367
-1.6849 -10.2657 3.1406 0.0857 -1.9855 1.145
1.5329 -7.1629 1.1486 0.6449 1.3946 0.6059
1.916 -9.5762 1.7998 1.1872 -1.6468 1.1322
2.3756 -12.6025 -2.0692 1.7603 1.0579 0.0605
5.287 -13.6751 -1.1881 -3.7003 2.4694 -2.299
0.4214 -15.5144 2.1452 -1.1852 -3.5557 0.0926
-4.5969 -7.7381 7.2018 0.1389 0.1226 -1.0898
-3.6003 -5.3624 -1.1115 0.3861 0.0055 -0.3644
4.0223 -18.5407 -9.73 2.066 1.3243 -1.8962
-2.0303 -15.9358 -1.9537 -1.1074 3.5784 0.5262
-3.3327 -9.0788 2.7198 0.3371 -2.1496 1.064
1.6095 -7.5076 0.6506 0.9986 -0.5155 0.558
0.5752 -9.8444 2.1446 1.0891 0.2036 0.8222
2.2607 -11.1085 -2.3373 0.7802 -0.2928 0.4685
3.2567 -15.0158 -2.9119 -1.1926 2.9818 -1.4031
-6.0903 -16.5864 2.4511 -1.6017 -2.205 -0.6468
-4.1749 -5.2475 4.0217 -1.2118 2.6367 -0.7435
-2.4511 -4.9027 -2.2607 1.6335 3.1043 -0.392
-0.4214 -11.3389 -0.996 1.789 1.1698 -0.8234
3.3333 -17.9655 -1.9926 0.0484 2.8966 0.767
-8.0439 -9.5379 1.6466 -0.7889 1.5235 0.3547
-0.3442 -10.1891 4.941 0.0559 0.7501 0.3347
2.299 -9.3464 3.1406 -0.0645 3.6114 -0.0627
1.0349 -8.9633 5.8221 0.5619 4.0034 -1.2132
-2.0297 -13.79 -2.1458 -0.2041 10.6517 -2.2859
0.4603 -10.304 3.1406 -1.5601 0.9642 -0.5207
2.9503 -8.3887 3.7918 -1.4259 1.8963 0.0186
3.7924 -7.8147 1.7621 -0.8698 0.8225 -0.4991
4.7884 -11.224 -2.1452 1.1382 1.3711 -2.3314
1.0726 -4.0223 -0.8428 -0.3244 -0.1064 -2.1503
3.3327 -7.5848 0.5746 -0.7175 0.1024 -2.4614
9.6534 -3.7924 -3.1412 -0.3926 -0.4696 -2.5225
10.4962 -3.486 -2.2601 0.2082 0.5189 0.2621
6.4739 -3.4477 -1.6472 -0.0464 0.0598 -0.6317
8.5042 -1.8387 -0.5363 -0.1934 -0.1256 -0.3505
9.1943 -3.562 -1.1881 0.1933 0.1067 -0.1832
7.3939 -3.6769 -1.1881 0.205 -0.1117 -0.8279
11.0714 -2.1446 -1.5329 -0.1039 0.0949 -0.0491
9.2326 -1.6083 -1.2264 -0.2446 0.1834 0.0904
8.8496 -2.7575 -1.1115 -0.0549 -0.0158 0.0414
8.773 -2.9874 -1.418 -0.0049 -0.0457 -0.0055
8.8879 -2.5277 -1.418 -0.0411 -0.0084 -0.0023
9.1177 -2.2595 -1.2264 -0.0549 0.0055 0.0083
8.9645 -2.4511 -1.2647 -0.0006 0.0332 0.0009
9.0028 -2.4894 -1.303 0.0036 0.0204 -0.0013
9.0411 -2.4128 -1.2647 -0.0134 0.0119 -0.0034
9.156 -2.3744 -1.1881 -0.0027 0.0065 0.0001
9.0788 -2.375 -1.2641 -0.0006 -0.0041 0.0001
9.0788 -2.4517 -1.3024 -0.0027 -0.0094 0.0012
9.0788 -2.375 -1.3024 0.0037 -0.0052 -0.0009
9.0022 -2.3367 -1.3408 0.0015 0.0044 0.0001
9.0411 -2.3744 -1.2647 0.0005 0.0055 0.0003
9.0794 -2.4128 -1.2647 -0.0006 0.0044 -0.0019
9.0028 -2.3744 -1.2647 0.0015 0.0001 -0.0008
9.0022 -2.4517 -1.2258 -0.0006 -0.0009 0.0003
9.0028 -2.4128 -1.2647 -0.0027 0.0044 -0.0008
9.0405 -2.375 -1.3024 -0.0004 -0.0028 -0.0004
9.0405 -2.3367 -1.4174 -0.0015 0.0036 -0.0015
9.0405 -2.4517 -1.3791 -0.0015 0.0004 0.0006
9.1177 -2.3361 -1.418 -0.0004 -0.0007 -0.0004
9.0788 -2.49 -1.3024 -0.0004 -0.0007 -0.0004
9.0022 -2.4134 -1.2641 0.0028 -0.0018 -0.0004
9.1554 -2.3367 -1.1492 -0.0025 -0.0008 -0.0011
9.0794 -2.4128 -1.1881 0.0017 0.0002 -0.0011
9.0794 -2.4511 -1.2264 0.0017 -0.0019 -0.0001
9.0405 -2.49 -1.2258 0.0007 -0.0019 -0.0001
9.0794 -2.4128 -1.2647 0.0007 -0.0019 -0.0001
9.0794 -2.4511 -1.2647 0.0017 0.0024 0.0021
9.0794 -2.3744 -1.303 -0.0004 -0.0023 0.0
9.0405 -2.4517 -1.2258 0.0006 0.003 0.0
9.0794 -2.2978 -1.303 0.0006 0.002 0.0
9.0022 -2.375 -1.2641 0.0006 0.0009 0.0011
9.0788 -2.3367 -1.2641 0.0017 0.0009 -0.0011
9.0788 -2.4134 -1.2641 0.0017 0.003 -0.0011
