0.0772 -9.3464 1.2252 -0.0074 -0.0354 -0.0336
0.3837 -9.6145 1.0337 0.0554 0.0157 -0.073
0.0772 -10.1508 0.3442 0.2067 0.1531 -0.0708
-0.9188 -10.5339 -5.6701 -2.7313 -0.943 0.7281
1.3791 -10.4579 1.494 -1.0237 -2.0967 0.9817
-0.5357 -6.3584 -1.0349 0.244 -0.4136 -0.1092
-1.3785 -5.0176 -0.5369 1.1804 0.9574 -0.3041
-2.3361 -10.6871 -5.4785 1.2635 -1.6696 0.2637
3.6398 -15.5904 4.0217 -0.3749 -1.0144 -0.1092
2.9497 -9.73 11.3389 -0.7872 0.0295 -0.2072
-0.9577 -11.6454 1.6472 1.974 1.7382 -0.2807
-3.2178 -7.8147 -6.359 -0.4282 -1.5556 -0.0069
-1.992 -3.9073 0.996 -1.0492 1.8958 -0.3456
-6.2058 -7.5848 -4.865 -2.2689 -2.1895 1.1244
6.0142 -17.5447 0.2682 -1.1674 -2.2044 1.7476
-2.6432 -6.4356 -1.1492 0.2824 -0.1239 0.2584
1.2641 -3.1795 1.3024 1.0814 1.1715 -1.0647
-0.3825 -14.5178 -5.9765 2.5098 0.641 -0.0857
1.5329 -18.7316 0.2676 0.6339 0.3448 -0.0655
0.1155 -12.296 8.9633 0.7298 1.4847 -0.5289
-2.9491 -7.2395 -8.8879 0.0715 0.0785 -0.8484
-2.1063 -8.9633 0.1526 0.4901 -0.3998 -0.5608
-1.5317 -10.9553 -0.4986 -1.4817 0.1435 -0.139
5.4402 -19.0381 2.8724 -1.7416 -0.0824 1.0318
-0.0377 -4.3281 0.1143 0.6734 -0.4318 0.1572
-0.1526 -2.2595 0.8422 1.4052 1.5262 -1.234
0.6135 -15.1308 -6.3213 4.3059 -2.4717 0.8709
0.7667 -16.0501 6.8947 -1.8502 0.4427 0.0795
-1.4934 -9.9976 7.0479 -1.4454 3.7206 -0.059
1.4557 -8.8107 1.8771 1.3967 -0.3626 -0.3179
-3.1412 -5.9376 -5.9759 0.0865 0.2808 -0.6257
-0.2682 -6.0142 2.0303 -0.9191 -0.8079 -0.1624
-4.865 -19.0387 -3.3327 -2.5895 0.3927 1.852
-0.5746 -8.8107 0.4214 0.3208 -1.8976 0.5716
1.2264 -3.562 0.574 1.271 0.7144 -1.1712
-2.7958 -6.2818 -0.8817 1.7983 2.1792 -0.9986
-3.1412 -12.3732 -5.7078 0.6808 -1.3863 0.7474
1.0726 -19.0387 3.5626 1.2049 0.9733 -0.2348
1.6472 -12.3349 5.861 0.6936 -2.0371 -0.3051
-1.4557 -7.8913 -0.7661 0.8992 0.9243 -1.0316
-0.9577 -8.1211 0.3065 -0.8553 0.9424 -0.1869
-2.0686 -7.5848 -0.9577 -0.9554 0.021 -0.2242
7.5854 -18.8849 1.5317 -2.174 -0.5511 0.7367
0.8045 -8.9256 1.1875 0.1419 -1.9892 0.3404
0.1155 -2.4128 1.6083 0.8375 0.8401 -0.9368
-1.3791 -6.6272 -0.5746 2.479 2.6766 -0.6471
1.5329 -13.2537 -6.283 -0.7871 -0.1112 0.8092
-5.5923 -6.2435 0.4591 -0.4664 3.6013 -0.173
1.5329 -9.1548 2.068 1.4212 -0.0355 -0.2391
-3.0257 -6.6266 -3.6781 2.4897 -1.5748 -0.8772
-1.494 -6.8953 -0.2298 -0.9373 1.4974 -0.7227
-3.7535 -11.1851 -3.6398 -1.6425 -1.8347 0.4885
7.2024 -19.0381 7.2012 -3.283 -1.4395 -1.054
-0.8039 -8.5036 0.1526 0.5061 -0.4903 0.5652
1.3408 -2.49 1.3408 0.7501 1.1906 -0.6908
3.0646 -15.3995 -4.4053 1.6587 2.6884 -0.0335
2.4134 -10.1897 1.992 -0.5624 -0.8184 -0.3584
-1.5706 -9.1937 -0.8811 0.4561 -2.8446 0.3649
-0.3825 -10.7637 1.7615 0.2707 1.1544 -0.3222
1.3414 -9.2314 1.0337 0.4145 0.6367 -0.026
1.1498 -9.0399 1.7615 -0.2151 -0.3604 -0.0527
0.1538 -9.5762 1.6849 0.1439 0.2809 0.0113
0.7284 -9.3847 1.3785 0.0725 0.0838 -0.0399
0.4603 -9.5762 1.5317 -0.0766 -0.0376 0.0198
0.92 -9.3081 1.4551 -0.0201 -0.1111 0.007
0.4603 -9.4996 1.3402 -0.0287 -0.1228 -0.0484
0.4214 -9.3853 1.1492 -0.0084 -0.1186 0.0123
0.3454 -9.423 1.1486 -0.0393 0.0146 0.0144
0.8434 -9.423 1.1486 0.0203 -0.0792 0.007
0.422 -9.4996 1.2635 -0.0073 0.0327 -0.0069
0.6512 -9.347 1.1109 -0.002 0.0604 0.0091
0.6129 -9.4619 1.1875 -0.0297 0.0188 0.0027
0.5369 -9.3464 1.2252 -0.0084 -0.0259 0.0145
0.6518 -9.4613 1.1869 -0.0052 0.0465 0.0198
0.6901 -9.4996 1.1869 -0.0031 -0.0781 0.0145
0.422 -9.4613 1.072 0.0182 -0.0398 0.0176
0.5369 -9.4613 1.072 -0.0265 -0.0536 0.0347
0.7661 -9.4236 1.3024 -0.0116 -0.1058 0.0102
0.4603 -9.4996 1.0337 0.03 -0.1293 0.0208
0.3448 -9.5385 1.1109 -0.0158 -0.2688 0.0645
0.2298 -9.5385 1.1109 -0.0276 -0.1623 0.0262
0.2687 -9.3847 0.9954 0.0161 0.103 -0.0324
0.422 -9.423 0.8422 -0.0073 -0.0717 0.024
0.3837 -9.4613 0.8422 -0.0223 -0.0397 0.0262
0.2298 -9.5002 1.0343 -0.0223 -0.0248 0.0144
0.2682 -9.5385 0.8811 -0.002 0.0774 -0.0026
0.498 -9.5002 0.9577 0.0033 -0.0525 0.0091
0.2298 -9.5002 0.8811 0.0023 -0.0685 0.0102
0.3065 -9.4619 0.9577 0.0118 0.0007 -0.0101
0.4214 -9.5385 0.9577 0.0108 0.0242 -0.0196
0.3065 -9.5002 0.9194 0.0086 0.0902 -0.0303
0.2682 -9.5768 0.9194 -0.0276 0.0625 -0.0005
0.5746 -9.4619 1.1109 0.016 0.0796 -0.0314
0.5369 -9.3847 0.9571 0.0576 0.0487 -0.0388
0.422 -9.5379 0.9188 -0.0042 0.0306 -0.0325
0.422 -9.4613 0.9571 0.0011 0.0722 -0.0186
0.8051 -9.3847 1.0337 0.0011 -0.1089 -0.009
0.2687 -9.4613 1.072 0.0161 0.0242 -0.0218
