-1.2252 -9.3847 1.8765 -0.2976 0.1343 0.4121
0.4214 -7.853 2.1835 0.5493 -0.8181 0.4398
-0.498 -11.7603 2.1835 1.5006 0.9257 0.2981
-0.1143 -7.2395 0.6123 -0.7685 0.6541 0.164
-1.8387 -8.0828 4.2521 0.1828 -0.7052 0.4292
-2.3367 -9.7683 4.7501 0.9583 0.4847 0.0436
0.3454 -12.1428 1.6466 -1.006 0.0522 -0.2089
2.0692 -11.0319 2.2595 -0.9922 -0.9097 -0.0544
1.1115 -8.5419 1.7615 -1.0955 -0.1193 -0.2294
0.6512 -8.5425 4.5203 1.0563 -3.6922 0.4215
3.0646 -9.8067 -1.1109 0.218 2.4203 -0.582
0.1149 -10.9176 5.8993 -0.4979 -0.9598 -0.7024
0.1915 -8.8873 4.7501 0.0656 0.342 1.3216
1.3414 -15.8586 0.8039 0.675 1.6128 -0.3125
1.9926 -9.7294 -1.303 3.4873 -0.0138 0.1126
1.8004 -6.2441 2.1835 -1.1498 0.6839 -0.4179
0.5752 -7.7758 1.9531 -0.1889 1.012 -0.8099
-6.9713 -12.9089 8.8101 -0.2283 2.0027 1.0298
2.299 -7.6225 -0.3454 0.3352 -1.5542 0.3768
4.789 -10.9936 1.2635 -0.614 -0.6658 0.185
0.8811 -7.2784 1.2258 -1.3618 1.272 0.1744
1.6089 -8.8107 3.371 -1.1317 -1.2399 -0.6895
-0.8422 -9.1548 6.5499 -0.2934 -1.1419 -0.1271
0.5752 -8.1205 4.4813 0.2861 0.3878 1.1172
4.0606 -19.6133 4.1372 1.8073 -2.3638 -0.7995
-0.1143 -8.2355 -1.0349 2.5935 1.9154 -0.6024
1.9926 -8.0822 1.6849 -1.3235 0.8213 -0.1038
0.4986 -7.2012 1.9148 -0.4255 0.5657 -0.8016
-8.6185 -11.4916 9.7677 -0.0739 0.9076 1.101
1.6089 -15.2463 1.4557 -0.5373 -1.0034 -0.2027
4.2527 -9.4996 0.9954 -1.1914 -1.2144 -0.0355
0.5752 -7.0479 8.0439 0.513 -4.5178 0.7773
0.422 -8.0822 -0.4603 0.4395 3.3119 -0.3263
-3.0257 -8.5802 5.7072 -0.4308 -0.4623 -0.2826
-1.7232 -5.8604 3.3704 0.1786 1.4957 1.5918
0.8428 -15.208 2.988 0.2702 -0.9374 -0.1574
2.1452 -9.6917 -1.3408 3.449 2.2904 -0.7934
0.4986 -7.8907 2.4894 -0.4531 0.6392 -0.2277
-1.1103 -7.3927 2.7192 -1.0433 0.9076 -0.4099
-3.9834 -7.1629 7.2778 -0.1144 -0.4783 -0.1068
1.916 -8.925 0.1143 0.4086 0.1012 0.1766
4.2527 -10.419 1.6849 -1.1829 -0.4708 -0.2964
0.5369 -9.8061 4.2898 0.6004 -1.1952 0.0477
-0.0766 -8.9639 2.873 -0.6865 0.4869 -0.9083
-0.3442 -8.5802 5.1326 -0.1741 0.2397 1.0667
0.0389 -10.419 3.8684 0.4352 2.7559 3.1685
4.2527 -9.7677 -1.916 2.3666 2.0539 -1.0031
-2.2212 -6.6266 2.1829 -0.5427 2.138 0.2411
3.486 -7.5465 2.6432 0.1615 1.1303 -1.8308
-4.2898 -11.2617 7.3161 0.056 1.6096 1.0539
-0.1909 -15.3989 2.4128 -0.4862 -0.8501 -0.2606
4.1378 -11.4916 0.8422 0.0571 0.1023 -0.5227
1.6478 -7.1245 3.064 -1.1232 -0.4186 -0.1754
0.4603 -9.1548 3.9834 0.2105 -0.0351 -0.4013
0.422 -8.7718 1.9148 -0.4766 0.6946 -0.6089
-2.7958 -6.7415 5.056 -0.1794 -0.2642 0.1122
-0.5746 -7.2784 3.9073 0.4896 2.0709 2.6114
5.1715 -13.3692 -1.3408 2.3357 1.9037 -0.9179
-0.9577 -8.9256 1.1875 0.236 1.011 0.3647
1.4557 -9.0788 3.7924 -0.4479 0.2674 -1.2418
0.5363 -7.8147 1.7621 -1.7976 0.8032 -0.1254
-4.4436 -9.0788 7.7381 0.6025 0.1641 0.1111
0.5746 -17.0084 1.0343 0.7495 0.245 -0.1126
2.4906 -8.9633 0.8805 -1.2351 0.5465 0.1015
1.7244 -8.6185 3.5237 -1.152 -1.8354 0.1444
0.4597 -8.6191 2.2218 -0.3594 1.8035 -0.2445
-0.9571 -10.1125 2.1829 -0.352 -0.1907 0.4554
2.2224 -9.0016 1.4934 -0.1794 -0.7318 0.2189
0.4603 -10.917 0.1909 -0.1378 0.3068 -0.0546
0.0006 -9.3081 1.7232 -0.4084 -0.1406 0.1542
0.3065 -9.8833 0.7278 0.0518 -0.0895 0.2086
1.2647 -9.9976 0.4208 -0.1378 -0.4101 0.2096
-0.6123 -10.1125 0.6889 -0.0366 -0.2311 0.0584
0.1538 -9.8061 0.7655 -0.0334 0.049 0.038
0.0006 -9.921 0.7655 0.022 0.081 0.07
0.2304 -9.8444 0.8805 0.0209 0.0299 0.0902
0.1155 -9.8444 0.8039 0.0038 0.0171 0.0593
0.1538 -9.8444 0.7272 -0.0452 -0.0106 0.0668
0.2687 -9.8444 0.8039 0.0284 0.0384 0.0798
0.1921 -9.8827 0.7655 0.0039 -0.0181 0.0904
0.1921 -9.8061 0.7655 0.0166 -0.0266 0.0862
0.0772 -9.7677 0.8805 0.0188 -0.0074 0.0872
0.1532 -9.8067 0.8045 0.0124 0.0192 0.083
0.1915 -9.73 0.8811 0.0284 0.0245 0.0862
0.3065 -9.8833 0.8811 0.007 -0.0117 0.0996
0.1538 -9.7294 0.8039 0.0123 0.0117 0.0666
0.1538 -9.8444 0.9954 0.0177 0.0192 0.0709
0.1532 -9.73 0.996 0.0006 0.0107 0.0719
0.1532 -9.8833 0.9577 -0.0058 0.0448 0.0517
0.2298 -9.7683 0.9194 0.007 0.0373 0.0764
0.3065 -9.845 0.9577 -0.0121 0.0245 0.0636
0.3454 -9.8444 0.9954 0.0092 0.0362 0.069
0.2304 -9.7677 0.8039 0.006 0.016 0.0818
0.3837 -9.8827 0.8039 0.0049 0.0192 0.0796
0.3071 -9.8061 0.9188 0.0123 0.016 0.075
0.3454 -9.8444 0.9571 0.0187 0.0043 0.0814
0.2687 -9.8444 0.9954 0.0059 0.0245 0.0803
