1.4946 -9.4613 -0.8434 0.1133 -0.1923 -0.2731
2.0692 -9.3464 -0.7667 0.0228 -0.1881 -0.3509
1.303 -9.2314 -1.418 -0.3245 -0.3361 0.0742
1.2647 -9.9593 -2.4906 -0.2734 0.0399 -0.0377
2.299 -11.7597 -3.6781 0.0441 0.0357 0.4514
2.1458 -4.941 1.1869 1.8827 -0.0762 0.1403
1.9926 -11.8746 4.4813 1.2542 -0.1391 -0.0855
1.4946 -13.4452 0.574 -1.0648 -1.2128 0.5132
-3.8301 -7.4693 -4.1378 -0.9253 -0.514 0.1095
-0.3065 -2.6049 0.0766 0.1293 0.4405 0.0827
5.0572 -18.0804 6.0903 1.4534 2.6892 -0.4456
1.7621 -8.734 1.1492 -1.3834 0.2146 0.7443
0.3448 -8.3127 0.0383 -2.0566 0.0921 0.2106
-0.7272 -3.0257 -0.0772 0.7536 0.9028 0.8156
-0.6512 -16.089 3.0646 1.9254 1.4663 -0.8588
3.486 -11.6454 6.0525 -0.8923 1.0508 -0.993
-0.3831 -9.6151 -1.6089 -1.427 -2.8555 0.5165
-3.7541 -4.8267 0.0766 0.4745 2.4943 0.2949
5.287 -15.8586 4.2132 1.3427 1.3363 -1.2859
-2.3361 -9.4996 0.0377 -1.1767 0.4234 1.683
0.8428 -9.1171 0.498 -1.8989 -1.5729 1.2685
-0.3448 0.2298 -0.7661 1.1339 2.1885 -0.3284
-3.1406 -18.157 9.3081 2.1863 3.0354 -1.5023
1.0732 -13.7517 0.4974 -4.0945 -1.4589 0.2607
-2.4894 0.0772 -1.6095 1.4396 3.078 1.4623
-0.0377 -0.0377 2.6043 -0.2797 -0.0719 1.2726
-1.5317 -13.4069 3.2555 -1.0393 1.0114 -2.5815
-0.4591 -12.2194 0.7272 -2.128 1.3811 0.3341
-0.1909 0.1921 -2.5672 1.1296 -0.22 -0.2336
-2.1452 -4.0223 0.8045 0.3264 2.9779 0.1967
2.873 -14.7483 6.0525 -0.2489 0.6066 -1.1007
-1.0343 -8.0062 -1.1109 -1.9298 -2.1748 0.6208
-1.3791 0.2682 -0.8428 0.3988 3.4733 1.702
-3.5237 -19.6127 -3.9846 2.1267 -1.7817 -2.8083
-4.1749 -13.8666 -1.2264 -2.0907 0.3137 2.2293
1.4946 -7.8141 -5.9765 1.1349 0.6045 0.1549
0.3071 0.3454 0.1526 1.6079 0.8634 -0.1295
0.2298 0.498 3.4093 1.2883 -1.4525 -0.0794
1.7627 -11.6448 -0.2304 -2.4231 -0.4064 0.1208
-4.8644 -5.7455 -5.0188 1.071 1.152 0.3616
0.2304 -0.2676 2.1446 -0.7048 -0.1785 0.8442
3.7541 -19.0387 1.5706 -1.4377 -1.8243 -1.6997
-2.8724 -10.0742 -8.16 -0.8657 -1.6315 1.038
0.7284 -0.4591 0.2676 1.1999 0.9805 -0.007
-2.2595 -7.0096 6.6649 2.263 -0.7665 -0.5588
2.7204 -12.296 3.2555 -0.9509 0.482 -1.5813
-4.3664 -6.0903 -2.414 -0.5503 -3.6928 0.497
-2.7958 -2.3744 0.4208 0.3115 3.7982 1.1948
-3.4854 -11.2234 3.1789 1.0966 -1.1468 -0.6098
3.4093 -5.0566 1.7621 -0.4332 0.8996 0.0251
-1.2258 -10.0365 1.3791 -0.8124 0.7558 1.0842
0.1538 1.6861 -0.6135 0.6524 0.3723 -0.2005
-9.3464 -19.6127 2.7192 3.6042 2.6285 -1.3457
0.3837 -6.7798 2.1063 -2.2185 0.1805 0.2671
-4.2138 -3.0646 -3.1795 -0.8465 2.5625 1.0
-2.2984 -7.5465 1.6472 1.071 0.465 0.4279
3.6775 -18.5407 6.2824 0.2081 -0.2253 -0.5639
-0.9577 -6.7038 1.1109 -1.3514 1.5707 0.658
-0.8039 -2.7958 -0.2304 -0.8731 2.1342 0.1786
2.5672 -13.9049 -2.797 -1.3152 1.0221 -0.2368
1.801 -13.292 -0.2304 2.5336 0.8037 -0.0643
-4.4436 -7.6614 7.5082 1.8231 0.9901 0.3226
1.7238 -9.4236 2.9497 -0.9945 -0.1199 0.3524
-4.865 -8.2744 0.2298 -0.7793 0.8911 0.9905
-1.5323 -11.6837 -0.8428 0.0931 0.3627 -1.0995
-2.2595 -9.5762 1.8381 0.5576 -0.204 0.7423
-1.8765 -8.8484 1.072 -0.2797 0.0175 0.0136
-1.3402 -10.1125 -0.2304 -0.3703 -0.0112 0.0658
-1.7615 -9.4996 -0.5369 -0.2084 -0.0155 0.0797
-0.9954 -10.304 -0.2687 0.0164 -0.0506 0.0157
-1.4934 -9.7294 -0.5752 -0.3085 -0.2956 0.069
-1.6849 -9.8444 -0.8434 -0.1604 -0.2626 -0.0461
-2.1452 -9.7683 -0.6512 -0.0113 -0.0783 -0.012
-1.7238 -9.7683 -0.6895 -0.0038 0.0165 -0.0674
-1.6472 -9.6534 -0.7661 0.01 -0.0038 -0.0802
-1.8381 -9.7677 -0.9966 -0.023 0.0655 -0.0355
-1.494 -9.6534 -0.8811 -0.0123 0.0623 -0.0213
-1.494 -9.73 -0.9194 -0.0304 0.0197 -0.0149
-1.3785 -9.7677 -0.92 -0.0134 0.0175 -0.016
-1.4557 -9.73 -0.8811 0.0154 0.0026 -0.0149
-1.494 -9.73 -0.9577 0.0281 0.008 -0.0085
-1.5706 -9.8067 -0.8428 0.0665 0.0303 0.0182
-1.57 -10.2657 -0.5752 -0.023 -0.0773 -0.1022
-1.8765 -9.5379 -1.0349 -0.1316 0.2093 0.0278
-1.6466 -10.2274 -1.2264 -0.0379 0.2743 -0.0404
0.3837 -6.7798 -1.1115 -0.0251 -0.4043 -0.3025
-2.1446 -10.3807 -0.9966 -0.0262 0.0303 0.441
-1.4934 -9.6528 -1.1881 0.0132 0.0303 -0.1279
-1.1103 -9.8444 -0.8817 0.2114 0.0175 -0.0437
-1.1875 -10.0365 -0.5746 0.0558 -0.0602 -0.0086
-1.4934 -9.6145 -0.7284 0.0729 0.0165 -0.0107
-1.1109 -9.9982 -0.6512 0.0399 0.0325 -0.0054
-1.2635 -9.7677 -0.7284 -0.0273 0.0154 -0.0192
-1.1875 -9.9216 -0.7278 -0.0262 0.0016 -0.0118
-1.2258 -9.6917 -0.8045 -0.0177 -0.0134 -0.0246
-1.1109 -9.73 -0.6895 -0.0326 -0.0347 -0.0192
-1.3785 -9.8827 -0.8434 -0.023 0.0026 -0.0107
-1.1486 -9.8444 -0.7667 0.0324 0.0548 -0.0082
-1.1869 -9.8827 -0.8051 -0.0357 0.0239 0.0153
-1.1486 -9.9593 -0.6518 -0.0368 -0.0251 0.0334
