0.3454 -9.8444 -1.1115 0.0293 -0.052 0.1652
-0.9188 -9.5762 -0.4986 0.008 -0.1383 0.4294
-0.8422 -10.7637 -3.4482 -0.3894 0.1728 -0.034
1.2258 -8.4659 -0.8811 0.3435 -0.6826 0.8278
-1.9531 -9.4996 -1.2264 -0.6269 -0.3812 0.586
-0.4974 -8.8101 -2.414 0.3062 -0.0765 -0.4084
-0.4214 -9.3087 -3.6775 -0.0997 -0.0222 -0.1975
-1.8765 -10.304 -2.5289 0.5011 0.0641 0.0209
-3.2555 -8.5036 -0.0006 1.0902 0.9557 -0.2476
0.3837 -10.9553 4.06 1.7027 -0.1585 -0.4872
-0.9188 -8.7334 0.8039 -1.297 0.8151 -0.5535
2.4523 -7.3161 -1.6478 -0.645 0.5818 -0.0209
1.6861 -9.8827 -1.1115 0.0644 -0.2001 -0.0081
0.1538 -12.6791 -3.6781 -0.1997 0.9195 -0.0038
1.2264 -11.9513 1.5317 -0.3585 -0.509 0.1144
-2.7581 -10.0748 1.2258 0.497 -0.8563 0.9682
-2.375 -9.6151 0.8428 -0.7781 -0.6581 -0.2665
-1.9914 -5.7072 -1.4563 -0.2487 -0.4962 0.3162
-0.3065 -7.3933 -3.1795 0.1135 0.6671 -0.797
-0.1532 -10.0748 -4.2904 -0.9283 -0.2491 -0.2111
-5.5545 -11.9902 -0.2682 0.8741 0.2271 -0.0277
1.4557 -11.1091 4.4819 1.1447 -0.0445 -0.4399
-1.5323 -7.1251 0.6895 -1.7017 0.7672 -0.3313
2.4517 -6.857 -3.0263 0.4618 0.2356 0.2941
-0.3825 -10.0359 0.3059 0.0517 -0.4078 0.5582
2.6821 -12.4109 -2.414 0.286 0.6213 -0.5123
0.1155 -10.9936 2.0297 0.2125 -0.3929 0.0906
-3.7152 -10.6105 0.1143 -0.6674 -1.5029 1.0302
-1.1486 -7.6225 -1.1881 -0.073 -0.7157 -0.0234
-0.6506 -7.5459 -1.801 -0.383 -0.0062 -0.5592
-0.076 -13.8666 -2.3373 0.4703 -0.3513 0.2266
-2.8724 -9.5762 -1.0349 0.1411 0.2985 -0.1888
-2.4128 -8.6185 0.9954 1.2106 0.7778 -0.4019
0.2687 -11.5682 5.439 -0.3766 0.2026 0.2139
-0.7655 -7.6225 0.1909 -1.7775 1.0133 -0.7012
1.6861 -10.1891 -2.0692 0.5864 0.1706 0.2
-0.0383 -10.0748 0.0383 -0.1327 -0.3162 0.5601
1.7244 -12.6025 0.7272 -0.0507 -0.1479 -0.0684
-2.3361 -7.6225 1.4551 0.3999 -0.4941 1.1151
-3.1023 -12.1428 -2.9503 -1.0264 0.6692 -0.9377
-1.2641 -5.8227 -0.4214 0.0197 -0.8254 0.4372
-1.1109 -7.7764 -2.9113 -0.1688 0.5137 -0.594
-0.574 -12.0662 -1.7627 0.4149 -0.2171 0.0516
-0.0383 -7.355 -3.1029 0.5065 -0.2608 -0.2424
-2.4134 -6.2824 2.1835 2.0725 0.4679 -0.8922
0.3065 -10.5728 4.865 -0.6291 0.1334 0.4963
-0.0383 -9.232 0.0766 -0.8368 0.6585 -0.5978
1.7621 -9.0022 -0.4597 0.1049 -0.2682 0.4292
-0.6123 -9.3081 -0.422 0.8921 -0.0957 0.5165
0.0389 -9.7677 2.4128 -0.0549 0.7523 0.0712
0.1921 -10.304 1.3018 -0.628 0.3208 0.1072
-3.3704 -9.8061 1.8765 0.4404 -0.7902 1.2374
-4.0989 -10.4196 0.5363 0.2391 0.1142 0.1423
-3.5237 -7.3927 1.9914 1.1424 -0.069 0.4257
-2.3361 -7.3927 1.5317 0.4308 -0.1585 0.0049
-3.7918 -8.1971 2.2212 0.5129 -0.4259 0.1746
-3.7535 -6.435 3.7918 -0.007 -0.0531 -0.0981
-2.9874 -9.8061 2.3744 -0.4501 -0.0839 -0.3165
-1.7232 -7.9673 2.2595 -0.3734 -0.2405 0.0052
-3.6386 -8.6951 2.6809 -0.0869 0.192 0.2001
-2.7575 -10.304 1.072 -0.0432 0.0386 -0.328
-2.1829 -10.6871 3.064 0.2072 -0.1191 -0.5613
-3.6386 -13.2154 4.0983 0.6354 -0.1425 -0.5016
-3.064 -13.4835 6.5499 0.1347 -0.2118 -0.019
-1.6472 -8.4276 1.8771 0.0506 0.0609 -0.0659
-1.5323 -7.4316 2.9497 -0.006 0.0386 -0.0412
-2.1063 -8.7718 2.0297 -0.0081 -0.019 -0.0529
-2.1063 -10.4573 3.7918 -0.1157 0.0204 0.0068
-1.992 -10.1897 3.0646 0.0047 -0.0275 -0.0998
-1.4557 -8.5425 2.7581 -0.104 -0.0019 0.0025
-1.9154 -9.347 2.873 0.0037 -0.0722 -0.1847
-1.4174 -9.3853 3.4477 -0.0911 0.0013 0.1317
-1.6849 -9.7677 3.4471 0.0155 0.0055 -0.0728
-1.6466 -9.2698 2.6809 0.0591 0.0599 -0.0537
-1.6089 -9.347 2.873 0.0304 0.0215 -0.0228
-1.6089 -9.5385 2.6815 -0.1114 0.0087 -0.0469
-1.6849 -9.3847 2.6809 -0.0656 -0.0051 -0.0437
-1.3402 -9.3464 2.6809 -0.0506 -0.0264 -0.0991
-1.9154 -9.6534 2.9113 -0.0123 -0.0531 0.017
-1.7238 -9.2703 2.6815 0.0463 -0.0435 -0.0011
-1.3408 -9.3087 2.7964 -0.0133 -0.0371 0.0143
-1.6083 -9.5379 2.8341 -0.0474 -0.0126 -0.0315
-1.5706 -9.1554 2.7964 0.0229 0.0236 -0.0188
-1.57 -9.2698 2.5277 -0.0378 0.0332 -0.0326
-1.4557 -9.4619 2.7581 -0.0453 0.0045 -0.0784
-1.4557 -9.3853 2.6815 0.0059 0.0034 -0.0384
-1.4551 -9.2698 2.6809 -0.0122 0.0034 -0.0171
-1.57 -9.423 2.6043 -0.0165 0.0354 -0.0128
-1.2641 -9.3853 2.6432 -0.0548 0.0396 -0.0331
-1.4174 -9.4236 2.5666 -0.0527 0.0663 -0.0245
-1.4551 -9.4613 2.6426 -0.0218 0.0631 -0.025
-1.2635 -9.5379 2.4894 0.0165 0.0141 -0.0175
-1.3018 -9.3464 2.4511 0.0208 -0.0104 -0.0037
-1.57 -9.4996 2.4894 -0.0304 -0.019 0.0155
-1.5317 -9.5762 2.4894 -0.0144 -0.0168 0.0208
-1.3785 -9.4613 2.5277 -0.0186 -0.0211 0.0038
-1.5317 -9.4613 2.6426 0.0165 -0.0168 0.0168
-1.5323 -9.3853 2.5283 0.0091 -0.0062 -0.0045
-1.5706 -9.347 2.375 -0.009 0.0098 -0.0056
