-1.1869 -9.6528 0.9188 0.0434 -0.3237 -0.2766
-0.9571 -9.6911 1.1103 -0.0216 -0.344 -0.2617
-0.076 -9.6145 0.076 -0.371 0.276 -0.675
1.4946 -10.1125 -2.4906 -2.0019 -0.4952 -0.3672
1.418 -8.7718 -1.6478 0.3385 0.5892 -0.2095
2.6821 -10.1891 -1.4563 -0.5063 -0.8042 -0.0007
0.4597 -6.7421 -1.6089 0.5782 0.1876 0.2666
1.3791 -8.5808 -2.6815 0.0881 -0.1831 0.0919
2.49 -12.1817 -1.2641 0.87 -0.2534 0.2219
1.5706 -8.849 0.498 1.2876 -0.459 0.6469
0.2304 -9.3081 2.6426 0.9819 -0.5996 0.5777
-1.1109 -8.351 2.7198 -0.0706 -0.0862 0.4989
-2.0686 -8.1594 1.0343 0.0338 0.1269 0.1068
-2.2984 -10.2663 1.9537 0.2671 -0.0744 -0.0636
-1.9154 -14.4418 2.5666 -0.7013 -0.3525 -0.3853
0.5363 -7.7381 1.6472 -0.7044 0.4965 -0.5131
1.2258 -8.5042 2.1452 0.02 0.6595 -0.5451
1.3791 -9.347 0.1915 -0.3848 -0.5357 -1.3014
1.7238 -4.1755 0.7661 -0.8003 -0.4175 -0.0678
3.793 -16.2034 -1.9926 -0.8866 0.1013 -0.2191
3.0652 -8.0056 1.3785 1.5219 -0.0521 0.9622
0.0772 -8.6568 3.7535 2.5435 -0.5037 0.7449
-0.8428 -7.8147 4.5586 -0.2539 -0.1192 0.6491
-2.2218 -7.8147 1.6472 0.5248 0.1716 -0.053
-2.3361 -10.7254 2.8724 -0.3146 -0.3908 0.2123
-1.0343 -14.8632 5.7461 -0.5638 -0.6284 -0.4801
1.0726 -8.6957 2.5283 -1.009 0.8011 -0.9275
2.6815 -8.1977 2.988 -0.6223 0.4517 -0.5919
1.5706 -5.2481 -1.1109 -0.4509 -0.3099 -0.1658
2.7198 -11.6454 -2.8347 -0.4083 0.0704 0.4392
4.7501 -6.9336 1.5706 0.8509 -0.4463 1.334
1.3791 -9.5002 4.865 1.8373 -1.0396 1.1125
-0.9188 -7.0479 2.6809 -0.0205 -0.6774 0.5585
-0.8422 -8.5419 2.566 0.0466 -0.5666 0.1431
-1.4934 -9.6145 2.1446 -0.4637 -0.9938 0.3199
-1.57 -10.9553 0.7278 -0.7428 -1.2771 0.3572
4.2527 -8.7718 3.6386 -1.2179 -0.0201 -0.9957
0.0389 -8.8101 -2.5289 -1.4949 -1.4625 -0.0327
2.9886 -4.3281 -0.1538 0.7902 -0.915 -0.3363
0.6518 -9.6911 -1.2264 -0.4743 -1.698 0.337
-1.1109 -11.7986 -5.5929 -0.5957 -0.9203 0.3742
4.5209 -13.1388 1.4168 1.1321 -1.1504 -0.5142
2.3367 -5.5545 3.1029 2.2453 -2.2753 1.0986
-0.996 -10.1897 5.4779 -0.681 -2.2508 0.386
-3.1795 -9.1937 1.5323 -0.3838 -1.7512 0.159
-2.873 -9.347 -0.3065 -1.0421 -1.6138 0.1154
-1.2258 -10.726 -2.0303 -0.4743 -1.6138 -0.2106
-1.0343 -13.0245 1.2641 1.0469 0.1716 -0.6601
7.2407 -9.7683 4.0217 -1.3286 0.4379 -1.6945
-0.1149 -8.0062 -1.8004 0.8583 -0.4931 -0.8082
1.6089 -8.3127 -0.2298 0.4014 -1.095 0.1846
0.996 -8.0828 -4.0606 0.0605 -0.5017 0.5489
3.7924 -15.4761 -1.4174 0.0807 -0.5549 -0.0369
0.8434 -8.6185 1.9148 2.3796 -0.9012 1.1508
-0.1532 -8.1594 6.857 0.6602 -0.6892 0.648
-0.6506 -7.6608 3.1023 -0.0546 -0.034 -0.0327
-1.4168 -8.0822 2.1063 0.2128 -0.2215 0.4712
-1.7232 -12.4876 4.6346 -0.388 -0.6231 0.1335
0.4986 -13.79 5.7455 -0.8109 -1.1451 -0.5323
2.4523 -9.3464 2.8724 -1.4821 0.2867 -0.9275
0.92 -8.0056 0.9571 -0.4221 -0.2002 -0.5589
2.4523 -6.8564 0.5357 -0.3252 -0.589 -0.7411
0.6901 -5.3624 -3.8313 -0.0536 -0.1522 0.4509
3.4482 -17.9655 -1.303 -0.3028 -0.296 0.0419
3.1795 -5.9376 0.5746 1.7723 -0.5091 0.7886
1.2641 -8.6957 3.5243 2.7801 -0.7594 0.9154
-1.3408 -7.7381 5.5545 0.3726 0.0502 0.4872
-1.8004 -8.1977 3.1029 0.1649 0.4986 -0.0977
-1.0337 -9.1165 3.4854 -0.1782 -0.2364 0.1932
-1.3791 -14.9015 6.0908 -0.6181 -0.4282 0.0419
1.5712 -7.7375 1.9914 -1.4351 0.423 -0.7134
1.4946 -8.5802 3.2555 -0.8354 -0.0745 -0.1211
1.1115 -8.2355 2.068 -0.911 0.4368 -1.41
2.7198 -6.1292 0.0766 -0.682 -0.4016 -0.4747
1.0726 -6.5122 -0.6129 0.2704 -0.017 0.1367
1.992 -11.6837 -3.0263 -0.8066 0.1311 0.353
3.6009 -9.5385 -1.2258 1.2643 0.0895 0.7248
1.3797 -7.5459 3.1023 1.8992 -0.1651 0.6534
-0.8805 -7.9673 4.3664 0.8424 -0.0468 0.8622
-0.8045 -8.9256 3.6775 -0.2814 0.3473 -0.1126
-1.0343 -9.5002 2.5283 -0.2218 -0.0543 0.2102
-1.4557 -9.6151 2.4517 -0.8823 0.0469 0.1303
-0.3059 -8.9633 2.4128 -0.9813 0.2344 0.2763
0.0006 -8.2738 1.3018 -1.0633 0.2429 0.1058
-1.3402 -9.2314 -0.9966 -0.862 0.1577 0.0866
-0.996 -9.3853 -0.7278 0.1031 0.2184 0.1857
-1.1486 -9.2698 -0.6518 0.1287 0.0735 0.1729
-1.5317 -8.8484 -0.92 0.3481 -0.2056 0.2582
-2.0303 -9.6534 -1.0343 -0.0194 0.0267 -0.0391
-1.8381 -9.423 -0.4986 -0.0609 0.0266 0.0462
-1.6849 -9.5762 -0.6518 0.0254 0.1055 -0.0241
-1.9148 -9.4996 -0.4986 -0.0172 0.0842 0.0558
-1.6849 -9.3464 -0.6901 0.0456 0.097 0.01
-1.7998 -9.5379 -0.422 -0.0097 -0.0405 0.0174
-2.0303 -9.3087 -0.6129 -0.0066 0.0149 0.0142
-1.7998 -9.3464 -0.4603 -0.0258 0.048 -0.0028
-1.8765 -9.3081 -0.6518 0.0158 0.0267 0.0163
-1.7998 -9.3847 -0.5752 0.0275 0.0117 -0.0018
-1.8004 -9.347 -0.4597 0.0254 -0.0383 0.0068
-1.9531 -9.423 -0.6518 0.0158 -0.0245 0.0004
-1.9531 -9.3847 -0.4603 0.0233 -0.0096 0.0068
-1.8765 -9.3464 -0.4986 0.0361 0.0064 -0.0135
-1.8771 -9.347 -0.498 0.0116 -0.0085 0.0036
-1.9154 -9.347 -0.5363 0.0446 -0.0032 -0.0177
-1.8004 -9.2703 -0.498 0.0435 0.0522 -0.0177
-1.7621 -9.3853 -0.3831 0.036 0.0118 -0.0241
-1.7998 -9.423 -0.4603 0.0307 -0.0138 -0.0337
-1.8387 -9.3087 -0.2682 0.036 -0.033 -0.0305
-1.7621 -9.1554 -0.1532 0.0158 -0.0181 0.0259
-1.9154 -9.4236 -0.2682 0.0169 0.0298 -0.0039
-1.7615 -9.3464 -0.7284 0.0148 -0.0064 0.0206
-1.8765 -9.3847 -0.6518 -0.0012 -0.0 0.0089
-1.8387 -9.5385 -0.4597 0.0244 0.0106 0.0174
-1.992 -9.4236 -0.3448 0.0201 0.0138 -0.0188
-1.9148 -9.423 -0.3454 0.0041 0.033 0.0079
-1.9154 -9.347 -0.5746 -0.0257 0.0618 -0.0017
-1.7238 -9.4236 -0.3831 -0.0278 0.0351 0.0164
-1.7621 -9.2703 -0.5363 -0.0023 0.0053 -0.0007
-1.8387 -9.2703 -0.4214 0.0073 0.0149 0.01
-1.8765 -9.2698 -0.422 -0.032 0.0021 -0.0017
-1.8381 -9.3464 -0.3071 0.0106 -0.0107 0.0057
-1.8387 -9.347 -0.4214 0.0202 -0.0139 0.0068
-1.9154 -9.3853 -0.4597 0.0074 -0.0032 0.0015
-1.8765 -9.4613 -0.4986 0.0106 -0.0096 0.0057
-1.8381 -9.3847 -0.4603 0.0169 -0.0139 0.0015
-1.8765 -9.3464 -0.4986 0.0191 -0.0032 0.0025
-1.8381 -9.3081 -0.5369 0.0148 -0.0064 0.0015
-1.8771 -9.4236 -0.3448 0.0031 -0.0064 -0.0039
-1.7998 -9.3464 -0.4986 0.0212 -0.0086 -0.0007
-1.8381 -9.3847 -0.422 0.018 -0.0 -0.0017
-1.7998 -9.3847 -0.3837 0.0074 -0.0075 0.0004
-1.8381 -9.3847 -0.4603 0.0138 -0.0128 -0.0028
-1.7615 -9.3464 -0.4986 -0.0012 -0.0171 -0.0102
-1.8765 -9.3081 -0.3071 0.0138 -0.0107 0.0004
-1.7998 -9.3464 -0.3837 -0.0012 0.0074 -0.0007
-1.7998 -9.423 -0.3454 -0.0107 -0.0064 -0.0017
-1.7615 -9.3847 -0.422 0.0138 0.0042 0.0004
-1.7232 -9.423 -0.422 0.0202 0.0095 -0.0102
-1.7998 -9.423 -0.4986 0.0138 0.0117 0.0015
-1.8004 -9.3087 -0.498 0.0106 0.0372 -0.0091
-1.6855 -9.3087 -0.3831 0.0149 0.0169 -0.0038
-1.9154 -9.2703 -0.498 0.0351 0.0478 0.0207
-1.8004 -9.4236 -0.3448 -0.0171 0.0478 -0.0113
-1.7232 -9.423 -0.3454 0.0298 0.0191 0.0036
-1.7998 -9.3081 -0.3837 0.0106 0.0074 0.0004
-1.7232 -9.4613 -0.3837 -0.0192 0.0031 -0.0006
