-1.5706 -9.1554 2.1452 0.0669 -0.0703 -0.1368
-0.6129 -8.6574 1.6089 -0.0609 0.5358 -0.4457
-2.4517 -9.232 2.49 0.0755 0.3355 0.0901
-0.8045 -10.0748 2.7198 0.379 -0.4507 -0.3626
-0.3831 -9.6534 2.2601 -0.4316 1.0375 -0.1379
0.8051 -8.925 2.3361 -0.127 -0.2227 0.0422
-0.1909 -9.1165 2.9491 0.542 0.7307 -0.2423
-0.2292 -11.9129 2.1446 -0.5467 -0.3196 0.5972
0.0772 -14.0582 3.8301 0.0339 -0.9375 0.2467
1.7627 -13.5219 -0.0772 -1.5619 1.2026 -1.4279
-0.3442 -9.3847 0.6889 -1.1177 3.9659 -1.6623
0.498 -8.6574 2.873 -0.5456 -0.5689 -1.9019
-0.8811 -5.5162 0.1915 -0.3091 -0.7905 -1.5493
1.5323 -4.367 -0.1532 0.3161 -0.7842 0.0752
12.2583 -13.3309 -2.6049 0.5973 0.8446 1.3663
-0.4208 -10.802 0.8039 1.2152 0.5186 1.3961
-1.4551 -9.0399 2.1063 0.3821 -0.2409 1.0361
1.8387 -9.845 2.988 -0.0483 -0.4007 0.7602
2.6821 -8.8867 -0.0772 0.4376 -0.618 0.4821
1.2647 -9.423 2.0297 0.1041 0.3003 0.1849
0.422 -13.1771 4.941 0.3033 -0.9801 0.872
3.4099 -13.7134 -4.4442 -2.3651 -0.8342 -0.6215
-2.0297 -9.7677 4.06 -0.3326 0.9309 -1.2905
-0.9954 -8.427 3.6386 -0.2612 -0.358 -1.9957
-0.4208 -3.6386 0.6123 -0.3188 -1.2028 -1.4833
5.287 -4.4047 -5.287 1.3675 2.5022 0.4608
-1.3791 -7.8147 1.1109 1.5785 0.4409 1.655
0.996 -11.224 2.4134 0.4642 -0.9791 1.0126
0.3837 -9.1548 1.4168 -0.1004 -0.8172 1.2832
2.1841 -8.427 0.6889 0.51 -2.0806 1.3365
1.3791 -9.845 0.4597 -0.1697 -1.2731 0.5674
0.7661 -10.726 2.4517 -0.0397 -0.5242 0.3841
4.8656 -9.4996 2.9491 -2.6219 -0.1439 -2.6561
-3.1789 -10.8403 8.0822 -1.1763 0.4878 -0.5416
-0.996 -8.4276 3.3327 1.7201 0.0414 -1.4321
-3.7158 -5.5929 1.1875 0.5185 -3.0734 0.301
6.4362 -14.1348 -0.7667 1.049 -1.6364 -0.8867
1.2258 -8.0445 1.2258 0.1584 -0.9812 2.748
-5.5929 -7.0102 1.6089 -0.3625 -0.0523 0.8475
-2.49 -10.3813 3.5243 0.33 -2.8082 0.072
1.3791 -8.5425 1.3024 0.9329 -0.831 0.7921
0.7667 -9.7294 1.3018 0.3981 -1.7152 0.773
-0.1526 -9.6145 2.3361 -0.0258 -0.7841 0.4715
-2.8341 -11.1851 -1.1881 -0.0001 1.4477 0.2552
8.849 -13.2926 -1.4557 -2.7858 1.5404 -4.2104
-1.3024 -14.212 6.7038 -1.6406 -1.7758 1.4931
-2.2601 -8.1211 6.8187 1.8918 0.9076 -2.7403
-3.8301 -7.1629 0.0377 -0.1887 -1.6831 -2.0521
1.1498 -5.7455 0.6889 0.0883 -1.8994 -1.4918
2.6438 -4.9027 0.8039 1.4646 -1.1473 0.3799
-2.9491 -8.2738 -3.3333 1.2046 -0.1034 2.3389
-3.4854 -14.0965 1.6083 1.5125 0.2865 0.3745
1.7244 -8.6185 1.9148 -0.1174 -0.881 1.0382
2.1841 -8.5419 1.4551 0.1447 -0.8831 1.0222
1.5706 -8.4276 0.4214 0.5186 -1.6459 0.252
-0.8045 -9.347 1.3408 0.2086 1.7459 0.0422
-0.9577 -15.1314 2.6432 -0.1643 -0.1993 0.8102
2.9886 -12.8323 -6.781 -1.4927 -0.5913 -0.4201
0.3071 -10.4573 7.7375 -0.8578 -0.1886 -1.1648
0.0766 -10.343 -2.9497 -0.2804 -0.6382 -1.7794
-1.1109 -7.0102 -0.8045 -0.6277 -0.5892 -1.6111
0.1538 -2.7958 -0.0772 0.2959 -0.4092 -0.3839
11.6843 -16.8929 3.945 0.9372 2.3264 0.8891
-2.7192 -10.6871 -0.9583 1.4314 1.0715 1.6433
-0.6512 -9.5768 1.4557 0.6911 -0.3239 1.0819
2.414 -9.5379 1.7615 -0.2378 -0.2856 0.5141
2.6821 -8.5802 0.4974 0.4653 -1.0952 0.66
1.801 -9.4613 1.8381 0.1606 -0.4699 0.0432
-1.4551 -13.6751 2.068 0.0211 -0.652 0.7229
1.6861 -14.5945 -5.1721 -1.024 0.7019 -0.4084
-1.1486 -9.1165 4.941 -1.1007 1.9387 -1.1765
2.2601 -11.3006 -1.992 -0.4274 0.7701 -1.8902
-1.4174 -7.355 0.0766 -0.6011 -0.5647 -1.7517
0.3071 -4.3281 -0.3454 -0.0855 -0.5999 -0.6907
3.6015 -4.1366 -1.9926 1.1087 1.6692 -0.0207
-0.7655 -7.6608 -0.2687 1.0363 -0.2046 1.3343
-0.1526 -9.7677 0.1909 0.4589 -0.1609 1.0616
-0.6123 -8.3887 2.3744 1.0959 -0.5327 0.6558
3.4866 -8.7718 1.6849 -0.1536 0.066 0.6845
1.7621 -9.1171 0.6512 0.232 -0.863 0.6238
0.3831 -9.2703 0.7278 -0.0013 0.1373 0.1945
0.3831 -9.3853 1.8004 -0.1846 -0.5381 0.1839
-2.873 -8.9256 2.3367 -0.1558 0.6369 -0.0569
-0.5363 -9.5385 1.494 0.1606 -0.4113 0.2765
-1.4174 -9.1937 1.4174 0.0497 0.5719 0.137
-1.7238 -9.7683 1.4174 0.1275 -0.079 0.1583
-1.1492 -9.5768 1.4557 -0.1473 0.5037 -0.1208
-1.0343 -8.9256 1.5706 -0.1676 0.2384 -0.0239
-0.8811 -9.347 1.6472 0.0039 -0.1269 0.0198
-1.4934 -9.2314 1.5317 -0.3551 0.1958 0.0007
-0.9194 -9.1554 0.5363 0.2222 -0.1323 0.0294
-1.8387 -9.1554 1.3024 -0.0792 0.0403 0.0465
-0.8045 -9.4236 1.494 0.0944 -0.1281 0.0273
-0.8811 -9.5385 1.2641 -0.0228 0.1425 -0.0356
-1.072 -9.3081 1.5317 -0.0248 0.0404 0.0006
-1.2252 -9.423 1.4551 0.0562 0.0127 -0.01
-1.0337 -9.4613 1.3402 -0.0013 -0.0992 -0.0068
-1.3408 -9.2703 1.4557 -0.028 0.1511 -0.0366
-0.9954 -9.3847 1.4168 0.0402 -0.0502 0.039
-1.0337 -9.4996 1.2635 0.0029 0.0201 -0.0047
-1.1103 -9.3847 1.3785 -0.0536 0.0883 -0.0079
-1.1109 -9.4236 1.2641 0.0327 -0.0278 -0.0057
-1.1869 -9.3464 1.3402 -0.0365 0.0425 -0.0324
-1.1486 -9.3847 1.4551 0.0146 -0.0491 0.0145
-1.1486 -9.3081 1.3018 0.0104 -0.015 0.0081
-1.1869 -9.3847 1.3018 -0.0088 0.0308 -0.0228
-1.2635 -9.2698 1.4168 0.0029 0.0446 -0.0036
-1.1486 -9.3464 1.3785 0.02 0.0127 0.0102
-0.8422 -9.3464 1.4168 -0.012 -0.0811 0.0028
-1.1869 -9.3847 1.4168 0.0211 -0.0917 0.0262
-1.1869 -9.3847 1.3402 0.0051 -0.1162 0.0198
-1.2252 -9.3081 1.5317 -0.0077 0.034 0.0337
-0.9571 -9.423 1.4551 0.0402 -0.1322 0.056
-1.2258 -9.5002 1.5323 0.0456 -0.0725 0.0209
-1.1875 -9.4236 1.3791 -0.0279 -0.0448 -0.0047
-1.4551 -9.3081 1.7232 0.0083 0.0606 -0.0026
-1.1492 -9.4236 1.4557 -0.013 0.0468 0.0038
-1.0726 -9.347 1.4557 0.0083 -0.0906 0.007
-1.3791 -9.3087 1.4174 -0.0056 0.0287 -0.0132
-1.4934 -9.2698 1.57 0.004 0.018 0.007
-1.1869 -9.3081 1.4934 -0.0088 0.0947 -0.0292
-1.2252 -9.2698 1.6083 -0.0173 0.0617 -0.0132
-1.1486 -9.3847 1.4551 0.0136 0.0425 -0.0068
-1.1486 -9.3464 1.4934 -0.0056 -0.0054 -0.0058
-1.1869 -9.3847 1.57 -0.0088 -0.0086 -0.0068
-1.1875 -9.3853 1.494 0.0029 0.0191 0.0017
-1.072 -9.3464 1.4168 0.0029 -0.0214 0.006
-1.1103 -9.3847 1.3785 0.0125 -0.0438 0.0038
-1.2635 -9.423 1.4168 -0.0109 -0.0129 0.0017
-1.1869 -9.2698 1.4934 0.0083 -0.0022 0.0006
-1.1486 -9.423 1.3785 -0.0098 -0.0043 -0.0026
-1.1486 -9.3847 1.4934 0.0094 -0.032 -0.0004
-1.1869 -9.3847 1.4168 -0.0034 0.0127 -0.0015
-1.1103 -9.3081 1.4551 -0.0034 0.001 0.0028
-1.1486 -9.3464 1.4168 0.004 -0.0182 0.0038
-1.1486 -9.423 1.3785 0.0104 0.0052 0.0017
-1.1869 -9.3464 1.4168 0.0072 0.002 0.0028
-1.072 -9.423 1.3785 -0.012 -0.0449 0.0081
-1.3024 -9.347 1.5323 0.0221 -0.0022 -0.0058
-1.2252 -9.3464 1.4934 -0.0003 0.0361 -0.0058
-1.2258 -9.4236 1.494 0.0136 0.0223 -0.01
-1.2258 -9.3853 1.4557 -0.0099 0.0393 -0.0111
-1.1492 -9.3853 1.5706 0.0072 0.0201 -0.0143
-1.1109 -9.347 1.5706 -0.0013 0.0105 -0.0058
-1.1486 -9.3847 1.5317 -0.0003 0.002 -0.0026
-1.1869 -9.4613 1.4934 0.0008 -0.0225 -0.0026
-1.1869 -9.3081 1.5317 0.004 0.002 0.0028
