1.2647 -8.6185 3.1406 -0.0209 -0.2205 0.1259
0.9966 -8.9633 3.1789 0.2252 -0.0064 0.0769
1.3408 -8.9256 3.0263 0.1634 0.0426 0.1163
0.8045 -9.0022 3.3327 0.1858 0.0586 -0.1063
-0.6889 -9.7294 3.3704 -0.5748 -0.4772 -0.0616
-1.2635 -8.9633 6.2818 -0.1615 1.1516 0.0343
1.6095 -8.0822 3.4087 0.1155 -1.8024 0.47
2.5672 -6.3201 3.562 -0.0284 0.9033 -0.5516
1.0349 -7.2778 5.2092 0.2741 -0.4815 -0.378
3.1418 -13.2537 10.7637 0.5383 -0.9428 -0.835
1.5712 -16.2417 4.2132 2.9959 0.3707 0.8513
1.801 -5.8987 1.6466 -0.0071 -0.8842 0.3965
-2.7575 -2.6809 2.8724 -1.8297 2.3116 0.1919
0.6518 -7.3161 4.9027 -2.993 -1.7097 0.781
5.7844 -2.4134 4.7884 0.0867 -0.0319 0.1248
-1.3785 -4.06 2.9491 2.0585 3.6698 -0.9479
-3.0257 -5.7455 1.6083 -0.4811 -1.5254 0.5286
2.9503 -5.439 6.2818 -2.1004 -5.3232 -0.8882
1.8387 -5.0949 0.2682 0.5713 3.5824 -0.8211
2.7204 -12.2194 11.6831 0.7822 0.1086 -1.4688
-1.9148 -17.6973 2.8341 3.357 0.9779 -0.0818
1.6855 -8.2744 2.9497 -1.1896 -1.4126 0.7427
0.5363 -0.9194 0.3065 -1.6753 1.9174 0.4806
3.4477 -8.3127 7.6231 -0.3799 -0.8618 -0.2097
1.801 -18.9615 7.1629 3.651 1.4328 -0.8872
-3.9067 -9.1165 1.6849 -1.3131 2.1177 0.127
-3.1412 -5.5162 3.6009 -2.9291 1.8099 0.0535
5.9765 -4.1366 6.435 -0.3896 -7.2503 0.5115
1.1115 -8.6185 -1.1115 0.3337 5.0493 -0.6123
-4.5586 -7.6614 6.5122 -0.3129 1.552 -1.08
4.0989 -11.9519 2.0686 1.4128 -0.0917 -0.1138
2.4134 -7.9296 1.3408 0.7002 1.8471 0.682
0.498 -1.1492 0.996 -1.8352 0.4196 0.0652
0.6135 -6.1286 5.7455 -4.1809 -1.4595 0.3315
1.7244 -5.3624 2.4511 0.3103 0.0329 -0.2895
0.3454 -8.5036 5.1326 1.2051 2.7653 -0.5218
-2.5666 -6.6655 0.6512 -0.5441 1.112 0.7299
0.5752 -4.4813 4.2515 -2.2357 -2.1583 -0.3194
4.9039 -5.1709 5.3624 -0.7017 -2.3874 -0.2288
-0.0383 -7.6998 4.4436 1.3436 2.0527 -0.379
-0.3831 -13.9821 3.6392 2.9234 -0.2409 0.2047
1.4946 -6.8181 1.0337 0.1388 0.6071 0.5563
0.1538 -2.2978 1.6849 -2.3103 0.116 0.3059
2.2984 -8.5042 7.1635 -1.0969 -1.1218 0.0268
0.9194 -2.5283 3.2561 0.11 0.7254 0.1973
-0.8039 -8.7334 1.4168 1.2062 1.9344 -0.379
-2.2595 -9.1931 2.7192 -1.2706 0.3312 -0.1255
-0.3442 -4.9027 3.9067 -1.376 -0.978 0.3347
3.3327 -6.0525 6.5505 0.1516 -3.4249 -0.3258
0.2682 -6.2058 1.8004 0.4094 2.6247 -0.3875
-0.5363 -12.1434 8.4276 2.1287 -2.4417 0.2665
1.2647 -11.2234 2.1446 1.0432 0.2524 0.3049
0.0383 -5.4779 1.1875 -0.2639 0.3397 0.5403
-0.3831 -3.9456 2.2601 -2.5436 -0.0118 0.3592
3.5626 -7.8913 5.7461 -0.3331 0.5464 0.4444
2.5672 -6.2052 3.3321 0.8195 -1.6427 0.1696
-2.2978 -6.5116 1.4168 2.2927 4.409 -0.7369
-4.367 -8.6574 0.5363 -0.6868 0.5027 1.1922
-1.4174 -9.0405 3.4093 -1.538 -1.2603 -0.7828
3.1412 -7.8147 3.1412 -0.1797 -1.1751 -0.0829
-0.6506 -9.1931 1.7615 -0.2362 2.3925 -0.3833
-1.9154 -9.9599 1.5706 -0.8285 -0.7564 0.3006
-0.4974 -7.8907 1.4934 -0.0307 -1.0729 0.0066
0.3837 -9.0782 1.4551 0.4167 0.4238 -0.0094
0.498 -10.2274 1.4557 0.6586 0.264 -0.0712
0.1155 -9.423 1.7998 0.0982 -0.3389 0.0215
0.6901 -9.2698 2.1063 -0.5409 -0.6084 0.0716
0.3071 -9.1931 1.8765 -0.1275 0.1853 -0.0765
-0.2292 -9.423 1.6083 0.3124 0.0052 -0.0467
0.1155 -9.5379 1.5317 0.24 0.2289 -0.0626
0.4986 -9.3464 1.5317 -0.1169 0.083 -0.0818
0.3837 -9.1931 1.9531 -0.2223 0.002 -0.0531
0.498 -9.4619 1.8771 0.1281 0.0947 -0.0222
0.4597 -9.3087 1.6472 -0.1126 -0.0171 0.0119
0.6895 -9.347 1.992 -0.1009 -0.1354 0.0023
0.6901 -9.2698 1.9148 0.0823 0.0617 -0.0594
0.1155 -9.4996 1.7615 0.1419 0.0531 -0.0094
0.498 -9.3853 1.5706 -0.1372 0.1586 -0.0317
0.5746 -9.1554 1.9537 -0.1137 0.002 -0.0328
0.2687 -9.2698 1.8381 0.0471 0.181 0.0034
0.7284 -9.3464 1.5317 0.0205 0.1288 -0.0232
0.5369 -9.4613 1.7998 -0.003 0.0254 -0.0094
0.4214 -9.2703 1.6089 -0.0424 0.1266 -0.0285
0.5369 -9.3464 1.6849 0.0119 0.0542 -0.0296
0.422 -9.3464 1.7232 0.0034 0.003 0.0098
0.5752 -9.3464 1.7615 -0.052 -0.0289 0.0034
0.4986 -9.3847 1.6466 0.0013 -0.03 0.0034
0.3837 -9.3464 1.7998 0.0215 -0.0779 0.0247
0.3071 -9.3847 1.6083 -0.0467 0.0307 0.0194
0.3071 -9.1931 1.6083 -0.0019 0.1106 -0.0179
0.3454 -9.3464 1.7232 -0.0073 -0.0438 0.0215
0.8045 -9.3087 1.6855 -0.0094 -0.0183 0.0141
0.2687 -9.2698 1.7615 0.029 -0.0726 0.013
0.4597 -9.4236 1.6089 0.029 0.1426 -0.0488
0.6129 -9.3853 1.6472 -0.0211 -0.0513 0.0141
0.6512 -9.2703 1.8004 -0.0871 -0.1535 -0.0083
0.3454 -9.3081 1.7232 0.0578 -0.0907 0.0119
