-1.8004 -9.1937 1.3408 0.0784 0.2298 -0.0292
-1.2252 -9.3847 1.7232 0.1242 0.021 -0.0505
-0.9571 -8.9633 1.7615 0.0912 0.1499 -0.0931
-1.3408 -10.0365 2.4134 0.0624 0.2618 -0.0025
-0.8428 -9.2703 2.5666 -0.0367 -0.257 -0.0952
0.0766 -9.3087 2.0686 0.1413 -0.845 -0.1432
0.422 -9.2314 2.9874 -0.0121 1.6627 -0.2816
0.1921 -9.3464 1.57 0.1413 -0.5935 0.218
-1.7232 -11.9129 6.1669 0.4492 2.0227 0.398
1.1115 -15.4755 -12.4888 -1.3937 0.4163 -0.2923
1.5329 -9.5762 5.9753 -1.9711 1.2898 -1.5898
0.3837 -11.4533 0.3442 -1.039 6.0345 -2.7967
-0.8805 -5.2858 -1.3414 -0.3977 -0.8482 -2.0564
-0.8422 -1.6849 -0.1538 0.463 -0.878 0.0827
0.0772 -14.5561 -0.5369 1.2332 0.0999 2.1876
-0.3059 -12.0279 1.4934 0.8529 -0.6106 1.0798
-0.3831 -9.6151 2.1069 0.463 -0.7938 1.0627
2.6438 -7.2012 0.2676 0.1349 -0.1376 0.6569
3.7164 -8.6951 -0.0006 0.3938 -0.6851 -0.0558
-2.5277 -14.5945 4.7495 0.4428 1.0725 0.8007
4.1378 -14.6328 -3.3716 -2.7903 -0.7747 -0.6502
0.8434 -9.3847 7.2012 -0.6523 0.869 -1.6995
-0.3825 -9.7294 -0.3837 -0.0622 -1.3946 -2.0766
-2.9108 -2.9491 0.1909 -0.3189 -1.2338 -1.6058
-0.4974 -1.3402 -1.1115 1.2225 0.3471 1.0446
1.5329 -13.6751 -0.92 0.9381 -0.8258 2.373
-0.8422 -11.415 1.3785 1.1628 0.314 1.2236
2.6438 -9.3847 1.7998 -0.091 -1.0836 1.1671
2.0303 -8.5808 0.498 -0.0846 -2.6922 0.9594
0.4214 -10.4579 1.6472 0.4757 -0.0983 0.594
5.8616 -14.0965 -6.781 -1.7762 5.9013 -0.9709
-2.068 -16.5098 3.7918 -1.6718 -5.3287 -0.1027
-0.2292 -7.1245 5.0176 0.8497 -0.2516 -1.6015
-3.0257 -7.4693 1.3402 0.7666 -3.7415 -0.4926
-0.4591 -9.6911 -2.797 0.5034 -1.9976 0.871
10.7266 -9.6528 1.8765 0.7582 -0.5115 -0.4723
-3.9073 -5.6695 -0.5746 0.1872 -1.7632 0.6398
0.8434 -10.6871 2.9491 0.2117 -4.3592 0.4363
0.1155 -7.7375 0.4591 1.6264 0.1799 0.5983
-0.8805 -9.0782 1.6849 1.2716 -2.5792 1.2438
1.1881 -10.8787 1.072 0.0038 -0.4722 0.4587
7.279 -15.0158 -1.418 -2.0468 3.1327 -2.1597
0.422 -18.8083 4.443 -1.8753 -6.7338 1.1938
-1.57 -5.4773 12.1811 2.128 -3.0309 -1.9946
2.4134 -10.5345 1.9154 -0.0356 -3.1044 -2.1917
0.7661 -3.4093 -0.2682 0.3076 -1.842 -1.1008
3.4093 -2.7964 -0.6512 1.2109 0.8947 0.0688
-2.4511 -9.423 0.4591 1.7797 0.8403 2.1695
2.9497 -12.3349 2.0686 0.0146 -0.4753 0.8997
0.3065 -9.5002 1.5323 0.0604 -0.8705 1.1852
3.6775 -6.4739 1.6089 1.4132 -3.7926 0.7645
-0.3448 -9.4236 1.6089 0.5823 1.5859 0.5663
4.0229 -13.1388 0.1143 -0.0217 -1.5566 0.6814
1.7627 -13.6368 -1.303 -1.3778 0.314 -1.0188
-3.0263 -9.232 4.5969 -1.0327 2.8685 -1.5759
-1.4557 -8.1211 2.0303 -0.5501 -0.3677 -2.1437
-1.1486 -4.443 -0.3071 -0.4371 -0.7448 -1.7155
-0.6506 -1.7998 -0.1538 0.6825 -0.3912 0.1285
2.9119 -15.5521 -0.6901 0.1935 -1.0857 1.85
0.3454 -11.8363 2.6809 0.7666 -0.0172 1.0521
1.303 -9.0782 3.1023 0.3692 -1.0687 0.6665
3.5626 -8.7724 0.0383 0.579 -0.1952 0.8071
0.498 -8.8873 0.6895 0.0091 -1.3873 0.3895
-0.2298 -9.1937 1.6089 -0.2583 0.9595 0.48
1.1492 -12.6414 4.2904 0.3287 -0.8823 0.5024
2.1841 -14.0965 -8.6197 -1.6995 -0.0673 -0.3786
0.1155 -9.1165 6.0903 -0.7162 0.3598 -0.9847
0.5752 -9.1165 -0.9583 -0.3775 -0.4466 -1.7453
0.4986 -7.3544 -0.1155 -0.5597 -0.4966 -1.8689
1.4557 -5.1715 -0.5363 0.0625 -0.6074 -1.0476
-0.3448 -1.6472 -1.4557 1.1724 -0.0397 1.0819
0.1155 -5.8604 -0.422 0.7112 0.1755 1.2854
0.9194 -11.5688 1.1875 0.8955 0.3982 0.9498
2.6432 -9.9982 1.5706 0.6313 -0.0461 0.7517
0.0383 -7.9296 1.9154 0.5919 -1.1795 1.0084
2.6049 -9.4619 1.3408 0.0347 -0.4616 0.6654
2.988 -9.1937 1.0343 -0.221 -1.5087 0.5269
-0.5363 -9.845 2.7198 -0.4436 -0.1026 0.023
-1.8771 -8.0062 1.992 0.2477 -0.0855 0.2073
-0.3442 -9.423 0.9571 0.3713 -0.8259 0.267
-0.9194 -9.8833 1.2641 0.0304 0.0381 0.0443
-0.2676 -9.5379 1.9531 0.0997 0.0359 0.186
-0.3825 -9.6911 1.6083 0.0943 -0.1824 0.0657
-1.5317 -9.5379 1.4551 0.008 0.0359 -0.0025
-1.1486 -9.1548 2.1446 -0.1081 0.2639 0.0071
-0.9188 -9.3847 1.6849 0.0688 0.2458 -0.0398
-0.9571 -9.6145 1.4551 -0.0047 0.3023 -0.0622
-0.8428 -9.5768 1.7238 -0.0995 0.3204 -0.0718
-0.6512 -9.4619 1.8387 -0.0569 0.2288 -0.0324
-0.6123 -9.423 1.4934 -0.0153 0.1745 -0.0292
-0.6506 -9.3847 1.57 -0.0751 0.2308 -0.0377
-0.6512 -9.4236 1.494 0.0165 0.1818 -0.0132
-0.7272 -9.4996 1.3018 -0.0197 0.3309 -0.0686
-0.7272 -9.1931 1.3402 -0.1188 0.3437 -0.0845
-0.574 -9.1931 1.3785 -0.089 0.2383 -0.0089
-0.0377 -9.0399 1.3402 -0.09 0.1754 -0.0419
-1.3785 -9.423 0.9188 0.1135 -0.1409 0.0316
-0.498 -9.3853 1.1492 -0.0005 -0.3433 0.0476
-0.4208 -9.4613 1.2635 0.0485 -0.1995 0.0167
-0.8039 -9.3464 1.1486 -0.0271 0.0593 -0.0036
-0.7655 -9.3847 1.3018 -0.0016 -0.0067 0.0071
-0.6895 -9.6534 1.1875 0.0134 -0.028 -0.0238
-0.8805 -9.3847 1.3018 -0.0388 0.0775 -0.01
-0.6889 -9.4996 1.2252 0.0166 0.0242 0.0103
-0.7272 -9.423 1.072 0.0123 0.0338 -0.0004
-0.7661 -9.5002 1.1875 -0.0068 0.0455 -0.011
-0.8045 -9.4619 1.1492 0.0027 -0.0163 -0.0004
-0.6895 -9.3853 1.2258 -0.0016 -0.0046 0.0017
-0.6512 -9.5385 1.1875 0.0346 0.0157 -0.0036
-0.7272 -9.4613 1.072 -0.0303 0.0348 -0.0089
-0.6889 -9.3847 1.2635 0.0016 0.0348 -0.0015
-0.7278 -9.4619 1.0726 -0.0047 -0.0024 -0.0057
-0.7272 -9.423 1.2252 -0.0292 -0.0077 -0.0057
-0.6889 -9.5379 1.1486 0.0209 -0.0109 0.006
-0.6506 -9.423 0.9954 -0.0026 -0.0205 0.006
-0.6506 -9.3847 1.2252 0.0177 -0.0311 0.0124
-0.6506 -9.4613 1.072 0.0027 -0.0141 0.0071
-0.7272 -9.4613 1.1486 -0.0111 0.0008 0.0039
-0.6889 -9.3847 1.1869 0.0006 0.0274 0.0039
-0.6889 -9.423 1.1869 0.0166 -0.0237 0.0167
-0.7655 -9.423 1.1103 -0.0111 0.0189 0.0049
-0.7272 -9.423 1.1486 0.0134 0.0008 0.0102
-0.8428 -9.4236 1.0726 0.0017 0.003 0.0113
-0.7661 -9.4619 1.1109 -0.0111 0.0147 0.0039
-0.7661 -9.4236 1.0726 -0.0015 -0.0162 0.0028
-0.8805 -9.3847 1.1486 0.0284 -0.1025 0.0273
-0.8039 -9.3081 1.1869 0.0049 -0.0248 0.0156
-0.8805 -9.4996 1.1103 0.0155 -0.0099 0.0092
-0.9188 -9.4613 1.072 -0.01 -0.0152 0.0049
-0.8039 -9.423 1.1486 0.0187 -0.0301 0.0049
-0.8805 -9.423 1.1486 -0.01 0.0093 -0.0068
-0.8039 -9.423 1.2635 0.0133 0.0018 0.0081
-0.8039 -9.3847 1.1486 0.024 -0.0483 0.0049
-0.9188 -9.3847 1.2252 -0.0133 0.0178 -0.0014
-0.6889 -9.4613 1.1486 0.0218 0.0039 -0.0014
-0.8811 -9.3087 1.1875 -0.0048 0.021 -0.0046
-0.7661 -9.4619 1.2258 0.0017 0.0242 -0.0078
-0.7272 -9.423 1.1869 -0.0037 -0.045 0.0039
-0.9571 -9.423 1.3018 0.0134 -0.0322 0.0007
-0.8805 -9.4613 1.1869 -0.0058 0.0349 -0.0089
-0.7655 -9.423 1.1486 -0.0165 -0.0141 0.0028
-0.9571 -9.3464 1.3018 -0.0069 -0.0046 -0.0068
-0.8422 -9.4613 1.1486 0.0048 0.0295 -0.01
-0.8422 -9.4996 1.1486 -0.0356 0.0498 -0.0206
-0.8045 -9.347 1.2641 -0.0026 0.0167 -0.0078
-0.8039 -9.423 1.072 0.007 0.0242 -0.0185
