0.5363 -9.5768 1.8771 0.0839 -0.2486 0.0756
1.1881 -8.8867 1.9914 0.9371 -0.0058 -0.1215
-1.8381 -10.1508 1.8381 0.5025 1.4281 0.6743
-5.3624 -9.3081 4.2515 1.5678 -3.1547 1.6948
-2.9874 -7.3544 2.566 0.756 0.0475 0.201
-3.1023 -7.0862 4.7878 -0.1718 0.2808 -0.3466
-3.6009 -7.6998 4.8267 -0.2624 0.2286 -0.713
-4.5586 -11.6454 4.5969 -1.1678 -0.3658 -0.1793
0.8051 -8.2738 2.2212 -1.3798 -1.3789 -1.1231
0.6135 -10.0742 1.9148 -1.0432 0.1647 -0.9417
-1.2252 -8.1205 4.2132 0.3182 -0.7323 -0.5987
1.2647 -6.4733 -5.5935 0.8754 4.0923 -0.6584
-2.4128 -8.2738 6.5882 -0.4711 0.3522 -0.8416
0.0772 -13.292 2.1063 0.4407 1.3035 -0.1758
2.0692 -10.0359 1.4934 0.6452 0.3692 0.3767
-2.068 -11.415 -0.9583 1.0234 0.8315 1.1021
0.1149 -5.1715 4.8267 1.0405 0.3042 0.7261
0.2682 -5.8227 2.7964 -0.0301 0.3979 0.0614
-3.3704 -10.4956 5.1326 -0.4413 -0.8048 -0.6076
0.92 -9.4996 2.0297 -1.1689 -1.7773 -1.0934
0.7667 -8.7718 2.1063 -1.0997 -0.3126 -0.9347
-1.3018 -6.5116 4.2132 0.3459 -2.1331 -0.6534
0.0006 -8.1971 -1.4563 0.3331 2.8534 -0.4042
-2.5277 -9.2698 5.056 -0.567 -0.0069 -0.4446
0.4603 -9.3847 1.4551 -0.0674 1.378 0.3071
2.0303 -11.6071 2.1452 0.5771 0.3724 0.2677
-3.2178 -11.4922 1.7621 0.4152 0.2786 1.1657
0.8428 -7.0102 2.375 0.8849 1.6954 0.5148
0.0389 -6.3967 2.068 0.2479 0.2776 0.0876
-1.8771 -7.2784 5.3247 -0.632 0.1178 -0.7039
-5.5929 -18.5024 3.7541 -0.7204 -0.2305 1.0091
-0.6129 -11.3772 2.0686 -1.105 -0.042 -0.347
0.3065 -9.3087 2.49 -1.1178 -0.7695 -0.9457
-0.3831 -7.3933 4.7118 0.5568 -2.8521 -0.7593
-0.7661 -11.6454 0.4214 -0.7172 -2.3674 -0.4703
0.4986 -10.2274 4.7112 0.0785 0.4534 -0.4597
0.7284 -15.0158 3.9067 0.0732 1.1501 0.5737
0.422 -8.1971 1.4168 1.1928 1.8521 -0.1326
-0.9954 -9.0016 1.7232 1.4996 -0.7589 0.7026
-2.068 -4.7878 4.1749 0.4588 -0.1506 0.4615
-0.8805 -6.8181 5.7072 -0.5755 0.0347 -0.3481
-7.1245 -18.0421 4.0217 -0.4232 0.2733 1.073
-0.3831 -8.0445 2.1069 -1.399 -1.8785 -1.2355
2.1452 -8.5808 2.8347 -1.0901 -0.4649 -0.7167
-1.6083 -6.8947 4.9027 0.9371 -2.3046 -0.7667
-0.7661 -4.367 2.7581 1.0724 1.3205 -0.5793
0.1915 -8.1977 3.3327 -0.4104 0.4907 -0.6187
0.4597 -10.9176 3.6775 -0.0003 0.627 0.0887
2.2984 -12.1817 1.9537 0.364 0.6046 -0.0093
-3.371 -10.726 3.869 1.2503 -0.0089 1.4554
0.6901 -6.8181 1.57 1.2013 1.165 1.1369
0.0389 -5.937 2.4128 0.5345 0.0422 0.4413
-2.1063 -8.0822 5.2475 -0.3316 0.039 -0.6133
-6.6649 -18.0421 3.8684 -1.1391 0.6291 0.9931
-0.574 -10.0359 1.7232 -1.6642 -0.6726 -0.7039
0.1155 -8.3887 2.3361 -0.9452 -0.6684 -0.8051
-0.1526 -6.2818 3.8301 0.6378 -2.1438 -0.576
-0.6506 -7.7758 -1.2264 0.1169 2.3516 -0.5185
-1.4174 -8.7724 3.9456 -0.3561 -0.3254 -0.2714
1.0349 -9.3081 4.2898 -0.306 -0.1677 -0.3638
0.1915 -10.8793 2.375 -0.2134 0.0549 -0.4469
0.5752 -9.9976 1.8765 0.2351 1.5111 0.3979
0.3065 -9.7683 1.2641 0.7443 -0.1187 0.2892
0.1149 -8.0445 0.0383 0.4759 1.3865 0.0165
1.494 -7.1251 1.2641 -1.2914 -0.6099 -0.0609
-1.7998 -9.1548 1.6083 -0.2357 1.9063 -0.3731
0.3454 -10.1508 -1.2264 -0.567 -0.1081 -0.2772
-1.1492 -8.5042 2.1069 0.233 0.0666 -0.1749
-0.3831 -9.4619 0.0383 -0.0195 0.2519 -0.2676
-0.1149 -9.6534 1.5706 0.1627 0.0922 -0.1551
-0.2292 -9.4996 1.1869 0.0476 -0.0005 -0.1444
-0.4597 -9.5768 1.1492 -0.0088 0.0326 -0.1945
-0.5363 -9.6917 0.9577 -0.077 0.0144 -0.2211
-0.4208 -9.3464 1.1103 -0.0291 -0.0409 -0.2211
-0.8805 -9.423 1.1486 0.0082 -0.0463 -0.1733
-0.5746 -9.5002 0.996 -0.0387 -0.0421 -0.1498
-0.4214 -9.3853 0.8045 -0.0259 0.0741 -0.1914
-0.2298 -9.4619 1.0726 -0.0227 -0.0165 -0.1573
-0.2298 -9.6151 0.7661 -0.0451 -0.0218 -0.1583
-0.4597 -9.5385 0.8428 -0.0152 -0.0761 -0.1351
-0.5357 -9.4613 0.8805 -0.0291 -0.0293 -0.1756
-0.4974 -9.3847 1.1103 0.0231 -0.0058 -0.15
-0.4591 -9.4996 0.6889 -0.0642 0.0102 -0.1383
-0.2676 -9.5379 0.7272 -0.0099 0.0421 -0.1628
-0.4208 -9.4613 0.9188 -0.0237 -0.008 -0.1415
-0.4208 -9.4996 0.8039 0.0072 0.0006 -0.1461
-0.4974 -9.423 0.9571 -0.0046 0.0027 -0.1472
-0.5357 -9.3847 1.0337 -0.0078 -0.0367 -0.128
-0.574 -9.4613 0.8039 -0.0035 -0.0239 -0.1312
-0.574 -9.4996 0.7655 0.0008 -0.0186 -0.1323
-0.574 -9.3081 0.9571 0.0071 -0.0122 -0.1453
-0.6129 -9.5385 0.9577 0.0146 -0.0357 -0.1431
-0.4974 -9.4996 0.8805 -0.0259 -0.025 -0.158
-0.6123 -9.4613 0.9188 -0.0046 -0.0303 -0.1517
-0.6506 -9.3847 1.0337 0.0103 -0.008 -0.1527
-0.6512 -9.4619 0.9577 -0.0014 0.0049 -0.1491
-0.5746 -9.5002 0.9577 0.0008 -0.0068 -0.1544
-0.6895 -9.3853 0.996 -0.0099 0.0028 -0.1587
