0.7278 -9.4236 1.8004 0.0287 0.2074 0.0982
0.3448 -8.734 2.6049 0.2812 0.071 0.1036
1.2641 -8.6568 2.6815 -0.1055 0.4108 0.0168
-0.4597 -9.3087 2.9113 -0.1833 0.837 0.3002
0.5363 -9.5002 3.4093 -0.44 0.6591 -0.1025
2.6815 -8.9639 4.0223 0.082 -0.5213 -0.3326
-3.7541 -8.9639 0.3831 1.1803 1.0319 0.0765
1.6472 -12.3732 -0.7661 3.1915 -3.4017 -0.544
1.3024 -7.853 1.9154 -2.0421 1.3664 -0.7986
-0.6506 -5.7838 3.7535 0.5582 -0.5649 0.2091
2.4906 -10.2274 1.7232 0.0032 -1.3361 0.5713
2.4523 -13.0622 4.6729 0.1896 0.4162 -0.4545
0.0389 -9.8827 2.3744 1.5914 0.252 -0.0831
-1.4934 -6.6266 0.7272 -2.2361 1.8968 0.4187
-0.574 -8.2738 4.4813 0.2002 1.3791 0.1247
0.9966 -8.3121 1.1103 0.1 0.7687 0.3526
0.4986 -8.6951 3.0257 -0.2813 0.4395 0.4378
2.3756 -8.2355 4.8644 -0.1801 -0.2294 -0.6233
-4.5197 -15.2074 1.57 1.9888 1.2097 0.6635
4.3676 -8.5419 -3.793 -0.2611 -3.5786 0.0233
1.1881 -7.5459 7.6608 -0.0054 -0.0334 -0.4433
-0.1526 -7.2012 2.1446 0.867 -2.5485 1.112
2.414 -8.2355 4.4813 -1.3583 1.7168 -0.8033
1.4563 -10.4956 0.6123 2.548 1.7647 -1.0686
-0.4974 -9.8061 -1.3414 -2.4865 -0.6183 0.148
-2.1446 -8.2738 4.9027 -0.9248 0.6621 0.1043
4.291 -9.0016 -1.2264 2.3083 -1.6165 0.2875
-0.1143 -8.0439 6.2818 -0.0533 0.3075 0.425
3.6015 -9.7677 3.2555 -0.57 0.1264 0.0159
-2.0297 -8.5036 0.8039 -0.2504 0.8849 -1.5031
-0.6895 -14.8632 0.8045 4.1545 -4.1432 0.4942
2.9886 -7.0479 6.7415 -2.5748 1.9736 -1.3679
-2.2978 -6.435 2.4511 0.5795 0.2074 0.9001
5.5168 -11.798 -1.0732 -0.7702 0.5547 0.3536
3.5249 -11.7597 9.5762 -0.2642 -1.8443 -0.7202
0.4603 -9.4996 0.3825 3.0221 0.9137 -0.2589
-1.9914 -6.6649 0.076 -3.3151 2.9931 1.3304
-0.4208 -7.0096 4.5963 1.2219 -2.542 0.6556
1.3797 -8.2355 2.5277 -1.2826 0.6048 0.3723
0.0772 -9.4613 3.2555 -0.5901 1.1641 0.4372
2.5672 -8.0439 4.7112 -0.1427 -0.4243 -0.1359
-3.5626 -12.9095 0.5363 0.5454 1.4655 -0.6387
0.6895 -11.4156 -1.6472 2.9039 -3.7575 0.3157
3.9073 -7.7381 2.988 -2.318 1.6764 -1.3781
-2.873 -6.0525 3.1795 1.9121 -0.0227 0.9197
2.8736 -10.4573 2.5277 -2.2136 0.6676 0.5032
2.7204 -7.2395 9.1548 0.4442 -0.9015 -0.1776
0.2304 -7.3544 -7.2407 4.2654 2.5628 -1.5278
-0.3448 -10.228 0.1532 -1.9206 2.1527 1.4581
-1.7232 -8.6951 5.4007 0.636 0.6528 0.3183
4.9422 -10.7254 -4.7507 1.4808 0.4834 0.3332
1.0732 -8.2355 4.06 0.0214 0.5335 0.1692
1.0349 -9.5762 3.8684 -0.7808 0.8925 0.0313
1.2647 -7.1629 4.0983 -0.3099 0.6922 -0.2499
-0.7655 -17.3909 -1.8393 0.3708 0.4344 -0.9999
2.1835 -9.1171 -4.367 1.8888 -1.6066 0.0249
2.6815 -8.4659 2.0303 -1.487 1.0064 -0.7325
0.6135 -8.2355 0.8039 0.4666 -2.3342 0.5344
1.2264 -8.8867 1.4168 -0.7712 0.6091 0.2042
0.6129 -9.9216 1.2641 -0.9118 -0.046 -0.0898
-0.2292 -9.4996 0.9954 -0.0649 0.1393 -0.0461
1.6861 -9.7677 0.8805 -0.0127 -0.1973 -0.059
-0.2682 -8.4276 1.494 -0.2651 -0.0375 -0.0675
0.8811 -9.7683 0.2682 0.0757 -0.2857 0.0987
0.4597 -9.0788 1.1875 -0.1118 0.1298 -0.0995
1.3791 -9.3087 1.2641 0.0619 -0.0183 -0.0813
0.7284 -9.1931 1.3018 -0.0159 0.0647 -0.1005
0.9194 -9.347 1.0343 0.0043 0.0679 -0.1356
1.0726 -9.3853 0.996 0.0096 0.0924 -0.158
1.0349 -9.2314 0.9571 0.0427 0.1042 -0.0994
1.0343 -9.1554 1.2641 0.032 0.0807 -0.1409
0.996 -9.3853 1.0343 0.0214 0.0317 -0.1006
0.996 -9.347 1.1875 -0.0116 -0.03 -0.0421
0.9577 -9.3853 1.1109 -0.0489 -0.0258 -0.0037
1.0349 -9.3847 1.3018 -0.0052 0.052 -0.0676
1.1492 -9.1937 1.2641 0.031 0.0435 -0.0953
1.0343 -9.4236 1.2258 0.0161 -0.0141 -0.0538
0.8817 -9.3464 1.1486 -0.0297 0.0009 -0.0399
1.1881 -9.2698 1.072 -0.0106 -0.0258 -0.0346
0.9583 -9.3081 1.1869 0.0033 -0.013 -0.0591
0.8045 -9.4619 1.0343 -0.0266 -0.0268 -0.0218
0.8817 -9.4613 0.9954 -0.0019 -0.015 -0.0237
0.8434 -9.3081 1.1486 0.0333 -0.0448 -0.029
0.8051 -9.3081 1.1103 -0.0221 -0.0299 -0.0556
0.7661 -9.347 0.9577 -0.003 -0.0277 -0.0418
0.7667 -9.4996 1.0337 0.0183 -0.0405 -0.0162
0.5746 -9.3853 1.0343 -0.0042 -0.0822 -0.0014
0.6895 -9.232 1.1875 0.0331 -0.0226 -0.0558
0.6135 -9.3847 1.0337 -0.0319 0.0318 -0.0611
0.6901 -9.3847 1.0337 0.0086 0.0094 -0.059
0.5752 -9.3847 1.1486 -0.0201 0.0371 -0.075
0.6135 -9.3464 1.072 -0.0297 0.0137 -0.065
0.7284 -9.3847 1.072 -0.0254 -0.0001 -0.0501
0.6901 -9.3847 0.9954 -0.0201 0.0148 -0.0671
0.6512 -9.3853 1.0343 -0.0041 -0.0129 -0.0618
0.7278 -9.3853 1.0343 0.0066 -0.0182 -0.0671
