-9.6151 2.1835 -1.8387 0.0659 -0.3541 -0.4251
-9.4236 1.8387 -2.49 0.4367 -0.5342 -0.4005
-9.1554 2.2984 -2.7581 -0.0001 -0.1933 -0.5135
-9.3087 1.8771 -2.1835 -0.3122 -0.0527 -0.6402
-9.3081 2.299 -2.1458 -0.113 -0.0782 -0.6785
-9.7294 2.797 -2.4523 -0.2238 -0.2209 -0.6764
-11.224 3.8307 -2.375 -0.1332 0.3469 -0.2812
-10.8026 1.2258 -2.2601 0.6646 1.1703 -0.0404
-9.8444 -1.4551 -2.299 1.0311 1.6103 -0.4857
-7.5842 0.6901 -3.8313 1.5765 0.0091 -0.255
-7.431 -0.2292 -2.6055 -0.6819 -0.2923 -0.5714
-8.849 1.2641 -4.0223 -0.0885 -0.8303 -0.19
-9.5762 0.5369 -8.0068 1.1376 -0.3371 -0.2305
-11.4922 -0.1915 -3.984 -3.0052 -0.5075 -0.3029
-6.4356 -2.2984 -0.1915 -1.663 -0.3637 -0.6289
-11.4156 1.7621 1.8771 1.0268 -0.6194 -0.8036
-8.8484 2.2224 -1.1498 0.2492 -0.2529 -0.7013
-9.3853 0.7278 -3.9073 0.5858 -0.9027 -0.6385
-10.1125 3.1418 -2.4906 -1.0004 0.6962 -0.6889
-11.798 4.0612 -1.3797 0.1735 0.4832 -0.2905
-12.0285 2.4134 -1.3024 0.5762 0.5801 0.0771
-9.9976 -3.4087 -0.0389 1.2132 0.9306 -0.6207
-8.0828 0.1149 -2.5283 1.7011 1.5335 -0.3586
-7.1245 0.0389 -2.6055 -0.7096 -0.4192 -0.2522
-9.5762 1.1498 -3.7547 -0.0854 -0.4373 -0.2415
-9.1165 0.7284 -6.8959 -0.0417 -0.204 -0.4567
-12.3732 -0.2298 -5.363 -2.2968 -0.6077 -0.4866
-6.8953 -2.1069 0.1149 -1.9996 -0.7302 -0.3822
-8.7718 1.0349 1.7615 0.8222 -1.1169 -0.8477
-9.1171 2.1069 -0.1149 0.4334 -0.0932 -0.6155
-8.8484 0.422 -3.9846 -0.5232 -0.7505 -0.6709
-9.5762 2.3756 -2.5672 -0.9994 0.2605 -0.7646
-10.2657 3.1418 -0.6518 -0.5029 0.3254 -0.4823
-13.7517 1.3414 -1.3414 0.7051 0.6621 -0.2107
-10.0742 -3.2172 -1.0349 0.7019 2.0001 -0.7006
-8.0822 -0.4208 -2.9886 1.5562 1.5154 -0.1659
-7.3544 0.0006 -4.6358 0.6753 0.1881 -0.265
-7.7758 0.3837 -2.4517 -0.6776 -0.3968 -0.0945
-8.1977 0.6895 -4.5969 0.8713 -1.0157 0.2208
-8.5802 2.2224 -5.7084 0.8041 -0.2945 -0.0374
-14.8626 -0.4208 -4.0995 -0.3602 0.074 -0.3751
-9.0016 2.2224 1.1103 -0.7682 -0.5907 -0.2174
-9.423 0.4603 1.6083 0.0936 -0.9859 -0.6456
-10.0359 0.4986 -1.7244 1.2047 0.4874 -0.8012
-9.5762 0.2304 -2.299 -1.1932 0.1519 -1.0127
-10.2274 0.1155 0.6506 -1.1793 -0.238 -1.0393
-8.9256 -0.3448 -0.1915 1.7033 1.2619 -1.5091
-8.849 0.498 -1.4174 -0.3484 -1.707 -1.295
-13.3686 -3.3321 -5.8616 0.7328 3.451 -2.1103
-7.5465 -1.6089 -2.7198 -1.0441 -0.1389 0.7467
-7.6608 -2.068 -5.0955 -0.1034 1.3141 -0.4911
-7.1245 0.3454 -5.2487 -0.4156 0.8315 0.0362
-6.6272 0.0766 -6.1675 -0.2579 0.9018 -0.0298
-6.857 0.3065 -7.1635 -0.2377 1.0573 -0.1936
-4.443 1.1115 -8.0451 -0.2228 1.3652 -0.5579
-3.9834 0.8817 -9.9605 -0.1503 1.1702 -0.5941
-2.8347 0.9577 -11.224 -0.112 1.3982 -0.6687
-1.7615 1.303 -12.9867 -0.373 0.2381 -0.4145
-1.4934 0.5752 -12.7952 -0.0726 -0.2583 -0.3878
-0.9571 1.1881 -7.8536 -0.1983 -0.4479 -0.3953
-1.4557 1.7621 -7.5848 -0.0928 -0.1422 -0.309
-1.8765 1.916 -10.0754 -0.1791 -0.0676 -0.3601
-2.1446 2.299 -10.8415 0.0531 0.024 -0.3399
-1.1492 1.6472 -8.6574 0.0819 -0.09 -0.3864
-1.6849 1.916 -9.3093 -0.0928 0.0059 -0.4226
-2.0297 1.9926 -9.9605 -0.0917 -0.041 -0.543
-1.9531 2.1075 -9.5391 -0.0587 -0.0176 -0.5441
-1.57 2.1075 -9.1177 -0.0385 -0.0069 -0.4826
-1.8004 2.1835 -9.3087 -0.0459 -0.0633 -0.4261
-1.992 2.2218 -9.5002 -0.0022 -0.0282 -0.424
-2.0303 2.2601 -9.2703 0.0319 -0.0452 -0.4091
-2.0297 2.2607 -9.2326 0.001 -0.0069 -0.4112
-2.1452 2.1452 -9.3853 0.0042 -0.0132 -0.4261
-2.0297 2.1075 -9.2709 -0.0001 0.0166 -0.4542
-1.8765 2.1458 -9.2326 -0.015 0.0102 -0.4403
-2.0297 2.2607 -9.3476 -0.0097 0.0134 -0.4414
-1.9148 2.1075 -9.347 -0.0214 0.0027 -0.4425
-1.9537 2.1835 -9.3853 0.0031 0.0283 -0.4361
-1.9148 2.2607 -9.3859 -0.0161 0.0017 -0.425
-1.8387 2.1835 -9.3087 -0.0225 -0.0079 -0.442
-1.8765 2.1841 -9.3476 -0.0161 -0.0143 -0.4655
-1.9154 2.2218 -9.347 0.0084 0.0017 -0.4751
-1.8387 2.2218 -9.3087 0.002 0.0092 -0.4793
-1.8387 2.2601 -9.3853 0.0042 -0.0089 -0.4662
-1.8387 2.1835 -9.347 0.0138 -0.0015 -0.4492
-1.7998 2.2607 -9.3093 0.0084 -0.0281 -0.4374
-1.9154 2.2984 -9.1937 0.0084 -0.0441 -0.4193
-2.0686 2.2218 -9.347 0.0063 -0.0441 -0.4364
-2.0686 2.1835 -9.2703 0.0212 -0.0355 -0.4321
-1.9537 2.3367 -9.347 0.017 -0.0313 -0.4342
-2.0297 2.2224 -9.5008 -0.0075 -0.026 -0.4204
-2.1069 2.2601 -9.4619 -0.0054 -0.0025 -0.4268
-2.0303 2.1069 -9.4619 -0.0001 -0.0036 -0.4449
-2.0686 2.2218 -9.5385 -0.0118 0.0092 -0.4634
-2.0686 2.2218 -9.0788 -0.0182 0.0017 -0.4623
-2.1069 2.1835 -9.0405 -0.0097 -0.0239 -0.4527
-2.1069 2.1835 -9.0405 -0.0107 -0.0058 -0.4389
