1.4563 -9.1165 0.8422 0.5884 0.6422 0.0296
1.801 -9.3081 1.072 0.3061 -0.3442 0.003
1.7244 -9.1165 1.5317 0.452 0.1639 -0.1206
1.5329 -9.6528 1.0337 0.3444 0.0424 -0.1632
0.8434 -12.794 1.4551 -0.3352 -0.7895 0.0126
3.295 -9.9976 -0.7284 -1.8319 -0.1067 0.5859
4.0995 -8.6568 2.4894 -1.4697 -0.3123 0.2142
-0.9188 -9.2314 3.8301 -0.8614 -4.9366 0.8352
2.5289 -6.1669 0.2676 -0.6335 1.3144 0.2515
2.6438 -7.3544 -0.3454 0.8249 0.7945 -0.5688
-4.558 -13.6751 -5.3636 0.5117 0.329 0.2786
6.2447 -11.1085 1.7232 -0.7421 0.7679 -0.09
3.8307 -8.8107 1.7621 0.0281 -0.0705 -1.086
1.6089 -8.734 2.873 -0.0167 0.9682 -0.1805
2.0309 -9.7294 -0.7667 3.1109 0.215 0.2413
2.0303 -9.6917 -1.7238 -0.0998 0.8659 -0.5672
2.1069 -9.8067 1.8771 0.468 -0.8534 -0.1827
0.5746 -12.5265 0.8045 -0.806 -0.4561 0.2349
4.2904 -10.7643 -0.8811 -2.65 0.0521 1.6411
4.2527 -8.3121 3.8301 -0.2947 -1.385 0.6296
-1.4551 -6.8947 -2.2607 -0.8731 -1.2401 0.7532
2.7204 -4.2515 0.9954 0.1953 0.6773 0.081
1.5323 -12.1051 -3.1412 0.8931 -1.1634 -0.442
0.4986 -9.9593 1.4168 -0.5408 1.2856 -0.0735
2.2607 -6.0519 1.8381 0.696 -0.7096 -0.2053
1.418 -7.5842 1.4168 0.1261 -0.1546 0.2176
1.916 -8.1205 0.0377 2.1234 0.4089 -0.0253
1.2647 -8.8867 -2.2607 1.7943 1.3783 -0.6357
4.2527 -10.9936 -0.3454 0.2624 -4.1728 -0.1904
-1.4934 -11.415 1.1103 -0.3512 1.7 -0.2128
4.2144 -12.1811 -1.418 -3.0197 0.6901 1.7732
6.1675 -7.9296 3.7541 -0.2265 -0.7928 0.3766
-0.4597 -6.7038 2.9113 -0.0433 -5.4075 0.9284
2.2607 -5.7455 1.0337 0.3317 0.7561 -0.0793
1.2264 -13.3303 -4.7124 1.0177 -1.5832 -0.6391
3.1029 -11.224 1.6089 -0.9381 0.0041 -0.3504
2.7204 -5.7838 1.2635 0.6917 -0.1834 -0.475
3.0269 -9.2314 2.6809 -1.6231 0.7679 -1.2815
-0.3442 -9.4996 0.3059 1.1242 -1.6418 -0.9715
1.2641 -10.1514 0.7661 3.8097 3.7847 -0.1587
1.3791 -9.3853 -1.5323 -0.4566 0.3258 -0.7645
-0.8805 -10.802 1.7232 0.4382 -0.3507 -0.2543
-0.5357 -13.6751 -0.5752 -1.834 0.4728 0.6267
5.5935 -12.4876 1.7998 -2.6479 -0.1994 2.312
3.5249 -6.9713 2.4128 -0.7794 0.9564 0.2805
0.8051 -5.5156 0.4208 -0.6324 1.1023 0.6541
2.2607 -4.443 0.7655 0.4968 0.4589 -0.1363
1.303 -13.2154 -5.8999 0.9761 -0.486 -0.9448
1.6095 -9.2314 1.3018 -0.5674 1.7575 0.2025
3.5243 -6.5888 2.0303 0.9303 0.3652 -0.2748
2.2601 -11.9135 2.9113 -2.3305 -1.4884 -0.9331
1.0343 -9.347 -0.9577 1.5365 2.321 0.1684
2.9113 -9.2703 1.7238 2.0169 -0.9653 0.2536
2.0303 -9.6917 -0.7278 -0.1392 -0.4476 -0.4761
0.4214 -10.6877 0.996 -0.1477 -0.7022 -0.0969
5.0955 -11.5299 -1.6095 -2.8077 -0.3091 2.0512
6.283 -8.2355 3.3704 -0.9392 -1.1198 0.6877
1.992 -5.1332 3.2561 0.3402 1.0352 0.0017
-0.6512 -7.1251 -3.6009 0.6896 1.2291 -0.1613
-0.3059 -10.1897 -3.9079 1.5162 -0.1462 -0.3861
1.2641 -7.6231 3.4477 -1.9225 0.7806 -0.0287
2.7964 -6.4356 1.6089 0.2368 0.2384 -0.0361
1.7238 -9.6151 1.2258 -2.2388 0.0989 -0.573
1.5706 -9.0022 -0.3448 1.1221 -0.3347 0.0235
1.6478 -10.1508 -0.1921 1.398 2.598 -0.0958
4.0612 -9.4996 -0.9966 -0.005 -1.7206 0.3269
2.3373 -9.0016 1.6083 -0.9765 -0.0237 -0.3954
0.6135 -8.8101 0.5357 0.3167 -1.1049 -0.0076
2.873 -9.845 0.996 0.2262 0.4429 0.0243
2.6432 -8.4659 -0.498 0.7588 2.2741 -0.1323
2.1835 -9.2703 0.5746 0.0909 -0.0929 -0.0236
2.1075 -9.3081 0.6889 -0.4481 -0.5605 -0.0202
2.4906 -9.1931 0.8805 0.1644 -0.8204 0.081
2.2224 -9.1548 0.8039 0.0281 0.8712 -0.0319
2.3756 -9.2314 0.7655 0.1815 0.6954 -0.0213
2.0692 -9.2698 0.5357 -0.1861 -0.2217 0.0448
2.1458 -9.2698 0.7655 -0.0188 -0.2218 0.0158
2.3373 -9.1165 0.7655 0.0621 0.3929 -0.0023
2.414 -9.1165 0.8422 0.0313 -0.0151 -0.0087
2.3373 -9.3081 0.8039 -0.0252 -0.1227 -0.0119
2.2607 -9.1931 0.7655 0.0515 0.0403 0.003
2.299 -9.2698 0.7655 0.0813 -0.0396 0.0208
2.299 -9.1548 0.6889 -0.0305 -0.112 0.0101
2.375 -9.1554 0.8045 -0.0039 -0.1141 0.0038
2.4134 -9.1937 0.8811 0.01 0.0286 -0.0058
2.3367 -9.1554 0.7661 0.0089 -0.0492 0.0027
2.2984 -9.1554 0.7278 -0.0135 0.0169 0.0038
2.5289 -9.1548 0.7655 -0.0039 -0.0342 0.0208
2.3756 -9.1548 0.6123 0.0014 -0.0065 0.008
2.414 -9.1548 0.6506 0.0004 -0.0257 0.0144
2.4523 -9.1165 0.7272 0.0142 -0.0609 0.0261
2.414 -9.2314 0.6889 0.0068 -0.079 0.0288
2.3756 -9.1548 0.6506 0.0217 0.0052 0.0107
2.3373 -9.2698 0.574 -0.0007 -0.0044 0.0181
2.3367 -9.232 0.7661 -0.0145 -0.0481 0.0277
2.2984 -9.1171 0.6895 0.0366 0.0126 0.0256
2.3367 -9.1937 0.6895 -0.0082 0.0222 0.0214
2.3367 -9.1554 0.7661 -0.0071 -0.0236 0.0235
2.3367 -9.1554 0.6895 0.0217 0.0083 0.0214
