-1.4168 9.6923 -1.4946 0.0509 -0.2556 0.0099
-2.1829 10.3052 -1.8393 0.0733 0.0694 -0.1552
-1.57 9.6923 -0.7667 -0.2623 -0.1682 0.092
-2.2595 9.0411 -1.5329 -0.0748 0.0928 -0.0114
-1.5323 8.9256 -0.8811 -0.1579 0.2441 0.0281
-1.5317 6.8959 -0.4986 -0.4391 0.39 0.109
-2.8724 8.4665 -0.5752 -0.2879 0.1141 -0.0841
-1.6849 10.7649 0.1143 -0.5521 0.1972 -0.1245
1.0349 18.9244 -0.5752 1.3782 0.8481 -0.0255
-2.8341 7.8536 -2.8736 -0.8376 -0.0649 -0.0457
0.8434 7.8919 1.2252 0.036 0.0257 -0.1735
-1.1109 5.6695 -0.1915 -0.142 -0.6753 -0.0161
0.6518 10.2669 0.1143 0.2575 0.1716 -0.1162
-0.4214 13.5991 -1.494 -0.289 -0.1821 -0.2025
-4.6735 14.9015 -1.4174 0.7156 0.5519 -0.3079
-0.498 8.2744 0.2682 -1.0869 0.1407 0.3184
-1.6855 7.2401 -1.2258 0.6474 0.2792 -0.3208
-1.1486 8.0834 0.4974 -0.3454 0.2323 -0.0066
-2.7575 6.7044 -0.4603 -0.2123 0.0907 -0.0556
-1.9914 15.0553 0.8805 0.1776 0.2387 -0.21
-1.4551 11.4928 -0.2687 -0.371 -0.9789 0.1372
-0.8422 5.0955 0.2676 -0.1835 0.1098 -0.2482
-0.9954 6.6277 1.2252 -0.0685 -0.7594 0.1097
-1.072 8.3899 -0.0389 0.4397 -0.1256 -0.1524
-1.072 11.646 0.4208 -0.1782 -0.1618 -0.1012
-6.435 16.3195 -1.0349 0.6218 -0.5858 0.1342
-1.4934 7.7387 0.1909 -0.3316 -0.6188 0.4589
-2.5666 3.869 -1.3408 -0.094 -0.4899 0.3897
-2.2595 8.6963 1.1103 -0.3849 -1.0172 0.1862
-4.0223 7.5082 0.8045 -0.3156 -1.3901 0.1734
-2.4511 14.2509 -0.1538 0.5526 -1.3166 -0.2047
0.8817 14.6723 -0.0389 0.7092 -2.5661 0.2224
-4.9027 7.3556 -0.0772 -0.567 -1.2068 -0.4755
-1.0343 7.0485 -0.8045 0.4386 -1.6244 0.1605
-1.3024 10.1897 0.1149 0.7763 -1.2452 0.054
-2.4128 10.3046 -0.3454 -0.0717 -1.0108 -0.1804
-3.2555 9.8072 -1.4563 0.4279 -0.8574 0.1402
-3.7152 9.1177 -4.0995 0.3619 -1.1898 0.0083
-2.068 8.6197 -1.8777 0.429 -2.2348 0.6294
-3.0257 9.4242 -2.6055 0.4109 -0.6476 0.1724
-2.9874 9.5391 -1.418 -0.2197 -1.2218 0.4664
-3.4087 10.1137 -1.7244 -0.2964 -0.7701 0.1734
-0.1915 9.9599 -0.1915 0.0818 -1.2015 0.5103
-1.2258 9.0022 -2.988 0.1393 -1.1887 -0.2705
-0.7278 9.1171 -1.2258 -0.3007 -1.3389 0.0885
-1.8771 9.1171 -0.5746 0.4216 -1.3112 0.016
-0.4214 9.4619 -0.5363 0.3119 -1.2228 0.0991
-1.2252 9.3093 -0.3454 -0.0355 -0.817 -0.1326
-2.4128 14.2509 -1.6861 -0.1697 -0.6753 -0.6322
-2.566 7.9685 -3.7164 0.1083 -2.0537 0.7015
-1.0337 10.5734 -0.7284 0.6324 -0.3951 0.1295
-2.4894 8.2367 -3.1801 -0.386 0.0054 -0.2295
-0.5357 8.5048 -1.6861 -0.3582 -0.198 -0.0737
-1.8381 6.4362 -0.9583 -0.159 0.0395 0.0552
-1.3785 7.0874 -0.0772 -0.1952 0.276 -0.0183
-1.4168 18.3498 -0.6135 0.6825 0.3996 -0.111
-0.8039 9.5774 -0.8817 -0.2858 -1.8726 0.6166
-0.1909 7.1641 -0.3837 0.4098 0.5615 -0.3998
-0.3825 7.662 0.3442 -0.4477 -0.6849 -0.141
-1.7232 7.2024 -1.0349 0.005 -0.0723 -0.2379
-0.1526 10.4968 0.7655 0.0029 -0.198 -0.093
-6.435 17.7368 -4.7124 0.543 0.2185 0.3011
-1.0726 12.0285 1.992 0.4247 0.5615 -0.0314
-2.2218 5.5929 -2.9497 -0.5255 0.2994 0.1177
-1.8387 6.9719 -0.3448 0.3246 0.4582 -0.1795
-1.1109 7.4316 -0.0383 -0.779 -0.3152 0.2605
-2.4517 12.4498 -0.0383 0.6623 0.6286 -0.4202
-0.0377 8.0068 -0.0772 -0.4988 -2.1166 0.6464
-0.8045 6.9719 -1.1109 0.4546 0.5796 -0.5009
-0.0383 7.9679 1.1492 -0.5457 -1.1046 0.085
-1.3018 9.654 -0.0389 0.4098 0.2025 -0.3635
-1.3785 14.4424 -0.92 -0.0312 -0.1522 0.0796
-3.6769 10.8032 -1.916 0.6761 0.0235 -0.0038
-1.8765 8.16 0.4208 -0.2805 -0.7147 0.3765
-2.3744 8.0834 -3.9846 0.4077 0.406 -0.1859
-1.9148 10.152 -1.2264 -0.4605 -0.3482 0.1518
-1.9531 10.4968 -1.801 0.3576 0.847 -0.2051
-1.8381 8.4665 -1.2264 -0.5277 -0.5656 0.3562
-0.9571 10.9182 -1.801 0.4385 0.2004 -0.137
-0.3065 9.4619 -0.6512 -0.5213 0.0299 0.042
-1.3785 9.9605 -0.1538 0.169 0.0086 -0.0827
-0.9571 9.654 -0.5752 -0.0888 -0.0404 -0.0678
-1.4551 10.1137 -1.0732 0.0028 -0.1064 0.0088
-1.5317 9.8839 -0.7667 -0.093 -0.0436 -0.0786
-1.4934 9.654 -0.6135 -0.1005 -0.0755 0.0397
-1.7232 9.8072 -0.6901 0.0231 0.0448 -0.0328
-1.7998 9.8072 -0.8434 0.006 0.0193 -0.0349
-1.4557 9.8833 -0.5746 -0.0046 -0.0137 -0.0157
-1.5323 9.845 -0.6895 0.0092 0.0459 -0.0358
-1.7238 9.8067 -0.6129 -0.0067 0.0044 -0.0241
-1.494 9.8833 -0.6512 0.0018 -0.0084 -0.0166
-1.57 9.8072 -0.6901 0.0444 0.0438 -0.0241
-1.6083 9.7689 -0.6518 -0.0078 -0.0478 0.0217
-1.4551 9.8839 -0.8817 0.071 0.0512 -0.0367
-1.3791 9.845 -0.8045 -0.0238 -0.0074 -0.0271
-1.4174 9.8067 -0.7278 -0.0142 0.0225 -0.0335
-1.4551 9.8839 -0.6901 0.0124 -0.0127 -0.0261
-1.3785 9.8072 -0.7284 0.021 0.0448 -0.0335
-1.494 9.845 -0.6129 -0.043 0.0395 -0.021
-1.4168 9.7306 -0.7284 0.0007 0.0363 -0.022
-1.3402 9.7306 -0.6518 -0.0057 0.0267 -0.0103
-1.3408 9.845 -0.6895 -0.0014 0.0193 -0.0167
-1.3402 9.8456 -0.6901 0.0114 0.0342 -0.0242
-1.4168 9.9222 -0.6901 0.0071 0.0108 -0.0177
-1.3018 9.9222 -0.7284 0.0305 0.0171 -0.0283
-1.3018 9.9605 -0.7667 -0.0025 0.0139 -0.0262
-1.2641 9.9216 -0.6895 -0.0195 0.0108 -0.0262
-1.3402 9.8839 -0.7284 -0.0185 -0.0255 -0.0273
-1.2641 9.8833 -0.6512 -0.0547 -0.0489 -0.0155
-1.3018 9.8839 -0.6518 -0.0504 -0.0404 0.0025
-1.2635 9.8456 -0.7284 0.0103 0.0033 -0.006
-1.2635 9.8839 -0.6135 -0.027 -0.0169 -0.0263
-1.3018 9.9222 -0.5752 -0.0259 -0.0042 -0.0263
-1.1869 9.8456 -0.5369 0.0156 -0.0244 -0.0103
-1.1869 9.8456 -0.5752 0.0028 -0.034 -0.0232
-1.2252 9.8072 -0.6135 -0.0046 0.0139 -0.0275
-1.2641 9.845 -0.6895 -0.0025 0.0427 -0.0467
-1.1486 9.9222 -0.6135 0.0348 0.0438 -0.0424
-1.1103 9.8839 -0.7667 0.0177 0.0651 -0.0381
-1.2641 9.8833 -0.6895 -0.0099 0.0534 -0.0359
-1.2635 9.8456 -0.6901 0.0028 0.0342 -0.0529
-1.2641 9.9599 -0.6895 0.0039 0.0321 -0.0391
-1.3024 9.8833 -0.6895 0.0486 0.0171 -0.0327
-1.3024 9.9216 -0.7661 0.0199 -0.0116 -0.0199
-1.1875 9.9599 -0.6895 0.0177 0.0139 -0.0391
-1.3785 9.9605 -0.8817 0.0273 0.0044 -0.0412
-1.2635 9.9222 -0.8051 -0.0387 -0.0542 -0.0306
-1.2635 9.8456 -0.6518 -0.0334 -0.0446 -0.0487
-1.2635 9.8839 -0.6135 0.0177 -0.0393 -0.0295
-1.3402 9.9222 -0.6901 0.0167 -0.0361 -0.0435
-1.3018 9.8456 -0.7667 -0.0089 -0.0297 -0.0393
-1.3791 9.845 -0.7661 0.0273 0.0235 -0.0627
-1.1869 9.8839 -0.6901 -0.0004 0.0139 -0.0403
-1.4168 9.8456 -0.8434 -0.0025 0.0139 -0.0244
-1.3402 9.8072 -0.7667 -0.0259 -0.0084 -0.0307
-1.494 9.8833 -0.7278 0.0156 0.0353 -0.0411
-1.4174 9.8833 -0.8045 0.0082 0.0289 -0.0475
-1.3402 9.8456 -0.8051 -0.0185 -0.0031 -0.0284
-1.3408 9.9599 -0.6512 -0.0227 0.0374 -0.0507
-1.4168 9.7306 -0.8434 -0.0067 0.0438 -0.0518
-1.5317 9.8839 -0.6518 0.0177 0.0022 -0.0382
-1.4174 9.7683 -0.7661 0.0231 -0.0137 -0.0265
-1.3402 9.9222 -0.8051 -0.01 -0.0233 -0.0201
-1.3785 9.9222 -0.6901 0.0028 0.0012 -0.0179
-1.2635 9.9222 -0.7284 0.0028 0.0012 -0.0158
-1.3018 9.8456 -0.7284 -0.0376 -0.001 -0.022
-1.3018 9.8072 -0.7284 -0.0121 -0.0382 -0.0135
-1.3402 9.8456 -0.6901 -0.0344 -0.0255 -0.0188
-1.3402 9.8839 -0.6518 -0.0334 -0.0297 -0.0081
-1.3018 9.8456 -0.6518 -0.0089 0.0012 -0.0252
