-9.9593 1.3414 -1.8777 0.3416 -0.1825 -0.1944
-9.6145 1.3797 -1.7627 0.6132 -0.4947 -0.171
-9.6534 2.1452 -2.6049 0.4556 -0.2678 -0.1337
-8.7724 0.8045 -2.7198 -0.418 0.544 -0.4148
-7.9296 0.9577 -2.2984 -0.1303 0.5578 -0.5021
-6.9336 2.0686 -1.6472 0.1136 0.3352 -0.4947
-7.0862 2.1458 -2.797 0.0358 0.6334 -0.3253
-17.3909 -2.4894 -6.6661 1.0841 1.2556 -0.8547
-8.7334 -0.9954 -3.5632 -0.4201 0.1125 -0.3365
-5.5539 -0.2292 -2.1075 -0.4339 -0.941 -0.0745
-7.0862 1.7244 -3.1801 -0.4126 -0.1357 -0.1235
-6.8181 0.422 -3.0652 -0.7823 -0.3551 -0.1033
-8.6568 -0.6889 -3.8696 0.7272 -0.4222 -0.0681
-15.6287 0.3071 -3.2567 2.1706 0.7932 -0.6265
-12.0279 5.0572 -0.7284 -0.4552 -0.3999 -0.0917
-8.925 0.6518 -1.7244 -0.7013 0.544 -0.3389
-5.2864 0.2682 -2.3367 0.1019 -0.2113 -0.4773
-6.857 1.6089 -3.3327 0.2255 0.4406 -0.4731
-6.2441 2.1452 -2.1835 -0.0238 0.4087 -0.3451
-10.7643 2.2601 -2.9113 1.3376 1.165 0.0736
-9.4996 -0.7655 -7.279 0.0657 1.0095 -0.4441
-7.2778 -0.7272 -3.4482 -1.0262 -0.5341 -0.4026
-5.0566 1.3408 -2.0686 -0.533 -0.6555 -0.2417
-5.7844 0.9194 -2.49 0.005 -0.4755 -0.1108
-6.5505 -1.5323 -4.6735 1.1469 -0.3466 -0.163
-19.6133 0.6129 -9.0405 0.5419 -0.3583 -0.4261
-13.8672 5.9759 -1.4174 -1.088 0.2308 -0.1736
-5.7461 0.2682 -1.8004 0.4705 -0.5948 -0.3473
-7.1251 1.6089 -3.6009 0.839 -0.2668 -0.4818
-7.6614 2.8347 -2.6815 0.7506 0.3351 -0.355
-6.7804 3.371 -3.0646 1.263 -0.0686 -0.1036
-9.1937 2.49 -2.988 2.0119 1.2267 0.4205
-17.0084 -1.3024 -4.9416 1.328 1.2853 0.2117
-8.8484 0.8051 -2.5289 1.8404 -0.8281 0.6117
-7.0096 -1.4551 -1.303 2.1472 -0.8611 0.3901
-8.0056 1.2647 -4.7124 1.2311 -0.0526 0.4903
-9.921 2.6055 -5.4019 1.198 -0.418 0.0855
-15.5521 -4.4047 -2.7204 0.659 1.0212 -0.4972
-12.5265 4.9033 1.6472 1.8073 0.0027 -0.2696
-8.1205 0.5369 1.5317 0.9125 -0.3211 0.0308
-9.921 0.9966 -1.8777 1.1948 0.6206 -0.3708
-9.0022 3.3327 -2.988 0.3277 0.4842 -0.3676
-14.4035 2.7964 -0.4214 1.0681 0.6611 0.0979
-11.6831 0.1538 1.3018 2.7118 -0.9784 -0.2387
-8.7724 2.2601 -0.2682 2.4209 1.542 -0.0576
-7.7764 0.6895 -2.6815 0.5802 0.4715 -0.0001
-9.1937 -1.2258 -1.4174 0.0582 -0.3339 0.2364
-8.351 2.2984 -6.4356 0.7006 -0.8803 0.2962
-10.3424 -2.3361 0.574 1.1917 0.039 -0.4622
-9.4613 0.7667 -0.8817 1.0436 1.1256 -0.1523
-8.925 0.4986 -1.3797 0.1647 -0.6087 -0.2492
-9.5379 1.0732 -1.6478 -0.2901 0.4758 -0.3419
-7.3544 0.6901 -0.9966 0.0593 0.4342 -0.5091
-6.2824 1.4174 -1.3408 -0.0089 0.7623 -0.4643
-8.6191 1.6089 -2.988 0.6175 1.3961 -0.4143
-18.1959 -3.2944 -5.4396 1.0116 1.6539 -0.8798
-5.8993 0.2682 -4.367 -1.055 -0.4127 -0.3642
-5.7838 0.0772 -2.7204 -0.4318 -0.7706 0.3711
-6.7804 1.4174 -3.2178 -1.0241 -0.173 -0.0763
-7.6614 0.1149 -3.6009 0.0635 -0.6225 0.0058
-15.3606 2.3756 -4.0612 -0.7344 -0.1453 0.0239
-11.0319 2.8353 0.076 -0.1293 -1.5845 0.6353
-10.9559 0.6895 -0.8811 -1.3011 0.8454 -0.5871
-6.933 1.7244 -2.9886 0.4374 -0.0771 -0.4934
-7.8524 1.3414 -3.6398 -0.1176 0.7463 -0.52
-7.8907 2.9119 -2.8736 0.3884 0.6845 -0.3357
-14.4795 0.7284 -7.1257 1.3823 2.2153 -0.4433
-8.925 0.5752 -4.5975 -0.7802 0.3702 -0.368
-6.9713 -0.7655 -2.9886 -0.8952 -1.2458 -0.1923
-5.6306 2.4906 -2.5289 0.1764 -0.9177 0.0687
-7.1251 -0.1149 -4.5586 0.1913 -0.8772 0.1209
-8.0828 -0.0383 -3.2944 -0.6566 0.0315 -0.3894
-19.6127 1.418 -9.7689 1.5581 1.4557 -0.6918
-13.7517 6.8193 -1.4563 -1.4471 -0.7792 -0.237
-8.6568 0.0772 -0.7667 -0.3871 0.1785 -0.4447
-8.1588 2.1075 -1.6095 0.545 -0.5427 -0.3201
-9.9976 1.5712 -3.1035 0.3298 -0.1816 -0.1507
-9.0782 0.4986 -2.2224 -1.2585 0.5939 -0.5331
-11.0325 2.6432 -1.3408 -0.3871 0.1838 -0.3233
-9.8061 1.0732 -0.9966 0.9828 -0.0144 -0.2732
-9.4613 1.5329 -3.0652 0.0187 0.1177 -0.3254
-9.1937 1.3024 -3.1029 0.0677 0.0932 -0.434
-9.3087 1.7621 -2.5283 -0.0537 0.1721 -0.3457
-9.3087 1.4174 -2.5666 0.0891 0.0059 -0.3148
-9.1931 1.2647 -2.8353 0.1168 -0.0271 -0.2903
-9.3464 1.2647 -2.9503 -0.0324 0.0389 -0.3127
-9.3847 1.2264 -2.9119 0.0017 0.0347 -0.3084
-9.2703 1.4174 -2.8347 0.0049 0.0325 -0.3157
-9.3847 1.1498 -2.9119 0.0688 -0.0005 -0.3082
-9.2698 1.2264 -3.0652 0.0241 0.0347 -0.3167
-9.3087 1.3791 -2.873 0.0262 -0.0218 -0.3114
-9.2703 1.1875 -3.1029 -0.0473 -0.0037 -0.3157
-9.3081 1.2647 -2.8736 -0.0207 0.0017 -0.3084
-9.3464 1.2647 -3.0652 -0.0302 0.0006 -0.2967
-9.3464 1.2647 -2.9119 -0.0334 0.0208 -0.2967
-9.3847 1.3414 -2.8736 -0.0484 0.0155 -0.2999
-9.3081 1.303 -2.9886 -0.0494 0.0208 -0.3031
-9.2703 1.3408 -2.873 -0.0239 0.0144 -0.2945
-9.3081 1.2647 -2.8353 -0.0207 0.0336 -0.2963
-9.1931 1.418 -3.1418 -0.0196 -0.0027 -0.308
-9.2698 1.418 -3.1418 0.0091 -0.0005 -0.3037
-9.2698 1.3414 -3.0269 0.0315 -0.0059 -0.3027
-9.2698 1.3797 -3.1035 0.006 0.0027 -0.3043
-9.2698 1.418 -2.9503 0.0102 -0.0048 -0.3043
-9.2314 1.3414 -3.1035 -0.0047 -0.0069 -0.3106
-9.2698 1.3797 -3.2184 0.0273 -0.0154 -0.2979
-9.3081 1.418 -3.1801 -0.0121 -0.0154 -0.3064
-9.3087 1.3408 -3.0263 -0.0004 -0.0239 -0.3043
-9.2703 1.3408 -2.988 -0.0185 -0.0058 -0.3078
-9.2314 1.303 -3.0652 -0.0047 -0.0015 -0.3121
-9.2314 1.3414 -3.0652 0.0028 0.0102 -0.3035
-9.1931 1.2264 -2.9503 -0.0121 0.007 -0.3078
-9.1931 1.2647 -3.0652 -0.0058 -0.0005 -0.3127
-9.2314 1.2647 -2.9886 0.0038 -0.0037 -0.3117
-9.2314 1.3414 -3.0652 -0.0015 0.0069 -0.3138
-9.2314 1.303 -2.9886 0.007 -0.0027 -0.3106
-9.2698 1.303 -3.1035 -0.0015 0.0027 -0.3106
-9.3087 1.3024 -3.1412 0.007 -0.0133 -0.3068
-9.2703 1.1875 -3.0263 -0.0047 0.0037 -0.3121
-9.2314 1.3797 -3.1035 -0.0004 -0.0058 -0.3132
-9.3081 1.1498 -3.1035 0.0123 -0.0016 -0.3196
-9.2703 1.2641 -3.1029 -0.0047 -0.0048 -0.327
-9.1937 1.1875 -3.1412 -0.01 0.0016 -0.3251
-9.232 1.0343 -3.1029 -0.0111 0.0027 -0.3198
-9.3087 1.2258 -3.0646 -0.0143 -0.0165 -0.3123
-9.3081 1.2647 -3.0652 -0.0345 -0.0058 -0.3166
-9.2703 1.2641 -3.1029 -0.0228 -0.0112 -0.3166
-9.2703 1.1875 -3.0263 -0.0431 -0.0016 -0.3311
-9.3087 1.1492 -3.0263 -0.026 -0.0155 -0.3279
-9.1937 1.0726 -3.0263 -0.0345 -0.0038 -0.3332
-9.2314 1.1498 -3.1418 -0.0186 -0.0101 -0.3215
-9.2698 1.1115 -3.1418 -0.026 0.009 -0.3119
-9.2698 1.1498 -3.2184 -0.0164 0.025 -0.314
-9.2698 1.1881 -2.9503 -0.0207 0.0143 -0.3135
-9.2698 1.0349 -2.8736 0.0453 -0.0336 -0.306
-9.347 1.1109 -3.2944 0.0048 0.0015 -0.3156
-9.3087 1.2258 -3.0646 0.0102 0.0132 -0.3049
-9.232 1.1492 -3.1029 0.0219 -0.0112 -0.296
-9.2703 1.1492 -3.1029 -0.0037 0.0143 -0.3003
-9.1931 1.1881 -3.1035 0.0262 -0.0112 -0.2918
-9.2314 1.1498 -3.1035 0.0027 -0.0048 -0.2982
-9.1937 1.1492 -3.1029 -0.0005 0.0048 -0.3046
-9.3081 1.1498 -3.1418 0.0017 -0.007 -0.3035
-9.2314 1.2264 -3.1418 0.0155 -0.0176 -0.298
-9.2314 1.2647 -3.0652 0.0038 -0.008 -0.3022
