-9.0022 -7.7381 1.4557 0.5105 1.2161 -0.8253
-5.7455 -8.3121 -0.1155 -0.0488 0.0422 -0.657
-5.6306 -6.8181 -0.5369 -0.8999 -0.3828 -0.4812
-5.056 -6.5116 -1.1881 -0.3162 -0.2358 -0.0881
-4.3281 -7.929 -1.8393 -0.2651 -0.4457 0.2275
-7.7375 -5.3241 2.4894 1.2988 -0.9123 1.0073
-8.8101 -5.8604 3.0257 0.6117 -2.1384 0.7974
-6.6272 -6.6272 2.6049 -1.7756 0.4513 1.3535
-4.9799 -8.1594 1.6089 0.5616 -1.4769 0.1604
-6.6649 -6.0903 1.6849 1.2061 -0.6321 0.0003
-8.8101 -8.427 -0.3454 0.2655 0.9477 0.5489
-7.0479 -13.9815 -0.8434 -1.4443 0.3437 -0.6378
-12.7557 -7.3544 4.5963 -1.5231 0.7677 -1.13
-9.5762 -5.5156 3.1406 0.0386 0.6483 -0.9649
-2.6043 -4.7878 0.1526 -0.7007 -0.7397 -0.7827
-5.861 -1.8387 1.3408 -0.6496 -1.4758 0.1116
-2.3744 -14.2114 -4.5209 0.6223 -0.0122 -0.2772
-6.3967 -0.8422 -0.7284 -0.1362 1.4707 -0.29
-8.5036 -5.8987 2.9108 -0.3226 -2.8106 1.815
-6.0903 -9.3081 2.068 -0.6646 1.2992 0.8211
-6.7798 -5.937 -0.7667 2.2298 0.3191 -0.3046
-6.6266 -5.937 -0.8817 0.1813 -0.2231 0.4784
-5.7844 -9.0405 1.8771 -0.2502 -0.6417 0.6201
-4.9416 -13.3692 -0.1915 -2.9762 1.1468 -1.4338
-11.9896 -8.8484 4.7878 -3.2031 -1.6058 -0.8947
-4.4819 -6.9719 4.6352 -1.5807 -2.0713 -1.0634
-6.3584 -4.4813 3.7918 -3.6888 -3.9547 -0.0428
-3.4087 -4.06 5.4007 -2.9836 -3.6106 -1.074
-4.6346 -12.6408 0.574 -1.5061 0.2371 -1.7622
-8.3504 -6.0519 -1.4946 -0.525 -0.0484 -1.8581
-4.3664 -8.8484 -1.7244 -0.2087 -0.464 -1.8057
-2.4511 -7.2778 -1.8393 -0.3067 -0.742 -2.1924
-2.7958 -6.7798 -2.7587 -0.7254 -0.3787 -2.3117
1.916 -7.8907 -6.1681 -1.6788 0.1635 -2.5972
4.9805 -7.9673 -4.7507 -1.0663 -0.105 -0.7021
7.3933 -3.2178 -3.4477 0.5967 0.2084 0.1362
4.4819 -8.8107 -6.2441 -0.0286 0.1796 0.1064
1.3414 -7.0096 -4.7124 -0.0989 -0.0622 -0.2164
3.4866 -7.0479 -5.0955 -0.0488 -0.2529 0.0244
3.7924 -9.1171 -5.5545 0.1536 0.0337 -0.1738
4.1372 -6.0525 -4.9033 0.047 0.04 0.0582
3.7158 -7.2401 -4.8267 0.0555 -0.0197 -0.0153
3.9456 -7.1635 -5.0182 0.1226 0.0357 -0.0143
3.9079 -7.1629 -4.8273 0.0587 0.0261 0.0028
3.869 -7.2018 -4.7118 0.0044 0.0187 -0.0111
4.0606 -7.2018 -4.6352 0.0384 -0.0027 0.0079
3.7541 -7.2018 -4.7118 0.0086 0.0016 0.0069
3.793 -7.2012 -4.6741 0.031 -0.0208 0.0047
3.7164 -7.1629 -4.7507 0.0321 -0.0069 -0.0081
3.7547 -7.2778 -4.6358 0.0118 -0.0048 0.0047
3.8696 -7.1629 -4.7124 0.0204 -0.0058 -0.0
3.8313 -7.1629 -4.7124 -0.0084 0.0134 0.0149
3.8313 -7.0862 -4.6741 -0.0382 0.0325 -0.0043
3.6781 -7.2395 -4.5209 0.03 -0.0015 0.0011
3.869 -7.3167 -4.5969 0.0065 -0.0026 -0.0021
3.7547 -7.3161 -4.5975 -0.0115 0.007 0.0034
3.7547 -7.2395 -4.5592 -0.0019 0.0017 -0.003
3.8313 -7.1629 -4.5975 0.0066 -0.0068 -0.0041
3.8307 -7.2401 -4.6352 -0.0062 -0.0015 -0.0019
3.7924 -7.3167 -4.5969 0.0013 -0.0026 -0.0041
3.7541 -7.2784 -4.6352 -0.0073 -0.0026 -0.0048
3.7541 -7.2784 -4.5586 -0.003 -0.0004 -0.0059
3.7924 -7.2018 -4.6352 -0.002 0.0049 -0.0048
3.8313 -7.2395 -4.5975 -0.0083 0.0006 -0.007
3.793 -7.2012 -4.5975 -0.0041 -0.0036 -0.007
3.793 -7.2778 -4.5975 -0.0008 -0.0025 -0.0091
3.793 -7.2395 -4.5975 0.0002 -0.0046 -0.0091
3.8313 -7.2395 -4.6741 -0.003 0.0007 -0.0091
3.8696 -7.2778 -4.6358 0.0017 0.0001 -0.0002
3.793 -7.2395 -4.6358 0.0017 0.0001 -0.0002
3.793 -7.2778 -4.6741 -0.0004 0.0011 0.0019
3.793 -7.2395 -4.6358 0.006 0.0001 0.0019
3.793 -7.2778 -4.6741 0.0006 0.0001 0.0008
3.7924 -7.2018 -4.6735 0.006 0.0001 0.0019
3.8313 -7.3161 -4.6358 -0.0036 -0.0021 -0.0013
3.7547 -7.2395 -4.6358 0.0049 -0.002 -0.0022
3.793 -7.2012 -4.6741 0.0071 -0.001 -0.0001
3.8307 -7.2018 -4.6735 -0.0015 0.0022 -0.0001
3.8313 -7.2012 -4.7124 0.0017 0.0044 -0.0001
3.8696 -7.2012 -4.6741 -0.0025 0.0033 0.001
3.793 -7.2012 -4.6741 -0.0034 0.0001 -0.0003
3.7541 -7.2784 -4.6735 -0.014 0.0087 0.0029
3.869 -7.2401 -4.5969 -0.0002 0.0012 0.0018
3.8307 -7.2018 -4.6352 0.003 -0.0052 -0.0024
3.8307 -7.2012 -4.6735 -0.0002 0.0033 0.0018
3.7924 -7.1635 -4.6352 0.003 0.0012 0.0008
3.7541 -7.2401 -4.6352 0.0041 -0.0041 -0.0024
3.7924 -7.1635 -4.7118 0.003 0.0001 0.0008
3.9079 -7.2395 -4.6358 0.0009 -0.002 -0.0003
3.8307 -7.1251 -4.6352 0.002 -0.0041 -0.0003
3.7924 -7.2401 -4.7118 0.0009 -0.002 -0.002
3.8307 -7.2401 -4.6352 -0.0023 -0.002 -0.0031
3.793 -7.2395 -4.6741 -0.0002 -0.0009 -0.002
3.8313 -7.2395 -4.6741 0.0041 -0.0041 -0.0031
3.793 -7.2395 -4.6358 -0.0023 -0.002 -0.002
3.793 -7.2778 -4.6741 -0.0001 0.0002 -0.0049
3.793 -7.2395 -4.6358 -0.0012 -0.003 -0.0071
3.8696 -7.2778 -4.6358 -0.0001 -0.0008 -0.0039
