9.347 2.5283 1.3024 -1.2063 0.3716 -0.3041
9.2703 1.9154 0.5746 -1.2511 0.5155 -0.5193
7.9679 0.7278 3.6775 -0.188 0.8947 -0.4341
7.9679 2.7198 2.7958 -0.1943 -1.1698 0.2062
9.9222 3.1801 1.1486 -0.2156 -1.1346 0.008
13.14 2.4523 2.3744 0.2019 -0.0278 0.3617
11.2629 1.801 1.4934 1.6731 0.4175 0.7686
10.8032 -1.6849 2.7575 1.4824 -2.9062 2.2973
10.6883 1.418 -1.1498 0.1508 -5.107 1.9937
1.0349 -2.2978 -3.0269 0.0911 -0.3176 -0.2466
2.1841 -1.7615 -4.4442 0.4139 -0.161 -0.3382
5.287 -2.1446 -9.1943 -0.3126 0.834 0.0538
4.0229 -5.3624 -0.92 -0.0899 -0.2601 -0.0676
13.9055 -8.6191 -3.2178 -1.4929 2.5991 -3.0791
9.845 3.4477 -0.996 0.6738 2.6566 -2.2013
6.9719 0.1915 -3.6009 -0.4149 0.8936 -0.1582
10.9948 2.7204 0.3442 -0.6822 -0.0736 0.1337
12.9101 2.4906 -0.9583 0.0294 0.3088 0.1412
10.9565 2.1841 -1.418 1.9809 -0.651 0.415
9.5774 -0.7655 -3.5632 1.7498 -5.776 1.9298
8.6197 0.3454 -0.8051 0.7665 -2.6921 2.4262
2.6821 -2.1446 -3.295 0.22 -0.9131 -0.1592
2.4517 -2.068 -5.0566 0.2669 0.4537 -0.3116
3.4093 -1.8771 -6.9336 -0.1507 0.3312 1.0104
5.4396 -7.355 -1.8771 -1.1978 1.9972 -1.3108
11.9135 -3.1412 -2.5283 -0.613 2.0889 -3.0248
8.3127 5.0566 1.0726 -0.2955 0.7072 -0.4277
6.0908 0.6512 -2.9113 -1.3981 -0.6649 -0.0154
10.2669 2.9503 0.2292 -0.874 -0.7575 -0.0932
14.5957 3.0269 -0.8817 0.8464 0.3706 0.057
8.4659 0.0766 -0.498 2.5647 -1.4574 0.905
6.6272 -0.4597 -7.1635 0.0091 -0.3506 1.2885
7.5854 -3.5237 -5.0955 1.2225 -3.1309 1.3694
1.8393 -2.3361 -4.5592 0.4896 -0.504 0.0165
2.9503 -1.8765 -7.662 -0.3722 1.4209 -0.3552
13.3309 -6.3207 -12.22 -0.6098 1.993 2.1599
12.6803 -5.1326 -4.5592 -0.4543 1.5328 0.0624
8.8496 -1.3018 -1.4946 -0.5789 1.487 -2.931
9.3087 5.7844 -1.1875 0.0081 1.7309 -0.596
6.7804 1.1492 -2.6049 -1.9382 -0.4859 0.0027
7.7387 2.8736 -0.4603 -0.5374 0.0904 -0.0229
12.6797 3.7164 -1.7238 0.1188 0.0467 0.008
13.4075 0.8811 -1.0726 1.5261 -0.1567 0.4831
9.1937 0.0766 -2.3367 3.1144 -5.8133 1.1223
10.0371 1.7244 -2.9503 1.705 -2.7602 2.1332
3.7164 -3.4087 -4.7124 0.4118 -1.6406 0.318
2.797 -2.6043 -5.7084 0.4533 -0.3165 -0.1699
5.1721 -0.8039 -7.2024 -0.6066 1.7522 0.2573
6.283 -8.7718 -4.0995 -0.9944 2.2295 -1.608
9.156 -1.1486 -1.8777 -1.1009 1.0886 -2.6669
7.5854 4.5592 0.1526 0.5109 1.5317 -0.3243
6.4745 0.4603 -1.9543 -1.8008 -0.2302 -0.2061
7.5854 2.9119 -0.9966 -0.4266 0.5357 -0.2029
11.1863 3.9079 0.2292 0.0869 -0.8918 0.0059
14.2126 3.6781 -1.2264 0.6089 0.1 -0.0346
7.9679 -0.2682 -0.6129 1.9415 -0.994 0.3138
6.781 0.3071 -3.1035 0.4011 -0.7213 0.8006
8.4659 1.5706 -4.3287 1.9181 -3.5986 2.6062
1.5712 -2.9874 -4.3676 0.8219 -0.8044 -0.0772
1.3797 -3.064 -6.5128 -0.0495 0.8936 -0.6365
6.283 -3.6003 -11.7992 -1.1818 1.3016 -0.2082
-0.9188 -5.8987 -6.8959 1.2054 0.9639 -1.2351
12.1823 -6.8181 -3.2567 -3.5031 2.8686 -1.3481
9.1171 -0.7661 -1.7238 -1.413 1.5466 -2.3441
8.734 4.8267 -0.7661 0.6025 0.7381 -0.3297
7.2018 2.1835 -2.2601 -0.597 0.3163 -0.1922
8.3899 1.6861 -2.0309 -0.1698 0.1607 -0.0378
9.0794 1.916 -2.0309 -0.2433 -0.2611 0.1667
10.4585 1.8393 -1.5329 -0.3435 -0.4188 0.1444
7.662 2.5672 -1.8393 -0.0793 -0.1461 0.0666
10.1903 2.3373 -1.9543 0.0773 0.1298 0.0112
8.4659 1.6089 -2.2218 -0.0505 0.1384 0.0634
9.1171 2.2984 -2.7581 0.301 0.1117 -0.0303
8.8496 1.6478 -2.0309 0.0432 0.0212 0.0123
9.1171 2.2218 -2.5666 0.2243 0.1426 -0.0388
8.9645 1.9926 -2.0692 0.007 -0.0289 0.0006
9.0794 2.0309 -2.299 0.1615 0.1309 -0.0239
8.9256 1.992 -2.3367 0.0411 0.0084 -0.0005
8.9639 2.1835 -2.0686 0.0549 0.0265 -0.0101
9.0028 2.1458 -2.299 0.0155 -0.0182 -0.0143
9.0022 2.0686 -2.1452 -0.0143 -0.0055 -0.0165
8.9639 2.0686 -2.1069 -0.026 0.0041 -0.0048
9.0411 2.1841 -1.9543 0.0198 0.0297 -0.0069
8.9256 2.1452 -2.2218 0.0198 0.018 -0.009
8.9256 2.2218 -2.1069 0.0368 0.0233 -0.0133
8.9262 2.1458 -2.1841 0.0102 -0.0033 -0.0058
9.0028 2.2607 -2.1075 0.0102 0.0095 -0.009
9.0028 2.1458 -2.1458 0.0049 -0.0097 -0.0005
9.0022 2.1835 -2.1452 0.0368 0.0137 -0.0016
8.9256 2.1452 -2.1452 0.0283 0.0084 -0.0037
8.9639 2.1069 -2.1452 0.0347 0.0137 0.0006
9.0788 2.0686 -2.1452 0.0017 -0.0023 0.0027
9.0788 2.1452 -2.1069 0.0134 0.0009 -0.0048
8.8496 2.1458 -2.1075 0.0166 0.0244 0.0133
8.9256 2.1452 -2.2218 -0.0058 -0.014 0.0102
8.9262 2.1075 -2.1075 0.0272 0.034 0.0048
8.9256 2.1069 -2.1452 0.0262 0.0244 0.0091
