9.347 1.494 -0.4214 -0.6908 -1.3967 -0.0708
9.8833 1.1492 -1.9537 -1.4791 0.6326 -0.4682
8.16 1.6861 1.3018 -0.8974 0.7541 0.105
10.3052 2.4906 0.6123 -0.0963 -0.4965 0.1763
12.144 0.6518 1.3018 -0.1539 0.4814 0.2403
13.9444 0.4603 1.5317 1.0978 -0.0417 0.3798
10.4585 -2.8341 1.8381 1.0382 -0.7394 1.9958
8.275 0.1538 -1.801 -0.7398 -4.4338 1.3492
4.0995 -1.9914 -3.6781 0.4906 -2.8625 -0.1741
1.4946 -1.9914 -3.0652 0.4917 -0.4582 -0.237
3.9079 -2.3361 -9.156 -0.5363 1.454 -0.6013
7.777 -7.3927 -1.5712 -1.0199 2.1911 1.314
11.7226 -6.933 -3.4866 -1.6932 2.5746 -0.5012
9.5391 2.8736 1.4168 1.7125 3.2596 -2.1662
5.7461 2.6432 1.5706 -0.6428 -0.1898 -0.4085
7.355 -0.1149 -1.1492 0.122 -0.6159 -0.0857
9.232 2.0686 -1.1492 -0.418 0.3716 0.0986
14.0594 1.801 1.57 -0.1869 0.4601 0.0336
9.8072 -0.7655 0.6889 2.5061 -2.2319 1.1255
8.4659 -1.6089 -2.2601 -1.5004 -3.311 1.4312
8.4659 -0.6129 -2.0686 0.7548 -2.6249 2.0523
1.8387 -2.1069 -1.8771 0.578 -1.1591 -0.2146
5.0188 -2.3744 -5.6318 -0.0931 0.59 -0.4351
8.9262 -2.9491 -9.9605 -0.7888 1.2111 0.3532
5.2864 -3.6009 -2.7964 -0.417 1.8193 0.0773
11.1857 -4.5969 -1.8004 -0.4979 2.1027 -3.2687
7.7004 5.0955 0.9188 0.9135 1.8769 -0.3211
6.6277 0.5369 -1.3414 -0.4724 -0.4039 -0.1805
8.6963 1.4563 -0.9966 -0.9422 0.7349 -0.1134
10.4968 2.5672 1.1103 0.1945 -0.2558 0.1934
14.5573 2.2607 0.4591 0.1689 -0.1844 0.2094
8.5048 -0.076 0.1909 1.7604 -1.3914 0.6035
5.5935 -0.4591 -3.793 -1.1659 -1.1421 1.3151
8.275 -1.4168 -3.6015 1.1127 -3.6018 2.1854
2.2224 -2.4128 -4.8656 0.2733 -0.6329 -0.1571
3.6398 -1.7615 -6.4362 -0.2242 1.095 -0.5001
13.4075 -2.873 -12.5648 -1.6633 2.6502 2.2291
4.9799 -3.2178 -2.49 -0.3445 1.8332 0.0144
9.5768 -2.5283 -0.7661 -0.5555 1.5797 -3.1324
9.8067 6.1292 -0.0383 0.3585 1.4795 -0.205
6.5122 0.3065 -1.4557 -0.6822 -0.3794 -0.0207
8.8879 1.4946 -0.422 -1.3438 0.9107 -0.0314
12.5265 3.984 -0.2682 0.1071 -0.4475 0.0048
11.6843 0.6901 -0.422 1.5665 -0.7245 0.3169
10.9948 -0.3825 -3.6781 1.982 -5.906 1.6251
7.7387 0.9966 -1.303 0.1753 -2.5696 1.9191
3.6392 -2.8347 -3.6392 0.2616 -0.5999 -0.4713
3.6781 -2.4894 -7.8536 -0.0122 0.5868 -0.3148
12.6803 -3.9834 -10.5734 -0.6258 1.0832 1.5058
9.1177 -4.9027 -3.9462 -1.1201 2.3275 -1.1275
8.9645 0.6135 -1.7627 -0.3456 1.6542 -2.9087
10.3046 6.8953 0.3448 1.2012 2.5139 -0.2349
5.3247 1.5706 -0.4597 -1.0029 0.1458 -0.1965
7.777 3.1035 -1.418 -1.3619 0.6113 -0.1198
10.6117 3.9079 0.4208 1.1 -0.6127 0.0773
15.0164 2.6432 -0.1532 0.8826 -0.3016 0.2605
7.853 0.0383 -0.3831 2.2387 -2.7251 0.8208
6.6655 -0.4214 -2.1841 -0.9187 -1.0121 0.7377
7.1257 -0.6123 -4.789 1.4792 -3.6891 2.6872
0.9583 -1.6849 -3.7164 0.6675 -1.3541 -0.2849
2.3373 -2.4511 -6.5128 -0.0654 0.8191 -0.4373
3.7547 -1.6466 -8.8113 -0.3957 1.5828 -0.3222
1.9154 -4.2521 -6.857 0.1071 2.3562 0.0645
8.6197 -2.3744 -1.2264 -2.0863 0.9352 -2.8139
10.0365 2.0303 -2.1452 -0.2316 1.8651 -1.5526
5.6312 2.3367 -1.1875 -0.1656 0.7274 -0.221
8.3127 1.2258 -1.2641 0.2179 0.4185 -0.2093
9.347 1.8387 -0.8428 -0.6513 -0.096 0.0165
8.7724 1.9154 -0.5363 -0.4809 -0.2558 0.2552
10.6883 3.2567 -0.7667 0.2222 -0.1791 0.041
7.9296 1.3791 -0.4597 0.4832 -0.4678 0.1135
10.4202 0.6135 -3.0269 0.3244 -0.3304 0.0741
8.6197 0.2304 -1.5329 -0.3222 0.3099 -0.0772
9.845 0.996 -1.8004 0.0943 0.4878 -0.0942
8.5048 2.1458 -1.0732 -0.4926 0.0063 -0.0143
8.9645 2.0692 -0.6135 -0.2934 0.0041 -0.0335
9.1171 1.992 -0.6895 0.1902 0.0808 -0.0708
9.4625 1.916 -0.7284 0.1561 0.116 -0.0506
9.1937 1.8771 -1.0726 -0.0143 -0.0427 -0.0314
9.232 2.0686 -0.8045 0.007 -0.0246 -0.0026
9.1554 2.0303 -1.1109 0.0794 0.0073 0.0283
9.1171 2.3367 -1.0343 0.0613 0.0009 0.0219
9.1943 2.1075 -1.1115 0.007 0.0063 0.007
9.1943 2.1841 -1.1498 0.0262 0.002 0.0102
9.2326 2.1075 -1.1881 0.0645 0.0201 -0.0005
9.2326 2.1841 -1.2264 0.072 0.002 -0.0101
9.1943 1.9926 -1.1115 0.0358 -0.0129 -0.0143
9.156 2.1458 -1.2264 0.0251 -0.0097 -0.0133
9.1554 2.0686 -1.1875 0.0421 -0.0087 -0.0133
9.0788 2.1835 -1.1875 0.0283 -0.0055 -0.0133
9.0788 2.1452 -1.1875 0.0059 -0.0076 -0.0026
9.232 2.1069 -1.2258 0.0049 0.002 0.0048
9.1554 2.2218 -1.2258 -0.0122 -0.0097 0.008
9.1171 2.2218 -1.2258 -0.0079 -0.0033 0.0027
9.1554 2.1452 -1.2641 -0.0101 -0.0023 -0.0037
9.1943 2.1075 -1.2264 -0.026 -0.0076 -0.0069
9.1177 2.0692 -1.1498 -0.0175 -0.0225 -0.0016
9.1177 2.0692 -1.1498 -0.0069 -0.0108 -0.0112
