-0.996 -8.2744 1.1109 0.5113 -0.2779 0.3499
-2.7192 -11.5682 0.8805 0.6263 1.4254 0.2348
-4.443 -9.0782 0.4974 0.7883 -2.0005 0.8889
-0.9954 -8.8484 1.6849 -1.5053 0.357 -0.3276
-2.9108 -9.0782 2.566 0.0522 0.4326 -0.0485
-4.2132 -7.3927 0.8805 -0.1225 -0.1011 0.4788
-2.4134 -8.9256 1.4557 -0.6669 -1.4487 -0.0538
1.5329 -14.0965 2.1063 -0.147 -1.5914 -0.5548
-5.0943 -9.8444 4.6346 0.2492 -1.1696 -0.4845
-2.0297 -3.7535 0.574 0.1065 0.7341 -0.2501
-2.1069 -0.1915 0.5363 -0.0139 0.2994 1.6226
-5.2092 -11.3766 1.57 -0.016 -2.0175 0.8959
0.5752 -3.6386 1.6466 -1.9345 1.124 0.3271
1.0726 0.2298 0.8811 -1.4967 -1.4156 -1.1185
0.5363 -12.7563 1.9154 3.803 1.6992 -0.5337
-3.7541 -9.845 3.5626 -2.0251 -5.5179 0.1524
-2.3367 -2.4517 6.9336 0.4058 1.3743 -0.4623
-0.5357 3.4099 -0.9583 0.4101 -0.0116 2.4903
-2.2978 -11.9513 0.076 1.7438 0.8086 -5.1179
-1.57 -11.6448 5.6306 -1.6821 -1.3411 0.9339
0.6518 -2.3361 0.6123 -1.3284 0.9034 -0.2294
-0.0766 0.8811 1.1492 -0.4879 -0.2332 -0.1505
-1.8765 -12.8706 -0.7284 1.0897 -0.4686 0.6657
-0.6512 -11.1091 2.4517 -0.3771 -0.3834 -1.6331
-2.7198 1.7238 1.8387 0.0724 0.5785 0.9576
-2.068 1.303 -1.8777 0.816 0.9279 2.2029
2.6821 -13.292 -0.9583 2.0826 2.3873 1.4551
-1.6849 -2.2212 1.1103 -2.8986 -0.866 1.4216
0.498 1.3791 0.9194 -1.1622 -0.8202 0.2615
10.8793 -19.0387 -0.9577 3.2117 0.8981 -2.3197
0.2682 -10.1131 6.2058 -2.0113 -4.7787 -1.0403
-3.0263 -3.2178 3.7541 0.212 2.3437 -0.193
-2.5283 1.5323 1.1492 0.555 0.9003 1.9375
1.3414 -7.0096 -3.5249 3.5857 4.6266 -3.3483
-0.3442 -5.7838 1.3402 -2.8358 -0.9053 1.4272
0.92 -1.4168 2.0297 -1.0482 -0.6997 -0.143
5.4019 -9.921 -1.9543 2.5598 -0.5123 -0.2541
0.5746 -5.363 -1.0343 1.0216 1.9208 0.1465
-1.8387 -11.1857 6.857 -0.7926 -1.7991 -0.9795
-2.2978 1.801 1.5317 1.0706 1.3594 0.7579
0.6518 -3.4087 -6.283 -0.2813 -0.8116 2.5412
0.5369 -3.4471 -0.422 1.2314 3.5421 -0.8858
-1.1875 -4.4053 -0.4597 -0.8245 -0.9171 0.743
0.5369 1.1498 0.4591 -0.6893 0.3378 -0.1912
12.2972 -19.0381 6.2818 1.0631 -3.7858 -2.0373
-0.1526 -16.8163 9.2314 -2.938 -0.7818 0.3393
-2.1446 -2.9874 2.1829 0.2066 2.5386 -0.8495
-1.5317 1.6095 0.9954 0.8 0.276 0.7412
6.5511 -18.0421 13.7517 0.0373 0.8534 -0.4306
1.8393 -15.6287 2.8341 -0.5838 0.5541 1.1492
-0.6895 -2.1452 2.2984 -1.4126 0.2036 0.6261
0.0006 -4.1366 0.9571 -0.4996 1.0633 -0.6107
-2.8341 -7.3927 2.8724 0.4868 1.1709 1.8417
4.9805 -0.3059 -8.8496 2.8283 4.617 1.7351
2.797 -8.5036 -0.4603 -1.4818 2.7294 -0.2079
-1.6855 -5.1332 3.869 -1.6693 -0.9107 -0.2569
-0.8428 -12.0668 1.2641 0.2642 0.4039 0.5048
2.3367 -9.6534 1.2641 -0.9385 -1.0758 0.6725
0.7278 -9.9599 1.0343 0.5997 0.8044 0.0845
0.0766 -10.1131 -2.2601 -0.6584 -0.8617 0.3721
-0.3065 -9.1937 2.0686 -0.032 0.1865 0.0376
-0.5746 -9.5768 0.3065 0.1225 -0.9 0.3636
-0.6129 -9.232 0.8428 -0.1193 0.6606 0.0824
0.8434 -9.4996 0.4591 -0.0586 -0.0254 0.1836
0.3065 -9.5385 0.3448 0.0426 0.193 0.1144
0.0383 -9.5385 0.498 -0.048 0.0183 0.1804
0.0766 -9.5002 0.5363 -0.0139 0.0779 0.1666
-0.0383 -9.5385 0.8045 0.0469 -0.0148 0.2046
0.0006 -9.6145 0.5357 -0.0618 0.0822 0.1588
0.1155 -9.5379 0.6123 0.0053 0.0193 0.162
0.1532 -9.5002 0.6895 0.0224 -0.0457 0.1791
0.1149 -9.6917 0.4597 0.0149 -0.0754 0.1792
-0.076 -9.4613 0.6506 0.0075 -0.0573 0.177
0.0006 -9.423 0.6506 -0.0011 -0.0147 0.1877
0.1921 -9.5762 0.6506 -0.0107 -0.0286 0.1739
0.0389 -9.5379 0.6123 -0.0128 -0.0243 0.1568
-0.0383 -9.4619 0.6129 -0.0266 -0.035 0.1615
0.1915 -9.5002 0.498 0.0074 0.0044 0.1562
-0.0766 -9.4236 0.6895 0.0138 -0.0286 0.1775
0.1149 -9.5002 0.498 -0.0117 0.0342 0.1562
0.1155 -9.4613 0.6123 -0.0181 -0.0329 0.1796
0.1155 -9.4996 0.574 -0.0064 -0.0062 0.169
0.1155 -9.423 0.574 0.0021 -0.0339 0.1669
0.1532 -9.5385 0.5746 0.0192 0.0108 0.1595
0.1538 -9.423 0.5357 -0.0139 -0.0009 0.1658
0.1921 -9.4996 0.5357 0.0075 -0.0062 0.1722
0.1149 -9.5002 0.6512 0.0202 -0.0361 0.1873
0.1532 -9.5002 0.5363 0.0202 -0.0105 0.1735
0.1149 -9.4236 0.5746 0.0106 -0.019 0.181
0.1532 -9.5385 0.6129 0.0341 -0.0275 0.1842
0.1149 -9.5002 0.5746 -0.0053 0.0023 0.1842
0.1538 -9.5379 0.5357 -0.0011 0.0321 0.177
0.1149 -9.5768 0.4597 -0.0053 -0.0169 0.1781
0.1155 -9.423 0.6506 -0.0011 -0.0201 0.1727
0.0006 -9.4996 0.574 0.0096 -0.0318 0.1738
0.0772 -9.5379 0.6889 -0.0096 -0.003 0.1685
