9.7683 3.1412 2.0686 -0.5777 -0.1861 -0.1617
9.1554 3.9073 -0.0383 -0.0397 0.5117 -0.2363
8.7724 1.494 0.9577 -1.0134 0.0408 -0.1884
9.4242 2.7587 1.3402 -0.681 0.1495 0.0354
11.1857 2.7964 1.5323 -0.4999 -0.2884 0.1973
7.1635 5.0182 -2.5283 1.9118 -0.887 0.3059
13.9061 -0.6889 2.7575 1.2045 0.9985 0.8737
15.6683 -0.3442 2.1446 0.1605 -1.7989 0.6852
2.2224 -0.6889 -0.5752 -1.9871 -2.6223 0.3901
-0.4591 0.1155 -0.1538 -1.5535 0.0121 -0.1617
2.3373 -0.7655 0.1909 0.2766 2.8243 -2.1804
13.2166 4.8273 0.5357 1.7712 1.4683 0.4796
6.3973 0.2682 -8.2744 -1.4129 0.9804 0.1259
-0.498 -0.0766 0.5746 -0.8046 -0.74 0.225
4.0606 -1.9154 3.2561 2.6266 1.1327 -0.9894
13.1777 0.7661 -2.6432 5.6722 -4.9755 -0.4195
0.0389 -1.1486 0.1143 -3.3698 1.4896 0.5435
-0.6506 -0.1526 0.7655 -2.7413 2.1479 -0.4238
19.5756 15.3235 16.3183 -0.3029 -0.3597 -1.0267
10.4968 3.1035 0.3825 0.4013 1.5343 0.6394
0.0006 -0.2676 -2.5672 -0.3615 0.4115 0.2292
-0.076 -0.6506 2.2978 0.641 -0.8593 0.8727
15.3229 3.1795 1.5706 4.1798 -5.783 -0.0275
2.0686 3.0263 -9.0788 0.3619 1.2616 0.5222
0.4597 0.8428 0.5746 -1.9423 1.7538 -0.3066
5.7461 1.7238 0.498 -1.1114 -0.7454 -1.1269
15.3612 5.4779 -2.9113 -0.0898 2.6901 0.3049
7.2018 1.494 -8.1211 0.56 -0.8071 0.3027
-0.8811 0.0766 0.1532 -0.027 -1.6306 -0.3844
17.2005 1.1498 11.7214 1.3174 4.4553 1.7483
7.1641 2.8353 -19.3841 5.5817 2.0563 -1.3538
2.0686 -1.5706 -0.8428 -4.0111 0.6107 1.0687
-0.6889 0.2304 0.6889 -3.0033 1.2957 -0.33
19.4601 5.4013 16.204 0.5717 -0.5089 -0.3481
14.5567 5.9759 0.3065 0.8327 1.448 0.0716
5.5162 3.6009 -7.1635 0.6708 0.3998 0.438
-0.7272 0.1538 0.6889 -0.2784 -1.2151 0.6074
19.5756 -6.1669 17.659 0.5973 0.6299 -2.6225
4.1378 2.2607 -15.9747 4.0455 0.4712 -1.0256
0.3065 0.3448 -0.498 -2.1948 1.2733 0.0929
-0.574 0.1921 0.4974 -1.8624 1.6398 -0.1745
19.5756 15.2852 10.4956 -1.0837 -2.5915 -1.0427
7.2024 -0.076 -4.0995 -2.4931 0.1782 0.7704
0.9583 0.6135 -0.0772 0.0252 -0.7858 0.5435
6.1298 -0.2676 0.3825 0.6186 -1.0543 -0.313
13.1017 0.8817 -4.9805 3.5726 -2.4114 -0.1947
4.2904 1.3024 -4.7884 -0.5468 0.8483 0.0758
0.9577 0.2298 -0.1532 -0.4605 1.4118 -0.0318
17.2005 0.9583 -4.5209 1.4229 -4.2352 -1.0992
13.7529 5.2487 0.7272 -2.6986 -0.5525 -0.1915
10.1897 2.2607 2.4134 0.0689 2.1735 0.2186
5.0182 1.3024 0.5746 1.1384 0.1452 0.2335
8.1983 1.2264 -2.1075 0.593 0.8984 0.1152
10.4202 1.1881 -0.1538 -0.2113 -0.1818 0.3475
7.6231 2.1069 0.0383 -0.1516 0.1399 0.2271
10.0365 0.8045 0.2682 0.4961 -0.4066 0.2111
10.228 0.7278 -2.3367 0.6836 -0.968 0.2644
8.5425 2.1069 -1.9154 0.0998 0.4712 -0.0531
9.4619 0.5746 -1.1875 0.0327 -0.0103 -0.1298
9.0794 0.6901 -1.418 0.4098 0.5394 -0.1564
9.7683 1.6472 -0.7278 -0.3892 0.37 -0.1244
9.5002 0.3065 -1.5323 0.3374 0.2773 -0.0637
9.3859 1.4563 -0.6518 -0.191 -0.1083 -0.0286
9.4242 1.6478 -0.3454 0.0433 -0.0007 -0.0627
9.3476 1.7627 -0.6518 0.0593 0.0536 -0.118
9.3087 1.7621 -0.7278 0.0061 -0.0796 -0.134
9.2709 1.9926 -0.3837 0.0838 -0.0199 -0.1244
9.1943 1.9926 -0.3837 0.0508 0.0227 -0.0861
9.2326 2.1075 -0.6901 0.1989 0.1079 -0.0595
9.3087 2.2601 -0.6895 0.1722 0.0749 -0.0488
9.3093 2.3373 -0.7667 0.1158 0.0035 -0.0605
9.156 2.1841 -0.6518 0.0455 -0.0455 -0.0413
9.2326 2.1841 -0.6518 0.0828 0.0184 -0.02
9.2326 2.1458 -0.6901 -0.011 -0.0242 0.0002
9.1554 2.2601 -0.6895 0.0263 -0.0007 0.0013
9.232 2.3367 -0.6895 0.022 -0.0103 -0.0019
9.1554 2.1452 -0.6129 0.0146 0.0014 0.0055
9.1177 2.1458 -0.6901 -0.0046 0.0067 0.0194
9.1943 2.2607 -0.6901 -0.011 0.0259 0.0258
9.2326 2.1075 -0.7284 -0.0195 0.0057 0.0354
9.1943 2.0692 -0.6518 -0.0025 0.011 0.0236
9.2326 2.2607 -0.7667 0.0188 0.0078 0.0119
9.156 2.1075 -0.7284 0.005 0.0003 -0.003
9.156 1.9543 -0.6518 0.0007 0.0089 -0.0019
9.1177 1.916 -0.6518 -0.0184 0.0035 0.0087
9.1943 1.916 -0.6135 -0.0238 -0.0018 0.014
9.156 2.0309 -0.6901 0.0401 0.0323 0.0226
9.2703 1.992 -0.7661 0.0263 0.0259 0.014
9.3087 1.992 -0.6895 0.0231 0.0099 0.0002
9.2703 1.9537 -0.5746 0.0103 0.0014 -0.0009
9.1937 1.992 -0.6512 0.0242 0.0184 -0.0009
9.1943 1.9926 -0.6135 0.0295 0.0099 0.0034
9.232 1.992 -0.7278 0.0497 0.0259 0.0045
9.2709 2.0309 -0.6901 0.0412 0.0195 -0.0019
9.3476 1.9543 -0.6901 0.0401 0.0248 -0.0094
9.2709 2.0309 -0.6135 0.021 -0.0007 -0.0126
9.3093 1.9543 -0.6135 -0.0046 -0.0093 -0.0126
9.1943 1.9926 -0.6135 0.0029 -0.0039 -0.0062
