-0.9194 9.6534 -1.7621 0.0015 -0.0168 0.0349
-0.0377 9.9605 -1.3791 0.1165 0.1611 -0.0024
-0.3059 9.9988 -0.6518 0.0164 -0.0934 0.168
-0.7272 9.1177 -0.9966 0.2358 0.2102 -0.078
-0.4591 9.6923 -0.6901 0.1187 -0.0796 -0.0034
-0.6889 9.6923 -0.6135 0.1112 -0.0072 -0.1153
-0.9571 10.152 -0.9583 0.0175 -0.0008 -0.2335
-1.2252 12.2589 -1.5329 -0.0965 0.0504 -0.3784
-0.3059 8.4665 -2.5289 -0.2574 -0.478 0.1957
-2.1069 10.228 -6.0142 0.1123 0.4679 -0.4125
0.3448 9.1554 -0.7278 -0.1189 -0.7997 0.4983
-1.7238 8.5042 -2.988 -0.1967 0.2389 0.0519
-0.8039 8.0451 -0.9966 -0.0944 0.3529 -0.1004
-1.9914 7.7387 -0.9966 -0.4992 0.2751 -0.1536
-1.9914 8.8879 -0.4986 -0.3447 0.273 -0.2889
2.0309 12.4504 -0.92 0.8622 -0.9158 0.9277
-2.1829 8.5048 -1.6478 0.287 -0.1616 -0.307
-0.0766 6.5505 -0.5363 -0.4928 0.0578 0.0286
-1.9914 6.8193 -0.1538 -0.2531 -0.7699 -0.0927
1.1115 10.4585 -0.92 0.4244 0.3497 -0.1833
-3.1406 17.7752 -4.7507 -0.6888 -0.282 -0.2227
-2.1829 12.8335 -0.9583 1.0146 0.7257 -0.1162
-1.6466 5.4402 -0.6901 -0.7495 -0.5792 0.5507
-1.2252 6.8193 -3.9079 0.0697 0.6075 -0.6296
-0.9188 7.2407 1.57 0.2497 -0.6293 0.3398
-1.9914 9.0411 -2.2224 0.0484 0.4679 -0.1343
1.7621 18.1576 0.996 0.8953 -0.9766 1.2804
-2.1452 8.4659 -2.988 -0.2882 -0.1915 -0.2781
-0.0377 6.5511 -0.1921 -0.1572 -0.3076 -0.1536
-0.9188 7.3173 -0.7284 0.1528 -0.3246 -0.0279
0.5746 8.6191 -1.5706 -0.0124 0.3881 -0.127
-3.8307 16.8552 -6.5122 0.1144 0.2293 0.4738
-1.9537 13.9821 -0.9577 0.8942 1.0762 0.15
-2.2218 6.6272 -1.9537 -0.6377 1.2467 0.5164
-0.7278 7.0102 -2.7198 0.63 0.3028 -0.3496
-1.5317 6.9725 -1.3797 -0.8156 0.2655 0.2341
-1.0337 8.5814 -1.3414 -0.0369 0.2474 -0.1739
-0.498 18.3109 -2.3367 1.4811 -0.2362 0.4983
-0.9577 8.9639 -1.5706 -0.9285 -0.6932 -0.207
0.0772 6.3596 -0.7284 0.2742 0.3572 -0.3178
-0.1909 7.3173 -0.1921 -0.2286 -0.2287 -0.0291
-0.7655 8.658 -1.303 0.1783 0.0781 -0.0099
-4.9033 18.9621 -5.7078 0.1005 0.1931 0.2884
-0.996 12.3732 -0.8045 0.8878 1.0805 0.0157
-1.4174 5.5545 -3.2944 -0.5184 1.3851 0.5974
-1.0343 5.4396 -1.8004 0.6811 -0.1606 -0.4349
-1.8381 8.4665 -0.7284 -1.2129 -0.0146 0.0445
0.4986 19.1925 0.1909 2.1182 1.2403 -0.1153
-1.7232 10.152 -2.7204 -0.9253 -1.1289 -0.176
0.1921 5.7084 -0.7284 0.3029 0.3263 -0.1122
0.1921 6.6661 -0.422 -0.4172 -0.6218 -0.0131
-0.9954 7.5088 -1.303 0.1368 0.1548 -0.1655
-7.2395 18.3498 -3.7164 0.1219 -0.6612 0.4801
-0.8039 10.4202 0.6889 0.4979 1.6003 -0.2699
-1.8765 4.4442 -3.0269 -0.5876 0.0461 0.754
-2.4128 6.7427 -1.6478 0.4638 0.6288 -0.781
-0.9188 7.3173 -0.3071 -0.9519 -0.4929 0.4461
-2.3367 19.2302 -2.7581 2.2854 1.5918 -0.3219
0.1915 10.4962 -2.6432 -1.133 -0.3086 -0.3422
0.3837 6.2447 -0.1155 0.2188 -0.0295 0.0051
-0.3825 7.279 -0.2304 -0.4278 -0.249 -0.029
-0.4208 9.3093 -0.0772 0.1101 0.2996 -0.2868
-3.5243 19.1153 -6.1675 -0.0347 0.714 -0.4754
-1.9154 13.3692 -3.2561 0.6279 1.1476 -0.2645
-1.8765 6.9725 -3.7547 0.19 0.5244 0.1862
-0.5357 9.3859 -1.801 -0.1562 0.0717 -0.0642
-3.0646 11.5688 -2.0303 -0.0156 0.5287 -0.0365
0.4214 8.2361 -0.498 0.0015 -0.3789 0.3492
-1.1486 10.5734 -0.2304 0.2433 -0.2586 0.0498
-0.9571 9.3859 -1.4946 -0.006 -0.0253 -0.0215
-0.7661 10.3046 -0.6129 0.0324 -0.2117 0.0595
-1.0726 9.5385 -1.3791 -0.0294 0.044 -0.0183
-0.9577 10.1131 -0.7661 0.0249 -0.0381 0.0691
-1.1875 9.9216 -1.1492 0.0857 -0.0178 0.0424
-0.7661 9.9599 -1.1109 0.009 -0.0668 0.0147
-0.8039 9.8456 -1.2264 0.01 0.0727 -0.0428
-0.9954 9.7306 -1.303 0.009 0.0866 -0.0311
-0.9954 9.8072 -1.1498 0.0058 0.094 -0.0289
-1.1875 9.9599 -1.1875 0.0079 0.0738 -0.0247
-1.1486 9.9605 -1.1498 -0.006 0.0631 -0.0226
-1.0337 9.8456 -1.1498 0.0175 0.0599 -0.0365
-1.1103 9.8456 -1.2264 0.0026 0.0173 -0.0162
-1.0726 9.845 -1.2641 0.043 -0.0061 -0.0194
-1.2252 9.9222 -1.303 0.0185 -0.0274 -0.0301
-1.2252 9.7689 -1.418 -0.0284 -0.0285 -0.009
-1.1486 9.7689 -1.1881 0.0025 -0.0093 -0.0154
-1.2252 9.8456 -1.303 -0.023 -0.021 -0.0015
-1.2635 9.8456 -1.1881 -0.0081 -0.0093 0.0123
-1.2252 9.8072 -1.2647 -0.0273 0.0205 0.0198
-1.1486 9.8072 -1.1115 -0.0124 -0.0082 0.0304
-1.072 9.8456 -1.2264 -0.0071 0.0131 0.0197
-1.0337 9.7306 -1.2264 0.0132 0.0173 0.0197
-1.0337 9.9605 -1.1115 0.0355 0.0056 0.0197
-1.072 9.9222 -1.2647 0.0451 0.0141 0.0091
-1.1486 9.7689 -1.4563 0.0526 -0.0018 -0.0003
-0.7661 9.9216 -1.1875 -0.0156 -0.0263 -0.0078
-1.0337 9.8072 -1.3414 0.026 0.0109 -0.0205
-1.0337 9.8456 -1.3797 0.0111 -0.004 -0.0173
-1.1103 9.8839 -1.3414 0.026 0.0205 -0.012
