-9.3087 2.375 -0.996 0.6461 -0.512 -0.0917
-9.6528 2.2607 -0.8817 -0.6141 -0.0741 -0.1769
-9.423 3.1801 0.0377 -0.4458 -0.1753 -0.1705
-9.9599 3.9456 -1.992 0.2828 0.2636 -0.0693
-13.216 2.873 -0.6512 0.7813 0.7131 0.0828
-9.8833 -1.5706 -0.1532 1.1169 0.793 -0.6938
-8.1594 -0.6895 -0.4597 0.3222 1.2777 -0.2986
-7.1251 1.3408 -0.9577 -0.3042 -0.218 0.1573
-10.419 0.8817 -3.2567 0.0548 -0.7261 0.5347
-10.8403 0.8817 -8.5814 1.0232 0.6875 -0.2472
-13.5608 0.2298 1.1109 -3.5937 -1.2907 0.2396
-7.9296 -0.1532 2.0686 -0.1337 -0.006 0.196
-7.9673 0.7284 1.4934 0.6077 -1.0861 -0.1556
-8.925 1.9543 -1.2647 -0.6248 -0.2904 0.0415
-10.2663 2.2218 -3.3327 -0.9252 0.0367 -0.2714
-10.8793 4.865 0.0383 0.1113 0.6481 0.3411
-11.9513 -3.9067 0.3825 1.8189 0.6854 -0.6933
-8.3504 -0.8805 -0.6901 1.2671 1.2873 -0.4365
-7.1629 1.5329 -1.1881 0.5736 1.4375 0.0673
-6.5882 -1.0337 -1.0349 -0.4884 -0.5993 0.457
-10.4956 -0.7655 -5.3636 -1.2938 1.0337 0.3249
-12.3343 -2.9874 -0.6518 -2.7351 0.7493 -1.4115
-10.7254 -4.4047 4.7112 -3.8547 -5.4346 0.262
-9.5385 -1.1875 5.5929 -1.6709 -0.6004 0.8191
-8.6951 3.9462 4.3664 -3.5937 0.2305 1.0138
-6.933 1.1498 3.6769 -4.2339 0.5277 0.6399
-8.1588 0.0006 6.933 -3.0185 -0.1541 -0.5766
-14.3646 -2.2595 7.1245 -4.2286 2.001 -2.6709
-6.9713 0.3454 -4.2144 -2.1513 5.3992 0.8785
-3.6009 0.498 -2.988 -1.0403 0.843 -0.3575
-9.0788 -5.3247 -5.861 -1.5367 1.136 0.1112
-17.659 -0.1143 -9.8072 -0.4661 4.0037 -0.1455
-3.4087 -0.2676 -5.4402 -1.1031 2.2066 1.0657
-3.5237 -0.4974 -8.3899 -0.0315 3.3155 -0.3863
-0.7655 0.3071 -9.7306 -0.3052 2.0542 0.1623
0.3837 1.5712 -16.1279 -0.4384 0.6193 0.3636
3.2567 1.916 -7.7004 -0.6845 -1.5772 0.1942
-1.4168 2.2607 -9.3093 0.1699 -0.2308 -0.3895
-3.5626 0.498 -9.6917 -0.154 0.1943 -0.0369
-1.3408 2.0303 -9.5385 -0.1156 0.0643 -0.0099
-1.9531 1.3414 -8.8113 -0.0623 -0.0774 -0.0248
-2.068 1.2647 -9.2326 -0.0123 -0.1136 0.0157
-2.566 1.4563 -9.4242 -0.0176 0.0249 0.0018
-2.1063 1.4563 -9.5774 -0.0112 0.026 0.0274
-1.8004 1.8004 -9.0405 0.008 -0.0294 0.0323
-1.992 1.2258 -9.3087 -0.0304 -0.0198 0.0291
-2.1069 1.3024 -9.5768 0.0122 0.0175 -0.0113
-2.1446 1.6095 -9.4625 0.0144 0.059 -0.0071
-2.0297 1.4946 -9.3476 -0.0208 -0.0454 0.0281
-2.2218 1.5323 -9.4619 0.0037 0.0228 0.0252
-2.1452 1.3024 -9.347 0.0176 -0.0177 0.0465
-2.0686 1.4174 -9.4236 0.0101 -0.0486 0.0412
-2.1069 1.4174 -9.4619 0.0005 -0.0283 0.0156
-2.2218 1.3408 -9.4236 -0.0059 -0.0251 0.0049
-2.2212 1.4946 -9.3476 -0.0027 -0.0166 0.0113
-2.1063 1.4946 -9.3476 -0.0059 -0.0071 0.0043
-2.1829 1.418 -9.4242 -0.0144 -0.0017 0.0128
-2.2595 1.418 -9.3476 -0.0144 0.0068 0.0064
-2.1829 1.4563 -9.3859 -0.007 0.0036 0.0022
-2.2212 1.4946 -9.3859 0.0048 -0.0081 0.0043
-2.2601 1.5706 -9.1937 0.0069 -0.0071 0.0096
-2.1835 1.494 -9.1937 -0.0006 -0.0017 0.0054
-2.1446 1.4563 -9.5391 -0.0038 -0.0007 0.0043
-2.1835 1.494 -9.6534 -0.007 -0.0017 0.0001
-2.1063 1.4946 -9.5774 -0.0059 0.011 0.0022
-2.2212 1.4563 -9.5774 0.008 0.0068 0.0026
-2.1829 1.4563 -9.1943 -0.0006 0.0025 0.0047
-2.2212 1.4946 -9.1177 0.0016 -0.0017 0.0026
-2.2212 1.4946 -9.2326 -0.0027 0.0036 -0.0006
-2.2212 1.4563 -9.3859 -0.0006 -0.0017 -0.0038
-2.2595 1.4946 -9.2709 0.0026 0.0014 -0.0059
-2.2212 1.4563 -9.3093 0.0026 0.0025 -0.0038
-2.2978 1.4563 -9.4625 0.0005 -0.0018 -0.0048
-2.2212 1.4563 -9.3859 -0.0006 -0.0028 -0.0027
-2.2212 1.4563 -9.3859 -0.0027 -0.0007 -0.0038
-2.2212 1.4563 -9.3476 -0.0006 0.0025 -0.0006
-2.2595 1.4946 -9.4242 0.0016 0.0068 0.0005
-2.2212 1.4563 -9.3859 0.0005 0.0046 0.0026
-2.2212 1.4946 -9.4625 -0.0006 0.0068 0.0026
-2.2218 1.5706 -9.3853 0.0005 0.0025 0.0047
-2.2212 1.5712 -9.3093 0.0037 0.0078 -0.0001
-2.2212 1.4563 -9.3476 0.0026 0.0035 0.002
-2.2212 1.4946 -9.2709 -0.0017 0.0078 0.0031
-2.2595 1.4563 -9.4242 -0.0059 -0.0018 -0.0033
-2.2218 1.4174 -9.3853 0.0026 0.0003 -0.0023
-2.2601 1.5323 -9.3853 0.0026 0.0014 -0.0055
-2.1829 1.4563 -9.3859 0.0015 0.0067 0.0009
-2.1835 1.4174 -9.4236 -0.0032 -0.0042 -0.0034
-2.2218 1.5323 -9.3853 -0.0032 0.0012 -0.0024
-2.1835 1.5323 -9.3853 -0.0021 -0.001 -0.0045
-2.2212 1.4946 -9.3093 0.0011 0.0012 -0.0002
-2.2601 1.494 -9.5002 -0.001 0.0001 -0.0013
-2.2601 1.4557 -9.3853 0.0 0.0001 -0.0013
-2.2595 1.418 -9.3859 0.0004 0.0002 0.0016
-2.2601 1.5323 -9.4236 0.0015 -0.0019 -0.0016
-2.1829 1.4946 -9.3859 0.0047 -0.0019 -0.0016
-2.2978 1.4946 -9.3859 0.0058 -0.003 -0.0026
-2.2601 1.5706 -9.347 0.0026 -0.0008 -0.0037
