4.4053 -8.4276 0.8811 0.1674 0.141 0.033
4.1761 -8.2738 1.3018 0.1142 -0.4172 0.1055
4.1761 -8.0056 1.2252 0.0332 -0.0283 0.0596
3.4866 -8.9633 1.8765 -0.2864 -0.4342 -0.2141
3.8313 -8.5419 0.6889 0.7246 1.0913 0.1684
3.6398 -8.4653 1.6466 0.0353 -0.4374 0.0448
4.5592 -7.9673 1.3018 0.5126 0.6652 -0.1715
2.6821 -9.0399 2.068 0.3688 -0.1359 -0.311
3.6009 -9.232 0.5363 0.16 -0.5077 0.0333
3.1795 -12.4498 0.1532 -0.5484 0.9464 0.486
4.7501 -9.0022 0.1532 -1.7682 -0.9178 0.9547
6.8953 -6.8187 3.2561 -0.8829 0.6897 -0.0487
0.0006 -8.5802 -1.9926 1.8324 -1.7562 0.7726
4.6741 -4.7878 -0.5369 -0.5303 1.0369 -0.0839
3.5249 -13.1005 -4.0612 1.01 -0.4363 -0.5684
0.6129 -12.0285 -4.5203 -0.346 1.8284 0.4234
7.8913 -7.9679 2.0303 0.4742 0.1187 -0.04
5.1332 -7.7764 2.5283 -0.9053 -0.071 -1.2992
2.2601 -9.347 1.2258 0.3794 -1.589 -0.284
4.6741 -8.925 0.0377 1.6034 1.6921 -0.1425
5.8999 -7.8524 0.3442 1.7248 1.2447 -0.4173
2.5672 -10.1891 2.0297 0.0194 -0.9189 -0.2298
3.7164 -13.2537 -0.6518 -1.2014 -0.3042 0.8386
8.275 -9.4613 2.068 -1.7959 -1.4164 1.2349
4.8656 -5.7072 2.2212 -0.7231 -0.2552 0.0844
0.8434 -7.4693 -1.2264 1.0867 -0.5748 0.8056
5.4779 -4.0989 0.1149 0.1749 0.3892 -0.4547
0.92 -14.6328 -5.3253 2.7123 -1.8436 0.404
5.0955 -4.7495 1.7998 0.1855 0.2018 0.6575
8.2367 -6.8564 4.0217 0.1152 -0.4363 -0.4751
4.789 -8.6185 4.3664 0.8758 -5.0372 -0.6125
2.2984 -9.845 3.2944 0.1685 -1.6497 -1.2591
2.3373 -8.1205 0.6506 2.527 -1.2864 -0.3718
4.2144 -10.6105 1.8765 0.1355 -4.789 -0.3452
7.662 -7.4693 -4.4442 5.4181 1.0476 0.3256
4.7118 -8.4659 0.2682 1.3829 -3.8377 -0.7396
4.7124 -6.0903 2.068 0.1909 -0.4459 -0.4637
5.4396 -6.8187 0.6512 1.9337 -0.6887 -0.6182
3.7164 -8.1205 -0.9583 1.4788 -1.5921 -0.387
4.4436 -10.419 -5.2481 0.3283 -0.3788 0.1409
3.371 -6.7038 0.5363 -1.7639 0.8995 0.3199
4.2521 -9.3853 -1.5706 -0.5111 -0.9274 0.6373
2.6049 -8.734 -1.0343 -0.591 -1.0872 0.8429
2.4517 -9.0405 -2.1069 -1.0427 -0.8699 1.0176
1.7627 -7.3927 -3.4482 -0.5814 -1.1862 1.0709
-0.7272 -8.6568 -4.291 -0.6038 -0.7601 1.0719
-0.8805 -7.3544 -4.8273 -0.5591 -0.6333 1.1678
-1.3018 -9.1548 -5.5935 -0.4365 -0.7186 1.2168
-3.562 -8.6185 -6.6277 -0.5846 -0.6429 0.9867
-4.4813 -6.2818 -6.9342 -0.5271 -0.2275 0.7491
-4.9799 -5.8993 -6.2824 -0.0957 -0.0176 0.3045
-4.865 -4.8267 -6.2058 -0.0158 -0.1306 0.3184
-5.2481 -5.2864 -6.0914 -0.0392 -0.073 0.2268
-5.5156 -5.056 -6.5128 -0.0872 -0.0911 0.1288
-6.3973 -4.4053 -6.0525 -0.2299 0.0612 -0.0097
-5.7838 -4.8261 -6.0914 -0.1106 -0.0059 -0.0683
-5.0949 -5.2098 -6.4739 0.0375 -0.0603 -0.0534
-5.1709 -5.1326 -6.4362 0.0471 -0.089 -0.0449
-5.3241 -5.056 -6.3213 -0.0307 -0.072 -0.0161
-5.4773 -5.0176 -6.1681 -0.0531 -0.0283 -0.0289
-5.363 -5.1332 -6.1675 -0.02 -0.0006 -0.0057
-5.4396 -5.0566 -6.2058 -0.0009 0.0143 0.0124
-5.3624 -5.0176 -6.283 -0.0105 0.0207 0.0166
-5.2858 -5.0176 -6.3596 0.0407 0.0591 0.0241
-5.3241 -5.1709 -6.3979 0.0098 0.0101 0.0177
-5.2481 -4.9416 -6.359 -0.0104 -0.0112 0.0104
-5.2864 -4.9033 -6.2441 -0.0019 -0.0133 0.0062
-5.3247 -5.0949 -6.3207 0.0077 -0.0048 0.0157
-5.2864 -5.0566 -6.2824 -0.003 -0.0048 0.0157
-5.2481 -5.0566 -6.359 -0.0009 -0.0006 0.0168
-5.2864 -5.0182 -6.2824 -0.0062 0.009 0.0179
-5.2864 -5.0566 -6.2824 -0.0062 0.0058 0.0179
-5.2864 -5.0566 -6.3207 -0.0019 -0.0017 0.0158
-5.2475 -5.0943 -6.283 -0.0019 -0.0049 0.0169
-5.2858 -5.0943 -6.3213 -0.0051 0.0005 0.0137
-5.2481 -5.0566 -6.2824 0.0013 -0.0017 0.018
-5.2475 -5.056 -6.3213 0.0034 -0.0006 0.0191
-5.2858 -5.0943 -6.3213 -0.0019 -0.0006 0.018
-5.2092 -5.1326 -6.3213 0.0023 -0.0006 0.0191
-5.1709 -5.0943 -6.3596 0.0002 0.0005 0.0191
-5.2092 -5.0176 -6.3213 -0.003 0.0037 0.0247
-5.2858 -5.1326 -6.3213 0.0024 -0.0016 0.0236
-5.2475 -5.0943 -6.2447 0.0034 -0.0027 0.0236
-5.2481 -5.0566 -6.359 -0.0015 0.0006 -0.0005
-5.3247 -5.0566 -6.2824 -0.0026 0.0006 0.0006
-5.3247 -5.0182 -6.3207 0.0017 0.0006 0.0006
-5.2858 -5.056 -6.283 -0.0004 0.0027 0.0006
-5.2481 -5.0566 -6.2058 -0.0036 0.0017 0.0006
-5.2098 -5.0566 -6.359 0.0012 -0.0017 -0.0005
-5.3247 -5.0949 -6.2441 0.0022 -0.0017 0.0005
-5.2475 -5.0943 -6.3596 0.0012 -0.0017 0.0005
-5.2475 -5.0943 -6.2447 0.0001 -0.0006 0.0005
-5.3624 -5.056 -6.0914 0.0044 -0.0038 -0.0005
-5.2858 -5.0176 -6.3213 0.0012 0.0026 -0.0005
-5.2858 -5.1326 -6.283 0.0022 -0.0027 -0.0016
-5.3241 -5.056 -6.3213 -0.0024 0.0015 -0.0005
-5.2858 -5.056 -6.3213 0.0008 0.0005 0.0006
-5.1709 -5.056 -6.283 0.0019 -0.0017 -0.0005
-5.2864 -5.0949 -6.359 -0.0003 0.0005 -0.0016
