0.1149 -9.8067 0.8428 0.0267 -0.0143 0.0065
0.3448 -9.8067 0.9194 0.0097 -0.075 0.0065
0.3071 -9.8061 0.8039 0.0043 -0.0431 0.0075
0.3454 -9.8827 0.8422 0.0065 -0.0526 -0.0039
0.2687 -9.8444 0.9954 0.0054 0.0017 -0.0157
0.3071 -9.7294 0.9954 0.0065 -0.0271 0.012
0.3454 -9.8444 0.9571 -0.0052 0.0411 -0.0007
0.3454 -9.7677 0.9571 0.0118 0.0251 0.011
0.2687 -9.7677 0.9571 0.0033 0.0294 0.012
0.3454 -9.921 0.8422 0.0033 0.023 0.0152
0.422 -9.7677 0.9954 0.0161 0.0006 0.0248
0.3837 -9.8444 0.9188 0.0182 0.0294 0.0301
0.422 -9.7677 0.9188 0.0374 -0.0431 0.0546
0.422 -9.7677 0.8039 0.0288 -0.0207 0.0852
0.2298 -9.845 0.8045 0.0523 0.0518 0.082
0.3831 -9.73 0.8045 0.0618 0.0017 0.099
0.3837 -9.921 0.3825 -0.0979 -0.108 0.1001
1.1109 -9.9982 -0.0766 -0.5784 -0.4521 -0.0533
1.1109 -10.6111 -1.6472 -1.9174 -0.6652 -0.4452
-1.3024 -11.2623 -4.0606 -2.042 -1.0955 -0.9714
2.1452 -7.8913 -3.9456 -1.666 -1.7283 -0.5645
0.6129 -5.5545 -5.4013 -0.409 -0.7738 -0.2897
1.6089 -6.3207 -8.5425 0.048 -0.4319 -0.3962
0.1532 -5.5162 -7.9296 0.3825 0.6217 -0.0564
-0.5746 -3.5243 -2.7198 1.6693 2.7138 -0.5283
2.3373 -11.1085 -1.801 2.0848 2.1631 0.8363
5.4785 -17.9272 0.6123 4.2601 2.0108 3.8254
-0.4208 -6.1286 0.1143 1.7567 0.0038 0.8032
0.1538 1.4563 -0.6135 -3.0849 -0.5949 -1.3603
9.5008 -19.6127 -9.9605 -3.1403 2.0268 -5.5692
3.3716 -3.7918 -6.3596 0.2866 -0.4937 -0.5006
-0.6889 3.1801 5.8221 1.7269 -0.4255 1.0525
-1.5706 -2.4517 -3.9073 -0.8181 3.7525 -0.2567
1.8771 -3.5243 -2.988 3.1437 2.6467 3.3886
5.2864 -19.6133 -7.355 2.9029 3.2806 0.1996
0.4597 2.6432 -0.5363 -1.8226 0.6376 -0.186
-0.1143 -4.6729 -3.5632 -7.0615 3.2699 -3.7057
-3.4093 -4.9799 -4.5586 0.1247 -1.3224 -1.9842
-2.8341 3.5632 4.7495 1.7482 0.0358 -0.3746
-4.3281 -2.1446 0.6506 1.9644 1.0478 0.2246
0.7284 -19.6127 3.2172 3.4174 1.7232 6.1837
0.2687 -12.1045 -4.9805 0.7319 0.6131 0.1351
1.8004 1.9154 -1.4557 -1.8269 0.9647 -0.6819
0.7667 -6.2052 -7.6237 -5.6469 0.2669 -2.055
-6.7038 -3.869 -3.3327 0.4305 -0.6684 -1.767
-0.8811 4.4436 4.9416 1.6022 0.0709 0.4701
-2.7575 -3.5237 7.0479 2.0315 -0.1506 0.0387
-3.2555 -19.6127 5.1709 1.7674 3.2955 8.76
-0.9194 -2.7581 -2.873 -0.1682 -0.3243 0.0855
1.8387 1.0726 -0.8045 -2.793 0.0209 -2.1781
-12.9856 -19.6127 -10.6883 -1.128 3.9208 -2.9206
1.9543 -2.3361 4.06 1.2081 -1.5845 -0.3522
-4.5963 3.5249 -0.5369 -0.9842 -0.3158 1.072
-11.3389 -16.8935 11.7603 4.1056 3.7631 1.6899
-4.0983 -19.6127 4.7495 0.7277 -3.5169 7.1472
-1.3785 -1.072 0.6123 -1.1515 -1.9776 -0.3161
0.8051 2.0309 -1.801 -2.743 0.496 -2.0109
-15.5904 -18.8083 -9.8072 -1.4071 0.9679 -3.0474
2.6438 -1.7615 3.6386 0.4997 -2.4793 -0.2042
-4.7112 2.5672 -2.0692 -2.3904 -2.6838 1.5312
-8.0439 -14.4412 7.8141 4.405 1.0467 2.1469
-5.1715 -19.6133 -5.1332 2.6856 0.2595 1.5205
2.8353 1.7244 -3.0269 -0.573 1.737 -1.2108
1.2258 0.8811 1.2258 -3.6239 -1.2085 -2.2814
-14.9398 -19.6133 -10.6111 -0.1767 2.1205 -3.2889
1.3797 3.1801 4.06 0.3112 -1.6963 0.3597
-3.4854 -1.3785 -6.781 -0.9181 -2.637 0.9551
-14.9398 -17.8895 13.9821 3.9565 1.2725 1.54
-4.7118 -19.6133 -5.363 2.463 -0.3775 0.7368
2.3756 2.5672 -3.9079 -0.6689 1.2129 -1.3666
0.6895 -2.4517 0.498 -5.9175 0.7772 -1.732
-17.161 -8.1971 -0.7284 -0.3142 0.6579 -2.3115
1.3791 3.984 3.6775 1.1772 -0.7515 0.0545
-2.9113 -3.1029 -8.6957 2.1881 0.8496 -0.3908
-6.4733 -16.7397 2.1829 1.4829 -0.6865 4.1709
-7.6608 -19.6127 -7.1257 2.5887 -0.0122 0.4425
2.6821 0.7284 -2.299 -0.4058 1.7796 -1.9
-1.7238 -9.1554 -8.6574 -3.9499 5.7424 1.1658
-9.347 -7.0102 0.1915 -0.9288 -1.8977 -1.867
-1.0726 6.8953 0.4214 -0.8372 0.6845 1.1245
-6.3967 -3.1789 2.8341 1.8888 1.6433 1.1586
-12.3349 -17.2766 0.996 1.5139 -2.0713 4.8221
-2.4894 -6.0136 -3.0269 0.064 -1.0561 0.2372
0.422 1.1498 0.8805 -1.8897 1.2704 -2.8319
-19.6127 -19.6127 -11.4162 -0.8415 3.3445 0.5607
0.6901 -0.076 2.3744 -0.6795 -2.7424 -0.6697
-1.9148 4.7124 -3.7547 -2.1358 1.4217 1.169
-13.9049 -11.1085 12.2577 3.8872 -0.0175 3.0875
-13.79 -19.6127 1.4551 0.472 -2.7318 4.9027
-0.3059 1.1881 -0.2304 -1.3794 -1.0742 0.3225
-0.574 -0.5357 2.4128 -4.1853 -0.3584 -1.4661
-19.6127 -15.1691 -7.3173 -1.5392 2.5221 -2.1915
-2.0303 -3.869 0.1915 0.1088 -2.409 -0.7683
2.1452 7.9296 2.375 -1.0055 1.4462 0.9979
-16.9318 -17.4681 16.4721 4.5797 -1.8615 3.2632
-13.2926 -19.6133 2.375 2.2723 -0.9879 1.9422
3.9462 1.6478 -4.4825 -0.0862 2.0268 -1.0639
0.0006 -0.7272 3.1023 -5.0131 -0.4287 -1.3984
-19.3451 -7.9296 -4.9799 -0.3515 0.6707 -3.023
0.8434 0.4603 3.5237 0.6787 -2.3792 -0.0839
-2.2978 1.418 -3.4099 -2.0558 -0.6918 0.6208
-19.6133 -17.9661 17.3149 2.8763 -1.2607 2.5052
-18.6173 -6.8187 -2.6815 -0.5112 -0.4585 -2.4993
0.6135 1.0732 3.6386 -0.2502 -2.0266 -0.4604
-1.072 0.3454 -5.1721 -0.3993 -0.4404 -0.535
-19.6127 -18.9232 9.3081 2.4758 1.4515 1.636
-9.4613 -15.8203 -4.9422 2.0231 -0.3158 0.4174
4.1378 -0.1526 -3.793 0.1332 1.3759 -1.3643
-0.6123 -1.3785 1.7998 -4.5912 0.251 -0.9723
-18.7699 -3.1406 -2.9886 -0.3259 0.3884 -2.7374
-0.5357 -1.072 3.3321 -0.0074 -1.74 -0.2916
-1.1492 1.0343 -4.367 0.3431 -0.6503 -0.9233
-13.9055 -12.8329 8.3893 2.3096 -1.6942 2.2767
-10.6105 -13.4452 -3.8696 1.5937 -0.1805 0.0332
3.8313 0.6901 -2.797 -0.066 1.0297 -0.5047
-1.6472 -4.6352 0.6129 -4.8927 2.0001 -1.5295
-17.7362 -1.3024 -0.7661 -1.0833 -0.0686 -2.5852
-0.498 0.2298 1.3408 0.6968 -2.0117 -0.0744
-1.4557 2.49 -6.4739 -0.4452 -0.2902 0.0001
-12.794 -9.6911 -0.4986 -0.1672 -0.7099 -0.0947
-9.0405 -14.4035 -1.494 2.1455 -1.168 0.8737
-0.2298 1.8771 -2.0686 0.4517 1.4707 0.2526
0.8045 -4.0223 1.6089 -3.0796 0.7623 -1.135
-19.5367 -12.0668 -3.3327 0.4699 1.933 -2.9737
-3.4471 -4.7878 -0.8051 -2.2849 -0.9357 -0.8506
-2.2595 0.1538 -0.3071 -0.2012 -1.9115 1.1074
-7.7375 -9.0016 -5.785 1.0739 0.4118 -0.923
-8.2744 -10.343 0.498 0.5977 0.1998 0.0247
-8.1977 -9.6151 -1.3024 1.0483 0.5599 0.2228
-4.9416 -1.7238 1.4557 0.7372 -0.3094 0.0109
-8.1588 -9.4613 0.5357 0.3878 0.0155 0.0769
-7.431 -6.5499 1.4934 -0.0596 -1.0146 0.3688
-7.1245 -3.562 1.6849 0.4571 -0.3999 0.1729
-8.3121 -7.5459 1.1486 -0.0638 0.1668 -0.1083
-7.9673 -6.2052 0.4974 -0.1512 -0.1038 0.1037
-7.929 -6.5116 1.072 -0.0063 0.0603 0.0089
-7.8524 -6.1669 0.8039 -0.017 -0.0505 0.0579
-7.7758 -6.2818 0.3059 0.0182 -0.0388 0.0504
-7.7375 -6.1669 1.1486 0.0289 -0.0047 0.0483
-7.8147 -6.359 1.1109 0.0885 -0.0228 0.0611
-7.6614 -6.3973 1.2258 0.0683 -0.0207 0.0387
-7.8524 -6.3201 1.2252 0.0587 0.0241 0.0387
-7.6608 -6.435 1.3785 -0.0149 -0.0899 0.0212
-7.929 -6.0903 1.3402 -0.0244 -0.0473 0.0255
-7.9679 -6.0908 1.2258 0.0075 0.0145 0.0106
-7.8907 -6.1286 1.3402 0.0128 -0.0143 -0.0097
-7.7758 -6.1286 1.3402 0.0043 -0.009 0.001
-7.929 -6.0903 1.4168 -0.0106 -0.0249 -0.0039
-7.8147 -6.0525 1.494 0.0363 0.0304 -0.0103
-7.7758 -6.1669 1.4934 0.0608 0.0496 -0.0082
-7.7758 -6.1669 1.57 0.0139 -0.0036 0.0014
-7.7758 -6.1286 1.4934 0.0267 0.0059 0.0163
-7.8141 -6.1669 1.4551 0.015 0.0081 -0.0028
-7.7758 -6.1669 1.4551 0.0257 0.0038 -0.0049
-7.8524 -6.1286 1.5317 0.0278 0.0102 -0.0081
-7.8907 -6.0136 1.4551 0.0342 0.0251 0.0111
-7.929 -6.1669 1.4168 0.0044 -0.0004 0.0015
-7.7758 -6.0136 1.57 -0.0084 -0.0068 0.009
-7.8524 -6.1669 1.6083 0.0278 0.0027 0.0036
-7.7758 -6.1286 1.6083 0.0416 0.0145 -0.0102
-7.7381 -6.1292 1.6089 0.0203 0.0113 -0.0049
-7.8141 -6.0903 1.6083 -0.0106 -0.0015 -0.0081
-7.7381 -6.1675 1.5323 -0.0127 -0.01 0.0026
-7.7758 -6.1669 1.5317 -0.0052 0.0091 0.0058
-7.853 -6.0908 1.494 -0.0106 -0.0111 0.0111
-7.8524 -6.1669 1.4551 -0.0159 -0.0164 0.0048
-7.8907 -6.0519 1.5317 -0.0106 -0.0111 0.0069
-7.7758 -6.0903 1.6083 0.0001 -0.0122 -0.0046
-7.7758 -6.0519 1.5317 0.0385 0.0294 -0.0035
-7.7758 -6.0903 1.4934 0.0363 0.0336 0.006
-7.8524 -6.0903 1.5317 0.0129 0.0113 -0.0025
-7.8141 -6.1286 1.5317 0.0033 0.0017 0.0082
-7.6992 -6.2435 1.57 -0.0137 -0.0207 0.0031
-7.7375 -6.1286 1.6083 -0.0116 -0.0292 0.0063
-7.7375 -6.0519 1.6466 -0.0009 -0.0132 0.0191
-7.8141 -6.1669 1.6083 -0.0148 -0.01 0.0095
-7.8524 -6.0519 1.6089 -0.0073 -0.0047 0.0095
-7.8147 -6.1292 1.6472 -0.0073 -0.0047 0.0074
-7.8907 -6.0519 1.6849 -0.0126 -0.009 0.0106
-7.7381 -6.0908 1.7238 0.014 0.0134 0.0031
-7.7758 -6.1286 1.6466 -0.0158 -0.0111 0.0031
-7.853 -6.0142 1.6855 0.0001 0.0038 0.0063
-7.853 -6.0525 1.6855 -0.0095 -0.0079 0.0037
-7.9296 -6.0908 1.7238 -0.018 -0.0186 0.0059
-7.7381 -6.0908 1.6855 -0.018 -0.0111 -0.0037
-7.8141 -6.0519 1.6083 -0.0223 -0.0111 0.0048
-7.8141 -6.0903 1.6849 -0.0042 0.0017 0.0016
-7.8141 -6.0903 1.6466 -0.0042 -0.0036 0.0016
-7.8524 -6.1669 1.57 0.0012 0.0102 0.0117
-7.8141 -6.1286 1.6466 -0.019 -0.0068 0.0095
-7.8141 -6.0519 1.6849 -0.0105 -0.0026 0.0127
-7.7375 -6.2052 1.7232 -0.002 -0.0079 0.0085
-7.7758 -6.0519 1.6849 -0.0148 -0.0154 0.0074
