3.4866 -9.0399 0.9188 0.0396 -0.0619 0.0399
3.6781 -9.0016 0.8422 0.1035 -0.2536 0.0719
3.4866 -9.0016 0.7655 0.0236 -0.2621 0.0601
3.6781 -9.1165 0.4208 -0.2832 -0.3186 -0.1998
3.6015 -9.7294 -2.6821 -1.9013 -1.157 -0.9737
6.0914 -10.0742 -3.2184 -1.1577 -0.8715 -1.191
3.9079 -6.0136 -3.4866 -0.2959 -0.863 -0.7457
2.9497 -4.6352 -3.6009 0.6372 -0.2696 0.3014
6.1298 -9.0399 -6.0531 0.3709 -0.1833 -0.0458
4.6741 -5.0943 -6.4745 0.3037 0.3589 -0.2351
5.3253 -9.3464 0.4591 0.8353 1.2409 -0.4353
2.6055 -9.6528 1.3402 1.1197 2.5693 1.4289
3.0646 -7.2018 0.3448 0.8023 1.1824 0.3338
3.2184 -7.431 1.4168 0.7543 3.1275 -0.1775
5.7844 -10.0365 1.0343 -0.803 1.1216 -0.3189
11.5305 -7.853 1.0343 -0.4739 -0.9365 -0.5298
2.988 -11.4539 0.6129 -1.8055 0.7925 -1.6633
3.5632 -7.9673 -7.662 -0.949 -1.5064 -2.0681
2.4906 -2.566 -0.4603 0.0747 -1.8845 -0.5384
7.7387 -12.1811 -6.283 1.5331 -0.6936 0.4991
4.1378 -11.1085 -1.0732 0.6979 1.1259 0.8687
0.3837 -2.4128 1.0337 1.2476 0.9821 1.2288
5.8233 -8.925 -0.8051 0.4902 1.6596 0.3201
2.2607 -5.8987 1.1869 -0.3002 1.3102 0.024
6.1675 -9.8833 0.3831 -0.2704 0.164 0.5149
9.9599 -5.861 1.8771 0.0342 -0.4901 0.0302
3.3716 -12.3343 0.5357 -2.0761 0.1842 -1.7722
4.6358 -2.9874 0.4208 0.0555 -2.9839 -2.5648
-0.3448 -3.2178 -2.0303 1.3573 0.3813 0.2507
11.4162 -16.2034 -9.1177 0.0097 -0.7085 -0.2275
3.7164 -11.9513 0.4208 0.9141 1.6958 1.9563
1.418 -3.4087 0.8422 1.2124 1.2218 1.4141
5.0572 -8.1205 0.2676 0.0204 1.9344 0.0985
1.6472 -5.8993 0.7661 -0.0691 2.9081 0.2455
8.2361 -10.6111 -0.4214 -0.7551 0.2875 0.3348
9.4242 -8.8484 0.4208 -0.329 -1.5202 -0.624
3.5249 -15.8203 1.2635 -1.9493 1.0247 -1.1012
6.5128 -4.8261 -0.1538 0.1695 -3.5037 -2.3369
-0.2676 -3.4087 -0.2304 0.4188 -1.3018 -0.412
7.0868 -11.224 -5.363 0.4102 -0.5998 0.1268
1.494 -4.5586 -1.4174 1.1069 2.1912 1.1942
1.8777 -5.7455 1.4551 1.1197 1.4199 1.4285
3.9456 -7.355 0.7661 -0.1586 2.2785 -0.0991
2.2984 -7.0868 1.1109 0.309 2.8506 0.5028
8.5425 -9.1554 0.1915 -0.7605 0.6263 0.1024
9.845 -8.2361 1.7621 0.0758 -1.811 -0.6422
4.1372 -12.2583 0.0383 -2.1613 0.9064 -1.0641
6.4745 -2.6426 -0.1538 0.1333 -3.5282 -2.4319
-0.996 -3.7924 -0.5363 1.1655 -0.2973 -0.1469
12.6037 -14.5178 -10.5351 -0.2641 -0.2717 -1.2763
4.5975 -13.4452 1.6083 0.9375 0.8202 2.2444
1.6472 -6.0142 1.0726 0.782 1.5935 1.1568
3.9073 -6.8953 0.9194 -0.0031 2.1517 0.0244
6.0914 -8.3887 0.9188 0.5327 2.1816 0.4622
7.9685 -6.6266 1.1103 -0.4282 0.3653 -0.3028
7.0874 -9.8444 -0.2687 -1.6958 -2.6643 -1.1454
3.3327 -17.1999 1.6472 -3.1073 -1.3306 -0.9483
6.283 -3.4854 -0.0772 0.1854 -3.3951 -1.9912
-0.7655 -3.6003 -0.4603 0.7213 -0.9184 -0.2804
9.4242 -12.9089 -6.4362 0.7138 -0.7436 0.6805
2.1458 -4.2132 -2.6055 0.896 2.123 0.8243
3.1418 -5.056 -0.2304 0.9673 -0.0448 0.2991
3.8313 -7.3927 0.5357 -0.2396 2.0655 0.2235
3.8696 -7.431 0.1526 0.1013 2.2849 0.264
7.3173 -7.9673 0.4208 -0.2907 0.3717 0.3299
6.8953 -9.8833 -0.1149 -1.7225 -2.2808 -1.2201
4.4825 -16.778 1.5317 -1.6181 0.083 -1.4129
6.4745 -3.6769 -0.6901 0.0491 -3.3216 -2.067
-0.3442 -4.9793 -0.8434 0.6914 -0.5466 0.0007
13.4847 -12.296 -10.7266 -0.2897 0.3962 -0.405
3.1412 -13.5991 -1.8387 0.129 0.3088 1.6158
3.5249 -8.427 0.7272 0.3197 1.0939 0.4951
4.5209 -7.5076 -0.2304 -0.1192 1.9568 -0.2282
4.4436 -7.7375 -0.4597 0.1098 1.3326 0.4589
5.2864 -7.355 0.2298 -0.4719 0.3813 0.3561
7.8536 -9.423 0.6889 0.0107 0.7807 -0.3886
2.6438 -12.1428 -0.8051 -1.3262 -0.8587 -0.9872
1.303 -10.5339 -0.8817 -1.0524 -1.0345 -0.1883
4.1372 -7.4316 -0.8811 -0.1129 -0.4187 -0.1862
2.4517 -6.7038 -2.2218 0.7202 0.2534 0.3434
5.0949 -8.0445 -1.0343 0.7756 -0.0171 0.4488
4.865 -11.224 0.2298 -0.1885 -0.8118 0.1772
4.9422 -8.925 -0.3071 -0.2109 -0.4944 -0.0231
3.3333 -7.0479 -1.3797 -0.7499 -0.406 -0.5206
6.7421 -8.7724 -1.4174 -0.6764 -0.9258 -0.999
2.9497 -6.6655 -3.3327 -0.8778 0.2119 -0.8701
6.6655 -6.4739 -3.486 -0.9992 -0.3719 -0.9415
6.6277 -4.5963 -4.7507 -0.9992 -0.407 -0.8946
6.3979 -3.1023 -5.6701 -0.9981 -0.6275 -0.8851
6.5511 -2.8724 -6.7427 -0.8724 -0.602 -0.8714
6.6655 -1.992 -7.2401 -0.6956 -0.5689 -0.9513
7.2024 -1.3018 -8.275 -0.8224 -0.3921 -0.702
6.9342 -0.6506 -9.1177 -0.4485 -0.4699 -0.3696
6.7427 -0.4974 -9.2326 -0.163 -0.2632 -0.1118
5.5168 0.7284 -8.275 0.0352 -0.26 0.144
4.6358 0.8817 -7.662 -0.0021 -0.1269 0.0705
4.9039 0.8434 -8.0834 -0.2247 -0.2334 -0.0882
4.9422 0.5369 -8.5814 -0.2237 -0.1535 -0.1234
4.8273 0.8434 -8.5431 -0.2034 -0.1194 -0.1276
4.8267 1.3408 -8.351 -0.1725 -0.0608 -0.1572
4.865 1.5323 -8.8107 -0.1565 -0.1183 -0.2712
4.7118 1.8387 -8.4659 -0.0958 -0.0544 -0.2393
4.5975 1.801 -8.6963 -0.0521 0.0138 -0.1732
4.4059 1.916 -8.6963 -0.0458 -0.1109 -0.0795
4.5592 1.7244 -8.6963 -0.0255 0.0042 0.0088
4.4059 1.9926 -8.6963 -0.0096 -0.0086 -0.0285
4.4059 2.1458 -8.658 -0.0372 -0.0321 -0.0083
4.2527 2.0692 -8.6191 -0.0138 -0.0225 -0.0338
4.2521 1.9537 -8.6574 -0.0096 -0.0214 -0.0104
4.3293 1.9926 -8.658 0.0054 0.0052 -0.0008
4.367 1.992 -8.6191 0.0149 0.0191 -0.0083
4.3676 1.916 -8.5431 0.0235 0.0138 -0.021
4.3676 1.7244 -8.773 0.0213 0.0351 -0.037
4.3293 1.8393 -8.5048 0.0107 0.0127 -0.0296
4.291 1.916 -8.5814 -0.0085 0.0084 -0.0234
4.367 1.9154 -8.6574 -0.0053 0.0031 -0.0223
4.4442 1.8393 -8.6197 -0.0096 0.0201 -0.0308
4.4442 1.916 -8.6197 -0.0085 0.0191 -0.05
4.4442 1.8393 -8.5048 -0.0192 -0.0139 -0.0543
4.4825 1.9543 -8.6963 -0.0191 -0.0171 -0.0369
4.3676 1.9543 -8.5431 -0.0191 0.002 -0.038
4.4819 2.1069 -8.5425 -0.0181 0.0201 -0.0369
4.4436 1.992 -8.6957 0.0075 0.0106 -0.0444
4.3287 1.992 -8.5425 -0.0202 -0.0076 -0.0305
4.4059 2.0309 -8.5431 -0.0276 0.0127 -0.0294
4.4053 2.2218 -8.5042 -0.0085 0.0084 -0.0507
4.3293 2.0309 -8.3899 -0.0308 0.0255 -0.0592
4.4819 2.2218 -8.6574 -0.0244 -0.0139 -0.0688
4.4442 2.1841 -8.5048 -0.017 0.0116 -0.0539
4.4819 2.1835 -8.5042 -0.0159 -0.0076 -0.058
4.5209 2.2224 -8.5048 0.0054 0.0031 -0.0623
4.4825 2.2224 -8.4665 0.0011 0.0201 -0.0655
4.3676 2.2224 -8.5048 -0.0063 -0.0235 -0.0367
4.4059 2.2607 -8.4282 0.0235 0.0159 -0.0293
4.5209 2.1841 -8.5431 0.0192 0.0212 -0.0105
4.367 2.2601 -8.5808 0.0117 -0.0086 -0.0009
4.4059 2.2224 -8.5431 0.016 0.0106 0.0001
4.4819 2.1069 -8.5042 0.0107 0.018 0.0012
4.4819 2.1835 -8.4659 0.0213 0.0074 -0.0137
4.4825 2.1075 -8.4665 0.0309 0.0351 -0.0251
4.5209 2.1458 -8.4665 0.0171 0.0127 -0.023
4.5209 1.9543 -8.5814 0.0214 0.0148 -0.0241
4.5586 1.992 -8.5425 0.0118 -0.0012 -0.0209
4.5586 1.8771 -8.6191 0.0118 0.0223 -0.0283
4.5203 1.992 -8.3893 0.0096 0.017 -0.0326
