-1.072 -9.0399 -1.3797 -0.1208 -0.0442 0.0418
-0.9571 -9.0399 -1.3414 -0.0377 -0.0048 -0.0551
-1.3402 -8.3887 -1.0732 0.4992 0.138 -0.0562
1.1498 -11.8363 0.0377 1.279 -0.2455 -0.2991
0.1915 -9.1171 0.1915 0.3234 0.0219 -0.4738
0.6901 -10.802 1.0337 -0.125 -0.0644 -0.1318
2.1075 -10.6871 1.4934 -0.581 0.1444 0.0898
0.2304 -4.941 -0.2304 -0.7003 0.4927 0.7033
2.0692 -12.794 0.8422 0.088 0.6013 0.0238
-2.5666 -14.5567 -0.1149 -0.3115 0.3478 0.7513
0.5746 -13.5608 0.2682 -0.6651 -0.1604 0.4658
1.0726 -1.3791 -0.4214 -0.2454 -0.5694 -0.3597
-3.5237 -10.4573 2.068 1.9863 -1.3662 -0.7454
-0.0766 -19.0387 3.1412 -0.2614 0.2168 -0.7358
-0.8428 -6.5888 0.9577 -1.0348 0.7867 0.3284
-0.6889 -1.5317 -6.4745 0.4353 0.0677 -0.3683
1.5329 -11.415 -0.8434 -0.4521 -0.6748 0.6885
2.7964 -17.583 -0.1915 -1.6516 0.645 0.1771
-0.0377 4.7124 -0.0389 0.3788 -0.1369 -0.5515
-3.2561 -0.4214 0.8428 2.782 -2.1907 -0.3352
1.2258 -19.0387 0.6129 -0.8239 -0.0836 -1.1107
-0.4208 -1.0337 0.4208 -0.7408 -0.1018 0.4403
-1.3408 0.0383 -4.3287 0.8401 -0.1603 -0.9605
5.0955 -12.0279 -1.5329 -0.9347 -0.073 0.1367
2.873 -16.4721 -0.9577 -1.9467 0.7164 0.224
0.6135 4.5975 0.9954 0.3799 -0.3638 -0.0519
-5.8604 -15.1308 3.8301 4.4044 -3.1048 0.2539
1.6095 -17.8889 2.6426 -0.6737 -0.7995 -0.7592
-2.5277 -1.8381 0.3442 -0.6034 0.1091 0.5862
0.8051 2.0309 -4.3676 0.2499 0.0857 0.1346
9.7689 -13.7517 0.076 -0.092 -0.5226 0.7034
-2.6426 -14.8243 -1.1881 -1.4172 0.3967 0.9239
1.1498 4.5592 0.1526 0.4491 -0.2904 0.2773
-1.5323 -3.3327 3.4093 6.7864 -3.3966 0.6342
0.4603 -19.0381 4.443 -0.76 -0.334 -0.6228
-3.3321 -3.5237 2.1446 -1.0284 0.2114 0.4754
-0.4208 5.2487 -0.8051 0.6398 0.1187 0.1175
4.0229 -15.6287 -1.5329 -0.1751 -0.252 0.1484
1.5329 -12.4876 0.4208 -1.0625 0.9443 0.3593
0.8051 3.6015 0.2292 0.415 -0.3148 0.1835
-2.7192 -9.0399 4.9793 2.5637 -1.9788 0.0994
3.7924 -14.5951 -2.4517 -1.2138 -0.579 -0.7581
-1.7238 -8.0828 2.1069 -1.0998 -0.1721 -0.3629
1.9537 2.9113 -0.1149 -0.0068 -0.6461 0.7002
-12.7563 -15.706 -0.6512 0.7485 0.3819 -1.5677
-7.8147 -15.9741 2.2601 -0.1027 -0.8197 0.6714
-2.4894 -4.7112 1.1486 -1.2255 1.3097 0.583
-0.5357 -4.2132 -0.3454 0.1839 0.6482 0.0632
-1.5317 -7.5459 1.4934 0.0795 0.0708 0.3114
-0.4208 -13.5602 -1.916 -0.7877 0.1571 -0.2852
0.8434 -7.0096 -0.8817 -0.809 -0.5896 -0.1115
-2.6809 -6.9713 -0.1155 -0.0878 -0.383 -0.1051
-1.4168 -9.6145 -0.8817 -0.124 0.2636 0.1228
-0.8045 -9.0405 -1.3408 -0.5022 -0.0454 0.3668
-0.9954 -8.0822 -0.8434 -0.45 -0.0965 0.0334
-2.2595 -10.419 -2.0309 0.0528 0.1091 0.0909
-1.3018 -8.9633 -0.9583 -0.01 0.0931 0.0579
-0.7272 -9.1548 -1.2264 -0.0484 0.0281 0.0046
-1.1103 -9.6528 -1.5329 0.0124 -0.203 0.0248
-1.494 -9.232 -1.2641 -0.0356 -0.1177 0.0291
-1.4551 -9.2698 -1.2264 0.0475 -0.0624 0.077
-1.494 -9.3087 -1.1492 0.055 -0.0996 0.0621
-1.6089 -9.3853 -1.4174 0.0955 -0.008 -0.0093
-1.3791 -9.347 -1.2258 0.0283 0.0239 0.0046
-1.57 -9.1165 -1.0732 0.0145 -0.0337 -0.0092
-1.57 -9.423 -1.0732 0.0262 -0.0518 0.0004
-1.57 -9.3081 -1.1881 -0.0068 -0.006 0.0259
-1.5706 -9.3087 -1.0726 -0.0143 0.0036 0.0217
-1.6466 -9.2698 -1.0349 0.0038 -0.0209 -0.0092
-1.5317 -9.1931 -1.1498 0.0251 0.0526 -0.0081
-1.4551 -9.3464 -1.1115 0.0006 0.0483 -0.0017
-1.57 -9.2698 -0.9583 -0.0122 0.0121 0.0121
-1.4551 -9.3464 -0.9966 -0.0004 -0.0252 -0.0049
-1.4168 -9.3081 -0.9966 -0.0249 -0.0273 -0.0081
-1.5317 -9.3081 -1.1115 -0.0143 -0.0231 -0.006
-1.4168 -9.2698 -1.1498 -0.0154 -0.0167 0.0015
-1.5323 -9.3853 -1.1492 -0.0132 -0.0454 0.0057
-1.6466 -9.2698 -1.303 -0.0217 -0.0017 0.0132
-1.4551 -9.3081 -1.1115 -0.0111 0.0003 0.0175
-1.57 -9.2698 -1.2647 -0.0154 -0.0082 0.0196
-1.57 -9.2314 -1.2264 -0.0058 0.0259 0.0207
-1.6466 -9.1931 -1.2647 -0.0132 0.045 0.0356
-1.57 -9.3081 -1.3414 -0.0239 0.0035 0.0271
-1.7615 -9.2314 -1.3414 0.0102 0.0099 0.0249
-1.7621 -9.3087 -1.2641 0.0038 0.0003 0.0164
-1.6855 -9.2703 -1.2641 0.0049 0.0131 0.0249
-1.7621 -9.1937 -1.2641 -0.0015 0.0419 0.0249
-1.7615 -9.3464 -1.2647 -0.0004 0.0078 0.0196
-1.6849 -9.1931 -1.2264 0.0038 0.0109 0.01
-1.7621 -9.2703 -1.1492 -0.0015 0.0067 0.009
-1.8387 -9.3087 -1.1875 -0.0132 -0.0125 -0.0049
-1.7615 -9.1548 -1.2264 -0.0026 -0.0051 -0.0027
-1.7238 -9.2703 -1.2258 -0.0058 -0.004 0.0069
-1.7621 -9.3087 -1.2258 0.0027 0.0013 -0.0059
-1.9148 -9.1165 -1.2647 -0.0111 0.0216 0.0069
-1.7621 -9.2703 -1.3024 0.0006 -0.0008 -0.0017
-1.8387 -9.2703 -1.2258 -0.0037 -0.0093 -0.0027
-1.7232 -9.2698 -1.2647 -0.0037 -0.004 -0.0059
