-0.1532 -9.6917 1.3408 0.0603 -0.1065 0.0144
-0.3442 -9.8444 1.57 -0.0302 -0.2099 0.0611
-0.6889 -9.5762 1.7615 -0.0782 -0.3111 0.0345
-0.9571 -10.0742 2.1829 -0.0302 -0.2003 0.0313
-1.2258 -9.4619 1.9537 0.1924 -0.2535 0.1378
-0.5746 -9.5385 2.1835 0.4321 -0.4581 0.1815
-0.3448 -9.6534 1.494 0.3799 0.0117 -0.2488
-1.3018 -9.7294 1.6083 0.0955 -0.5305 -0.2051
-1.7998 -10.2274 1.9531 0.1498 -0.4368 -0.1241
-3.0646 -10.726 1.4557 -0.1069 0.6743 -0.0666
0.8045 -10.6877 -0.0766 -1.8966 0.3814 0.3169
-1.9148 -13.4835 2.5277 -1.9989 0.5593 1.7289
-0.2676 -6.6266 1.1486 -1.8668 1.2868 0.3334
0.9577 -5.5929 -2.8347 0.1594 0.784 -0.5891
-4.0989 -12.8329 -6.1292 0.382 0.0469 -0.0458
-1.2258 -10.6494 -3.5243 2.0534 -0.6274 -1.5979
0.8434 -6.8947 0.8805 0.3565 0.5976 -0.9126
-1.2258 -10.0365 2.49 0.577 -0.7702 -0.07
-1.2641 -8.4276 1.7238 0.6132 -1.1004 0.3082
-0.1526 -10.2657 -2.299 0.7304 3.2981 -0.8348
-3.4854 -10.917 0.8039 0.2233 -1.2986 0.0227
-4.9033 -13.2543 0.6129 -2.0041 -1.0216 0.8732
1.9926 -14.8626 2.068 -0.5074 1.4317 1.2503
-1.5317 -7.8524 0.574 -0.8068 3.248 1.4452
-1.1869 -10.0359 -4.4059 0.022 0.9534 -0.5394
-0.7655 -6.8181 -1.2264 1.2342 -0.8916 0.1208
0.4597 -6.5122 -0.1915 -0.173 0.9864 -0.6974
-0.5357 -7.6225 1.6083 0.5141 -1.2645 0.4542
-0.4208 -8.8484 2.3744 0.8071 -4.0842 -0.0603
-1.57 -10.419 2.6043 -0.289 -1.7683 -0.2088
-5.1326 -12.296 0.4591 0.4087 0.7052 -0.2471
-0.574 -9.3464 -0.422 -2.2097 1.4669 1.044
-1.0337 -8.7334 -1.3797 -1.187 3.2096 1.2549
-1.3402 -5.3624 -0.6901 -0.9996 0.5902 0.2248
-0.4591 -7.5076 -2.6055 1.7754 0.5859 -0.9823
-1.072 -9.7294 -6.1681 0.6206 -0.081 -0.1983
-0.8805 -13.9432 0.3059 1.3311 -0.9172 -0.1173
-1.6849 -9.1165 1.3402 -0.0004 0.9992 -0.8555
-1.0343 -7.6614 0.3448 0.7644 -0.9513 0.5038
0.498 -9.9216 0.4597 0.7964 -1.1164 -0.0033
-1.6855 -9.73 0.4597 -0.0483 -1.5265 -0.1985
-3.7158 -10.2663 0.5746 0.1424 0.2866 -0.3508
0.0766 -10.1897 -2.3367 -2.7381 -0.2951 0.5877
-2.068 -5.5539 -1.2647 -0.6694 0.9087 0.3331
0.6135 -6.5882 -1.5329 1.23 -0.816 -1.0155
-4.7112 -10.8403 -5.4785 -0.0515 -0.9502 -0.11
-2.2595 -12.5259 0.6506 2.2047 -0.3462 -1.0357
1.916 -10.5722 1.9148 -0.8515 -0.9065 -0.3092
-0.6889 -8.0822 2.4128 0.7283 -1.9888 0.1002
-1.9914 -10.7254 2.1829 0.1712 -1.6075 0.0448
-1.2258 -9.4236 -0.2298 -0.2144 -2.5918 0.1332
0.1149 -10.0365 2.7581 -0.452 -2.4821 -0.0202
-2.2984 -10.228 2.6049 -0.4584 -2.6024 -0.0447
-0.4208 -9.7677 0.4208 -0.6438 -1.0312 -0.1715
2.1452 -8.8873 -2.9113 -1.0976 -1.1974 -0.065
0.4214 -10.4579 -1.3408 -0.4254 -1.9643 -0.146
-2.988 -8.8107 -3.7924 -0.7918 -0.6136 -0.3111
0.9194 -9.347 -1.8004 -0.468 -0.6306 -0.3846
-1.494 -8.7724 -2.1452 -0.1942 -0.8501 0.3931
-0.9954 -8.8484 -2.5289 -0.1825 -0.0927 0.3909
-1.6466 -10.2274 -3.5249 -0.2059 -0.6775 0.9715
-2.068 -8.0439 -2.2224 0.0519 -0.7382 0.9491
-4.0217 -7.7758 -2.4523 -0.2965 -0.2386 0.8458
-4.2515 -8.2738 -3.1418 -0.5031 0.1449 0.8724
-5.0176 -7.3927 -3.4866 -0.5873 0.2056 0.8648
-5.3624 -7.1629 -4.0995 -0.7258 0.2802 0.6784
-6.1292 -6.8953 -4.865 -0.6683 0.0309 0.5644
-6.3201 -6.0519 -5.5168 -0.6012 0.0692 0.574
-6.7415 -4.8261 -5.9765 -0.5149 0.1257 0.5495
-7.0868 -4.6735 -6.2058 -0.2304 0.065 0.5039
-7.0485 -4.5203 -6.5122 -0.501 0.3494 0.2973
-6.9713 -4.06 -7.0108 -0.6896 0.4453 0.0682
-6.1669 -3.1406 -7.1641 -0.5766 0.1609 -0.0383
-6.3967 -2.1829 -7.279 -0.4168 0.0948 0.1375
-6.3973 -1.992 -7.4699 -0.2954 -0.0692 0.1874
-6.1286 -1.6466 -7.5471 -0.2528 -0.0522 0.051
-6.5882 -1.6083 -7.4705 -0.1239 -0.1864 -0.0576
-6.5122 -1.2641 -7.4699 -0.1484 0.0511 0.0713
-6.6266 -1.4551 -7.3173 -0.0089 -0.0746 0.0521
-6.5122 -1.3791 -7.4316 0.0124 0.0234 0.0209
-6.4356 -1.5323 -7.4699 -0.0014 0.016 -0.01
-6.435 -1.3402 -7.5471 0.0103 0.0479 -0.0355
-6.5116 -1.4168 -7.4705 -0.0004 0.0479 -0.0537
-6.2435 -1.4168 -7.4322 0.0337 0.0501 -0.0451
-6.2818 -1.4551 -7.5471 0.037 0.0096 -0.0361
-6.3973 -1.6855 -7.5082 -0.0035 0.0011 -0.0446
-6.359 -1.8004 -7.5465 -0.0206 0.032 -0.0542
-6.2058 -1.5706 -7.5082 0.0114 0.0149 -0.0414
-6.1669 -1.57 -7.5854 0.0338 0.0341 -0.0105
-6.1669 -1.7232 -7.6237 0.0241 0.017 -0.0152
-6.2052 -1.7232 -7.662 -0.0014 -0.0096 -0.0205
-6.1669 -1.6466 -7.6237 0.0039 0.0085 -0.0152
-6.3584 -1.7232 -7.7004 0.005 0.0415 -0.0195
-6.0525 -1.7621 -7.5848 -0.0057 0.0181 -0.0056
-6.0908 -1.6855 -7.7381 0.0231 -0.0085 0.016
-6.2441 -1.7621 -7.7381 0.0071 0.016 0.0011
-6.1286 -1.7998 -7.662 -0.0216 0.0224 -0.0021
-6.1286 -1.6466 -7.6237 0.0061 -0.0107 0.0054
-6.0903 -1.7998 -7.662 0.0093 0.0149 0.0033
-6.0136 -1.7615 -7.662 0.005 0.0085 0.0032
-6.0903 -1.7615 -7.7004 0.0071 -0.0 0.0096
-6.1286 -1.7232 -7.7004 0.005 0.0043 0.0117
-6.0903 -1.7998 -7.7004 0.0018 0.0021 0.0085
-6.0525 -1.8004 -7.6231 -0.0003 0.0085 0.0075
-6.1675 -1.8004 -7.6231 0.0082 0.0075 0.0065
-6.0908 -1.7621 -7.7381 -0.0035 0.0075 0.0054
-6.1286 -1.8381 -7.662 -0.0035 -0.0053 0.0001
-6.0903 -1.7615 -7.777 -0.0035 0.0085 0.0043
-6.1669 -1.6849 -7.7004 0.005 0.0043 0.0065
-6.1286 -1.7615 -7.662 0.0029 0.0053 0.0034
-6.1669 -1.7615 -7.777 -0.0088 0.0011 0.0034
-6.0136 -1.6466 -7.7004 -0.0024 0.0021 0.0002
-6.1669 -1.6849 -7.8153 0.0029 -0.0043 -0.004
-6.0519 -1.7615 -7.662 0.0029 0.0011 -0.003
-6.0903 -1.7232 -7.662 -0.0046 0.0053 0.0
-6.1286 -1.7615 -7.7387 -0.0025 0.0107 -0.001
-6.0903 -1.7232 -7.662 0.0007 -0.0096 0.0
-6.0519 -1.7615 -7.8153 -0.0046 0.0011 0.0
-6.1286 -1.7232 -7.7004 -0.0035 -0.0053 0.0064
-6.0519 -1.7232 -7.7004 -0.0024 0.0021 0.0057
-6.0908 -1.7238 -7.6998 -0.0014 -0.0032 0.0057
-6.0903 -1.7615 -7.662 -0.0024 0.0011 0.0067
-6.1675 -1.6855 -7.6998 -0.0014 -0.0032 0.0025
-6.1675 -1.8387 -7.6998 0.0029 -0.0021 0.0004
-6.1675 -1.6855 -7.7381 0.0018 -0.0085 0.0002
-6.1292 -1.7621 -7.7381 -0.0004 0.0087 0.004
-6.1292 -1.6472 -7.7381 0.0028 0.0066 -0.0077
-6.1286 -1.7615 -7.662 0.006 -0.0062 -0.0056
-6.0903 -1.7615 -7.777 0.0039 0.0066 -0.0013
-6.1286 -1.7615 -7.7387 0.0017 0.0023 -0.0045
-6.1286 -1.6466 -7.7387 -0.0004 0.0023 -0.0056
-6.0136 -1.7232 -7.7004 -0.0004 0.0023 -0.0002
-6.0525 -1.7238 -7.6998 0.0017 0.0023 -0.0024
-6.0908 -1.7621 -7.7381 -0.0057 0.0034 -0.0077
-6.0903 -1.7615 -7.662 0.0039 0.0044 -0.0035
-6.1286 -1.7998 -7.7004 -0.0025 -0.0009 -0.0056
-6.0519 -1.6849 -7.6237 -0.0036 0.0055 -0.0024
-6.0525 -1.6472 -7.6998 0.0007 0.0023 0.0029
-6.1669 -1.6466 -7.7387 -0.0015 0.0034 -0.0024
-6.0519 -1.6849 -7.662 -0.0015 0.0076 -0.0044
-6.0903 -1.6466 -7.662 0.0028 0.0002 -0.0033
-6.0525 -1.6855 -7.6231 -0.0004 0.0023 -0.0076
-6.1292 -1.7238 -7.6614 0.0028 0.0034 -0.0055
-6.0525 -1.6855 -7.6998 -0.0025 0.0012 -0.0055
