-1.7615 -9.3464 -1.1498 0.035 0.0628 -0.0933
-1.4551 -9.3464 -0.9583 0.0936 0.2428 -0.1369
-1.1486 -9.3847 -0.8051 0.0298 0.5412 -0.1199
-0.1526 -9.7677 0.1143 0.1001 0.0693 -0.0059
-1.9531 -9.2698 -0.8051 0.164 0.0714 0.0079
-1.2258 -9.4619 -0.3065 -0.0757 0.5263 0.0175
-0.996 -9.6151 0.1915 -0.3101 0.4175 -0.0272
-0.5357 -11.5299 0.2676 -0.243 0.0149 -0.3937
0.1155 -13.3303 -1.3414 -0.3826 0.0628 -0.1508
-1.9148 -7.1629 -0.92 1.4657 -0.685 0.6641
-4.0989 -9.1171 -2.0686 1.2995 0.2183 1.2607
0.3448 -7.2784 0.3065 0.7818 0.2215 0.9571
-4.0223 -6.7421 1.1875 0.3856 0.3441 0.6332
-6.5882 -13.3303 2.2212 -0.0618 0.0746 -1.0414
-2.7198 -14.3269 0.6895 -0.7617 0.5092 -0.4075
0.1915 -7.7381 -1.4174 -0.7138 -0.1949 -0.6302
-0.1143 -6.0519 -0.422 -0.0768 -0.3526 -0.3202
-0.996 -5.4013 -0.1532 0.0287 -0.3941 -0.1934
-2.6049 -10.726 0.8428 -0.0576 -0.4154 -0.3394
-4.2904 -14.7483 0.3448 -0.1513 0.0 -0.5098
-0.8811 -10.0748 -2.6815 0.1299 0.3771 0.2764
-2.068 -11.4916 -1.6478 1.6553 -1.633 1.0018
-0.076 -5.0943 0.8422 0.6529 0.1161 1.217
-3.7152 -7.0096 0.8039 0.5667 -0.0042 0.8772
-2.9108 -9.5762 2.6426 -0.2792 0.2205 -0.22
-8.0439 -13.9432 3.562 -0.978 -0.947 -1.1692
3.4099 -10.2657 0.8805 -0.9045 -0.9193 -0.4161
1.3408 -12.7563 -0.9194 -0.5593 -0.8341 -0.6217
-1.4174 -4.4436 0.1915 -0.4741 -1.5094 -0.1221
-1.1869 -9.1548 -0.1538 -0.6669 -1.1025 -0.0326
-4.3281 -9.9593 -0.422 -0.4687 -0.9789 -0.4278
-4.9033 -10.6877 0.0766 0.0053 0.1023 -0.4161
4.367 -8.8107 -4.7501 2.0271 -1.4978 0.237
-4.6346 -8.1971 -2.6055 0.6369 -1.5691 0.9187
-1.0343 -6.8187 0.996 0.4505 -0.9481 0.6236
-4.0983 -8.427 0.7272 -0.4486 -0.2898 -0.3106
-6.0519 -10.419 0.8422 -0.0864 -0.4272 -0.1817
0.9966 -13.5219 -1.801 -0.8267 -0.7371 0.189
0.6901 -9.6528 -0.2304 -0.7137 -1.5872 0.0953
2.1458 -9.5762 -0.7284 -1.3082 -2.7792 -0.3798
-3.6769 -9.6145 -0.3454 -0.9928 -2.0165 -0.6483
-6.1675 -6.8953 -0.8811 -0.2589 -1.2921 0.0345
-3.4093 -10.6877 -0.8811 -0.2279 -0.6763 -0.3937
-1.1869 -6.435 -4.4442 3.4387 -1.9142 -0.3745
-5.2475 -9.3081 -0.2304 1.0259 -1.0428 1.1051
-0.5363 -7.3167 1.0343 0.5487 -0.0958 0.5363
-2.9108 -8.0822 1.57 -0.6253 -0.2076 -0.5482
-5.5156 -12.2577 2.4128 0.0394 -0.7851 0.124
1.2264 -7.3544 -1.9543 -1.2315 -0.7478 0.27
1.6089 -11.9135 -0.0766 -0.1268 -0.9619 -0.3042
-0.498 -8.2744 1.494 -0.6786 -2.2988 -0.4534
-3.2178 -8.3127 0.1915 -0.3249 -1.1419 -0.0283
-4.1366 -11.4916 0.6123 -0.3227 -0.3344 -0.4182
-3.6769 -12.9472 -3.3333 0.1002 -0.327 -0.5503
0.498 -7.7764 -1.8771 2.5098 -0.1991 0.369
-2.988 -6.0908 -0.4214 0.8437 0.5412 1.201
-1.8387 -6.2824 0.8428 0.6168 0.2131 0.7323
-2.6809 -7.8524 2.2212 -0.2078 0.5795 -0.0816
-6.4739 -15.4378 2.8347 -0.9865 -0.098 -0.5204
-1.8771 -7.8147 -0.4214 -1.1879 -0.4634 -0.5769
0.5746 -10.1131 0.498 -0.537 -0.3888 -0.2382
-1.3785 -5.8221 -0.3071 -0.3335 -0.8266 -0.3979
-1.6083 -9.0782 0.3442 -0.5157 -0.6967 -0.1987
-3.9067 -11.6831 0.3059 -0.3655 0.0959 -0.3372
-2.0686 -16.2806 -1.3024 -0.4485 -0.5028 -0.1572
-1.4551 -8.7718 0.5357 1.8918 -0.8533 0.8772
-2.1446 -6.0136 0.1909 1.0098 1.0653 1.136
-1.8387 -5.9759 0.9194 0.8351 0.5934 0.8793
-2.4517 -9.2703 1.992 0.0437 0.522 -0.1924
-4.5969 -11.4539 3.1795 -0.5177 -0.5368 -0.7591
1.1875 -13.2543 1.3024 -1.1345 -0.7051 -0.4821
-0.4974 -11.0702 0.1909 -0.7691 -0.1757 -0.1998
-0.5357 -6.5116 0.0377 -0.3292 -0.4474 -0.3362
-1.6089 -7.5848 0.0766 -0.1108 -0.3313 -0.2499
-2.988 -9.8833 0.3831 -0.1236 0.1715 -0.1093
-1.0337 -11.6831 0.4591 -0.3739 -0.1321 -0.2073
-0.8422 -12.3726 -1.8393 -0.6701 0.277 -0.2435
-1.2252 -6.2818 -1.3797 0.6945 0.0245 0.4745
-1.8387 -9.2703 -1.2258 0.8394 -0.3995 0.6609
-0.5746 -7.1635 -0.6129 0.23 0.196 0.3083
-1.6472 -8.3127 -0.996 0.1395 -0.1086 0.0612
-2.6426 -8.2738 0.3442 -0.7383 0.1822 -0.17
-2.1063 -9.1931 0.1143 -0.1961 0.603 -0.1774
0.3071 -11.3 -2.9886 -0.3911 0.2535 -0.2829
-1.9148 -7.2395 -0.5752 0.0798 -0.1023 -0.0517
-1.3785 -9.8444 -1.9543 -0.1439 0.0053 -0.0379
-1.8381 -8.7334 -1.1498 -0.0001 0.2333 0.0324
-1.0343 -9.2703 -1.3408 -0.0289 0.408 0.0314
-1.3018 -9.3847 -0.9583 0.0894 0.2759 -0.0603
-1.1103 -9.1548 -1.2264 0.0478 0.2035 0.0015
-0.8045 -9.4236 -1.2258 -0.0012 -0.1374 -0.0283
-1.4934 -9.3081 -1.1881 -0.0097 -0.294 -0.0017
-1.4168 -9.4613 -1.1498 -0.0289 -0.2322 -0.0081
-1.4174 -9.232 -1.1875 -0.0641 -0.162 -0.0325
-1.4934 -9.3464 -1.3414 0.003 -0.0139 -0.0038
-1.4934 -9.4613 -1.3414 -0.0013 0.1235 -0.0123
-1.2641 -9.1554 -1.1109 0.0051 0.115 0.0016
-1.1875 -9.3087 -1.1875 0.0286 0.0937 0.0079
-1.3408 -9.347 -1.1875 0.038 0.1074 -0.0037
-1.1109 -9.347 -1.1875 0.0114 0.0552 0.0154
-0.9188 -9.5379 -1.1881 0.0082 -0.0556 -0.0027
-1.3018 -9.1165 -1.1498 -0.028 -0.0822 -0.0208
-1.3402 -9.3847 -1.1881 0.0039 -0.1152 0.0048
-1.4551 -9.1931 -1.1498 -0.0014 -0.0971 0.0176
-1.4551 -9.2698 -1.1498 0.005 -0.0023 0.0058
-1.2252 -9.423 -1.1115 0.0018 -0.0194 0.0197
-1.4168 -9.3464 -1.2647 -0.0323 -0.079 -0.0048
-1.5317 -9.3847 -1.2264 -0.0153 -0.0364 0.0112
-1.4168 -9.3081 -1.2264 -0.0035 0.0286 0.0218
-1.3791 -9.3087 -1.2258 0.005 -0.0055 0.0122
-1.2641 -9.347 -1.1109 0.0583 -0.0577 -0.0027
-1.4557 -9.2703 -1.1492 0.0093 -0.0374 0.0186
-1.5706 -9.3853 -1.2641 -0.0046 0.0073 0.0122
-1.3408 -9.3087 -1.2258 0.0125 0.0094 0.0218
-1.4557 -9.4236 -1.1875 -0.0056 -0.0087 -0.0038
-1.3408 -9.3087 -1.0343 0.0189 0.002 -0.0059
-1.4551 -9.423 -1.2264 -0.011 -0.0321 0.0122
-1.4934 -9.423 -1.1115 0.0018 -0.029 0.0048
-1.4551 -9.3847 -0.9583 -0.0003 -0.0417 0.0144
-1.5706 -9.3853 -1.0343 0.0103 -0.0204 0.0239
-1.6472 -9.2703 -0.996 0.0018 0.0392 0.0186
-1.3408 -9.347 -0.996 0.022 -0.0247 0.0016
-1.4551 -9.3081 -0.9966 -0.0195 -0.0428 -0.0059
-1.6472 -9.347 -0.996 -0.0003 -0.0502 0.0016
-1.494 -9.3087 -0.996 0.0018 -0.0374 0.0144
-1.6083 -9.3847 -1.0732 -0.0013 -0.046 0.0154
-1.5317 -9.3081 -1.0732 0.005 -0.0246 0.0154
-1.7232 -9.3081 -1.0732 0.0157 -0.0161 0.0175
-1.4934 -9.3847 -1.0732 0.021 -0.0023 0.0186
-1.5323 -9.3853 -1.0343 0.0274 -0.0001 0.0207
-1.7238 -9.347 -0.996 0.0179 -0.0065 0.0133
-1.8387 -9.232 -0.996 -0.0013 0.0063 0.0005
-1.8381 -9.2314 -0.9583 0.0125 0.018 -0.0048
-1.7615 -9.3081 -0.92 0.0029 0.051 -0.0059
-1.6466 -9.2698 -0.92 0.0189 0.0361 0.0016
-1.6466 -9.3847 -0.8817 -0.0035 -0.0119 -0.0144
-1.6849 -9.2698 -0.9966 -0.0109 0.0212 -0.0091
-1.6466 -9.4613 -0.8434 0.0104 0.0339 -0.0133
-1.5706 -9.347 -0.9194 -0.0087 0.0191 -0.0102
-1.57 -9.3464 -0.92 -0.0012 -0.0022 -0.007
-1.6083 -9.3464 -1.0349 -0.0098 0.017 -0.0134
-1.5317 -9.423 -0.9583 -0.0076 0.001 -0.0059
-1.5317 -9.3464 -0.9583 -0.0161 -0.0086 0.0026
-1.4551 -9.3464 -0.9966 -0.0109 -0.0161 0.0016
-1.5317 -9.2314 -0.9966 -0.0066 -0.0278 0.0037
-1.6466 -9.3081 -1.0732 -0.0056 0.002 0.009
-1.6089 -9.347 -1.0343 0.0019 0.0255 -0.0016
