2.7581 -8.1594 1.1492 0.4757 -0.0787 -0.0903
3.1795 -9.4619 0.1915 0.4438 0.1951 -0.2065
3.4482 -12.2194 -1.1881 -0.1006 -0.3503 -0.069
2.8353 -8.5802 0.8039 -2.2407 -0.574 -0.0093
7.9302 -15.7437 5.1326 -2.9022 -1.9759 0.7385
2.6821 -5.2092 -1.9926 -2.7787 0.1269 0.4093
2.5672 -2.1829 -1.801 0.3585 0.21 -0.412
6.8193 -15.4372 -10.6117 0.1519 -0.0083 -0.5494
3.4866 -3.1023 -5.8233 1.2501 0.0353 0.3707
2.5289 -5.8221 1.0337 0.7665 -0.1074 0.6775
3.3333 -8.1971 2.2978 1.5388 -0.851 0.4133
3.6015 -7.5076 1.8381 1.2533 -0.6518 0.1662
2.9503 -9.8444 -0.6518 0.9178 -1.0992 -0.2653
2.4523 -14.1348 0.3825 -1.1913 -0.3727 0.1515
4.4819 -11.0708 1.494 -2.2023 -0.5016 0.1419
9.9599 -7.5465 1.5706 -4.6524 -1.276 -0.1201
0.1915 -7.0102 -2.7581 -2.0989 0.9887 0.372
3.6392 -5.1715 -4.0606 1.6114 0.2324 -0.0136
3.2944 -7.2784 -5.4396 -0.026 -0.5953 -0.2291
10.8409 -10.9176 2.9113 1.0052 1.1336 0.1629
4.291 -8.7334 1.1103 2.8044 -1.3367 -0.1748
0.5369 -8.5036 6.435 2.7618 -3.8209 0.4814
-1.9537 -10.8026 2.6815 0.9253 -7.0146 1.2793
1.992 -9.8067 -0.8428 -1.8178 -4.4942 -1.2126
-0.5363 -8.9639 -0.1532 -1.0103 -2.1612 0.4343
-0.4208 -7.5076 -6.5128 -1.6356 -1.9908 -0.0579
-2.7192 -2.6043 -4.9039 -2.7871 -1.5114 -1.0944
-0.076 -3.0257 -7.6237 -2.8362 -1.4305 -0.1559
-2.068 2.414 -17.4304 -4.0238 -0.1127 -0.7872
-2.4517 -2.8347 -11.9902 0.6527 -0.9958 0.0299
-5.7455 0.8434 -9.3476 -1.2349 0.0875 -0.131
-0.9188 0.0389 -9.654 -1.1412 0.7725 -0.0564
-1.9531 -2.8724 -10.9565 0.1403 -0.1106 0.0576
-2.4128 -1.1103 -8.9645 0.2384 -0.0478 -0.0801
-3.1795 -0.6129 -9.8833 0.1478 0.0172 0.0317
-2.4511 -1.1103 -9.2326 0.0786 -0.0115 -0.1952
-1.9148 -1.57 -10.4585 0.1414 0.0119 -0.0588
-2.4128 -1.6083 -9.5391 0.1084 0.0364 0.0328
-2.3361 -1.9148 -9.6157 0.0381 -0.0328 -0.062
-2.2595 -1.1869 -9.8456 0.0371 0.0108 -0.0428
-2.2984 -1.3408 -9.4619 0.0541 0.013 -0.0663
-2.375 -1.8004 -9.5002 0.036 -0.0243 0.0019
-2.4128 -1.4934 -9.5774 0.0008 -0.0147 0.0381
-2.4511 -1.57 -9.3859 0.0285 -0.035 0.003
-2.4511 -1.6849 -9.5774 0.0051 -0.0147 -0.0355
-2.5277 -1.7232 -9.5391 -0.0002 -0.0041 -0.0228
-2.4511 -1.6849 -9.654 0.0083 0.0044 -0.0132
-2.4511 -1.6849 -9.6923 -0.0013 -0.002 -0.026
-2.4894 -1.6466 -9.5774 -0.0098 -0.0041 -0.026
-2.4894 -1.4934 -9.5774 0.0137 -0.0137 -0.0048
-2.5666 -1.6089 -9.5768 -0.0066 0.0098 -0.0198
-2.4511 -1.6083 -9.5774 0.0073 0.0023 -0.0123
-2.4511 -1.6083 -9.5774 0.0073 -0.003 -0.0027
-2.4894 -1.6466 -9.654 0.002 -0.003 -0.0176
-2.5283 -1.5706 -9.5768 0.0051 0.0023 -0.0188
-2.5277 -1.5317 -9.5391 0.0094 0.0055 -0.0198
-2.4511 -1.6466 -9.5774 -0.0087 0.0119 -0.0209
-2.4894 -1.6849 -9.6157 -0.0002 0.0087 -0.0124
-2.4894 -1.6083 -9.6923 0.0009 0.0044 -0.0113
-2.4517 -1.6855 -9.5002 -0.0066 0.0076 -0.0123
-2.5277 -1.6466 -9.5008 -0.0002 0.0076 -0.0166
-2.566 -1.57 -9.5774 0.002 0.0172 -0.0176
-2.4894 -1.6083 -9.6157 -0.0087 0.0087 -0.0166
-2.4511 -1.5317 -9.5391 0.0062 -0.0062 -0.0059
-2.5277 -1.57 -9.6157 -0.0002 0.0002 -0.0095
-2.5277 -1.6466 -9.6157 0.0009 0.0055 -0.0105
-2.4128 -1.6466 -9.6157 -0.0023 0.0066 -0.0158
-2.4894 -1.57 -9.5008 -0.0013 0.0044 -0.0137
-2.4128 -1.6849 -9.6157 0.0094 -0.0041 -0.0031
-2.5277 -1.6083 -9.5008 -0.0056 0.0023 -0.0165
-2.4128 -1.6466 -9.6157 -0.0013 0.0066 -0.0123
-2.5283 -1.6472 -9.5385 -0.0013 0.0055 -0.0133
-2.49 -1.6472 -9.5768 0.004 0.0023 -0.0133
-2.4517 -1.5706 -9.5768 -0.0035 0.0044 -0.0123
-2.49 -1.6089 -9.5385 0.0009 -0.0041 -0.0065
-2.4894 -1.6466 -9.5774 0.0148 -0.0105 -0.0065
-2.4894 -1.6849 -9.5774 -0.0065 0.0023 -0.0182
-2.49 -1.6089 -9.5385 0.0031 0.0002 -0.0076
-2.49 -1.6089 -9.6151 -0.0044 0.0044 -0.015
-2.49 -1.5706 -9.5768 0.002 -0.002 -0.0107
-2.5277 -1.6466 -9.6157 0.0031 0.0023 -0.0118
-2.5277 -1.6083 -9.5391 0.0031 0.0012 -0.0097
-2.4134 -1.5323 -9.5768 0.002 0.0039 -0.0026
-2.49 -1.7238 -9.5768 -0.0066 0.0007 -0.0047
-2.4517 -1.5323 -9.5385 -0.0002 0.0029 0.0017
-2.5277 -1.6466 -9.6157 -0.0034 0.0039 -0.0015
-2.49 -1.5706 -9.6534 -0.0002 0.0007 -0.0015
-2.5283 -1.6089 -9.5768 -0.0012 0.0029 0.0006
-2.4517 -1.6089 -9.6917 -0.0023 0.005 0.0038
-2.5277 -1.6849 -9.6157 0.002 0.0039 -0.0046
-2.5277 -1.6083 -9.5008 -0.0087 0.0007 0.0007
-2.4511 -1.6466 -9.6157 0.003 -0.0099 0.0018
-2.4511 -1.6466 -9.5774 0.0052 -0.0078 0.0018
-2.4511 -1.6083 -9.6157 0.0009 -0.0003 -0.0025
-2.49 -1.6089 -9.5385 0.0039 -0.0047 0.0001
-2.5277 -1.5317 -9.5774 0.0007 -0.0015 -0.0021
-2.4511 -1.6466 -9.5008 -0.0036 -0.0004 0.0001
-2.4511 -1.6083 -9.5774 0.006 -0.0004 0.0022
