1.1498 -10.9553 -0.1538 -1.0989 0.1149 -0.7021
0.3065 -10.6877 -2.5666 -1.1895 -0.1844 -1.1218
2.6049 -8.3127 -3.0646 -0.9157 -0.2164 -0.8956
2.1841 -5.6306 -3.1035 0.1155 -0.4806 -0.3225
4.0229 -8.3121 -5.4402 0.8281 -0.177 0.405
6.0148 -11.2617 -5.2487 0.1826 -0.3975 -0.4642
1.9543 -7.929 -3.6398 0.9581 2.2699 0.633
2.9886 -11.0702 3.9067 1.1168 -0.1642 0.9574
-2.2595 -9.1931 -2.7204 0.7056 0.8308 0.6634
1.6095 -8.4653 1.4934 0.1016 0.0659 0.1329
1.9537 -10.1514 0.2298 2.0105 2.5363 -0.0077
5.7467 -11.7214 0.1143 0.1186 -0.0023 -0.4104
-0.076 -11.4533 -0.3454 -2.9163 -0.732 -0.7288
-0.8039 -14.288 3.8684 -1.6199 -2.4843 -2.6367
1.303 -3.6386 -2.9119 -0.2766 -2.2638 -0.7522
-0.5363 -2.873 -2.375 1.3554 -0.4092 1.1844
5.861 -16.702 -9.2703 0.2742 -0.0758 -0.7458
0.2298 -14.0971 0.7661 1.1488 0.6689 1.1184
1.0349 -6.7798 1.1869 0.6119 1.0683 -0.1109
1.6089 -11.3772 -0.3831 0.6832 2.0899 0.557
3.5626 -9.347 0.996 0.0324 0.0755 -0.5647
6.7038 -13.5225 -1.1875 -2.2771 1.2356 -1.0739
-0.8039 -17.5824 -0.92 -1.2428 0.4441 -0.473
1.3408 -4.4053 0.1149 -1.0137 -2.9775 -1.5894
-0.8811 -3.869 -2.1835 0.8963 -0.3719 0.5539
6.5888 -18.6939 -9.4619 0.1197 1.0662 -1.2219
-0.1909 -17.8889 1.3018 1.1754 0.1511 1.7552
-0.7272 -11.8746 3.0257 1.0007 0.2374 0.5163
1.2647 -7.3544 0.4208 0.6768 0.4899 -0.0717
1.4174 -7.5465 0.3448 0.8888 3.1701 0.2713
4.8656 -9.7677 1.1103 -0.3842 -0.6446 -0.435
4.0606 -12.5265 0.3448 -2.6362 -0.3485 -0.9178
-1.5323 -17.5447 -1.4557 -2.2111 2.042 -0.6824
1.3791 -4.865 -0.2682 -0.7485 -2.8433 -1.9862
-1.2641 -4.1755 -0.7278 0.8132 -0.3016 0.3073
6.1675 -17.085 -7.4316 -0.0774 0.574 -1.5047
-0.6129 -15.2463 2.2601 2.1064 0.2981 2.0228
-1.494 -7.8913 0.996 0.4904 0.8329 1.3378
0.7661 -8.0445 1.1109 0.8654 0.4728 -0.1877
0.8811 -8.5042 0.1149 1.1615 3.2457 0.2768
5.0188 -10.0742 0.5357 -0.4087 0.1266 -0.2889
4.9799 -11.7603 0.6512 -2.4839 -0.5999 -1.0138
-1.992 -16.7403 -0.9577 -1.7925 2.4255 -0.4258
0.92 -3.2938 -1.3797 -0.6814 -2.3778 -0.9477
-0.5357 -2.9108 -1.9543 1.2925 -0.1503 0.8611
6.8953 -15.208 -11.3772 0.4669 1.0449 -1.0042
-0.3448 -15.9358 2.0686 1.496 0.6348 0.925
-0.8045 -8.7724 1.6855 0.9751 0.1256 1.3874
1.0343 -7.1251 -0.4597 0.6747 1.3517 -0.1413
1.6478 -9.6528 1.2252 1.0603 1.9504 0.6236
4.5586 -9.9982 1.0726 -0.3672 0.0276 -0.7165
4.0989 -12.5648 -1.1492 -2.8513 -0.0087 -0.9517
-3.4093 -17.0467 -1.5706 -2.5115 1.7277 -0.2443
1.9543 -3.562 -0.5752 -0.6601 -2.7432 -2.002
-1.5323 -3.6392 -1.5323 1.4523 -0.3602 0.9988
6.5888 -16.6253 -12.2966 0.3988 1.0747 -1.1338
-0.9571 -16.3566 2.068 1.6696 0.7477 2.6969
-1.1486 -7.2012 1.6083 0.4318 0.4249 1.4246
0.9966 -8.1971 0.4974 0.7663 1.2622 -0.2031
1.6478 -8.8101 0.8039 0.8291 2.2284 0.1825
3.1035 -10.1891 0.1526 -0.7464 0.5591 -0.0721
3.4099 -11.415 -1.2647 -2.6277 0.9309 -1.0937
0.5369 -13.5602 2.1829 -2.0002 1.0119 -1.2649
2.0692 -5.0943 -0.2304 -0.4705 -3.1736 -1.8593
-1.9148 -3.7918 -0.422 0.7365 -0.2643 0.3767
5.6695 -18.3109 -7.9296 -0.348 -0.4731 -0.7482
-0.5746 -12.4498 -0.0383 1.317 1.0161 2.4753
0.0383 -2.8347 1.6472 0.4637 -1.0888 0.7726
0.3831 -10.8026 -1.4174 0.7886 2.3765 -0.087
0.1921 -9.3464 0.4974 0.2837 0.2758 0.1633
3.2567 -9.2314 0.7272 -0.43 0.6752 -0.6016
4.291 -13.79 -2.4523 -1.9076 1.7927 -1.0777
-1.3402 -15.284 -0.0389 -1.4697 0.7892 -0.2863
1.5712 -4.558 -0.9583 -0.4641 -1.7781 -0.8935
0.3837 -4.7112 -1.5712 1.0454 -0.4529 0.7353
5.8616 -11.7597 -7.5471 -0.0785 0.9171 -0.7082
-0.1526 -11.1085 -1.5712 0.3561 0.2364 0.6064
0.1921 -5.8987 1.9914 0.5298 -0.3602 0.4861
-0.1149 -10.8409 1.5323 0.387 0.6348 -0.0827
1.0732 -10.5722 0.7655 0.3263 0.1447 0.0248
0.1915 -9.8833 -0.0383 -0.1541 1.1461 -0.0007
1.8771 -9.5002 0.8811 0.0398 0.7051 -0.6761
2.7198 -8.1977 -0.996 -0.5184 -0.9567 -0.0348
0.6512 -8.1977 -2.0303 -0.6473 0.786 -1.0884
4.6735 -8.7724 -1.6855 -0.6761 -0.2803 -0.9531
2.988 -6.1292 -3.6009 -0.8529 0.0734 -0.9446
4.7507 -7.4693 -3.295 -1.0031 -0.3591 -0.9797
5.3247 -6.6655 -4.4819 -0.8529 -0.2206 -0.9997
6.0142 -5.6695 -5.4013 -1.0191 -0.2473 -0.9933
6.3596 -5.3241 -5.6701 -0.7581 -0.1365 -0.8762
6.7421 -5.1332 -6.5122 -0.7144 -0.3123 -0.711
7.0874 -2.9491 -7.0491 -0.6761 -0.4444 -0.7505
6.8959 -2.3744 -7.2407 -0.4822 -0.1621 -0.5779
7.0868 -1.5323 -7.3933 -0.4172 -0.1237 -0.4948
7.0102 -1.0726 -7.5082 -0.2787 0.0052 -0.3862
7.1257 -0.3825 -7.5471 -0.1541 0.0595 -0.3191
6.5511 -0.2292 -7.0874 0.0163 -0.0257 -0.1923
6.5511 -0.1909 -7.0491 0.0088 -0.031 -0.215
6.3979 0.1155 -7.0874 -0.0806 -0.1141 -0.1894
6.4745 0.1921 -7.2024 -0.1637 -0.0523 -0.0808
6.3973 0.1532 -7.3167 0.0653 -0.0172 -0.1
6.3973 0.3448 -7.3167 0.0643 -0.0087 -0.1315
6.4356 0.0766 -7.2784 0.0345 -0.0236 -0.0888
6.3973 0.1532 -7.3933 0.0014 -0.0545 -0.0707
6.3213 0.1921 -7.279 -0.0422 -0.0289 -0.0484
6.3979 0.2304 -7.5088 -0.0273 -0.0502 -0.0366
6.3213 0.3454 -7.3173 0.0195 -0.0491 -0.0683
6.283 0.3454 -7.3173 -0.0114 -0.0097 -0.0736
6.3213 0.3837 -7.4705 -0.0317 -0.0151 -0.0608
6.4362 0.1538 -7.4705 0.0333 -0.0246 -0.0448
6.2447 0.2304 -7.4322 0.028 -0.0289 -0.0714
6.283 0.3071 -7.5471 0.01 0.002 -0.0588
6.283 0.2687 -7.4322 0.011 0.002 -0.0471
6.283 0.2304 -7.5471 0.0153 -0.0012 -0.0471
6.1681 0.2687 -7.4322 -0.0028 -0.0033 -0.0599
6.283 0.3071 -7.4322 -0.0103 0.0041 -0.0418
6.2824 0.1915 -7.5465 0.0057 -0.0001 -0.0535
6.2064 0.2687 -7.3556 -0.0028 0.0105 -0.0582
6.2824 0.2298 -7.5465 -0.0124 -0.0065 -0.0614
6.2058 0.1915 -7.4699 -0.0124 0.002 -0.055
6.2058 0.3065 -7.4316 -0.0167 0.0137 -0.0454
6.3207 0.2682 -7.4316 0.0035 -0.0044 -0.0496
6.283 0.2304 -7.4705 -0.0253 0.0009 -0.0493
6.2441 0.2682 -7.6231 -0.0295 -0.0023 -0.0397
6.2447 0.2304 -7.6237 0.0024 0.0031 -0.0504
6.1298 0.2687 -7.5088 -0.0018 -0.0108 -0.0525
6.1681 0.3454 -7.4705 -0.0093 0.0073 -0.053
6.2441 0.3065 -7.4699 -0.0093 -0.0087 -0.052
6.2441 0.3065 -7.4699 0.0057 0.0084 -0.0488
6.2447 0.2687 -7.5854 0.0195 -0.0044 -0.0552
6.1681 0.2687 -7.5088 0.0014 -0.0012 -0.0456
6.1292 0.3448 -7.4699 -0.0135 -0.0097 -0.05
6.2058 0.3448 -7.4699 -0.0316 -0.0044 -0.0511
6.2441 0.3065 -7.5465 -0.012 -0.0009 0.0087
6.3207 0.3448 -7.4699 0.0029 -0.003 0.0023
6.2058 0.3831 -7.5082 0.0178 0.0119 -0.0073
6.2064 0.3071 -7.4322 0.0189 0.0077 -0.0105
6.1681 0.2687 -7.4705 0.0019 0.0066 -0.0105
6.2447 0.3071 -7.4705 -0.0045 0.0066 -0.0009
6.2447 0.3454 -7.5471 -0.0141 0.0002 -0.0073
6.2441 0.2298 -7.5082 0.0115 0.0109 -0.0063
6.1681 0.3454 -7.4322 0.0072 -0.0062 -0.0095
6.2064 0.3454 -7.4705 0.0103 0.0002 -0.0248
6.2441 0.3065 -7.4699 0.0061 0.0045 -0.0184
6.2447 0.3071 -7.4705 0.0114 -0.0147 -0.0142
