-2.988 -8.6957 -1.2641 -0.1188 -0.2023 -0.0497
-2.9108 -8.7334 -1.3414 -0.2114 -0.116 -0.0636
-1.7998 -9.3464 -0.422 -0.1784 0.0587 -0.022
-2.7198 -8.5808 -0.996 -0.1123 -0.3706 -0.2361
-3.0263 -9.0405 -1.0343 -0.3477 -0.0957 -0.0668
-3.371 -8.8873 -0.6512 -0.4766 -0.1927 -0.0337
-5.439 -10.6871 -0.3837 -0.074 -0.0351 -0.3512
-1.1492 -8.6191 -1.4557 0.9391 -0.2449 0.1346
-2.4517 -12.3349 -3.2178 1.1788 0.1162 0.3498
-2.9113 -5.9759 -0.0766 0.9359 -0.3003 1.0944
-2.7581 -7.355 0.6129 0.3191 0.309 0.1665
-7.4693 -9.5762 1.1869 0.1017 0.3101 0.0494
-3.3704 -15.4755 -1.1498 -0.7686 0.1876 -0.153
-3.1406 -7.2012 -0.4986 -0.8016 -0.2737 -0.1221
0.2304 -8.6185 -1.0349 -0.5108 0.1631 -0.4598
-3.562 -7.7758 -1.6478 -0.8975 -0.5443 -0.2745
-3.6769 -8.6568 -0.7284 -0.6993 -0.5464 -0.3778
-6.8564 -10.802 0.6123 0.1189 -0.5996 -0.2447
-1.4174 -8.351 -5.7078 2.5924 -0.0478 0.0323
-5.4396 -7.6614 -2.1069 0.6803 -0.4814 0.7854
-2.1835 -4.2904 0.3831 0.7197 0.8396 0.5479
-2.9113 -9.5385 1.2641 -0.0154 0.3932 -0.5259
-6.6266 -11.0702 2.3361 0.2616 0.0161 -0.054
2.3756 -6.6266 -1.6478 -1.3331 0.2909 0.794
-0.7661 -13.4458 -1.1109 -0.4255 -0.4867 -0.0391
-3.6003 -7.3161 -0.5369 -0.9965 -1.2526 -0.3629
-5.5929 -7.355 -0.4214 -0.8773 -1.1217 0.0036
-3.3327 -9.9599 0.996 -0.3404 -0.7051 -0.0465
-5.1332 -8.3893 -4.6352 2.4805 -1.3262 -0.7059
-0.4597 -11.6454 -2.1069 0.8144 -0.8916 0.3444
-3.4093 -6.4356 0.0383 -0.1092 -0.7339 0.5841
-3.2944 -7.2784 1.6089 -1.1914 -0.9618 -0.4673
-4.8267 -8.4659 2.0686 -0.4298 -0.9458 -0.5312
-4.1755 -12.718 -1.1875 -0.1411 -1.1972 0.5937
0.996 -12.1434 0.5746 -0.9763 -1.9472 0.1069
-3.945 -10.4573 1.3785 -1.2191 -2.6535 -0.152
-0.9188 -6.8564 1.9148 -0.6215 -2.5416 0.0824
-0.1526 -5.8987 4.4047 -0.9954 -4.1043 0.0131
-9.3081 -7.6225 1.8381 -0.9485 -2.7834 1.0901
-4.8267 -5.4013 0.6129 -0.874 -2.3733 1.6696
-2.1835 -0.3448 3.1795 0.9498 -3.3906 2.3034
-12.6414 -5.2098 11.5688 0.3127 0.2015 1.301
-7.2395 -4.9027 6.0519 0.5279 -2.2018 0.9378
-7.431 -1.1869 8.2738 -0.2945 -0.3354 0.0728
-7.0479 -3.3704 5.1326 -0.7749 0.3687 0.1506
-7.1251 -5.3247 4.9033 -0.0921 -0.019 0.0408
-6.933 -4.4047 5.2475 -0.0345 0.3059 0.028
-7.2778 -4.1366 5.2092 0.1263 -0.2534 0.0589
-7.4316 -4.0989 5.5929 -0.0441 0.0917 0.0014
-7.355 -4.2138 5.2098 -0.0569 0.1162 -0.022
-7.4693 -4.2132 5.2858 0.0262 -0.0073 0.0312
-7.4693 -4.1366 5.2475 -0.0131 0.0577 -0.0007
-7.5076 -4.1366 5.1326 -0.0195 0.0727 -0.0189
-7.431 -4.2898 4.9027 -0.0099 0.0641 -0.0338
-7.431 -4.2132 5.0943 -0.0184 0.1611 0.0046
-7.5076 -4.3281 4.6729 -0.0493 0.0247 -0.0295
-7.6608 -4.1749 4.9027 -0.011 -0.0115 -0.022
-7.6225 -4.2898 4.7112 -0.0504 0.029 -0.0284
-7.6225 -4.3664 4.6729 0.0103 -0.0637 -0.005
-7.5842 -4.3281 4.941 0.0306 -0.0712 0.0131
-7.5459 -4.1749 4.9027 0.0082 -0.0296 0.0131
-7.7375 -4.2132 4.7112 -0.0024 -0.0072 0.0024
-7.6225 -4.1749 4.7878 0.0167 -0.0126 0.0046
-7.5076 -4.1366 5.0943 0.0146 -0.0115 0.0227
-7.5842 -4.1749 5.1326 -0.0419 0.1057 -0.0146
-7.6231 -4.2904 4.8267 0.0189 -0.004 0.0227
-7.6614 -4.2138 4.7118 -0.0014 -0.0126 -0.0039
-7.5848 -4.2138 4.7118 -0.0025 -0.004 0.0014
-7.5842 -4.3281 4.8644 0.005 -0.0222 0.0067
-7.6231 -4.2521 4.865 0.0103 -0.0083 0.011
-7.6225 -4.2515 4.9027 -0.0057 0.0183 -0.0007
-7.6608 -4.1749 4.7878 -0.0025 -0.0073 -0.0018
-7.5465 -4.2521 4.9033 0.0039 -0.0168 0.0057
-7.5076 -4.2132 4.8261 -0.0004 0.0087 0.0025
-7.5842 -4.2515 4.8644 0.0018 -0.0062 0.0035
-7.6608 -4.2132 4.9027 -0.0067 0.0045 -0.0029
-7.5842 -4.2515 4.8644 -0.0045 0.0056 -0.0008
-7.5842 -4.3281 4.8261 0.0029 -0.0136 0.0046
-7.6225 -4.1749 4.8644 -0.0024 -0.0008 -0.0008
-7.5848 -4.2904 4.9033 -0.0003 -0.0029 0.0003
-7.5082 -4.2138 4.865 0.0008 -0.004 -0.0008
-7.5842 -4.2898 4.8261 0.0008 -0.0029 0.0024
-7.6608 -4.2898 4.8644 0.0019 -0.0104 0.0003
-7.6231 -4.2138 4.865 -0.0013 0.0024 0.0024
-7.5848 -4.2138 4.9416 -0.0035 0.0013 -0.0008
-7.5459 -4.2132 4.7878 0.0019 -0.0051 0.0035
-7.5459 -4.2515 4.8644 0.0051 -0.0147 0.0046
-7.5848 -4.2521 4.865 0.004 -0.0061 0.0067
-7.6225 -4.2898 4.8644 0.0008 -0.0104 0.0014
-7.6225 -4.2132 4.941 0.0029 -0.0083 0.0046
-7.5076 -4.2515 4.8644 0.0008 -0.0061 0.0035
-7.6231 -4.1755 4.9033 0.0051 -0.0136 0.0056
-7.5848 -4.2521 4.9416 0.0019 -0.0104 0.0024
-7.5848 -4.1372 4.9416 0.0008 -0.0061 0.0014
-7.5842 -4.1749 4.941 0.004 -0.0093 0.0046
-7.5459 -4.2132 4.9027 0.0008 -0.0029 0.0014
-7.5459 -4.2132 4.8644 -0.0024 -0.0029 0.0014
-7.6608 -4.2898 4.8644 0.004 -0.0093 0.0046
