-0.4974 -9.2698 -1.1115 -0.1918 0.1812 -0.0267
-0.6506 -8.0056 -0.8817 0.2492 -0.2396 0.0585
1.0349 -9.8827 -0.5752 0.4708 -0.2449 -0.1748
-0.1532 -8.849 -0.0383 0.0916 -0.3472 -0.1972
0.2298 -8.6191 0.4214 0.1001 -0.0649 0.0297
1.6861 -10.8403 1.1869 -0.0043 -0.214 0.1821
-0.2298 -13.216 0.2298 -0.2056 0.1259 -0.1312
0.1915 -9.9599 -0.3448 -0.4591 0.7256 0.1746
-1.6849 -9.9593 -1.6861 -0.5976 0.6713 0.1991
-2.0297 -6.933 -1.6861 -0.6413 0.651 0.4547
0.0006 -9.3464 -1.2264 -0.2131 0.9919 0.2939
-0.574 -10.4573 -0.8817 -0.5966 0.3473 -0.0064
1.0732 -9.9593 1.1869 -0.1971 0.1183 0.2854
-3.064 -8.4653 -4.6358 1.8194 -1.3869 -0.1108
-1.3402 -12.4876 -3.1801 0.8756 -0.3952 -0.6701
0.2304 -8.0439 -0.422 0.6146 -1.2208 -0.8416
-0.8039 -8.0439 0.1909 -0.2216 -0.8829 0.2364
1.303 -12.1811 1.3018 -0.1332 -0.4068 0.1628
-3.2555 -17.3526 -3.295 -0.6061 0.7948 -0.2942
0.3837 -8.7334 -0.7284 -0.4251 0.8002 0.0936
-4.1372 -8.4659 -3.4093 -0.686 0.7672 0.361
-0.1149 -8.6574 -1.6472 -0.1332 0.7182 0.4462
0.1149 -8.6574 -0.8428 -0.5785 0.716 0.0968
-0.9194 -10.9176 0.1915 -0.278 0.683 0.2843
2.2601 -9.5002 0.6129 1.0802 -0.5197 0.1309
-2.6043 -9.0016 -2.6438 0.474 -1.113 -0.5615
1.3414 -8.2355 -2.4523 0.6317 -0.7913 -0.4817
0.0772 -8.7718 1.1869 0.8181 -2.32 -0.4347
0.4986 -9.2698 2.068 0.2088 -3.2031 0.0499
-0.8039 -9.921 1.4934 0.0426 -2.776 0.0851
1.5329 -9.8827 0.5357 -0.2045 -2.8164 0.3727
1.3024 -10.9176 0.6129 -0.7617 -3.4045 0.3781
-3.6009 -11.2623 0.9194 -0.6605 -2.9474 0.0179
-1.7232 -8.1588 2.9874 -0.7585 -2.6235 -0.2484
-3.3321 -9.3464 0.5357 0.065 -2.5799 0.0936
-1.4557 -9.4236 0.9577 -0.2812 -1.9279 -0.3315
-2.8347 -8.8107 0.0383 -0.2035 -1.8523 -0.2143
-3.7158 -9.0788 -0.8045 -0.2919 -1.0875 -0.341
-3.1412 -9.347 -1.2641 -0.0874 -0.639 -0.4273
-0.9954 -9.6145 -1.1115 0.343 -0.4302 -0.4103
1.7627 -9.0399 -1.6478 -0.1023 -0.6987 -0.2388
0.0389 -7.7375 -1.303 -0.506 -0.7114 -0.1908
0.0772 -9.0782 -2.2224 -0.326 -0.752 0.2502
-1.57 -8.5036 -0.7667 -0.3782 -0.2982 -0.1812
-0.8422 -8.6568 -1.3797 0.1161 -0.4825 -0.178
-0.8805 -8.427 -1.4563 0.0692 -0.1256 -0.2494
-0.4591 -9.2698 -1.3414 0.1811 -0.035 -0.3165
-0.1909 -9.5762 -1.2647 0.2098 0.0246 -0.3943
0.2304 -9.9976 -1.0349 0.5454 0.1205 -0.439
0.8428 -10.3046 -0.3831 0.6498 0.2111 -0.6499
2.8353 -10.1125 1.1869 0.6338 0.1727 -0.6819
3.0652 -8.8867 1.7232 0.4378 0.1642 -0.4998
3.2178 -8.8873 1.7621 0.4644 0.1493 -0.4241
3.6015 -8.3887 2.6809 0.685 0.2953 -0.4529
3.9079 -8.1971 3.3704 0.4527 0.1621 -0.291
4.1378 -7.8907 3.9067 0.3334 0.1067 -0.1621
3.9462 -7.7758 4.3281 0.2748 0.081 -0.2121
4.1372 -7.3933 4.4436 0.147 0.0555 -0.1673
4.367 -7.6998 4.2521 0.065 0.0278 -0.064
4.3287 -7.355 4.4819 -0.0128 0.0171 0.05
4.1372 -7.5082 4.5586 -0.0544 0.0086 0.0521
4.1372 -7.5848 4.4436 -0.0448 -0.0116 0.0137
4.0606 -7.4699 4.2521 -0.0394 -0.018 0.0074
4.2521 -7.4316 4.2904 -0.0416 -0.0116 0.0223
4.0989 -7.5848 4.2138 -0.032 -0.0074 0.0265
4.1761 -7.5842 4.2132 -0.0096 -0.0084 0.0042
4.1378 -7.6225 4.2515 -0.0032 -0.0064 0.0053
4.1761 -7.6225 4.2132 0.001 -0.0043 0.0064
4.1755 -7.5848 4.2521 -0.0022 -0.0032 0.0074
4.1755 -7.5082 4.0989 -0.0022 -0.0117 0.0053
4.0989 -7.6614 4.4819 -0.0054 -0.0064 0.0053
4.1372 -7.6231 4.4053 0.0021 -0.0062 0.0073
4.1372 -7.5465 4.1372 -0.0 -0.002 0.0063
4.1372 -7.5082 3.9456 -0.0053 -0.0052 0.0063
4.0995 -7.5459 4.443 -0.0043 -0.0094 0.0073
4.1378 -7.5842 4.2132 -0.0011 -0.0084 0.0052
4.1378 -7.5459 3.9067 -0.0032 -0.0031 0.0063
4.0989 -7.5848 3.984 -0.0075 -0.0042 0.0084
4.1761 -7.5842 4.1749 -0.0064 -0.0031 0.0095
4.0229 -7.5842 4.1749 0.0032 -0.0042 0.0074
4.1761 -7.6225 4.2515 -0.0032 -0.0031 0.0074
4.1378 -7.5842 4.1366 -0.0107 -0.0032 0.0138
4.0612 -7.6608 4.1749 -0.0 -0.0032 0.0095
4.0995 -7.6608 4.1366 -0.0 -0.0053 0.0053
4.0995 -7.6225 4.2515 -0.0043 -0.0075 0.0053
4.0989 -7.5848 4.1372 -0.0022 -0.0064 0.0042
4.1755 -7.5465 4.2138 0.0021 -0.0042 0.0074
4.0989 -7.5848 4.1755 0.0053 -0.002 0.0074
4.0989 -7.5082 4.1755 -0.0 -0.0031 0.0052
4.0989 -7.5848 4.1755 0.0021 -0.0042 0.0052
4.1372 -7.6614 4.2138 0.0032 -0.0042 0.0042
4.0223 -7.6231 4.2138 0.0042 -0.0052 0.0042
4.1372 -7.5848 4.2521 -0.0043 -0.0074 0.0052
4.0989 -7.5082 4.1372 -0.0054 -0.0052 0.0063
4.1378 -7.5842 4.1749 0.0032 -0.0063 0.0042
4.0989 -7.5082 4.1755 -0.0032 -0.0084 0.0042
4.1755 -7.5848 4.1372 -0.0092 -0.0015 0.0035
