-2.7192	9.5391	-1.9543	-42.5591	-108.9005	64.1546	12.9731	-14.1981	15.0193	-0.6081	0.2527	0.3856	0.2238	0.7545	0.5379	-0.3022	0.1081	-0.0738	-0.0696	-2.1111	9.2864	-2.3399	0.2175290935347629	6	0	1	Upright	Normal
-2.5277	9.8839	-1.4563	-41.9725	-110.0079	62.6626	13.2063	-13.8850	15.5849	-0.2892	0.6678	1.0383	0.2223	0.7601	0.5290	-0.3048	0.3392	-0.0035	-0.0377	-2.2384	9.2160	-2.4946	0.19562827357072976	6	0	1	Upright	Normal
-2.6426	9.1560	-2.0309	-41.0275	-109.7330	63.2787	13.2641	-13.8352	15.9162	-0.4332	-0.0661	0.4670	0.2301	0.7579	0.5267	-0.3085	0.1017	-0.1537	0.1402	-2.2094	9.2222	-2.4979	-0.56168597332376	6	0	1	Upright	Normal
-2.4894	9.5008	-1.9543	-39.8264	-110.3717	63.4276	13.2307	-14.1050	15.8971	-0.3323	0.3006	0.6675	0.2404	0.7589	0.5201	-0.3096	0.3030	-0.1185	0.1572	-2.1570	9.2002	-2.6218	0.2703426442871173	0	0	1	Upright	Normal
-2.7575	9.8456	-1.8010	-38.4252	-110.4526	64.3548	13.6097	-14.7433	16.5409	-0.7006	0.6406	0.8836	0.2542	0.7565	0.5156	-0.3119	0.1261	-0.1505	0.2328	-2.0569	9.2050	-2.6846	0.36780087046497556	0	0	1	Upright	Normal
-2.9874	11.0714	-2.8353	-38.1327	-109.0746	65.8013	13.3011	-15.1589	16.1100	-0.9933	1.8064	-0.3144	0.2590	0.7493	0.5212	-0.3159	-0.1636	-0.0663	0.0751	-1.9941	9.2650	-2.5209	1.4308074562837287	0	0	1	Upright	Normal
-0.6895	10.0748	-3.4477	-40.7599	-110.0619	65.2962	12.7228	-15.4120	15.6124	1.1649	0.7884	-0.8995	0.2464	0.7545	0.5301	-0.2984	-0.0826	0.6836	0.1188	-1.8545	9.2864	-2.5482	-1.141988319367627	0	0	1	Upright	Normal
1.1875	8.4276	-3.0263	-46.6480	-114.9309	62.9770	11.8735	-16.0756	17.4794	2.5504	-0.8600	-0.1884	0.2228	0.7714	0.5426	-0.2468	0.0718	0.3385	-0.1912	-1.3629	9.2876	-2.8379	-1.6378010654834227	0	0	1	Upright	Normal
-0.4980	8.0445	-2.5283	-47.1918	-116.4918	63.5153	11.3726	-16.2468	18.3070	0.5438	-1.2424	0.4444	0.2310	0.7734	0.5432	-0.2309	0.0079	0.2266	0.2169	-1.0418	9.2870	-2.9727	-0.5857423144903837	0	0	1	Upright	Normal
-0.4974	8.6963	-1.9543	-48.5089	-118.8793	62.1709	10.6815	-16.7798	18.6864	0.3739	-0.5538	1.1836	0.2265	0.7802	0.5423	-0.2144	0.3872	0.0711	0.0050	-0.8713	9.2501	-3.1379	0.47990866411405797	0	0	1	Upright	Normal
-0.3442	10.7266	-2.7204	-47.7808	-119.1926	62.2288	10.4803	-16.4592	19.8418	0.5106	1.5012	0.4938	0.2320	0.7810	0.5382	-0.2157	0.2529	-0.1878	-0.0153	-0.8547	9.2255	-3.2142	2.144484118047547	0	1	2	PT	Normal
-0.5357	10.1520	-3.5632	-45.9811	-119.5071	62.6689	11.2986	-16.2096	19.6485	0.2973	0.9755	-0.2066	0.2455	0.7816	0.5293	-0.2206	0.2401	-0.3145	0.3650	-0.8330	9.1765	-3.3565	-0.2990524547761968	0	1	2	Upright	Normal
-2.9491	7.2407	-7.7770	-40.5234	-116.1554	68.4125	11.4789	-16.5075	19.2347	-2.3221	-1.9778	-4.4909	0.2962	0.7615	0.5220	-0.2450	-0.3383	-1.1401	0.6867	-0.6270	9.2184	-3.2860	0.25505338335800154	0	1	2	Upright	Normal
-1.1103	8.9262	-3.7930	-34.2047	-123.6664	65.9495	11.0900	-16.9564	18.9493	-0.5748	0.2274	0.7031	0.3421	0.7824	0.4630	-0.2374	2.0191	-0.4189	0.9594	-0.5356	8.6987	-4.4962	-1.265539821294814	0	0	2	Upright	Normal
-0.0760	6.1298	-3.7164	-26.6389	-126.5903	71.1878	10.5358	-15.5429	20.0875	-0.0178	-2.1687	1.5088	0.4218	0.7671	0.4219	-0.2358	0.0069	-1.2818	1.0223	-0.0582	8.2985	-5.2252	-2.593189858702311	0	0	2	Upright	Normal
-1.3024	5.7078	-3.2944	-18.9596	-125.4341	77.5874	10.1892	-16.7025	19.8805	-1.3889	-2.4927	2.0828	0.4904	0.7305	0.3974	-0.2607	0.6077	-1.6674	1.4878	0.0865	8.2004	-5.3772	-0.4510511431629567	0	0	2	Upright	Normal
-0.3065	2.0303	-4.4436	-13.0999	-130.9224	84.5203	9.1578	-16.9942	19.1999	-1.0481	-5.4847	1.8130	0.5727	0.7007	0.3543	-0.2356	1.0274	-0.2016	1.7861	0.7416	7.5150	-6.2566	-1.822696732003143	0	0	2	Upright	Normal
2.5289	5.6318	-7.6237	-13.4896	-146.0124	88.8489	6.6347	-16.0710	21.6324	0.7427	0.1128	0.2833	0.6403	0.7023	0.2834	-0.1287	1.6836	-2.7231	3.3627	1.7862	5.5189	-7.9070	4.914794817683437	0	0	2	Upright	Normal
3.7547	6.6661	-8.0068	-4.0909	-153.1578	103.1021	4.4945	-15.3860	23.2896	2.1431	2.4948	0.7210	0.7561	0.6109	0.2032	-0.1170	0.8356	-0.9707	2.0511	1.6116	4.1713	-8.7278	1.264594811839789	0	0	2	Upright	Normal
4.9422	0.3071	-5.8233	-8.4743	-154.1420	108.9941	2.0346	-15.5442	23.6626	2.3206	-3.3139	2.9052	0.7817	0.5779	0.2235	-0.0710	0.4500	1.5049	0.2093	2.6217	3.6209	-8.7285	-3.4304697985069996	0	1	3	PT	Normal
9.8833	1.8004	-17.0467	-10.9839	-156.5434	106.6960	2.4350	-13.2896	24.9013	7.1201	-1.4461	-8.2153	0.7703	0.5974	0.2183	-0.0456	-2.9610	1.1374	-1.4855	2.7632	3.2465	-8.8315	12.142654516882944	0	1	3	Jump	Normal
-2.3367	-0.1149	-7.9679	9.8545	-162.8341	103.4057	9.8303	-13.1751	22.0776	-1.4477	-3.3021	1.2637	0.7811	0.6005	0.0641	-0.1588	0.5533	-3.6190	-0.6994	-0.8890	3.1871	-9.2316	-11.48237369904059	0	1	3	Jump	Normal
-13.1394	-5.0949	7.0485	38.9036	175.3007	120.1980	19.0314	-11.9703	13.3945	-7.4301	-7.4879	14.6545	0.8099	0.4815	-0.1994	-0.2692	4.3062	-0.5212	-0.6003	-5.7093	2.3930	-7.6059	7.4527404500467025	0	1	3	Jump	Normal
-10.9176	0.3448	-17.0850	28.2149	-174.5649	106.8945	18.9135	-11.5056	18.0282	-6.7711	-1.8853	-8.4824	0.7851	0.5677	-0.1081	-0.2230	1.9072	2.2282	-3.5929	-4.1465	2.2300	-8.6027	4.521310934204957	0	1	3	Jump	Normal
-6.3584	-4.5197	-13.6380	21.0398	174.8327	96.0279	20.5897	-7.0424	20.0706	-2.7785	-4.0094	-4.5222	0.7246	0.6632	-0.1550	-0.1059	3.3496	-1.8368	-1.5753	-3.5799	-0.5103	-9.1158	-4.566791666967447	0	1	3	Jump	Normal
-0.8039	1.1498	-2.2607	50.5670	164.0692	102.7304	26.3756	0.8920	11.8531	6.8938	2.1703	3.7290	0.6625	0.6053	-0.3620	-0.2522	0.3424	-4.2699	-0.2160	-7.6977	-1.0205	-5.9897	-13.050873224390234	0	1	3	Jump	Normal
-0.2682	-0.2682	0.0766	68.5052	146.5963	115.4721	27.7977	1.6038	0.2161	8.9308	1.3300	3.0764	0.5831	0.5594	-0.4886	-0.3291	0.0995	-2.9788	-0.2299	-9.1990	-1.5981	-2.9998	-2.2737005384777547	0	1	3	PT	Normal
-12.2200	-4.0606	0.3065	72.7386	65.1022	-168.3388	23.8433	2.6308	-9.4273	-2.7114	-1.9972	-0.9185	0.4818	0.4532	-0.6428	-0.3864	2.0851	-4.1282	1.2945	-9.5086	-2.0634	1.2249	12.493687713782926	0	1	3	Jump	Normal
-11.3000	-5.8987	9.3081	47.1256	-1.5657	-112.9102	11.0277	0.4777	-20.7047	-4.7869	-2.8551	2.6383	0.2104	0.3401	-0.7669	-0.5019	-4.7719	-2.9116	-0.7675	-6.5131	-3.0436	6.6698	2.903069073910965	0	1	3	PT	Normal
-1.5317	-0.5357	5.9370	46.8983	-2.5234	-109.7826	2.0253	3.9568	-25.3262	5.0534	2.2917	-0.7572	0.2123	0.3371	-0.7554	-0.5203	0.2305	0.9723	0.3809	-6.5851	-2.8274	6.6942	-9.628948461547072	0	2	4	Jump	Normal
-6.5122	-3.6775	6.7038	49.2275	-5.7401	-101.3715	4.7355	4.0947	-24.6597	0.5388	-1.2589	0.3316	0.2283	0.3507	-0.7157	-0.5591	0.2103	0.5952	1.6571	-7.0511	-2.4186	6.3722	3.888831532707705	0	2	4	Jump	Normal
-7.8147	-2.3367	4.8650	56.0973	-8.4349	-92.8277	6.3688	2.9084	-23.7440	0.1559	-0.5028	-0.5457	0.2763	0.3844	-0.6614	-0.5818	-0.1412	2.3625	-0.2796	-7.9706	-1.8340	5.4107	-0.5463305839600601	0	2	4	PT	Normal
-8.5036	-3.4471	1.7998	67.4489	-15.8614	-93.5124	12.3242	5.3909	-22.2674	0.0278	-0.2379	-1.8178	0.2931	0.4792	-0.6525	-0.5086	-0.9018	2.1302	-2.1310	-8.5314	-3.2091	3.6176	-0.14669783954598792	0	2	4	Tilt	Normal
-10.8403	-9.0782	3.2938	73.0184	-28.4253	-94.1372	16.9810	10.9050	-19.7966	-2.9503	-3.8270	0.7751	0.2483	0.5567	-0.6700	-0.4237	0.2444	-0.8365	-0.0812	-7.8901	-5.2512	2.5187	5.167528852864917	0	0	4	Tilt	Normal
-8.7718	-4.2898	2.5660	70.1885	-34.0301	-80.5657	16.4609	11.3587	-19.6191	-0.3294	-0.1290	-0.1884	0.2646	0.5381	-0.6342	-0.4881	-0.9071	0.5281	1.6701	-8.4424	-4.1608	2.7544	-4.421990847126153	0	0	4	Tilt	Normal
-9.3087	-3.4477	-0.0383	85.4484	-90.2849	-20.6027	22.0731	8.5136	-15.8705	-0.1466	0.0494	-0.0344	0.3777	0.5979	-0.5659	-0.4238	-0.4523	2.4765	-0.2485	-9.1620	-3.4970	-0.0039	-0.16936799571940853	0	0	4	Upright	Normal
-10.8020	-3.8301	-1.1115	82.8005	-158.9412	48.0879	25.1781	8.4363	-11.5612	-1.6914	-0.3874	0.0353	0.4108	0.6242	-0.5379	-0.3901	-0.4011	1.0565	-0.0620	-9.1107	-3.4427	-1.1468	1.5879683444185222	0	0	4	Upright	Normal
-7.6608	-3.8301	-2.9503	74.0071	178.9034	70.7422	26.7297	8.8454	-7.4920	1.1753	-0.5442	-0.2488	0.4576	0.6545	-0.4952	-0.3422	-0.4640	2.2581	0.3683	-8.8361	-3.2859	-2.7014	-2.4559030344040504	0	0	4	Upright	Normal
-8.2355	-3.0640	-5.1721	62.5918	170.4153	81.4930	28.3189	7.5042	-1.7996	0.0130	-0.1793	-0.7208	0.5229	0.6734	-0.4388	-0.2838	-0.2733	1.1747	0.2776	-8.2485	-2.8847	-4.4513	1.1373881609925718	0	0	4	Upright	Normal
-8.5425	-2.7198	-5.9759	58.4125	167.7721	85.3470	29.5569	6.5391	1.9205	-0.5736	0.0127	-0.9557	0.5501	0.6733	-0.4197	-0.2605	0.0505	0.1190	0.0369	-7.9690	-2.7325	-5.0202	0.5779972025363147	0	1	5	PT	Normal
-8.0822	-2.5660	-5.1721	58.2321	163.8170	89.6029	28.9037	6.9293	1.5492	-0.0941	0.2227	-0.2137	0.5609	0.6620	-0.4285	-0.2522	0.1059	-0.1856	-0.0643	-7.9881	-2.7886	-4.9584	-0.8415621654371837	0	1	5	PT	Normal
-8.0439	-2.7958	-5.3253	59.7267	162.4805	90.3417	28.8186	7.0036	0.8372	0.0501	0.1082	-0.6108	0.5544	0.6580	-0.4406	-0.2559	0.1677	-0.5127	-0.1048	-8.0940	-2.9040	-4.7145	0.11126605510141019	0	1	5	Tilt	Normal
-8.3887	-3.0640	-4.0995	63.1764	160.2168	91.6095	29.0485	7.2896	-1.0852	-0.0636	0.0226	0.0645	0.5389	0.6495	-0.4646	-0.2680	0.1219	-0.4051	-0.1123	-8.3251	-3.0866	-4.1640	-0.21717326851684682	0	1	5	Tilt	Normal
-8.5802	-2.9874	-3.8696	64.3750	159.1512	92.2720	28.6620	7.0417	-2.2885	-0.1851	0.1725	0.0940	0.5333	0.6463	-0.4734	-0.2716	0.0484	-0.1015	-0.0568	-8.3951	-3.1599	-3.9636	0.04841791772357951	0	1	5	Tilt	Normal
-8.4270	-3.0257	-4.0995	64.6162	159.2561	92.0165	29.5617	7.1951	-2.8207	-0.0242	0.1540	-0.1680	0.5313	0.6467	-0.4746	-0.2726	-0.0113	-0.0067	-0.0525	-8.4028	-3.1796	-3.9314	-0.027537096668899252	0	1	5	Tilt	Normal
-8.5419	-2.9108	-4.1378	64.2967	159.6077	91.4867	28.3378	6.8046	-2.1610	-0.1734	0.2903	-0.1511	0.5311	0.6490	-0.4728	-0.2705	-0.0006	0.0540	-0.0738	-8.3685	-3.2010	-3.9866	0.08005489037054936	0	1	5	Tilt	Normal
-8.5802	-3.0257	-4.0995	64.0269	159.8141	91.0757	28.7908	7.3224	-2.2143	-0.2433	0.2023	-0.0684	0.5307	0.6510	-0.4716	-0.2684	-0.0102	0.0604	-0.0664	-8.3369	-3.2280	-4.0311	0.05135974825603995	0	1	5	Tilt	Normal
-8.5036	-3.0640	-4.2910	63.9450	160.2286	90.4547	28.9587	7.0714	-1.9150	-0.1867	0.1873	-0.2375	0.5292	0.6531	-0.4708	-0.2678	-0.0113	-0.0067	-0.0664	-8.3169	-3.2513	-4.0535	0.026590078323485145	0	1	5	Tilt	Normal
-8.4659	-3.1029	-4.2521	63.9975	160.4295	90.0906	29.4527	6.8923	-1.7843	-0.1559	0.1689	-0.2011	0.5278	0.6542	-0.4710	-0.2677	0.0100	-0.0386	-0.0582	-8.3100	-3.2718	-4.0510	-0.03665553865160831	1	1	6	Tilt	Normal
-8.6191	-3.0263	-4.0989	64.3045	160.4187	89.9864	28.7774	7.1875	-1.9140	-0.2939	0.2623	-0.0928	0.5259	0.6540	-0.4727	-0.2690	0.0217	-0.0855	-0.0540	-8.3252	-3.2886	-4.0061	0.04346736191530276	1	1	6	Tilt	Normal
-8.6191	-3.1029	-4.0606	64.7600	160.3525	89.9627	28.4773	6.7571	-2.1163	-0.2671	0.1998	-0.1224	0.5236	0.6532	-0.4751	-0.2711	0.0239	-0.0759	-0.0540	-8.3520	-3.3027	-3.9382	0.0078366060984294	1	1	6	Tilt	Normal
-8.6951	-2.9874	-3.9079	65.3081	160.2058	89.9930	28.8658	7.0388	-2.2333	-0.3118	0.3346	-0.0534	0.5209	0.6521	-0.4782	-0.2735	0.0366	-0.0876	-0.0550	-8.3833	-3.3220	-3.8545	-0.030201171866419685	1	1	6	Tilt	Normal
-8.5802	-3.1023	-3.9462	65.9276	160.0405	89.9353	29.2241	6.9835	-3.0117	-0.1679	0.2547	-0.1864	0.5173	0.6513	-0.4819	-0.2758	0.0324	-0.1643	-0.0827	-8.4123	-3.3570	-3.7598	-0.049391618069304144	1	1	6	Tilt	Normal
-8.7340	-3.2178	-3.6775	66.7743	159.7670	89.9820	28.7679	7.4448	-3.2155	-0.2791	0.1763	-0.0489	0.5128	0.6497	-0.4868	-0.2793	0.0292	-0.0951	-0.0613	-8.4550	-3.3941	-3.6286	0.06739327647299298	1	1	6	Tilt	Normal
-8.7724	-3.1412	-3.7541	67.0142	159.6969	89.9715	28.6890	7.0222	-2.8334	-0.3068	0.2658	-0.1625	0.5114	0.6493	-0.4882	-0.2802	0.0164	-0.0258	-0.0538	-8.4656	-3.4069	-3.5916	0.037619129152307806	1	1	6	Tilt	Normal
-8.8490	-3.1412	-3.6392	67.1635	159.7817	89.8392	28.4735	7.3465	-2.6424	-0.3772	0.2716	-0.0678	0.5104	0.6493	-0.4888	-0.2810	0.0079	-0.0152	-0.0538	-8.4717	-3.4128	-3.5714	0.024870973085523218	1	1	6	Tilt	Normal
-8.7718	-3.1789	-3.6781	67.2415	159.9820	89.5582	28.4228	7.3091	-3.7444	-0.3009	0.2435	-0.1136	0.5093	0.6499	-0.4890	-0.2813	0.0047	-0.0141	-0.0570	-8.4708	-3.4224	-3.5645	-0.04166357430197998	1	1	6	Tilt	Normal
-8.7724	-3.1412	-3.6775	67.2948	160.2004	89.2856	28.7629	7.2726	-3.5457	-0.3026	0.2866	-0.1160	0.5085	0.6504	-0.4889	-0.2817	0.0068	-0.0045	-0.0560	-8.4698	-3.4277	-3.5615	-0.011581136869473596	1	1	6	Tilt	Normal
-8.6957	-3.1412	-3.6775	67.2668	160.4723	88.9467	28.4785	7.7181	-3.8315	-0.2327	0.2928	-0.1058	0.5078	0.6513	-0.4884	-0.2817	-0.0049	-0.0013	-0.0625	-8.4631	-3.4340	-3.5717	-0.06709943246720584	2	1	7	Tilt	Fall
-8.6574	-3.1795	-3.7158	67.3319	160.7300	88.6025	28.3690	7.2681	-3.7521	-0.1966	0.2643	-0.1481	0.5067	0.6520	-0.4884	-0.2820	-0.0028	-0.0056	-0.0551	-8.4608	-3.4438	-3.5677	-0.007005816868627335	2	1	7	Tilt	Normal
-8.6574	-3.1795	-3.7541	67.3240	161.0375	88.2142	28.3881	7.0355	-3.3413	-0.2032	0.2723	-0.1785	0.5058	0.6530	-0.4880	-0.2821	0.0004	0.0008	-0.0583	-8.4542	-3.4518	-3.5756	0.014376214509260521	2	1	7	Tilt	Normal
-8.7334	-3.1023	-3.6781	67.2789	161.4559	87.7380	28.2531	7.0121	-3.6829	-0.2870	0.3525	-0.0871	0.5051	0.6542	-0.4871	-0.2822	-0.0060	0.0029	-0.0561	-8.4464	-3.4548	-3.5910	0.013643664998580718	2	1	7	Tilt	Normal
-8.6951	-3.1406	-3.7547	67.2173	161.7106	87.4414	28.3883	7.4895	-3.7942	-0.2560	0.3169	-0.1490	0.5047	0.6551	-0.4864	-0.2820	0.0026	0.0008	-0.0561	-8.4391	-3.4575	-3.6057	0.007064548055181419	2	1	7	Tilt	Normal
-8.7334	-3.1406	-3.6398	67.2684	162.0095	87.0721	28.7871	7.4405	-3.1967	-0.2966	0.3238	-0.0356	0.5037	0.6558	-0.4863	-0.2825	-0.0028	-0.0120	-0.0616	-8.4369	-3.4644	-3.6042	-0.009129333940206763	2	1	7	Tilt	Normal
-8.6951	-3.1023	-3.6781	67.2513	162.2961	86.7585	28.8496	7.5566	-3.1954	-0.2619	0.3621	-0.0655	0.5032	0.6565	-0.4857	-0.2827	-0.0028	0.0125	-0.0616	-8.4333	-3.4644	-3.6126	-0.03146398876231338	2	1	7	Tilt	Normal
-8.8101	-3.1789	-3.6398	67.4005	162.5383	86.4131	28.3789	6.7134	-3.5961	-0.3745	0.2984	-0.0447	0.5016	0.6570	-0.4862	-0.2834	0.0036	-0.0173	-0.0563	-8.4355	-3.4773	-3.5950	0.1107747400073098	2	1	7	Tilt	Normal
-8.6951	-3.2938	-3.7930	67.4191	162.8608	86.0154	28.6874	7.1808	-3.7445	-0.2640	0.1905	-0.1945	0.5006	0.6579	-0.4859	-0.2837	-0.0039	-0.0280	-0.0541	-8.4312	-3.4843	-3.5985	-0.00650438229932071	2	1	7	Tilt	Normal
-8.7718	-3.1406	-3.6781	67.5274	163.1274	85.7334	28.5925	7.3719	-3.8330	-0.3355	0.3430	-0.0910	0.4997	0.6582	-0.4859	-0.2846	-0.0017	-0.0173	-0.0509	-8.4363	-3.4836	-3.5871	-0.025149357479525847	2	1	7	Tilt	Normal
-8.8101	-3.1406	-3.5249	67.4703	163.4498	85.4230	28.6524	6.9983	-3.4029	-0.3775	0.3368	0.0771	0.4995	0.6589	-0.4850	-0.2848	0.0015	0.0018	-0.0520	-8.4325	-3.4774	-3.6019	-0.02149307403426981	3	1	8	Tilt	Normal
-8.8101	-3.2172	-3.7164	67.5131	163.7514	85.1025	28.7342	7.3178	-3.5743	-0.3768	0.2593	-0.1155	0.4987	0.6594	-0.4847	-0.2854	0.0047	-0.0045	-0.0574	-8.4333	-3.4765	-3.6009	0.09329442491049456	3	1	8	Tilt	Normal
-8.7334	-3.1406	-3.6398	67.5961	163.9336	84.9191	28.6095	6.8229	-3.5709	-0.2955	0.3343	-0.0482	0.4981	0.6595	-0.4848	-0.2862	0.0057	0.0029	-0.0531	-8.4379	-3.4749	-3.5916	-0.11945836234237461	3	1	8	Tilt	Normal
-8.7334	-3.1406	-3.6015	67.7217	164.1838	84.6422	28.6062	7.7044	-4.3513	-0.2900	0.3358	-0.0245	0.4971	0.6597	-0.4850	-0.2871	0.0047	-0.0237	-0.0520	-8.4435	-3.4764	-3.5769	-0.013919744605995987	3	1	8	Tilt	Normal
-8.7334	-3.1789	-3.6015	67.7988	164.3943	84.3517	28.3149	7.1588	-3.6860	-0.2906	0.3072	-0.0325	0.4960	0.6603	-0.4852	-0.2875	0.0036	-0.0099	-0.0563	-8.4429	-3.4861	-3.5690	0.01214887428917244	3	1	8	Tilt	Normal
-8.7724	-3.1795	-3.5626	67.8863	164.5629	84.1782	28.0198	6.8393	-3.2431	-0.3247	0.3057	-0.0040	0.4954	0.6603	-0.4853	-0.2882	0.0015	-0.0099	-0.0529	-8.4476	-3.4852	-3.5585	0.020438284823219632	3	1	8	Tilt	Normal
-8.7724	-3.1029	-3.5626	67.9871	164.8331	83.9116	28.2941	6.9313	-3.2724	-0.3187	0.3790	-0.0150	0.4946	0.6605	-0.4853	-0.2892	-0.0006	-0.0088	-0.0572	-8.4536	-3.4819	-3.5476	-0.024120108543931096	3	1	8	Tilt	Normal
-8.8101	-3.1406	-3.6015	68.2366	165.0537	83.6215	28.6499	7.1527	-3.9271	-0.3458	0.3505	-0.0884	0.4929	0.6605	-0.4863	-0.2905	0.0111	-0.0386	-0.0518	-8.4643	-3.4910	-3.5130	0.05888638841578775	3	1	8	Tilt	Normal
-8.7724	-3.2178	-3.4477	68.4496	165.1246	83.5342	28.3544	6.6978	-3.5226	-0.2963	0.2764	0.0338	0.4918	0.6600	-0.4873	-0.2917	0.0111	-0.0141	-0.0486	-8.4761	-3.4942	-3.4815	-0.06286336747320931	3	1	8	Tilt	Normal
-8.8107	-3.2178	-3.5243	68.5271	165.3641	83.2800	28.5829	7.0324	-4.0520	-0.3313	0.2764	-0.0509	0.4911	0.6603	-0.4873	-0.2924	0.0004	-0.0205	-0.0550	-8.4794	-3.4942	-3.4734	0.06043573270810931	3	1	8	Tilt	Normal
-8.7724	-3.1795	-3.4860	68.6214	165.6879	82.9084	27.7627	7.0252	-4.1417	-0.2907	0.3186	-0.0220	0.4899	0.6607	-0.4873	-0.2931	-0.0006	-0.0045	-0.0508	-8.4816	-3.4981	-3.4640	-0.05940434727766153	4	1	9	Tilt	Normal
-8.7340	-3.2178	-3.4860	68.5960	165.9407	82.6306	28.1566	7.1129	-3.8702	-0.2559	0.2809	-0.0142	0.4895	0.6614	-0.4868	-0.2933	-0.0028	0.0178	-0.0508	-8.4782	-3.4987	-3.4717	-0.02146857965755622	4	1	9	Tilt	Normal
-8.7724	-3.1412	-3.5243	68.5431	166.2186	82.3550	28.4731	7.5119	-4.0168	-0.2975	0.3533	-0.0404	0.4893	0.6620	-0.4861	-0.2935	0.0004	0.0168	-0.0561	-8.4749	-3.4945	-3.4839	0.02279428125330618	4	1	9	Tilt	Normal
-8.7724	-3.2178	-3.6009	68.5623	166.4488	82.0850	28.8536	7.2043	-4.2328	-0.2991	0.2800	-0.1164	0.4886	0.6625	-0.4859	-0.2937	0.0026	-0.0067	-0.0561	-8.4732	-3.4978	-3.4845	0.05170682236337143	4	1	9	Tilt	Normal
-8.7334	-3.2172	-3.6015	68.6472	166.7348	81.7743	28.1509	7.8497	-3.2764	-0.2569	0.2818	-0.1261	0.4877	0.6628	-0.4859	-0.2945	0.0004	-0.0120	-0.0550	-8.4765	-3.4990	-3.4753	-0.03412403268095332	4	1	9	Tilt	Normal
-8.7340	-3.1412	-3.4860	68.7343	167.0607	81.4402	28.0510	7.4978	-4.1193	-0.2530	0.3558	-0.0196	0.4869	0.6631	-0.4858	-0.2954	-0.0017	-0.0003	-0.0573	-8.4810	-3.4970	-3.4664	-0.06491106673487224	4	1	9	Tilt	Normal
-8.8101	-3.1406	-3.5632	68.8120	167.4578	80.9711	28.0067	7.5649	-4.1859	-0.3292	0.3633	-0.1034	0.4855	0.6638	-0.4857	-0.2961	-0.0060	-0.0077	-0.0659	-8.4809	-3.5039	-3.4598	0.09413568688875529	4	1	9	Tilt	Normal
-8.7718	-3.1789	-3.6015	68.7375	167.8889	80.4304	28.6969	7.0482	-3.6536	-0.3024	0.3356	-0.1243	0.4845	0.6652	-0.4849	-0.2960	-0.0124	0.0114	-0.0712	-8.4693	-3.5145	-3.4771	-0.007842796767969062	4	1	9	Tilt	Normal
-8.8107	-3.2178	-3.4477	68.7836	168.2744	79.9918	28.6734	7.6296	-3.9983	-0.3419	0.3003	0.0272	0.4834	0.6659	-0.4846	-0.2966	-0.0071	-0.0056	-0.0637	-8.4687	-3.5181	-3.4749	-0.007570592759535089	4	1	9	Tilt	Normal
-8.7340	-3.1029	-3.5626	68.7472	168.7007	79.5364	28.7725	7.4181	-3.8578	-0.2693	0.4142	-0.0768	0.4827	0.6669	-0.4838	-0.2970	-0.0081	0.0029	-0.0595	-8.4647	-3.5171	-3.4858	-0.06356594511939839	5	1	10	Tilt	Normal
-8.7724	-3.2561	-3.5243	68.7612	169.1122	79.0513	28.3523	7.5211	-4.5355	-0.3112	0.2673	-0.0358	0.4816	0.6678	-0.4834	-0.2974	-0.0123	-0.0099	-0.0613	-8.4611	-3.5234	-3.4885	0.06899624784451497	5	1	10	Tilt	Normal
-8.8107	-3.1795	-3.4860	68.9165	169.4893	78.6574	28.2743	7.5151	-3.7081	-0.3413	0.3439	-0.0175	0.4803	0.6680	-0.4837	-0.2987	0.0004	-0.0141	-0.0539	-8.4693	-3.5234	-3.4685	-0.004402400252708105	5	1	10	Tilt	Normal
-8.8107	-3.2944	-3.5243	69.1163	169.8861	78.2032	28.3084	7.7965	-4.3051	-0.3331	0.2354	-0.0827	0.4786	0.6681	-0.4843	-0.3000	0.0015	-0.0365	-0.0560	-8.4776	-3.5298	-3.4415	0.050517480058420716	5	1	10	Tilt	Normal
-8.8101	-3.2172	-3.5249	69.3244	170.2680	77.7854	28.7874	7.3114	-4.5452	-0.3225	0.3163	-0.1121	0.4770	0.6682	-0.4849	-0.3015	-0.0017	-0.0269	-0.0581	-8.4876	-3.5335	-3.4128	-0.02537066294114787	5	1	10	Tilt	Normal
-8.7718	-3.1406	-3.4482	69.5207	170.6352	77.3893	28.6005	7.4042	-4.1569	-0.2741	0.3955	-0.0630	0.4756	0.6682	-0.4854	-0.3029	-0.0017	-0.0163	-0.0581	-8.4976	-3.5361	-3.3853	-0.08495521002972772	5	1	10	Tilt	Normal
-8.7334	-3.2938	-3.4866	69.6641	171.0635	76.9511	28.1197	6.9304	-4.3918	-0.2280	0.2412	-0.1199	0.4743	0.6683	-0.4856	-0.3042	-0.0081	0.0146	-0.0528	-8.5054	-3.5350	-3.3667	0.029140505420395257	5	1	10	Tilt	Normal
-8.6574	-3.1029	-3.3710	69.9249	171.4331	76.5552	28.2935	7.6442	-3.6261	-0.1386	0.4357	-0.0423	0.4727	0.6681	-0.4865	-0.3059	0.0174	-0.0525	-0.0573	-8.5189	-3.5386	-3.3287	-0.16881426470506788	5	1	10	Tilt	Normal
-8.8867	-3.2555	-3.3333	70.0890	171.5942	76.3858	27.7521	7.5339	-4.2561	-0.3590	0.2848	-0.0293	0.4718	0.6677	-0.4872	-0.3069	0.0121	-0.0163	-0.0488	-8.5277	-3.5403	-3.3040	0.2390627435699315	5	1	10	Tilt	Normal
-8.8101	-3.2555	-3.4099	70.0305	171.7588	76.1705	28.2213	8.2668	-4.7703	-0.2885	0.2898	-0.0953	0.4714	0.6684	-0.4868	-0.3067	-0.0039	0.0200	-0.0595	-8.5216	-3.5454	-3.3146	-0.041897422994024325	5	1	10	Tilt	Normal
-8.8101	-3.2555	-3.3716	69.9831	171.9611	75.9633	28.1447	7.4359	-4.6409	-0.2912	0.2878	-0.0479	0.4712	0.6689	-0.4862	-0.3068	-0.0017	0.0029	-0.0573	-8.5189	-3.5433	-3.3238	-0.013005218790723916	6	1	11	Tilt	Normal
Total time: 11 seconds.
