1.4940	-9.4619	0.8811	17.9021	84.6548	80.1294	11.6822	26.1664	-6.9197	-0.4564	0.1095	0.0118	-0.3401	-0.5831	0.5502	-0.4915	0.2329	-0.0876	-0.0329	1.9504	-9.5714	0.8692	0.13232933957628035	6	0	1	Upright	Normal
1.3024	-9.4619	0.6512	18.9490	84.1535	80.1542	11.9390	25.1169	-7.4712	-0.6852	0.0947	-0.2934	-0.3321	-0.5844	0.5558	-0.4892	-0.0025	-0.1216	-0.1245	1.9876	-9.5566	0.9447	-0.04627066883777964	6	0	1	Upright	Normal
1.1115	-9.3847	0.7655	19.4558	84.4863	79.8896	11.5259	25.6962	-7.7187	-0.9110	0.1700	-0.1229	-0.3295	-0.5883	0.5556	-0.4865	-0.0164	-0.1728	-0.1061	2.0225	-9.5547	0.8884	-0.09204323205785414	6	0	1	Upright	Normal
1.3414	-9.4613	0.5357	19.5712	84.3657	80.1733	10.8381	25.9038	-7.7848	-0.6419	0.0998	-0.3714	-0.3298	-0.5874	0.5575	-0.4852	0.1786	-0.0077	0.0004	1.9833	-9.5611	0.9071	0.08967541835393433	6	0	1	Upright	Normal
1.5323	-10.2663	-1.4557	25.1894	84.2139	82.3111	11.1829	25.5565	-8.8158	-0.1900	-0.6536	-2.3502	-0.3089	-0.5992	0.5866	-0.4489	-0.5053	-2.2511	0.4585	1.7223	-9.6127	0.8945	0.9106786227075716	6	0	1	Upright	Normal
0.6518	-9.8827	0.8422	27.0042	91.3828	82.2582	11.5103	25.4873	-7.9751	-0.5623	-0.1537	1.0531	-0.3348	-0.6314	0.5726	-0.4017	-0.4414	0.4365	0.4223	1.2142	-9.7290	-0.2110	-0.5416847673230656	6	0	1	Upright	Normal
1.3797	-8.4270	-0.3837	24.9040	96.9162	82.9428	12.4330	25.9535	-6.0461	0.6771	1.2957	0.6874	-0.3769	-0.6423	0.5498	-0.3783	-0.4425	1.0672	0.2940	0.7025	-9.7227	-1.0711	-1.3921004305016762	6	0	1	Upright	Normal
-1.0343	-9.0405	-1.5706	26.3238	97.8582	84.9459	13.9174	25.6960	-4.7099	-1.2978	0.6888	-0.3687	-0.3853	-0.6425	0.5586	-0.3559	-0.1975	-0.1301	0.3963	0.2635	-9.7293	-1.2019	0.6862096079670739	6	0	1	Upright	Normal
0.1915	-8.8873	-2.3367	22.8685	99.8866	85.3347	15.9267	25.5059	-4.0911	0.0581	0.7950	-0.7851	-0.4146	-0.6381	0.5391	-0.3610	-0.1644	0.3759	0.1343	0.1335	-9.6823	-1.5516	-0.04267286072110643	0	0	1	Upright	Normal
-0.4597	-8.9639	-3.1029	21.9784	101.8621	85.3212	16.0118	25.8119	-2.6871	-0.4905	0.6630	-1.2335	-0.4281	-0.6419	0.5281	-0.3547	-0.2411	0.2683	-0.0127	0.0308	-9.6269	-1.8694	0.3055332330262406	0	0	1	Upright	Normal
-1.0337	-8.7718	-2.6438	22.2885	102.3839	84.8219	15.8936	25.4935	-3.0771	-1.1037	0.8398	-0.6978	-0.4262	-0.6462	0.5259	-0.3524	0.2808	0.1372	-0.1086	0.0700	-9.6115	-1.9460	-0.27719381785229125	1	0	2	Upright	Normal
1.8004	-7.9679	-2.4900	22.0667	96.0401	86.4141	16.1954	24.5967	-4.1630	1.5775	1.7895	-1.5336	-0.4062	-0.6195	0.5532	-0.3811	1.7115	-0.3858	-0.0773	0.2230	-9.7574	-0.9563	-0.6798444812759872	1	0	2	Upright	Normal
-0.3065	-10.4962	0.4597	30.2247	91.3016	84.0950	13.9022	24.6095	-7.9112	-1.2035	-0.7325	0.6523	-0.3270	-0.6347	0.5904	-0.3763	-0.3157	-0.8428	-0.5907	0.8971	-9.7637	-0.1926	1.9708854330488457	1	0	2	Upright	Normal
1.5706	-10.0748	1.8771	30.2709	92.9707	75.6492	10.7101	25.7162	-8.6947	-0.6086	-0.5233	2.3161	-0.2873	-0.6632	0.5572	-0.4089	-0.7439	0.8392	-1.5442	2.1792	-9.5515	-0.4390	-0.1429024773986569	0	0	2	Upright	Normal
-0.3448	-10.0365	0.5746	28.6597	87.5482	73.2982	8.6246	26.5322	-8.0466	-3.3532	-0.7099	0.2065	-0.2567	-0.6445	0.5550	-0.4591	1.1863	0.4451	-1.0190	3.0085	-9.3266	0.3681	-0.3089827704924417	0	0	2	Upright	Normal
-0.9954	-8.8101	2.4128	27.9654	79.8760	78.7025	7.8997	25.9028	-9.7618	-3.6793	0.4986	0.8903	-0.2517	-0.5992	0.5917	-0.4770	1.4196	-0.3943	0.5938	2.6839	-9.3087	1.5224	-0.8702509303979884	0	0	2	Upright	Normal
0.9194	-11.4922	-2.9113	46.2893	65.8272	92.0372	5.1707	22.3967	-15.7728	-1.6634	-2.4478	-5.6862	-0.1304	-0.5844	0.7038	-0.3824	3.3967	0.0818	0.2497	2.5827	-9.0444	2.7749	2.7022257958294524	0	0	2	Upright	Normal
-0.6129	-12.4115	-0.6895	44.1259	71.6969	91.1548	5.4064	19.8508	-18.0822	-2.5690	-3.0596	-2.9001	-0.1745	-0.5974	0.6905	-0.3687	-1.3373	-0.2676	0.7685	1.9561	-9.3519	2.2106	0.5549168367155968	0	0	2	Upright	Normal
4.5203	-11.6837	2.9113	47.5785	94.1396	84.1557	7.1633	22.1234	-14.2601	4.0443	-1.9002	3.3890	-0.2451	-0.6814	0.6369	-0.2647	-1.5141	0.0989	1.5483	0.4760	-9.7835	-0.4776	0.41574019719194766	0	0	2	Upright	Normal
-0.5363	-7.7764	4.4819	64.8967	101.7819	86.0847	9.4881	24.6775	-12.1724	0.6173	1.9251	5.3316	-0.1996	-0.7096	0.6676	-0.1049	-1.8476	-5.7090	2.5709	-1.1536	-9.7015	-0.8496	-3.869957194549654	0	0	2	Upright	Normal
2.9886	-3.9834	-0.1921	61.5706	113.7242	80.8236	11.0860	24.9070	-10.9240	4.9822	5.4330	1.6863	-0.2533	-0.7291	0.6308	-0.0797	-0.4446	0.6858	0.6268	-1.9936	-9.4164	-1.8784	-4.007936821613	0	1	3	Jump	Normal
-4.4813	-8.8867	-2.9119	67.0624	112.3915	80.6663	11.4184	25.0380	-10.2105	-2.5572	0.6186	-1.4560	-0.2140	-0.7269	0.6501	-0.0564	0.5972	-3.5486	0.6897	-1.9242	-9.5053	-1.4560	5.386307169493368	0	1	3	Jump	Normal
-1.2258	-17.2383	-2.8347	69.9853	122.2758	67.2810	9.1913	23.6780	-14.2413	1.6120	-8.0239	-1.0424	0.1670	0.7507	-0.6372	0.0510	-4.2550	0.5996	0.1333	-2.8379	-9.2144	-1.7924	7.142878760651186	0	1	3	Jump	Normal
-7.5076	-9.3464	0.4208	62.9243	128.5699	44.7318	7.8368	27.2787	-8.9563	-4.0176	-0.6144	3.2037	0.0830	0.7969	-0.5757	0.1633	-0.9357	-3.4569	0.6691	-3.4900	-8.7320	-2.7830	-5.517090409224236	0	1	3	Jump	Normal
-7.7758	-8.8101	-2.8736	52.9298	134.7115	28.8340	6.4429	28.3036	-6.7949	-3.5747	-0.9852	1.2852	0.0395	0.8429	-0.4842	0.2314	-3.3922	0.0159	-0.9746	-4.2011	-7.8248	-4.1589	0.10136568284039349	0	1	3	Tilt	Normal
-7.3544	-5.7455	-4.5209	43.6206	155.4298	1.0682	3.0894	29.2098	1.7284	-4.4023	1.0201	1.9357	-0.0706	0.9079	-0.3649	0.1942	-3.2366	0.9938	-1.9855	-2.9521	-6.7656	-6.4566	-1.7270640576992164	0	0	3	Tilt	Normal
-4.0217	-6.2818	-3.4482	30.5907	174.4345	-24.1528	-4.8182	27.2139	10.6412	-3.2028	-1.2911	4.9539	-0.2141	0.9394	-0.2479	0.1009	-2.8393	1.3496	-2.7301	-0.8188	-4.9907	-8.4022	-2.152611558756247	0	0	3	Tilt	Normal
0.8817	-4.8261	-8.6963	19.1774	-172.9124	-47.1425	-13.6605	21.3321	16.4096	-0.6387	-1.7647	0.4955	0.3841	-0.9061	0.1768	-0.0106	-2.1170	1.3134	-3.6270	1.5203	-3.0614	-9.1918	1.7673318090652916	0	0	3	Tilt	Normal
3.6398	-2.9874	-12.4504	18.3018	175.1369	-69.9742	-21.5999	10.2346	17.9201	0.4723	-2.7177	-3.1734	0.5711	-0.8043	0.1062	-0.1254	-1.7218	1.0769	-3.9242	3.1675	-0.2696	-9.2771	3.3263907535206982	0	0	3	Tilt	Normal
-3.6775	8.6957	-11.2240	22.9289	167.1578	-87.2378	-25.5742	-0.1932	17.6939	-7.5031	6.6981	-2.4181	0.6879	-0.6897	0.0674	-0.2156	-0.4691	3.1968	-1.9482	3.8256	1.9977	-8.8059	1.3557881161393137	0	1	4	PT	Normal
3.1412	4.4436	-1.9920	49.3604	162.4968	-92.2024	-32.1146	-4.5962	7.6666	-3.8372	1.2236	4.0993	0.6912	-0.5769	0.1865	-0.3932	-1.0400	5.6480	-0.4642	6.9783	3.2201	-6.0913	-8.871987252392419	0	1	4	Jump	Normal
8.9639	2.8730	2.9113	68.7852	148.8901	-74.8736	-32.8623	-3.8345	-5.7814	0.0857	0.0242	5.9496	0.6035	-0.5391	0.2976	-0.5065	-1.1274	1.7107	1.3320	8.8781	2.8488	-3.0382	4.0580909657890585	0	1	4	Jump	Normal
4.8650	4.4053	1.5706	69.5626	115.7847	-39.2221	-32.2565	0.5115	-9.5735	-4.5033	1.9185	3.0601	0.5191	-0.5536	0.3087	-0.5734	-1.5535	0.2342	0.8569	9.3684	2.4868	-1.4895	-3.1045265710924994	0	1	4	PT	Normal
9.6540	4.9039	1.3785	60.8590	98.2689	-17.5685	-30.3943	5.3581	-10.1312	0.0302	3.1491	2.0653	0.4271	-0.5938	0.2924	-0.6160	-0.8025	1.5179	2.9725	9.6238	1.7548	-0.6868	4.167046320138153	0	1	4	Jump	Normal
13.2549	-1.3785	1.6466	59.7526	72.8604	21.9489	-24.0787	11.9510	-15.5086	3.6299	-0.1909	0.1909	0.2954	-0.5818	0.4232	-0.6286	0.4098	-0.4997	1.7762	9.6250	-1.1875	1.4557	2.5122261201640494	0	1	4	PT	Normal
7.0491	-2.1829	-0.8051	54.0718	83.8056	20.1219	-21.6366	15.4204	-14.7925	-2.3999	0.3666	-1.4259	0.2292	-0.6448	0.4147	-0.5997	-0.6960	-0.4806	1.2319	9.4490	-2.5495	0.6208	-6.004587059129566	0	1	4	Jump	Normal
9.5002	-2.3750	-11.9902	50.3302	99.4883	3.4463	-22.6747	16.6010	-11.9428	-0.0799	-0.5514	-10.9581	0.2539	-0.6987	0.3420	-0.5748	-0.5138	-0.8960	-1.2090	9.5801	-1.8236	-1.0321	8.057791586926468	0	1	4	Jump	Normal
4.9039	-4.1749	-3.7930	42.7304	115.4185	-8.4606	-24.8829	15.6681	-7.9546	-4.2772	-2.6528	-0.7011	0.2522	-0.7708	0.2704	-0.5189	-0.0451	-0.1151	0.0363	9.1812	-1.5221	-3.0920	-8.006653347227068	0	1	4	Jump	Normal
8.4282	-3.1406	-6.9342	50.3150	105.9321	3.4290	-23.5699	16.0862	-9.3535	-0.8609	-0.5085	-5.2152	0.2343	-0.7299	0.3555	-0.5347	1.8032	0.6828	0.4336	9.2891	-2.6321	-1.7190	3.882701311102637	0	1	4	Jump	Normal
9.4242	-3.0257	1.2635	53.9487	94.8235	15.6455	-21.6192	15.2280	-13.2713	0.1942	0.2518	1.7490	0.2148	-0.6918	0.4129	-0.5520	0.5227	0.9416	0.6829	9.2299	-3.2775	-0.4854	-1.3786637848116392	0	2	5	PT	Normal
7.7004	-2.7958	1.1103	56.3328	83.4761	27.7048	-19.2712	15.5579	-16.4538	-1.3568	0.9129	0.4928	0.2015	-0.6542	0.4626	-0.5635	0.2298	0.8639	0.3984	9.0571	-3.7088	0.6176	-1.7111895070329624	0	2	5	PT	Normal
7.5471	-5.4007	3.9067	56.2103	69.3648	43.0420	-15.0034	15.9705	-17.9941	-1.1206	-1.2359	1.9848	0.1763	-0.6090	0.5155	-0.5764	0.5089	1.0449	0.8118	8.6678	-4.1649	1.9219	1.8020609002911545	0	2	5	PT	Normal
6.8959	-6.5499	4.5197	49.4486	55.0877	59.0476	-10.3600	15.4764	-20.8863	-0.8972	-1.8465	0.8709	0.1157	-0.5482	0.5652	-0.6055	-0.1069	2.1443	-0.3838	7.7931	-4.7034	3.6488	0.4608772040702487	0	2	5	PT	Normal
7.6237	-5.4007	4.4430	46.9197	53.8653	58.1056	-6.5675	16.3125	-21.7581	-0.1469	-0.9077	0.4934	0.1085	-0.5356	0.5548	-0.6273	-0.2368	-0.8065	-0.3849	7.7707	-4.4930	3.9497	-0.18460369349357997	0	2	5	Tilt	Normal
7.5471	-4.4430	3.2938	51.5922	61.4351	50.3398	-10.0333	15.6169	-20.5369	-0.7786	-0.1573	0.3808	0.1430	-0.5754	0.5304	-0.6060	-0.2592	-1.4308	-0.3924	8.3257	-4.2858	2.9130	-0.9887499684279231	0	0	5	Tilt	Normal
7.9685	-4.2898	1.5700	55.1626	69.6764	41.9157	-13.3916	16.3734	-19.4528	-0.7421	-0.2264	-0.3756	0.1738	-0.6088	0.5072	-0.5847	-0.1229	-0.5967	-0.3785	8.7106	-4.0634	1.9456	-0.1717104312721105	0	0	5	Upright	Normal
8.2750	-3.7535	1.3018	55.9631	73.3813	37.3744	-16.1215	16.3523	-17.7805	-0.6033	0.1040	-0.2679	0.1873	-0.6204	0.4925	-0.5810	-0.1410	-0.2899	-0.2603	8.8783	-3.8575	1.5697	-0.00572938341862006	0	0	5	Upright	Normal
8.4665	-3.4854	0.6889	56.4666	77.1682	33.1556	-16.7862	16.4362	-16.7984	-0.5312	0.2245	-0.5142	0.1976	-0.6321	0.4793	-0.5759	-0.0846	-0.0822	-0.1248	8.9977	-3.7098	1.2031	0.002459507190216925	0	0	5	Upright	Normal
8.6963	-3.6769	0.9954	56.5632	77.7018	32.2590	-17.5256	16.6602	-15.9891	-0.3365	-0.0367	-0.1555	0.2010	-0.6332	0.4760	-0.5762	-0.0270	-0.0364	-0.0513	9.0329	-3.6402	1.1509	0.31226709106441497	1	0	6	Upright	Normal
8.3899	-3.9067	0.9954	56.6688	77.9833	32.1023	-17.4258	16.2630	-16.3181	-0.6416	-0.2541	-0.1264	0.2014	-0.6342	0.4762	-0.5749	0.0039	0.0477	-0.0098	9.0315	-3.6527	1.1218	-0.1857484571190433	1	0	6	Upright	Normal
8.4282	-3.9067	0.9954	56.5544	76.9124	33.4570	-17.1258	16.2727	-16.7484	-0.5623	-0.1863	-0.2283	0.1976	-0.6313	0.4807	-0.5756	0.0422	0.1809	0.0382	8.9905	-3.7204	1.2237	0.03453565415665061	1	0	6	Upright	Normal
8.4665	-3.9834	1.4168	56.1115	75.1153	35.4358	-16.3371	17.0592	-17.0129	-0.4678	-0.1918	0.0123	0.1915	-0.6259	0.4860	-0.5791	0.0198	0.1883	0.0265	8.9343	-3.7915	1.4045	0.1206382773135033	1	0	6	Upright	Normal
8.3899	-4.1749	1.5700	55.6341	73.6930	37.1248	-15.4702	16.7629	-17.3197	-0.4863	-0.3062	0.0159	0.1852	-0.6217	0.4906	-0.5818	0.0061	0.1310	0.0264	8.8762	-3.8687	1.5541	0.03842235000149685	1	0	6	Upright	Normal
8.4659	-4.1372	1.7621	55.4008	72.3271	38.5862	-15.5429	16.2220	-17.3454	-0.3662	-0.2248	0.0718	0.1816	-0.6171	0.4951	-0.5840	0.0348	0.0884	0.0073	8.8321	-3.9124	1.6903	0.0842298425998873	1	0	6	Upright	Normal
8.4276	-4.2904	1.8771	55.2248	71.8498	39.3121	-14.8122	16.8420	-17.4754	-0.3720	-0.3279	0.1348	0.1786	-0.6159	0.4975	-0.5843	-0.0280	0.0138	-0.0204	8.7996	-3.9626	1.7422	0.05526419303844676	1	0	6	Upright	Normal
8.3899	-4.1749	1.7615	55.3000	72.0890	39.1861	-15.6514	16.8951	-18.0253	-0.4094	-0.2007	0.0447	0.1787	-0.6169	0.4974	-0.5832	-0.0216	-0.0703	-0.0588	8.7993	-3.9742	1.7168	-0.10598165958234063	1	0	6	Upright	Normal
8.4665	-4.1366	1.6083	55.4663	72.9126	38.3566	-15.4556	17.0909	-17.3031	-0.3569	-0.1808	-0.0250	0.1807	-0.6197	0.4950	-0.5815	-0.0195	-0.0842	-0.0609	8.8234	-3.9558	1.6333	0.02391338380545527	1	0	6	Upright	Normal
8.3899	-4.0983	1.4551	55.5635	73.6504	37.6386	-15.2334	17.1771	-17.9460	-0.4521	-0.1544	-0.1059	0.1821	-0.6223	0.4929	-0.5802	-0.0078	-0.0491	-0.0478	8.8419	-3.9438	1.5610	-0.10920478147826884	1	0	6	Upright	Normal
8.4276	-4.0223	1.4557	55.6458	73.8643	37.3765	-15.6281	16.4529	-17.7140	-0.4241	-0.0914	-0.0822	0.1831	-0.6229	0.4922	-0.5798	0.0060	-0.0171	-0.0456	8.8517	-3.9308	1.5378	9.837408915256418E-4	2	0	7	Upright	Normal
8.4276	-4.1372	1.4940	55.6685	73.8805	37.4180	-16.1855	16.7154	-17.2258	-0.4209	-0.1983	-0.0414	0.1830	-0.6231	0.4925	-0.5794	0.0039	-0.0075	-0.0275	8.8485	-3.9389	1.5354	0.05541340601437916	2	0	7	Upright	Normal
8.3893	-4.0989	1.5323	55.7075	73.8612	37.5270	-15.8153	16.5238	-17.8568	-0.4533	-0.1465	-0.0034	0.1827	-0.6231	0.4931	-0.5789	0.0029	0.0020	-0.0275	8.8425	-3.9524	1.5357	-0.04447464466988649	2	0	7	Upright	Normal
8.5425	-4.1372	1.4940	55.7660	73.8571	37.5732	-15.6708	16.2980	-17.1904	-0.2979	-0.1796	-0.0398	0.1829	-0.6232	0.4936	-0.5784	-0.0067	-0.0033	-0.0339	8.8404	-3.9576	1.5338	0.14648167704788584	2	0	7	Upright	Normal
8.4276	-4.1372	1.6089	55.7941	73.7087	37.7451	-16.1975	16.4420	-17.7501	-0.4082	-0.1740	0.0625	0.1828	-0.6227	0.4943	-0.5784	-0.0046	0.0020	-0.0240	8.8358	-3.9632	1.5464	-0.08327387536769137	2	0	7	Upright	Normal
8.4276	-4.1372	1.6089	55.8105	73.6223	37.8710	-16.2285	17.4710	-18.2624	-0.4036	-0.1667	0.0552	0.1826	-0.6224	0.4948	-0.5782	-0.0227	0.0042	-0.0464	8.8312	-3.9705	1.5537	0.0	2	0	7	Upright	Normal
8.4276	-4.0223	1.6855	55.8745	73.5458	37.9226	-15.5033	16.7232	-17.3951	-0.4046	-0.0555	0.1273	0.1831	-0.6221	0.4952	-0.5781	-0.0142	-0.0086	-0.0389	8.8322	-3.9667	1.5582	-0.03603465993130328	2	0	7	Upright	Normal
8.4665	-4.0983	1.4934	55.9165	73.5323	37.9589	-15.6205	16.7061	-17.2104	-0.3645	-0.1287	-0.0643	0.1832	-0.6221	0.4955	-0.5778	-0.0067	-0.0054	-0.0379	8.8310	-3.9696	1.5577	0.03490659422147324	2	0	7	Upright	Normal
8.4276	-4.0606	1.4557	55.9452	73.6562	37.8263	-15.5390	16.7622	-17.1644	-0.4075	-0.0953	-0.0896	0.1836	-0.6225	0.4951	-0.5776	-0.0089	-0.0129	-0.0411	8.8351	-3.9652	1.5453	-0.05665483950935091	2	0	7	Upright	Normal
8.3899	-4.0600	1.5317	55.9098	73.6732	37.8438	-15.2672	16.1124	-16.8661	-0.4426	-0.0887	-0.0133	0.1832	-0.6226	0.4951	-0.5776	0.0060	0.0095	-0.0269	8.8325	-3.9712	1.5450	-0.021775622876827327	2	0	7	Upright	Normal
8.3899	-4.0983	1.5317	55.8466	73.4783	38.0717	-15.7193	16.2675	-16.6271	-0.4345	-0.1173	-0.0338	0.1824	-0.6220	0.4957	-0.5780	0.0018	0.0340	-0.0323	8.8244	-3.9810	1.5655	0.01652561763088123	3	0	8	Upright	Normal
8.4665	-4.0983	1.5700	55.7300	73.3497	38.1649	-15.9116	16.4063	-16.6153	-0.3554	-0.1182	-0.0121	0.1816	-0.6216	0.4956	-0.5788	-0.0035	0.0010	-0.0333	8.8219	-3.9801	1.5821	0.07421602449938192	3	0	8	Upright	Normal
8.3899	-4.1366	1.5700	55.6674	73.2936	38.2631	-16.1000	16.9786	-17.1432	-0.4266	-0.1477	-0.0199	0.1809	-0.6214	0.4958	-0.5790	-0.0014	-0.0044	-0.0355	8.8165	-3.9889	1.5899	-0.05130017988111213	3	0	8	Upright	Normal
8.4276	-4.0606	1.5706	55.6540	73.4031	38.1247	-15.9092	16.6592	-17.2361	-0.3932	-0.0777	-0.0097	0.1811	-0.6218	0.4953	-0.5790	-0.0121	-0.0193	-0.0461	8.8208	-3.9829	1.5803	6.805210729794453E-4	3	0	8	Upright	Normal
8.3893	-4.1372	1.5706	55.5687	73.5445	37.9689	-15.3973	16.3803	-17.1175	-0.4345	-0.1570	0.0000	0.1808	-0.6223	0.4944	-0.5793	-0.0195	-0.0011	-0.0385	8.8238	-3.9802	1.5706	-8.5014478901968E-4	3	0	8	Upright	Normal
8.3893	-4.0989	1.4940	55.4609	73.5407	37.9750	-16.0833	16.1557	-17.0921	-0.4326	-0.1160	-0.0813	0.1801	-0.6223	0.4941	-0.5798	-0.0014	0.0095	-0.0385	8.8219	-3.9829	1.5752	-0.029047990363240572	3	0	8	Upright	Normal
8.3899	-4.0217	1.5700	55.4483	73.3798	38.0942	-15.4735	16.8743	-17.1931	-0.4307	-0.0420	-0.0206	0.1800	-0.6217	0.4944	-0.5802	0.0029	0.0095	-0.0310	8.8205	-3.9796	1.5906	-0.020325662786836673	3	0	8	Upright	Normal
8.3127	-4.0989	1.5706	55.3724	73.2509	38.2790	-15.9279	16.5097	-17.0837	-0.4995	-0.1067	-0.0352	0.1791	-0.6213	0.4949	-0.5805	0.0039	0.0127	-0.0203	8.8122	-3.9922	1.6058	-0.03507355350702923	3	0	8	Upright	Normal
8.4665	-4.0983	1.5700	55.3646	73.1454	38.4347	-15.9886	15.9313	-17.2836	-0.3394	-0.0965	-0.0459	0.1786	-0.6210	0.4955	-0.5804	0.0146	-0.0118	-0.0278	8.8059	-4.0018	1.6159	0.13591701025425884	3	0	8	Upright	Normal
8.4282	-4.0600	1.5700	55.4596	73.2313	38.3675	-15.4211	16.5514	-17.2220	-0.3802	-0.0588	-0.0341	0.1793	-0.6214	0.4956	-0.5798	0.0061	-0.0192	-0.0310	8.8084	-4.0012	1.6041	-0.0504427843978128	3	0	8	Upright	Normal
8.2744	-4.1372	1.5706	55.5049	73.1893	38.4652	-15.4530	16.4420	-16.8266	-0.5299	-0.1278	-0.0355	0.1792	-0.6213	0.4962	-0.5794	0.0199	0.0031	-0.0289	8.8042	-4.0094	1.6061	-0.10250218513025366	4	0	9	Upright	Normal
8.3893	-4.0989	1.6089	55.5488	72.9450	38.6891	-15.6469	16.4749	-16.6294	-0.4111	-0.0895	-0.0181	0.1793	-0.6204	0.4970	-0.5796	0.0284	0.0042	-0.0235	8.8003	-4.0094	1.6270	0.09126038128603398	4	0	9	Upright	Normal
8.4276	-4.0223	1.6472	55.6330	72.8060	38.7858	-15.0980	16.7232	-17.0137	-0.3738	-0.0190	0.0109	0.1800	-0.6198	0.4976	-0.5795	0.0114	-0.0235	-0.0459	8.8014	-4.0033	1.6363	0.007738729833372204	4	0	9	Upright	Normal
8.3510	-4.1755	1.6089	55.7392	72.9329	38.7007	-15.8346	16.5102	-17.7905	-0.4525	-0.1700	-0.0112	0.1806	-0.6203	0.4977	-0.5787	0.0018	-0.0224	-0.0278	8.8035	-4.0055	1.6201	-0.008126215283720484	4	0	9	Upright	Normal
8.4282	-4.1366	1.5700	55.7253	72.9410	38.7287	-15.8063	16.2170	-17.4368	-0.3727	-0.1255	-0.0500	0.1803	-0.6204	0.4978	-0.5786	0.0018	-0.0054	-0.0278	8.8009	-4.0110	1.6200	0.04466601353209221	4	0	9	Upright	Normal
8.4282	-4.1749	1.5700	55.6687	72.9647	38.7146	-16.1148	16.8895	-17.5250	-0.3717	-0.1616	-0.0501	0.1799	-0.6205	0.4976	-0.5788	-0.0089	0.0053	-0.0406	8.7999	-4.0133	1.6201	0.01670619057178868	4	0	9	Upright	Normal
8.3899	-4.0983	1.6083	55.8125	72.7919	38.8834	-15.4495	17.1037	-17.8865	-0.4085	-0.0859	-0.0218	0.1807	-0.6199	0.4986	-0.5783	-0.0078	0.0031	-0.0299	8.7984	-4.0124	1.6302	-0.06081491254174942	4	0	9	Upright	Normal
8.3899	-4.2132	1.6466	55.7873	72.7125	38.9602	-14.7533	16.5615	-17.4585	-0.4063	-0.1992	0.0082	0.1805	-0.6196	0.4988	-0.5785	-0.0078	0.0127	-0.0342	8.7961	-4.0140	1.6384	0.05680439986510066	4	0	9	Upright	Normal
8.3899	-4.0217	1.5317	55.7406	72.9449	38.7616	-15.8215	16.4027	-17.4850	-0.4088	-0.0054	-0.0874	0.1802	-0.6205	0.4980	-0.5784	-0.0216	-0.0310	-0.0448	8.7987	-4.0163	1.6191	-0.10243027083260436	4	0	9	Upright	Normal
8.4665	-4.1366	1.6466	55.7695	72.8097	38.8899	-15.8711	16.9412	-17.4377	-0.3300	-0.1197	0.0163	0.1803	-0.6200	0.4986	-0.5784	-0.0099	-0.0171	-0.0334	8.7964	-4.0169	1.6303	0.1365503100313834	5	0	10	Upright	Normal
8.4282	-4.0983	1.6083	55.8269	72.8006	38.9312	-16.0598	16.0313	-17.3645	-0.3668	-0.0775	-0.0204	0.1805	-0.6200	0.4989	-0.5780	-0.0067	-0.0022	-0.0302	8.7950	-4.0208	1.6287	-0.05699390931438586	5	0	10	Upright	Normal
8.4282	-4.0600	1.6466	55.9175	72.8038	38.9282	-15.2999	16.5945	-18.1915	-0.3684	-0.0413	0.0220	0.1811	-0.6200	0.4992	-0.5776	-0.0078	-0.0118	-0.0313	8.7966	-4.0187	1.6246	-0.009880219157199832	5	0	10	Upright	Normal
8.3899	-4.0983	1.5317	55.9994	72.8790	38.9145	-15.8780	16.4901	-17.6445	-0.4057	-0.0732	-0.0826	0.1814	-0.6203	0.4995	-0.5769	-0.0174	-0.0054	-0.0270	8.7955	-4.0251	1.6143	-0.036751552961426626	5	0	10	Upright	Normal
8.3893	-4.1372	1.5706	56.0612	72.9087	38.9377	-15.6441	16.7315	-16.9469	-0.4045	-0.1058	-0.0385	0.1816	-0.6205	0.4999	-0.5763	-0.0003	-0.0032	-0.0323	8.7938	-4.0314	1.6091	0.022746220902229553	5	0	10	Upright	Normal
8.4665	-4.0600	1.5700	55.9696	72.9443	38.8941	-15.2468	16.3732	-17.3739	-0.3270	-0.0283	-0.0395	0.1810	-0.6206	0.4994	-0.5767	-0.0174	-0.0001	-0.0419	8.7935	-4.0317	1.6095	0.035073017456898725	5	0	10	Upright	Normal
8.3516	-4.0600	1.6083	55.9086	73.0425	38.7504	-15.5165	16.3326	-16.9684	-0.4464	-0.0356	0.0052	0.1810	-0.6209	0.4987	-0.5771	-0.0131	-0.0107	-0.0355	8.7979	-4.0244	1.6031	-0.09557872894198738	5	0	10	Upright	Normal
8.3516	-4.1366	1.5317	55.8040	73.1129	38.6808	-15.2215	17.0975	-17.4069	-0.4462	-0.1110	-0.0693	0.1804	-0.6212	0.4981	-0.5775	-0.0110	0.0095	-0.0345	8.7978	-4.0256	1.6010	0.02052728327776343	5	0	10	Upright	Normal
8.4282	-4.0600	1.5317	56.0556	73.0118	38.7777	-15.8113	17.3978	-17.5498	-0.3718	-0.0389	-0.0681	0.1819	-0.6207	0.4992	-0.5765	-0.0120	-0.0001	-0.0377	8.8000	-4.0211	1.5998	0.03474173147179016	5	0	10	Upright	Normal
8.3893	-4.0223	1.5323	56.0654	72.9887	38.7654	-15.9937	16.8123	-17.4158	-0.4129	-0.0066	-0.0693	0.1822	-0.6206	0.4992	-0.5766	0.0071	-0.0022	-0.0238	8.8021	-4.0157	1.6016	-0.050614527836859935	5	0	10	Upright	Normal
8.3510	-4.0989	1.5706	56.0752	72.9372	38.8294	-15.6394	16.6723	-17.9763	-0.4492	-0.0805	-0.0352	0.1821	-0.6204	0.4995	-0.5766	0.0061	-0.0075	-0.0264	8.8002	-4.0184	1.6058	0.00528873469949076	6	0	11	Upright	Normal
Total time: 11 seconds.
