9.9988	1.5329	1.9148	-14.3541	-71.9166	177.3470	-25.8549	-20.7217	-4.0706	0.7216	0.3476	-1.0341	-0.5801	-0.1146	-0.8046	-0.0548	-0.9546	-0.3219	-0.3628	9.2772	1.1853	2.9489	0.529254780338082	6	0	1	Upright	Normal
8.8113	1.5329	1.3402	-7.8920	-75.0101	174.5086	-25.5550	-20.3742	-5.8169	-0.5848	0.2798	-1.1723	-0.6041	-0.0836	-0.7925	-0.0039	-0.6840	-0.2068	-0.2882	9.3960	1.2531	2.5124	-1.251751558148129	6	0	1	Upright	Normal
8.8879	1.8010	2.6043	-7.7236	-74.2009	175.1751	-24.9078	-19.9177	-5.4442	-0.4627	0.4832	-0.0414	0.5991	0.0790	0.7968	0.0071	-0.2568	0.0531	0.0367	9.3506	1.3179	2.6457	0.3915788040578345	0	0	1	Upright	Normal
9.4242	2.7204	1.5317	-7.3877	-75.2860	177.7399	-25.1581	-19.7510	-6.3911	0.0180	1.4596	-0.9384	0.6083	0.0630	0.7908	0.0238	-0.4124	-0.1546	0.0196	9.4062	1.2608	2.4701	0.4927702079733951	0	0	1	Upright	Normal
10.3819	2.5672	0.7655	-7.1271	-76.9521	178.0036	-25.4175	-18.9138	-5.8504	0.9023	1.3505	-1.4313	0.6200	0.0595	0.7819	0.0251	-0.0725	-0.2249	0.2657	9.4795	1.2167	2.1968	0.7941052992630873	0	0	1	Upright	Normal
12.9484	1.8777	0.5357	-6.7727	-80.5293	177.7583	-26.7613	-18.6369	-5.4102	3.3431	0.7213	-1.0666	0.6442	0.0577	0.7623	0.0233	0.5890	-0.4060	0.2061	9.6054	1.1564	1.6023	2.3728433807300338	0	0	1	Upright	Normal
7.5854	-0.9188	1.7615	-13.2125	-79.3921	178.7403	-27.4353	-17.6643	-4.1417	-2.0421	-1.5431	0.0042	-0.6335	-0.0955	-0.7651	-0.0651	1.8384	1.1545	1.2980	9.6275	0.6243	1.7573	-5.253539056378372	0	0	1	Upright	Normal
8.5431	-0.9954	3.4854	-13.1440	-82.1783	-175.5721	-29.0759	-16.2766	-2.7475	-1.1667	-0.5478	2.1858	-0.6558	-0.0610	-0.7453	-0.1041	-0.6991	-1.3287	0.3051	9.7098	-0.4476	1.2996	1.4390085052696318	0	0	1	Upright	Normal
7.6237	0.4603	2.6043	-11.8475	-95.4252	-173.1568	-30.8893	-14.3438	1.8402	-2.0467	1.8126	3.5118	-0.7387	-0.0254	-0.6635	-0.1162	-0.7033	-1.4480	0.6535	9.6705	-1.3523	-0.9076	-1.2108790517625536	0	0	1	Upright	Normal
4.2144	-2.8724	0.2676	-17.9030	-109.6351	-171.4730	-31.6223	-11.6441	9.4582	-4.7697	-0.5010	3.4034	-0.8118	-0.0294	-0.5581	-0.1691	0.9766	-3.7862	0.8942	8.9841	-2.3715	-3.1358	-2.962193575823653	0	0	1	Upright	Normal
5.0188	-5.7072	-8.9262	-26.1264	-116.1156	-178.5150	-28.0375	-10.6046	19.4047	-3.7344	-3.5786	-5.0504	-0.8281	-0.1089	-0.5128	-0.1985	1.5252	3.3596	-2.4454	8.7532	-2.1286	-3.8758	6.61617865970163	0	1	2	Jump	Normal
14.2509	-4.1749	-3.2567	-21.7709	-109.3203	175.3470	-27.8755	-15.7362	14.8888	4.9295	-3.7261	-0.2435	-0.7960	-0.1417	-0.5738	-0.1309	-0.9845	0.6698	-0.9284	9.3214	-0.4488	-3.0133	3.479389050981153	0	1	2	PT	Normal
9.7689	3.1418	2.2212	-10.0510	-96.3373	172.6048	-27.0881	-20.0076	7.2075	0.0790	2.0747	3.2871	-0.7369	-0.1062	-0.6672	-0.0223	-2.2458	1.3995	-0.7953	9.6899	1.0671	-1.0659	-4.703429054946719	0	1	2	Jump	Normal
8.2750	1.8393	1.1486	-8.5209	-90.7646	173.0114	-26.8889	-21.1977	1.2203	-1.4225	0.3864	1.2781	0.7053	0.0953	0.7024	0.0101	0.0659	1.1918	-0.0368	9.6974	1.4530	-0.1294	-1.9449256064570903	0	1	2	PT	Normal
8.6574	0.6895	-0.7278	-9.4823	-87.3679	171.8748	-26.8123	-20.3862	0.3757	-1.0050	-0.9260	-1.1720	0.6824	0.1084	0.7229	0.0059	-1.0165	-0.3411	-0.3521	9.6624	1.6155	0.4441	0.16084590099610097	0	1	2	Upright	Normal
8.2361	1.9537	-0.8811	-10.0699	-88.8267	-178.2877	-26.7583	-20.1116	-1.4200	-1.4174	0.2391	-1.0787	0.6980	0.0523	0.7106	0.0720	-0.7512	-0.4988	-0.1551	9.6534	1.7145	0.1977	-0.2048721063371648	0	1	2	Upright	Normal
13.0245	5.5929	-0.9960	-13.1649	-94.4605	-176.1593	-26.5230	-19.8170	-1.1580	3.5045	3.3594	-0.2533	0.7314	0.0534	0.6714	0.1067	0.1671	-1.1965	-0.4565	9.5199	2.2335	-0.7427	5.6991253553716845	0	0	2	Upright	Normal
13.9827	-3.8684	-2.7204	-6.5551	-112.8863	174.3002	-27.0925	-18.5929	5.4549	4.9496	-4.3325	1.0686	-0.8294	-0.0729	-0.5535	-0.0201	0.5335	-2.9116	1.9052	9.0332	0.4640	-3.7890	0.5512839861680181	0	0	2	Upright	Normal
7.2018	-1.5323	-5.1715	-3.2939	-130.5503	-176.9442	-26.2201	-14.1364	16.0237	-0.2195	-0.7691	1.1935	-0.9079	0.0122	-0.4172	-0.0372	-0.2324	-1.8282	1.9339	7.4213	-0.7632	-6.3650	-5.763110962105907	0	0	2	Upright	Normal
3.2184	-6.0903	-5.5551	-11.2373	-138.5040	-170.4472	-24.9550	-9.1709	22.1686	-2.9515	-3.6003	1.6493	-0.9303	0.0429	-0.3437	-0.1206	1.2973	-1.3073	0.5246	6.1699	-2.4900	-7.2045	-0.14844521928260868	0	0	3	Upright	Normal
3.4866	-3.3321	-4.3293	-12.2397	-135.1353	-171.4777	-24.7344	-8.8957	24.1412	-3.1366	-0.8495	2.4635	-0.9195	0.0277	-0.3710	-0.1265	-0.0087	0.8957	-1.6347	6.6231	-2.4826	-6.7928	-2.3683334169498815	0	0	3	Upright	Normal
5.5168	2.4523	-5.5168	-11.2581	-129.1964	177.5006	-24.9567	-13.2124	21.2351	-2.1286	3.3297	0.5616	-0.8978	-0.0617	-0.4287	-0.0793	-0.4403	1.6317	-1.8978	7.6454	-0.8775	-6.0784	1.6973568819478464	0	0	3	Upright	Normal
10.2669	-6.7415	-7.3939	-7.3047	-124.8859	176.5711	-25.0000	-17.6839	16.4167	2.1944	-6.5106	-1.8305	-0.8835	-0.0559	-0.4632	-0.0426	-0.0525	-0.5841	0.6695	8.0725	-0.2309	-5.5634	6.157946280149231	0	0	3	Upright	Normal
9.0794	3.2184	-6.6277	-7.3667	-128.7636	-173.2892	-26.8503	-15.5384	15.5517	1.5773	4.8939	-0.5384	-0.8999	0.0249	-0.4273	-0.0831	0.6793	-4.5927	1.6048	7.5021	-1.6755	-6.0894	-2.643473207465247	0	0	3	Upright	Normal
8.5425	-0.9960	-1.8387	4.3302	-133.4053	-159.3363	-26.9847	-11.0743	19.5559	1.6967	1.0422	4.8807	-0.9002	0.1793	-0.3950	-0.0367	-0.9388	0.2884	3.2517	6.8458	-2.0382	-6.7195	-2.8980113437301487	0	0	3	Upright	Normal
6.5122	-1.8771	-5.8993	2.1962	-140.9763	-157.2382	-26.0448	-6.5591	24.3521	0.7055	0.2429	1.7138	-0.9226	0.1922	-0.3309	-0.0482	-1.1806	-1.7612	-0.5119	5.8067	-2.1199	-7.6131	0.19048785255848522	0	0	3	Upright	Normal
2.9880	0.0000	-4.4819	5.5379	-145.2318	-161.4000	-25.6422	-11.0959	25.0883	-2.5601	1.0470	3.5364	-0.9383	0.1683	-0.3020	-0.0027	-0.0534	-0.0076	-0.4001	5.5481	-1.0470	-8.0183	0.19048785255848522	0	0	3	Upright	Normal
8.7730	-0.6506	-3.7930	1.4966	-146.3370	-159.8053	-24.2342	-13.0296	23.9541	3.3390	-0.3944	4.3664	0.9416	-0.1715	0.2872	0.0385	-1.1943	0.8819	-1.5335	5.4339	-0.2562	-8.1594	0.5947513735842733	0	0	3	Upright	Normal
3.2567	1.6095	-7.6620	-17.3252	-148.2414	-162.8079	-23.3995	-20.5510	17.2458	-1.6707	-1.3108	0.2981	0.9463	-0.1014	0.2458	0.1837	-1.0760	-1.3413	-1.7104	4.9274	2.9203	-7.9601	-1.1004072901612538	0	0	3	Upright	Normal
0.6518	10.7649	-19.4607	-28.3071	-167.8780	-168.5885	-19.2575	-26.1579	12.6697	-1.1612	6.1146	-11.0192	0.9620	-0.0702	0.0777	0.2521	-1.8750	-4.6511	-1.0733	1.8130	4.6503	-8.4415	13.769642350121156	0	1	4	Jump	Normal
-4.3281	18.0816	-6.7044	-49.4263	159.6546	151.1337	-7.8214	-28.1963	9.5644	-2.1103	10.6328	-0.7238	0.8843	0.1514	-0.0528	0.4385	-4.3741	0.2789	-4.8444	-2.2178	7.4488	-5.9806	-2.484943121437613	0	1	4	PT	Normal
-5.9753	8.4282	-8.8113	-52.8755	149.9273	133.5203	6.3913	-27.5701	-1.8587	-3.0094	0.6090	-3.6893	0.8402	0.2351	-0.0438	0.4868	0.2949	1.6179	-1.8275	-2.9660	7.8192	-5.1219	-6.1856753202094055	0	1	4	Jump	Normal
7.2024	2.1075	-0.2304	-53.8825	159.0865	130.0565	11.5962	-26.7610	0.2043	9.2659	-5.8143	5.1692	0.8294	0.2956	0.0414	0.4722	-3.2897	1.4848	-1.1458	-2.0635	7.9218	-5.3997	-6.070634595798311	0	1	4	Jump	Normal
-1.9531	0.3837	0.1909	-47.4778	128.4689	97.3712	17.3223	-23.3803	-2.7066	3.2364	-6.8440	4.3142	0.7347	0.4128	-0.0595	0.5350	1.0917	-1.3584	-4.8369	-5.1894	7.2276	-4.1233	-5.508376142629638	0	1	4	Jump	Normal
-19.1147	-3.1789	-11.5311	-60.6599	165.6550	126.0057	19.2327	-21.2241	0.0170	-17.9240	-11.7277	-6.8758	0.7917	0.3326	0.1314	0.4954	-4.3539	5.3400	13.6476	-1.1907	8.5488	-4.6552	20.549123632240523	0	1	4	Jump	Normal
0.4603	6.6277	-2.8736	-31.1626	-112.5021	-117.1864	-12.2960	-26.6303	-4.8717	-7.2923	1.5531	0.3380	0.7613	-0.2900	0.3403	0.4695	0.1117	0.2363	9.6688	7.7526	5.0747	-3.2117	-15.310192228659012	0	1	4	Jump	Normal
12.6037	-12.9472	0.1143	-7.7320	-74.4917	-92.7836	-23.1028	-6.3109	-16.5098	3.2401	-14.2666	-2.4838	0.4743	-0.3776	0.5469	0.5773	1.5605	10.1891	-6.8875	9.3636	1.3194	2.5982	10.830710080719289	0	1	4	Jump	Normal
2.6821	10.2669	1.4557	-12.1852	-48.7151	-82.8477	-6.1835	-4.3767	-26.2861	-4.5209	8.1970	-4.8689	0.3438	-0.2435	0.5665	0.7082	-4.4583	1.1237	3.0908	7.2030	2.0699	6.3246	-7.3583746561053935	0	1	4	Jump	Normal
0.6135	0.4603	0.7655	7.3572	-36.2188	-87.3213	5.9317	1.3599	-26.6539	-5.1332	1.7160	-7.0809	0.1700	-0.2665	0.6693	0.6724	-0.9163	-0.6660	2.4133	5.7467	-1.2558	7.8464	-9.627206258338218	0	2	5	Jump	Normal
4.2138	-0.9577	10.4196	4.0719	-22.6974	-98.3183	7.8781	-0.0515	-25.6551	0.4393	-0.2613	1.3954	0.1260	-0.1550	0.7458	0.6355	0.7392	0.6006	1.5909	3.7745	-0.6964	9.0242	10.196503410203388	0	2	5	Jump	Normal
3.5632	-0.4208	6.7032	3.8442	-28.2554	-100.0010	8.6853	-3.7474	-24.9851	-1.0689	0.2367	-1.9155	0.1660	-0.1817	0.7477	0.6167	0.1959	-0.8194	0.1432	4.6320	-0.6575	8.6187	-3.677081852820268	0	2	5	Jump	Normal
5.0949	-0.0766	9.8833	2.3018	-28.5513	-100.4085	6.5846	-4.8316	-25.5936	0.4117	0.3172	1.2763	0.1770	-0.1728	0.7476	0.6163	0.1211	0.4993	-0.3404	4.6832	-0.3938	8.6070	3.5164603720834107	0	2	5	Jump	Normal
3.3327	0.8811	8.7724	2.0014	-23.4010	-99.9572	9.1212	-3.8432	-25.7141	-0.5596	1.2236	-0.2221	0.1443	-0.1435	0.7521	0.6269	-0.0930	0.2735	0.0452	3.8924	-0.3425	8.9944	-1.6941061877755708	0	2	5	PT	Normal
2.9497	0.2682	9.3470	1.7604	-23.2146	-100.6171	9.7097	-3.5343	-25.2687	-0.9140	0.5695	0.3386	0.1452	-0.1401	0.7556	0.6231	0.0263	-0.2070	0.0090	3.8636	-0.3014	9.0083	0.3796501963558949	0	2	5	Upright	Normal
3.2944	0.1532	9.0405	1.6449	-21.9849	-100.9880	9.4549	-3.7276	-25.6771	-0.3753	0.4348	-0.0492	0.1381	-0.1322	0.7591	0.6223	-0.0631	0.2415	-0.0070	3.6697	-0.2816	9.0897	-0.18179122282874793	0	2	5	Upright	Normal
3.2950	-0.1526	9.1931	1.6180	-21.3892	-101.3284	9.9403	-4.1194	-24.9003	-0.2800	0.1243	0.0657	0.1347	-0.1283	0.7616	0.6208	0.0231	-0.0386	0.0207	3.5750	-0.2770	9.1274	0.14369222522492464	0	2	5	Upright	Normal
3.2950	0.0006	9.3847	1.3482	-21.6375	-101.6687	9.8745	-3.8168	-25.0503	-0.3199	0.2313	0.2716	0.1382	-0.1275	0.7629	0.6186	-0.0131	-0.0514	0.0303	3.6149	-0.2307	9.1131	0.1793823832852972	0	2	5	Upright	Normal
3.0269	0.0006	9.1548	1.4320	-20.9512	-101.8580	10.1200	-3.7019	-24.7622	-0.4785	0.2457	-0.0006	0.1334	-0.1241	0.7648	0.6180	-0.0280	0.0775	0.0015	3.5054	-0.2451	9.1554	-0.3041122592781793	0	2	5	Upright	Normal
2.9886	0.0389	9.1931	1.1327	-20.9906	-102.0085	9.9703	-4.0240	-25.3565	-0.5236	0.2328	0.0392	0.1354	-0.1222	0.7653	0.6173	0.0477	-0.1207	-0.0123	3.5121	-0.1939	9.1539	0.02453963277001847	1	2	6	Upright	Normal
3.2567	0.1155	9.3464	0.7811	-20.7640	-102.1041	9.7732	-3.6436	-25.4549	-0.2195	0.2493	0.1776	0.1359	-0.1185	0.7657	0.6173	-0.0013	0.0594	0.0122	3.4762	-0.1338	9.1687	0.2314494215397609	1	2	6	Upright	Normal
3.0652	-0.0377	9.2698	0.8238	-20.1764	-102.1794	9.5406	-4.0775	-25.3405	-0.3168	0.1032	0.0660	0.1319	-0.1155	0.7669	0.6174	-0.0333	0.0519	0.0069	3.3820	-0.1410	9.2038	-0.13470666726302127	1	2	6	Upright	Normal
3.2567	0.0389	9.2314	0.7467	-20.1700	-102.2426	9.4010	-3.6818	-25.0856	-0.1243	0.1667	0.0271	0.1323	-0.1149	0.7671	0.6171	0.0158	-0.0727	-0.0123	3.3811	-0.1278	9.2044	0.02558623247045766	1	2	6	Upright	Normal
3.2561	0.0383	9.1937	0.6052	-20.2437	-102.2829	9.8487	-3.6642	-25.1416	-0.1369	0.1420	-0.0066	0.1336	-0.1143	0.7671	0.6169	0.0062	0.0157	0.0122	3.3930	-0.1037	9.2003	-0.03574657833249972	1	2	6	Upright	Normal
3.1035	0.0389	9.1548	0.5789	-20.0471	-102.3139	9.4377	-3.8106	-25.0301	-0.2580	0.1380	-0.0572	0.1324	-0.1130	0.7675	0.6169	-0.0077	0.0168	0.0058	3.3615	-0.0991	9.2120	-0.08672387416331162	1	2	6	Upright	Normal
3.1029	0.0383	9.3087	0.5346	-19.9857	-102.3536	9.4379	-3.6951	-25.3047	-0.2487	0.1299	0.0931	0.1323	-0.1124	0.7678	0.6168	0.0008	-0.0162	-0.0081	3.3516	-0.0916	9.2156	0.14568298526835832	1	2	6	Upright	Normal
3.1795	0.0000	9.1937	0.5148	-19.9520	-102.3649	9.7224	-3.0447	-25.2471	-0.1667	0.0881	-0.0238	0.1322	-0.1120	0.7678	0.6167	-0.0013	0.0061	0.0015	3.3462	-0.0881	9.2175	0.14568298526835832	1	2	6	Upright	Normal
3.1801	0.0383	9.2314	0.4917	-19.9176	-102.3465	9.7833	-3.6432	-25.0173	-0.1606	0.1226	0.0118	0.1321	-0.1117	0.7678	0.6169	0.0019	-0.0002	0.0005	3.3407	-0.0842	9.2196	-0.048431501861596615	1	2	6	Upright	Normal
3.1801	0.1155	9.1931	0.4705	-19.8840	-102.3297	9.9297	-3.5550	-24.6218	-0.1552	0.1960	-0.0284	0.1320	-0.1114	0.7677	0.6171	0.0008	0.0008	-0.0006	3.3353	-0.0805	9.2216	-0.03559261885760279	1	2	6	Upright	Normal
3.1418	0.0006	9.2314	0.4513	-19.8541	-102.2990	9.8538	-3.3041	-24.6901	-0.1887	0.0778	0.0081	0.1318	-0.1112	0.7675	0.6174	-0.0013	-0.0067	0.0005	3.3305	-0.0772	9.2234	0.023110312434539537	2	2	7	Upright	Normal
3.1801	0.0772	9.1931	0.4324	-19.8268	-102.3005	9.7906	-4.0231	-24.7088	-0.1459	0.1513	-0.0319	0.1317	-0.1109	0.7676	0.6174	0.0019	-0.0003	0.0005	3.3260	-0.0741	9.2250	-0.02348964736974324	2	2	7	Upright	Normal
3.1412	0.0383	9.2320	0.4182	-19.8023	-102.2898	9.9207	-3.3780	-25.5505	-0.1809	0.1100	0.0055	0.1316	-0.1107	0.7675	0.6175	-0.0002	0.0029	0.0015	3.3221	-0.0717	9.2265	0.023940377050976736	2	2	7	Upright	Normal
3.1412	0.0000	9.2320	0.4019	-19.7746	-102.2438	9.5299	-2.9074	-25.4179	-0.1764	0.0688	0.0040	0.1315	-0.1105	0.7673	0.6179	0.0008	-0.0024	-0.0006	3.3176	-0.0688	9.2280	0.023940377050976736	2	2	7	Upright	Normal
3.1795	0.0383	9.2320	0.3859	-19.7463	-102.1950	10.0865	-3.5063	-24.8124	-0.1336	0.1044	0.0024	0.1314	-0.1103	0.7670	0.6182	0.0008	-0.0067	-0.0006	3.3131	-0.0661	9.2296	0.012404280660700095	2	2	7	Upright	Normal
3.1418	0.0006	9.2314	0.3702	-19.7254	-102.1720	10.0523	-3.7412	-25.2381	-0.1679	0.0640	0.0004	0.1313	-0.1101	0.7669	0.6184	-0.0003	-0.0035	0.0005	3.3097	-0.0634	9.2310	-0.012855010341933593	2	2	7	Upright	Normal
3.1418	0.0389	9.1931	0.3579	-19.7019	-102.1484	10.0220	-3.7630	-24.9599	-0.1642	0.1003	-0.0392	0.1312	-0.1099	0.7668	0.6186	-0.0003	0.0050	0.0015	3.3059	-0.0614	9.2323	-0.03617154198677319	2	2	7	Upright	Normal
3.2184	0.0772	9.2698	0.3372	-19.6751	-102.1172	9.9391	-3.6287	-25.2085	-0.0832	0.1350	0.0359	0.1311	-0.1096	0.7667	0.6189	-0.0003	-0.0077	0.0005	3.3016	-0.0578	9.2338	0.09769222439571656	2	2	7	Upright	Normal
3.1801	0.0389	9.2314	0.3232	-19.6579	-102.1063	9.7053	-3.8048	-25.4436	-0.1188	0.0943	-0.0034	0.1310	-0.1095	0.7666	0.6190	-0.0024	0.0040	0.0005	3.2989	-0.0554	9.2349	-0.04903600398097119	2	2	7	Upright	Normal
3.1795	0.0766	9.1937	0.3075	-19.6447	-102.1068	9.6637	-3.7819	-25.2459	-0.1173	0.1293	-0.0419	0.1310	-0.1093	0.7666	0.6190	-0.0012	-0.0023	-0.0006	3.2968	-0.0527	9.2356	-0.03560825327880224	2	2	7	Upright	Normal
3.1795	0.0000	9.2703	0.2904	-19.6218	-102.1222	9.5794	-3.8830	-25.0315	-0.1136	0.0498	0.0334	0.1310	-0.1090	0.7667	0.6190	-0.0001	-0.0044	0.0005	3.2931	-0.0498	9.2370	-0.03560825327880224	2	2	7	Upright	Normal
3.1801	0.0006	9.2314	0.2761	-19.5997	-102.1398	9.6343	-3.8176	-25.8075	-0.1094	0.0479	-0.0069	0.1309	-0.1088	0.7668	0.6189	0.0001	0.0045	0.0004	3.2895	-0.0473	9.2383	0.035530781184787585	3	2	8	Upright	Normal
3.1795	0.0383	9.1937	0.2601	-19.5831	-102.1550	9.6471	-3.8342	-25.2032	-0.1073	0.0829	-0.0455	0.1309	-0.1086	0.7669	0.6188	0.0001	-0.0009	0.0004	3.2868	-0.0446	9.2392	-0.03575696332885947	3	2	8	Upright	Normal
3.1795	0.0383	9.2320	0.2482	-19.5637	-102.1542	9.9257	-3.5274	-25.0821	-0.1041	0.0808	-0.0084	0.1308	-0.1084	0.7669	0.6189	0.0001	-0.0019	0.0014	3.2836	-0.0425	9.2404	0.03620476733683553	3	2	8	Upright	Normal
3.1412	0.0000	9.1937	0.2369	-19.5427	-102.1544	9.6512	-3.5562	-24.6889	-0.1392	0.0406	-0.0479	0.1308	-0.1082	0.7669	0.6189	0.0011	0.0034	0.0004	3.2804	-0.0406	9.2416	0.03620476733683553	3	2	8	Upright	Normal
3.2178	0.0383	9.1937	0.2167	-19.5340	-102.1354	10.0367	-3.6333	-25.6732	-0.0612	0.0754	-0.0483	0.1308	-0.1081	0.7668	0.6190	0.0022	0.0002	0.0014	3.2790	-0.0371	9.2421	-0.02361965951832623	3	2	8	Upright	Normal
3.1795	0.0766	9.1937	0.1997	-19.5193	-102.1514	9.7304	-4.1685	-25.0778	-0.0971	0.1109	-0.0492	0.1308	-0.1078	0.7669	0.6190	-0.0005	-0.0023	-0.0002	3.2766	-0.0343	9.2430	-0.012358925674437415	3	2	8	Upright	Normal
3.2178	0.0383	9.1937	0.1896	-19.5086	-102.1672	9.4045	-3.7615	-25.3478	-0.0570	0.0708	-0.0498	0.1308	-0.1077	0.7670	0.6189	-0.0015	0.0030	0.0008	3.2748	-0.0325	9.2436	0.012358925674437415	3	2	8	Upright	Normal
3.1412	0.0766	9.2320	0.1814	-19.4925	-102.1674	9.6608	-3.7302	-25.7388	-0.1311	0.1077	-0.0124	0.1307	-0.1076	0.7670	0.6189	0.0006	0.0020	0.0008	3.2723	-0.0311	9.2445	0.011441008991109669	3	2	8	Upright	Normal
3.1795	-0.0383	9.1937	0.1707	-19.4752	-102.1674	10.4169	-3.7221	-25.1252	-0.0899	-0.0090	-0.0518	0.1307	-0.1074	0.7670	0.6189	-0.0005	-0.0012	0.0008	3.2694	-0.0293	9.2455	-0.02402611680961897	3	2	8	Upright	Normal
3.1801	0.0006	9.2314	0.1654	-19.4567	-102.1673	9.9575	-4.0820	-25.8319	-0.0863	0.0290	-0.0151	0.1306	-0.1073	0.7670	0.6190	0.0006	0.0020	-0.0002	3.2664	-0.0284	9.2466	0.03575696332885947	4	2	9	Upright	Normal
3.1801	0.0006	9.1548	0.1566	-19.4408	-102.1676	9.6763	-3.9827	-25.3061	-0.0838	0.0274	-0.0926	0.1305	-0.1071	0.7670	0.6190	-0.0015	0.0020	0.0019	3.2639	-0.0268	9.2475	-0.07239021823089864	4	2	9	Upright	Normal
3.1795	0.0000	9.1937	0.1457	-19.4233	-102.1676	9.5027	-3.5530	-25.6482	-0.0816	0.0250	-0.0546	0.1305	-0.1069	0.7670	0.6190	0.0006	0.0020	-0.0002	3.2611	-0.0250	9.2484	-0.07239021823089864	4	2	9	Upright	Normal
3.1029	0.0766	9.1937	0.1305	-19.4052	-102.1674	9.5092	-3.9754	-25.0211	-0.1553	0.0991	-0.0557	0.1304	-0.1067	0.7671	0.6190	-0.0006	-0.0003	-0.0004	3.2582	-0.0224	9.2494	0.012094205507919398	4	2	9	Upright	Normal
3.1418	0.0389	9.1931	0.1228	-19.3867	-102.1676	9.7879	-3.6577	-25.3273	-0.1134	0.0600	-0.0573	0.1303	-0.1066	0.7671	0.6191	-0.0006	0.0008	-0.0004	3.2552	-0.0211	9.2504	0.011717264402248517	4	2	9	Upright	Normal
3.2567	0.1155	9.1931	0.1110	-19.3740	-102.1675	9.5514	-3.7445	-25.8714	0.0036	0.1345	-0.0581	0.1303	-0.1064	0.7671	0.6191	0.0004	0.0008	-0.0004	3.2531	-0.0190	9.2512	0.038369853136893894	4	2	9	Upright	Normal
3.2178	0.0000	9.2703	0.0979	-19.3655	-102.1677	9.3543	-4.3633	-25.0150	-0.0340	0.0168	0.0186	0.1303	-0.1063	0.7671	0.6191	0.0015	-0.0035	-0.0004	3.2518	-0.0168	9.2518	0.038369853136893894	4	2	9	Upright	Normal
3.1029	0.0000	9.1554	0.0869	-19.3548	-102.1676	9.5665	-3.8790	-25.6329	-0.1471	0.0150	-0.0970	0.1303	-0.1062	0.7671	0.6191	-0.0006	-0.0045	-0.0015	3.2500	-0.0150	9.2524	0.038369853136893894	4	2	9	Upright	Normal
3.1801	0.0389	9.2698	0.0829	-19.3463	-102.1675	9.4437	-3.6281	-25.7369	-0.0685	0.0531	0.0169	0.1303	-0.1061	0.7671	0.6192	0.0004	-0.0045	-0.0015	3.2486	-0.0142	9.2528	0.0466008039424235	4	2	9	Upright	Normal
3.1801	0.0772	9.1548	0.0725	-19.3333	-102.1677	9.3936	-4.0935	-25.6929	-0.0664	0.0896	-0.0988	0.1303	-0.1060	0.7671	0.6192	0.0007	-0.0054	-0.0004	3.2465	-0.0124	9.2536	-0.10847466983955556	4	2	9	Upright	Normal
3.1035	0.0389	9.2314	0.0635	-19.3208	-102.1676	9.7488	-3.9770	-24.9023	-0.1411	0.0498	-0.0229	0.1302	-0.1058	0.7671	0.6192	-0.0004	-0.0012	-0.0004	3.2446	-0.0109	9.2543	0.047480830159859266	5	2	10	Upright	Normal
3.1418	-0.0377	9.1931	0.0657	-19.3073	-102.1678	9.6664	-3.7997	-25.2435	-0.1006	-0.0265	-0.0619	0.1301	-0.1058	0.7671	0.6192	-0.0015	0.0020	0.0006	3.2423	-0.0112	9.2551	-0.023981548114051066	5	2	10	Upright	Normal
3.1418	0.0389	9.1931	0.0540	-19.2960	-102.1603	9.7566	-3.2550	-25.5305	-0.0988	0.0482	-0.0625	0.1301	-0.1056	0.7671	0.6193	0.0007	-0.0097	-0.0004	3.2406	-0.0093	9.2557	4.730714429967975E-6	5	2	10	Upright	Normal
3.2184	0.0006	9.2314	0.0457	-19.2879	-102.1509	10.1011	-3.9232	-25.1967	-0.0208	0.0085	-0.0247	0.1301	-0.1056	0.7670	0.6194	0.0017	-0.0086	0.0006	3.2392	-0.0079	9.2561	0.06112025471246163	5	2	10	Upright	Normal
3.2184	0.0772	9.1931	0.0349	-19.2851	-102.1739	9.2272	-4.0783	-24.4214	-0.0204	0.0832	-0.0631	0.1301	-0.1054	0.7671	0.6192	-0.0015	-0.0033	-0.0004	3.2388	-0.0060	9.2563	-0.03585063408970157	5	2	10	Upright	Normal
3.1795	0.0000	9.3087	0.0298	-19.2773	-102.1937	8.9846	-3.6046	-25.3429	-0.0581	0.0051	0.0519	0.1301	-0.1053	0.7672	0.6191	0.0006	0.0063	0.0006	3.2376	-0.0051	9.2567	-0.03585063408970157	5	2	10	Upright	Normal
3.1801	0.0389	9.2314	0.0235	-19.2757	-102.1852	9.5613	-3.5674	-25.7491	-0.0572	0.0429	-0.0254	0.1302	-0.1053	0.7672	0.6192	-0.0004	-0.0044	-0.0004	3.2373	-0.0040	9.2569	0.02338659979198532	5	2	10	Upright	Normal
3.1801	0.0389	9.1548	0.0160	-19.2725	-102.1593	8.9579	-3.2736	-25.4396	-0.0566	0.0417	-0.1022	0.1301	-0.1053	0.7671	0.6194	0.0006	0.0020	-0.0004	3.2367	-0.0028	9.2570	-0.07238963955582278	5	2	10	Upright	Normal
3.1418	0.0006	9.1931	0.0116	-19.2630	-102.1547	9.5663	-3.8473	-25.2455	-0.0934	0.0027	-0.0643	0.1301	-0.1052	0.7670	0.6194	-0.0015	-0.0012	-0.0004	3.2352	-0.0021	9.2575	0.02365555904460237	5	2	10	Upright	Normal
3.2178	0.0000	9.1554	0.0099	-19.2602	-102.1341	9.4536	-3.4947	-25.9837	-0.0169	0.0018	-0.1022	0.1301	-0.1052	0.7669	0.6195	-0.0004	-0.0023	-0.0004	3.2347	-0.0018	9.2576	0.02365555904460237	5	2	10	Upright	Normal
3.1801	0.0389	9.2314	-0.0025	-19.2505	-102.1085	9.4349	-3.2892	-25.1986	-0.0531	0.0386	-0.0268	0.1301	-0.1051	0.7668	0.6197	-0.0004	0.0009	-0.0004	3.2332	0.0003	9.2582	0.04873408051122041	6	2	11	Upright	Normal
Total time: 11 seconds.
