-2.2595	-9.1548	1.2252	-43.7886	77.2124	95.0720	17.6840	22.5104	7.8653	0.0822	0.2384	-0.3416	-0.6238	-0.1759	0.3778	-0.6612	0.0478	-0.0408	0.0135	-2.3417	-9.3932	1.5669	-0.49702197006623194	5	0	1	Lying	Normal
-2.2212	-9.1931	1.3018	-43.9890	76.6651	94.4891	17.8020	22.9712	7.1412	0.0917	0.1969	-0.3255	-0.6217	-0.1747	0.3764	-0.6643	0.0723	-0.0451	-0.0440	-2.3129	-9.3901	1.6273	0.03802946750176339	0	0	1	Upright	Normal
-2.2212	-9.0399	1.4168	-44.3287	76.6899	94.2935	17.1193	24.2402	6.7920	0.0664	0.3585	-0.1981	-0.6224	-0.1738	0.3733	-0.6656	-0.0151	0.0721	-0.0195	-2.2877	-9.3984	1.6149	-0.13081717952670147	0	0	1	Upright	Normal
-2.0680	-8.9633	1.4934	-44.3668	76.5612	94.4874	17.2679	23.2968	6.8238	0.2671	0.4209	-0.1359	-0.6224	-0.1718	0.3749	-0.6652	0.0190	0.0263	0.1318	-2.3351	-9.3842	1.6293	-0.09678203530662799	0	0	1	Upright	Normal
-0.7655	-9.2314	0.0760	-44.3167	80.2952	97.8234	18.1758	22.4308	7.6675	1.6945	0.1878	-1.1067	-0.6395	-0.1752	0.3737	-0.6485	-0.2047	0.3065	0.0317	-2.4600	-9.4192	1.1827	-0.055810621409587924	0	0	1	Upright	Normal
-1.4940	-9.1554	1.0726	-45.4166	77.1224	92.8700	17.6236	22.9574	7.7151	0.5394	0.3147	-0.4615	-0.6247	-0.1776	0.3568	-0.6715	0.4824	-0.3455	-0.1825	-2.0334	-9.4701	1.5341	0.07490484517606966	0	0	1	Upright	Normal
-2.2984	-9.1171	1.3024	-43.3305	74.0686	90.6515	17.7636	23.2773	6.6733	-0.3442	0.2913	-0.6556	-0.6052	-0.1840	0.3712	-0.6797	0.3897	-0.0355	-0.0046	-1.9543	-9.4085	1.9580	0.15382209257593438	0	0	1	Upright	Normal
-1.1103	-9.2320	1.9148	-45.1683	72.9959	90.3319	17.8120	24.0741	6.2318	0.9779	0.1341	-0.1071	-0.6071	-0.1683	0.3653	-0.6853	0.1692	0.5046	0.1414	-2.0882	-9.3661	2.0219	0.001509534020772918	0	0	1	Upright	Normal
-1.3018	-9.6145	2.3361	-47.5379	69.3711	87.8106	17.3983	24.1134	6.4863	0.8945	-0.3460	0.0037	-0.5999	-0.1454	0.3566	-0.7012	0.7285	0.6271	0.1606	-2.1964	-9.2686	2.3324	0.4858795413149224	0	0	1	Upright	Normal
0.0766	-10.6877	-0.4980	-48.2828	61.6618	83.5222	17.8932	23.9028	4.6607	2.5554	-1.7193	-3.5955	-0.5735	-0.1149	0.3655	-0.7241	0.5932	1.0468	0.5792	-2.4787	-8.9684	3.0975	0.7200585728460833	0	1	2	PT	Normal
-3.8301	-12.1045	0.0377	-49.2954	82.4094	93.6001	18.2514	23.2595	6.6079	-2.2396	-2.4645	-0.8070	-0.6512	-0.1811	0.3104	-0.6684	-2.5600	0.2777	-1.3393	-1.5905	-9.6400	0.8447	1.9964920332952687	0	1	2	PT	Normal
-5.6306	-11.7597	5.6695	-51.7428	90.5811	95.4176	15.5646	23.9257	11.0893	-4.7824	-1.9899	5.7311	-0.6796	-0.2032	0.2596	-0.6553	-0.6020	1.1161	-1.6067	-0.8481	-9.7698	-0.0617	1.5214416466968839	0	1	2	PT	Normal
0.0766	-8.4276	0.5746	-57.8193	104.5211	96.6990	9.1515	23.8047	15.5785	-0.8829	1.2438	1.8842	-0.7139	-0.2390	0.1463	-0.6417	-1.3083	-1.2594	-1.3447	0.9595	-9.6714	-1.3096	-5.769991346413422	0	1	2	Jump	Normal
-2.1446	-3.6769	0.5357	-46.5755	107.8248	97.1347	8.3021	23.5188	17.7282	-3.1484	5.8576	2.5992	-0.7106	-0.3166	0.1942	-0.5975	-0.0875	-1.6089	0.0466	1.0038	-9.5345	-2.0635	-4.157305804819553	0	1	2	Jump	Normal
1.8387	-10.5728	-7.5848	-39.9801	106.2352	96.7723	10.9336	22.8386	16.2582	1.1998	-1.0151	-5.4839	-0.6982	-0.3458	0.2401	-0.5790	0.2545	-1.2541	0.0626	0.6390	-9.5577	-2.1009	8.851105645755812	0	1	2	Jump	Normal
-6.1675	-8.7340	2.9113	-41.2029	101.9227	91.5568	11.5887	23.8411	14.5584	-7.2408	0.8938	4.4357	-0.6756	-0.3482	0.2319	-0.6070	1.7575	0.7326	-0.2570	1.0734	-9.6278	-1.5244	-2.0599551905179805	0	1	2	PT	Normal
-3.9450	-6.0136	1.9531	-45.2523	100.0506	99.3518	10.5177	24.7020	14.7909	-3.5753	3.7118	3.1580	-0.6992	-0.2693	0.2613	-0.6085	0.5250	0.2596	1.6573	-0.3698	-9.7254	-1.2049	-3.628773533419685	0	1	2	Jump	Normal
0.9577	-11.8752	4.8650	-36.6496	88.6628	105.5755	17.2222	22.6327	12.0702	3.7218	-2.4678	4.6816	-0.6643	-0.2221	0.4079	-0.5856	1.4571	0.6324	1.5007	-2.7641	-9.4074	0.1835	5.416207517961532	0	1	2	Jump	Normal
1.2258	-9.0788	-1.4557	-75.2592	91.1640	114.1034	15.7399	22.0667	13.8271	5.0540	-0.0503	-1.4049	-0.7071	0.0509	0.2280	-0.6674	2.8228	6.4690	1.8927	-3.8282	-9.0285	-0.0507	-3.5926790480933164	0	1	2	Jump	Normal
5.1338	-4.6346	-1.9543	-80.7452	-13.4542	5.2114	10.5533	25.8046	12.2939	8.2612	4.5327	-3.4879	-0.6386	0.1184	0.1102	-0.7524	-1.9049	-1.5588	-3.8097	-3.1274	-9.1672	1.5336	-2.088991283450974	0	2	3	PT	Normal
-4.7112	-15.1308	3.8301	-81.1143	123.5359	123.4478	5.1930	24.6684	15.0019	-4.6720	-5.3599	4.6669	-0.7352	-0.0462	0.0451	-0.6748	-2.3289	-0.9484	-2.5633	-0.0392	-9.7709	-0.8368	9.116442602773141	0	2	3	Jump	Normal
-4.4053	3.1795	-4.7118	-84.8519	60.8477	56.0186	0.8175	23.5958	17.5571	-5.2467	12.9407	-5.1402	-0.6891	-0.0568	-0.0027	-0.7224	1.5476	2.0641	0.3331	0.8414	-9.7612	0.4284	-9.112113916838368	0	2	3	Jump	Normal
-6.4739	-18.4641	-0.1149	-85.2681	102.7327	114.2215	3.7837	23.8491	16.1242	-4.5140	-8.8569	0.0633	-0.7122	0.0431	0.0984	-0.6937	0.1521	1.5688	2.8695	-1.9600	-9.6072	-0.1782	12.375041076529673	0	2	3	Jump	Normal
-5.2864	-10.8026	1.0726	-86.4129	73.9479	94.0982	9.6437	20.9859	14.3219	-1.9133	-1.5957	0.9037	-0.6936	0.1017	0.1456	-0.6982	0.2864	0.0710	1.0106	-3.3731	-9.2069	0.1689	-7.492027802947183	0	2	3	Jump	Normal
-12.2577	-12.1428	0.6889	-88.7185	19.7627	61.1842	12.9279	19.6866	13.9928	-5.7705	-4.7912	0.4853	-0.6554	0.2450	0.2552	-0.6673	-0.3720	-0.4147	4.8509	-6.4872	-7.3515	0.2037	5.1932348370759005	0	2	3	Jump	Normal
-3.3327	-16.8935	1.4557	-82.8669	83.2721	164.4663	20.9926	8.5983	15.9992	6.3560	-15.3832	1.3131	-0.5604	0.4227	0.4958	-0.5114	-0.0705	-0.4211	6.2763	-9.6887	-1.5103	0.1426	0.012819231085906324	0	2	3	Upright	Normal
0.6895	-6.3207	0.5746	-82.7056	73.8860	176.0157	22.5424	-2.6079	17.5615	10.2758	-8.3592	0.2291	-0.4692	0.5120	0.5858	-0.4177	-0.2729	-1.0081	2.6107	-9.5862	2.0385	0.3455	-10.896409857198321	0	0	3	Upright	Normal
0.6901	2.6055	-0.2304	-81.6214	78.6369	-168.1194	21.8584	-8.2294	16.9638	9.7052	-1.2444	-0.5119	-0.4247	0.5525	0.6253	-0.3513	-0.1973	1.1256	2.1846	-9.0151	3.8499	0.2815	-3.678935888288137	0	0	3	Upright	Normal
-14.0582	15.7832	-2.3373	-66.7796	64.8699	-176.6537	19.1926	-14.6985	14.5747	-5.4182	11.4443	-3.9792	-0.4341	0.4774	0.7130	-0.2745	-4.2975	0.3075	-1.7345	-8.6399	4.3389	1.6418	18.5599494728422	0	1	4	Jump	Normal
-14.8243	9.0028	6.5499	-56.6321	28.1567	148.6800	24.1359	-16.3233	2.5927	-7.1174	5.2397	1.7946	-0.3304	0.3852	0.7911	-0.3416	-0.1696	5.7798	0.9094	-7.7069	3.7631	4.7553	-2.725663950722126	0	1	4	PT	Normal
-7.4310	3.9079	0.3825	-70.9510	43.3505	164.4143	22.5533	-16.1601	8.3959	0.8645	-0.7759	-1.9448	-0.3711	0.4936	0.7207	-0.3150	-1.0313	-1.1189	1.0351	-8.2955	4.6838	2.3273	-10.134829999074821	0	1	4	Jump	Normal
-10.2274	13.6380	2.4894	-62.2286	32.5145	156.4617	22.5955	-17.4710	6.8337	-2.4726	9.0350	-1.3636	-0.3358	0.4368	0.7751	-0.3093	-1.6396	-0.3711	-1.1391	-7.7548	4.6030	3.8530	8.82302091794821	0	1	4	Jump	Normal
-10.1508	2.6055	8.0822	-49.9767	9.4946	132.8499	24.2476	-16.5340	0.6714	-3.6203	-1.2457	1.8621	-0.2371	0.3558	0.8139	-0.3933	2.0089	-7.1877	0.0828	-6.5305	3.8512	6.2201	-3.9932486032053927	0	1	4	Jump	Normal
-9.1548	3.9462	3.8301	-53.0933	13.9226	133.0890	25.3449	-15.0958	-2.5863	-1.9845	0.4700	-1.8857	-0.2760	0.3638	0.7930	-0.4031	-0.8417	-0.1005	-0.7002	-7.1703	3.4762	5.7159	-2.554861301594908	0	1	4	PT	Normal
-6.6272	4.1372	6.9719	-50.1736	8.4701	128.2118	26.4914	-13.7565	-2.2046	0.1196	0.6644	0.7597	-0.2448	0.3512	0.7988	-0.4226	0.0893	-0.9495	0.0764	-6.7467	3.4728	6.2122	-0.20845424827496117	0	1	4	Upright	Normal
-5.2864	2.5666	5.7078	-48.6375	5.2427	122.5253	25.9588	-14.5054	-3.2784	1.3755	-0.6188	-0.7455	-0.2343	0.3407	0.7891	-0.4542	0.1948	-0.7407	-0.8259	-6.6619	3.1853	6.4533	-2.278865492063007	0	0	4	Upright	Normal
-7.6231	2.5283	7.1635	-49.2577	5.0484	120.9005	26.4959	-13.4165	-4.5220	-0.8291	-0.5321	0.7880	-0.2402	0.3424	0.7810	-0.4638	0.1276	0.0401	0.0924	-6.7940	3.0604	6.3755	2.5697370825437815	0	0	4	Upright	Normal
-6.2435	3.1418	7.8907	-49.2555	6.9008	122.1720	26.0563	-13.4421	-5.2095	0.6274	0.2117	1.5365	-0.2490	0.3377	0.7822	-0.4607	-0.1951	1.7073	-0.3124	-6.8709	2.9301	6.3542	-0.22082886349119768	0	0	4	Upright	Normal
-7.5459	2.7204	4.7495	-52.0766	8.8925	121.6298	26.5965	-12.9170	-2.9684	-0.2433	0.0031	-1.2052	-0.2742	0.3481	0.7655	-0.4665	0.0605	-0.6874	-0.4967	-7.3026	2.7173	5.9547	-1.2191668746912665	0	0	5	Upright	Normal
-6.9330	2.5289	7.4693	-46.9547	4.1399	116.8402	27.4279	-12.0104	-4.0189	-0.2352	-0.0667	0.7931	-0.2367	0.3218	0.7733	-0.4923	-0.0503	-0.2848	-0.0205	-6.6978	2.5956	6.6762	1.1781482777267502	0	0	5	Upright	Normal
-6.8187	2.2218	7.3933	-46.1135	4.2767	116.5929	26.8597	-11.9955	-5.3714	-0.1887	-0.2792	0.6140	-0.2349	0.3149	0.7746	-0.4956	-0.0343	0.1136	-0.0578	-6.6300	2.5010	6.7793	-0.20001322361899376	0	0	5	Upright	Normal
-6.8953	2.1452	6.3973	-46.1940	5.0459	116.7248	26.9319	-11.5487	-6.0572	-0.2105	-0.2547	-0.3647	-0.2400	0.3124	0.7733	-0.4967	-0.0620	-0.3732	-0.0099	-6.6848	2.3999	6.7620	-0.6526862318301312	0	0	5	Upright	Normal
-7.1245	2.3373	7.3927	-45.5052	4.8227	116.5855	27.2215	-11.7417	-6.2528	-0.5221	-0.0447	0.5442	-0.2361	0.3083	0.7753	-0.4981	0.0232	-0.0323	0.0221	-6.6025	2.3821	6.8485	0.8822395400995493	0	0	5	Upright	Normal
-6.7798	2.3756	7.0862	-45.4973	5.0637	116.7797	26.6544	-12.1700	-6.4598	-0.1700	0.0094	0.2393	-0.2372	0.3076	0.7757	-0.4974	-0.0162	0.1999	-0.0195	-6.6098	2.3662	6.8470	-0.4388899196603404	0	0	5	Upright	Normal
-6.7032	2.3756	7.2012	-45.3886	5.3657	116.9941	26.8856	-12.1684	-6.5291	-0.0934	0.0380	0.3443	-0.2382	0.3060	0.7763	-0.4969	-0.0034	-0.1037	-0.0024	-6.6098	2.3376	6.8568	0.030192843686325688	0	0	5	Upright	Normal
-6.8181	2.2990	7.2012	-45.3809	5.6174	117.2987	26.9337	-11.8914	-6.2568	-0.2047	-0.0340	0.3463	-0.2391	0.3055	0.7771	-0.4956	0.0105	0.0561	0.0082	-6.6134	2.3330	6.8549	0.058890517074418725	0	0	5	Upright	Normal
-6.7798	2.3373	6.9713	-45.3687	5.7834	117.4547	26.6746	-11.6093	-6.0728	-0.1628	0.0132	0.1169	-0.2397	0.3050	0.7775	-0.4950	-0.0055	-0.0398	-0.0046	-6.6170	2.3242	6.8544	-0.17845723693072202	0	0	5	Upright	Normal
-6.8181	2.2607	7.1245	-45.3010	5.9392	117.6369	26.7307	-11.7044	-5.9262	-0.2052	-0.0564	0.2638	-0.2400	0.3043	0.7782	-0.4942	-0.0012	0.0082	-0.0014	-6.6129	2.3171	6.8607	0.1157176971714442	0	0	5	Upright	Normal
-6.7032	2.2607	7.1629	-45.1011	6.0540	117.7688	26.8350	-11.9579	-6.1914	-0.1089	-0.0425	0.2794	-0.2397	0.3027	0.7791	-0.4939	-0.0044	-0.0238	0.0008	-6.5942	2.3032	6.8835	-0.049788921661729546	1	0	6	Upright	Normal
-6.8187	2.3367	7.1635	-44.8886	6.1152	117.8939	27.2175	-11.5593	-6.1629	-0.2479	0.0407	0.2553	-0.2389	0.3012	0.7802	-0.4935	0.0009	-0.0270	-0.0014	-6.5707	2.2960	6.9082	0.09489966495780067	1	0	6	Upright	Normal
-6.7421	2.2984	7.2401	-44.8351	6.2038	118.0089	26.7800	-11.4639	-6.2343	-0.1755	0.0061	0.3267	-0.2390	0.3007	0.7806	-0.4930	-0.0140	-0.0089	-0.0024	-6.5665	2.2923	6.9134	-0.005559658115611654	1	0	6	Upright	Normal
-6.7415	2.2224	7.1629	-44.5652	6.4117	118.1785	26.5396	-12.2725	-6.5472	-0.1963	-0.0414	0.2198	-0.2389	0.2982	0.7818	-0.4928	-0.0183	-0.0163	-0.0035	-6.5451	2.2639	6.9430	-0.0723076809380867	1	0	6	Upright	Normal
-6.7032	2.2990	7.1629	-44.4602	6.5596	118.3383	26.5532	-12.0032	-6.3350	-0.1653	0.0461	0.2093	-0.2391	0.2972	0.7825	-0.4922	-0.0066	-0.0131	-0.0003	-6.5378	2.2529	6.9535	-0.008362608432136653	1	0	6	Upright	Normal
-6.7038	2.1835	7.2018	-44.3630	6.6941	118.4920	26.7615	-11.6612	-7.0606	-0.1731	-0.0605	0.2387	-0.2392	0.2963	0.7831	-0.4916	0.0041	0.0039	-0.0024	-6.5306	2.2440	6.9631	0.002436463221707541	1	0	6	Upright	Normal
-6.7038	2.2601	7.2784	-44.3547	6.8076	118.6352	26.9058	-11.6170	-6.9816	-0.1718	0.0181	0.3159	-0.2396	0.2960	0.7835	-0.4910	0.0051	0.0050	0.0008	-6.5320	2.2420	6.9625	0.07165946993801242	1	0	6	Upright	Normal
-6.7032	2.2607	7.2778	-44.3412	6.9575	118.8282	26.1997	-12.2473	-6.3616	-0.1698	0.0208	0.3159	-0.2400	0.2957	0.7841	-0.4901	0.0019	0.0284	0.0018	-6.5333	2.2399	6.9619	-6.929985979553521E-4	1	0	6	Upright	Normal
-6.7032	2.2990	7.2012	-44.3999	7.1430	119.0144	26.6228	-11.9256	-7.0622	-0.1580	0.0633	0.2490	-0.2411	0.2957	0.7843	-0.4892	0.0041	0.0199	0.0018	-6.5451	2.2357	6.9522	-0.04613997082024923	1	0	6	Upright	Normal
-6.6655	2.3367	7.2018	-44.4854	7.2680	119.1688	26.6780	-11.4895	-6.5928	-0.1085	0.0979	0.2617	-0.2418	0.2961	0.7845	-0.4883	0.0041	0.0284	0.0018	-6.5570	2.2389	6.9400	-0.015878199043854124	1	0	6	Upright	Normal
-6.7421	2.1835	7.1251	-44.5449	7.4312	119.3319	26.5528	-12.2187	-6.7742	-0.1739	-0.0522	0.1947	-0.2428	0.2962	0.7846	-0.4876	0.0009	0.0093	-0.0014	-6.5682	2.2357	6.9305	-0.03795775723874506	2	0	7	Upright	Normal
-6.7421	2.1835	7.2018	-44.5206	7.5315	119.4536	27.1953	-11.4791	-6.5761	-0.1742	-0.0491	0.2701	-0.2431	0.2958	0.7850	-0.4870	-0.0001	-0.0152	-0.0003	-6.5679	2.2326	6.9317	0.0545254117924614	2	0	7	Upright	Normal
-6.7038	2.1835	7.2018	-44.4715	7.5694	119.4875	26.9563	-11.1579	-6.0903	-0.1398	-0.0441	0.2649	-0.2430	0.2954	0.7852	-0.4870	0.0020	0.0007	-0.0003	-6.5640	2.2277	6.9369	-0.02551595602967005	2	0	7	Upright	Normal
-6.7038	2.2218	7.2784	-44.4477	7.5693	119.4872	27.0352	-10.8858	-6.2851	-0.1423	-0.0045	0.3386	-0.2429	0.2952	0.7853	-0.4870	0.0021	0.0083	0.0008	-6.5615	2.2263	6.9397	0.06320005609814494	2	0	7	Upright	Normal
-6.7032	2.2224	7.2012	-44.4359	7.5442	119.4556	27.0603	-11.4201	-7.6089	-0.1435	-0.0034	0.2596	-0.2428	0.2952	0.7852	-0.4872	0.0021	0.0125	-0.0003	-6.5597	2.2259	6.9415	-0.05552813492896291	2	0	7	Upright	Normal
-6.7415	2.2607	7.2395	-44.4234	7.5734	119.4939	27.4660	-12.1528	-6.5483	-0.1826	0.0358	0.2969	-0.2429	0.2950	0.7854	-0.4870	-0.0001	0.0083	0.0008	-6.5589	2.2250	6.9426	0.06127054928566622	2	0	7	Upright	Normal
-6.7415	2.2224	7.2012	-44.4271	7.5974	119.5057	27.1648	-11.2755	-6.0451	-0.1809	-0.0003	0.2593	-0.2430	0.2950	0.7854	-0.4870	0.0063	0.0200	0.0008	-6.5606	2.2227	6.9418	-0.03577590883074677	2	0	7	Upright	Normal
-6.6649	2.2224	7.1629	-44.4178	7.6136	119.5236	26.9454	-11.8031	-6.5053	-0.1049	0.0006	0.2203	-0.2430	0.2949	0.7854	-0.4869	0.0021	0.0051	-0.0003	-6.5600	2.2218	6.9426	-0.07828671261350806	2	0	7	Upright	Normal
-6.7038	2.2601	7.1635	-44.4007	7.6643	119.5922	26.5686	-11.6725	-6.4588	-0.1447	0.0394	0.2197	-0.2431	0.2947	0.7857	-0.4866	0.0010	-0.0003	-0.0003	-6.5591	2.2208	6.9438	0.034705772243537325	2	0	7	Upright	Normal
-6.8187	2.2601	7.1635	-44.3920	7.7237	119.6686	26.9823	-11.5600	-6.5327	-0.2593	0.0404	0.2195	-0.2433	0.2945	0.7859	-0.4862	0.0031	0.0157	0.0008	-6.5594	2.2197	6.9439	0.07686833830362438	2	0	7	Upright	Normal
-6.7038	2.2218	7.2018	-44.3797	7.7421	119.6885	26.6203	-11.1178	-6.3040	-0.1451	0.0034	0.2568	-0.2433	0.2944	0.7860	-0.4861	0.0010	0.0115	-0.0003	-6.5586	2.2184	6.9450	-0.058086915508207326	3	0	8	Upright	Normal
-6.7415	2.2224	7.2012	-44.3705	7.7938	119.7517	26.7895	-12.2364	-6.6660	-0.1827	0.0054	0.2559	-0.2435	0.2943	0.7862	-0.4858	0.0021	0.0061	-0.0003	-6.5588	2.2170	6.9453	0.024799517574553676	3	0	8	Upright	Normal
-6.8181	2.3756	7.1245	-44.3562	7.8540	119.8342	27.0806	-11.8022	-6.6357	-0.2598	0.1594	0.1787	-0.2436	0.2941	0.7864	-0.4854	0.0042	0.0061	0.0008	-6.5583	2.2163	6.9459	0.031809285926444275	3	0	8	Upright	Normal
-6.7798	2.1841	7.1629	-44.3501	7.9044	119.9053	26.8801	-11.6810	-7.0537	-0.2213	-0.0322	0.2170	-0.2438	0.2940	0.7867	-0.4851	0.0010	0.0083	-0.0003	-6.5585	2.2163	6.9459	-0.04175566447208823	3	0	8	Upright	Normal
-6.7415	2.2607	7.2012	-44.3368	7.9440	119.9590	26.4006	-11.2775	-5.5027	-0.1836	0.0453	0.2544	-0.2439	0.2938	0.7868	-0.4848	-0.0000	-0.0034	-0.0003	-6.5579	2.2154	6.9468	0.01843322101210987	3	0	8	Upright	Normal
-6.7415	2.2224	7.1245	-44.3340	7.9519	119.9584	26.8526	-11.2344	-6.2430	-0.1835	0.0085	0.1776	-0.2439	0.2938	0.7868	-0.4849	0.0032	0.0115	0.0018	-6.5580	2.2139	6.9469	-0.06296653877853942	3	0	8	Upright	Normal
-6.8564	2.2990	7.2012	-44.3323	7.9550	119.9594	26.6743	-11.7424	-6.4369	-0.2984	0.0856	0.2541	-0.2439	0.2938	0.7868	-0.4849	0.0010	-0.0002	-0.0003	-6.5580	2.2134	6.9471	0.14842706334522937	3	0	8	Upright	Normal
-6.8181	2.2224	7.2012	-44.3094	7.9951	120.0059	26.2569	-11.4213	-6.4578	-0.2614	0.0112	0.2520	-0.2440	0.2935	0.7870	-0.4847	0.0010	0.0062	-0.0003	-6.5567	2.2112	6.9492	-0.04271693469674709	3	0	8	Upright	Normal
-6.7038	2.2601	7.2018	-44.3003	8.0081	120.0223	27.0179	-11.4046	-6.5591	-0.1477	0.0495	0.2518	-0.2440	0.2934	0.7871	-0.4846	0.0010	0.0061	-0.0003	-6.5561	2.2106	6.9499	-0.06752458829458341	3	0	8	Upright	Normal
-6.7798	2.2990	7.1629	-44.3441	8.0473	120.0534	27.2410	-11.8255	-6.4585	-0.2176	0.0884	0.2188	-0.2444	0.2936	0.7870	-0.4845	0.0053	0.0200	0.0008	-6.5622	2.2106	6.9441	0.03181197422888005	4	0	9	Upright	Normal
-6.7415	2.2224	7.1245	-44.3371	8.0790	120.0773	26.5061	-11.4918	-6.0817	-0.1787	0.0144	0.1802	-0.2445	0.2935	0.7870	-0.4844	0.0010	-0.0024	-0.0003	-6.5628	2.2081	6.9444	-0.06999751458277892	4	0	9	Upright	Normal
-6.7032	2.2607	7.2012	-44.3287	8.1187	120.1310	26.9939	-12.1124	-6.1838	-0.1405	0.0531	0.2565	-0.2446	0.2934	0.7872	-0.4841	0.0021	0.0072	-0.0003	-6.5627	2.2076	6.9447	0.03749333248075892	4	0	9	Upright	Normal
-6.7421	2.3367	7.1635	-44.3208	8.1397	120.1724	26.8154	-11.7782	-6.0845	-0.1805	0.1282	0.2182	-0.2446	0.2933	0.7874	-0.4839	0.0021	0.0093	0.0008	-6.5616	2.2085	6.9453	0.016375251757715148	4	0	9	Upright	Normal
-6.7804	2.2984	7.2018	-44.3202	8.1406	120.1717	27.2694	-11.4790	-6.3913	-0.2188	0.0901	0.2565	-0.2446	0.2933	0.7874	-0.4839	0.0023	0.0031	-0.0003	-6.5616	2.2084	6.9453	0.043944731247870905	4	0	9	Upright	Normal
-6.7804	2.2601	7.2018	-44.3047	8.1778	120.2216	26.3878	-12.0068	-6.5332	-0.2197	0.0528	0.2553	-0.2447	0.2932	0.7875	-0.4837	0.0012	0.0084	0.0007	-6.5607	2.2073	6.9465	-0.008600003061227213	4	0	9	Upright	Normal
-6.7415	2.1841	7.0862	-44.3374	8.2460	120.2995	27.0744	-11.5753	-6.5962	-0.1755	-0.0235	0.1447	-0.2451	0.2933	0.7876	-0.4833	0.0055	0.0212	0.0007	-6.5659	2.2076	6.9415	-0.1247252069520961	4	0	9	Upright	Normal
-6.7798	2.3756	7.1245	-44.3494	8.2778	120.3400	26.8743	-11.7498	-6.3909	-0.2119	0.1676	0.1851	-0.2452	0.2933	0.7877	-0.4831	0.0023	0.0041	-0.0003	-6.5679	2.2081	6.9394	0.09609642583891365	4	0	9	Upright	Normal
-6.7804	2.1835	7.1251	-44.3408	8.3357	120.4175	26.3037	-11.6812	-6.5416	-0.2122	-0.0239	0.1857	-0.2454	0.2932	0.7879	-0.4827	0.0023	0.0052	0.0007	-6.5682	2.2075	6.9394	-0.042545513156479586	4	0	9	Upright	Normal
-6.7421	2.2218	7.0868	-44.3410	8.3565	120.4376	27.0587	-11.3506	-6.4475	-0.1733	0.0153	0.1477	-0.2455	0.2931	0.7880	-0.4826	0.0023	0.0084	-0.0003	-6.5688	2.2066	6.9391	-0.04444007073034939	4	0	9	Upright	Normal
-6.7038	2.2601	7.2018	-44.3314	8.3737	120.4663	27.1523	-12.0384	-6.7206	-0.1357	0.0536	0.2619	-0.2455	0.2931	0.7881	-0.4825	0.0012	-0.0012	-0.0003	-6.5680	2.2066	6.9399	0.06458659292879254	5	0	10	Upright	Normal
-6.6649	2.2607	7.2012	-44.3303	8.3757	120.4642	26.7224	-11.2106	-6.1956	-0.0968	0.0548	0.2611	-0.2455	0.2930	0.7881	-0.4825	0.0044	0.0148	-0.0003	-6.5680	2.2060	6.9400	-0.026084175211398275	5	0	10	Upright	Normal
-6.8564	2.3373	7.1245	-44.3271	8.3690	120.4588	26.7008	-11.5289	-6.2360	-0.2890	0.1311	0.1841	-0.2455	0.2930	0.7881	-0.4825	-0.0004	-0.0056	0.0006	-6.5674	2.2063	6.9405	0.09109240288763054	5	0	10	Upright	Normal
-6.7798	2.2224	7.1629	-44.3250	8.3828	120.4776	26.9992	-11.9013	-6.2680	-0.2122	0.0163	0.2224	-0.2455	0.2930	0.7881	-0.4824	-0.0015	-0.0024	-0.0004	-6.5676	2.2061	6.9405	-0.050310350786578084	5	0	10	Upright	Normal
-6.7798	2.1841	7.1629	-44.3148	8.4344	120.5426	26.4209	-12.1910	-5.5442	-0.2122	-0.0208	0.2221	-0.2457	0.2929	0.7883	-0.4821	-0.0004	-0.0067	-0.0004	-6.5676	2.2049	6.9408	-0.008350099477123507	5	0	10	Upright	Normal
-6.7032	2.2224	7.0862	-44.3067	8.4870	120.6101	26.6436	-11.9702	-5.9333	-0.1353	0.0184	0.1454	-0.2458	0.2927	0.7885	-0.4818	0.0006	0.0083	0.0006	-6.5679	2.2040	6.9408	-0.09733099492149222	5	0	10	Upright	Normal
-6.7798	2.2607	7.1629	-44.2935	8.5677	120.7201	26.9788	-12.5491	-6.2615	-0.2117	0.0573	0.2219	-0.2460	0.2925	0.7888	-0.4813	-0.0004	-0.0003	0.0006	-6.5680	2.2034	6.9409	0.11416927573941749	5	0	10	Upright	Normal
-6.7421	2.2218	7.1635	-44.2781	8.6545	120.8398	26.6950	-11.9574	-6.1662	-0.1740	0.0192	0.2224	-0.2463	0.2923	0.7892	-0.4807	-0.0004	0.0029	-0.0004	-6.5680	2.2027	6.9411	-0.033437392442591474	5	0	10	Upright	Normal
-6.7798	2.2990	7.1629	-44.2553	8.7674	121.0014	26.5926	-12.4314	-6.3054	-0.2123	0.0967	0.2212	-0.2466	0.2920	0.7897	-0.4799	0.0006	0.0093	0.0006	-6.5674	2.2024	6.9417	0.04206330844101558	5	0	10	Upright	Normal
-6.7798	2.2607	7.0479	-44.2505	8.8580	121.1308	26.7392	-11.9964	-6.5386	-0.2113	0.0578	0.1073	-0.2468	0.2919	0.7901	-0.4792	-0.0025	-0.0045	-0.0004	-6.5685	2.2030	6.9406	-0.08970593673864613	5	0	10	Upright	Normal
-6.7798	2.2607	7.1245	-44.1776	8.8750	121.1809	26.9256	-11.4620	-6.6000	-0.2195	0.0593	0.1757	-0.2466	0.2914	0.7905	-0.4790	-0.0057	-0.0237	-0.0015	-6.5603	2.2015	6.9489	0.053932873790671465	6	0	11	Upright	Normal
Total time: 11 seconds.
