-8.6951	1.7244	-2.8353	3.5963	103.8236	124.6925	32.3063	-10.6623	-8.4099	0.8088	2.3396	-0.4968	0.6878	0.3823	-0.5576	0.2643	-0.3561	-0.2384	-0.4428	-9.5039	-0.6152	-2.3385	-0.7798871546985477	4	0	1	Lying	Normal
-8.8867	1.8777	-2.8353	3.9825	103.1409	122.7891	31.4258	-9.2972	-9.4230	0.6401	2.5588	-0.6111	0.6770	0.3938	-0.5584	0.2735	-0.4210	-0.2948	-0.5286	-9.5268	-0.6812	-2.2242	0.20831334436762816	0	0	1	Upright	Normal
-9.1548	2.2224	-2.6055	5.3112	102.1421	119.2145	30.6538	-8.9434	-11.1565	0.3913	3.1303	-0.5516	0.6556	0.4183	-0.5597	0.2865	-0.4871	-0.1212	-0.6671	-9.5461	-0.9079	-2.0539	0.2592055633864323	0	0	1	Upright	Normal
-10.1514	3.1412	-3.1029	5.3966	102.4648	115.7143	31.1458	-8.8679	-12.6447	-0.6183	4.0636	-0.9955	0.6438	0.4393	-0.5491	0.3017	-0.6021	-0.1414	-0.6170	-9.5331	-0.9224	-2.1073	1.2956941268172955	0	0	1	Upright	Normal
-11.2623	3.1412	-3.4860	3.7927	105.9977	115.5205	30.7102	-7.3760	-12.6343	-1.8560	3.7899	-0.7892	0.6645	0.4426	-0.5229	0.2985	0.4514	1.0538	-0.1281	-9.4064	-0.6487	-2.6968	1.1307158859273425	0	0	1	Upright	Normal
-10.0359	-0.4974	-1.9160	4.7599	109.5741	119.3163	29.9309	-8.6163	-9.3693	-0.8278	0.3163	1.3583	0.6924	0.4330	-0.5143	0.2617	1.5422	1.5630	-0.1845	-9.2081	-0.8137	-3.2742	-1.971507704772634	0	0	1	Upright	Normal
-9.8833	-1.7621	-1.3408	11.8180	113.8614	128.7862	30.2274	-11.0459	-4.5045	-1.1048	0.2463	2.5423	0.7274	0.4109	-0.5267	0.1568	1.9438	1.1017	-0.6725	-8.7785	-2.0084	-3.8831	-0.10096484427976193	0	0	1	Upright	Normal
-6.9336	0.7278	-4.7118	19.5155	118.8877	139.7499	30.1991	-10.0706	1.6082	1.1595	4.0040	-0.2463	0.7672	0.3729	-0.5207	0.0354	1.4090	0.4785	-0.5990	-8.0932	-3.2762	-4.4655	-1.713690803682626	0	0	1	Upright	Normal
-5.3630	-1.7621	-1.9154	19.9250	116.6481	142.8594	29.7614	-10.9970	3.2775	2.8774	1.5799	2.2199	0.7656	0.3531	-0.5372	0.0251	0.1659	-0.7444	0.2479	-8.2404	-3.3420	-4.1352	-2.4534362330054647	0	0	1	Upright	Normal
-9.8067	-1.3024	-6.8953	16.6619	114.0313	144.1524	28.9758	-11.6890	2.3734	-1.2260	1.5094	-3.0692	0.7654	0.3305	-0.5499	0.0501	0.4567	-0.1948	0.3107	-8.5807	-2.8118	-3.8261	6.097553786645006	0	1	2	Jump	Normal
-10.0359	-2.7192	-3.0269	14.9554	112.8236	142.0275	28.2562	-12.7866	1.2721	-1.3032	-0.1884	0.6484	0.7576	0.3368	-0.5539	0.0759	-2.2981	-0.9586	0.2617	-8.7327	-2.5308	-3.6752	-1.2293419724101007	0	1	2	PT	Normal
-8.2744	-1.3791	3.2178	10.2090	98.9545	127.0860	28.0196	-14.9500	-7.2219	1.2595	0.3591	4.7202	0.6521	0.3891	-0.6095	0.2278	-0.0717	-4.9107	0.1436	-9.5339	-1.7382	-1.5024	-1.844846014316845	0	1	2	PT	Normal
-8.3893	3.5243	4.7501	8.8993	79.5365	134.5176	24.3637	-14.7087	-15.3448	1.1383	5.0414	2.9907	0.5651	0.3015	-0.7259	0.2505	0.6058	-1.7554	0.0169	-9.5276	-1.5172	1.7594	1.2801876573196278	0	1	2	PT	Normal
-9.7300	0.3065	-1.3024	8.2930	87.4030	128.1632	23.5847	-13.8976	-15.9259	-0.0358	1.7210	-1.7421	0.5969	0.3482	-0.6704	0.2702	-1.3479	3.4229	-0.2164	-9.6943	-1.4145	0.4396	-0.4431593248295975	0	1	2	PT	Normal
-9.4619	1.6855	-3.4477	9.7228	93.3181	121.6361	26.0639	-11.6117	-13.9360	0.1878	3.3417	-2.8882	0.6043	0.4041	-0.6271	0.2796	-1.6941	0.0790	-0.7107	-9.6497	-1.6562	-0.5595	0.38897637433610655	0	1	2	Upright	Normal
-11.5299	4.2144	-0.0389	7.4239	93.6627	117.1185	26.4139	-10.0476	-15.9539	-1.8253	5.4815	0.5824	0.5979	0.4174	-0.6071	0.3158	-0.0908	-0.7061	-0.1919	-9.7046	-1.2671	-0.6213	2.0655059817526453	0	0	2	Upright	Normal
-13.5602	-3.8684	2.2595	15.6077	103.2782	122.8393	28.1907	-9.7766	-11.9931	-4.3675	-1.2299	4.4290	0.6419	0.4456	-0.5909	0.2006	2.0908	-2.0249	-2.2809	-9.1927	-2.6386	-2.1694	2.005022765111164	0	0	2	Upright	Normal
-11.3006	-4.4819	-0.2682	31.1126	95.2506	126.3170	31.0479	-5.6891	-12.1740	-2.9398	0.5854	0.5002	0.5534	0.4826	-0.6688	0.1164	0.6804	1.2455	-3.1075	-8.3609	-5.0673	-0.7684	-2.121177170679916	0	0	2	Upright	Normal
-3.6775	-2.9497	3.0263	41.6139	101.5653	129.1784	34.8167	-0.2698	-9.4747	3.5056	3.5630	4.4963	0.5578	0.5136	-0.6519	0.0050	0.2777	1.4521	-1.4553	-7.1831	-6.5127	-1.4700	-6.557816307243728	0	0	2	Upright	Normal
-7.0096	-6.1669	-4.0995	31.6556	107.2710	123.3312	36.4356	1.1735	-5.2155	-0.5873	0.8178	-1.6210	-0.6052	-0.5100	0.6063	-0.0774	-0.7311	1.1847	0.1085	-6.4223	-6.9846	-2.4784	4.59454612994702	0	1	3	Jump	Normal
-10.2657	-5.3624	2.1829	37.3293	101.9494	127.4095	35.9174	-0.6777	-7.1947	-2.6368	0.5843	3.7975	0.5706	0.5067	-0.6450	0.0414	-0.6320	-4.8819	0.8467	-7.6290	-5.9467	-1.6146	1.5891763932659675	0	1	3	PT	Normal
-5.3241	-1.4168	1.8381	29.1856	83.0744	128.7455	30.3458	-3.7408	-19.2470	3.1752	3.3653	0.8058	0.4970	0.4476	-0.7254	0.1627	-0.5287	-2.0355	1.0152	-8.4993	-4.7821	1.0323	-5.9778726677766905	0	1	3	Jump	Normal
-7.3927	2.1458	0.0760	36.7176	80.7189	129.1457	28.1998	-4.1822	-23.3038	0.3654	8.0091	-1.1917	0.4520	0.4807	-0.7407	0.1263	0.3054	1.1539	-2.1263	-7.7581	-5.8633	1.2677	1.8902744153039652	0	1	3	PT	Normal
-11.7603	-5.8610	3.4093	46.4299	66.3450	136.3250	27.0645	-1.3327	-22.7344	-5.5691	1.2442	0.6975	0.3440	0.4933	-0.7943	0.0859	0.0381	-5.1472	-1.3753	-6.1913	-7.1052	2.7119	5.876753241664163	0	1	3	Jump	Normal
-0.6123	-16.2417	15.5904	50.7571	23.8946	146.7880	13.2360	0.0599	-28.7148	1.9007	-8.6467	9.9184	0.0594	0.4553	-0.8724	0.1676	-0.9356	-3.5535	-1.6416	-2.5130	-7.5950	5.6720	8.946777714213733	0	1	3	Jump	Normal
-14.4412	-6.2435	14.4029	60.2255	-15.5554	171.8827	-6.5954	8.0579	-25.4150	-15.7471	2.2687	9.7115	-0.1520	0.4876	-0.8501	0.1284	-0.8866	-0.2576	-0.9832	1.3059	-8.5121	4.6914	-1.1916308099190651	0	1	3	PT	Normal
-1.4174	0.5363	-0.8428	59.9357	-43.5250	-158.2099	-13.6641	15.1014	-20.8137	-4.8007	9.0237	-4.4049	-0.2277	0.5163	-0.8251	0.0298	-0.7875	1.4542	-1.9283	3.3833	-8.4874	3.5621	-19.596041394008825	0	1	3	Jump	Normal
0.2687	0.3454	-0.1538	58.8329	-41.0889	-161.4690	-14.3129	11.9489	-24.0247	-3.8322	8.3903	-3.9790	0.2276	-0.5031	0.8328	-0.0388	-0.0919	0.6318	-1.4383	4.1010	-8.0450	3.8252	-1.2702082599137658	0	1	3	PT	Normal
13.6763	-8.4270	6.8181	24.5408	-26.0831	162.6427	-8.9608	0.6685	-27.6288	8.4696	-6.2215	-1.1941	0.2492	-0.1714	0.9338	-0.1911	12.1842	9.1785	-11.3527	5.2066	-2.2055	8.0122	16.987283417664273	0	1	3	Jump	Normal
9.3853	-4.2138	17.5830	31.5986	-31.4877	152.2511	-5.9017	-5.3798	-29.3318	2.8121	-2.7209	10.4603	0.3163	-0.1918	0.8814	-0.2938	0.5835	0.4785	-0.7267	6.5731	-1.4929	7.1228	2.9204625612186845	0	2	4	PT	Normal
1.2264	-0.5357	2.3744	30.7793	-28.0149	146.0574	-4.2211	-4.2168	-29.3628	-5.0685	0.5679	-5.0636	0.2984	-0.1782	0.8760	-0.3345	0.3193	0.3826	-0.3368	6.2950	-1.1036	7.4380	-17.64601065017646	0	2	4	Jump	Normal
2.1835	-0.9194	8.4659	28.5866	-19.4290	136.4979	-2.9655	-5.1757	-29.2883	-3.2287	0.0449	0.3452	0.2421	-0.1654	0.8717	-0.3926	-0.4690	0.8375	-0.0137	5.4122	-0.9643	8.1207	6.0655731667563035	0	2	4	Jump	Normal
2.6432	-3.0646	13.7906	24.7854	-10.5741	126.9754	-0.8985	-4.3293	-29.2387	-1.6677	-2.0714	5.0386	0.1759	-0.1511	0.8614	-0.4518	0.8540	0.3997	-0.3343	4.3109	-0.9931	8.7520	5.5810010411828745	0	2	4	Jump	Normal
0.9583	-0.7655	7.4310	19.6509	-9.2320	121.3711	0.8750	-6.6422	-28.6524	-2.6399	-0.4142	-1.6848	0.1524	-0.1095	0.8496	-0.4928	0.1286	0.1003	-0.2971	3.5982	-0.3513	9.1158	-6.840617967235245	0	2	4	Jump	Normal
1.2647	-0.8805	11.0702	18.8957	-7.6344	118.4509	1.1350	-7.6209	-28.7917	-2.1234	-0.5263	1.8744	0.1402	-0.1071	0.8401	-0.5130	-0.0663	-0.0818	-0.2747	3.3881	-0.3542	9.1958	3.6454039269073153	0	2	4	Jump	Normal
1.3414	-1.0337	10.6871	17.4303	-6.8036	116.3807	0.5675	-6.6659	-28.9664	-1.7879	-0.7783	1.3967	0.1296	-0.0976	0.8338	-0.5277	0.1510	0.0343	-0.3173	3.1292	-0.2554	9.2904	-0.3565000097064619	0	2	4	Upright	Normal
1.0349	-0.7272	8.5419	16.9248	-5.6818	114.7409	1.2947	-7.3220	-28.9443	-1.9514	-0.4200	-0.7938	0.1205	-0.0973	0.8280	-0.5388	-0.1037	-0.0404	-0.2699	2.9863	-0.3072	9.3357	-2.1854054570306385	0	0	4	Upright	Normal
1.3024	-1.1109	10.5345	16.0900	-4.6911	113.6890	1.1867	-6.7691	-28.1484	-1.5003	-0.7570	1.1437	0.1104	-0.0949	0.8251	-0.5459	-0.0280	-0.0137	-0.2869	2.8027	-0.3539	9.3908	2.0376387639481166	0	0	4	Upright	Normal
1.4174	-1.1875	9.8833	15.1584	-4.2551	113.0276	0.6852	-6.5833	-28.3946	-1.2207	-0.8567	0.4440	0.1034	-0.0896	0.8235	-0.5506	0.0402	-0.0137	-0.3040	2.6381	-0.3308	9.4393	-0.617887516682476	0	1	5	PT	Normal
1.1881	-0.9188	9.8444	14.4940	-3.9019	112.7254	1.1080	-6.8923	-28.6050	-1.3282	-0.5882	0.3718	0.0980	-0.0863	0.8231	-0.5528	0.0007	0.0193	-0.2869	2.5163	-0.3305	9.4725	-0.09647680338390607	0	1	5	Upright	Normal
1.3030	-0.9571	10.0359	13.4355	-3.6932	112.7652	1.2346	-7.6421	-28.2924	-1.0380	-0.6596	0.5174	0.0914	-0.0796	0.8245	-0.5527	0.0327	0.0662	-0.2890	2.3411	-0.2975	9.5184	0.20697813987494662	0	1	5	Upright	Normal
1.2264	-0.9571	9.9976	12.4178	-3.3573	112.9446	1.4337	-6.7273	-29.0929	-0.9360	-0.6651	0.4369	0.0840	-0.0740	0.8266	-0.5515	0.0253	0.0556	-0.2881	2.1624	-0.2919	9.5606	-0.047381342183275166	0	1	5	Upright	Normal
1.2264	-0.9188	9.9976	11.6841	-3.0731	113.2482	1.3840	-6.6266	-28.3223	-0.8031	-0.6189	0.4081	0.0783	-0.0703	0.8289	-0.5493	0.0061	0.0161	-0.2860	2.0295	-0.2999	9.5895	-0.0035511059206339013	0	1	5	Upright	Normal
1.2264	-0.8422	9.9593	11.0421	-2.8506	113.5630	1.0646	-7.1154	-28.4819	-0.6880	-0.5391	0.3461	0.0734	-0.0669	0.8311	-0.5471	0.0135	0.0183	-0.2892	1.9145	-0.3030	9.6132	-0.044551413617931246	0	1	5	Upright	Normal
1.1875	-0.9960	9.9216	10.5471	-2.5984	114.0508	1.2354	-6.9812	-28.4077	-0.6312	-0.6711	0.2906	0.0690	-0.0648	0.8340	-0.5436	0.0103	0.0268	-0.2870	1.8187	-0.3249	9.6310	-0.02787872517202672	0	1	5	Upright	Normal
1.1109	-0.9194	9.9599	9.9474	-2.4829	114.7256	1.5424	-6.6839	-28.6530	-0.6039	-0.5974	0.3097	0.0649	-0.0614	0.8377	-0.5387	0.0327	0.0257	-0.2881	1.7148	-0.3220	9.6501	0.021818501929185885	0	1	5	Upright	Normal
0.9960	-0.8811	9.9216	9.3498	-2.3480	115.6250	1.7854	-7.1951	-28.1122	-0.6131	-0.5549	0.2533	0.0607	-0.0581	0.8424	-0.5322	0.0072	0.0439	-0.2716	1.6091	-0.3262	9.6682	-0.05342687969347537	0	1	5	Upright	Normal
1.0343	-0.9194	9.9216	8.8602	-2.1639	116.5220	1.9194	-7.5277	-28.3476	-0.4815	-0.5766	0.2390	0.0566	-0.0558	0.8470	-0.5256	0.0083	0.0354	-0.2737	1.5158	-0.3428	9.6826	0.0073257341458479175	0	1	5	Upright	Normal
0.9583	-0.8805	9.9210	8.4053	-1.9744	117.3081	2.5634	-6.4880	-28.8192	-0.4696	-0.5233	0.2255	0.0528	-0.0536	0.8510	-0.5198	0.0168	0.0429	-0.2737	1.4278	-0.3572	9.6955	-0.011654991370692258	1	1	6	Upright	Normal
0.8811	-0.8811	9.9599	7.9395	-1.8019	118.2499	1.9036	-7.1048	-28.3647	-0.4574	-0.5118	0.2521	0.0490	-0.0514	0.8556	-0.5128	0.0083	0.0184	-0.2737	1.3385	-0.3693	9.7077	0.031552803779213434	1	1	6	Upright	Normal
0.9960	-0.8428	10.0365	7.6634	-1.6888	119.1007	1.8429	-6.7432	-28.3607	-0.2867	-0.4595	0.3217	0.0465	-0.0502	0.8596	-0.5064	0.0104	0.0205	-0.2737	1.2827	-0.3832	9.7148	0.08340797085761587	1	1	6	Upright	Normal
0.9194	-0.8811	10.1131	7.4317	-1.5873	120.1158	1.7176	-7.5021	-28.0207	-0.3136	-0.4797	0.3926	0.0443	-0.0493	0.8642	-0.4988	0.0115	0.0088	-0.2722	1.2330	-0.4013	9.7205	0.07200811912957761	1	1	6	Upright	Normal
0.9194	-0.9194	9.9216	7.3109	-1.5298	121.1246	2.2160	-7.2386	-28.3046	-0.2839	-0.4986	0.1981	0.0429	-0.0490	0.8686	-0.4912	0.0083	-0.0018	-0.2711	1.2032	-0.4208	9.7235	-0.18652440990704733	1	1	6	Upright	Normal
0.9200	-0.8422	9.9976	7.1507	-1.4893	122.0108	2.5714	-7.0892	-27.6151	-0.2497	-0.4114	0.2705	0.0416	-0.0483	0.8725	-0.4845	0.0062	0.0152	-0.2711	1.1697	-0.4308	9.7270	0.06866768121373745	1	1	6	Upright	Normal
0.8817	-0.8805	10.0359	6.9715	-1.4437	122.8248	2.6053	-6.9583	-27.9606	-0.2521	-0.4429	0.3050	0.0401	-0.0474	0.8760	-0.4782	0.0147	0.0131	-0.2711	1.1338	-0.4375	9.7309	0.037857402646531924	1	1	6	Upright	Normal
0.8811	-0.8045	9.9982	6.8365	-1.3950	123.5779	2.7449	-6.6716	-27.3484	-0.2231	-0.3578	0.2643	0.0389	-0.0468	0.8792	-0.4725	0.0072	0.0067	-0.2700	1.1042	-0.4467	9.7339	-0.043820875084749744	1	1	6	Upright	Normal
0.9577	-0.8428	9.9982	6.7593	-1.3662	124.2501	2.4234	-6.5207	-27.2999	-0.1276	-0.3865	0.2626	0.0381	-0.0465	0.8820	-0.4673	0.0083	0.0121	-0.2599	1.0853	-0.4562	9.7356	0.010122081702872876	1	1	6	Upright	Normal
0.8817	-0.8422	10.0742	6.6798	-1.3248	124.8595	2.7089	-7.3040	-28.5834	-0.1836	-0.3763	0.3368	0.0372	-0.0463	0.8846	-0.4626	0.0073	0.0004	-0.2610	1.0653	-0.4658	9.7374	0.06845717980333355	1	1	6	Upright	Normal
0.8817	-0.8422	10.0742	6.7065	-1.3571	125.4478	2.8546	-7.2061	-27.8107	-0.1857	-0.3672	0.3374	0.0373	-0.0466	0.8869	-0.4581	0.0041	-0.0167	-0.2621	1.0674	-0.4749	9.7368	0.0	1	1	7	Upright	Normal
1.0349	-0.8422	10.0359	6.8054	-1.4162	126.0585	2.5544	-7.3636	-27.5729	-0.0468	-0.3542	0.3014	0.0379	-0.0473	0.8893	-0.4534	0.0009	-0.0241	-0.2621	1.0817	-0.4880	9.7345	-0.023509600879522807	2	1	7	Upright	Normal
1.0343	-0.8428	10.0365	6.9085	-1.4775	126.7519	2.5172	-6.2652	-27.9881	-0.0618	-0.3397	0.3044	0.0385	-0.0481	0.8919	-0.4480	0.0019	-0.0177	-0.2621	1.0961	-0.5031	9.7321	5.832505353939865E-4	2	1	7	Upright	Normal
0.9583	-0.8039	10.0359	6.9477	-1.5274	127.0667	2.8588	-6.5500	-28.1588	-0.1454	-0.2976	0.3048	0.0389	-0.0483	0.8931	-0.4455	0.0009	-0.0209	-0.2610	1.1037	-0.5062	9.7311	-0.011242761965137404	2	1	7	Upright	Normal
0.9583	-0.8422	9.9976	7.0397	-1.5663	127.3947	2.6345	-6.7060	-28.9161	-0.1589	-0.3255	0.2686	0.0394	-0.0490	0.8943	-0.4430	0.0019	-0.0209	-0.2587	1.1172	-0.5167	9.7290	-0.03487717935382406	2	1	7	Upright	Normal
1.0349	-0.8422	9.9210	7.1031	-1.6244	127.7680	2.0673	-7.0649	-28.2563	-0.0935	-0.3195	0.1936	0.0400	-0.0494	0.8957	-0.4401	0.0019	-0.0167	-0.2587	1.1284	-0.5227	9.7273	-0.06835021776776173	2	1	7	Upright	Normal
1.1115	-0.8422	10.0359	7.1972	-1.7225	128.2402	2.6302	-7.2173	-27.8901	-0.0355	-0.3135	0.3109	0.0409	-0.0499	0.8974	-0.4364	0.0019	-0.0188	-0.2587	1.1470	-0.5287	9.7249	0.12200351882707317	2	1	7	Upright	Normal
1.0732	-0.8422	10.0742	7.3415	-1.5582	126.7671	1.8714	-7.0151	-27.8419	-0.0898	-0.3059	0.3516	0.0408	-0.0512	0.8917	-0.4478	0.0019	-0.0145	-0.2587	1.1630	-0.5363	9.7226	0.033821947108560124	2	1	7	Upright	Normal
1.0732	-0.8805	10.0742	7.4288	-1.3720	125.2938	1.8259	-7.1623	-28.3923	-0.0970	-0.3397	0.3527	0.0404	-0.0520	0.8859	-0.4592	-0.0002	-0.0060	-0.2576	1.1702	-0.5408	9.7215	0.0032445400948510894	2	1	7	Upright	Normal
0.9966	-0.8039	9.9593	7.4729	-1.1684	123.8216	1.9209	-7.2399	-28.1922	-0.1740	-0.2602	0.2381	0.0397	-0.0527	0.8800	-0.4704	0.0030	-0.0081	-0.2587	1.1706	-0.5436	9.7212	-0.12812115849349404	2	1	7	Upright	Normal
1.0732	-0.9571	10.0359	7.4808	-0.9420	122.3469	2.0740	-7.1187	-28.5512	-0.0914	-0.4102	0.3141	0.0386	-0.0532	0.8739	-0.4816	0.0062	0.0100	-0.2576	1.1646	-0.5469	9.7218	0.09712576520271021	3	1	8	Upright	Normal
1.0343	-0.8811	10.0365	7.4109	-0.6752	120.8709	2.1560	-6.7233	-27.9157	-0.1106	-0.3311	0.3124	0.0370	-0.0533	0.8678	-0.4927	0.0051	0.0206	-0.2566	1.1449	-0.5499	9.7241	-0.010344401384561053	3	1	8	Upright	Normal
1.0726	-0.8428	9.9599	7.3292	-0.4284	119.3940	2.1828	-7.4687	-27.7705	-0.0533	-0.2925	0.2337	0.0355	-0.0533	0.8615	-0.5037	0.0051	0.0174	-0.2576	1.1259	-0.5502	9.7261	-0.07517277738631378	3	1	8	Upright	Normal
0.9966	-0.8805	9.9976	7.2026	-0.1136	117.6209	2.2621	-7.1558	-27.7252	-0.1018	-0.3276	0.2684	0.0334	-0.0532	0.8537	-0.5169	0.0051	0.0153	-0.2576	1.0983	-0.5529	9.7291	0.03277799478823695	3	1	8	Upright	Normal
1.0726	-0.8811	10.0748	7.1558	-0.1640	118.5742	2.0541	-7.2686	-27.9495	-0.0136	-0.3214	0.3446	0.0331	-0.0529	0.8580	-0.5098	0.0062	0.0122	-0.2512	1.0862	-0.5596	9.7302	0.08431749065142213	3	1	8	Upright	Normal
1.0349	-0.8805	10.0742	7.0026	-0.2845	120.3280	2.6124	-6.8125	-27.9563	-0.0215	-0.3187	0.3409	0.0325	-0.0517	0.8658	-0.4967	0.0052	0.0239	-0.2501	1.0564	-0.5617	9.7333	-0.0045534590161491195	3	1	8	Upright	Normal
0.9583	-0.8805	10.0742	6.9225	-0.3620	121.5232	2.7471	-7.1378	-28.0858	-0.0816	-0.3153	0.3394	0.0322	-0.0511	0.8709	-0.4877	0.0052	0.0122	-0.2512	1.0398	-0.5652	9.7348	-0.007512500223525009	3	1	8	Upright	Normal
0.8817	-0.8422	9.9976	6.8198	-0.4683	122.7591	2.2807	-7.5820	-27.3071	-0.1410	-0.2794	0.2607	0.0321	-0.0503	0.8761	-0.4784	0.0041	0.0164	-0.2512	1.0226	-0.5628	9.7369	-0.08623136157794598	3	1	8	Upright	Normal
0.9583	-0.8422	10.0359	6.7736	-0.4896	123.4231	2.2706	-7.0841	-28.4823	-0.0531	-0.2749	0.2981	0.0318	-0.0500	0.8789	-0.4733	0.0073	0.0132	-0.2512	1.0114	-0.5673	9.7378	0.04498820589602914	3	1	8	Upright	Normal
0.8811	-0.8045	9.9982	6.7300	-0.4642	123.6101	2.6582	-7.4261	-27.7296	-0.1199	-0.2345	0.2595	0.0313	-0.0498	0.8797	-0.4719	0.0052	0.0090	-0.2457	1.0009	-0.5700	9.7387	-0.047526556562248246	4	1	9	Upright	Normal
0.8817	-0.8422	10.0742	6.6894	-0.5990	124.9876	3.1226	-7.0977	-28.9639	-0.1128	-0.2711	0.3349	0.0316	-0.0493	0.8853	-0.4613	0.0063	0.0111	-0.2468	0.9945	-0.5710	9.7393	0.07857926150620642	4	1	9	Upright	Normal
0.9200	-0.7655	10.0359	6.6386	-0.6697	125.9508	2.3567	-7.3469	-27.9758	-0.0649	-0.1927	0.2957	0.0315	-0.0489	0.8891	-0.4539	0.0009	-0.0048	-0.2457	0.9849	-0.5728	9.7402	-0.040707199941225625	4	1	9	Upright	Normal
0.9200	-0.8422	10.0742	6.5949	-0.7862	127.3362	2.2451	-7.1858	-27.8306	-0.0570	-0.2661	0.3334	0.0317	-0.0485	0.8946	-0.4432	0.0031	0.0090	-0.2457	0.9770	-0.5761	9.7408	0.04410666453478029	4	1	9	Upright	Normal
0.8817	-0.9188	10.0359	6.5950	-0.7362	127.3424	2.5245	-7.3805	-28.1412	-0.0901	-0.3358	0.2951	0.0313	-0.0487	0.8946	-0.4431	0.0063	0.0047	-0.2468	0.9717	-0.5830	9.7408	-0.0347512547480715	4	1	9	Upright	Normal
0.8428	-0.8045	10.0748	6.5304	-0.4781	125.3716	2.2990	-7.1334	-27.7761	-0.1140	-0.2255	0.3322	0.0298	-0.0487	0.8869	-0.4583	0.0073	0.0058	-0.2457	0.9568	-0.5789	9.7426	0.025581515077197636	4	1	9	Upright	Normal
0.9200	-0.8039	9.9976	6.5531	-0.3738	124.2470	2.6981	-7.0355	-27.7504	-0.0410	-0.2269	0.2553	0.0296	-0.0490	0.8824	-0.4670	0.0063	-0.0091	-0.2457	0.9610	-0.5770	9.7423	-0.06997478153844128	4	1	9	Upright	Normal
0.9194	-0.7661	10.1131	6.5986	-0.3180	123.1248	2.5901	-7.3306	-27.6344	-0.0540	-0.1959	0.3717	0.0298	-0.0493	0.8778	-0.4755	0.0063	-0.0155	-0.2468	0.9734	-0.5703	9.7414	0.11168965626545813	4	1	9	Upright	Normal
0.9194	-0.8811	9.9982	6.7022	-0.2005	121.7200	2.9927	-7.6466	-27.8981	-0.0721	-0.3084	0.2587	0.0300	-0.0502	0.8719	-0.4862	0.0031	-0.0166	-0.2468	0.9915	-0.5727	9.7395	-0.10469285990943611	4	1	9	Upright	Normal
0.9200	-0.8039	10.0359	6.8348	-0.0905	120.3140	2.3721	-6.9389	-28.1552	-0.0953	-0.2280	0.2990	0.0303	-0.0513	0.8658	-0.4968	0.0031	-0.0304	-0.2468	1.0153	-0.5758	9.7369	0.031021964509033495	4	1	9	Upright	Normal
0.9194	-0.8428	9.9982	6.9402	-0.2226	121.1492	2.5018	-7.4658	-27.6426	-0.1143	-0.2623	0.2635	0.0314	-0.0518	0.8693	-0.4905	-0.0000	-0.0175	-0.2257	1.0337	-0.5804	9.7347	-0.03429789753246659	5	1	10	Upright	Normal
0.9583	-0.8422	10.0359	7.0060	-0.4365	122.7381	2.9627	-7.4008	-27.6137	-0.0881	-0.2581	0.3029	0.0326	-0.0518	0.8760	-0.4785	0.0032	-0.0185	-0.2257	1.0464	-0.5840	9.7330	0.04097148833921338	5	1	10	Upright	Normal
1.0349	-0.8422	9.9593	7.0926	-0.6974	124.1377	1.6037	-6.9006	-27.8947	-0.0341	-0.2614	0.2285	0.0343	-0.0518	0.8816	-0.4678	0.0021	-0.0228	-0.2267	1.0690	-0.5807	9.7308	-0.06838375103808403	5	1	10	Upright	Normal
1.0343	-0.8045	9.9982	7.1814	-0.9496	125.7854	2.0826	-7.1086	-27.9872	-0.0551	-0.2194	0.2699	0.0359	-0.0520	0.8881	-0.4552	-0.0000	-0.0196	-0.2257	1.0894	-0.5851	9.7282	0.0354178829686127	5	1	10	Upright	Normal
0.9966	-0.8039	10.0359	7.2360	-1.0933	126.6867	2.9880	-7.0781	-28.0437	-0.1055	-0.2159	0.3092	0.0368	-0.0521	0.8916	-0.4483	0.0021	-0.0185	-0.2267	1.1021	-0.5879	9.7267	0.033550383304087106	5	1	10	Upright	Normal
1.0349	-0.7655	10.0359	7.3052	-1.2604	127.5857	2.8351	-6.7425	-28.1793	-0.0845	-0.1760	0.3112	0.0380	-0.0523	0.8950	-0.4413	0.0032	-0.0163	-0.2194	1.1194	-0.5896	9.7246	8.668708337538078E-4	5	1	10	Upright	Normal
1.0343	-0.8428	9.9982	7.3542	-1.3930	128.3559	2.3450	-6.9529	-28.1836	-0.0976	-0.2509	0.2752	0.0389	-0.0524	0.8979	-0.4353	0.0011	-0.0110	-0.2173	1.1319	-0.5918	9.7230	-0.0312893414098987	5	1	10	Upright	Normal
1.1115	-0.8039	10.0359	7.3818	-1.5585	129.1885	1.8106	-6.7795	-28.0737	-0.0331	-0.2147	0.3142	0.0399	-0.0523	0.9010	-0.4289	0.0021	-0.0099	-0.2173	1.1446	-0.5891	9.7217	0.042386080267737825	5	1	10	Upright	Normal
1.0732	-0.8422	9.9976	7.3683	-1.6273	129.9337	1.9531	-7.3758	-27.9830	-0.0694	-0.2487	0.2759	0.0400	-0.0522	0.9037	-0.4230	0.0021	0.0167	-0.2162	1.1426	-0.5935	9.7217	-0.0389684912481556	5	1	10	Upright	Normal
1.0349	-0.8039	9.9593	7.2841	-1.6555	130.5338	2.2890	-6.5585	-27.9887	-0.0938	-0.2114	0.2360	0.0397	-0.0517	0.9060	-0.4183	0.0053	0.0135	-0.2162	1.1287	-0.5924	9.7233	-0.045101007445527586	5	1	10	Upright	Normal
1.0732	-0.8805	9.9976	7.1718	-1.6893	131.2073	2.1230	-7.1499	-27.8692	-0.0379	-0.2916	0.2719	0.0392	-0.0509	0.9084	-0.4130	0.0085	0.0242	-0.2079	1.1111	-0.5888	9.7257	0.04836994612507439	6	1	11	Upright	Normal
Total time: 11 seconds.
