1.4174	-9.0405	1.6089	78.7376	-32.3161	92.1434	-16.1456	22.8458	3.8670	0.3938	0.5775	-0.0093	-0.5776	0.2896	-0.4123	0.6423	-0.0931	0.0310	0.0212	1.0235	-9.6180	1.6182	-0.7746309938712397	6	0	1	Tilt	Normal
0.8817	-9.2698	1.8765	79.0876	-31.0548	90.6112	-15.3403	23.1606	4.6237	-0.0754	0.3599	0.2869	-0.5782	0.2909	-0.4083	0.6437	-0.0526	-0.1032	0.1202	0.9571	-9.6296	1.5896	0.20753586488342535	0	0	1	Upright	Normal
0.3454	-9.7294	1.4934	79.0277	-28.8042	87.6805	-15.3816	22.9709	4.4577	-0.5538	-0.1019	-0.1419	-0.5774	0.2885	-0.4034	0.6486	0.0028	0.1088	0.0286	0.8992	-9.6275	1.6352	0.35057043435119795	0	0	1	Upright	Normal
0.9583	-8.6951	3.1406	80.2330	-27.6341	86.5195	-16.1864	23.3232	4.2703	0.1872	0.9697	1.6677	-0.5808	0.2958	-0.3968	0.6462	-0.0856	0.2313	0.1011	0.7711	-9.6648	1.4729	-0.5549720840439285	0	0	1	Upright	Normal
0.6512	-9.2320	2.2601	74.3364	-11.4533	72.1159	-15.9071	23.5305	2.6004	0.1257	0.2105	-0.3344	-0.5328	0.2896	-0.4180	0.6765	0.7613	-0.5016	0.2843	0.5255	-9.4426	2.5946	0.23247418632876204	0	0	1	Upright	Normal
0.3837	-8.5036	3.9450	75.1039	-10.1671	71.7836	-15.7355	23.5079	2.2161	-0.0611	0.9737	1.4642	-0.5330	0.2990	-0.4192	0.6714	-0.0803	0.3389	0.0403	0.4447	-9.4773	2.4808	-0.14493073988762362	0	0	1	Upright	Normal
0.2304	-9.1548	3.1789	74.7759	-4.0358	67.5004	-14.9588	23.9462	1.2620	0.0494	0.3078	0.6107	-0.5201	0.3139	-0.4234	0.6721	-0.2283	0.5552	0.2108	0.1811	-9.4626	2.5682	0.3117781124226173	0	0	1	Upright	Normal
0.1915	-9.4236	4.5586	76.4260	0.0723	66.8895	-15.2135	24.0879	1.6848	0.1945	0.1092	2.2573	-0.5159	0.3414	-0.4334	0.6554	-0.3477	0.3005	-0.0821	-0.0030	-9.5328	2.3013	0.7762867602701409	0	0	1	Upright	Normal
1.7627	-9.6528	3.6386	74.6101	-17.3888	84.6970	-16.3866	23.9386	2.5164	0.9852	-0.1975	1.1555	-0.5238	0.3147	-0.4620	0.6428	0.2861	-0.0041	-0.6979	0.7775	-9.4553	2.4831	-0.004713757743465052	0	0	1	Upright	Normal
-3.0257	-10.9936	1.5317	72.8511	-10.3545	78.0550	-17.8444	22.7894	1.4728	-3.5452	-1.6228	-1.3126	-0.5051	0.3160	-0.4630	0.6562	0.6302	0.1311	0.7765	0.5195	-9.3708	2.8443	1.0394638419868922	0	0	2	Upright	Normal
4.4053	-9.9599	-2.1069	60.1391	-6.6147	65.6596	-17.3587	24.1863	-1.7188	3.8430	-1.4551	-6.9568	-0.4474	0.2292	-0.4441	0.7416	2.5264	-1.0683	0.0638	0.5623	-8.5048	4.8499	-0.41221177394622366	0	0	2	Upright	Normal
1.4174	-7.8913	4.4436	70.4280	-20.8114	79.2157	-17.9129	23.9795	-0.3985	0.2502	1.3488	1.3729	-0.5310	0.2479	-0.4321	0.6855	-1.3011	-1.0044	-0.4475	1.1672	-9.2401	3.0707	-1.925942260861099	0	0	2	Upright	Normal
3.1418	-9.6911	3.1406	69.2974	-19.2416	67.2157	-17.1245	24.9600	2.1814	1.9995	-0.5176	-0.1323	-0.5430	0.1958	-0.3698	0.7281	0.3234	-1.6691	0.3685	1.1423	-9.1735	3.2729	1.494118497164438	0	0	2	Upright	Normal
1.6478	-11.2234	4.5580	71.3093	-32.1533	80.0971	-16.2560	25.4435	3.9727	-0.0245	-1.9339	1.8974	-0.5735	0.1881	-0.3788	0.7015	-1.2031	0.5839	-0.5690	1.6723	-9.2895	2.6606	1.5644370434484713	0	0	2	Upright	Normal
0.1915	-9.0788	1.5706	66.7341	-24.3429	78.6829	-17.4788	23.9483	3.7511	-1.4049	-0.0694	-1.9583	-0.5274	0.2047	-0.4279	0.7049	1.6102	0.2281	-0.1375	1.5965	-9.0094	3.5289	-3.009549341483913	0	0	2	Upright	Normal
-0.7661	-7.8913	1.7238	71.4513	-23.0898	74.2077	-18.8403	24.2767	1.0161	-1.9894	1.4061	-1.1456	-0.5543	0.2156	-0.3866	0.7048	-1.3075	-0.4931	0.5506	1.2233	-9.2974	2.8695	-1.1020112807170435	0	0	2	Upright	Normal
1.2258	-7.4316	4.4436	68.9399	-15.6941	64.1646	-16.9616	24.9306	2.2800	0.2728	1.7202	1.0514	-0.5348	0.2024	-0.3683	0.7330	0.5237	-0.4462	0.3120	0.9530	-9.1518	3.3923	0.631472854751328	0	0	2	Upright	Normal
1.1109	-8.1211	5.8610	70.1398	-4.3760	52.9263	-15.1043	26.6580	2.8215	0.8568	1.1024	2.5394	-0.5279	0.2279	-0.3448	0.7419	-0.0665	0.3325	0.8627	0.2541	-9.2235	3.3217	1.3314870825764604	0	0	2	Upright	Normal
3.8313	-6.7415	5.0560	69.0358	-1.7864	49.7585	-13.3325	27.1588	2.9437	3.7221	2.4162	1.5492	-0.5194	0.2267	-0.3386	0.7511	0.1743	-0.5794	-0.1983	0.1092	-9.1577	3.5068	-0.8197117700765464	0	0	2	Upright	Normal
-1.7238	-9.8833	2.7964	69.9849	-25.5174	69.8989	-15.4045	26.0367	4.3539	-3.1696	-0.6687	-0.2324	-0.5621	0.1721	-0.3539	0.7274	0.3948	-0.8809	1.2537	1.4458	-9.2145	3.0288	1.1580594781498075	0	1	3	PT	Normal
-1.4174	-7.2784	0.3448	54.8153	-14.9523	39.6264	-13.3811	26.9037	2.8631	-2.8753	0.7368	-5.1145	-0.4685	0.0460	-0.2420	0.8484	3.9038	-5.9472	1.7991	1.4579	-8.0152	5.4592	-2.9917984887986817	0	1	3	PT	Normal
0.6512	-5.0182	4.7118	60.6142	-11.7098	25.5915	-8.1437	29.6463	1.6173	-0.3253	3.5268	0.0001	-0.5090	0.0253	-0.1400	0.8489	-0.2007	-2.6439	1.3347	0.9765	-8.5451	4.7116	-0.5088472301075555	0	1	3	PT	Normal
1.6861	-6.8181	0.9188	56.1928	-8.8997	0.5695	-2.1662	30.9597	1.4231	0.8420	1.3306	-4.4718	-0.4699	-0.0661	0.0322	0.8797	-0.7493	-1.0566	1.9216	0.8441	-8.1487	5.3905	0.16904021804240266	0	1	3	Tilt	Normal
-3.1406	-3.4471	9.5762	60.2186	11.8653	-23.4563	4.1950	30.5310	2.4538	-2.1391	5.0646	4.8097	-0.5067	-0.0139	0.1241	0.8530	1.0978	-1.1845	2.1389	-1.0015	-8.5117	4.7666	3.567932283775808	0	0	3	Tilt	Normal
-1.2252	-3.6003	3.2938	52.7414	19.5696	-47.1740	12.0225	27.8410	-0.6170	0.7635	4.2051	-2.3002	-0.4621	-0.0356	0.2841	0.8393	-0.0878	0.0619	1.8162	-1.9887	-7.8054	5.5941	-5.620123302356549	0	0	3	Tilt	Normal
-8.6574	0.3065	8.0445	36.7991	31.2168	-70.2423	18.2171	23.3339	-2.7951	-4.5876	6.1809	1.3289	-0.3955	0.0339	0.4563	0.7964	2.0140	-1.0811	3.9254	-4.0698	-5.8745	6.7156	6.790807627964811	0	0	3	Tilt	Normal
-7.1245	3.7930	16.2800	-1.3510	24.0793	-82.5123	21.9531	11.6762	-11.9855	-3.1244	3.5618	7.3292	-0.1289	0.1644	0.6467	0.7336	3.1037	3.1075	1.4689	-4.0001	0.2312	8.9507	6.349009342266433	0	0	3	Tilt	Normal
-16.9695	5.2487	15.0158	-20.4615	35.6471	-85.2885	22.9009	0.3395	-10.0114	-11.6147	1.8206	7.5497	-0.0797	0.3361	0.6747	0.6523	1.4304	0.4093	2.2753	-5.3548	3.4280	7.4662	5.088168473642863	0	0	3	Tilt	Normal
-2.4894	1.4180	10.6105	-17.6383	48.0496	-94.9938	25.2280	-5.6263	-4.6355	4.4613	-1.5534	4.3631	-0.2020	0.3751	0.7076	0.5638	0.9180	3.2269	-0.9546	-6.9507	2.9714	6.2474	-12.268652389199673	0	0	3	Tilt	Normal
-1.4940	3.4860	1.8771	-21.2088	63.8788	-83.8737	27.1213	-3.5652	3.5736	6.7148	-0.0617	-2.1480	-0.2313	0.4912	0.6299	0.5554	0.4035	-0.3513	-0.4529	-8.2088	3.5476	4.0251	-6.758722188399482	0	1	4	Jump	Normal
-9.7677	5.8999	0.8039	-23.1063	61.4006	-76.3566	26.9755	-1.2254	3.1933	-1.8482	2.0515	-3.5138	-0.1738	0.4996	0.6011	0.5990	1.0906	-0.3875	-1.4447	-7.9196	3.8484	4.3176	7.207785152472996	0	1	4	Jump	Normal
-5.6306	1.2647	4.3281	-19.1789	34.1992	-76.9752	27.6943	0.1731	-5.3282	-0.4244	-1.9568	-3.3326	-0.0558	0.3260	0.6249	0.7072	-1.5896	-6.0941	3.2020	-5.2062	3.2215	7.6607	-4.225969812131851	0	1	4	Jump	Normal
-7.6608	4.7124	7.5842	-17.3309	30.4232	-77.6291	24.4986	-3.2712	-12.1993	-2.9203	1.7912	-0.4881	-0.0493	0.2932	0.6287	0.7185	-0.3924	0.7309	-0.2387	-4.7405	2.9212	8.0724	4.551407178550708	0	1	4	Jump	Normal
-3.1789	3.1035	8.8101	-13.0884	30.8443	-75.6695	25.5419	-1.3377	-11.8252	1.7184	0.8829	0.6092	-0.0753	0.2760	0.6114	0.7378	-0.9772	0.1983	-0.3975	-4.8973	2.2206	8.2009	-1.8981135925475119	0	1	4	PT	Normal
-4.9410	2.1458	9.1931	-9.7121	31.0872	-73.6217	25.4736	0.3289	-10.9705	0.0501	0.4916	0.9153	-0.0947	0.2626	0.5934	0.7550	-0.3104	-0.2928	-0.2057	-4.9912	1.6542	8.2778	0.7882315985193618	0	1	4	PT	Normal
-7.7375	-0.5740	6.9330	-8.6514	30.4824	-73.0300	24.8631	2.2735	-11.8231	-2.8193	-2.0490	-1.4220	-0.0975	0.2540	0.5884	0.7614	-0.4052	0.0470	-0.0172	-4.9181	1.4750	8.3550	-0.2500530398330678	0	1	4	Tilt	Normal
-4.8644	1.6861	8.5419	-5.5555	34.5884	-71.1901	24.8689	3.6225	-11.4837	0.6765	0.7368	0.5067	-0.1352	0.2684	0.5668	0.7671	-0.0877	0.7735	-0.2601	-5.5409	0.9493	8.0352	-0.4316076617199833	0	0	4	Tilt	Normal
-5.5923	1.3797	8.8484	-6.1190	32.3358	-69.9674	25.7917	4.1327	-9.9399	-0.3766	0.3344	0.6098	-0.1174	0.2572	0.5621	0.7773	0.2554	-0.6134	0.0872	-5.2156	1.0452	8.2386	0.5845767954511096	0	0	4	Tilt	Normal
-5.7072	0.2687	6.3967	-5.8553	32.0069	-69.3353	26.1401	3.2500	-10.0749	-0.5365	-0.7316	-1.8757	-0.1162	0.2544	0.5576	0.7815	-0.0365	0.1035	-0.0534	-5.1707	1.0003	8.2724	-1.9811748147949935	0	0	4	Tilt	Normal
-5.8221	1.2264	8.2738	-5.6486	34.7232	-68.7970	25.9578	3.4704	-10.3549	-0.2631	0.2613	0.2527	-0.1296	0.2725	0.5507	0.7783	-0.0461	0.3976	-0.0545	-5.5590	0.9652	8.0210	1.6141741876699829	0	1	5	PT	Normal
-6.3973	1.1492	8.5042	-5.4565	35.8492	-68.5216	26.1576	3.7200	-9.2079	-0.6800	0.2168	0.5914	-0.1356	0.2796	0.5471	0.7772	-0.0525	0.0098	-0.0609	-5.7174	0.9324	7.9128	0.5126125466121891	0	1	5	PT	Normal
-5.7461	0.7278	7.4316	-4.7830	35.2715	-68.4121	26.6532	4.5531	-8.5130	-0.1028	-0.0898	-0.5468	-0.1373	0.2727	0.5457	0.7803	-0.1079	-0.1745	-0.0918	-5.6433	0.8176	7.9784	-1.2815182561422986	0	1	5	PT	Normal
-6.0519	0.7284	7.9673	-4.0157	35.0928	-68.3961	26.3197	4.3777	-9.8388	-0.4278	0.0417	-0.0370	-0.1417	0.2680	0.5443	0.7822	-0.0642	0.0152	-0.0555	-5.6241	0.6867	8.0043	0.6095426314079955	0	1	5	PT	Normal
-5.8604	0.6135	7.9290	-3.7468	35.0801	-68.4081	25.8679	3.8666	-9.9931	-0.2363	-0.0272	-0.0790	-0.1435	0.2666	0.5439	0.7826	-0.0056	-0.1137	0.0030	-5.6241	0.6407	8.0080	-0.15289575696583668	0	1	5	Tilt	Normal
-5.8604	0.5369	8.0439	-3.9664	34.3990	-68.4109	26.4541	5.1850	-10.0076	-0.3332	-0.1414	-0.0283	-0.1388	0.2630	0.5452	0.7838	0.0796	-0.1915	0.0467	-5.5272	0.6783	8.0722	0.0880379044344064	0	1	5	Tilt	Normal
-5.7455	0.6901	8.1205	-4.4132	34.3517	-68.3804	26.0843	4.6992	-10.0671	-0.2282	-0.0643	0.0483	-0.1354	0.2648	0.5459	0.7833	0.0828	0.0130	0.0510	-5.5173	0.7545	8.0722	0.004646922232918627	0	1	5	Tilt	Normal
-5.8993	0.9194	8.3127	-5.1957	34.5332	-68.3186	25.8167	4.7524	-9.5671	-0.3629	0.0314	0.2673	-0.1307	0.2697	0.5468	0.7818	0.0818	-0.0253	0.0606	-5.5364	0.8879	8.0454	0.26321283581439836	0	1	5	Tilt	Normal
-5.8610	0.9960	8.2361	-5.5573	34.5656	-68.2793	25.8526	3.9632	-10.0603	-0.3232	0.0464	0.1986	-0.1282	0.2716	0.5472	0.7813	0.0317	-0.0083	0.0190	-5.5378	0.9496	8.0375	-0.077055761069591	0	1	5	Tilt	Normal
-5.7838	1.0349	8.1971	-5.5542	34.5656	-68.3000	25.9482	3.6866	-10.3680	-0.2460	0.0859	0.1597	-0.1283	0.2715	0.5473	0.7812	-0.0354	-0.0296	-0.0023	-5.5378	0.9490	8.0375	-0.07216706096817127	1	1	6	Tilt	Normal
-5.8221	0.8817	8.0439	-5.2571	34.4915	-68.3179	26.0106	4.1497	-9.9067	-0.2919	-0.0168	-0.0048	-0.1301	0.2697	0.5469	0.7818	-0.0557	-0.0221	-0.0044	-5.5302	0.8984	8.0487	-0.11654555589410975	1	1	6	Tilt	Normal
-5.8221	0.8051	8.0822	-5.0864	34.6705	-68.2768	25.9063	4.0956	-9.9358	-0.2655	-0.0643	0.0486	-0.1320	0.2701	0.5461	0.7819	-0.0088	0.0173	-0.0001	-5.5566	0.8694	8.0336	0.024467665541836325	1	1	6	Tilt	Normal
-5.7838	0.8817	8.1588	-5.0842	34.7198	-68.2741	25.6173	4.4303	-9.4440	-0.2201	0.0127	0.1300	-0.1322	0.2705	0.5460	0.7818	0.0168	0.0002	0.0158	-5.5637	0.8689	8.0288	0.046361583188149424	1	1	6	Tilt	Normal
-5.8604	0.8434	8.0056	-5.2286	34.7198	-68.2701	26.1663	4.2541	-9.9167	-0.2981	-0.0503	-0.0214	-0.1312	0.2711	0.5463	0.7816	0.0232	-0.0232	0.0243	-5.5623	0.8936	8.0270	-0.08253853704595038	1	1	6	Tilt	Normal
-5.8221	0.9200	8.0439	-5.3741	34.7988	-68.2508	26.3048	4.6872	-10.0143	-0.2499	0.0016	0.0266	-0.1305	0.2724	0.5464	0.7812	0.0179	-0.0104	0.0201	-5.5722	0.9183	8.0173	0.015169717364409863	1	1	6	Tilt	Normal
-5.7072	0.9583	8.1588	-5.5044	34.7561	-68.2464	25.7102	3.7099	-10.3534	-0.1423	0.0177	0.1390	-0.1294	0.2727	0.5466	0.7811	0.0232	-0.0306	0.0275	-5.5649	0.9406	8.0198	0.030483889072174364	1	1	6	Tilt	Normal
-5.8610	0.9960	8.0828	-5.7232	34.6801	-68.2578	26.5621	4.3502	-9.5521	-0.3089	0.0181	0.0587	-0.1276	0.2731	0.5472	0.7808	0.0349	-0.0285	0.0265	-5.5522	0.9779	8.0242	0.03086870503717698	1	1	6	Tilt	Normal
-5.8227	0.9960	8.2744	-5.8656	34.6987	-68.2520	26.0416	4.3486	-9.6952	-0.2693	-0.0061	0.2541	-0.1266	0.2739	0.5474	0.7805	0.0126	-0.0136	0.0158	-5.5534	1.0021	8.0203	0.13299505684170043	1	1	6	Tilt	Normal
-5.7844	0.9960	8.1211	-5.8630	34.7021	-68.2456	25.5117	3.9370	-10.3483	-0.2304	-0.0057	0.1012	-0.1267	0.2739	0.5474	0.7806	-0.0066	-0.0189	0.0105	-5.5539	1.0017	8.0200	-0.14652965415008268	1	1	6	Tilt	Normal
-5.7461	0.9194	8.0828	-5.8452	34.7154	-68.2287	25.6383	3.7918	-9.6981	-0.1902	-0.0793	0.0639	-0.1268	0.2740	0.5472	0.7807	-0.0044	-0.0135	0.0116	-5.5559	0.9987	8.0189	-0.06050888899080675	2	1	7	Tilt	Fall
-5.8604	0.9583	8.0439	-5.8334	34.7455	-68.2247	26.1057	3.8122	-9.7884	-0.3002	-0.0383	0.0277	-0.1270	0.2741	0.5471	0.7806	-0.0002	-0.0072	0.0126	-5.5602	0.9966	8.0162	0.038697961173646434	2	1	7	Tilt	Normal
-5.7838	1.0349	8.1205	-5.8440	34.7604	-68.2521	25.4075	3.2663	-10.3762	-0.2215	0.0365	0.1059	-0.1271	0.2742	0.5473	0.7804	0.0041	-0.0189	0.0137	-5.5623	0.9984	8.0146	0.024919399301492007	2	1	7	Tilt	Normal
-5.7072	0.9583	8.2355	-5.8408	34.7793	-68.2090	25.9199	4.8241	-10.1449	-0.1422	-0.0397	0.2227	-0.1271	0.2744	0.5470	0.7806	0.0009	-0.0093	0.0148	-5.5650	0.9979	8.0128	0.04221573684826829	2	1	7	Tilt	Normal
-5.7838	0.8817	8.1588	-5.8503	34.7899	-68.1473	26.0578	4.3610	-10.3347	-0.2174	-0.1178	0.1471	-0.1269	0.2746	0.5466	0.7809	0.0052	-0.0040	0.0169	-5.5664	0.9994	8.0117	-0.025773385452028563	2	1	7	Tilt	Normal
-5.7838	0.9966	8.0439	-5.8433	34.8064	-68.1005	25.3323	3.6989	-10.0440	-0.2150	-0.0018	0.0338	-0.1270	0.2747	0.5462	0.7811	0.0020	-0.0135	0.0137	-5.5688	0.9984	8.0101	-0.0823060387259833	2	1	7	Tilt	Normal
-5.7461	0.9194	8.1594	-5.8370	34.8171	-68.0658	25.2245	3.7588	-9.6279	-0.1758	-0.0778	0.1502	-0.1270	0.2748	0.5460	0.7812	0.0052	-0.0114	0.0158	-5.5703	0.9972	8.0092	0.06451140975780767	2	1	7	Tilt	Normal
-5.8610	0.9194	8.2738	-5.8907	34.8351	-68.0732	25.9698	3.6716	-10.0042	-0.2888	-0.0869	0.2671	-0.1267	0.2752	0.5461	0.7810	0.0116	-0.0156	0.0201	-5.5722	1.0063	8.0067	0.15906698234759276	2	1	7	Tilt	Normal
-5.8221	0.9583	8.2355	-5.9275	34.8424	-68.0678	25.3452	3.3951	-9.8741	-0.2491	-0.0543	0.2300	-0.1265	0.2754	0.5461	0.7810	0.0020	-0.0103	0.0169	-5.5730	1.0126	8.0055	-0.04990769210961865	2	1	7	Tilt	Normal
-5.7838	0.9966	8.0439	-5.9199	34.8680	-68.0852	25.9669	3.8138	-9.8258	-0.2072	-0.0148	0.0409	-0.1267	0.2755	0.5462	0.7808	-0.0022	-0.0092	0.0126	-5.5765	1.0114	8.0031	-0.17367069999578177	2	1	7	Tilt	Normal
-5.7844	0.9960	8.0062	-5.9228	34.8958	-68.1411	25.8787	3.5008	-9.7316	-0.2040	-0.0159	0.0058	-0.1269	0.2757	0.5466	0.7805	0.0031	-0.0071	0.0179	-5.5804	1.0118	8.0004	-0.030140820650824907	3	1	8	Tilt	Normal
-5.7838	1.0349	8.1211	-5.9383	34.9024	-68.1903	26.2871	3.5799	-9.7210	-0.2026	0.0205	0.1217	-0.1270	0.2757	0.5469	0.7802	-0.0012	-0.0167	0.0147	-5.5812	1.0144	7.9995	0.09649127328995455	3	1	8	Tilt	Normal
-5.7844	1.0343	8.1594	-5.9380	34.9180	-68.2225	25.5787	3.5451	-10.0115	-0.2011	0.0199	0.1615	-0.1271	0.2758	0.5471	0.7800	0.0031	-0.0114	0.0147	-5.5833	1.0144	7.9980	0.03133814928187206	3	1	8	Tilt	Normal
-5.8604	1.0349	8.1205	-5.9801	34.9386	-68.2477	26.1431	3.9062	-10.1952	-0.2746	0.0133	0.1252	-0.1270	0.2761	0.5473	0.7798	0.0052	-0.0124	0.0179	-5.5858	1.0216	7.9953	0.012570574473929952	3	1	8	Tilt	Normal
-5.7838	1.0732	8.1588	-6.0056	34.9422	-68.2193	26.1395	4.1504	-10.2051	-0.1978	0.0473	0.1643	-0.1268	0.2763	0.5472	0.7799	0.0009	-0.0167	0.0147	-5.5860	1.0259	7.9945	-0.009326283188670459	3	1	8	Tilt	Normal
-5.7838	0.9966	8.1977	-6.0102	34.9169	-68.2094	26.0064	3.8025	-9.8699	-0.2013	-0.0301	0.2008	-0.1266	0.2761	0.5472	0.7800	0.0020	-0.0114	0.0169	-5.5825	1.0267	7.9969	0.023719086255788113	3	1	8	Tilt	Normal
-5.7461	1.0343	8.1977	-6.0074	34.9250	-68.1802	25.4333	3.9625	-10.0713	-0.1625	0.0081	0.2014	-0.1266	0.2762	0.5470	0.7801	0.0020	-0.0114	0.0158	-5.5836	1.0262	7.9963	-0.017775657632691733	3	1	8	Tilt	Normal
-5.7838	0.9583	8.0439	-6.0009	34.9464	-68.1540	25.9623	3.9327	-10.2138	-0.1971	-0.0669	0.0497	-0.1267	0.2763	0.5467	0.7802	-0.0023	-0.0061	0.0137	-5.5867	1.0252	7.9942	-0.11063667808517685	3	1	8	Tilt	Normal
-5.7838	1.0349	8.0822	-5.9983	34.9724	-68.0811	25.6257	4.1736	-10.2262	-0.1935	0.0102	0.0905	-0.1266	0.2766	0.5462	0.7805	-0.0025	0.0047	-0.0029	-5.5903	1.0247	7.9917	0.03862030368731695	3	1	8	Tilt	Normal
-5.7455	1.0732	8.0822	-5.9954	34.9889	-68.0277	25.6832	3.7307	-10.0100	-0.1528	0.0491	0.0920	-0.1266	0.2767	0.5458	0.7807	0.0028	0.0015	0.0014	-5.5927	1.0241	7.9902	-0.01807192815510561	4	1	9	Tilt	Normal
-5.8221	0.9966	8.1205	-5.9932	35.0062	-68.0202	26.3229	3.6091	-10.1313	-0.2270	-0.0272	0.1320	-0.1267	0.2769	0.5457	0.7807	0.0007	-0.0006	0.0003	-5.5951	1.0238	7.9886	0.06735144675830362	4	1	9	Tilt	Normal
-5.7838	1.1115	8.0822	-5.9921	35.0350	-68.0183	26.3250	3.7526	-10.5055	-0.1847	0.0878	0.0965	-0.1268	0.2770	0.5457	0.7806	-0.0036	-0.0017	-0.0029	-5.5991	1.0237	7.9857	-0.04105581744396147	4	1	9	Tilt	Normal
-5.7455	0.9966	8.1205	-5.9903	35.0483	-67.9931	25.3442	3.9760	-10.0635	-0.1445	-0.0268	0.1360	-0.1268	0.2772	0.5455	0.7807	-0.0025	-0.0006	-0.0007	-5.6009	1.0234	7.9845	-0.0031622037233791644	4	1	9	Tilt	Normal
-5.7838	0.9966	8.1205	-5.9876	35.0578	-67.9946	25.5806	3.4592	-9.9004	-0.1815	-0.0263	0.1369	-0.1269	0.2772	0.5455	0.7807	0.0007	-0.0017	0.0003	-5.6023	1.0229	7.9836	0.022060201092683585	4	1	9	Tilt	Normal
-5.7455	0.9583	8.1205	-5.9841	35.0783	-67.9662	25.5688	4.1113	-10.1768	-0.1402	-0.0640	0.1389	-0.1269	0.2774	0.5453	0.7808	-0.0017	0.0002	-0.0037	-5.6053	1.0223	7.9817	-0.025805535806606272	4	1	9	Tilt	Normal
-5.7844	1.0343	8.1594	-5.9786	35.0848	-67.9509	25.9712	3.8312	-10.4236	-0.1782	0.0130	0.1784	-0.1270	0.2774	0.5452	0.7808	-0.0028	-0.0008	-0.0026	-5.6062	1.0213	7.9811	0.061512491767569344	4	1	9	Tilt	Normal
-5.8221	1.0349	8.1205	-5.9767	35.0989	-67.9438	26.0883	3.8456	-10.1766	-0.2140	0.0139	0.1408	-0.1270	0.2775	0.5451	0.7809	0.0025	0.0002	0.0027	-5.6081	1.0210	7.9797	-0.0096756573812673	4	1	9	Tilt	Normal
-5.8604	1.0349	8.1588	-5.9726	35.1153	-67.9494	25.3562	3.4618	-9.9535	-0.2499	0.0145	0.1806	-0.1272	0.2776	0.5451	0.7808	-0.0007	-0.0019	0.0006	-5.6105	1.0204	7.9782	0.05316451248945597	4	1	9	Tilt	Normal
-5.7838	0.9966	8.0439	-5.9724	35.1277	-67.9578	25.8968	3.6322	-10.2513	-0.1715	-0.0236	0.0670	-0.1272	0.2777	0.5451	0.7807	0.0004	0.0002	-0.0005	-5.6123	1.0202	7.9769	-0.14117745702919038	4	1	9	Tilt	Normal
-5.7838	1.1115	8.1205	-5.9751	35.1386	-67.9839	25.8635	3.2636	-10.2456	-0.1701	0.0908	0.1447	-0.1273	0.2777	0.5453	0.7806	-0.0007	-0.0008	0.0006	-5.6137	1.0207	7.9758	0.07406197194527131	5	1	10	Tilt	Normal
-5.7838	1.0349	8.0439	-5.9709	35.1503	-68.0037	26.3896	3.7675	-10.8226	-0.1683	0.0148	0.0691	-0.1275	0.2778	0.5454	0.7804	0.0030	-0.0025	0.0020	-5.6155	1.0201	7.9748	-0.07015577555738517	5	1	10	Tilt	Normal
-5.8604	1.0349	8.1205	-5.9640	35.1658	-68.0040	25.5544	3.8735	-10.7801	-0.2429	0.0160	0.1472	-0.1276	0.2778	0.5454	0.7804	-0.0013	-0.0078	0.0010	-5.6175	1.0189	7.9733	0.10635298000704552	5	1	10	Tilt	Normal
-5.8610	1.0726	8.0828	-5.9643	35.1812	-67.9906	26.1500	3.9347	-10.0181	-0.2412	0.0537	0.1110	-0.1276	0.2780	0.5453	0.7804	0.0030	-0.0036	-0.0001	-5.6198	1.0189	7.9718	-0.026076332539519242	5	1	10	Tilt	Normal
-5.8227	1.0726	8.0062	-5.9664	35.2039	-67.9726	25.3493	3.9137	-9.7101	-0.1998	0.0533	0.0367	-0.1277	0.2781	0.5452	0.7805	0.0051	-0.0014	0.0031	-5.6229	1.0193	7.9695	-0.08399870985606483	5	1	10	Tilt	Normal
-5.8221	1.0349	8.1971	-5.9666	35.2064	-67.9824	25.7927	3.1950	-10.4802	-0.1989	0.0156	0.2279	-0.1277	0.2781	0.5452	0.7804	0.0009	-0.0036	0.0031	-5.6232	1.0193	7.9693	0.1498512566617709	5	1	10	Tilt	Normal
-5.7844	1.0726	8.0828	-5.9678	35.2183	-67.9928	25.7840	3.9494	-9.7304	-0.1595	0.0531	0.1146	-0.1278	0.2782	0.5453	0.7803	-0.0002	-0.0025	-0.0001	-5.6249	1.0195	7.9682	-0.11036843251693007	5	1	10	Tilt	Normal
-5.7838	1.1115	8.1588	-5.9717	35.2315	-67.9915	25.3780	3.7683	-10.3680	-0.1571	0.0913	0.1920	-0.1278	0.2783	0.5453	0.7803	-0.0002	-0.0068	0.0010	-5.6267	1.0202	7.9669	0.06542451551574047	5	1	10	Tilt	Normal
-5.8221	1.1115	8.0439	-5.9809	35.2393	-67.9625	25.5892	3.9108	-10.4213	-0.1944	0.0898	0.0780	-0.1277	0.2785	0.5451	0.7804	-0.0004	-0.0007	-0.0002	-5.6277	1.0217	7.9660	-0.07066772788712505	5	1	10	Tilt	Normal
-5.7455	1.1115	8.1205	-5.9862	35.2451	-67.9339	26.0858	3.7421	-10.9651	-0.1170	0.0889	0.1553	-0.1276	0.2785	0.5449	0.7805	0.0049	0.0035	0.0040	-5.6285	1.0226	7.9652	0.017604649446699483	5	1	10	Tilt	Normal
-5.7838	1.0349	8.1971	-5.9877	35.2506	-67.9041	25.6711	3.9708	-10.3405	-0.1546	0.0120	0.2325	-0.1276	0.2786	0.5447	0.7806	-0.0025	0.0025	-0.0002	-5.6292	1.0229	7.9646	0.075993950670604	6	1	11	Tilt	Normal
Total time: 11 seconds.
