3.7924	-8.6191	1.0343	27.8015	82.7696	68.0836	6.4063	26.2617	-10.8886	-0.3727	0.1917	-0.0575	-0.2099	-0.6327	0.5393	-0.5146	-0.0485	-0.0726	-0.0443	4.1652	-8.8108	1.0918	-0.5942540283618065	6	0	1	Upright	Normal
3.8690	-8.5425	1.1875	27.8788	82.6950	68.0095	5.2485	26.0800	-10.5771	-0.3138	0.2586	0.0854	-0.2087	-0.6327	0.5394	-0.5150	0.0420	-0.0790	-0.0273	4.1828	-8.8011	1.1021	-0.020465958448870225	0	0	1	Upright	Normal
3.7924	-8.7340	1.0726	28.2339	82.7839	67.9422	5.4686	26.1881	-11.0827	-0.4012	0.0640	-0.0126	-0.2066	-0.6340	0.5403	-0.5132	0.0164	-0.1025	-0.0358	4.1936	-8.7981	1.0852	0.12933778512326732	0	0	1	Upright	Normal
3.7930	-8.6951	0.9954	28.1171	82.9626	67.7121	5.4570	25.9452	-11.3969	-0.4220	0.0959	-0.0642	-0.2068	-0.6350	0.5385	-0.5139	-0.0230	0.0477	-0.0805	4.2150	-8.7911	1.0596	-0.04357080428093951	0	0	1	Upright	Normal
4.0229	-8.6951	0.6123	28.0735	82.1382	68.2702	5.1012	26.2578	-11.7168	-0.1601	0.0955	-0.5712	-0.2063	-0.6302	0.5423	-0.5160	0.3488	0.0159	0.0731	4.1830	-8.7906	1.1835	0.06170584558122982	0	0	1	Upright	Normal
2.8347	-9.8833	-1.3024	35.4726	84.5404	70.0708	4.6721	25.1280	-11.8339	-1.0017	-0.8902	-2.0622	-0.1832	-0.6540	0.5724	-0.4595	-0.3596	-0.9471	0.5578	3.8364	-8.9931	0.7597	0.7637694897718106	0	0	1	Upright	Normal
3.3327	-9.6534	0.0766	42.7869	88.3417	71.1998	4.7644	25.5958	-11.6302	-0.0087	-0.4359	-0.1315	-0.1649	-0.6798	0.5954	-0.3951	-0.3095	-1.8622	0.7048	3.3414	-9.2175	0.2081	-0.1511654022708786	0	0	1	Upright	Normal
3.1035	-8.2355	0.4208	41.7015	95.0000	69.7251	5.3742	26.3119	-11.2432	0.2517	1.1257	1.0590	-0.1965	-0.7028	0.5762	-0.3680	-0.7377	0.3440	0.3032	2.8518	-9.3612	-0.6382	-1.4018645197025101	0	0	1	Upright	Normal
0.7661	-9.2703	-1.0343	40.6882	97.4994	70.7915	6.7961	26.5772	-9.9818	-1.6447	0.1857	-0.0637	-0.2215	-0.7074	0.5712	-0.3526	-0.1699	-0.0150	0.4235	2.4108	-9.4560	-0.9705	0.5483113330827187	0	0	1	Upright	Normal
2.2218	-7.8530	-1.6472	37.7833	99.3443	70.1636	7.7209	26.5256	-8.7206	-0.1440	1.5805	-0.3888	-0.2431	-0.7107	0.5539	-0.3592	-0.1849	0.3322	-0.0599	2.3658	-9.4335	-1.2585	-1.033408076283271	0	0	1	Upright	Normal
2.0686	-8.0445	-1.7621	36.1099	98.0308	70.1653	8.5157	26.8907	-8.4006	-0.4667	1.3639	-0.6553	-0.2462	-0.7042	0.5499	-0.3758	0.4990	0.5538	-0.2208	2.5353	-9.4085	-1.1069	0.16523951467614317	0	0	2	Upright	Normal
3.7924	-9.5768	2.0686	38.6164	92.3516	70.5377	8.1545	26.2690	-9.6307	0.7646	-0.2545	2.3831	-0.2062	-0.6881	0.5721	-0.3958	0.1315	-0.3037	-0.6479	3.0278	-9.3223	-0.3145	2.0149631426271704	0	0	2	Upright	Normal
5.2098	-8.1594	2.1452	39.8215	86.2811	69.4477	6.2453	25.3554	-11.6932	1.3930	0.8607	1.6568	-0.1620	-0.6700	0.5822	-0.4312	0.2881	-0.2505	-1.0549	3.8168	-9.0202	0.4884	-0.5903931159096345	0	0	2	Upright	Normal
2.5666	-9.4236	0.6129	39.0065	85.2558	63.2556	3.4456	24.8203	-13.3393	-2.2872	-0.9257	-0.0172	-0.1256	-0.6724	0.5562	-0.4720	-0.4011	0.9682	-1.1262	4.8538	-8.4979	0.6301	-0.12955129743722793	0	0	2	Upright	Normal
2.2984	-8.5042	0.8811	34.4385	83.3727	63.5471	2.0171	25.1410	-13.3103	-2.6137	-0.0679	-0.0522	-0.1466	-0.6565	0.5430	-0.5027	0.2828	0.6209	0.1299	4.9122	-8.4363	0.9333	-0.932807625459434	0	0	2	Upright	Normal
4.6741	-8.4270	0.7655	42.2102	72.6256	74.4141	2.3994	23.8290	-15.1317	0.2644	0.0596	-1.4035	-0.1030	-0.6155	0.6244	-0.4698	2.6061	-0.7671	0.3173	4.4097	-8.4865	2.1690	0.8135558704193109	0	0	2	Upright	Normal
1.2258	-12.9478	-1.6855	41.5825	63.5871	81.3133	1.6485	20.0833	-19.2666	-2.9627	-4.7028	-4.9485	-0.0920	-0.5702	0.6596	-0.4810	-0.3383	-0.7384	0.2705	4.1885	-8.2450	3.2630	3.4476318854844354	0	0	2	Upright	Normal
0.4597	-13.4841	-1.7238	44.3212	76.0053	77.0780	2.1417	19.6231	-18.9091	-3.2832	-4.5800	-3.4204	-0.1228	-0.6312	0.6363	-0.4261	-2.3452	-0.9205	1.0662	3.7429	-8.9042	1.6966	0.4871510278721445	0	0	2	Upright	Normal
8.5808	-12.2583	5.5545	39.8187	97.6160	68.4451	4.4883	25.0535	-13.3052	5.7838	-2.9121	6.5529	-0.2125	-0.7112	0.5601	-0.3679	-1.9266	-0.2356	0.6550	2.7970	-9.3462	-0.9984	2.35923401783422	0	0	2	Upright	Normal
0.8428	-7.5082	4.3287	51.9395	102.1776	71.8160	6.2685	26.1209	-11.0777	-0.6012	2.1073	5.6041	-0.1875	-0.7279	0.6072	-0.2575	0.6663	-4.1546	2.0883	1.4440	-9.6156	-1.2754	-7.253316231927274	0	1	3	Jump	Normal
4.2138	-2.9880	-0.8811	43.8680	104.9558	72.7510	8.7101	27.1131	-10.4844	3.0794	6.5805	0.9436	-0.2532	-0.7273	0.5736	-0.2792	-0.3297	1.3134	0.0132	1.1344	-9.5684	-1.8247	-3.4672415988538976	0	1	3	PT	Normal
-1.1103	-14.0198	-7.8536	44.0527	103.5818	75.4491	10.5168	26.9935	-9.7049	-1.9553	-4.3908	-6.1984	-0.2622	-0.7181	0.5839	-0.2732	1.1680	-1.0696	0.8920	0.8450	-9.6290	-1.6551	10.867681497269343	0	1	3	Jump	Normal
4.2904	-10.4579	-2.8347	45.6570	106.2536	70.7598	9.4082	26.9260	-11.3437	3.0414	-0.9221	-0.9162	-0.2371	-0.7359	0.5733	-0.2712	-0.8592	-0.1066	-0.1817	1.2490	-9.5358	-1.9185	-4.454180765244036	0	1	3	Jump	Normal
1.6855	-3.6775	-0.8428	49.3234	110.5858	64.0110	8.3865	27.2031	-10.7802	0.0133	5.7206	1.4048	-0.1945	-0.7594	0.5651	-0.2570	-0.0027	-1.2241	-0.1913	1.6722	-9.3981	-2.2476	-7.52156774667702	0	1	3	Jump	Normal
-1.3791	-7.8530	-2.9497	53.1044	121.7662	56.2666	6.6207	27.7825	-10.2768	-2.5754	1.3738	0.1499	-0.1767	-0.7917	0.5496	-0.1997	-1.2150	-0.4848	-0.3940	1.1964	-9.2268	-3.0996	4.369090901372239	0	1	3	Jump	Normal
-1.4168	-6.1286	-0.4220	49.6524	127.8501	47.2774	5.1500	28.2084	-8.9791	-3.3012	2.6716	3.4738	-0.1578	-0.8208	0.5054	-0.2142	-0.7612	1.0108	-0.7371	1.8844	-8.8002	-3.8958	-2.1969341300208827	0	1	3	PT	Normal
4.9039	-12.1428	-2.7587	52.3670	119.7918	47.7920	2.4951	27.6138	-8.7414	2.0445	-3.2465	0.2164	-0.1121	-0.7994	0.5313	-0.2569	0.6194	0.6231	-1.0929	2.8594	-8.8963	-2.9751	7.078683628485336	0	1	3	Jump	Normal
17.6219	-13.3303	-0.4220	53.0344	103.5526	46.8000	-0.3611	25.5738	-12.2937	12.4343	-5.1236	0.9599	-0.0257	-0.7549	0.5418	-0.3688	1.2905	1.4731	-2.8932	5.1876	-8.2067	-1.3819	8.71685912299429	0	1	3	Jump	Normal
6.7810	-14.4412	-1.0732	57.6778	82.4940	44.1512	-6.2310	21.1693	-16.4417	-0.9490	-8.4455	-1.7581	0.1190	-0.6715	0.5422	-0.4908	1.8903	1.8598	-3.9126	7.7300	-5.9957	0.6849	-6.109858906008901	0	1	3	Jump	Normal
2.8736	-6.8564	-2.6055	57.0589	51.8586	49.0025	-10.8160	14.0419	-21.1896	-6.0223	-4.3696	-5.8987	0.2315	-0.5277	0.5177	-0.6324	1.5749	2.0313	-3.3433	8.8960	-2.4868	3.2932	-8.112468712425137	0	2	4	Jump	Normal
0.4214	0.0383	2.1452	45.7708	20.5980	62.3066	-5.2046	5.6499	-26.3722	-7.0063	0.0364	-4.2578	0.2422	-0.3389	0.5284	-0.7397	1.1936	0.8883	0.0016	7.4277	0.0019	6.4030	-5.691056939299836	0	2	4	Jump	Normal
1.3408	1.0343	1.2641	28.0695	8.7600	77.1151	1.7295	2.3219	-27.7333	-3.4381	1.4733	-7.2880	0.1429	-0.2087	0.6174	-0.7449	-2.2355	6.6812	2.0671	4.7788	-0.4390	8.5521	-0.07336747446986447	0	2	4	Upright	Normal
6.9336	15.7060	14.4801	19.1454	-7.8720	82.3036	16.6955	-0.8149	-25.7510	3.9563	13.9483	5.3033	0.1695	-0.0582	0.6388	-0.7482	3.6160	-0.2558	-0.7686	2.9773	1.7576	9.1768	20.346276294515867	0	0	4	Upright	Normal
4.7890	2.9886	15.2074	8.7192	-15.7327	85.8865	18.5700	-6.4429	-25.4979	3.5525	0.2337	5.8773	0.1481	0.0486	0.6653	-0.7301	-0.2350	3.0817	0.0698	1.2365	2.7548	9.3301	-6.238120494306102	0	0	4	Upright	Normal
-0.8422	4.1378	7.1245	10.4991	-10.1389	88.4840	19.9856	-5.1274	-22.5377	-2.5549	2.3656	-2.3673	0.1267	-0.0005	0.6863	-0.7162	-0.6408	-2.3778	0.5536	1.7128	1.7722	9.4918	-7.93946262674223	0	0	4	Upright	Normal
-0.0377	0.8051	6.9713	4.0434	-10.2330	90.7489	18.1556	-3.5681	-23.7987	-0.7409	-0.9281	-2.6552	0.0881	0.0376	0.7062	-0.7015	-0.8879	1.8066	0.1094	0.7031	1.7331	9.6265	-1.2641220067697958	0	0	4	Upright	Normal
0.9960	3.0263	10.6111	13.6188	-15.9053	93.0670	18.5891	-5.2736	-23.8432	-1.3653	0.4615	1.4452	0.1805	0.0093	0.7024	-0.6884	-0.5194	-2.0710	0.3416	2.3613	2.5648	9.1659	4.061340331099123	0	0	4	Upright	Normal
5.1721	2.7970	12.6025	14.4145	-13.3325	93.6656	16.1710	-5.4536	-26.3104	2.6570	0.6922	3.3606	0.1692	-0.0121	0.7087	-0.6848	-0.3670	1.1355	-0.0184	2.5151	2.1048	9.2419	2.8276416445859436	0	0	4	Upright	Normal
1.6095	1.5329	7.4310	12.8683	-12.5530	93.3065	16.7433	-3.9876	-25.7251	-0.6416	-0.4720	-1.9007	0.1555	-0.0064	0.7099	-0.6869	0.3574	-0.2345	-0.0248	2.2511	2.0048	9.3317	-6.150428817560092	0	1	5	Jump	Normal
2.9119	2.2224	9.5762	12.6022	-14.2936	92.9316	16.4389	-5.0098	-25.1130	0.7175	-0.0895	0.3021	0.1647	0.0062	0.7056	-0.6892	0.1315	-0.0289	-0.0559	2.1944	2.3119	9.2741	2.496603122236259	0	1	5	PT	Normal
1.9543	2.1841	10.3040	11.7794	-13.3803	92.5646	17.1264	-5.2330	-25.0961	-0.0929	0.0042	0.9646	0.1542	0.0064	0.7058	-0.6914	-0.3106	0.2310	0.0144	2.0472	2.1799	9.3395	0.45980921677067066	0	1	5	PT	Normal
1.4563	2.0692	9.3081	10.5329	-12.6907	92.0386	17.1149	-4.2379	-24.7232	-0.3681	-0.0215	-0.0977	0.1425	0.0108	0.7051	-0.6945	0.0601	0.0776	-0.0250	1.8244	2.0907	9.4058	-1.0668163683965943	0	1	5	PT	Normal
2.0309	2.3373	9.8827	11.7345	-13.4287	91.9172	17.1640	-4.1071	-24.6028	0.0159	0.1261	0.5436	0.1542	0.0079	0.7019	-0.6954	0.0292	-0.1791	-0.0154	2.0150	2.2112	9.3390	0.7105266078251962	0	1	5	PT	Normal
1.9926	2.2224	10.0742	11.5285	-12.7315	91.6067	16.8652	-5.1230	-25.0077	0.0211	0.1157	0.7018	0.1487	0.0053	0.7012	-0.6973	-0.1529	0.1330	0.0037	1.9715	2.1067	9.3724	0.15068082066090582	0	1	5	Upright	Normal
1.9160	1.9160	9.3464	11.1777	-12.0580	91.3376	17.5180	-4.4527	-25.0357	0.0096	-0.0886	-0.0619	0.1425	0.0038	0.7008	-0.6989	-0.0464	-0.0054	-0.0003	1.9064	2.0045	9.4083	-0.7758392873371616	0	0	5	Upright	Normal
2.0303	2.1069	9.8833	11.5844	-12.2143	91.2462	16.8002	-4.4480	-24.7513	0.0609	0.0745	0.4940	0.1458	0.0023	0.6996	-0.6995	0.0154	-0.0235	-0.0162	1.9694	2.0324	9.3893	0.5760615996064402	0	0	5	Upright	Normal
1.9154	2.0303	9.6917	11.1744	-11.7513	91.1030	17.1112	-4.6682	-25.0261	0.0166	0.0693	0.2726	0.1406	0.0022	0.6998	-0.7004	-0.0815	0.0404	0.0008	1.8988	1.9610	9.4191	-0.22168632798996413	0	0	5	Lying	Normal
1.8771	1.8771	9.6534	11.2922	-11.5739	91.0142	17.0092	-4.1908	-24.4127	-0.0386	-0.0569	0.2322	0.1402	0.0005	0.6993	-0.7009	0.0133	-0.0544	-0.0088	1.9157	1.9339	9.4212	-0.07387903535807538	0	0	5	Lying	Normal
1.9537	1.9920	9.8450	11.3153	-11.4216	90.9497	17.3026	-4.2082	-25.0787	0.0358	0.0816	0.4194	0.1394	-0.0005	0.6991	-0.7013	-0.0389	0.0159	-0.0099	1.9179	1.9104	9.4255	0.22099289059367777	1	0	6	Upright	Normal
1.9537	1.8387	9.7300	11.3796	-11.1791	90.8828	16.8146	-4.2024	-24.5316	0.0265	-0.0329	0.2987	0.1383	-0.0023	0.6989	-0.7017	-0.0240	-0.0363	-0.0042	1.9272	1.8717	9.4314	-0.13964415904954386	1	0	6	Lying	Normal
1.9926	1.8777	9.8061	11.4812	-11.1254	90.8820	16.4429	-4.0212	-25.1031	0.0485	0.0151	0.3763	0.1386	-0.0033	0.6988	-0.7017	0.0112	-0.0033	-0.0095	1.9441	1.8625	9.4297	0.08805033567345433	1	0	6	Lying	Normal
1.9543	1.8393	9.7677	11.4613	-11.1059	90.8342	16.9535	-4.2342	-25.2791	0.0148	-0.0215	0.3367	0.1383	-0.0032	0.6986	-0.7020	-0.0155	0.0021	-0.0042	1.9395	1.8609	9.4311	-0.051476323379461064	1	0	6	Lying	Normal
1.9543	1.8393	9.7294	11.4646	-11.0837	90.7489	17.1170	-3.9478	-25.0276	0.0171	-0.0206	0.2978	0.1382	-0.0033	0.6981	-0.7025	-0.0038	-0.0097	-0.0085	1.9372	1.8600	9.4317	-0.03692678525714932	1	0	6	Lying	Normal
1.9926	1.8777	9.6911	11.4670	-11.0654	90.7043	17.0112	-4.2127	-25.2104	0.0563	0.0192	0.2590	0.1381	-0.0033	0.6978	-0.7028	0.0005	0.0042	-0.0085	1.9363	1.8585	9.4321	-0.02231285444680786	1	0	6	Lying	Normal
1.8777	1.8777	9.7294	11.4836	-11.1055	90.6276	16.5694	-4.3001	-25.1148	-0.0587	0.0099	0.2991	0.1385	-0.0031	0.6973	-0.7033	0.0378	-0.0172	-0.0183	1.9363	1.8678	9.4303	0.014839428732887683	1	0	6	Lying	Normal
1.9543	1.9543	9.7294	11.6107	-11.4412	90.6135	16.9131	-4.2960	-25.0736	-0.0009	0.0299	0.3144	0.1413	-0.0018	0.6966	-0.7034	0.0388	-0.0374	-0.0226	1.9552	1.9243	9.4150	0.029063085833950453	1	0	6	Lying	Normal
2.0309	1.9543	9.7677	11.7082	-11.4293	90.5607	16.7289	-4.0110	-24.9853	0.0615	0.0302	0.3557	0.1418	-0.0024	0.6962	-0.7037	0.0047	-0.0193	-0.0119	1.9694	1.9240	9.4121	0.051873116691131926	1	0	6	Lying	Normal
1.9926	1.9543	9.7294	11.7062	-11.4153	90.5327	16.5830	-4.2488	-25.3935	0.0244	0.0316	0.3168	0.1417	-0.0025	0.6960	-0.7039	-0.0134	0.0063	-0.0098	1.9682	1.9227	9.4127	-0.044403019641103825	1	0	6	Lying	Normal
1.9920	1.9154	9.7683	11.6997	-11.3864	90.4956	17.0215	-4.4147	-25.1919	0.0259	-0.0037	0.3545	0.1415	-0.0025	0.6959	-0.7041	0.0037	-0.0161	-0.0162	1.9661	1.9191	9.4139	0.02986885900732439	2	0	7	Lying	Fall
2.1069	1.9537	9.6917	11.9182	-11.5323	90.4600	17.0007	-4.7855	-25.8232	0.1070	0.0091	0.2903	0.1437	-0.0030	0.6952	-0.7043	0.0410	-0.0512	-0.0177	1.9999	1.9445	9.4014	-0.043014473268300435	2	0	7	Lying	Normal
1.9920	2.0686	9.8450	12.0756	-11.7774	90.4851	16.8778	-4.4892	-25.4929	-0.0332	0.0841	0.4573	0.1461	-0.0025	0.6948	-0.7042	0.0250	-0.0459	-0.0198	2.0252	1.9845	9.3877	0.14664044359857975	2	0	7	Upright	Normal
2.1069	2.0303	9.6917	12.3348	-11.7595	90.5034	16.7310	-4.7826	-25.4760	0.0385	0.0498	0.3126	0.1476	-0.0042	0.6946	-0.7040	-0.0091	-0.0427	-0.0038	2.0684	1.9805	9.3791	-0.1315570061031579	2	0	7	Lying	Normal
2.1075	1.9926	9.8444	12.4041	-11.8598	90.5205	16.4915	-4.4472	-24.9428	0.0278	-0.0040	0.4712	0.1486	-0.0040	0.6945	-0.7039	0.0207	-0.0022	-0.0134	2.0797	1.9966	9.3731	0.1390153444792599	2	0	7	Upright	Normal
2.1458	2.0692	9.7677	12.4151	-11.9176	90.5228	16.7485	-4.3322	-25.2920	0.0645	0.0630	0.3970	0.1490	-0.0038	0.6944	-0.7039	0.0090	-0.0118	-0.0123	2.0813	2.0062	9.3708	-0.05031532442120046	2	0	7	Lying	Normal
2.1075	2.0309	9.8061	12.4071	-11.9175	90.5279	16.5736	-4.9338	-25.1559	0.0274	0.0250	0.4350	0.1490	-0.0037	0.6945	-0.7039	-0.0123	-0.0001	-0.0091	2.0801	2.0059	9.3711	0.02111378253661833	2	0	7	Lying	Normal
2.1075	2.0692	9.6911	12.4054	-11.9196	90.5372	16.4530	-4.5993	-25.3031	0.0274	0.0631	0.3201	0.1490	-0.0037	0.6945	-0.7038	-0.0038	0.0020	-0.0119	2.0801	2.0060	9.3711	-0.10238976742861006	2	0	7	Lying	Normal
2.0692	2.0309	9.8061	12.4009	-11.9265	90.5581	16.9183	-4.8408	-25.2745	-0.0109	0.0245	0.4350	0.1490	-0.0037	0.6947	-0.7037	-0.0070	0.0042	-0.0108	2.0801	2.0063	9.3711	0.09457093712288689	2	0	7	Lying	Normal
2.0309	2.1075	9.5762	12.3854	-11.9259	90.5641	17.0953	-4.4611	-25.1500	-0.0468	0.1015	0.2046	0.1489	-0.0036	0.6947	-0.7037	-0.0027	0.0084	-0.0119	2.0777	2.0060	9.3717	-0.21226266746920608	2	0	7	Lying	Normal
2.1458	2.0692	9.5379	12.3795	-11.9119	90.5698	17.1503	-4.7145	-25.7757	0.0687	0.0657	0.1656	0.1488	-0.0036	0.6948	-0.7036	-0.0006	-0.0065	-0.0108	2.0771	2.0035	9.3723	-0.020599760027415925	3	0	8	Lying	Normal
2.1458	2.0309	9.6151	12.3718	-11.9027	90.5749	17.2797	-4.8026	-25.1447	0.0697	0.0290	0.2423	0.1487	-0.0036	0.6948	-0.7036	-0.0091	0.0010	-0.0098	2.0761	2.0019	9.3729	0.0659085712240266	3	0	8	Lying	Normal
2.0686	2.0686	9.6917	12.3515	-11.9027	90.5995	16.5323	-4.8141	-25.2056	-0.0051	0.0676	0.3181	0.1485	-0.0035	0.6950	-0.7035	-0.0006	-0.0022	-0.0083	2.0737	2.0010	9.3736	0.06481398666571891	3	0	8	Lying	Normal
2.1069	2.0686	9.6917	12.3451	-11.9032	90.6166	16.6917	-4.8719	-25.3467	0.0337	0.0681	0.3180	0.1485	-0.0035	0.6951	-0.7034	-0.0070	-0.0033	-0.0083	2.0732	2.0005	9.3737	0.007895386967629037	3	0	8	Lying	Normal
2.1458	2.0309	9.7294	12.3258	-11.8946	90.6377	17.6829	-4.6301	-24.7741	0.0750	0.0326	0.3546	0.1483	-0.0035	0.6953	-0.7032	-0.0091	-0.0022	-0.0073	2.0708	1.9983	9.3748	0.03660414932856426	3	0	8	Lying	Normal
2.1075	2.0692	9.7294	12.3160	-11.8881	90.6230	16.4655	-3.8331	-25.1820	0.0388	0.0715	0.3540	0.1482	-0.0034	0.6952	-0.7033	-0.0133	-0.0011	-0.0062	2.0687	1.9977	9.3754	-2.8853254087657376E-4	3	0	8	Lying	Normal
2.1452	1.9154	9.6917	12.3177	-11.8649	90.5896	16.7685	-4.4240	-25.1429	0.0772	-0.0796	0.3156	0.1481	-0.0036	0.6950	-0.7035	-0.0027	0.0031	-0.0083	2.0680	1.9950	9.3761	-0.05842398540987581	3	0	8	Lying	Normal
2.1069	1.9537	9.6917	12.3143	-11.8400	90.5633	16.0041	-4.4240	-25.5587	0.0403	-0.0382	0.3147	0.1479	-0.0037	0.6949	-0.7037	0.0037	0.0010	-0.0106	2.0666	1.9918	9.3770	-7.255585229408723E-4	3	0	8	Lying	Normal
2.0692	2.0692	9.7294	12.3017	-11.8381	90.5393	17.2319	-4.6449	-25.6264	0.0054	0.0768	0.3518	0.1478	-0.0036	0.6948	-0.7038	-0.0027	-0.0022	-0.0096	2.0638	1.9924	9.3776	0.051280116009198906	3	0	8	Lying	Normal
2.1458	2.0309	9.6911	12.3065	-11.8368	90.5163	16.9031	-4.3020	-25.5539	0.0820	0.0379	0.3136	0.1479	-0.0036	0.6946	-0.7040	-0.0027	0.0052	-0.0085	2.0638	1.9930	9.3775	-0.028483067281722896	4	0	9	Lying	Normal
2.1075	1.9926	9.7294	12.2951	-11.8187	90.5069	17.3804	-4.7559	-25.5289	0.0458	0.0022	0.3509	0.1477	-0.0036	0.6946	-0.7040	-0.0027	0.0063	-0.0085	2.0617	1.9903	9.3785	0.02104100627094141	4	0	9	Lying	Normal
2.0692	1.9926	9.6911	12.2849	-11.8148	90.5130	16.7831	-4.6971	-25.2328	0.0090	0.0031	0.3121	0.1476	-0.0036	0.6947	-0.7040	-0.0091	-0.0022	-0.0096	2.0602	1.9894	9.3790	-0.04460745243003039	4	0	9	Lying	Normal
2.1458	1.9926	9.8061	12.3267	-11.8051	90.5148	16.5331	-4.5690	-24.9717	0.0786	0.0049	0.4283	0.1478	-0.0039	0.6947	-0.7040	-0.0027	-0.0012	-0.0096	2.0672	1.9876	9.3778	0.12609665279054738	4	0	9	Lying	Normal
2.0692	2.0692	9.7677	12.2642	-11.7701	90.5103	17.9184	-4.9250	-25.8356	0.0121	0.0871	0.3865	0.1472	-0.0037	0.6948	-0.7040	-0.0080	0.0095	-0.0085	2.0571	1.9821	9.3812	-0.037363693291750266	4	0	9	Lying	Normal
2.0309	2.0309	9.6911	12.2629	-11.7692	90.5133	17.1031	-4.8076	-25.1107	-0.0260	0.0491	0.3097	0.1472	-0.0037	0.6948	-0.7040	0.0026	-0.0182	-0.0106	2.0569	1.9818	9.3814	-0.08887808407146203	4	0	9	Lying	Normal
2.0692	1.9926	9.7294	12.2533	-11.7616	90.5098	16.4975	-4.0222	-25.2288	0.0139	0.0118	0.3475	0.1471	-0.0037	0.6948	-0.7040	-0.0080	0.0042	-0.0085	2.0553	1.9808	9.3820	0.03687127158940662	4	0	9	Lying	Normal
2.0309	1.9543	9.6528	12.2517	-11.7470	90.4778	16.8549	-4.3811	-24.9364	-0.0230	-0.0251	0.2702	0.1470	-0.0037	0.6946	-0.7042	0.0048	-0.0064	-0.0052	2.0539	1.9794	9.3826	-0.08875421775073633	4	0	9	Lying	Normal
2.0309	2.1075	9.6911	12.2511	-11.7389	90.4524	16.4213	-4.4687	-25.4087	-0.0221	0.1285	0.3083	0.1469	-0.0037	0.6945	-0.7044	-0.0037	-0.0011	-0.0052	2.0530	1.9790	9.3829	0.06755193088019418	4	0	9	Lying	Normal
2.1069	2.0686	9.6151	12.2704	-11.7508	90.4381	16.2410	-4.6768	-25.0297	0.0512	0.0871	0.2334	0.1471	-0.0038	0.6943	-0.7044	0.0090	-0.0182	-0.0052	2.0557	1.9815	9.3817	-0.06517073075077207	4	0	9	Lying	Normal
2.1075	2.0309	9.6528	12.3272	-11.7837	90.4439	16.7637	-4.5464	-25.1824	0.0425	0.0441	0.2743	0.1477	-0.0039	0.6942	-0.7044	0.0080	-0.0160	-0.0052	2.0650	1.9867	9.3785	0.02851189721466163	5	0	10	Lying	Normal
2.0309	2.0309	9.6911	12.3138	-11.7792	90.4495	16.6510	-4.7494	-25.4835	-0.0320	0.0452	0.3120	0.1476	-0.0039	0.6943	-0.7044	-0.0037	-0.0064	-0.0042	2.0629	1.9857	9.3791	0.02098984881724597	5	0	10	Lying	Normal
1.9920	2.0303	9.6917	12.2925	-11.7855	90.4872	17.0805	-5.3486	-25.4492	-0.0688	0.0449	0.3120	0.1475	-0.0038	0.6946	-0.7041	-0.0059	0.0021	-0.0063	2.0608	1.9854	9.3797	-0.0072891694636894044	5	0	10	Lying	Normal
2.0686	2.0686	9.7683	12.2737	-11.7863	90.5289	16.4639	-4.8279	-25.7067	0.0094	0.0844	0.3880	0.1474	-0.0037	0.6948	-0.7039	-0.0027	-0.0161	-0.0099	2.0592	1.9842	9.3803	0.09649837262895034	5	0	10	Lying	Normal
2.1075	1.9926	9.6911	12.2782	-11.7855	90.5516	16.5375	-4.3775	-25.0236	0.0468	0.0094	0.3109	0.1474	-0.0038	0.6950	-0.7038	0.0069	-0.0129	-0.0110	2.0607	1.9831	9.3802	-0.08115415949002802	5	0	10	Lying	Normal
2.0309	1.9926	9.7294	12.2713	-11.7804	90.5605	16.6251	-4.6269	-25.4354	-0.0289	0.0106	0.3488	0.1473	-0.0038	0.6950	-0.7037	-0.0038	-0.0129	-0.0078	2.0598	1.9820	9.3806	0.02107350441495015	5	0	10	Lying	Normal
2.2218	2.0303	9.6534	12.3307	-11.7454	90.5716	16.7041	-4.4513	-24.7759	0.1516	0.0546	0.2737	0.1475	-0.0043	0.6951	-0.7036	-0.0134	-0.0214	-0.0056	2.0702	1.9757	9.3797	-0.025165936845974457	5	0	10	Lying	Normal
2.2218	2.0303	9.6534	12.4479	-11.6684	90.6093	16.9726	-4.8044	-24.9290	0.1308	0.0691	0.2753	0.1477	-0.0056	0.6953	-0.7034	-0.0134	-0.0214	-0.0056	2.0910	1.9612	9.3781	0.0	5	0	10	Lying	Normal
2.1841	1.9926	9.7294	12.3967	-11.5242	90.6068	16.0958	-4.2648	-25.1430	0.1007	0.0554	0.3446	0.1465	-0.0062	0.6955	-0.7034	-0.0251	0.0190	-0.0129	2.0834	1.9372	9.3848	0.056966976545266945	5	0	10	Lying	Normal
2.1835	1.9920	9.6917	12.3178	-11.4618	90.5964	16.3920	-4.0809	-24.8616	0.1130	0.0648	0.3020	0.1457	-0.0060	0.6956	-0.7035	-0.0166	0.0116	-0.0140	2.0705	1.9272	9.3898	-0.03631243982303367	5	0	10	Lying	Normal
2.1835	1.9920	9.6151	12.3224	-11.4536	90.5868	16.2161	-4.5999	-25.1841	0.1125	0.0658	0.2252	0.1456	-0.0061	0.6956	-0.7035	-0.0102	0.0009	-0.0161	2.0710	1.9261	9.3899	-0.07324386934149452	6	0	11	Lying	Normal
Total time: 11 seconds.
