8.8107	0.8811	4.1755	-4.2513	-60.4358	17.7716	-27.0713	12.3694	-7.6988	0.3044	0.1541	-0.6497	-0.0460	-0.5019	-0.1518	0.8503	0.0802	0.1344	-0.0205	8.5063	0.7269	4.8252	-0.07278150856485688	6	0	1	Upright	Normal
8.5042	0.7278	4.5203	-4.8478	-60.3572	17.6310	-27.0129	12.1493	-8.4513	0.0115	-0.1009	-0.3126	-0.0408	-0.5019	-0.1534	0.8502	0.0621	0.0343	-0.1078	8.4927	0.8287	4.8328	-0.13139336114011968	6	0	1	Upright	Normal
8.1594	0.9194	4.7501	-5.4962	-60.2548	17.9028	-26.9933	11.1723	-8.3527	-0.3159	-0.0198	-0.0929	-0.0370	-0.5017	-0.1582	0.8496	-0.0125	-0.0062	-0.1345	8.4753	0.9391	4.8430	-0.1723567538982529	6	0	1	Upright	Normal
8.8496	1.6861	4.0983	-7.2236	-60.0059	19.6118	-26.9893	10.7169	-8.1093	0.4238	0.4531	-0.7651	-0.0312	-0.5011	-0.1782	0.8463	-0.2821	0.0300	-0.3305	8.4258	1.2330	4.8634	0.4111732281704956	6	0	1	Upright	Normal
7.9296	2.0303	4.0989	-8.1582	-60.5197	21.9247	-27.5902	10.6438	-7.7134	-0.5209	0.6388	-0.6783	-0.0353	-0.5052	-0.1990	0.8390	-0.3321	-0.0542	-0.2847	8.4505	1.3915	4.7772	-0.7428680763829334	6	0	1	Upright	Normal
8.1211	1.5323	4.3670	-8.3108	-60.0383	24.2639	-28.9978	10.4342	-7.3325	-0.2857	0.1149	-0.4791	-0.0435	-0.5010	-0.2169	0.8367	-0.2682	0.0939	-0.0514	8.4068	1.4174	4.8462	0.19291640384237496	0	0	1	Upright	Normal
8.3893	1.9920	4.0989	-7.8435	-60.2989	26.7887	-28.3595	10.3769	-7.4016	-0.0492	0.6538	-0.7145	-0.0585	-0.5012	-0.2333	0.8313	-0.5132	-0.1213	-0.1025	8.4385	1.3382	4.8134	0.19997918971363937	0	0	1	Upright	Normal
9.6151	2.5666	4.0223	-7.6341	-61.4030	29.4545	-29.2188	10.2705	-6.3585	1.0811	1.2638	-0.6300	-0.0742	-0.5073	-0.2510	0.8211	-0.3970	-0.2064	0.0221	8.5340	1.3027	4.6522	1.1866741629224826	0	0	1	Upright	Normal
11.3395	3.2567	3.9067	-8.1231	-63.7903	30.5466	-29.0560	10.4793	-4.4092	2.6294	1.8711	-0.3808	-0.0808	-0.5243	-0.2592	0.8071	0.3476	0.0194	0.1542	8.7101	1.3856	4.2876	1.6940049526082266	0	0	1	Upright	Normal
6.5511	-1.7615	4.2515	-6.8047	-66.3569	23.6501	-28.0895	11.2980	-4.8647	-2.3691	-2.9233	0.3464	-0.0633	-0.5449	-0.2030	0.8111	1.0549	-0.3843	0.9777	8.9202	1.1618	3.9051	-4.421960783370084	0	0	1	Upright	Normal
10.0748	0.2298	4.2138	1.0533	-68.9379	16.0719	-27.6460	14.1043	-4.6897	0.9249	0.4102	0.6901	-0.0866	-0.5593	-0.1101	0.8170	1.3308	-0.5793	2.1761	9.1499	-0.1803	3.5237	2.916996722061871	0	1	2	PT	Normal
7.6998	0.4597	2.6432	11.7538	-76.5255	13.2404	-23.9123	17.4538	-3.6032	-1.6369	2.4575	0.4061	-0.1509	-0.6026	-0.0271	0.7831	-1.3579	-1.5327	1.3974	9.3366	-1.9978	2.2371	-2.7691166278290282	0	1	2	PT	Normal
6.2441	-3.6775	1.2641	14.6633	-75.8611	12.4423	-20.5325	19.2739	-0.0344	-2.9556	-1.1950	-1.0533	-0.1661	-0.5952	-0.0068	0.7862	1.5865	0.1472	-0.6043	9.1997	-2.4825	2.3174	-0.7978177942068196	0	1	2	PT	Normal
6.3213	-3.7152	-0.3837	13.5213	-88.7301	6.5452	-21.9760	18.8143	-1.1562	-3.2111	-1.4223	-0.5950	-0.1237	-0.6884	0.0417	0.7135	-0.2628	-3.2147	-0.1792	9.5324	-2.2929	0.2113	-0.013741122463790667	0	1	2	Upright	Normal
9.2326	-3.0640	9.3081	5.3618	-78.5631	18.8515	-24.5558	16.8174	0.5501	-0.3371	-2.1474	7.3722	-0.1393	-0.6180	-0.0974	0.7676	-1.9534	-0.2416	-1.7569	9.5698	-0.9165	1.9359	6.12138527083095	0	0	2	Upright	Normal
8.0834	2.3373	4.9410	-1.9387	-72.7058	19.7538	-28.8680	13.3998	0.4880	-1.2745	2.0057	2.0274	-0.0882	-0.5862	-0.1480	0.7916	1.3085	1.0250	-0.0524	9.3579	0.3316	2.9136	-3.7056834145865185	0	0	2	Upright	Normal
8.2361	1.4557	1.6472	-6.3512	-68.2766	18.0595	-28.8533	13.6500	-3.3218	-0.8182	0.3710	-1.9601	-0.0427	-0.5606	-0.1604	0.8113	-0.1458	-0.0957	-0.3944	9.0543	1.0847	3.6073	-1.2335445622034342	0	0	2	Upright	Normal
9.1943	1.7627	2.5277	-6.4521	-69.9518	23.0160	-29.9648	12.7629	-3.2461	0.0403	0.6608	-0.8127	-0.0690	-0.5700	-0.1948	0.7952	-0.8584	-0.5123	-0.2314	9.1541	1.1019	3.3404	1.1725688506998502	0	0	2	Upright	Normal
10.6117	3.2184	2.0297	-6.3595	-73.6946	26.3660	-29.8619	12.3528	-1.3512	1.2574	2.1322	-0.7066	-0.0933	-0.5931	-0.2146	0.7704	-0.2076	-0.5346	0.1383	9.3543	1.0862	2.7363	1.5762554738698427	0	0	2	Upright	Normal
9.2326	1.7244	1.3018	-6.2733	-76.1851	19.9577	-30.4862	13.1107	-1.2188	-0.2333	0.6529	-1.0258	-0.0643	-0.6142	-0.1694	0.7681	2.3139	0.1887	0.9425	9.4659	1.0716	2.3276	-1.7911975193168264	0	1	3	PT	Normal
10.9182	-0.0760	5.0176	-0.0408	-74.1936	5.4419	-27.0810	17.1094	-5.5336	1.4823	-0.0829	2.3466	-0.0284	-0.6025	-0.0381	0.7967	0.7885	1.0952	2.2613	9.4358	0.0069	2.6710	2.534161056355188	0	1	3	PT	Normal
10.9565	1.6095	5.7455	14.8165	-80.7432	-3.8599	-22.0003	20.8468	-6.8084	1.5995	4.1174	4.2205	-0.0765	-0.6453	0.1089	0.7522	1.8155	-1.2440	3.7569	9.3570	-2.5079	1.5250	0.4596184491868538	0	1	3	PT	Normal
0.2304	-3.1406	2.6043	32.0025	-73.8338	-18.4402	-13.3234	27.1769	-7.9199	-7.7569	2.0566	0.2890	-0.1250	-0.6052	0.2866	0.7321	1.6216	1.1571	2.6906	7.9874	-5.1972	2.3153	-8.389402517081795	0	1	3	Jump	Normal
4.9805	-6.2435	1.3785	34.1853	-70.7775	-35.4374	-7.9501	26.5767	-12.9651	-2.6794	-0.7334	-1.2923	-0.0598	-0.6002	0.3993	0.6905	2.0019	-1.4464	0.6027	7.6599	-5.5101	2.6707	4.018327674760188	0	1	3	Jump	Normal
-0.1915	-6.2058	4.8650	31.6470	-57.5953	-51.9650	-7.2070	22.8775	-18.7859	-7.2399	-1.0603	0.3913	-0.0118	-0.5213	0.4874	0.7003	2.5292	2.9041	0.9798	7.0484	-5.1454	4.4737	-0.216982177007214	0	1	3	Upright	Normal
3.6009	-3.3710	5.8993	22.2652	-55.5633	-69.6034	-4.4611	16.4616	-25.7729	-3.8841	0.3448	0.7673	0.1208	-0.4730	0.5693	0.6614	2.5558	-3.9658	-0.3901	7.4850	-3.7158	5.1320	-0.19804127344422362	0	1	3	Upright	Normal
7.5465	-6.7804	3.8307	16.3686	-57.8704	-84.2964	-10.1919	9.9473	-28.8302	-0.4215	-4.0167	-1.1733	0.2290	-0.4387	0.6324	0.5960	1.9486	-1.8544	-0.3773	7.9681	-2.7637	5.0040	3.1545250379670406	0	0	3	Upright	Normal
5.3253	0.0389	3.5237	3.5286	-55.2717	-97.6131	-12.1915	1.5343	-30.0124	-2.7191	0.6425	-2.0523	0.3309	-0.3259	0.6757	0.5724	2.3043	1.6705	-0.8908	8.0444	-0.6036	5.5759	-4.458578319243823	0	0	3	Upright	Normal
9.5385	4.9416	5.3247	-13.9690	-44.2971	-110.3466	-7.7532	-7.2398	-30.8524	2.8923	2.5744	-1.4865	0.3715	-0.1213	0.7285	0.5627	4.0961	3.2566	-0.7289	6.6462	2.3673	6.8112	5.604108436345933	0	0	3	Upright	Normal
0.3454	0.7284	6.7798	-31.3405	-56.7450	-124.2367	-4.1223	-15.7263	-27.5434	-6.6587	-4.3723	2.1870	0.5156	-0.0039	0.6888	0.5096	4.4359	-4.7062	-1.6855	7.0041	5.1007	4.5928	-5.162221195981598	0	1	4	Jump	Normal
0.9583	12.9484	-0.5752	-54.7550	-82.1865	-109.9735	-6.8868	-23.6090	-20.7962	-4.6482	4.9394	-1.3445	0.6769	-0.0510	0.3747	0.6315	-4.9160	-9.2655	-3.1374	5.6065	8.0091	0.7693	6.168988925645124	0	1	4	Jump	Normal
0.9200	11.3395	-0.1155	-77.1849	-105.7021	-137.2039	-5.7168	-24.4504	-18.3218	-1.1736	1.7771	0.4732	0.7175	0.1234	0.2581	0.6351	2.2809	1.0835	-2.2863	2.0936	9.5624	-0.5887	-1.6192010530477532	0	1	4	PT	Normal
-0.2292	7.1257	-2.2224	-78.2541	167.4501	129.8390	4.1584	-24.6086	-14.4600	0.2046	-2.4756	-0.2744	0.7276	0.2644	0.1891	0.6041	1.8079	0.7309	-4.1079	-0.4338	9.6013	-1.9480	-3.909602750972807	0	1	4	Jump	Normal
-2.1069	7.3550	-4.3670	-50.9279	128.5037	87.0397	17.9572	-19.4442	-10.2436	2.7301	-0.2586	-0.5189	0.6954	0.4611	0.0107	0.5511	1.0974	0.5626	-3.6828	-4.8370	7.6136	-3.8481	1.341668554807649	0	1	4	PT	Normal
-14.2114	1.6861	-6.1298	-30.0842	139.7701	82.2470	24.2978	-12.7997	-4.4817	-8.7309	-3.2296	0.3487	0.6636	0.6244	-0.0349	0.4105	2.0881	5.6109	-2.9052	-5.4805	4.9157	-6.4784	6.759186687045126	0	1	4	Jump	Normal
-4.7878	5.1721	-6.2830	-31.4905	153.4428	84.3228	25.0397	-9.0240	6.7282	-1.0490	0.0495	1.1971	0.6750	0.6525	0.0474	0.3411	0.1685	-0.0446	0.8413	-3.7388	5.1225	-7.4801	-6.126685101569141	0	1	4	Jump	Normal
-3.7152	4.5209	-7.4705	-31.9243	158.8039	90.5822	22.8584	-12.5777	8.4397	-0.7057	-0.6648	0.2897	0.7072	0.6289	0.0645	0.3165	0.2761	0.5796	0.8552	-3.0095	5.1857	-7.7602	0.04753383829133284	0	1	4	Tilt	Normal
-3.2172	3.3716	-8.6197	-31.0284	162.8713	98.9789	21.6683	-13.7132	9.6636	-0.7421	-1.6834	-0.5890	0.7503	0.5887	0.0627	0.2943	0.2750	0.1908	1.1545	-2.4752	5.0551	-8.0308	0.309394057508916	0	1	4	Tilt	Normal
-2.1452	4.7884	-8.3893	-36.3404	173.4247	106.0999	18.3273	-17.0485	10.6756	-1.2405	-1.0228	-0.5418	0.7688	0.5559	0.1436	0.2816	-1.4038	1.8462	0.7817	-0.9047	5.8112	-7.8474	0.09615808195354525	0	1	4	Tilt	Normal
-0.3831	7.4316	-6.6655	-47.7406	178.4467	112.6288	13.7419	-19.5421	9.5788	-0.2041	0.1736	-0.0730	0.7639	0.5026	0.2141	0.3436	-2.0132	-0.0915	0.2139	-0.1790	7.2580	-6.5924	0.09521238186367498	1	1	5	Tilt	Normal
-0.3442	7.8919	-4.2144	-58.1576	176.1998	115.4950	12.6881	-22.4924	3.6576	-0.0012	-0.4389	0.9481	0.7473	0.4525	0.2347	0.4263	-0.8595	0.0577	0.0253	-0.3430	8.3308	-5.1625	-1.0369040049611833	1	0	5	Tilt	Normal
-0.9571	8.9262	-5.0955	-59.0010	172.6573	115.8890	13.1342	-23.1473	2.1811	-0.3115	0.5201	-0.0862	0.7529	0.4343	0.2136	0.4461	0.2995	-0.1011	-0.4572	-0.6455	8.4060	-5.0093	1.369346854758211	1	0	5	Tilt	Normal
-2.2212	8.1217	-5.2104	-56.5496	166.6633	112.5552	14.0934	-22.4385	1.2868	-0.9743	-0.0605	0.0495	0.7581	0.4399	0.1761	0.4481	0.3432	-0.0862	-0.4913	-1.2469	8.1822	-5.2599	-0.4209372204131796	1	0	5	Tilt	Normal
-1.9148	7.6237	-5.5551	-53.4397	163.2181	110.8930	15.2249	-21.5325	1.7420	-0.2280	-0.2532	0.0376	0.7650	0.4471	0.1449	0.4403	0.6233	0.0182	-0.4370	-1.6867	7.8769	-5.5927	-0.27641781222900086	0	0	5	Tilt	Normal
-2.7958	7.3939	-6.0914	-49.4550	160.9341	110.2526	15.7251	-20.4044	1.2342	-0.7135	-0.0581	-0.0663	0.7745	0.4553	0.1125	0.4245	0.5456	-0.0531	-0.2921	-2.0824	7.4520	-6.0252	0.3542496223420404	0	0	5	Tilt	Normal
-3.1789	7.5854	-6.1681	-46.7818	158.8555	110.0432	16.7938	-18.9872	1.9789	-0.7564	0.4389	0.0952	0.7810	0.4575	0.0857	0.4163	0.2601	-0.2854	-0.2932	-2.4225	7.1465	-6.2632	0.3009735942364067	0	0	5	Tilt	Normal
-2.7192	6.9342	-6.5511	-45.4937	155.5408	109.8849	18.0831	-17.2752	1.3681	0.1272	-0.0596	-0.2937	0.7848	0.4507	0.0571	0.4215	0.0566	-0.3940	-0.0641	-2.8464	6.9938	-6.2574	-0.3611439610855438	0	0	5	Tilt	Normal
-3.1789	6.7427	-6.8576	-44.6540	151.6953	108.7462	16.4940	-16.5515	1.9960	0.1290	-0.1496	-0.7156	0.7832	0.4470	0.0307	0.4312	-0.1703	-0.6731	-0.3337	-3.3079	6.8923	-6.1420	0.2095936447203286	0	0	5	Tilt	Normal
-5.2092	6.6661	-4.9805	-45.1631	145.2041	106.7239	18.8802	-16.7186	1.3954	-1.2632	-0.2881	0.6976	0.7755	0.4337	-0.0029	0.4588	-0.1202	-0.5176	0.2767	-3.9459	6.9541	-5.6781	-0.31174125971402766	1	0	6	Tilt	Normal
-3.6769	6.9725	-6.0531	-43.4533	147.6178	110.7958	19.9694	-16.7768	2.2640	0.1359	0.2279	-0.0412	0.7929	0.4216	-0.0113	0.4397	0.9067	-0.1501	0.1585	-3.8128	6.7446	-6.0120	0.12134821015680686	1	0	6	Tilt	Normal
-4.2132	5.5935	-7.3939	-36.4376	150.6706	114.0933	20.3872	-16.6229	4.3765	-0.3487	-0.2312	-0.5157	0.8141	0.4334	-0.0373	0.3846	1.3872	0.0087	0.0775	-3.8645	5.8246	-6.8782	0.2451353986208531	1	0	6	Tilt	Normal
-4.4436	5.8993	-8.1211	-35.1153	152.5725	115.7337	20.6765	-16.4725	5.7785	-0.7485	0.2583	-1.0009	0.8224	0.4321	-0.0355	0.3684	0.1259	0.0023	0.7220	-3.6952	5.6410	-7.1202	0.7935156362353499	1	0	6	Tilt	Normal
-3.4093	5.4779	-7.3550	-35.5440	154.7506	119.5648	19.4249	-17.3286	6.2798	-0.0055	-0.2230	-0.1380	0.8366	0.4100	-0.0299	0.3621	0.1941	-0.4046	0.7465	-3.4038	5.7009	-7.2170	-1.193226463991257	1	0	6	Tilt	Normal
-3.3710	5.6312	-7.0102	-36.8101	154.5268	119.6387	19.3085	-19.1995	6.1026	0.0058	-0.2447	0.0780	0.8350	0.4051	-0.0260	0.3714	-0.1436	-0.0797	0.1042	-3.3769	5.8758	-7.0882	-0.18103827984940857	0	0	6	Tilt	Normal
-3.4087	5.5168	-7.0874	-35.6228	154.6659	119.0905	18.9306	-19.1724	5.9595	0.0024	-0.1951	0.1175	0.8347	0.4130	-0.0287	0.3631	0.3230	0.0843	-0.1526	-3.4111	5.7120	-7.2049	0.0035710406069249245	0	0	6	Tilt	Normal
-3.7152	5.3636	-8.0068	-33.9974	154.1998	118.0068	19.3545	-18.4900	5.6434	-0.1766	-0.1199	-0.6870	0.8327	0.4241	-0.0363	0.3542	0.0088	-0.0296	-0.1888	-3.5386	5.4835	-7.3198	0.7220520788305205	0	0	6	Tilt	Normal
-3.8301	5.5551	-6.9342	-34.6511	153.2784	116.1377	19.5431	-18.3427	6.3000	-0.2026	-0.0208	0.2714	0.8246	0.4328	-0.0340	0.3626	-0.1947	0.0662	-0.1142	-3.6275	5.5759	-7.2056	-0.6532634014037608	0	0	6	Tilt	Normal
-4.0606	5.6695	-7.2401	-33.8359	152.9628	115.6204	19.6544	-17.9183	5.4711	-0.3576	0.2089	0.0154	0.8235	0.4380	-0.0385	0.3586	0.2165	-0.0020	0.0349	-3.7029	5.4606	-7.2555	0.3770742375824234	0	0	6	Tilt	Normal
-3.7535	5.4019	-7.5471	-33.8631	153.2325	115.9099	19.4438	-18.3230	5.8767	-0.0860	-0.0624	-0.2765	0.8246	0.4367	-0.0374	0.3576	-0.0754	0.0087	0.0807	-3.6675	5.4643	-7.2706	-0.04100635698118005	1	0	7	Tilt	Normal
-3.7152	5.5551	-7.0491	-34.5117	153.2239	115.7864	20.0569	-18.0775	5.5457	-0.0747	-0.0010	0.1652	0.8235	0.4356	-0.0339	0.3620	-0.0296	0.0236	0.0434	-3.6405	5.5562	-7.2143	-0.29791561002212674	1	0	7	Tilt	Normal
-3.7152	5.3636	-7.2790	-34.1338	153.3731	115.8304	19.5162	-18.3991	5.3280	-0.0771	-0.1392	-0.0226	0.8241	0.4369	-0.0348	0.3589	0.0673	-0.0116	-0.0034	-3.6381	5.5028	-7.2564	0.06173300861033404	1	0	7	Tilt	Normal
-3.7918	5.5551	-7.3939	-33.7688	153.2354	115.7508	19.0569	-18.4707	6.1585	-0.1206	0.1041	-0.1151	0.8241	0.4381	-0.0373	0.3571	0.0418	-0.0361	-0.0056	-3.6712	5.4510	-7.2788	0.22011979440290474	1	0	7	Tilt	Normal
-3.8301	5.4019	-7.3556	-33.3826	153.0153	115.6398	19.7122	-18.3682	6.3977	-0.1145	0.0060	-0.0584	0.8240	0.4393	-0.0404	0.3554	0.0844	-0.0297	-0.0205	-3.7157	5.3959	-7.2972	-0.09810712499192853	1	0	7	Tilt	Normal
-3.8684	5.4019	-7.4322	-33.0245	152.9268	115.6396	19.0904	-18.9245	5.4831	-0.1261	0.0573	-0.1109	0.8244	0.4401	-0.0428	0.3534	0.0375	-0.0147	-0.0013	-3.7423	5.3446	-7.3213	0.07186032911527107	1	0	7	Tilt	Normal
-3.8301	5.3253	-7.4322	-32.9451	152.8906	115.6762	19.4259	-18.1157	6.3618	-0.0799	-0.0078	-0.1065	0.8246	0.4400	-0.0435	0.3530	-0.0051	-0.0020	0.0125	-3.7502	5.3331	-7.3257	-0.05615891437552811	1	0	7	Tilt	Normal
-3.7918	5.3253	-7.3173	-32.9272	152.8919	115.7741	19.5641	-18.0538	6.1332	-0.0410	-0.0052	0.0099	0.8250	0.4393	-0.0439	0.3528	0.0215	0.0002	0.0125	-3.7508	5.3305	-7.3272	-0.10071608218392392	1	0	7	Tilt	Normal
-3.8301	5.3253	-7.4705	-32.8770	152.8970	115.8754	19.1452	-18.6948	6.1201	-0.0778	0.0018	-0.1389	0.8254	0.4388	-0.0444	0.3524	0.0215	-0.0105	0.0083	-3.7523	5.3235	-7.3316	0.12946377907417528	1	0	7	Tilt	Normal
-3.8684	5.3253	-7.4322	-32.8599	152.8924	115.9642	19.7861	-18.5449	6.2569	-0.1148	0.0043	-0.0995	0.8258	0.4382	-0.0448	0.3523	0.0109	-0.0073	-0.0034	-3.7537	5.3210	-7.3327	-0.013886695220470813	1	0	7	Tilt	Normal
-3.8301	5.2870	-7.3556	-32.7924	152.8841	116.0183	20.6311	-18.1454	6.0086	-0.0726	-0.0242	-0.0178	0.8260	0.4379	-0.0454	0.3519	0.0173	-0.0030	-0.0024	-3.7576	5.3112	-7.3378	-0.0928033375204027	2	0	8	Tilt	Fall
-3.7918	5.4019	-7.3556	-32.7913	152.8730	116.0502	20.0581	-18.0782	5.9499	-0.0328	0.0908	-0.0186	0.8261	0.4377	-0.0455	0.3519	0.0034	-0.0158	0.0030	-3.7590	5.3111	-7.3370	0.04748239488335848	2	0	8	Tilt	Normal
-3.9073	5.2864	-7.4316	-32.8059	152.8278	116.0344	20.1316	-18.6567	6.5935	-0.1432	-0.0268	-0.0986	0.8261	0.4376	-0.0458	0.3522	-0.0243	-0.0020	-0.0034	-3.7641	5.3132	-7.3330	0.03931368823296033	2	0	8	Tilt	Normal
-3.8307	5.2864	-7.3550	-32.9301	152.8195	116.0639	19.4690	-17.9736	6.1507	-0.0708	-0.0446	-0.0329	0.8260	0.4370	-0.0453	0.3530	-0.0264	0.0151	0.0083	-3.7599	5.3310	-7.3221	-0.08733379650230333	2	0	8	Tilt	Normal
-3.7924	5.2864	-7.3933	-32.9529	152.8478	116.1336	19.7846	-18.5789	6.4517	-0.0370	-0.0480	-0.0712	0.8263	0.4365	-0.0452	0.3530	-0.0136	0.0002	0.0008	-3.7555	5.3344	-7.3221	0.013864697201606546	2	0	8	Tilt	Normal
-3.7924	5.2864	-7.3167	-33.1055	152.7691	116.1552	19.9323	-19.2327	6.0801	-0.0335	-0.0699	-0.0124	0.8262	0.4357	-0.0451	0.3543	-0.0264	-0.0030	-0.0034	-3.7589	5.3563	-7.3043	-0.05737425666140794	2	0	8	Tilt	Normal
-3.8307	5.4013	-7.3933	-33.1976	152.7262	116.2124	19.3260	-18.4825	6.7447	-0.0703	0.0319	-0.0995	0.8263	0.4349	-0.0452	0.3551	-0.0222	0.0002	0.0008	-3.7604	5.3694	-7.2938	0.1342439930521664	2	0	8	Tilt	Normal
-3.8307	5.3630	-7.2784	-33.2739	152.7153	116.2752	19.2761	-18.5231	5.9714	-0.0721	-0.0174	0.0084	0.8265	0.4342	-0.0451	0.3556	-0.0094	-0.0009	-0.0013	-3.7586	5.3804	-7.2868	-0.10626229637672502	2	0	8	Tilt	Normal
-3.8690	5.4013	-7.3167	-33.5497	152.6225	116.2581	19.2062	-18.4689	6.3239	-0.1106	-0.0184	-0.0591	0.8261	0.4332	-0.0444	0.3578	-0.0509	-0.0009	0.0040	-3.7584	5.4197	-7.2576	0.06426547204180721	2	0	8	Tilt	Normal
-3.7924	5.5162	-7.3167	-33.5962	152.6042	116.3600	19.3507	-18.5989	5.7923	-0.0337	0.0898	-0.0642	0.8264	0.4322	-0.0446	0.3581	0.0035	0.0013	0.0072	-3.7587	5.4265	-7.2525	0.03371492258471953	2	0	8	Tilt	Normal
-3.8301	5.4402	-7.3556	-33.5928	152.6055	116.4076	19.6422	-18.3679	5.3948	-0.0714	0.0144	-0.1028	0.8266	0.4319	-0.0447	0.3581	0.0088	-0.0051	0.0019	-3.7587	5.4259	-7.2528	0.0012821645316396513	3	0	9	Tilt	Normal
-3.7924	5.4779	-7.3167	-33.5084	152.6133	116.4900	19.5507	-18.8174	5.9270	-0.0310	0.0640	-0.0563	0.8270	0.4316	-0.0453	0.3574	0.0237	-0.0041	-0.0034	-3.7614	5.4139	-7.2604	-0.022535087923429842	3	0	9	Tilt	Normal
-3.8690	5.4013	-7.3167	-33.3255	152.6260	116.5790	19.4697	-18.7207	5.7800	-0.1013	0.0136	-0.0401	0.8275	0.4315	-0.0464	0.3562	0.0376	-0.0019	-0.0024	-3.7677	5.3877	-7.2766	-0.01246199919292934	3	0	9	Tilt	Normal
-3.7918	5.4019	-7.3173	-33.1251	152.6874	116.6757	19.7638	-18.2491	5.9229	-0.0233	0.0429	-0.0199	0.8281	0.4316	-0.0472	0.3546	0.0461	-0.0019	-0.0013	-3.7685	5.3590	-7.2974	-0.029191335971866295	3	0	9	Tilt	Normal
-3.7918	5.4785	-7.3939	-32.9973	152.7022	116.6926	19.3360	-18.1212	6.3151	-0.0198	0.1380	-0.0850	0.8283	0.4319	-0.0478	0.3537	0.0109	-0.0040	-0.0024	-3.7721	5.3406	-7.3089	0.09897122169058292	3	0	9	Tilt	Normal
-3.8301	5.4019	-7.3939	-32.8230	152.7417	116.7873	19.7334	-18.5469	6.0887	-0.0557	0.0862	-0.0681	0.8289	0.4319	-0.0486	0.3523	0.0440	-0.0009	0.0008	-3.7745	5.3157	-7.3258	-0.027241258756685482	3	0	9	Tilt	Normal
-3.8301	5.2487	-7.4705	-32.5983	152.7903	116.8359	19.6327	-18.2845	5.5932	-0.0524	-0.0347	-0.1230	0.8293	0.4323	-0.0495	0.3506	0.0450	-0.0051	-0.0013	-3.7778	5.2834	-7.3475	-0.024868354711571783	3	0	9	Tilt	Normal
-3.8684	5.2870	-7.5088	-32.3007	152.8233	116.9024	18.9973	-18.4419	6.6072	-0.0825	0.0467	-0.1348	0.8298	0.4328	-0.0509	0.3485	0.0333	-0.0051	-0.0013	-3.7860	5.2403	-7.3740	0.06403377510394215	3	0	9	Tilt	Normal
-3.8301	5.2487	-7.4322	-32.1951	152.8414	116.9360	19.8028	-18.1690	6.7144	-0.0420	0.0236	-0.0483	0.8301	0.4329	-0.0513	0.3477	0.0163	-0.0051	0.0008	-3.7881	5.2250	-7.3839	-0.09290034067783282	3	0	9	Tilt	Normal
-3.7918	5.2870	-7.5088	-32.1547	152.8646	116.9759	19.2942	-18.1892	6.5924	-0.0051	0.0678	-0.1202	0.8303	0.4328	-0.0515	0.3473	0.0098	-0.0030	0.0019	-3.7867	5.2192	-7.3887	0.0634147420617115	4	0	10	Tilt	Normal
-3.7918	5.2487	-7.5088	-32.1535	152.8747	117.0083	20.1912	-18.1398	6.1067	-0.0063	0.0298	-0.1194	0.8304	0.4326	-0.0515	0.3473	-0.0094	-0.0041	-0.0024	-3.7855	5.2189	-7.3894	-0.020327862544238684	4	0	10	Tilt	Normal
-3.8301	5.2870	-7.3939	-32.2466	152.8279	116.9802	19.5222	-17.9880	6.3838	-0.0425	0.0545	-0.0151	0.8302	0.4324	-0.0513	0.3481	-0.0264	0.0076	0.0008	-3.7876	5.2325	-7.3788	-0.0514130552976404	4	0	10	Tilt	Normal
-3.8301	5.3253	-7.3939	-32.3765	152.8194	117.0043	19.7697	-18.1795	6.2216	-0.0468	0.0741	-0.0263	0.8302	0.4318	-0.0508	0.3490	-0.0254	0.0076	0.0051	-3.7833	5.2512	-7.3676	0.020582008751537373	4	0	10	Tilt	Normal
-3.8307	5.3247	-7.4699	-32.4481	152.8295	117.0114	19.6426	-17.8689	6.7907	-0.0516	0.0631	-0.1074	0.8301	0.4316	-0.0504	0.3494	-0.0147	0.0034	0.0030	-3.7791	5.2616	-7.3625	0.056889408535452546	4	0	10	Tilt	Normal
-3.8307	5.2864	-7.4316	-32.4463	152.8372	117.0214	19.5441	-18.6132	6.3540	-0.0525	0.0251	-0.0685	0.8302	0.4316	-0.0504	0.3493	-0.0040	0.0013	0.0008	-3.7782	5.2613	-7.3631	-0.04926807674926259	4	0	10	Tilt	Normal
-3.7924	5.2864	-7.4699	-32.4427	152.8356	117.0499	19.8687	-18.4115	5.8631	-0.0139	0.0256	-0.1065	0.8303	0.4314	-0.0505	0.3493	-0.0072	0.0013	-0.0002	-3.7785	5.2608	-7.3634	0.014080498860334245	4	0	10	Tilt	Normal
-3.8307	5.3247	-7.3933	-32.5828	152.8098	117.0798	19.1125	-18.2648	5.2435	-0.0548	0.0437	-0.0432	0.8302	0.4307	-0.0502	0.3503	-0.0359	-0.0009	0.0008	-3.7760	5.2810	-7.3500	-0.022241514975229748	4	0	10	Tilt	Normal
-3.7918	5.3253	-7.4705	-32.6511	152.7888	117.1471	19.3010	-18.4647	5.3862	-0.0160	0.0344	-0.1273	0.8304	0.4299	-0.0502	0.3508	-0.0391	-0.0083	-0.0024	-3.7758	5.2909	-7.3432	0.043277838415054504	4	0	10	Tilt	Normal
-3.8307	5.3630	-7.3550	-32.7800	152.7141	117.2154	19.2534	-18.7434	6.4376	-0.0509	0.0536	-0.0274	0.8305	0.4288	-0.0503	0.3519	-0.0125	0.0055	0.0061	-3.7798	5.3094	-7.3276	-0.051148527018915146	4	0	10	Tilt	Normal
-3.7918	5.4019	-7.2790	-32.7851	152.7117	117.2606	19.7183	-18.4218	6.1613	-0.0118	0.0917	0.0480	0.8307	0.4285	-0.0505	0.3520	0.0024	0.0055	0.0051	-3.7800	5.3102	-7.3270	-0.05024755937126635	5	0	11	Tilt	Normal
Total time: 11 seconds.
