1.9926 9.8072 1.7232 -0.0537 -0.2089 -0.296
2.1458 9.9605 1.8381 -0.1549 -0.4145 -0.2554
1.8393 9.3859 1.1486 -0.401 0.0958 -0.2181
1.7627 8.6963 1.4551 0.0262 -0.1641 -0.2617
2.4906 10.2286 1.7998 -0.1229 -0.1034 -0.1339
2.2601 12.2583 1.494 -0.0292 0.3014 0.1239
1.3791 9.9982 1.5706 0.9498 -0.2408 0.2678
-2.7958 10.4585 4.4813 0.1956 -0.1151 -0.2595
-0.7278 6.3207 1.494 -0.4564 0.3323 0.5065
3.0646 9.3087 1.1875 -0.0718 0.7211 -0.0549
2.1452 10.1514 -2.1835 0.725 -1.1218 0.1112
3.5243 12.1051 1.5706 0.3926 -0.2078 0.8277
2.6049 9.845 5.2098 0.2286 -3.3801 -0.7883
0.9577 7.853 2.49 -0.5661 0.0031 -0.1843
0.3454 8.8113 1.6849 -0.2892 -0.5263 -0.6338
0.4214 10.6877 2.0303 0.269 -0.0182 -0.1587
5.5168 10.6883 1.1486 0.414 0.8553 0.0749
-0.1909 9.8456 0.8805 -0.646 0.4133 -0.3044
-3.4093 7.6998 3.7924 0.8017 -1.8494 -0.494
-0.7278 7.9679 3.6392 -0.3839 -1.5117 0.7204
3.7158 9.0405 -1.1109 -0.4787 2.7228 0.5255
1.801 9.7306 1.4551 0.1338 -0.6403 0.3559
1.1115 9.8839 3.4087 -0.0345 -0.4283 -1.2473
-1.5317 7.9302 5.1709 -0.222 -0.1673 -0.9597
-0.8039 7.5471 4.4047 -0.3382 -0.8981 -0.9704
-0.8045 7.853 3.4477 -0.0878 -1.1314 -1.3443
-1.6083 7.4705 3.4854 0.6952 1.4199 -0.4698
-2.4894 4.8273 3.7152 -0.075 3.7039 0.0693
-7.3927 4.1761 2.2978 -0.3967 7.9447 1.5628
-4.9799 2.7581 0.9577 -1.038 -2.2584 2.2999
-1.5706 0.9194 0.2298 1.003 -4.1503 4.1439
18.8478 14.7106 -11.4545 2.619 2.009 1.8802
3.1801 -3.2172 -3.1418 5.5719 0.1587 0.7074
9.5774 -10.9553 -8.0834 -0.1315 2.0378 0.718
12.0285 3.486 -5.4396 -0.1038 -1.0866 0.0757
4.367 -0.5363 -4.9033 0.1444 0.1523 -0.1757
9.8833 1.7621 -7.3933 -0.3317 0.0894 -0.7072
8.9639 0.9194 -7.0102 -0.3776 0.5358 -0.4451
7.0491 4.3676 -5.5551 -0.2902 0.213 0.3954
6.3207 2.6815 -5.2098 0.1348 0.3898 0.4391
6.2441 1.7238 -4.1372 -0.2998 0.5773 0.292
9.4242 6.8193 -4.2527 0.3127 0.3035 1.0856
9.2703 1.494 -5.7461 -0.5927 0.3344 -0.5219
8.3127 0.8045 -4.4053 0.0379 -0.1471 0.2153
7.8913 0.1532 -4.0223 0.0858 0.0266 0.0257
9.0788 2.6049 -4.9416 -0.0985 0.2268 -0.2268
8.2744 2.6432 -3.869 0.0262 -0.0171 0.1131
8.3899 2.1458 -4.4059 0.023 -0.0608 0.0993
8.3133 1.4946 -4.6358 -0.0143 0.0148 0.013
8.1983 1.4946 -4.2527 0.0241 0.0244 -0.0019
8.3899 1.916 -4.2144 -0.0111 0.0553 -0.0541
8.4282 2.0692 -4.1761 -0.0377 -0.0171 -0.003
8.3133 1.8393 -4.2527 -0.0239 -0.032 0.0098
8.4665 1.8777 -4.3676 0.0209 -0.0011 -0.0264
8.275 1.9926 -4.4442 -0.009 0.0394 -0.0104
8.3516 2.0309 -4.3293 -0.0196 0.0117 -0.0328
8.3899 2.0309 -4.3676 -0.0122 -0.0011 -0.0243
8.3133 1.9926 -4.291 -0.0122 -0.0363 -0.0264
8.2744 2.1069 -4.367 -0.0132 0.0074 -0.0222
8.2744 2.1069 -4.2904 -0.0154 -0.0182 -0.0254
8.3127 2.1069 -4.3287 -0.0015 0.018 -0.0126
8.2361 2.2218 -4.3287 -0.0015 0.0063 0.0088
8.3133 2.1841 -4.291 -0.0004 -0.0022 -0.004
8.4282 2.1841 -4.5592 0.006 0.0138 0.0099
8.2361 2.1835 -4.2521 0.0134 -0.0022 0.0269
8.3127 2.1069 -4.367 0.0134 -0.0235 0.0248
8.3127 2.0303 -4.3287 0.0006 -0.0001 0.0236
8.4282 2.0692 -4.4442 0.0059 0.067 0.0236
8.3133 2.1075 -4.4825 0.0304 -0.0118 0.0353
8.3516 1.9543 -4.3293 0.0187 -0.0022 0.0172
8.351 1.8771 -4.367 0.0027 0.0447 0.0087
8.1983 2.1075 -4.2144 -0.0101 0.0159 -0.0054
8.3899 1.9926 -4.291 -0.0197 -0.0033 -0.0128
8.3133 1.9926 -4.3293 -0.0143 -0.0075 -0.015
8.4665 2.1075 -4.4059 0.0038 0.0383 -0.0054
8.1983 2.1075 -4.3293 0.007 -0.0171 0.001
8.3133 2.0692 -4.2144 0.0038 -0.0022 -0.0171
8.3516 2.1841 -4.3676 0.0006 0.0159 -0.0203
8.275 2.1458 -4.291 -0.0058 -0.0128 -0.0096
8.3133 2.1841 -4.2527 -0.0111 -0.0033 -0.0224
8.275 2.1841 -4.3676 -0.0058 0.0117 -0.0118
8.275 2.1458 -4.3293 -0.0154 0.0021 -0.0139
8.275 2.1075 -4.3293 -0.0271 -0.032 -0.034
8.3893 2.2218 -4.4053 0.007 0.017 -0.0042
8.3133 2.2607 -4.3676 0.0208 -0.0203 0.0224
8.3133 2.2224 -4.3293 0.023 0.0234 0.031
8.3516 2.0692 -4.2527 0.0113 0.0159 0.0288
8.351 2.0686 -4.367 0.0081 0.001 0.0216
8.3127 2.0303 -4.4053 0.006 0.0191 0.0163
8.1977 2.0303 -4.2904 0.0028 -0.0001 0.0131
8.3127 1.9537 -4.2904 -0.0324 -0.0288 -0.0242
8.3899 1.916 -4.3293 0.0017 0.0255 0.0067
8.351 2.1069 -4.3287 0.0006 -0.0033 -0.0031
8.3127 2.1069 -4.367 -0.0175 0.0074 -0.0095
8.351 1.9537 -4.2521 -0.0154 0.0074 -0.0159
8.351 1.9537 -4.2904 -0.0111 -0.0097 -0.0116
8.3516 2.1458 -4.291 -0.01 0.0021 -0.018
8.3516 2.1075 -4.3293 -0.0164 0.0362 -0.0212
