9.0411 0.0772 2.4511 0.0297 0.002 0.0651
9.1171 0.3065 1.992 0.3556 -0.162 0.1823
9.232 -0.6895 2.49 0.1691 -0.2814 0.351
8.9256 -1.7238 1.3791 0.1223 -0.3431 0.1486
9.3087 -1.2258 1.9537 -0.0823 -0.3069 0.3627
8.351 -1.0726 1.0343 0.4408 -0.3485 0.2104
8.5048 -0.7272 -0.2304 0.5441 -0.7533 0.0367
10.3052 -3.8684 -0.422 0.608 -0.03 0.4682
13.1017 -4.6346 -0.9583 -0.8002 0.9277 0.1144
6.7804 -0.996 -0.4214 -2.6377 3.4428 -2.5061
7.8153 1.4946 2.7958 -1.3158 -0.9194 -0.5279
5.1332 -0.1532 3.2561 -0.4081 -0.2473 -0.496
10.9176 2.7198 1.0343 0.7924 -1.4851 0.0182
10.9948 3.4099 -1.418 -0.7469 0.3418 -0.4377
8.8496 0.4603 1.9914 0.3567 -1.059 -0.0585
11.0331 -0.3442 3.1023 -0.2825 -0.0843 -0.1086
6.1675 2.7964 -0.3831 3.0625 0.0425 0.7405
7.8913 0.1915 2.6432 1.8672 -0.9599 0.2804
11.5305 2.49 -0.6512 -1.059 1.258 -0.3822
7.355 4.0223 3.2178 0.8584 -0.2079 -0.6772
7.2401 1.6855 3.7158 0.0595 1.4827 -0.1766
8.734 1.5706 2.0303 1.8054 0.7807 0.374
10.2669 2.6821 -0.9583 -0.3603 -0.1865 0.0481
9.5774 4.4059 1.3402 1.0554 -0.5019 -0.1117
10.3052 3.7547 2.1829 2.1324 -0.4614 -0.051
8.1217 5.2487 0.3442 3.5545 -0.0161 0.3772
5.1338 2.5289 3.7535 2.7854 2.5895 1.1517
8.8496 -4.7112 2.6426 0.5729 -0.0853 0.6405
11.5694 -0.3059 -3.8313 0.7711 -5.4117 -0.0828
10.343 1.0343 -6.5888 -1.3914 0.8105 -0.2192
8.5042 -0.1532 0.6512 -0.4316 5.6064 -1.1822
6.4356 1.0343 3.6392 0.4302 -1.1826 -0.1574
6.3207 1.494 2.4134 -0.8225 1.3101 -0.0965
12.4121 1.5329 -5.5935 1.602 -1.2859 0.0207
10.6883 3.1418 1.1103 -0.4018 0.442 -0.3106
8.773 -1.57 2.566 0.3897 0.426 0.8441
9.1943 -1.9914 4.558 -1.7568 -0.1557 0.6289
6.0142 -0.3831 0.3065 -0.945 1.3581 0.6374
10.6883 -0.2292 0.2676 0.524 -1.0782 0.9421
7.6237 -4.4047 -2.9886 -0.2484 -0.5541 1.431
1.4563 -7.8141 4.5197 -3.1885 4.3515 0.1314
1.1492 -5.9376 5.1715 -2.1882 6.515 -0.7176
2.9886 -3.2172 6.435 -1.1027 -0.4742 1.3237
3.6392 -1.3791 5.0182 0.7072 1.6468 0.0976
1.8004 -5.363 6.9336 -0.9482 -0.1525 -0.9858
3.1029 -7.6614 3.0263 -7.3398 1.0811 3.1506
-13.9432 1.4563 -5.0955 3.6282 4.5581 -8.6856
-1.8004 -6.1675 0.9194 -4.7044 3.0796 -0.4448
2.2601 5.6695 -3.2178 -0.2867 -5.7813 -1.0552
-19.1147 -6.2435 -17.1622 0.0307 0.5368 -1.8126
0.0006 -3.6386 -7.5471 0.6273 0.3099 -0.122
-0.3831 -4.6735 -6.6655 1.52 -0.3091 -0.4139
-1.3791 -7.6998 -5.6695 1.439 -1.1655 -0.3583
-2.5283 -9.4619 -1.0343 2.3817 -0.9109 -1.4118
1.2258 -11.4539 0.2682 0.493 -0.5136 0.9498
-5.7838 -9.5379 -1.7244 0.1851 -0.8534 0.8455
-5.056 -9.2314 -0.4603 0.2757 -0.3218 -0.1019
-4.6735 -9.3853 -0.0383 -0.1738 0.034 -0.2372
-3.869 -8.9639 -0.6512 -0.552 0.3195 -0.3171
-3.8684 -9.3847 -1.9543 -0.3591 0.2907 -0.0955
-3.3321 -8.7334 -2.1075 -0.2516 0.2236 -0.0401
-3.2938 -9.0016 -3.1035 0.0659 -0.0118 -0.0468
-3.6009 -9.1937 -2.2601 0.1458 -0.0779 -0.0159
-3.4854 -9.1931 -2.1841 -0.0439 0.0265 -0.0084
-3.5626 -9.1554 -2.1835 -0.0801 0.0638 -0.002
-3.3704 -9.0016 -2.5672 -0.0684 0.0467 -0.0244
-3.4854 -9.0782 -2.3756 0.0349 -0.0257 -0.0109
-3.5237 -9.0782 -2.3373 -0.0002 -0.015 -0.012
-3.4471 -9.1165 -2.414 -0.0279 0.0073 -0.0152
-3.4471 -9.0399 -2.4906 -0.0322 0.0105 -0.0066
-3.5237 -9.0016 -2.5289 -0.0279 0.0031 -0.0098
-3.4854 -9.0016 -2.4523 -0.0023 -0.0086 -0.0111
-3.4854 -9.1548 -2.4906 -0.0172 0.002 -0.0132
-3.486 -9.0022 -2.49 -0.0268 0.0063 -0.009
-3.4471 -9.0399 -2.4906 -0.0364 0.0073 0.0006
-3.4471 -9.0016 -2.6438 -0.0033 -0.0065 -0.0005
-3.486 -9.0405 -2.6049 -0.0034 -0.0001 -0.0126
-3.486 -9.0788 -2.6815 -0.0321 0.0254 -0.0073
-3.4087 -9.0399 -2.7587 0.0339 -0.0076 -0.0073
-3.6009 -9.1937 -2.2984 0.0233 -0.0012 -0.0084
-3.486 -9.0788 -2.4517 0.0222 0.002 -0.003
-3.4854 -9.0782 -2.5672 0.0148 0.0031 0.0049
-3.5237 -9.0399 -2.5672 0.0276 -0.0001 -0.0153
-3.4093 -9.0022 -2.375 0.0276 -0.0129 -0.0068
-3.5237 -9.0399 -2.3756 -0.0033 0.0052 -0.0121
-3.4477 -9.1171 -2.2601 -0.0236 0.0105 -0.0132
-3.5626 -9.1554 -2.375 -0.03 0.0041 0.0006
-3.4471 -9.1165 -2.4906 -0.0278 0.0009 -0.0026
-3.4854 -9.0016 -2.5289 -0.0183 -0.0023 -0.0122
-3.4854 -9.0782 -2.5289 -0.0193 0.0009 -0.0048
-3.5237 -9.0016 -2.6438 -0.0225 0.0041 -0.0048
-3.4854 -9.0399 -2.6055 -0.0289 0.0009 -0.0102
-3.5243 -9.0405 -2.6432 -0.0151 -0.0001 -0.0038
-3.4471 -9.0782 -2.6055 -0.0087 0.0041 -0.0112
-3.4854 -9.0399 -2.5289 -0.014 -0.0001 -0.0134
-3.4471 -8.9633 -2.6821 -0.0161 0.0084 -0.0059
-3.4471 -8.925 -2.6821 -0.0183 0.0105 -0.0123
-3.486 -9.0405 -2.6815 -0.0033 0.0009 -0.0102
-3.371 -8.9639 -2.7581 -0.0076 0.0063 -0.007
-3.4854 -9.0782 -2.6821 -0.0044 0.002 -0.0038
-3.4087 -9.0016 -2.6821 0.0318 -0.0076 -0.0165
-3.4471 -8.9633 -2.6055 0.051 -0.0108 -0.0048
-3.5237 -9.0399 -2.5672 0.018 0.0063 -0.0165
-3.4471 -9.0399 -2.6055 0.0126 0.0073 -0.0134
-3.4471 -9.0782 -2.4906 0.0265 -0.0001 -0.0059
-3.486 -9.0788 -2.5283 0.0244 0.0009 -0.0027
-3.5243 -9.1554 -2.4517 0.0062 0.0009 -0.0145
-3.4087 -9.0782 -2.4906 -0.0129 -0.0012 -0.0039
-3.5237 -9.0399 -2.4906 -0.0172 -0.0012 -0.0039
-3.486 -9.0022 -2.6049 -0.0193 0.0052 -0.0145
-3.4477 -9.1171 -2.5666 -0.0172 -0.0012 -0.006
-3.486 -9.0405 -2.49 -0.0129 -0.0044 -0.0067
-3.4477 -9.1171 -2.5666 -0.0129 -0.0076 -0.0045
-3.4087 -9.0399 -2.6438 -0.0076 -0.0086 -0.0109
-3.4854 -8.9633 -2.5672 -0.0076 -0.0044 -0.0131
-3.4477 -9.0788 -2.5283 -0.0182 -0.0086 -0.0152
-3.486 -9.1171 -2.7198 -0.0225 -0.0566 -0.0197
-3.5626 -8.9256 -2.6815 0.0339 -0.0182 -0.0335
-3.3321 -8.925 -2.7204 -0.0619 0.0063 0.0314
-3.5626 -9.0405 -2.6049 -0.1376 0.0638 0.0006
-3.486 -8.8873 -2.9113 -0.1258 0.1043 -0.0208
-3.2944 -8.8873 -3.0646 0.0297 -0.03 0.0008
-3.5237 -9.0016 -2.8353 0.0318 -0.0321 -0.0003
-3.5237 -9.1165 -2.9119 0.0159 -0.0086 -0.0173
-3.4471 -8.925 -2.8736 -0.0182 0.0159 -0.0056
-3.4087 -8.9633 -2.797 0.0254 -0.0086 -0.0024
-3.4087 -8.925 -2.8353 0.0212 0.0009 -0.004
-3.562 -9.0016 -2.797 0.0649 -0.0108 -0.004
-3.4471 -8.9633 -2.7204 0.05 -0.0172 0.0046
-3.5243 -9.0405 -2.6815 0.0063 0.0084 -0.0008
-3.4087 -8.9633 -2.6821 -0.0171 0.0254 -0.0157
-3.4471 -8.925 -2.8353 0.0319 -0.0001 0.0011
-3.4471 -8.925 -2.6821 0.0468 -0.0193 0.0032
-3.4477 -8.9639 -2.6432 -0.0097 -0.0076 -0.0181
-3.486 -9.0788 -2.5666 -0.0299 0.0116 -0.0064
-3.4477 -9.1171 -2.6815 -0.0385 0.0105 -0.0181
-3.4477 -9.0022 -2.7581 -0.0001 -0.014 -0.0041
-3.6009 -9.0405 -2.7581 -0.0107 -0.0012 -0.0179
-3.4471 -9.0016 -2.6821 -0.0374 0.0137 -0.0179
-3.4087 -8.9633 -2.7587 -0.0097 -0.0001 0.0002
-3.5237 -9.0399 -2.8353 0.0159 -0.0236 -0.019
-3.486 -9.0405 -2.7198 -0.0438 0.0201 -0.0052
-3.4087 -8.925 -2.8736 -0.0779 0.0393 -0.0276
-3.4854 -8.8867 -2.9503 0.034 -0.0342 -0.0052
-3.4854 -8.925 -2.7587 0.0319 -0.0257 -0.0116
