-1.7232 9.7306 3.562 0.03 1.073 0.4394
-2.4128 8.5814 2.9108 0.1141 0.8461 0.3925
-2.2984 8.6957 3.2944 0.1216 0.7471 0.1645
-2.7192 8.9262 3.3321 0.2526 0.3295 -0.0847
-3.1023 10.3819 4.0983 -0.002 0.0877 -0.35
-2.1063 11.4162 2.8724 -0.7051 -0.2255 -0.3521
-2.4511 9.5391 1.6083 0.2494 -1.0628 -0.057
-2.873 7.7381 0.6512 0.438 -1.7701 0.0516
-2.2984 8.2361 0.9577 0.2238 -0.7177 -0.2626
-2.2978 9.654 2.3744 0.3165 -1.2205 -0.0784
-2.3367 9.0405 2.873 0.3261 -0.6506 0.0527
-3.0646 11.3389 2.6815 0.226 -0.1296 0.0069
-0.498 13.4075 2.6049 -0.5655 0.2773 -0.1614
0.1915 7.0102 0.1149 1.3051 -0.037 0.3371
1.6855 7.5082 -1.1109 -1.3165 1.1423 -0.7292
-0.9571 9.6157 1.8765 1.2529 -0.136 0.4287
-0.6123 8.8113 1.3785 -0.491 1.1231 -0.1902
-1.1869 9.5774 3.562 0.2547 0.3103 0.1262
-1.3018 11.7609 1.6083 -0.9235 0.2294 -0.775
-4.1366 11.7992 3.1789 -0.1415 0.534 0.3989
-0.2676 7.9302 -2.7587 0.6169 0.3465 0.7931
-1.5317 9.1943 3.1406 -0.7008 1.3362 0.0615
-1.4168 8.6197 -0.1538 0.6329 0.7023 0.543
-1.4551 6.781 -1.9926 0.4433 2.4707 0.2756
-1.8765 5.6318 0.7272 1.8324 3.4624 -0.0344
-1.4168 4.3676 -1.2264 0.6074 0.8568 -0.3646
-2.7198 6.3207 -2.5666 0.3304 0.4339 -0.798
-2.49 11.2623 -4.2138 2.0615 1.3703 1.1216
-2.6049 8.2361 -5.7078 1.0899 2.6113 1.3186
-5.1332 10.6111 -11.9519 -3.7623 4.4702 0.1564
10.9948 19.1925 7.4693 -2.2113 1.2999 6.809
7.5854 -1.9148 7.0479 -2.923 0.1505 1.1914
18.3109 -9.3853 13.7906 -3.1818 2.753 0.3254
2.7964 -8.1594 6.7421 -2.3882 0.9196 -0.6323
0.0383 -6.6655 4.0606 -0.6987 0.8035 -0.5886
2.8736 -4.6346 8.2355 -0.1714 -3.6408 -0.3958
6.5128 -1.072 8.5802 0.0704 1.6153 -0.7803
4.8273 -1.6083 7.8524 0.6105 -0.5355 -0.2018
6.4739 -1.8387 6.1292 0.0726 0.2922 -0.7899
8.849 -2.375 8.2361 1.0697 -1.0447 -0.4245
3.6015 1.5329 4.0217 -0.7839 -1.1896 -0.2689
10.8799 2.6821 7.3544 0.2313 0.5638 -0.9838
8.4665 0.0006 6.2435 0.2206 0.4179 -0.84
8.16 0.4603 4.6729 0.0364 -1.0724 0.2476
6.8959 3.5249 3.6003 0.5083 -2.4775 0.5001
10.4202 2.9119 5.3624 -0.0925 3.1567 -0.6323
7.6237 1.1498 6.4733 0.0992 -1.4985 0.3896
6.5511 0.8817 3.3704 -0.4867 0.8227 -0.0716
7.9685 1.4946 5.6306 0.1695 -0.086 -0.2059
7.8919 1.8777 6.0136 0.0374 -0.005 0.0083
7.3167 2.2218 5.1332 -0.0307 -0.0465 0.0658
8.0068 1.4563 4.9027 -0.0052 0.0962 0.0018
7.7764 1.3408 5.1715 -0.0201 -0.0764 0.0732
7.355 1.7238 5.2098 -0.019 0.028 -0.0237
7.6614 1.6472 5.4779 -0.0105 0.0184 -0.0141
7.5854 1.6861 5.2858 -0.0265 -0.0263 0.0189
7.662 1.5329 4.9793 -0.0126 0.0536 -0.0013
7.5848 1.5706 5.363 0.0215 0.0451 0.004
7.6614 1.7238 5.363 -0.0158 0.0014 0.0029
7.6231 1.4557 5.1715 -0.0424 -0.021 0.0178
7.5848 1.494 5.2481 0.0172 0.0333 -0.0226
7.5854 1.6095 5.439 0.0193 0.0174 -0.0155
7.5854 1.5712 5.3241 -0.0041 -0.038 0.009
7.5854 1.6478 5.3241 0.0055 -0.0157 -0.0027
7.5854 1.4563 5.2475 0.0065 0.0056 -0.008
7.5854 1.4563 5.3624 0.0076 -0.0093 0.0037
7.5854 1.6095 5.2475 -0.0073 0.0046 -0.0004
7.662 1.4946 5.2092 0.0002 0.0088 -0.0004
7.5848 1.5706 5.2481 0.0087 0.0025 -0.011
7.6614 1.4174 5.2864 -0.0212 0.0025 0.0071
7.5471 1.5329 5.2858 0.0129 0.0035 -0.0035
7.6237 1.5712 5.2475 0.0108 0.0078 -0.0056
7.5854 1.6095 5.1326 0.0044 0.0014 -0.0045
7.6237 1.6095 5.3241 0.0108 -0.0061 -0.013
7.662 1.5712 5.3241 -0.0211 0.0152 0.0019
7.5854 1.5329 5.2475 0.0087 0.0142 -0.0088
7.5465 1.5323 5.3247 0.014 0.012 -0.0111
7.6614 1.5706 5.2481 -0.0009 -0.0167 -0.0068
7.5848 1.494 5.1715 -0.0084 -0.0114 -0.0068
7.6614 1.6472 5.3247 0.0119 0.0131 -0.0271
7.6231 1.494 5.2864 -0.0126 0.0163 0.0038
7.5854 1.4946 5.3624 0.0215 0.0078 -0.0055
7.6231 1.5706 5.2481 0.0055 0.0099 -0.0033
7.5848 1.6089 5.363 -0.0126 0.0163 0.0084
7.5848 1.5323 5.2481 -0.0083 -0.0199 0.0062
7.6237 1.5712 5.3241 -0.0286 -0.0412 0.002
7.5465 1.5706 5.2864 -0.0297 -0.0391 0.018
7.7004 1.4946 5.2858 -0.0105 -0.005 -0.03
7.6237 1.418 5.2092 -0.0169 -0.0071 -0.0129
7.6614 1.494 5.1332 0.0002 -0.0167 0.0116
7.662 1.4946 5.2092 -0.0062 -0.0167 0.0052
7.7004 1.418 5.2092 0.0056 -0.0231 0.0141
7.6237 1.418 5.056 0.0066 0.0184 0.0003
7.662 1.3414 5.2092 -0.0019 0.0227 -0.0082
7.8153 1.418 5.1709 0.0066 0.012 -0.0146
7.662 1.5329 5.1326 -0.0008 0.0216 -0.005
7.7004 1.418 5.2475 0.0034 0.0248 -0.0074
7.7004 1.4563 5.1709 0.0098 0.0003 0.0043
