-1.1492 -10.228 -0.9194 0.3727 -0.8741 0.4806
-0.6512 -10.726 -1.8004 0.2022 0.4117 0.324
-0.5746 -9.0788 -0.9577 0.0531 0.5427 0.2818
-0.2682 -8.5808 -2.5283 -0.0407 0.5768 0.2551
-1.3785 -8.1588 -1.8777 0.1277 0.4756 0.0847
-0.8422 -8.5036 -3.1035 0.3013 -0.0645 -0.3404
0.0006 -13.7134 -1.418 0.149 -1.2256 -0.5928
4.3287 -5.7461 1.1875 0.3769 -1.3108 -1.102
2.3756 -10.419 1.2252 -0.2271 -0.9284 -0.9135
-3.9834 -9.0016 2.6043 1.2004 4.6259 -0.0985
0.7667 -9.423 1.7615 1.4411 -4.137 0.3808
0.7284 -9.6911 1.4168 -0.5488 2.4283 -0.9305
-0.6123 -10.419 0.574 -0.2878 -0.2658 -0.4075
-2.4128 -12.5259 0.5357 -2.1765 0.5673 0.0771
2.9113 -13.4458 3.9073 -2.2617 0.8389 0.3892
2.4523 -6.5499 0.6506 -0.8162 -0.7686 0.7227
-1.3402 -9.1931 -0.3071 0.6603 -0.6535 1.4087
2.6055 -6.1669 -1.303 0.6656 0.97 -0.5173
-1.5317 -14.0198 -2.4906 1.063 -0.7324 1.1904
3.4477 -16.3189 1.4174 -0.9099 -1.4163 -0.7526
3.1029 -5.4779 2.7964 -0.634 0.514 -0.0794
-0.3448 -9.7683 3.4093 0.0233 1.1776 -0.3563
0.5746 -9.1554 1.4557 0.9724 1.2341 0.4511
0.8434 -9.5379 -0.9583 -0.8013 -3.5511 0.1763
-1.2258 -9.347 3.5626 -0.3144 -0.0496 -0.1304
-1.3024 -8.6957 1.5323 -0.8758 -0.9827 0.3351
0.5746 -11.9902 -9.0405 -2.7688 -1.1745 0.971
6.3973 -7.6614 -0.2298 -1.6418 -1.884 0.1273
-4.1366 -1.1486 0.9954 -0.5946 -4.0869 1.5632
-0.0766 -5.0949 0.2298 -1.5789 -0.6663 0.4596
-14.5184 -7.7381 2.1452 -4.8258 1.2597 0.0633
-9.2703 2.9113 -2.9113 -1.0601 -1.7273 2.8596
-19.6127 2.1458 -15.3618 0.1383 -0.906 4.6482
-0.5357 -0.9188 -6.2064 -0.6894 1.3821 0.916
-5.8604 2.8736 -1.4946 1.9929 -5.1724 1.194
-14.6334 5.5545 -2.9113 -1.3222 0.6823 1.0044
-4.0217 8.6963 3.562 -2.0721 2.3643 3.4396
0.4986 7.3939 -0.1155 -0.7831 -0.1721 1.406
-2.7198 7.2018 2.4517 0.3439 0.269 -0.3283
-3.2172 14.3275 1.4168 1.39 0.3606 -0.9217
-5.6695 10.228 -0.7661 2.0398 -0.057 -2.0625
-4.7112 5.3253 -1.4946 2.1325 -0.4032 -3.1406
-3.064 1.5712 -0.0772 3.1221 -0.2402 -2.5611
-14.3646 -11.9896 -5.5551 0.215 3.0567 -2.7705
-16.28 -4.7878 -0.3071 0.9586 -0.8645 2.0711
-4.2132 -5.5923 -5.1721 -1.0047 -0.7963 -0.231
-16.6247 1.6861 5.1326 0.4302 0.5576 -0.2981
-7.8524 -2.8341 -1.1498 -0.2132 -0.1572 0.1994
-9.6151 0.0383 -2.1069 0.1202 0.4032 -0.2356
-8.3893 -0.8428 -2.2218 0.182 1.3981 -0.0662
-9.3087 -4.6735 -2.2984 0.4291 -0.2637 -0.4209
-7.6614 -2.9497 -3.6009 0.2193 0.2754 -0.1227
-9.0788 -3.4477 -3.1029 0.0637 -0.2775 0.0861
-9.2314 -2.9874 -2.414 -0.1664 -0.1806 -0.0364
-8.925 -2.3744 -2.1841 -0.0279 -0.1784 0.0121
-8.925 -2.7192 -2.299 0.0499 0.1955 -0.1765
-9.1937 -3.2561 -2.1452 -0.0076 0.3212 -0.1253
-9.0022 -3.7158 -2.375 -0.0108 0.0996 -0.0284
-8.734 -3.486 -2.5283 -0.0151 -0.0985 0.0441
-9.0405 -3.1412 -2.5283 -0.0172 -0.089 0.0069
-8.9633 -2.9491 -2.4906 -0.0023 0.0144 -0.0516
-8.8873 -3.1412 -2.5666 0.0051 0.0964 -0.074
-8.8484 -3.2938 -2.4906 0.0147 0.0389 -0.0399
-8.7718 -3.3321 -2.5289 0.0073 -0.0591 -0.0048
-8.9639 -3.2178 -2.5283 -0.0034 -0.0378 0.0009
-8.925 -3.1023 -2.5289 0.0179 0.0048 0.0009
-8.8484 -3.1406 -2.5289 0.0446 0.0122 -0.0236
-8.8873 -3.2178 -2.49 0.0254 -0.008 -0.0268
-8.8867 -3.2555 -2.4523 -0.0311 -0.0283 -0.0289
-8.9633 -3.1023 -2.4906 0.0041 -0.0069 -0.0208
-8.8101 -3.1406 -2.3756 0.0201 0.0548 -0.0474
-8.9639 -3.2561 -2.4517 -0.0087 0.0229 -0.0272
-8.849 -3.1795 -2.4517 -0.0108 0.0005 -0.0389
-8.8107 -3.2178 -2.49 0.002 -0.0336 -0.0282
-8.9639 -3.1795 -2.4517 0.019 -0.024 -0.0134
-8.849 -3.1412 -2.375 0.0137 0.0453 -0.0315
-8.9639 -3.2178 -2.4517 0.0158 -0.0037 -0.007
-8.925 -3.2172 -2.4523 0.0137 -0.0304 -0.0006
-8.925 -3.1406 -2.414 0.0158 -0.0027 -0.0102
-8.8867 -3.2172 -2.4523 0.0115 0.0367 -0.0283
-8.8484 -3.1023 -2.4523 0.0115 0.0399 -0.0438
-8.925 -3.1789 -2.5289 0.0105 -0.0453 -0.0002
-8.9633 -3.1023 -2.3373 0.0094 -0.0378 -0.0151
-8.9256 -3.0646 -2.3367 0.0094 0.0421 -0.0364
-9.0022 -3.1412 -2.375 -0.0268 0.0591 -0.063
-9.0016 -3.1023 -2.5672 -0.0162 0.0836 -0.064
-8.8107 -3.1795 -2.5283 0.0019 -0.0219 -0.0321
-8.9639 -3.1789 -2.2984 -0.0012 -0.0219 -0.0289
-9.0022 -3.2178 -2.375 0.0019 0.0122 -0.0353
-8.9256 -3.1412 -2.375 -0.0044 0.0229 -0.0406
-8.9256 -3.2178 -2.4517 -0.0194 0.0239 -0.0378
-8.8873 -3.1795 -2.49 -0.013 0.0197 -0.0325
-8.925 -3.2172 -2.6055 0.0094 -0.0027 -0.0208
-8.8484 -3.2172 -2.5289 0.0137 -0.0048 -0.0165
-8.925 -3.1789 -2.5672 0.0115 -0.0038 -0.0293
-9.0016 -3.2938 -2.4906 0.0041 0.0016 -0.0222
-8.925 -3.2555 -2.4523 -0.0002 0.0026 -0.0243
-8.925 -3.2555 -2.4906 0.0009 0.0101 -0.0222
-8.8101 -3.2172 -2.4906 0.002 0.008 -0.0243
-8.925 -3.2172 -2.4906 0.0083 -0.008 -0.0275
