1.0726 -9.232 1.6472 -0.1792 -0.1718 -0.3333
0.9577 -9.5385 0.7278 -0.2356 0.0487 -0.3993
1.2641 -9.4236 0.2298 -0.3475 0.1563 -0.3152
-0.1909 -9.921 -1.801 -0.7161 -0.1995 0.0079
0.7667 -9.9593 -1.1115 -0.4934 -0.468 -0.008
0.8434 -10.0359 -0.8817 0.3236 -2.2608 0.5789
0.1538 -8.6185 -0.0006 0.428 0.5611 0.7472
-1.4551 -9.7294 -1.4946 0.5143 0.446 0.6439
-3.7541 -9.9599 0.498 0.1308 0.7773 0.6428
-2.6043 -8.0439 -2.1458 -0.1813 1.4111 0.259
-1.9914 -7.1629 -2.4523 0.3353 0.6825 -0.5485
1.2264 -11.9896 -2.4906 -0.6756 0.5589 -0.051
4.0612 -7.7375 2.6426 1.3132 -2.0755 -2.8164
1.9926 -9.0016 1.4551 0.7668 -0.1058 -1.2995
-3.7152 -9.8061 3.9834 -0.2697 -1.4662 -0.862
-1.4557 -8.6191 2.9497 1.4411 0.7368 -0.1238
1.4174 -10.4579 1.6472 0.8658 -0.2368 -0.5989
-1.3791 -9.8067 3.9456 -0.34 -0.2837 -0.421
-1.6849 -11.798 -0.6901 -1.857 -0.0376 1.0991
4.5975 -12.2577 0.9954 -1.3723 0.2809 1.3825
3.3327 -7.5465 1.5706 -0.0695 -1.5183 0.8222
0.8045 -8.5808 0.4214 -0.1526 0.7347 0.7795
1.1492 -6.4739 -0.7278 0.3843 -0.2155 -0.4349
-2.5283 -8.5042 -0.2298 0.9841 0.1691 0.0019
6.8576 -9.1931 -0.8434 -0.5105 -0.7184 -0.5389
5.8233 -8.0822 2.3744 -0.5691 -3.5307 -0.9192
-1.0337 -9.7294 7.8907 0.8594 -1.8699 0.2984
-5.3241 -6.3201 4.2515 -0.469 -4.6503 2.1115
-5.7455 -11.3383 -4.1378 -2.6069 -1.5099 1.9634
-2.6809 -10.2657 -1.8777 -2.8977 0.3619 0.8559
-0.1143 -1.3785 -2.3756 -3.6658 1.4974 -1.0744
0.4603 -2.3744 -13.3315 -3.1683 -1.3276 -1.9894
-19.0764 -15.9352 -19.1159 -1.3765 -0.7801 -0.6951
-3.8684 1.0349 -4.5975 -2.3395 3.1646 1.8881
4.5592 8.3516 -2.9886 -1.4831 2.2015 2.4744
4.8656 3.793 0.9188 -2.8637 2.6308 2.2464
4.789 6.0914 2.8724 -1.9454 0.544 -1.3361
7.7004 10.0754 1.0337 -1.2668 0.2979 -0.8887
4.9422 9.9605 0.8422 0.1904 -0.3828 -0.8109
5.3636 8.5431 -0.7667 1.3484 -0.4658 0.1688
4.5592 7.8153 -1.418 1.4709 -1.366 -0.0048
3.6398 7.8919 -3.8696 1.6307 -1.0443 -0.0698
3.0652 8.3516 -4.4059 1.6999 -0.3476 -0.791
2.3367 9.6534 -8.5425 2.0003 -0.4978 -1.1596
4.7501 3.4093 -9.1937 1.4283 -5.1796 -1.8062
-6.6655 -2.5666 -2.6049 0.558 -3.3953 0.6808
-1.57 1.7244 -9.1943 -0.0791 1.0042 0.3463
-1.7238 5.5162 -9.5002 0.0392 0.561 0.275
-1.2258 4.2521 -8.2744 0.0211 0.5227 0.0939
-0.3831 4.7501 -7.7764 0.3918 0.7837 0.2963
0.9194 4.4053 -8.3893 0.6347 0.0348 -0.1792
0.5363 3.1795 -9.6534 0.7327 0.1583 -0.4295
-0.076 1.4946 -9.1177 0.7678 0.0806 -0.5339
0.4986 0.1538 -9.1177 0.575 0.3682 -0.6
-0.4591 -1.1103 -10.8032 0.2096 0.2318 -0.4551
0.9966 0.0006 -9.654 -0.1025 0.1967 -0.3809
-0.1143 0.1538 -9.1177 0.1585 0.1126 -0.1529
0.9583 0.0772 -10.1137 0.1841 0.3203 0.0069
1.418 0.2687 -10.0371 0.036 -0.0749 -0.0102
0.8434 0.3837 -9.6923 -0.1068 0.0135 -0.22
0.8817 0.3071 -9.7689 -0.0471 -0.077 -0.2928
0.4603 0.3071 -9.654 -0.0609 -0.0365 -0.2385
0.5752 0.5369 -9.654 -0.0514 0.0061 -0.1788
0.7278 0.3831 -9.6151 -0.0226 -0.0237 -0.2001
0.6129 0.5746 -9.73 -0.0194 -0.045 -0.1842
0.5746 0.498 -9.73 -0.013 -0.0333 -0.1781
0.5746 0.5363 -9.6534 -0.0056 -0.0312 -0.1888
0.6901 0.4986 -9.7689 -0.0332 -0.0174 -0.176
0.5369 0.4986 -9.6923 -0.0226 -0.0536 -0.1824
0.4603 0.6135 -9.7306 -0.0087 -0.0142 -0.1813
0.5363 0.6129 -9.73 -0.0237 -0.0472 -0.1749
0.3071 0.5369 -9.654 -0.0141 -0.0302 -0.1905
0.3448 0.6129 -9.6917 -0.013 -0.0153 -0.1959
0.3831 0.6129 -9.6534 -0.0013 -0.0089 -0.1703
0.3454 0.5369 -9.6923 -0.0056 0.0007 -0.1895
0.3071 0.5752 -9.6923 0.003 -0.0036 -0.1927
0.4986 0.6518 -9.654 -0.0066 0.0135 -0.1774
0.4214 0.6129 -9.6917 0.004 0.0028 -0.1806
0.422 0.4603 -9.7689 -0.0034 -0.0217 -0.1945
0.4214 0.5746 -9.6534 -0.012 0.0071 -0.1838
0.4214 0.5746 -9.6534 -0.0045 -0.0057 -0.1806
0.3837 0.498 -9.6923 -0.0066 -0.0004 -0.1806
0.422 0.6135 -9.9605 -0.0141 -0.0046 -0.1838
0.4603 0.6135 -10.0371 -0.0088 -0.0153 -0.1838
0.4214 0.5363 -9.6151 0.0008 -0.0121 -0.1838
0.422 0.6901 -9.3476 -0.0109 -0.0078 -0.1881
0.4986 0.5752 -9.1943 -0.0066 -0.0121 -0.1817
0.3837 0.5752 -9.0794 -0.0002 -0.0057 -0.1806
0.422 0.6135 -10.1137 -0.0045 -0.0121 -0.1849
0.3454 0.5752 -10.0754 0.0019 -0.0132 -0.1859
0.3454 0.6135 -9.9988 -0.0034 -0.0121 -0.1817
0.4603 0.6518 -9.6923 -0.0002 -0.0228 -0.1905
0.3837 0.6135 -9.654 -0.0045 -0.0036 -0.1894
0.3448 0.498 -9.73 0.004 -0.0324 -0.1948
0.3448 0.6129 -9.73 -0.0013 0.0209 -0.1841
0.3071 0.6135 -9.7306 -0.0002 0.0038 -0.1809
0.422 0.5752 -9.654 -0.0056 0.0048 -0.1961
0.3831 0.5746 -9.6151 -0.0066 -0.0069 -0.1961
0.3837 0.5752 -9.6923 -0.0035 0.0006 -0.1908
0.3837 0.5752 -9.654 -0.0045 -0.0016 -0.194
0.3831 0.5363 -9.73 -0.0045 -0.0101 -0.1961
