8.4276 -4.2904 0.8045 0.0364 -0.2344 0.2533
7.9685 -4.1749 0.6889 0.0354 0.0149 0.2506
8.4665 -5.0176 0.6123 -0.3257 0.1278 0.2506
7.8919 -3.7918 0.4208 -0.5068 0.3579 0.1675
8.6197 -3.8301 0.9954 -0.1532 0.3196 0.0226
10.5351 -8.0056 2.2212 0.0748 -0.2141 -0.3609
4.6741 -7.0096 -0.8051 -0.2811 -0.1023 -0.4258
7.777 -3.8301 0.3059 -0.0137 0.3664 -0.5057
6.0142 -3.3327 1.6472 -0.1628 -0.8214 -0.2095
6.9719 -4.2904 -2.375 -0.4451 0.4228 -0.4077
10.7649 -3.1406 -0.8051 -0.4174 0.3227 -0.3629
7.8153 -9.7294 5.5156 -0.002 1.6958 0.403
8.658 -6.3967 2.6809 -1.1365 -1.01 -0.0349
6.2824 -5.0566 2.2218 -1.0619 1.1845 0.1643
7.5088 -2.7575 1.4551 -0.8468 0.7573 0.3305
9.7306 -3.5237 -0.1921 -0.4441 0.2172 0.1079
7.2784 -3.6775 0.4597 -0.3685 0.7679 0.0216
9.4619 -3.4477 0.4214 -0.2886 -0.0342 -0.6783
6.1298 -9.921 -1.801 -0.1671 -0.2355 -0.4013
8.4665 -2.7575 0.7272 0.3282 -0.2867 -0.0881
8.8107 -3.1412 -2.7581 0.8747 -0.7724 -0.1531
7.0874 -5.3241 -1.8393 0.9366 -0.8852 -0.0387
7.1251 -5.1715 0.3065 1.4202 -0.1545 0.2318
7.2401 -5.2864 2.7198 1.7654 -0.2812 0.5482
6.359 -3.0263 4.8267 2.0828 0.6349 0.7815
0.1921 -6.435 2.7192 0.2548 0.4399 2.5771
2.6815 -2.1835 0.6129 1.3233 3.0126 1.2903
1.9926 -6.0903 11.0319 0.6895 1.6458 1.8165
-1.1486 -6.933 6.3584 -0.4461 -1.2006 -0.8648
3.8696 -9.6528 6.8947 -0.1201 -2.3809 -4.411
16.2429 -0.3059 10.5339 -2.5693 -8.3337 -5.4083
-3.064 6.3596 -6.8576 -0.5218 -0.0768 -1.7737
-0.9954 4.4442 -5.7084 -2.1176 -1.3636 -4.7585
-3.9456 6.5888 -0.8428 -5.0758 2.2327 0.3888
10.9559 13.6757 -0.0766 -0.7306 -3.2981 -2.106
-0.6506 2.2224 -0.92 -1.4208 1.4892 1.0576
2.8736 10.5734 -2.1075 -0.3971 -0.457 0.8051
2.6821 8.8496 -1.4563 0.7246 0.3036 0.6549
3.8696 8.7346 -1.2647 0.2687 0.0351 0.5771
4.0989 9.0788 -2.8347 -0.7572 0.3249 1.3516
5.363 7.0485 -0.7661 -1.0437 -2.4 2.9877
3.4099 5.4019 -2.3373 -0.6122 -2.629 2.144
15.6683 -0.8805 -5.5935 2.1969 -2.2221 5.5007
7.8919 2.0309 -5.8999 -0.0391 1.1526 -0.8025
7.8919 1.4946 -4.6358 -0.2223 0.7713 -0.5926
8.0451 2.3756 -3.6015 -0.0381 0.115 0.3726
9.0794 0.92 -3.7547 0.3092 0.8565 0.8349
8.8879 0.4603 -3.3716 -0.1723 -0.2472 0.3247
8.9262 0.3837 -3.1035 0.0237 -0.2887 -0.11
8.5048 0.8434 -4.3676 0.0641 0.066 -0.274
8.5431 1.2647 -4.0229 -0.0093 -0.0053 -0.0623
8.6197 1.0732 -3.7164 -0.0253 -0.0053 0.1273
8.6957 0.8811 -3.7158 -0.0317 -0.0298 0.1071
8.6197 0.7284 -3.8696 -0.005 -0.0436 0.0048
8.5814 0.8817 -3.8313 0.0248 0.0331 -0.0846
8.658 0.9583 -3.8696 -0.004 -0.0042 -0.0071
8.6191 0.9577 -3.9073 -0.0093 -0.0053 0.0654
8.5431 0.7667 -3.8696 -0.0093 -0.0011 0.043
8.5814 0.8434 -3.8313 0.0035 -0.0096 -0.0135
8.5808 0.7661 -3.8307 0.0003 -0.0021 0.0103
8.5814 0.8817 -3.793 0.0024 0.0022 0.0092
8.6963 0.92 -3.7547 0.0088 0.0235 0.0018
8.658 0.8051 -3.793 0.0088 0.0192 -0.0185
8.6197 0.8817 -3.9079 0.0109 0.0629 -0.027
8.6957 0.8811 -3.7541 0.0013 0.0171 -0.006
8.6963 0.8817 -3.6781 0.0131 0.0416 -0.0166
8.658 0.92 -3.793 -0.0125 0.0288 -0.0017
8.6574 0.996 -3.6392 -0.004 0.0171 0.0015
8.658 0.9583 -3.6398 -0.0072 -0.016 0.0462
8.7346 0.92 -3.7164 -0.0051 -0.0224 0.0111
8.6197 0.9583 -3.7164 -0.0008 -0.0128 0.0039
8.6957 0.9577 -3.6775 -0.0018 -0.0128 0.0039
8.6957 0.8811 -3.7158 -0.004 -0.0106 0.0295
8.6574 0.9194 -3.7924 0.0003 0.0 0.0337
8.6574 0.8811 -3.7541 0.0024 -0.0042 -0.0003
8.6963 0.8817 -3.7164 -0.0029 -0.017 0.0181
8.6197 0.92 -3.793 -0.004 -0.0245 -0.0
8.5814 0.92 -3.7547 -0.004 -0.0074 0.0426
8.5808 0.8045 -3.9073 0.0046 0.0064 0.001
8.6197 0.8817 -3.8313 0.0088 0.0118 -0.0213
8.6957 0.9194 -3.6392 0.0056 0.0213 -0.0051
8.6197 0.8817 -3.7164 0.0024 0.0117 -0.0019
8.6963 0.8051 -3.793 -0.0018 0.0054 0.0216
8.658 0.8434 -3.793 0.0045 0.0181 -0.0157
8.6963 0.9583 -3.7164 0.0024 -0.0042 -0.0115
8.658 0.9966 -3.6781 -0.0008 0.0011 -0.0033
8.6197 0.9583 -3.7164 -0.0008 0.0096 -0.0022
8.6963 0.8817 -3.7547 -0.0019 0.0 0.0095
8.658 0.9966 -3.6398 -0.004 -0.0032 -0.016
8.6574 0.996 -3.7541 -0.0051 -0.0011 -0.0033
8.658 0.9966 -3.793 -0.0019 -0.0032 0.0037
8.6963 0.9966 -3.7164 -0.0061 -0.0032 0.0378
8.6963 0.92 -3.6781 -0.0051 -0.0149 0.0144
8.5814 0.9583 -3.8313 0.0024 -0.0096 0.0123
8.658 0.9966 -3.7547 -0.0051 -0.0053 0.0314
8.6963 0.9583 -3.793 0.0045 0.0096 -0.0037
