-3.945 -9.5762 0.1526 0.2053 -0.2667 -0.0272
-3.5237 -9.5762 -5.1721 -0.3796 2.7149 -0.5748
-0.9188 -14.7477 -1.7244 0.0763 1.4142 -1.8387
-2.9113 -7.6231 1.0343 0.0646 -0.32 -0.6818
-2.4128 -7.929 -1.8777 -0.0579 -1.9084 -0.4102
-1.4934 -8.0822 -2.414 0.1424 -0.662 -0.2429
-1.9148 -9.1165 -3.4099 0.1754 -0.6141 0.2247
-2.4894 -10.1891 -1.8393 0.299 -0.5246 0.4024
-6.3584 -11.9129 0.1526 0.6548 1.1649 0.64
-5.5156 -5.8221 1.6083 0.3959 0.0645 0.9148
-4.3287 -10.1514 2.4134 0.7198 -1.2788 0.5792
0.8811 -8.2361 1.8004 0.4673 1.1064 -0.3241
-3.3321 -9.2314 1.57 1.2663 0.7602 0.0251
-4.1366 -9.3081 1.0337 0.9211 -0.1304 0.3553
0.2304 -12.3343 1.5317 -1.0826 -0.205 -0.0878
-5.2475 -10.7254 0.2676 -2.672 -0.9421 -1.1808
-6.5499 -9.7677 0.2292 0.8263 2.537 -1.331
-3.1023 -6.4733 3.3321 -0.9537 -1.3895 -0.986
-4.7884 -2.873 -1.4174 0.7251 -0.9634 -0.0826
-1.3791 -12.9095 -5.5545 -0.2421 0.0454 0.5214
-4.6352 -9.0405 -1.3408 -0.3561 -1.0082 0.2188
-6.2441 -5.6312 1.6855 0.7059 1.345 0.7856
-3.7152 -9.0782 3.3321 0.4758 -0.5768 1.0064
0.1155 -11.5682 0.8422 1.0947 0.97 -0.7033
5.0955 -6.7032 -1.801 2.7843 2.2036 0.4162
-0.6895 -7.6614 0.2682 -3.4795 -5.0658 0.6155
-10.2657 -2.566 6.6649 -0.1005 -0.6013 0.6581
-3.6769 -7.2778 7.2778 2.5329 1.5794 0.8164
-13.1771 -5.937 4.5963 1.2705 -1.0945 3.4785
-12.2577 -7.1629 12.2194 4.9393 -6.2855 5.5441
-6.8564 -8.7334 9.3081 3.7164 -0.5533 2.8405
-7.0479 10.7649 14.8626 -0.1505 -0.6321 2.7957
-2.1829 1.8777 2.566 -1.1562 6.2175 -0.9661
-3.5626 4.9416 1.494 0.8273 -2.7734 -0.947
-4.06 5.3636 -5.6701 -1.8198 -8.1934 -6.073
-10.7637 3.6398 17.161 -0.9506 -0.9443 -0.1725
-1.57 1.6095 7.4693 -0.1612 1.9617 -0.0425
-5.8221 -0.2292 3.1406 0.3928 -2.7584 -0.5795
-5.3624 1.303 11.4533 0.07 0.6196 0.8107
-5.056 1.7627 8.7718 -0.0738 -0.0835 0.0117
-4.3281 1.3797 7.8907 0.0828 0.0859 -0.0053
-4.367 1.8004 9.8833 0.1691 0.1562 0.0202
-4.1749 1.6861 8.925 -0.0568 -0.1112 0.0589
-4.06 1.5712 8.925 -0.0238 -0.0281 0.028
-4.1366 1.5329 9.3464 -0.0291 0.0603 0.0248
-4.3287 1.4557 8.734 -0.0131 0.0486 0.0174
-4.0217 1.6095 9.2314 0.0583 -0.1016 0.0589
-4.1749 1.6861 9.1165 0.0242 0.0348 0.029
-4.1366 1.6861 9.0016 -0.0024 0.0199 0.0216
-4.1372 1.7238 9.0405 -0.0194 0.0135 0.0301
-4.2138 1.6089 8.9639 -0.0173 0.022 0.0205
-4.2138 1.6472 9.0022 0.0115 -0.0078 0.0312
-4.1749 1.6478 9.0782 0.0061 -0.0004 0.0285
-4.1372 1.6472 8.9639 0.004 -0.0078 0.0307
-4.2138 1.5706 9.0405 -0.0003 -0.011 0.0285
-4.1372 1.6089 9.0022 -0.0046 0.0113 0.0264
-4.2138 1.6472 9.0405 0.0018 -0.0078 0.0275
-4.1755 1.6089 9.0405 0.0061 -0.01 0.0301
-4.2138 1.6089 9.1171 -0.0024 -0.0089 0.0279
-4.2521 1.5706 9.0405 -0.0035 0.0092 0.029
-4.1755 1.6855 9.0022 0.0029 -0.0121 0.029
-4.1749 1.6861 8.925 -0.0014 -0.0089 0.029
-4.2132 1.5712 9.0016 -0.0013 -0.0036 0.0283
-4.2138 1.5323 8.9639 -0.0045 -0.0014 0.0283
-4.1366 1.5706 9.0399 0.0061 -0.0089 0.0273
-4.1749 1.6095 9.0016 -0.0024 -0.0014 0.0294
-4.2515 1.5712 9.0399 0.0008 -0.0014 0.0273
-4.2515 1.5712 9.0399 -0.0013 -0.0057 0.0283
-4.2132 1.5712 9.0399 0.0019 -0.0068 0.0294
-4.0989 1.6472 9.0022 0.0019 0.0007 0.0283
-4.2132 1.6478 8.9633 0.0051 -0.0004 0.0273
-4.1372 1.6472 9.0022 -0.0003 -0.0025 0.0273
-4.1372 1.6855 8.9639 -0.0003 -0.0036 0.0273
-4.1755 1.6089 9.0788 0.0018 -0.0068 0.0295
-4.1755 1.5706 9.0022 0.0029 -0.0036 0.0284
-4.1366 1.6095 9.0016 0.0018 -0.0015 0.0295
-4.2132 1.6095 9.0016 0.0039 -0.0036 0.0284
-4.1372 1.6089 8.9639 -0.0003 0.0006 0.0274
-4.2138 1.6089 8.9256 -0.0003 -0.0015 0.0284
-4.1749 1.6095 9.0399 0.0015 -0.0067 0.0006
-4.1366 1.6095 9.0016 0.0015 -0.0014 -0.0005
-4.1755 1.6089 9.0405 0.0005 0.0018 -0.0005
-4.2138 1.6855 9.0788 -0.0017 -0.0025 0.0006
-4.1755 1.6472 9.0405 0.0026 -0.0035 0.0006
-4.2132 1.6478 9.0399 -0.0006 0.0007 -0.0005
-4.1749 1.5712 8.9633 0.001 -0.0053 0.0005
-4.1372 1.6855 9.0022 0.001 -0.0043 0.0005
-4.1366 1.6861 8.9633 0.001 -0.0011 0.0005
-4.0989 1.6089 8.9639 -0.0001 -0.0011 0.0015
-4.1749 1.6478 9.0016 -0.0022 -0.0043 -0.0006
-4.1372 1.6472 9.0022 0.0021 0.0032 0.0005
-4.1749 1.6478 9.0016 -0.0032 0.0049 -0.0008
-4.0983 1.6095 9.0782 0.0 -0.0079 0.0003
-4.1366 1.6861 9.0016 0.0 -0.0047 0.0003
-4.1749 1.6478 9.0399 0.0 0.007 -0.0008
-4.2132 1.5712 9.0782 -0.0011 0.0017 0.0003
-4.2132 1.6095 9.0016 -0.0021 0.0006 0.0003
-4.1755 1.6855 9.0405 0.0002 0.0005 -0.0006
