0.6135 -9.7677 -1.2264 -0.2385 -0.6898 0.0434
-0.0377 -9.3464 -1.9543 -0.0297 -0.7612 0.4003
0.1538 -9.0016 -0.6901 0.079 -0.3085 0.1091
-1.1103 -9.6528 -1.5712 0.113 0.025 0.1943
-0.8039 -8.5802 -1.418 0.1386 0.27 0.009
-1.1486 -10.0359 -1.916 0.2377 -0.3234 -0.0997
1.303 -7.7375 -1.2647 0.3634 0.0281 -0.5972
1.6478 -8.6568 0.574 0.2728 -0.055 -0.9359
-2.566 -9.9976 1.3402 -0.1639 3.8854 0.1655
-3.2555 -8.3121 1.8765 0.6393 -0.724 0.5714
5.0955 -9.3847 0.8805 0.4465 1.1189 -1.1703
1.9537 -10.3046 -0.3831 2.055 3.4572 -0.4608
-2.6432 -10.6877 3.869 -0.148 0.272 -0.529
0.3837 -11.6065 -0.9966 -2.059 0.9922 0.478
4.6741 -13.7517 2.6809 -2.2987 0.5064 0.428
2.5672 -7.8524 1.3402 -1.0012 -2.1887 0.5089
-4.941 -9.2698 0.6889 0.7405 -1.7988 2.1963
2.7581 -4.9799 -0.6129 0.9759 1.1019 0.2927
-5.7461 -12.2583 -4.6352 0.1471 -0.2723 -0.2304
3.6392 -10.4579 1.6089 0.0054 0.5746 -1.0602
1.5706 -4.2904 0.2682 -0.1916 -1.2225 -0.1952
0.3448 -11.6071 0.7278 -0.2822 0.6066 -0.4434
-2.3367 -8.0828 5.6695 1.8484 -1.508 0.1169
0.6129 -10.8793 -0.2682 1.1005 0.9347 -0.8795
-2.1069 -10.1897 1.4557 -0.4515 -0.5535 -0.5567
-1.3018 -10.1508 1.1869 -1.5275 0.9453 0.5
3.3333 -8.4653 1.57 -0.835 0.2177 0.5885
1.0349 -8.2738 -1.2264 -0.6944 -0.4576 0.4198
3.5243 -6.7804 -0.1149 -0.8521 -1.9767 0.1727
1.6089 -3.9073 -0.2298 -0.1448 1.4566 -0.7264
-2.9113 -6.4739 0.2298 0.4827 -0.8667 -0.1363
14.136 -5.2092 8.0439 1.5128 3.4647 -1.1153
10.9559 -16.8552 3.9456 1.2198 0.893 -3.9762
8.3127 0.6512 5.9759 5.0473 4.7237 -5.6881
-3.2178 -2.3367 0.3831 2.6611 3.3868 -3.9261
15.8975 -2.2984 12.8329 -0.5432 -0.8828 -0.9764
-2.4128 6.3979 8.5802 -1.6148 -1.3429 0.7067
3.7547 1.3414 8.8484 -0.2449 -0.2351 0.157
8.2367 -0.6506 13.2537 -0.0073 -0.7367 0.0842
3.6015 0.5752 6.7798 0.5072 -2.8257 -0.1128
5.1338 1.9926 3.1406 0.4113 -0.9679 0.5189
8.8113 -0.1909 10.8787 -0.1874 -0.0954 0.1556
7.279 0.3837 2.9108 0.0768 -1.0254 -0.1277
7.4699 0.3831 3.2561 0.047 1.8817 -0.0571
7.3556 -0.0377 9.5379 -0.1458 1.2308 0.01
6.283 0.3837 7.3544 0.0459 -0.4747 -0.072
6.3979 0.3071 6.8564 -0.0553 -0.0699 0.0814
6.8187 0.1532 7.6614 0.0161 -0.2084 0.0111
6.7038 0.2682 6.6272 -0.0222 0.0441 -0.018
6.8187 0.1149 7.355 0.0268 -0.0677 -0.0308
6.7044 0.3454 6.933 0.0278 0.0015 -0.0223
6.8187 0.2298 7.1251 -0.0137 0.0867 0.0182
6.7421 0.1915 7.1251 -0.0137 0.0271 0.0139
6.7427 0.1538 7.1245 0.0001 0.026 -0.0088
6.7427 0.2687 7.1245 0.0086 -0.0081 -0.0205
6.7044 0.2687 7.2012 0.0108 -0.0188 -0.0195
6.6655 0.2682 7.1635 0.0012 0.0153 -0.0088
6.6655 0.2682 7.2018 -0.0052 0.0047 -0.0056
6.6661 0.2687 7.1629 -0.0009 0.0015 -0.006
6.6655 0.1915 7.2018 -0.0009 0.0153 -0.006
6.5511 0.2687 7.2395 0.0012 0.0228 -0.007
6.7804 0.2298 7.2401 -0.0031 0.0143 -0.0049
6.6655 0.2682 7.2401 -0.0031 -0.0017 -0.0049
6.6661 0.2304 7.1629 0.0023 0.0132 -0.0081
6.6277 0.2304 7.2395 0.0001 0.0175 -0.006
6.6661 0.1155 7.2395 0.0023 0.0121 -0.007
6.6661 0.2304 7.1629 0.0023 0.0143 -0.006
6.6277 0.2304 7.2395 -0.0031 0.0089 -0.0049
6.5894 0.1921 7.1629 0.0012 0.0046 -0.0106
6.5894 0.1921 7.2778 0.0033 0.0046 -0.0138
6.5894 0.1538 7.0862 0.0012 0.01 -0.0085
6.6655 0.2298 7.2784 -0.001 0.0142 -0.0085
6.6272 0.2298 7.4316 -0.002 0.0089 -0.0095
6.5505 0.2298 7.1251 -0.002 0.0099 -0.0131
6.5888 0.2682 7.1635 -0.0052 0.0046 -0.0078
6.5888 0.2298 7.5082 0.0012 0.0003 -0.0152
6.7044 0.2304 7.1245 -0.0031 0.0035 -0.0131
6.5888 0.1915 7.5465 -0.001 0.0067 -0.012
6.5122 0.0766 7.2018 -0.001 0.0057 -0.0113
6.5122 0.2298 7.1635 0.0022 0.0153 -0.0124
6.5511 0.1921 7.2012 -0.001 0.0057 -0.0102
6.6277 0.1921 7.2778 -0.001 0.0004 -0.0113
6.5511 0.1921 7.2395 0.0012 0.0025 -0.0134
6.5888 0.1915 7.2018 0.0001 0.0132 -0.0081
6.5894 0.1921 7.2012 -0.0052 0.0036 -0.0049
6.6272 0.1915 7.2018 0.0033 -0.0028 -0.0081
6.5511 0.1538 7.2778 0.0023 0.0164 -0.0102
6.5511 0.2687 7.2778 -0.0031 0.0036 -0.0038
6.6655 0.1915 7.3167 -0.002 -0.0018 -0.0106
6.5511 0.1155 7.3161 0.0001 0.0067 -0.0138
6.5888 0.2298 7.2784 -0.001 0.0057 -0.0127
6.5888 0.1915 7.2784 -0.001 0.0067 -0.0117
6.5888 0.1532 7.3167 0.0001 0.0003 -0.0127
6.5894 0.1538 7.2778 0.0022 0.0057 -0.0149
6.5122 0.1915 7.355 -0.002 0.0014 -0.0106
6.5888 0.2298 7.3167 0.0022 0.0067 -0.0149
6.5505 0.1915 7.2018 0.0001 0.0153 -0.0127
6.5122 0.1532 7.355 -0.001 0.0142 -0.0106
