7.9302 -4.8644 -0.0389 0.1883 0.2498 1.4568
8.6957 -5.7078 0.3831 0.1584 -0.0698 1.5771
7.7381 -6.0525 0.5363 -0.1271 0.1305 1.526
8.6957 -5.8993 2.6815 0.3917 0.0996 1.1457
4.7884 -7.8913 1.4174 -0.2357 -1.0584 1.1521
6.4739 -6.2824 -2.0303 -0.4775 0.7409 0.9689
6.1292 -4.9799 1.1109 -0.1047 0.3957 1.1319
6.857 -5.0182 -1.3791 0.0306 -0.4416 0.9966
9.6923 -6.0903 -0.7667 0.2053 0.1241 1.0818
9.1937 -9.3087 0.1149 -0.0227 0.71 1.918
4.3287 -5.7844 1.8387 -0.0941 0.3478 1.5899
8.0828 -4.4819 0.5363 0.3353 -0.4416 1.4578
6.5122 -5.3247 0.4214 0.0924 0.1102 1.526
8.1977 -4.2904 -0.6512 0.0977 -0.1348 1.3407
9.0022 -5.7461 0.2682 -0.1326 0.0515 1.1777
8.1977 -7.9296 3.2561 0.4906 0.1836 0.824
6.0525 -7.1635 -2.0686 -0.6364 0.8217 1.0414
7.4699 -5.0949 1.4557 -0.0953 -0.1424 0.9764
5.363 -3.7158 -1.3791 -0.1986 -0.3917 1.0126
8.8107 -5.2864 -1.3791 0.2542 0.3445 1.1862
9.3093 -5.6689 -1.0732 0.3949 -0.3969 1.395
3.7547 -7.8524 4.9793 -0.3881 1.1925 2.3452
8.5048 -3.2938 -0.3071 0.2223 -0.9423 1.4728
5.9382 -4.3664 1.6849 0.2351 -0.4715 1.5953
7.2407 -4.06 -0.3454 0.0538 0.2869 1.2267
7.2024 -6.5499 2.2212 -0.2295 0.5309 1.0893
4.4442 -4.7112 0.2292 -0.531 -0.5067 0.79
3.7541 -2.2601 0.3831 1.4962 -0.0806 1.6379
-0.1526 -2.4894 1.57 -0.2039 0.6267 2.4241
-5.4773 -7.6992 7.2395 0.2571 2.1041 4.3725
18.3115 -19.2679 6.7032 3.0161 1.9549 4.5611
0.7661 4.2904 -3.0263 3.4742 3.9939 4.5376
0.8811 3.2178 -2.7964 -0.5003 0.3602 4.8103
-15.5138 -14.2497 15.782 0.4787 -1.864 0.3266
-2.2218 -4.4436 10.6111 -0.6207 -1.504 1.6944
-4.6735 -0.7661 -3.6392 1.4512 4.405 1.4707
-5.1715 -4.0606 18.4258 -0.7251 2.674 1.3557
-7.8913 -3.0646 8.6191 0.7407 -0.9107 1.4281
-3.0646 -1.4174 7.7764 -0.7731 0.1503 1.1831
-4.9793 -2.2212 11.415 0.6224 -0.5538 1.2726
-5.1326 -1.8765 8.6951 0.0003 0.0204 1.361
-4.941 -1.7998 7.8524 -0.0988 0.0864 1.3259
-4.6729 -1.8381 7.8524 0.077 -0.0712 1.2886
-4.941 -1.9148 8.6568 0.0557 -0.1906 1.2865
-4.558 -1.8381 8.5036 0.0249 -0.0254 1.295
-4.7112 -1.8381 8.5419 -0.0252 0.078 1.2992
-4.6735 -1.8004 8.6957 0.0174 -0.0296 1.2992
-4.7495 -1.7998 8.5036 -0.0113 0.0087 1.295
-4.7878 -1.9148 8.5419 -0.0049 0.0066 1.2982
-4.7495 -1.8765 8.4653 -0.0039 0.0077 1.2992
-4.7501 -1.8771 8.5042 0.011 -0.0115 1.296
-4.7501 -1.8771 8.5808 0.0015 -0.0041 1.2971
-4.7118 -1.8771 8.5042 -0.0007 -0.0094 1.2992
-4.8267 -1.9537 8.5808 0.0046 0.0002 1.296
-4.7112 -1.8381 8.5802 0.0024 0.0044 1.296
-4.6729 -1.8381 8.5036 0.0067 -0.0127 1.2971
-4.6729 -1.7998 8.6185 0.0045 -0.0084 1.2982
-4.7112 -1.7998 8.5419 0.0056 -0.0052 1.2982
-4.6729 -1.8381 8.5419 -0.004 0.0001 1.295
-4.5963 -1.9531 8.8101 0.0046 -0.003 1.2971
-4.6729 -1.8765 8.8101 0.0014 0.0002 1.2971
-4.6346 -1.9148 8.7334 0.0014 -0.0041 1.295
-4.5963 -1.7998 8.7718 0.0003 0.0034 1.2971
-4.6346 -1.7998 8.6951 0.0025 -0.0052 1.2971
-4.7112 -1.9148 8.7718 0.0003 0.0044 1.296
-4.8261 -1.9148 8.3887 0.0015 0.0013 1.2971
-4.7112 -1.8381 8.5802 0.0025 0.0002 1.2971
-4.6729 -1.7998 8.6185 -0.0028 0.0023 1.296
-4.6729 -1.8381 8.6568 -0.0039 0.0066 1.296
-4.7118 -1.8387 8.5808 0.0003 -0.003 1.2982
-4.6735 -1.8771 8.5808 -0.0018 -0.002 1.2982
-4.7495 -1.8381 8.5802 0.0046 -0.0041 1.296
-4.6729 -1.9148 8.5419 0.0046 -0.0062 1.296
-4.6729 -1.8381 8.6185 0.0025 -0.003 1.2971
-4.7495 -1.9148 8.5802 -0.0007 0.0065 1.2982
-4.7112 -1.9148 8.4653 0.0014 0.0055 1.2992
-4.7495 -1.8765 8.5036 0.0067 -0.0073 1.296
-4.6352 -1.8771 8.6191 0.0067 -0.0052 1.2971
-4.7112 -1.9531 8.5802 0.0014 -0.0105 1.296
-4.7112 -1.8381 8.6185 0.0035 -0.0052 1.296
-4.7112 -1.8765 8.5802 -0.0031 0.0071 0.0002
-4.6729 -1.8381 8.5802 -0.0063 0.0071 -0.0008
-4.7112 -1.9148 8.5419 -0.0031 -0.0003 0.0002
-4.6729 -1.8765 8.5802 -0.0084 0.0082 0.0002
-4.7501 -1.9537 8.5425 -0.0052 0.005 -0.0008
-4.7495 -1.8765 8.6185 0.0001 -0.0003 0.0013
-4.6729 -1.9148 8.6185 0.0012 0.0007 0.0002
-4.6352 -1.8771 8.5042 -0.0009 0.005 0.0002
-4.6735 -1.8771 8.5425 -0.002 0.0018 0.0002
-4.6346 -1.8765 8.6185 -0.0009 0.0029 -0.0008
-4.7884 -1.8771 8.5042 0.0012 0.0007 0.0002
-4.7118 -1.9154 8.5425 0.0001 -0.0003 0.0002
-4.7118 -1.8771 8.6191 -0.0009 -0.0025 -0.0008
-4.7118 -1.8387 8.5425 -0.0009 0.0061 0.0013
-4.7495 -1.8765 8.6185 -0.0031 0.0029 -0.0008
-4.7112 -1.8381 8.5419 0.0012 -0.0078 0.0002
-4.7112 -1.8381 8.5802 0.0001 -0.0003 0.0013
-4.7878 -1.8765 8.5802 -0.0009 -0.0014 -0.0019
