-2.7581 -8.6957 2.4517 0.6484 -0.4375 0.1055
-4.0983 -9.2698 2.2212 0.3661 -1.2886 0.1385
-1.8771 -8.7724 0.498 0.5887 -0.4023 0.1375
-3.0646 -8.1977 2.9113 0.169 0.5053 0.4304
-2.4134 -9.6917 2.9497 0.2425 0.0323 0.4105
-0.0383 -9.6151 1.8771 -0.6353 0.305 0.2827
-6.1675 -12.3732 -3.9073 -2.7285 0.1697 -1.2524
-7.5842 -8.8484 1.8381 -2.1544 0.2294 -0.6356
-0.1532 -9.0022 2.0303 -0.9709 1.2659 -1.1267
-2.7192 -4.5197 0.4591 -0.1112 -0.7304 -0.7137
-2.1446 -5.5539 1.1869 1.0648 -1.0703 0.2802
0.0006 -12.1428 -5.5168 0.2062 0.7545 0.1385
-7.6225 -10.1125 1.2635 -0.0675 2.0084 0.9076
-4.5197 -1.57 2.9108 0.8262 3.3591 0.2887
-5.2475 -10.9553 1.8381 0.0496 1.937 0.6619
-0.1909 -9.3847 2.068 0.4001 -0.0114 0.0952
0.8051 -9.7294 -0.2304 0.3884 -1.0287 0.1644
-1.3791 -8.734 -1.3791 1.998 -0.1264 0.1921
-1.0343 -12.22 -1.8387 -0.3051 3.2749 -0.8263
-9.8444 -15.4372 1.9914 -1.6868 0.6245 -0.8675
-0.8039 -8.6951 -0.422 -0.3403 -1.3771 -1.3171
-2.6426 -6.1669 -0.996 0.4225 -0.0253 0.0518
-2.0297 -10.1891 -3.2184 -0.6918 -0.9084 0.3799
-1.4551 -9.8444 -2.9119 -0.5235 -2.1792 -0.0686
-6.0903 -9.3847 -1.4563 0.1306 0.0163 -0.2943
-4.4053 -9.347 -1.6089 0.6771 1.9349 -0.4083
1.8004 -9.73 0.1149 -0.8473 -1.1864 -0.9495
-1.2641 -10.9559 0.2682 -1.6931 0.0706 -1.2648
-8.8484 -7.0479 -2.7587 -2.1544 1.3745 -2.9277
2.2607 8.9262 0.8422 -4.2988 -0.6729 -1.5833
5.8227 4.0989 -1.992 -1.1946 0.7695 -1.7406
19.575 -2.873 -18.3492 0.6228 5.2489 -6.6845
3.6015 -3.3321 -0.4603 0.5546 0.6512 -1.7544
4.4442 -4.3664 1.4551 -0.1176 0.8004 -2.6471
4.2527 18.8478 3.8684 -1.8081 0.7194 -0.3014
2.2607 11.7609 2.2978 0.0955 0.8483 -0.502
3.3716 1.8393 2.0297 0.0518 -0.8721 -0.9057
0.92 6.9725 3.4471 -0.9698 0.712 0.4024
7.2784 9.6917 4.367 -0.2603 0.158 3.2776
8.275 2.5672 2.7192 0.4598 -3.1847 3.0929
8.658 3.7164 2.4511 -0.1729 -2.8098 0.2455
15.1697 2.5283 -6.7804 -0.8078 1.2254 -0.677
3.7924 2.2218 -3.5243 0.5951 -0.3202 2.0586
5.363 -4.1372 -3.9456 0.2596 0.8185 -0.6334
9.3859 0.9966 -4.291 0.757 0.7769 0.2074
10.3435 0.8817 -2.6821 0.6153 0.5947 -0.1847
8.6197 2.2607 -0.1538 -0.3733 1.4256 0.1509
9.4625 -0.3059 -0.8434 0.0092 -0.2372 -0.2859
9.8072 0.2687 -1.1881 -0.0303 0.3135 0.0092
9.7689 0.0389 -0.422 -0.0846 -0.1936 0.136
9.0022 -0.4214 -0.7661 0.0166 -0.1403 -0.0532
9.347 0.0383 -1.2258 0.0816 0.2752 -0.2258
9.5391 0.6135 -0.422 -0.0686 0.0035 0.0266
9.347 0.3448 -0.5746 -0.0409 -0.1211 0.098
9.5002 0.0766 -0.7661 -0.0164 -0.1115 0.0991
9.232 -0.0766 -0.9577 -0.0174 0.0163 0.0271
9.3476 -0.076 -0.9583 0.0188 0.0899 -0.056
9.5008 0.1921 -0.7667 0.022 0.0973 -0.0571
9.4625 0.1921 -0.6901 -0.0036 0.0025 0.0164
9.4242 0.1921 -0.7284 -0.011 -0.0082 0.0356
9.5008 0.1155 -0.7667 -0.0121 0.0025 0.0235
9.4619 0.1532 -0.7661 -0.0025 0.0238 -0.0063
9.4625 0.0772 -0.7284 0.005 0.0313 -0.0223
9.3859 0.1921 -0.6518 -0.0036 0.0281 -0.0329
9.4625 0.2304 -0.7284 -0.0164 -0.0199 -0.0116
9.3859 0.1921 -0.7284 -0.0046 -0.0135 0.031
9.3093 0.2304 -0.8051 0.0167 0.0196 0.0086
9.4625 0.1921 -0.7284 0.006 0.0121 -0.0116
9.5008 0.1921 -0.8051 -0.011 -0.006 0.0075
9.3476 0.1538 -0.7667 0.0039 0.0185 -0.0148
9.4625 0.1538 -0.6901 0.0103 0.027 0.0047
9.4242 0.1538 -0.6901 -0.0068 -0.0465 0.0037
9.4242 0.3071 -0.8434 -0.0078 0.0366 0.0165
9.5391 0.1538 -0.6135 -0.0025 -0.0177 0.0516
9.347 0.1532 -0.8811 0.0017 0.0302 -0.0394
9.5385 0.1532 -0.7661 -0.0036 0.0259 -0.0085
9.2703 0.1532 -0.9577 0.0081 0.0366 0.0331
9.5385 0.1149 -1.2258 -0.0089 0.06 0.0299
9.4236 0.1149 -0.8428 -0.0121 0.0387 -0.034
9.5002 0.1915 -1.0343 -0.0218 0.2123 0.0109
9.4619 0.1915 -0.8045 -0.0015 0.1856 0.0301
9.4236 0.2682 -0.4214 0.0208 -0.0562 0.029
9.4236 0.0383 -0.6895 -0.0015 -0.0061 0.0333
9.6151 0.0766 -0.6129 0.0017 -0.0274 0.0237
9.5391 0.0772 -0.7284 -0.0079 -0.0594 0.0181
9.4236 0.0766 -0.7661 0.0113 -0.0072 -0.0139
9.3853 0.1532 -0.6129 0.0187 0.0035 -0.0298
9.3859 0.1155 -0.7284 0.0113 0.0621 -0.0075
9.5008 0.2304 -0.6135 0.0102 0.0195 -0.0149
9.3859 0.1538 -0.4986 -0.0004 -0.0039 -0.0024
9.4625 0.1538 -0.6518 -0.0036 0.0036 0.0029
9.4625 0.1155 -0.6518 -0.0025 0.0099 -0.0024
9.4619 0.1915 -0.6895 0.0017 0.0227 0.0029
9.4236 0.1532 -0.7278 0.0017 0.0227 -0.0077
9.4236 0.1532 -0.6129 -0.0004 0.0185 0.0001
9.4619 0.0766 -0.6129 -0.0047 0.0067 0.0064
9.4242 0.1538 -0.6135 -0.0047 -0.0007 0.0022
