-9.3847 -3.1023 2.2212 -0.2461 -0.0987 0.1366
-9.3847 -2.6043 2.6809 -0.2525 -0.1435 0.1142
-9.0782 -2.8724 2.6809 -0.3909 -0.1381 0.2163
-9.3464 -1.9148 2.9108 -0.3472 -0.3363 0.3282
-9.1548 -2.7575 2.8341 -0.4058 -0.2628 0.3399
-9.1548 -2.6043 2.566 -0.3962 -0.4609 0.44
-9.6911 -4.8644 2.3361 -1.4327 0.5916 -0.0387
-13.9438 -2.1835 -3.2178 -1.2846 2.981 -0.3987
-8.6951 0.0389 1.2252 1.0877 0.6694 -0.2517
-7.1629 -0.4591 0.8422 -1.0215 0.2763 -0.5426
-7.6992 -0.8039 -4.0995 -0.4165 -0.7964 -0.0493
-10.8787 -3.3321 -4.9039 -0.1864 -0.4737 0.3134
-14.1348 -2.6426 -1.4946 -0.1108 -0.0636 0.192
-9.2314 2.7204 2.2212 2.432 0.1527 0.0216
-9.4236 0.6895 2.49 1.9292 -0.2053 0.7438
-8.6185 -8.5419 4.1366 -1.1984 1.578 0.6373
-9.2314 -5.1326 0.0377 1.9027 -3.7216 -0.3716
-9.8444 -2.4128 -0.8817 2.1839 0.7589 -0.3354
-11.224 -2.49 -0.1532 -0.9405 0.6066 0.585
-12.1811 -6.0136 -3.295 -1.2963 1.8018 -0.5932
-13.5225 -0.1149 1.5323 -0.9554 1.0348 -1.0502
-7.5459 0.3837 1.072 0.6116 1.1381 -0.6433
-7.5842 -5.9753 0.5357 -1.9291 -0.2904 -0.4686
-5.7072 4.3676 -1.1881 -0.2087 -1.4057 0.1834
-11.1085 -13.4835 -7.8536 0.3421 -0.0614 -0.0755
-13.79 1.4946 0.0377 0.112 0.7237 0.7895
-8.4659 1.0343 3.869 1.2901 -0.1668 0.5466
-8.5419 -5.2475 2.3361 0.3452 -0.9605 0.6821
-6.7415 -3.064 -1.303 2.626 0.1229 -0.0679
-7.0479 -0.9954 -1.9926 -2.6205 0.8494 -0.0924
-8.6191 0.7661 5.4779 -0.3557 0.7674 1.0869
-10.1514 2.5283 -0.0766 2.6611 -0.5706 1.9199
-19.3446 6.5511 0.6889 -0.8989 -1.0744 4.5055
-16.778 0.422 -0.0006 0.356 -3.2187 4.7836
-8.9639 -2.4134 -2.2984 3.7147 -1.7007 5.247
8.1211 -1.7238 -5.0949 -3.3448 -0.1423 5.5793
5.1332 0.0766 6.5122 2.1286 2.36 -3.9601
2.2607 9.0028 2.1829 -3.315 -0.2307 -2.3456
-2.068 8.275 11.3766 -2.923 -0.252 0.0747
-0.1909 6.2447 6.7032 0.4177 -0.3543 -0.247
-1.3018 6.6277 6.1669 -0.8862 -0.0198 -0.002
-0.5746 6.7421 8.5425 0.243 -0.1029 0.0587
-0.4591 6.7427 6.7032 -0.0414 0.0516 -0.0109
-0.3442 6.8576 8.1588 0.2729 -0.039 0.021
-0.2682 6.8187 7.0868 0.0758 -0.0741 0.005
-0.2676 6.781 7.0479 0.0683 0.0218 -0.0035
-0.3059 6.8959 7.2012 -0.1564 0.0207 0.0136
-0.3442 6.8576 7.2012 0.0364 0.0239 -0.0163
-0.4214 6.857 7.2018 -0.2001 0.0015 0.0039
-0.3448 6.7038 7.5082 -0.0542 -0.0219 0.0156
-0.3448 6.7038 7.5848 0.0119 -0.0155 0.0028
-0.3831 6.7421 7.3167 0.0215 0.0047 0.0007
-0.3065 6.7421 7.3933 0.0183 0.0143 0.0005
-0.3065 6.7421 7.355 -0.0307 0.0037 0.0047
-0.3831 6.7038 7.355 0.0066 0.0005 0.0015
-0.3065 6.7421 7.4316 0.0055 -0.0038 0.0047
-0.3448 6.7421 7.4316 -0.0084 0.0005 0.0047
-0.2676 6.7427 7.431 0.013 0.0058 0.0022
-0.3442 6.781 7.2778 -0.003 0.0037 0.0033
-0.3442 6.7044 7.431 0.0194 -0.0016 0.0033
-0.3442 6.781 7.3927 0.0048 -0.0055 0.0012
-0.3442 6.7044 7.3927 0.0112 0.0009 -0.0009
-0.3825 6.7427 7.4693 -0.0027 0.0084 -0.0009
-0.3831 6.7804 7.4316 0.0005 0.003 0.0002
-0.4214 6.7804 7.355 0.0026 -0.0034 0.0012
-0.3831 6.7421 7.3933 -0.007 -0.0023 0.0002
-0.3065 6.7804 7.4699 -0.0056 -0.0034 0.0029
-0.3825 6.7044 7.4693 0.0008 0.0083 -0.0003
-0.3059 6.781 7.3544 -0.012 -0.0013 0.0008
-0.4208 6.781 7.431 -0.0067 -0.0013 -0.0003
-0.3065 6.7421 7.355 -0.0056 -0.0013 0.0008
-0.3825 6.7427 7.431 0.0019 -0.0002 -0.0003
-0.3442 6.7427 7.3927 0.0008 -0.0013 0.0008
-0.3442 6.7427 7.3927 -0.0077 -0.0002 -0.0003
-0.3059 6.781 7.3927 -0.0035 0.0019 -0.0003
-0.3825 6.8193 7.3544 -0.0077 -0.0013 0.0008
-0.3831 6.7804 7.3933 -0.0056 0.0008 -0.0003
-0.3831 6.7804 7.355 -0.0131 -0.0002 -0.0001
-0.3448 6.7804 7.3933 -0.0013 0.0019 -0.0023
-0.3825 6.781 7.3927 -0.0049 -0.0039 0.002
-0.3442 6.6661 7.3927 0.0058 -0.0007 -0.0001
-0.3825 6.781 7.3544 -0.0081 0.0004 -0.0001
-0.3825 6.781 7.3544 -0.0049 -0.0028 -0.0001
-0.3059 6.7421 7.431 -0.0028 0.0004 -0.0012
-0.3825 6.781 7.3927 0.0036 0.0004 -0.0012
-0.3059 6.7044 7.3544 -0.0021 0.0015 -0.0002
-0.3825 6.781 7.3927 0.0043 -0.0038 0.0009
-0.3442 6.781 7.3927 -0.0053 0.0004 -0.0002
-0.3825 6.7427 7.3544 -0.0032 0.0015 -0.0012
-0.3825 6.7427 7.3544 0.0022 -0.0017 0.0009
-0.3448 6.7038 7.3933 0.0107 -0.0006 -0.0002
-0.4214 6.7804 7.355 0.0 0.0004 0.0009
-0.3831 6.8187 7.3167 -0.0032 0.0015 -0.0012
-0.3831 6.857 7.3167 0.0022 -0.0017 -0.0007
-0.3825 6.7427 7.3927 0.0043 0.0026 -0.0018
-0.4208 6.781 7.3544 -0.0021 0.0026 -0.0007
-0.3442 6.8193 7.2778 -0.0063 -0.0017 -0.0007
-0.4214 6.7421 7.4316 0.0054 -0.0017 0.0003
