1.5712 -9.3847 1.1103 0.0745 -0.1937 -0.1724
1.494 -9.1554 0.3448 0.2514 0.585 -0.1735
0.1149 -9.1937 0.8045 -0.1034 1.9038 -0.2093
-0.4591 -8.6185 3.7535 0.8096 1.645 -0.1294
0.4986 -10.0359 1.0337 0.6817 -0.5708 -0.384
-1.1103 -10.5722 3.6003 0.9278 1.1677 -0.4224
-0.996 -9.5002 -0.0383 -0.2397 -1.1535 -0.2239
0.8045 -12.6031 2.4134 -2.0784 -0.6379 0.5463
4.1372 -12.0668 0.1915 -1.7865 -2.2283 0.5356
1.0726 -6.7038 0.9577 1.2208 1.7196 1.2792
1.5323 -7.2018 1.3408 0.0948 0.8173 0.8296
-0.8805 -8.6951 -0.9966 0.4229 2.0721 -0.2004
-4.9033 -10.9176 -1.6472 0.2854 0.3453 -0.2963
0.0772 -7.7758 1.6849 -0.0554 -0.6752 -0.5648
-0.1909 -12.9856 4.0217 1.2932 3.2631 -0.5477
2.1069 -5.2864 1.3408 -0.2003 -3.7996 -0.7863
1.8777 -10.9553 5.8987 0.245 1.6961 -0.4752
-0.2292 -8.2738 1.6849 0.8841 0.3847 0.0169
-0.9188 -10.7637 1.4934 0.5102 0.0769 -0.3133
-0.4974 -8.7334 0.2292 -0.0821 -1.488 -0.3453
-5.2092 -10.1508 0.8422 -1.0951 0.2548 0.2736
2.873 -14.4035 6.2441 0.2673 2.3001 -0.2025
2.5666 -6.5888 1.8771 -0.9417 3.1981 0.3961
2.4906 -7.1629 1.3785 0.3781 1.7462 -0.0843
2.797 -7.5076 0.8422 0.3174 2.8988 -0.0726
-1.7615 -8.0822 -0.6135 -0.3431 1.09 1.1503
0.3071 -0.3059 4.2132 1.0492 0.0929 1.4252
-2.8724 -9.7294 10.0359 4.2046 -0.1713 1.7419
-7.7375 -12.3726 16.7014 2.7089 3.0181 3.0405
-10.1508 -5.5923 19.0764 0.3547 0.2239 0.878
-6.4356 6.2824 5.861 2.3627 -1.6488 -0.3034
-6.0136 1.1115 9.1931 2.0676 -0.6603 -0.9809
-3.5237 0.3837 7.5076 1.4722 0.1632 -1.2295
-2.0297 3.4866 6.3201 -0.0458 -0.5175 1.0012
-3.2944 4.4819 8.0828 -0.0426 -0.9415 0.6464
-4.0606 2.9113 9.6151 -0.5071 0.3571 -0.421
-4.0983 2.3756 8.0056 0.0436 -0.069 -0.3304
-3.562 2.6055 8.8101 -1.3316 2.5548 -0.8238
-9.5762 3.1801 11.7597 0.4037 1.0155 -0.1292
-5.2092 1.4946 6.5116 -0.1065 -0.8008 0.1967
-6.1286 1.3414 7.5459 -0.4655 -0.412 -0.1825
-6.2435 0.6901 9.3464 0.1523 -0.2277 -0.0728
-5.5162 0.9194 9.1171 0.0905 -0.609 -0.0405
-4.9416 0.996 8.0828 -0.0991 -0.5558 -0.0948
-4.5203 0.8811 9.347 0.017 -0.266 -0.0725
-4.367 0.7278 8.9639 -0.0426 -0.1925 -0.0639
-4.0983 0.6901 8.925 -0.0011 -0.0221 -0.0394
-4.1366 0.7284 9.2698 -0.0139 -0.0242 -0.048
-4.06 0.7667 9.1165 0.0085 0.1017 -0.0153
-4.2132 0.7284 8.8867 -0.0128 0.1272 -0.0185
-4.3664 0.7284 9.0016 -0.0106 0.1347 -0.0142
-4.4813 0.6901 8.925 0.0032 0.1134 -0.0174
-4.558 0.6518 8.8867 0.0011 0.0644 -0.0302
-4.4813 0.7284 8.8484 0.0022 0.0082 -0.0003
-4.5197 0.6518 8.8867 0.0022 -0.0141 -0.0013
-4.5203 0.7278 8.9256 0.0033 -0.0163 -0.0024
-4.443 0.6901 8.9633 -0.001 0.0061 -0.0003
-4.5197 0.6901 8.925 0.0044 0.0178 0.0008
-4.5197 0.7667 8.925 0.0044 0.0138 0.0214
-4.4047 0.6518 8.8867 -0.0009 0.0138 0.0224
-4.5197 0.6518 8.9633 0.0087 0.0234 0.0235
-4.4813 0.6901 8.8484 0.0023 0.018 0.0214
-4.4813 0.6135 8.8867 0.0033 0.018 0.0246
-4.4819 0.6895 8.9639 0.0012 0.0118 0.0367
-4.5197 0.6901 8.9633 0.0023 0.0022 0.0367
-4.5586 0.6895 8.849 0.0023 -0.0031 0.0356
-4.4813 0.6135 8.9633 0.0055 0.0097 0.0367
-4.558 0.6901 8.8484 0.0002 0.0097 0.0377
-4.5197 0.6135 8.925 0.0023 0.0118 0.0388
-4.4819 0.7278 9.0022 0.0055 0.015 0.0377
-4.443 0.7284 9.0016 0.0023 0.0118 0.0367
-4.443 0.6518 9.0016 0.0034 0.0129 0.0377
-4.443 0.6135 8.925 0.0034 0.015 0.0377
-4.5197 0.7284 9.0016 0.0034 0.0152 0.061
-4.443 0.6518 8.8867 0.0024 0.0099 0.061
-4.558 0.6518 9.0016 0.0002 0.0163 0.0621
-4.4813 0.6901 8.9633 0.0045 0.0195 0.0631
-4.4819 0.6512 9.0022 0.0003 -0.0015 -0.0008
-4.4819 0.6512 8.9256 -0.0008 -0.0015 -0.0008
-4.5203 0.6129 8.9639 0.0003 -0.0005 -0.0008
-4.5586 0.6129 8.9256 0.0014 0.0017 0.0003
-4.5197 0.6901 8.925 0.0003 -0.0037 -0.0008
-4.5197 0.6901 8.925 0.0024 -0.0005 0.0003
-4.558 0.6901 9.0399 -0.0009 -0.0026 0.0004
-4.5586 0.6512 8.9639 0.0012 -0.0026 0.0004
-4.5203 0.6512 9.0022 0.0012 -0.0026 0.0004
-4.5203 0.6895 8.9256 -0.0009 -0.0058 0.0004
-4.5203 0.7278 8.9256 0.0001 -0.0037 0.0004
-4.4813 0.6901 8.9633 0.0001 -0.0005 0.0004
-4.5586 0.7278 9.1171 0.0028 0.0058 0.0013
-4.5197 0.7284 9.0399 -0.0014 -0.0016 0.0013
-4.4047 0.6901 8.925 -0.0014 0.0037 0.0002
-4.5963 0.6901 8.9633 0.0007 0.0037 0.0002
-4.5197 0.6901 8.925 -0.0014 -0.0027 -0.0008
-4.4813 0.6135 8.8867 -0.0014 0.0005 0.0002
-4.5969 0.7278 9.0022 0.0007 0.0058 0.0002
-4.5197 0.7284 8.9633 0.0011 -0.0004 -0.0012
-4.5586 0.6895 9.0405 0.0021 0.0049 -0.0001
-4.5203 0.6129 9.0405 -0.0011 -0.0025 -0.0001
-4.5969 0.6895 9.0788 -0.0011 0.0017 -0.0012
