-0.6129 8.6957 3.7541 0.2609 0.4421 0.1747
-0.7278 8.9256 3.984 0.2353 0.326 0.0927
-1.3402 10.3435 3.7918 0.1043 0.1427 -0.1289
-2.4128 11.0331 2.2595 -0.3761 -0.4314 -0.425
-2.566 9.156 1.5317 0.1885 -0.653 -0.3399
-2.6809 8.6197 2.3744 0.4761 -0.6509 -0.1257
-2.5277 8.6963 1.7615 0.0745 -0.7809 -0.0906
-2.3744 9.7689 2.3361 0.1821 -0.6445 0.1534
-1.6466 10.9182 3.4087 -0.1599 -0.1609 0.1789
-1.6083 11.5694 2.6043 -0.4571 0.0969 -0.0396
0.1538 9.2709 0.6889 0.0489 0.5869 -0.4359
2.9886 8.4282 1.7232 -0.293 0.3782 0.036
-1.4168 7.8536 2.068 0.1267 -0.6445 0.232
-0.9571 9.1177 2.1829 -0.0033 1.4296 -0.291
-1.1109 9.6534 4.5586 -0.0757 0.0351 -0.0256
-2.49 9.8833 4.2138 -0.2696 -0.0053 -0.2972
-2.375 12.6031 3.0263 -1.2763 -0.3004 -0.6125
-2.8341 8.3899 2.068 0.2481 -0.8373 -0.1002
-0.9954 8.6197 0.6889 0.4569 -0.2983 0.1896
-2.7192 7.777 2.4894 0.4676 -0.9279 0.1086
-2.2212 8.8496 2.6426 -0.0001 -0.3537 0.0658
-1.8387 10.1897 2.873 -0.0651 0.1363 0.0072
-2.1835 11.3006 3.5243 -0.162 0.3377 -0.0982
-0.3831 8.4659 1.6855 0.0255 0.2844 -0.3976
0.6895 8.6957 2.4517 -0.0193 -0.8863 0.0467
-0.3065 6.9719 1.8004 -0.798 0.8192 -0.5127
-0.7272 4.8656 3.2555 -0.504 0.2865 -0.2858
-2.2218 3.2178 3.0646 2.4319 0.4666 0.9211
-3.9456 5.5929 3.3327 3.2095 -0.9343 2.5531
0.1155 9.9605 0.2292 2.8282 -2.5897 2.6873
2.9497 -0.9194 -4.0606 4.4133 0.2684 -0.812
-1.1486 -15.1308 -4.8273 -2.0486 -9.1847 3.3606
5.0572 7.777 -12.8718 1.3368 2.0464 1.3377
-0.3442 -1.2635 -6.1298 1.1205 -1.4925 0.4567
2.8353 2.414 -6.2447 -0.2995 1.0759 0.0411
3.4482 3.5249 -10.8032 0.5133 0.0745 0.1413
3.0652 2.2607 -9.4625 1.1408 -2.7633 -0.2689
0.92 1.2264 -8.3516 0.5304 -0.4378 -0.0334
0.422 1.6478 -9.0794 -0.1216 0.0724 -0.0068
0.1538 1.418 -9.8456 -0.1801 0.4101 0.0192
1.0349 1.7244 -9.5774 -0.4741 1.1973 -0.0416
2.1841 2.1841 -9.654 0.0457 0.1374 -0.0266
1.8771 1.9154 -9.5768 0.1096 -0.3793 -0.0181
1.303 1.9543 -9.5391 -0.015 0.0128 -0.0288
1.4946 1.9543 -9.5774 0.0798 -0.0842 -0.031
1.3797 1.801 -9.6157 0.0755 -0.1151 -0.0278
1.3414 1.8393 -9.6157 0.001 0.0469 -0.0235
1.418 1.801 -9.7689 0.0191 0.0106 -0.0225
1.418 1.6861 -9.6923 -0.0289 0.0682 -0.0203
1.4563 1.7627 -9.5774 -0.0097 0.0735 -0.0235
1.6095 1.8393 -9.654 0.0265 -0.033 -0.0267
1.5329 1.7627 -9.6157 0.0212 -0.0181 -0.0245
1.6095 1.7627 -9.6923 0.0095 0.0021 -0.0235
1.6095 1.6478 -9.654 0.0052 0.0096 -0.0224
1.5329 1.7627 -9.5774 0.0074 0.0149 -0.0241
1.6095 1.7244 -9.6157 -0.0032 0.0298 -0.022
1.6089 1.7621 -9.6151 0.0021 0.0074 -0.0241
1.6095 1.8393 -9.6157 -0.0 0.0042 -0.0241
1.5712 1.6861 -9.7306 0.0096 0.0117 -0.022
1.6855 1.7238 -9.6534 -0.0011 -0.0117 -0.024
1.6855 1.7238 -9.6151 0.0106 -0.016 -0.024
1.6861 1.7627 -9.7306 0.0074 0.0064 -0.023
1.6095 1.7627 -9.5391 0.0085 -0.0181 -0.024
1.6095 1.7627 -9.6923 0.0074 -0.0053 -0.024
1.6855 1.7621 -9.6151 0.0021 0.0032 -0.0226
1.6855 1.8004 -9.5385 -0.0011 0.0064 -0.0226
1.6855 1.7621 -9.6151 0.0032 -0.0021 -0.0226
1.6472 1.7621 -9.5768 -0.0011 0.0011 -0.0226
1.7244 1.6861 -9.654 -0.0106 0.0149 -0.0237
1.6089 1.8004 -9.6917 -0.0 -0.0 -0.0227
1.6472 1.7238 -9.5385 0.0128 -0.0107 -0.0227
1.6472 1.7238 -9.6151 -0.0064 0.0128 -0.0227
1.6855 1.7621 -9.6534 0.0053 -0.0128 -0.0227
1.6861 1.7244 -9.5774 -0.0032 0.0085 -0.0227
1.7238 1.7238 -9.5002 0.0192 -0.0171 -0.0239
1.6861 1.7244 -9.5774 0.0053 -0.0096 -0.0228
1.6089 1.8004 -9.5768 -0.0021 0.0074 -0.0228
1.6095 1.7244 -9.6157 0.0011 0.0021 -0.0218
1.6089 1.8771 -9.5002 -0.0064 0.0213 -0.0239
1.6861 1.801 -9.6157 -0.0011 0.0032 -0.0216
1.6855 1.7238 -9.5768 -0.017 0.0287 -0.0227
1.7244 1.801 -9.5774 -0.0021 0.0053 -0.0216
1.801 1.7627 -9.6157 0.0 0.0042 -0.0227
1.7627 1.801 -9.5391 0.0043 -0.0032 -0.0227
1.801 1.801 -9.5391 -0.0096 0.0224 -0.0227
1.7244 1.8393 -9.5774 -0.001 -0.0053 -0.0234
1.7627 1.7244 -9.654 -0.0021 0.0085 -0.0234
1.801 1.8393 -9.5391 0.0 -0.0053 -0.0224
1.8004 1.8004 -9.6534 0.0043 -0.0021 -0.0224
1.8004 1.8387 -9.6151 0.0 0.0011 -0.0224
1.6855 1.8004 -9.5385 0.0033 -0.0032 -0.0222
1.8004 1.8004 -9.6151 -0.0095 0.0298 -0.0222
1.801 1.8393 -9.5774 -0.001 0.0064 -0.0222
1.7621 1.8004 -9.5768 -0.0031 0.0064 -0.0222
1.8004 1.7621 -9.5385 -0.0042 0.0128 -0.0211
1.7238 1.8771 -9.6151 -0.0095 0.0096 -0.022
1.8393 1.801 -9.5391 0.0001 -0.0011 -0.022
