2.2224 -9.3464 -1.6095 -0.1621 -1.9659 0.4391
-1.1103 -10.1125 -0.422 0.622 -1.5536 1.1869
1.418 -9.2698 -0.1538 0.0371 0.3926 0.6157
0.4603 -8.7718 -1.5329 0.2917 0.8166 0.4846
-0.3065 -8.4659 -1.6472 0.2086 0.4629 0.1864
-0.9571 -8.5036 -1.9926 0.0424 0.3191 -0.1833
-0.2676 -10.6488 -0.9583 0.0595 -0.4841 -0.3569
5.287 -7.1245 1.5317 0.492 -0.0942 -1.0319
3.5249 -11.7597 0.2676 0.4781 0.2296 -0.8359
-2.4128 -8.9633 3.562 -0.3368 2.6137 0.0642
0.3071 -9.3847 2.068 1.0427 -1.7017 0.404
1.6472 -8.5425 0.4597 0.6699 0.3937 -0.4066
3.2567 -9.1165 2.3361 0.1735 0.0975 -0.5464
-0.4214 -10.7643 2.1452 0.5857 0.35 0.1076
-2.1452 -13.6757 -2.8347 -2.3991 0.7228 0.6637
6.2064 -8.5036 1.6083 -1.7579 -0.4213 0.1076
3.1418 -8.0439 1.9148 -0.5797 -0.3211 0.3367
2.5672 -6.7798 -0.1538 0.1085 0.8677 1.0674
2.49 -6.7421 -0.9194 0.7018 1.4909 -0.5049
-3.5243 -12.718 -3.1795 0.2193 -1.7262 0.1577
5.2104 -4.2898 0.3442 -0.6361 1.0051 -0.685
7.2018 -6.857 0.6895 0.0073 -2.0032 -1.4008
5.9376 -8.5808 2.988 0.6209 -0.9241 -0.7681
0.3837 -9.6145 3.7152 1.6925 -0.972 1.5297
1.7627 -9.3464 1.3018 0.4962 -1.6026 -0.3303
2.4906 -7.6992 2.3744 -0.4753 -5.0317 -0.5635
-0.1526 -11.4533 -6.781 1.3687 -5.8722 0.8778
-0.0377 -9.3464 0.6123 -2.0753 0.0858 1.5688
2.0692 -2.9491 2.1063 -1.0473 -1.5984 1.5177
-5.439 -8.5419 -11.3012 -2.5781 -1.6506 0.5344
-3.6769 3.9462 -3.2184 -4.8535 2.325 0.6857
1.1109 -4.0606 -19.575 -2.5238 -0.5747 0.5451
-8.8107 0.5746 -2.1835 -0.0694 -0.384 2.4966
-11.6454 1.9537 -3.9456 -0.7309 3.2156 0.3828
4.5203 3.8307 2.988 -2.397 0.7303 -0.0689
10.0754 18.9244 2.5277 -2.8998 1.7806 0.2496
1.0349 6.8959 -1.2264 -1.9656 0.366 -0.2244
2.988 10.1897 -0.3448 -0.3613 0.7026 1.6473
7.5082 8.7724 1.4557 1.1216 0.4874 1.4272
4.6735 8.6957 -0.5363 1.9514 -1.5111 0.7422
4.9422 7.2407 -5.785 2.8313 -0.4287 1.7372
8.0451 2.7587 -5.8233 2.5032 2.3484 0.5047
1.1498 -1.1486 -0.92 2.1368 -2.4858 1.2035
4.5586 -4.5203 -2.375 2.2241 0.3777 -2.6745
15.8592 -5.6695 -12.8329 0.884 -2.017 -1.3429
9.347 -4.367 -7.2784 -2.4045 1.4408 -1.034
2.8353 -0.3825 -0.6135 0.2534 -1.8509 0.7386
16.702 1.7238 -8.351 -0.5722 -1.0061 0.1208
9.6917 2.9113 -4.6735 -0.3208 0.6898 -0.5361
5.8227 0.6129 -3.869 0.28 0.3244 0.054
7.5082 0.996 -4.9799 0.2203 -0.27 0.3726
9.8456 -0.3825 -4.4059 -0.013 0.6205 -0.0408
8.8496 -0.3059 -3.7164 0.0989 -0.2817 -0.0855
8.0451 0.6518 -4.6741 -0.1248 -0.4053 -0.1788
7.853 0.8428 -4.9416 0.0456 0.0027 -0.084
7.8147 0.5746 -4.7118 -0.0193 0.0048 0.0459
8.3893 0.8045 -4.6735 0.0297 -0.0431 0.0086
8.5808 0.3831 -4.6735 -0.0204 -0.0261 -0.0904
7.9685 0.422 -4.789 0.0201 0.0027 -0.0127
8.0834 0.5752 -4.789 -0.0204 0.0527 -0.0091
8.5042 0.6129 -4.5969 -0.0002 0.0496 -0.0017
8.2744 0.5363 -4.5586 -0.0023 -0.0399 -0.0305
8.16 0.6901 -4.8273 0.0052 0.041 -0.0155
8.3893 0.4214 -4.5586 0.0137 0.0283 -0.0195
8.2367 0.4986 -4.5975 -0.0183 -0.0282 -0.0259
8.2367 0.5752 -4.5975 0.0084 -0.0133 -0.0301
8.2367 0.4986 -4.7124 0.0062 0.0229 -0.028
8.275 0.5752 -4.6358 0.002 0.0315 -0.011
8.3133 0.5369 -4.5592 0.0073 -0.0112 -0.0205
8.2744 0.5746 -4.5969 0.0179 -0.0058 -0.0199
8.2744 0.5363 -4.5969 0.0169 -0.0143 -0.0252
8.3133 0.4986 -4.6358 0.0201 -0.0143 -0.0263
8.275 0.4986 -4.6358 0.002 0.0272 -0.0146
8.2367 0.5369 -4.5975 0.0041 0.0112 -0.0178
8.3127 0.498 -4.5969 -0.0002 0.0123 -0.0205
8.275 0.4986 -4.5592 0.0009 0.0016 -0.0216
8.275 0.4986 -4.6358 -0.0012 0.0048 -0.029
8.3133 0.5369 -4.5592 -0.0044 0.0229 -0.0131
8.2744 0.498 -4.5586 0.0084 -0.008 -0.0184
8.3127 0.5363 -4.6352 -0.0002 -0.0016 -0.0244
8.2744 0.5746 -4.5586 0.0009 0.0208 -0.0233
8.2361 0.498 -4.5203 0.0094 0.008 -0.0201
8.3133 0.5369 -4.5975 0.0052 -0.0059 -0.0318
8.3133 0.5369 -4.5975 -0.0002 0.0304 -0.0127
8.3516 0.5369 -4.5209 0.002 0.0038 -0.022
8.2744 0.5746 -4.5586 0.0073 -0.0058 -0.0188
8.275 0.5752 -4.6358 0.0115 0.0027 -0.022
8.351 0.5363 -4.6352 0.0222 -0.0037 -0.0188
8.1983 0.4603 -4.5209 0.0254 -0.0186 -0.0294
8.1983 0.4603 -4.6358 0.0137 0.0347 -0.0199
8.275 0.422 -4.5592 0.0478 -0.0058 -0.0209
8.3893 0.3831 -4.5969 0.0116 -0.0016 -0.0231
8.3127 0.4214 -4.5586 0.0169 0.0016 -0.0167
8.2361 0.498 -4.6352 0.003 0.0059 -0.0188
8.3127 0.498 -4.5203 0.0041 0.0091 -0.0167
8.1977 0.4214 -4.4819 -0.0172 0.0176 -0.0146
8.4659 0.4597 -4.5969 -0.0098 0.0059 -0.0178
8.1977 0.498 -4.5586 -0.0087 0.0048 -0.0199
8.2744 0.498 -4.5969 0.0062 0.0112 -0.0167
