-1.1109 -9.6151 0.2298 0.0571 -0.1118 -0.0173
-1.8771 -9.4619 0.3448 0.0731 -0.2109 0.118
-1.2258 -9.8067 0.498 0.1711 -0.2631 0.0125
-2.1446 -9.4613 0.8039 0.0923 -0.2045 -0.0418
-1.7998 -10.4573 1.8765 0.1285 -0.23 0.0434
-1.4934 -9.5379 2.2212 0.2148 -0.5486 0.0123
-1.7232 -9.4996 1.8381 0.3511 0.5551 0.1189
0.3454 -9.6145 1.3018 0.1125 -0.5784 0.4118
-1.3018 -9.5762 2.2212 0.3362 -0.0756 0.3969
-0.4974 -11.1851 0.0377 0.1892 0.9119 0.2169
1.1881 -11.798 -2.6438 -0.9868 1.1559 -1.1283
-6.1669 -11.9513 2.4128 -1.3085 3.7019 -0.9835
-3.3321 -7.3927 1.7998 0.0497 -0.7488 -0.6703
-1.6466 -7.8907 -2.4906 1.3546 0.8011 -0.4594
5.3253 -13.3686 -2.7587 0.7357 -0.0703 -0.3528
-3.2172 -8.7718 1.6083 -0.3817 -0.426 0.3311
-2.8724 -6.6649 1.2252 0.0614 0.6499 0.053
-1.3785 -10.0742 2.3744 -0.1804 -2.1752 0.7284
-0.6506 -8.7718 1.8381 0.61 -0.4804 0.6421
-0.6512 -9.0022 0.4214 0.7389 -0.1214 0.7082
0.1149 -11.0325 1.9154 0.8231 -0.4591 0.6836
0.4597 -11.9519 0.498 -0.9346 0.1939 -0.2592
1.1109 -11.4922 -1.3408 -3.226 -0.2066 -2.4718
-4.941 -7.431 1.9148 -1.3703 3.8158 -0.6651
-2.9108 -6.6266 1.0337 1.8031 -3.4802 -0.4712
-3.3327 -5.7844 -0.9577 0.3831 0.1151 0.7922
12.22 -12.0285 3.9456 -0.5117 0.4144 -0.5021
-3.3704 -7.6992 0.9188 0.381 0.4368 0.1648
-1.1486 -9.9976 2.5277 -0.3338 -1.3784 0.9776
-0.8811 -9.0405 0.7278 0.2031 -0.5422 0.6314
0.1532 -9.232 2.375 0.4811 -1.1941 0.7932
-0.2682 -9.1937 1.2258 0.3426 -1.7331 0.643
-0.5357 -9.6528 -0.8051 -0.0249 -0.0639 0.5769
2.3756 -12.0662 1.4934 -2.1895 1.6278 -1.7283
-2.4894 -11.1851 6.1286 -1.8785 -0.0884 0.089
-3.1789 -8.2738 3.2172 1.3802 -1.2761 -0.7196
-2.3744 -7.3927 -0.422 0.1967 -2.0623 -0.2146
-2.4511 -8.0439 -1.801 0.12 -0.8138 -0.1241
-1.4168 -6.4733 -0.6135 0.1551 -0.7094 -0.0005
-2.0297 -3.3321 1.2252 -0.4553 -1.5893 0.5513
-0.8039 -6.3201 9.3081 2.6916 -2.3318 -0.0746
-3.7535 -15.3606 5.2858 6.1111 -0.1171 0.1843
-2.6426 -12.4493 10.304 3.7568 -3.4461 -0.5849
5.1721 -1.3785 12.6791 4.3395 -2.2018 -1.4594
7.6231 7.0102 15.0547 2.7427 0.4581 -0.6754
1.1875 5.4396 7.5848 -0.6981 -0.0756 -0.0096
3.4099 -0.8039 4.8261 1.6657 -2.5491 -0.6797
0.1921 3.2184 0.4974 0.6878 -1.1004 -0.1513
-2.0686 9.7683 9.5768 -3.1035 -1.4093 0.8831
4.291 1.5712 7.2778 -1.2968 0.1396 0.4793
5.0182 1.6472 11.224 -0.8345 -0.2045 0.211
5.0182 0.6512 8.6191 -0.2272 0.0363 0.0331
3.6775 0.8045 8.0062 -0.1133 0.3942 0.1439
2.9497 0.0383 9.8067 0.104 0.4326 0.0885
2.988 0.1915 9.4619 0.0593 0.4677 0.0011
2.6432 0.6129 8.5808 -0.0184 0.2184 -0.0039
2.6049 0.9577 9.1171 0.1573 0.1854 -0.0326
2.3756 0.6518 9.3464 0.0434 0.2557 0.0025
2.0692 0.5752 9.1165 -0.1196 0.3175 0.0206
1.7627 0.5752 9.6528 -0.0227 0.1758 0.0174
1.6472 0.498 9.5385 0.0466 0.065 -0.0049
1.5706 0.5746 9.347 0.0146 0.0001 -0.0153
1.7238 0.7278 9.347 -0.0056 -0.0276 -0.0111
1.6855 0.6512 9.3853 0.0018 -0.0383 -0.0132
1.7244 0.5752 9.423 0.0178 -0.0266 -0.0143
1.7244 0.5752 9.423 0.02 -0.0053 -0.0121
1.8004 0.7278 9.3853 0.0083 0.0033 -0.0054
1.801 0.7284 9.3847 -0.0013 0.0139 -0.0012
1.6861 0.6518 9.423 -0.0002 0.0128 -0.0022
1.6478 0.6901 9.4613 -0.0066 0.0107 -0.0012
1.6478 0.6518 9.3847 -0.0024 0.0075 -0.0022
1.6478 0.7284 9.423 0.0009 0.0054 -0.0038
1.6478 0.6518 9.4996 0.0009 0.0033 -0.0038
1.6478 0.6901 9.4613 0.0019 -0.0042 -0.007
1.7621 0.7278 9.4236 0.0041 -0.0063 -0.006
1.7244 0.6901 9.423 0.0009 -0.001 -0.0038
1.6861 0.6518 9.4996 -0.0044 0.0022 -0.0014
1.6478 0.6901 9.423 -0.0023 0.0033 -0.0025
1.6478 0.8051 9.4996 -0.0023 0.0011 -0.0025
1.6861 0.7284 9.423 -0.0012 0.0054 -0.0035
1.6478 0.6518 9.4996 -0.0012 -0.0031 -0.0046
1.6478 0.7284 9.5379 0.0009 -0.0042 -0.0046
1.6478 0.7667 9.5379 -0.0002 0.0001 -0.0046
1.6861 0.6901 9.4996 -0.0002 0.0001 -0.0025
1.7627 0.6518 9.4613 -0.0012 0.0011 -0.0025
1.6478 0.7284 9.4613 -0.0023 -0.0021 -0.0025
1.5712 0.7284 9.423 0.0009 0.0033 -0.0033
1.6095 0.6518 9.5379 -0.0001 -0.001 -0.0022
1.6095 0.7284 9.4613 -0.0001 0.0001 -0.0043
1.6095 0.7667 9.4996 0.002 -0.0021 -0.0043
1.5712 0.6901 9.4613 -0.0012 0.0033 -0.0033
1.7244 0.7667 9.423 -0.0012 0.0022 -0.0021
1.7244 0.7667 9.4613 0.002 0.0011 -0.0042
1.6095 0.7284 9.4613 -0.0012 -0.001 -0.0032
1.5712 0.6901 9.423 0.001 0.0022 -0.0032
1.5323 0.7284 9.5002 -0.0022 0.0011 -0.0032
1.6089 0.7661 9.5002 0.002 -0.0021 -0.003
1.6472 0.7278 9.4619 0.002 -0.0009 0.0001
1.6472 0.6895 9.4236 -0.0054 0.0002 0.0023
