-1.1869 -9.6528 0.9571 0.4604 0.0252 -0.1325
-0.9188 -9.6528 1.0337 0.193 -0.0739 0.0017
-0.9188 -9.6911 1.072 0.2814 -0.1772 0.0273
-1.4934 -9.4996 1.4934 0.2931 -0.1495 0.0742
-1.9154 -9.1554 1.7621 0.39 -0.0685 0.1317
-3.3704 -10.3807 2.4894 0.4529 0.2532 0.0369
-2.3361 -8.0439 1.6849 0.0545 -0.0259 0.136
-3.064 -9.3847 1.6849 0.3027 0.0082 -0.3434
-1.7232 -10.1125 2.1446 -0.2874 -0.0227 -0.4072
-3.064 -9.5379 1.3785 -0.558 -0.3519 0.2746
-3.9067 -12.7174 2.4511 0.3517 0.5195 -0.2634
2.2224 -8.2355 4.7878 -0.6283 0.4609 -1.1252
-0.9577 -9.7683 0.996 -0.4174 0.2138 0.3587
-0.1532 -7.2018 1.6089 0.047 0.5067 -0.6543
-0.5357 -9.0399 -0.422 -1.4752 -0.5 0.2192
-0.3825 -12.9089 -5.5551 -0.4707 -0.0739 0.1798
1.0726 -11.8369 0.1149 1.678 0.0945 -0.4754
1.418 -6.2052 3.2555 2.3821 -0.3775 0.2948
-2.7192 -11.8746 6.1286 -0.4036 -0.3061 0.1935
-0.7661 -6.9336 1.6855 0.6553 -0.2017 0.267
-1.3018 -9.7294 0.574 -0.5058 -0.7535 0.0114
-2.2212 -12.1428 2.2595 -0.2225 -0.1868 -0.1591
-1.8381 -11.9129 2.7192 -0.3343 -0.3285 0.1392
2.1458 -9.1548 4.6346 -0.5282 0.2042 -0.6014
-1.5323 -10.5728 0.3448 -0.7242 0.9104 -0.2989
2.1075 -6.2435 0.9571 -0.3812 0.4311 -0.2339
0.4986 -7.3161 -1.0732 -0.557 -0.4648 0.3126
-2.6809 -12.9856 -5.1338 0.1887 0.6313 0.6151
1.4557 -11.8369 0.8811 1.7557 0.332 -0.7919
0.0389 -5.5923 4.9793 2.6676 0.1019 0.6377
-1.4174 -12.718 6.9719 -0.9085 -0.2475 0.0326
-1.5317 -7.3927 2.2595 0.031 -0.4179 0.3394
-2.0686 -9.6534 1.3024 -0.214 -0.3349 -0.0931
-1.5706 -10.343 1.1109 -0.4366 -0.1623 0.0262
-1.8765 -12.9089 2.8341 0.1131 0.2873 -0.1049
2.797 -9.4613 3.562 -0.1799 0.119 -0.9677
-0.9577 -8.6191 0.6129 -0.1021 0.4311 0.0027
0.1149 -7.853 0.8428 -1.0886 0.8274 -0.4777
0.5746 -7.2784 -0.498 -1.1674 0.577 -0.1814
1.2258 -7.2784 -1.8771 -0.9479 0.2265 0.4982
-0.0766 -6.5505 -0.996 0.3485 0.3618 0.6836
-1.0726 -2.7581 2.5283 5.1315 2.1983 -0.0642
2.2984 -7.6998 14.71 6.8179 0.5408 -0.5031
2.7581 -12.6414 14.0588 1.6108 -1.9477 0.2434
-0.9194 -5.861 1.9537 2.1147 -0.3881 -0.5491
-2.4894 7.9302 3.7918 2.2606 4.4397 -0.2786
-4.9416 -0.7661 4.5969 -1.5871 -5.593 0.7036
9.4236 -1.6855 19.6133 0.4902 -0.3114 -0.6269
0.5369 6.2064 2.1829 -2.0867 2.682 -0.0538
0.8817 0.9966 4.443 -0.2939 0.7656 0.153
4.7124 -0.4974 10.8787 0.4582 -1.121 -0.2391
3.4099 -1.072 8.9633 -0.3034 0.9435 0.1593
2.299 -0.9571 6.5499 -0.0627 0.7283 0.1103
3.2567 -0.6506 9.2314 0.34 -0.7343 -0.1027
3.4482 -0.5357 9.423 0.0417 0.1403 -0.0111
3.0269 -0.6506 8.925 -0.2044 0.1584 0.0965
3.2561 -0.7661 9.1554 -0.0265 -0.0046 0.0102
3.2178 -0.8811 9.0405 0.1738 -0.1889 -0.075
3.4482 -0.6506 9.1165 -0.0947 0.0178 0.0209
3.0652 -0.7272 9.0782 -0.1096 0.2393 0.0625
2.9497 -0.5746 9.0022 0.1845 -0.2006 -0.0568
3.1795 -0.8045 8.7724 0.0779 -0.1314 -0.0376
3.2184 -0.5357 9.1165 -0.133 0.1765 0.0434
2.9503 -0.7272 8.925 -0.0179 0.071 0.004
2.9497 -0.6895 9.0788 0.0385 -0.109 -0.0205
3.0646 -0.6512 9.0788 -0.002 -0.0398 0.0008
3.1795 -0.8045 9.0788 -0.0115 0.0156 0.0051
3.0646 -0.6512 9.0405 -0.0158 0.0327 0.004
2.9886 -0.7655 9.0016 0.013 -0.0462 -0.0013
3.1029 -0.7278 9.1171 0.0353 -0.0589 -0.0107
3.1412 -0.6895 9.0022 0.0215 -0.0355 -0.0054
3.1418 -0.6889 9.0399 0.0119 -0.0334 -0.0033
3.2178 -0.6129 9.0022 0.0077 -0.0281 -0.0043
3.1801 -0.6506 9.0399 0.0183 -0.0462 -0.0043
3.2184 -0.6123 9.0782 0.0044 -0.0249 -0.0013
3.2184 -0.574 9.0399 0.0108 -0.0291 -0.0045
3.1801 -0.6889 9.0399 0.0023 -0.0281 -0.0013
3.2567 -0.574 9.0782 -0.0062 -0.0046 0.0019
3.3333 -0.6506 9.0016 -0.0009 0.0028 0.0008
3.2184 -0.7272 8.9633 0.0002 -0.0067 -0.0001
3.2561 -0.6512 8.9639 -0.0126 0.0114 0.0053
3.0646 -0.6895 8.9633 -0.0009 0.0007 0.001
3.1801 -0.6506 9.0399 -0.0094 0.0007 0.0021
3.1418 -0.6889 8.9633 -0.0041 0.0124 0.0021
3.1801 -0.7272 9.0016 -0.0137 0.0092 0.0041
3.1795 -0.6512 8.9639 -0.0073 0.0071 0.0031
3.2178 -0.6512 9.0405 -0.0051 0.006 0.002
3.1795 -0.6895 9.0405 -0.0083 0.0071 0.002
3.1412 -0.6895 9.0022 -0.0094 -0.0004 0.002
3.0263 -0.8045 8.9639 -0.0062 0.0018 0.0021
3.0263 -0.7278 9.0022 -0.0009 -0.0067 -0.0001
3.1035 -0.7272 9.0016 0.0066 -0.0089 -0.0011
3.0269 -0.8422 9.0016 0.0055 -0.0206 -0.0001
3.0269 -0.7655 9.0016 0.0183 -0.0323 -0.0054
3.1035 -0.6889 9.0399 0.0204 -0.0398 -0.0054
3.1035 -0.6889 9.0399 0.0204 -0.0408 -0.0054
3.1029 -0.6895 9.0022 0.0162 -0.0355 -0.0043
3.1418 -0.7272 8.9633 0.014 -0.0355 -0.0043
3.2184 -0.6889 9.0016 0.0162 -0.043 -0.0043
