-1.9148 -9.3847 2.2212 -0.4496 -0.1371 0.0404
-1.8004 -9.7683 2.0686 0.0266 0.1751 0.0851
-2.7198 -8.7724 2.0303 0.425 -0.7826 0.6402
-4.1749 -9.5762 2.6809 0.9054 -1.0543 0.7712
-1.4551 -7.929 0.3059 0.2374 1.4363 -0.2403
-3.562 -8.4653 3.9067 0.0553 1.0837 -0.3479
-3.7924 -8.1977 2.9497 -0.0875 0.3039 -0.4043
-5.8227 -7.6998 3.486 -0.1098 0.8419 0.6641
-3.7924 -12.3732 3.7541 0.1075 -1.5656 -0.1146
1.1875 -10.8793 1.1492 -0.2333 0.3135 -0.4846
-0.0766 -9.1171 1.494 -1.3306 0.5095 -0.8543
-2.5666 -8.0062 5.9376 0.7627 -2.6916 0.4262
-0.8045 -9.8067 1.1492 0.9033 1.3895 -0.9938
-1.8004 -7.355 4.9033 -0.2504 -0.3938 0.277
-3.7535 -8.3887 2.6426 -0.2014 0.8078 1.8128
0.3071 -16.5481 1.6083 0.5507 -1.9651 -0.0759
0.4597 -8.4659 -2.4134 1.1845 1.9104 -0.0418
-1.6089 -7.5465 2.0303 0.1597 -0.4023 0.2192
-0.6129 -7.3167 2.1452 -0.2313 0.6076 -0.9739
-9.6145 -7.7375 4.7495 0.0787 1.3479 3.4486
-5.0943 -11.1468 0.4591 0.377 -3.0101 0.1729
-1.4934 -10.6105 -0.1921 -0.8928 -0.3033 -3.2306
2.4134 -6.4356 7.2401 0.0254 -1.6348 -0.3256
-2.2212 -10.3424 1.1103 -0.8992 0.0408 -0.4194
-0.4974 -8.1971 3.9067 -0.4646 -1.2098 -1.4465
-2.6815 -9.9599 4.865 -0.1813 1.1487 1.5884
-1.3791 -16.8935 2.1835 0.8936 2.7391 0.6499
2.9113 -7.7381 0.7661 1.0715 2.3759 -0.6721
-2.6426 -8.5036 4.2515 1.5253 5.3522 -0.2769
-1.3018 -8.1971 0.1143 -0.3921 3.5807 -1.5908
-4.9027 -7.6608 2.3367 0.8819 4.3413 1.5432
0.3454 -8.0822 4.06 0.2598 1.546 -0.0472
0.2304 -9.9593 4.4047 0.8553 1.4566 0.1168
-0.8039 -7.6992 3.3704 1.1216 2.5421 0.2084
-1.7615 -8.1205 1.3018 1.6415 1.6856 0.4546
-1.9531 -7.1245 1.3785 1.6916 1.3682 1.1428
-1.2252 -6.0903 2.3744 1.5595 -0.1019 1.2365
-2.8341 -2.1446 1.4551 1.7001 0.3625 2.6778
-9.7677 3.9846 14.7094 2.9656 2.0414 2.7503
-19.6127 10.3435 15.3606 1.2399 -2.4434 1.9249
-5.3247 3.0646 8.2744 -0.0043 -5.2407 0.2929
1.3414 2.6821 -2.3756 1.7257 0.2539 -0.0427
-0.1143 7.9302 -1.3414 -2.2616 -0.1978 0.2908
-7.7758 3.6398 14.2497 -5.2092 -1.0713 -1.0131
-7.8907 11.0331 17.4292 -0.749 1.9221 -0.9526
-8.8101 4.5975 12.2577 -1.8249 0.9932 -1.6279
-2.6043 0.7667 2.6426 0.4676 -2.9472 -1.6706
-5.2858 -2.068 4.06 1.1014 2.002 1.1236
-9.0022 1.1109 9.9599 0.1235 0.6651 -0.0237
-5.7461 1.3024 8.0828 -0.4251 -0.1158 -0.421
-4.9033 1.4557 6.2058 0.1661 -0.1275 0.1385
-6.1292 1.6089 7.5848 0.3408 -0.0987 0.3271
-6.3207 1.7238 9.1554 -0.2003 0.0526 -0.1001
-5.5929 0.996 7.5465 -0.1364 -0.0423 -0.0628
-5.8987 0.9583 7.5459 0.0617 -0.0646 0.0618
-6.0908 1.3408 8.2361 0.0202 0.0291 -0.0165
-5.6695 1.3024 7.5848 -0.0138 0.0259 -0.0282
-5.8993 1.4174 7.7764 0.0245 -0.022 0.0315
-5.8993 1.3408 7.8147 0.0021 -0.0028 0.0059
-5.7844 1.1492 7.8913 -0.0117 -0.0092 -0.0058
-5.861 1.2641 7.8147 0.0107 0.0121 0.0039
-5.937 1.2647 7.8141 0.0032 0.0163 -0.0025
-5.8987 1.418 7.7758 -0.0064 -0.0039 0.0007
-5.8604 1.3797 7.8141 -0.0064 -0.0092 0.0029
-5.8987 1.303 7.8524 0.0064 0.0004 0.0018
-5.8987 1.2264 7.8524 0.0086 0.0046 -0.0003
-5.8604 1.418 7.7758 -0.0042 0.0014 -0.0024
-5.8604 1.303 7.8141 -0.0053 -0.006 0.0008
-5.8221 1.2647 7.8907 0.0 -0.0007 0.0008
-5.861 1.3791 7.853 0.0011 0.0089 -0.0003
-5.8221 1.303 7.8907 0.0032 0.0014 0.0009
-5.8604 1.3414 7.8907 0.0043 -0.0007 0.0031
-5.8221 1.2264 7.8141 -0.0085 0.0004 -0.0023
-5.8221 1.2264 7.7375 0.0 -0.0018 -0.0001
-5.861 1.2641 7.7764 0.0032 0.0025 0.0041
-5.8604 1.2264 7.8524 0.0054 -0.0028 0.0022
-5.8993 1.3408 7.8913 0.0022 -0.0007 0.0033
-5.937 1.2264 7.8141 0.0011 -0.0007 0.0033
-5.8987 1.2647 7.7758 0.0054 -0.0007 0.0044
-5.861 1.2641 7.8913 -0.002 0.0036 0.0005
-5.8227 1.3024 7.853 0.0033 -0.0007 0.0037
-5.8987 1.303 7.8907 0.0027 0.0012 0.0032
-5.8604 1.3414 7.7758 -0.0026 -0.0009 -0.0011
-5.8993 1.3408 7.7764 -0.0016 0.0012 -0.0022
-5.7844 1.3408 7.8147 -0.0005 -0.0031 0.001
-5.8993 1.2641 7.853 -0.0037 0.0001 -0.0022
-5.861 1.2641 7.8913 -0.0016 -0.0031 -0.0011
-5.8987 1.3414 7.7375 -0.0018 0.0006 -0.002
-5.8604 1.3797 7.929 0.0004 -0.0004 0.0012
-5.8221 1.2647 7.8141 -0.0007 -0.0004 -0.0009
-5.8604 1.2647 7.7758 -0.0007 0.0028 -0.0009
-5.8987 1.3414 7.8141 0.0004 -0.0004 0.0002
-5.8993 1.3024 7.853 -0.0007 -0.0004 -0.0009
-5.8993 1.4174 7.8147 0.0014 0.0017 0.0002
-5.8604 1.303 7.8141 -0.0028 0.0006 -0.0019
-5.8604 1.303 7.7758 0.0004 0.0006 -0.0008
-5.8604 1.2647 7.8141 0.0057 0.0028 0.0045
