2.797 -7.8141 -0.7667 0.8179 0.4805 -0.5765
6.2824 -10.4579 0.6512 0.3832 0.3814 -0.3571
3.9846 -7.5459 -0.3454 -0.3656 -0.2236 0.3033
3.9846 -8.2738 -1.0732 0.3662 0.456 0.4791
4.8273 -9.1931 -0.8817 -0.2336 0.2717 0.3033
6.781 -10.0742 -1.6095 0.0711 0.5306 0.2171
3.4093 -11.4922 1.494 -0.4136 -0.3557 0.0392
2.1841 -11.0702 -0.1155 -0.7087 -0.0138 0.4653
0.9194 -8.6191 -0.2298 0.6528 -0.491 0.2501
0.1532 -6.1675 -0.0383 -0.5137 -0.5901 0.6134
4.5203 -10.9942 -3.2561 1.4996 -0.2471 -0.5573
0.8811 -5.0182 -2.2218 0.1808 0.0895 0.9596
-5.5545 -15.3229 2.7198 1.2749 1.4073 -0.5915
2.5283 -9.5768 4.9033 -0.4338 -0.3472 0.4034
1.1109 -5.3247 -0.2298 -1.6876 0.4166 -0.2166
4.9416 -8.9639 -0.6512 0.9894 -0.3962 0.3736
1.6861 -12.2577 0.6123 0.7358 0.5902 0.1371
-0.6506 -10.8403 0.7655 -0.4615 -0.9352 -0.1057
-0.3825 -8.3504 -0.5369 0.0658 -0.5027 0.1734
-0.9577 -6.5122 -1.8387 -0.3561 -0.2204 -0.486
0.9966 -12.9856 -1.1498 1.2759 -0.3706 0.4621
-2.5666 -12.7946 1.0726 1.2855 -0.1448 0.7742
1.992 -7.3933 3.371 2.6256 -0.9502 -0.0918
0.5363 -7.8147 3.1795 -0.8003 -1.0556 0.4302
3.2567 -7.6225 -0.7284 -0.274 -0.9992 -0.0129
1.418 -10.6871 0.7655 0.2788 -1.355 0.2981
0.0766 -11.1474 2.2601 -0.4359 -0.9597 -0.0076
1.4174 -10.4579 0.5746 0.037 -1.943 -0.1419
-1.1869 -7.431 0.4591 -0.6597 -1.682 -0.1099
-0.1909 -6.3584 -0.6135 0.3119 -1.4167 -0.5158
-0.8805 -6.2052 -0.9966 0.7188 -0.6519 -0.2718
-1.5706 -3.2561 0.5746 1.9066 -0.0053 0.0744
2.5283 -5.2098 6.8187 6.1921 -0.539 -0.6852
-0.3442 -13.5602 8.6568 1.9811 -1.2037 0.5516
13.5991 17.4681 8.6957 2.0078 -6.7196 -0.1142
8.275 0.1921 17.8506 -0.1196 0.5114 -0.8705
5.5545 -0.2682 9.2703 0.3278 2.0241 -0.6607
1.6861 1.1498 2.3361 -0.1952 -2.809 -0.8057
3.2567 3.2184 5.7838 -0.599 1.354 0.267
5.0572 0.4986 11.4916 -0.8205 -0.5517 0.4886
6.857 0.1532 10.3813 -0.2666 1.3412 0.4683
1.5329 -1.3785 8.3121 0.4365 1.6044 0.1168
2.6055 -0.7655 8.9633 -0.3145 0.0043 0.0915
1.5712 -1.1103 10.5339 -0.0652 -0.3035 -0.0416
1.801 -0.9188 9.9976 0.3641 0.3772 -0.0406
2.1075 -0.4974 8.6568 0.1233 0.0278 -0.0235
2.2224 -0.3059 9.1931 -0.1036 -0.2577 0.0031
2.6055 -0.4974 9.921 -0.1792 -0.1267 0.0073
2.1841 -0.8039 8.9633 0.1446 0.081 0.0041
2.375 -0.8811 9.0788 0.0392 -0.0159 0.0105
2.4134 -0.7278 9.347 -0.0035 -0.0319 0.0019
2.3373 -0.6506 9.0016 0.0093 0.0288 -0.0087
2.375 -0.5746 9.3087 0.0094 0.0533 -0.0043
2.375 -0.5746 9.3087 0.0317 0.0789 -0.0054
2.1835 -0.6129 9.347 0.0488 0.0789 -0.0064
2.2218 -0.5746 9.3853 0.053 0.097 -0.0043
2.0692 -0.6123 9.3847 0.0669 0.0597 -0.0117
1.992 -0.4597 9.3853 0.0637 0.081 -0.0157
1.8777 -0.3442 9.3847 0.0786 0.08 -0.021
1.9154 -0.3831 9.4236 0.0243 0.0267 -0.0083
1.8387 -0.3448 9.3853 0.0073 0.0022 -0.004
1.8771 -0.498 9.4236 -0.0194 -0.0106 0.0003
1.9154 -0.3831 9.4619 -0.0311 -0.0255 0.0049
1.9154 -0.498 9.4236 -0.0161 -0.0202 0.0007
1.9537 -0.4214 9.347 -0.0023 -0.0085 -0.0004
2.0692 -0.4974 9.3464 -0.0076 -0.0191 0.0017
2.1075 -0.4974 9.423 -0.0108 -0.0138 -0.0004
2.0309 -0.5357 9.3081 -0.0044 0.0011 0.0009
1.9926 -0.6123 9.2698 -0.0033 -0.0074 0.0009
2.0692 -0.574 9.1931 -0.0086 -0.0095 0.0009
2.1075 -0.4974 9.3081 0.0137 0.0118 -0.0012
2.0692 -0.4974 9.2698 0.0095 0.0065 -0.0001
2.1069 -0.5746 9.347 0.0116 0.0107 0.0001
2.1458 -0.574 9.2314 0.0106 0.0107 0.0001
2.1075 -0.4974 9.3847 0.0212 0.0107 -0.0009
2.1069 -0.498 9.3853 0.0212 0.0129 0.0001
2.0309 -0.4974 9.2698 0.0212 0.015 0.0001
2.0309 -0.4591 9.3847 0.0255 0.0246 0.0003
2.0692 -0.4591 9.3464 0.0308 0.0161 -0.0008
2.0309 -0.4591 9.3464 0.0287 0.0182 -0.0008
2.0309 -0.5357 9.423 0.0234 0.0161 0.0003
2.0309 -0.3825 9.3847 0.0319 0.0107 -0.0008
2.1069 -0.4597 9.3087 0.0074 0.0161 0.0024
2.0686 -0.4214 9.3853 -0.0011 0.015 0.0003
2.1069 -0.4597 9.3087 0.0031 0.0129 0.0003
2.0309 -0.4208 9.423 -0.0065 0.0043 0.0024
2.1458 -0.4208 9.3847 -0.0022 0.0075 0.0024
2.0692 -0.4591 9.423 -0.0054 0.0107 0.0016
2.1075 -0.4208 9.423 -0.0075 0.0107 0.0027
1.9543 -0.4974 9.3464 -0.0118 -0.0052 0.0016
2.1458 -0.4591 9.3464 -0.0128 -0.0042 0.0027
2.1075 -0.574 9.3847 -0.0011 -0.0031 0.0016
2.1069 -0.5746 9.347 -0.0043 -0.0063 0.0016
2.1452 -0.5363 9.3087 0.001 0.0022 0.0016
2.1452 -0.5363 9.347 0.001 0.0022 0.0027
2.1835 -0.5746 9.3853 0.0053 0.0022 0.0016
2.0692 -0.6123 9.3847 -0.0054 0.015 0.0016
2.1458 -0.5357 9.3464 0.033 0.0097 -0.0016
