-1.2258 -9.8067 1.3024 0.1458 0.3766 -0.0248
-0.8811 -9.845 0.9577 -0.1269 0.2477 0.0391
-0.8422 -10.3807 0.9188 -0.1109 0.0858 0.0402
0.8428 -10.6877 -3.9456 -0.8502 3.9325 -1.5069
-0.1532 -9.845 1.5706 0.3855 0.4459 -0.889
0.0766 -8.2361 1.494 0.4462 -0.9773 -0.4853
2.5666 -9.0022 -0.1915 0.2044 -1.6239 -0.334
2.5289 -8.7718 -0.9583 0.2555 -0.3179 -0.073
-0.8805 -10.1125 0.6506 -0.0661 0.1636 0.5441
-0.9577 -8.734 0.7661 -0.0118 -0.7312 0.853
0.6129 -10.6877 2.3367 -0.0736 -1.4609 0.8583
-0.3059 -9.423 1.1486 0.4217 -0.1496 0.4067
-0.0377 -9.3847 0.6123 0.6582 -0.3637 0.7007
0.7667 -10.304 0.9188 0.5378 -0.4308 0.4768
-0.5357 -11.6448 1.7998 -0.0502 0.6057 0.1487
2.6438 -11.3 -1.1498 -1.0409 0.9764 -0.9847
-5.6689 -13.0239 2.6809 -1.6811 3.9346 -0.8654
-3.0257 -7.0096 2.3744 0.2247 0.0304 -0.549
-0.1149 -6.3967 -2.988 2.2678 0.6131 -0.3318
-1.5323 -9.9216 -1.6855 0.6135 -0.286 0.2392
5.2864 -7.4316 -1.3408 0.1501 0.2701 0.0762
-5.2098 -6.9336 -0.498 -0.0502 0.5684 0.6983
-1.0337 -10.2657 2.9491 0.7051 -1.8199 0.5226
0.9577 -8.5808 0.6129 0.5346 -0.2114 0.5791
0.3065 -9.2703 1.1492 0.5517 -0.4948 0.6473
-0.1915 -10.3046 1.4557 0.312 0.0294 0.3543
0.9583 -14.1731 -0.6901 -1.1964 1.2086 -1.0476
-3.869 -14.3269 0.6895 -1.9261 4.3139 -1.6569
-5.7078 -6.8187 0.996 0.1043 1.7412 -0.5629
-0.9194 -6.9336 2.375 2.3531 -2.246 -0.435
-2.8347 -7.5465 -0.0766 0.6092 1.5058 0.7996
9.1171 -10.0365 2.49 -0.4017 1.3961 -0.6609
-7.2395 -8.925 1.7232 -0.8832 -1.8189 1.7658
-5.7072 -9.1548 4.1749 -0.1194 2.8789 -0.1922
-0.076 -10.1891 3.4471 -0.1269 1.1308 0.0027
2.3367 -9.9216 2.0303 -0.3282 1.9511 0.0198
-1.8765 -10.0742 2.9874 -0.4102 4.202 -0.5832
-0.7655 -8.2738 1.1869 0.0798 1.8989 -0.5917
2.1841 -10.7254 -0.4603 -0.2685 6.5925 -1.89
1.1115 -8.2355 0.076 -0.4209 2.1471 -1.3126
2.2607 -8.6951 0.9188 -1.1708 1.0904 -0.8674
2.4523 -9.5379 3.3704 -0.5455 0.7697 -1.0442
4.6358 -8.5802 -0.422 -1.4233 4.8507 -3.294
0.0772 -9.9593 3.0257 -1.3072 -1.3352 -2.0445
0.8817 2.7587 1.0337 -0.912 0.2999 -1.8809
17.6219 12.5271 9.8827 -0.1408 7.368 -4.7667
18.8478 8.0451 16.0501 1.2579 0.2978 -1.2311
9.5391 -10.1508 3.4854 2.5469 -1.723 2.7008
-0.4208 0.1538 -0.3071 -0.0544 0.1188 -0.9343
6.5511 11.2246 -3.6398 1.4828 0.481 0.8905
11.0331 5.0188 7.6608 -1.3764 -0.8165 2.0804
4.2527 1.2647 0.7655 2.2913 -3.6628 2.0878
16.5487 2.375 1.9537 -0.6701 -1.8924 0.05
9.3087 -0.7278 -0.9194 0.214 -0.2753 -0.1364
3.7547 -5.1709 -2.3373 0.1842 -0.0356 0.1864
12.5654 -1.3785 -3.3333 0.3547 1.1511 0.1726
8.3899 -2.4511 -4.0995 0.5091 0.8773 0.1097
8.1594 0.5746 0.0766 -0.1034 0.5812 -0.1971
10.6111 -1.4174 -0.1532 0.0362 0.399 -0.2908
9.5774 -0.9188 -0.4603 -0.0747 -0.1358 0.0444
8.8879 -0.8039 -0.5752 -0.0938 0.2616 0.1605
9.654 -1.2635 -0.2304 0.0777 -0.3584 -0.1143
9.2709 -0.7655 -0.92 -0.0416 -0.3541 -0.0003
9.5008 -1.1486 -0.9966 0.0063 0.0986 0.0498
9.2326 -0.8422 -0.7284 -0.0043 0.1263 -0.079
9.5008 -0.8428 -0.422 0.0191 0.0677 0.0243
9.5002 -1.0343 -0.6512 -0.0075 -0.0942 0.002
9.3853 -0.9577 -0.7278 -0.0118 -0.0186 -0.0183
9.4619 -0.8428 -0.7661 -0.0043 -0.0356 0.0094
9.3476 -0.8805 -0.8817 0.0031 0.0262 0.0007
9.4625 -0.9954 -0.6901 0.002 0.0304 -0.0004
9.3859 -0.8805 -0.6901 -0.0012 -0.009 0.0039
9.5008 -0.9188 -0.7667 -0.0022 -0.0207 -0.0046
9.3853 -0.996 -0.7661 -0.0022 -0.0058 0.0007
9.3093 -0.9954 -0.7284 -0.0012 -0.0026 -0.0035
9.3859 -0.9188 -0.7667 0.001 -0.0005 0.0018
9.4625 -0.9188 -0.7284 0.001 0.0102 -0.0024
9.4619 -0.996 -0.6512 0.001 0.0017 -0.0024
9.3859 -0.8805 -0.6901 -0.0001 -0.0122 0.0008
9.4242 -0.9571 -0.6518 -0.0033 -0.0005 -0.0012
9.3859 -0.9571 -0.8051 -0.0001 0.0048 -0.0001
9.3859 -0.9188 -0.7284 -0.0001 0.0027 -0.0001
9.4242 -0.9571 -0.6518 -0.0012 0.0005 -0.0001
9.3859 -0.9954 -0.6901 0.0009 0.0016 -0.0011
9.4242 -0.9188 -0.7284 0.002 -0.0101 0.001
9.3093 -0.9954 -0.7667 -0.0001 -0.0005 -0.0033
9.4242 -0.9571 -0.6901 0.002 -0.0027 0.001
9.4619 -0.9194 -0.7278 0.0009 0.0069 -0.0022
9.5391 -0.8805 -0.8051 -0.0023 -0.0005 -0.0001
9.3859 -0.9954 -0.7284 -0.0002 -0.0016 0.0019
9.4242 -0.9188 -0.6518 -0.0002 0.0005 -0.0003
9.3853 -0.8811 -0.7278 -0.0002 -0.0027 0.0029
9.4619 -0.9577 -0.7278 -0.0001 0.0039 -0.0041
9.4236 -0.8811 -0.7278 -0.0012 0.0007 0.0001
9.3853 -0.9194 -0.6512 -0.0001 -0.0014 0.0044
9.4625 -0.9188 -0.7284 -0.0012 -0.0036 0.0001
9.4242 -0.9571 -0.6901 -0.0001 -0.0004 0.0001
9.4619 -0.9577 -0.6895 -0.0001 -0.0025 0.0012
9.4236 -0.9194 -0.7278 0.0002 0.0038 0.0031
