0.2682 -9.5768 2.5666 0.0633 0.094 -0.1151
0.3448 -10.0365 1.6855 -0.1902 0.339 -0.2621
0.92 -11.1085 -4.4059 -3.3072 -0.6176 -0.0672
3.7547 -9.7294 3.6003 -1.7966 -1.1098 0.654
-1.4934 -10.0742 -3.6781 -0.4906 -1.538 0.7893
-0.8422 -8.1588 -2.2607 -0.7154 0.9387 0.8308
0.5369 -6.6649 -4.291 0.2348 0.0077 0.2982
-0.6895 -8.6574 -6.2824 1.4652 -0.8381 0.1959
2.5289 -7.431 1.072 0.6546 0.2974 -0.065
2.4134 -11.3772 0.9577 0.0474 -0.3172 -0.9556
-1.992 -10.1897 0.0383 1.0221 1.5257 -0.4242
-0.8428 -9.4619 1.1875 1.5377 -1.227 0.2107
0.0766 -11.9135 -1.6089 1.4418 -0.7423 -0.454
-3.2944 -12.9478 -3.9073 -2.2451 1.1582 -0.1333
2.2224 -17.161 5.1326 -3.4542 2.2714 0.0201
-0.574 -8.7334 -2.3756 -0.1274 -1.6158 1.7286
2.4134 -4.7501 3.1795 -0.3894 0.992 0.4386
1.7238 -6.8187 -1.6472 0.2668 -1.1631 0.7592
0.6135 -11.3383 3.7535 -0.8539 0.5733 -0.8951
4.2144 -7.4693 3.3321 -0.1913 -1.2035 -0.4371
1.2264 -11.6065 1.4551 0.0953 -0.5015 -0.5602
-3.3704 -8.427 1.3402 1.7955 1.0911 -0.2204
-0.1526 -10.304 -0.8817 1.3332 -1.4826 -0.0127
-0.8805 -12.7174 -3.2567 0.0154 -1.5455 -0.1309
-3.7152 -11.9513 -0.0006 -3.3178 2.7997 0.684
5.7461 -10.1131 6.2058 -1.3247 -3.8603 -0.765
0.6895 -7.7764 0.0766 -0.497 -2.4158 1.0928
2.299 -4.3664 -2.414 0.1656 -0.3407 -0.0502
-6.6649 -9.1931 0.5357 1.2351 -1.7884 1.0651
3.0652 -4.9793 1.1486 -0.4821 1.3158 -1.2785
1.0343 -15.4761 0.2298 0.1049 -0.6049 0.0902
4.4436 -9.5002 -1.6855 0.0218 -0.4696 -1.1327
0.3831 -8.1594 -0.8428 0.075 -0.0658 -1.7921
-0.0383 -8.0062 -1.5323 -0.6121 -0.3236 -2.2598
9.5391 -13.4835 -1.5712 -0.709 0.7438 -2.1852
8.1217 -15.5521 -6.6277 1.7496 2.1808 -2.9212
3.3716 -10.6871 4.7495 4.0048 4.0269 -1.7686
10.7649 0.1538 3.562 2.0074 0.8791 -5.8401
1.7627 -3.6386 4.443 1.3853 -3.6462 -4.6235
-12.0279 19.2308 6.1669 -1.8222 -0.4973 0.0753
3.0269 6.5128 7.3161 -3.5948 1.8303 3.4118
3.9079 -3.2172 -3.1418 -1.4025 0.5531 2.7513
7.2407 -0.076 -2.1458 -0.4246 4.8674 -0.9259
14.0588 -0.9194 14.5184 1.886 0.7214 -0.7118
0.498 4.5586 1.3791 0.94 -3.8816 1.8267
5.0182 -16.1656 -4.2138 -1.1554 9.2435 -1.2286
2.5289 -0.4208 2.3744 -0.0411 -0.1713 -0.0941
3.2561 0.3831 9.5768 0.1784 0.192 0.0466
3.2944 0.7278 9.0022 0.3989 -0.167 -0.0983
3.4477 1.3024 8.7724 0.352 -0.117 -0.1122
3.486 1.3408 8.5425 -0.0037 0.0961 0.0012
3.4477 1.1109 8.6957 -0.0687 0.1739 0.0076
3.1801 0.92 8.8101 -0.1039 -0.0264 0.0257
3.2561 1.0343 8.9256 -0.0783 -0.0296 0.0236
3.3327 0.996 8.9639 -0.0144 0.0162 -0.0009
3.2178 0.996 9.0022 0.0069 -0.0136 -0.0062
3.3333 0.8051 8.8484 -0.0016 -0.0019 -0.0072
3.3716 0.8817 8.8484 0.0122 0.0013 -0.0062
3.371 1.0343 8.8107 0.0016 0.0024 -0.0019
3.4093 0.9577 8.9639 -0.024 0.0013 0.0055
3.3327 0.9577 8.9256 -0.0261 -0.0008 0.0032
3.295 0.8434 8.9633 -0.0165 -0.0019 0.0011
3.3716 0.8817 8.925 0.0048 0.0034 -0.0043
3.4477 0.8811 8.8873 0.0016 0.0013 -0.0032
3.4482 0.92 8.8484 -0.0038 0.0034 -0.0011
3.3716 0.92 8.925 -0.0111 0.0013 -0.0003
3.3716 0.8817 8.8867 -0.0015 0.0087 -0.0014
3.4093 0.8811 8.9256 -0.0005 0.0056 -0.0025
3.371 0.8428 8.9256 0.0016 0.0034 -0.0046
3.4477 0.8428 8.8873 -0.0015 -0.003 -0.0025
3.3716 0.8434 8.8867 0.0007 0.0077 -0.0028
3.4099 0.8817 8.8867 -0.0025 0.0066 -0.0018
3.4099 0.8817 8.8867 -0.0025 0.0045 -0.0018
3.3333 0.92 8.8867 0.0017 0.0066 -0.0028
3.3716 0.92 8.925 0.0007 0.0077 -0.0028
3.3716 0.8434 8.8867 0.0048 0.0055 -0.0028
3.4099 0.9966 8.8484 -0.0037 0.0013 -0.0017
3.371 0.8811 8.9256 -0.0026 0.0034 -0.0017
3.4099 0.92 8.8867 -0.0048 0.0024 -0.0017
3.4093 0.9194 8.8873 -0.0016 0.0024 -0.0017
3.371 0.9194 8.849 -0.0058 0.0024 -0.0017
3.371 0.9194 8.9639 -0.0058 0.0034 -0.0006
3.371 0.8811 8.8873 -0.0016 0.0024 -0.0017
3.4482 0.92 8.8484 -0.0048 0.0013 -0.0006
3.4093 0.8811 8.8873 -0.0011 0.0012 0.0003
3.3327 0.9194 8.8873 -0.0001 -0.0041 -0.0008
3.4482 0.92 8.8484 -0.0001 0.0023 0.0003
3.3333 0.92 8.925 0.001 -0.0009 -0.0008
3.4477 0.9194 8.849 -0.0033 0.0023 0.0003
3.4093 0.8811 8.8873 0.0021 -0.0041 0.0003
3.3716 0.8817 8.8867 -0.0037 -0.0033 0.0004
3.4866 0.92 8.9633 -0.0016 0.002 0.0004
3.4099 0.9583 8.8101 0.0006 0.001 -0.0007
3.4482 0.9583 8.8484 0.0006 -0.0001 -0.0007
3.4477 0.8428 8.8873 0.0006 0.001 -0.0007
3.4477 0.9194 8.8873 0.0016 0.001 -0.0007
3.4099 0.92 8.8484 0.0018 0.0049 -0.0005
3.4093 0.9194 8.849 0.0061 0.0038 -0.0015
3.371 0.8045 8.849 0.0018 0.0038 -0.0005
