-0.7272 -10.0742 0.2676 -0.204 -0.0332 -0.019
0.9577 -9.8067 0.7278 0.3926 0.1458 -0.5186
5.3247 -10.2663 0.2298 -1.2458 -1.0952 -0.3013
-0.5357 -8.2738 -4.1378 -0.2721 -0.2878 0.0428
1.6089 -7.5082 -2.1069 0.2115 0.002 0.1696
0.2687 -10.4956 -4.0995 0.1284 -0.1887 0.3389
1.4946 -11.8746 -4.2144 -0.2445 0.2299 -0.2214
3.6398 -6.6649 0.4208 1.7657 -0.3272 0.0321
-0.996 -12.8712 4.6735 1.3695 0.8872 -0.1412
2.0686 -6.8953 2.4134 -0.7728 -0.3293 -0.0358
-0.4214 -8.0445 0.6129 -0.2625 -0.3815 -0.0677
-0.6512 -11.9519 -0.8811 -0.8676 0.1873 0.1336
1.5329 -11.1468 -0.0006 -0.2881 0.3556 -0.1167
5.2104 -11.2617 2.9491 1.4237 0.5069 -0.3248
1.3791 -7.1635 1.2258 -0.025 0.3684 0.5562
1.1109 -4.865 0.8811 -0.1273 0.2054 -0.0116
1.3791 -10.228 -1.2641 -1.6069 -0.4614 0.3878
2.1075 -10.6871 -4.1378 -0.498 0.2172 -0.3195
2.8736 -5.5923 2.1829 2.6435 -0.2952 -0.1319
-0.7278 -11.9519 6.2441 -1.4344 -0.5221 -0.3183
0.3065 -6.3973 0.0766 -0.7845 -0.5275 0.4753
-0.7272 -9.7294 -3.9079 -0.8559 -0.5562 -0.3386
0.3071 -11.6831 -2.9119 0.0847 -0.2761 0.1536
0.5752 -9.0399 1.1486 0.7899 1.5104 -0.3736
6.6661 -11.4916 3.2555 0.6227 1.2228 -0.9477
0.7667 -7.5076 0.8422 0.1423 0.7849 0.68
0.1538 -5.8221 1.2635 -0.2988 1.1589 -0.0114
1.2264 -11.1851 0.2292 0.6951 1.8097 -0.3427
2.0303 -7.5848 4.4436 1.6996 1.3112 -0.9757
1.1875 -10.9942 5.5545 0.6408 1.6382 -0.328
1.1875 -7.5082 4.5203 0.2914 1.6297 -0.9054
1.5323 -7.4316 3.7158 -0.5076 1.7479 -0.4942
1.4563 -5.937 2.988 -0.4213 2.1336 -1.047
4.7501 -5.0182 4.6735 -0.3734 1.4028 -1.419
5.0182 -5.7078 2.6432 -0.4618 -0.0055 0.2993
-1.1109 -2.1069 0.3448 -0.3435 1.0161 2.0879
0.0766 -11.9902 -1.4174 3.6618 1.8683 7.8701
-9.3081 -10.1508 18.7699 1.5558 1.1173 0.9491
-6.8947 -6.6649 12.0279 3.5936 -0.243 2.1152
-3.1795 2.1835 5.0566 0.3201 -2.446 1.6582
-6.2435 3.6398 5.7072 -0.0538 1.438 -0.0793
-5.439 2.2224 8.3504 -1.2789 0.0094 -0.4116
-4.5197 -0.076 8.7718 -1.0072 -0.8343 -0.1943
-5.1709 -1.8381 7.9673 -0.8005 -0.8374 -0.3587
-4.2515 -2.2978 9.5379 -0.5736 -0.7235 -0.4247
-0.4591 -2.7958 9.9976 0.563 -0.5701 -0.348
-0.9188 -1.072 7.8907 0.432 0.5399 -0.0039
-3.4087 -1.8381 8.8101 0.3148 0.7413 0.0728
-4.443 -1.6083 9.7294 -0.2924 0.2417 -0.0455
-3.945 -0.8805 9.0399 -0.0058 -0.03 -0.0221
-3.9067 -1.2252 8.3121 0.0805 0.068 0.0301
-3.9834 -1.4934 8.8484 0.0474 0.0744 0.0184
-3.8301 -1.4551 9.2698 0.0325 -0.1205 -0.0167
-3.5243 -1.2641 8.849 0.0826 -0.0598 -0.0136
-3.6775 -1.1492 8.849 0.0538 0.051 0.0003
-3.8307 -1.1109 9.0022 0.0187 0.0137 0.0088
-3.7152 -1.1869 9.0399 0.0251 0.0116 0.0046
-3.7924 -1.0726 8.849 -0.0282 0.0052 -0.0061
-3.7924 -1.1875 8.9639 -0.0197 0.0286 -0.005
-3.7918 -1.1486 8.925 0.0166 0.0201 0.0018
-3.869 -1.1492 8.9639 0.0028 -0.014 -0.0014
-3.8307 -1.1492 8.9256 -0.0143 -0.0119 -0.0024
-3.7918 -1.1103 8.925 0.0081 0.0084 -0.0003
-3.7918 -1.1103 8.925 -0.0036 -0.0012 -0.0014
-3.8307 -1.2258 8.9639 0.0081 0.0158 -0.0011
-3.9073 -1.1875 9.0022 0.006 0.0116 -0.0021
-3.869 -1.1492 8.9256 0.0049 0.0062 0.0
-3.8301 -1.2252 9.0016 0.0102 -0.0044 -0.0011
-3.869 -1.1875 8.9256 0.0081 0.0169 0.0021
-3.9067 -1.1103 8.925 0.0167 0.0073 0.0034
-3.8684 -1.1103 8.925 0.0199 0.019 0.0013
-3.9067 -1.1486 8.925 0.0018 0.0116 -0.0019
-3.9067 -1.1869 8.925 0.0071 0.002 0.0002
-3.8684 -1.1103 9.0016 -0.0068 -0.0012 0.0013
-3.9073 -1.1875 8.9256 0.0028 0.0031 0.0002
-3.945 -1.1103 8.8867 0.006 -0.0087 -0.0009
-3.8684 -1.1486 8.8101 0.0124 0.0031 0.0002
-3.8684 -1.1103 8.9633 0.0007 -0.0023 -0.003
-3.869 -1.2258 8.9639 0.0081 -0.0033 -0.0009
-3.9067 -1.1486 8.8484 0.0018 -0.0065 -0.0011
-3.9067 -1.1486 8.925 0.0072 -0.0044 -0.0022
-3.9456 -1.1492 8.849 -0.0003 -0.0012 -0.0001
-3.869 -1.1492 8.849 0.0029 -0.0044 -0.0011
-3.9456 -1.1875 8.9256 0.0072 0.0041 -0.0011
-3.9073 -1.2641 8.9256 0.0008 0.002 -0.0015
-3.9067 -1.1486 8.9633 0.0019 -0.0012 -0.0005
-3.8684 -1.1869 8.925 -0.0055 0.0031 -0.0005
-3.9456 -1.2641 8.8873 0.0051 0.0009 -0.0005
-3.945 -1.1486 8.925 -0.0023 0.002 -0.0015
-4.06 -1.1103 8.8867 0.0114 0.0009 0.0033
-3.945 -1.1486 8.9633 0.0072 0.0031 0.0012
-3.984 -1.1875 8.849 0.0029 0.002 0.0001
-3.9073 -1.1492 8.8873 0.0136 0.0031 0.0044
-3.9067 -1.1869 8.8867 0.001 0.0021 0.0004
-3.984 -1.2258 8.849 0.0064 -0.0033 -0.0007
-3.984 -1.1109 8.9256 -0.0022 -0.0011 0.0015
-3.9834 -1.1869 8.8867 0.001 -0.0118 -0.0007
-4.0217 -1.1486 8.8867 0.0085 -0.0033 -0.0007
