3.6015 9.2326 -0.1921 0.0518 -0.0297 -0.1713
2.1458 8.1217 -0.3071 -0.2454 0.3293 -0.2097
1.1498 12.0291 -0.0772 -0.4297 0.1749 -0.3034
2.0692 8.9262 -0.9583 0.3522 0.4273 -0.231
1.5712 7.5471 -0.1155 -0.5319 0.1077 0.0832
1.8771 10.9942 -0.4597 -0.4339 0.3996 0.193
3.1412 10.8793 0.0766 0.0401 0.0534 0.3975
2.6815 12.1051 2.2218 -0.109 -0.1703 0.2729
5.4785 7.662 2.8724 0.071 -0.8755 0.1685
2.2218 8.849 0.9577 -1.1679 0.1791 -0.2385
4.1372 6.2058 0.9577 0.0114 -0.622 -0.3706
3.7541 10.9176 1.2258 0.0625 0.4848 -0.0383
4.2138 11.0708 1.3408 0.6196 -0.0244 -0.4527
1.3797 8.0451 2.8724 0.7666 1.2561 -0.1161
1.6478 8.275 -0.3837 -0.7599 -1.9322 -0.4293
3.2184 5.0188 -0.7667 1.018 0.797 -0.0277
1.7244 10.7266 0.0377 -1.7123 -0.8318 0.2855
3.9079 11.0331 0.574 0.9243 -0.182 0.3324
3.7164 9.8839 2.9108 -0.1868 -0.4174 0.4101
4.6358 8.5814 0.1526 -0.6779 -0.2395 0.1406
1.2647 6.9342 1.6083 -0.4638 -0.7445 -0.5752
4.9805 7.0874 0.9954 -0.2401 -0.0339 -0.2301
3.7547 12.8335 0.4591 0.2819 0.2824 -0.4187
3.8696 11.2629 3.1023 0.7038 0.1131 -0.4219
0.5752 10.4585 5.1709 -0.2092 0.6595 0.131
3.0646 8.0445 -1.7238 -0.5714 -0.4984 -0.3452
1.0732 7.4705 2.6426 -1.2702 -1.1503 -0.0915
2.1841 8.6197 1.0337 -1.0049 -1.5541 -0.3429
1.9543 6.7427 3.7918 -0.1261 -2.092 -0.6412
3.7541 6.857 3.4093 -0.8845 -1.7107 -0.295
1.9154 7.3933 2.988 -0.7706 -0.5527 -0.4676
0.1921 4.9039 2.4511 -0.6161 -0.4909 -0.7722
-0.9194 3.8307 2.49 -0.6427 0.0396 -1.1749
-4.4436 6.2058 1.8387 -1.1775 -2.0068 0.1673
0.0383 10.9176 2.8347 -2.0766 -2.4073 4.8534
1.3414 3.1418 5.7838 -2.2033 2.674 0.2429
9.1177 -6.3967 9.8827 -0.9431 1.0239 1.339
10.0754 -4.2898 3.2938 -0.9293 -0.5112 0.6668
5.7844 -3.0263 4.5969 0.6846 -0.2204 -0.0
4.4819 -2.1452 7.3167 0.3085 0.9323 -0.5391
6.1675 -0.0766 9.0788 0.234 0.1717 -0.1918
5.7078 0.1532 7.7381 -0.1165 0.3858 0.3601
4.5975 0.422 7.7375 0.3831 0.046 0.1279
4.2527 0.8434 8.0822 0.4918 -0.3045 -0.23
5.8227 0.6129 8.734 -0.0835 0.1674 -0.1256
5.5929 -0.2298 7.8913 -0.2859 -0.0084 0.0416
5.5162 -0.5357 7.3933 -0.0142 -0.0872 -0.0171
5.6695 -0.0766 7.8147 -0.0238 -0.084 0.0032
5.6695 0.1149 7.6231 -0.0664 -0.0222 0.0224
5.6318 0.1538 7.2395 -0.0036 0.031 -0.0064
5.4402 0.0389 7.4693 0.0422 0.0087 -0.0309
5.3636 0.0389 7.7375 0.037 0.0012 -0.0163
5.4402 -0.076 7.8907 -0.0056 0.0087 -0.0046
5.5551 -0.1143 7.6608 -0.0301 0.0033 -0.0121
5.5168 -0.076 7.5842 0.004 -0.0286 -0.0185
5.5551 0.1155 7.5842 0.0317 -0.0158 -0.0195
5.5935 0.1155 7.5842 0.0061 0.0055 -0.0156
5.5935 0.1538 7.6992 -0.0046 0.0044 -0.0134
5.4396 -0.0383 7.6614 -0.0046 0.0002 -0.0102
5.5935 0.0772 7.6225 0.005 -0.0052 -0.0124
5.5929 0.0383 7.6231 0.0007 0.0076 -0.0124
5.5168 0.0006 7.6225 0.0072 0.0002 -0.0183
5.5162 0.0383 7.6614 -0.0184 -0.003 -0.0056
5.5168 0.0006 7.6225 -0.0056 -0.0073 -0.0098
5.5929 0.0383 7.6231 -0.0035 0.0023 -0.0119
5.5935 0.0772 7.6608 0.0008 0.0012 -0.0119
5.5929 0.0766 7.6608 -0.0056 0.0065 -0.0098
5.6695 0.1149 7.7381 0.004 -0.0052 -0.0141
5.5551 0.0389 7.6608 -0.0013 -0.0062 -0.0087
5.5545 -0.0383 7.5082 0.0044 0.0027 -0.0018
5.6312 0.0766 7.6614 0.0033 -0.0027 -0.0018
5.5935 0.0389 7.6225 0.0001 0.0048 -0.0007
5.5935 0.0772 7.6225 -0.0031 0.0048 -0.0007
5.6312 0.0766 7.5848 -0.0009 0.0016 0.0003
5.5545 0.0383 7.6231 0.0109 -0.0016 -0.0033
5.5935 0.0389 7.6992 0.0045 -0.0016 -0.0022
5.5935 0.1155 7.5842 -0.0009 -0.0016 -0.0001
5.5929 0.0383 7.6225 -0.0094 0.0037 0.001
5.5935 0.1155 7.6225 -0.003 0.0037 0.0021
5.5935 0.1155 7.6225 -0.0009 -0.0048 -0.0011
5.6318 0.1155 7.5459 -0.0019 -0.0037 0.0012
5.5935 0.0006 7.5842 0.0098 0.0016 -0.0019
5.6318 0.1155 7.6608 0.0045 -0.0016 0.0002
5.5935 0.0772 7.6608 -0.0019 -0.0016 0.0002
5.6318 0.0389 7.6992 -0.0008 0.0016 0.0012
5.6318 0.0772 7.6225 -0.0019 0.0037 0.0002
5.6318 0.1155 7.6225 -0.003 0.0037 0.0002
5.5935 0.0772 7.5842 -0.0037 -0.0047 0.0011
5.5935 0.0772 7.6608 -0.0091 0.0049 0.0022
5.5929 0.0766 7.6614 0.0016 0.0007 -0.0021
5.6318 0.0772 7.5842 -0.0016 0.0007 0.0001
5.6318 0.0006 7.5842 -0.0027 -0.0004 0.0011
5.5545 0.1149 7.5465 0.0048 0.0028 -0.001
5.5935 0.0772 7.5842 -0.0046 0.0061 0.0011
5.5935 0.0772 7.6608 0.0008 -0.0014 0.0001
5.6312 0.0383 7.6231 -0.0003 -0.0025 0.0022
