3.3716 -9.0782 -1.0732 0.2756 0.0157 0.1531
3.0269 -8.8101 -1.8393 -0.0429 0.053 0.1371
3.486 -9.1937 -1.7621 0.1169 0.428 -0.1111
5.785 -7.5459 -1.418 0.0295 0.3587 -0.8996
5.4019 -7.3161 0.3059 -0.2123 0.0892 0.2275
4.3676 -7.6225 -3.1418 0.1797 0.5334 0.2413
7.0491 -7.4693 -0.9583 -0.0216 0.3534 0.0421
5.6318 -9.6911 -2.5289 -0.0983 0.5377 0.7888
7.9685 -9.5762 -0.6518 -0.0312 -0.1377 -0.0688
3.4482 -10.5339 -0.6901 -0.0876 -1.5108 0.3478
1.8777 -9.5379 0.6889 1.1278 -0.6 1.0327
0.2304 -4.9793 0.4208 -0.1771 -0.5957 0.6439
0.9966 -10.8787 -6.3213 -0.6267 1.1843 -1.0594
4.0995 -8.3121 -3.3716 -0.9282 -0.4743 -0.3011
-2.9497 -17.1616 3.486 1.4996 0.8647 0.8558
4.4436 -8.6191 5.6312 0.2479 0.0892 0.0888
0.4214 -6.5122 -0.6129 -2.2683 1.0554 -0.3597
4.9799 -6.2058 -4.865 1.6242 -0.0823 -0.2244
4.0612 -13.714 1.1103 -1.5438 0.1936 0.2425
0.6901 -9.4996 2.4128 -0.4083 -0.6596 0.0891
-1.2635 -12.9472 -0.1155 0.2234 -0.6501 0.4034
0.2687 -4.9793 0.4974 0.4184 -0.9675 0.2542
-0.2298 -6.5888 -1.1875 -0.2016 -0.094 -0.8217
3.9079 -11.9513 -2.1841 0.2479 -0.3497 -0.1517
-4.4813 -10.9936 4.7112 1.914 -0.2825 0.6622
3.295 -9.8061 3.6769 2.436 0.3886 -0.3754
3.0269 -5.2858 3.4087 0.5324 -1.4543 0.2723
-0.076 -7.3927 3.3321 -0.4296 -0.2112 -0.0004
0.0772 -3.2172 0.5357 -1.0389 -1.368 0.0313
-0.3059 -5.7455 1.9531 2.5649 1.1928 0.385
-6.0136 -9.8444 12.6791 3.5854 3.8304 1.1871
-0.1526 -10.9936 8.3121 3.0826 3.6962 2.2279
-14.9392 1.6478 4.7112 2.91 -19.8163 1.2159
-2.2595 9.0794 10.304 -2.2235 2.3327 -0.1818
-4.4053 4.2904 8.6574 2.4253 -0.6937 1.1776
-3.1412 5.0566 7.6998 -1.5961 0.8072 -0.1806
-3.7924 0.498 8.6191 -0.0525 0.934 -0.1209
-4.5963 -0.9188 10.1125 -0.0621 -0.4008 -0.0229
-2.6043 -0.574 8.6951 0.2117 -0.2612 -0.1902
-3.0646 -0.4214 8.4659 0.0391 0.9382 -0.0752
-4.5203 -0.1915 9.9982 0.1062 0.0072 0.0346
-3.562 0.0006 8.7334 0.0711 -0.3134 0.0122
-3.6003 -0.076 8.8867 -0.0408 0.1436 0.0026
-4.0989 -0.1532 9.1937 -0.0216 -0.0578 -0.0123
-3.6775 -0.2298 8.9256 0.0274 -0.1164 0.0013
-3.5626 -0.1149 9.0022 0.0135 0.0839 0.0045
-3.7924 -0.0383 9.1554 0.0082 0.0125 -0.0008
-3.6386 -0.0377 9.0782 0.0029 -0.0162 -0.0008
-3.6769 -0.1526 9.0399 -0.0035 0.0051 -0.0051
-3.7152 -0.076 9.0399 0.02 -0.0066 0.004
-3.7535 -0.076 9.0399 0.0051 -0.0024 -0.0014
-3.6392 -0.1149 9.1171 0.0104 0.004 0.0018
-3.7152 -0.076 9.1931 -0.0024 -0.0088 -0.0035
-3.6003 -0.076 9.1165 -0.0035 0.0051 -0.0003
-3.6769 -0.076 9.0782 -0.0003 -0.0002 -0.0014
-3.7535 -0.1143 9.0782 0.0008 -0.0024 -0.0014
-3.6769 -0.1143 9.0782 0.0008 0.0072 -0.0004
-3.7152 -0.1143 9.1165 -0.0003 0.004 -0.0014
-3.6386 -0.1143 9.1548 -0.0013 0.0072 -0.0025
-3.6392 -0.0766 9.1554 0.0046 -0.0024 0.001
-3.6775 -0.0766 9.0788 0.0046 0.0094 0.002
-3.6386 -0.0377 9.1548 0.0057 0.0072 0.0031
-3.6769 -0.1143 9.0016 0.0057 0.0126 0.002
-3.6775 -0.1149 9.0022 0.0025 0.0094 -0.0001
-3.7541 -0.0766 9.1171 0.0078 0.0104 0.0031
-3.6392 -0.0766 9.1171 0.0057 0.0083 0.002
-3.7158 -0.0766 9.0405 0.0004 0.0008 -0.0012
-3.7152 -0.1526 9.0016 0.0036 0.004 0.001
-3.7918 -0.076 9.0399 0.0003 0.0083 -0.0004
-3.7535 -0.1143 9.0399 0.0035 0.0019 0.0007
-3.7535 -0.0377 9.1165 0.0025 -0.0013 -0.0004
-3.7924 -0.0766 9.0788 0.0003 0.003 -0.0025
-3.7924 -0.0383 9.0405 0.0035 -0.0162 -0.0015
-3.8307 -0.0766 9.0022 0.0025 -0.012 -0.0021
-3.7924 -0.0383 9.0022 0.0046 -0.012 -0.0
-3.8301 -0.076 9.0399 0.0025 -0.0088 -0.0011
-3.8301 -0.1143 9.0782 -0.0071 -0.0056 -0.0032
-3.7152 -0.0377 9.0782 0.0014 -0.0066 -0.0011
-3.7924 -0.0383 9.0788 0.0014 -0.0034 -0.0011
-3.7152 -0.0377 9.1165 -0.0039 -0.012 -0.0032
-3.6769 -0.1526 9.1165 -0.0007 -0.0024 -0.0011
-3.7535 -0.1143 9.0782 0.0004 -0.0045 -0.0011
-3.7158 -0.0766 9.0405 0.0025 0.0008 0.0
-3.7541 -0.1149 9.0788 0.0014 0.0008 0.0
-3.6769 -0.1526 9.0399 0.0025 -0.0024 0.0011
-3.7152 -0.076 9.0782 0.0036 -0.0066 0.0011
-3.7535 -0.1143 9.0782 0.0025 0.0062 0.0
-3.7152 -0.1526 9.1165 0.0068 0.0008 0.0021
-3.7918 -0.0377 9.1165 0.0004 0.0062 0.0011
-3.7158 -0.1149 9.0788 0.0057 0.0051 0.0021
-3.7535 -0.076 9.0782 0.0025 0.0083 0.0011
-3.8307 -0.1149 9.0405 0.0036 0.0104 0.0032
-3.7541 -0.1149 9.0788 0.0014 0.0083 0.0021
-3.7158 -0.0383 9.0405 0.0004 0.0083 0.0011
-3.8307 -0.0766 9.0788 0.0014 -0.0002 0.0011
-3.7541 -0.0766 9.0405 0.0014 0.0083 0.0
-3.7918 -0.1526 9.0399 0.0036 0.0051 0.0011
-3.8301 -0.076 9.1165 0.0004 0.0051 0.0011
