2.299 10.3819 1.2258 0.167 0.1043 -0.23
-0.0766 8.6574 1.6089 -0.3401 0.2897 -0.2385
0.996 10.6494 0.7278 -0.1079 0.1789 -0.3397
0.7278 8.5042 0.6895 -0.2602 0.1576 -0.0769
0.6512 9.8833 0.6129 -0.3252 -0.1354 -0.0727
0.8817 10.3052 1.2635 -0.257 -0.1418 0.2224
1.9543 11.9525 2.9874 -0.1367 -0.456 0.6123
1.8777 8.5431 3.6769 0.1573 -1.2901 -0.0066
3.6398 8.7346 3.2555 -0.3902 0.0308 0.3428
1.916 8.0834 1.9914 0.2863 -1.2646 -0.1812
3.4866 7.8919 1.5317 -0.2474 0.0383 -0.0299
3.4866 11.9525 1.6849 0.4066 0.1938 -0.3666
2.8736 11.4162 2.8341 0.8615 0.7147 -0.3389
-1.5317 8.8879 3.6386 -0.0727 1.4668 0.0531
2.1458 8.3899 -0.1155 0.4567 0.4537 -0.2207
0.0389 6.6661 1.3402 -0.4381 0.3951 0.2406
1.1492 10.5728 0.7661 -0.0717 0.0574 0.1724
2.1835 11.722 1.1109 0.1126 -0.2004 0.4835
2.1841 11.7609 3.7918 -0.1463 -0.3165 0.4494
4.367 7.8147 3.371 -0.1271 -0.9471 0.0702
0.3831 8.0445 2.49 -0.3955 -0.586 -0.2718
3.5632 7.8153 1.2252 -0.3082 0.0723 -0.0896
3.2567 11.8758 2.068 0.2841 0.6753 0.116
2.7587 11.9908 3.2555 0.5323 0.9917 -0.1099
-3.6009 9.3087 5.5162 0.0114 0.6668 -0.2122
2.3373 6.8959 0.6123 0.6484 2.0399 -0.0289
-0.8428 8.8107 3.0646 0.2543 0.8031 0.6954
2.9119 10.3052 4.6346 0.772 0.4484 1.2856
0.422 10.3819 5.0943 0.2309 2.1976 0.248
0.3831 10.8409 4.2904 1.4133 1.3624 -0.0001
3.6781 6.8193 2.9108 1.0298 2.5651 -0.0843
3.9462 8.2367 3.7918 1.3025 2.8111 0.0659
4.9805 7.2407 1.1869 1.6828 3.7443 0.1213
2.9503 6.781 -0.4986 0.4876 3.4258 -0.0683
2.3373 7.2407 0.6506 0.8732 0.5283 -0.4031
1.1109 6.6655 1.2641 0.4513 2.4692 -0.2806
1.494 6.3973 2.4517 1.0095 1.3389 -0.5501
-1.7621 -1.5706 -0.3065 1.1651 0.9235 0.398
18.8472 19.2308 -15.0547 5.0629 -1.6598 1.0851
-3.8301 2.6055 0.4591 6.0632 -0.0001 0.4579
-5.1326 -4.8644 2.7192 5.7947 2.4394 0.3588
-5.5162 -19.6133 -6.7038 1.5347 7.9148 -9.7793
-0.8422 -8.8484 1.8381 -4.6907 17.956 13.9984
-1.8765 -0.7272 -0.0389 -3.1897 4.898 9.3496
-17.0461 9.2709 -8.6963 -0.6373 27.0044 0.1736
4.291 5.3253 0.1526 -0.2442 13.7866 -3.0446
-1.3791 11.4156 12.7563 -12.9518 -5.8441 0.9864
-2.6815 -0.5746 -0.2298 0.1254 2.9571 -3.574
2.988 -2.5283 16.4338 0.8658 1.5254 -1.9612
2.4523 -0.4591 7.431 -0.9228 -0.0715 -0.1215
0.9194 -2.0303 9.8067 0.3225 0.2609 0.0297
1.1492 -1.1492 9.4619 0.1595 -0.0054 0.051
1.494 -0.9577 9.0405 -0.1665 -0.0874 -0.0459
1.2641 -1.2258 9.845 -0.0131 -0.032 0.0063
1.5329 -0.996 9.2314 0.0135 0.0074 -0.0002
1.2641 -1.1875 9.5002 -0.0163 0.0276 -0.0162
1.1875 -1.1492 9.6151 -0.0046 -0.0075 -0.0055
1.3024 -1.2641 9.5002 0.0008 -0.0171 0.0009
1.3024 -1.1875 9.3853 0.0114 -0.0118 0.003
1.303 -1.1486 9.3847 -0.0014 -0.0022 -0.0043
1.303 -1.1869 9.423 0.005 0.0138 -0.0043
1.2264 -1.1103 9.4613 -0.0035 0.002 -0.0086
1.2258 -1.1109 9.5002 -0.0003 -0.0054 -0.0043
1.2641 -1.1109 9.4619 -0.0003 -0.0118 -0.0033
1.3414 -1.2252 9.3081 0.0018 0.001 -0.0031
1.3024 -1.1875 9.4236 0.0018 0.0031 -0.0042
1.1875 -1.1109 9.4619 0.005 0.002 -0.0031
1.3408 -1.1109 9.5002 -0.0003 -0.0033 -0.0042
1.2641 -1.1492 9.4236 -0.0003 -0.0054 -0.0042
1.2641 -1.1492 9.4619 0.0008 -0.0043 -0.0042
1.3408 -1.2258 9.4236 -0.0035 0.002 -0.0041
1.3408 -1.1492 9.4619 0.0051 -0.0022 -0.003
1.1875 -1.2258 9.347 0.0029 -0.0043 -0.002
1.2258 -1.1875 9.5385 0.0019 -0.0054 -0.0041
1.3024 -1.1875 9.5385 -0.0013 0.0042 -0.0052
1.2647 -1.2252 9.4613 0.0018 0.0031 -0.0033
1.2264 -1.1869 9.5762 -0.0013 0.0016 0.0008
1.3414 -1.1486 9.423 -0.0098 -0.0176 0.0093
1.2264 -1.1869 9.3464 0.004 -0.0038 0.0008
1.3797 -1.2252 9.5762 0.0019 -0.0048 -0.0003
1.2647 -1.1869 9.5762 0.0008 -0.0027 -0.0003
1.2264 -1.2252 9.4613 -0.0034 -0.0006 -0.0014
1.2641 -1.1875 9.4619 -0.0013 -0.0016 -0.0014
1.2647 -1.1486 9.4613 -0.0013 -0.0016 -0.0003
1.303 -1.2252 9.4996 -0.0013 -0.0027 -0.0003
1.2647 -1.1486 9.4613 -0.0002 0.0005 -0.0003
1.3414 -1.1486 9.4996 0.0008 0.0005 -0.0003
1.2258 -1.1875 9.4236 0.0008 0.0005 0.0008
1.2641 -1.2258 9.5002 0.0008 -0.0006 0.0019
1.2258 -1.1492 9.4236 -0.0081 -0.0033 -0.0015
1.2641 -1.1875 9.5385 0.0025 -0.0001 0.0017
1.2647 -1.1869 9.4996 -0.0017 0.001 0.0007
1.3408 -1.2641 9.4619 -0.0039 -0.0012 -0.0004
1.2258 -1.2641 9.4619 0.0004 0.002 -0.0004
1.3024 -1.2258 9.5002 0.0047 0.0042 -0.0004
1.2641 -1.1875 9.5002 0.0015 -0.0022 0.0008
1.303 -1.1869 9.5379 -0.006 -0.0033 -0.0013
1.2641 -1.1875 9.4619 -0.0006 0.0063 0.0062
1.2641 -1.1492 9.3853 -0.0188 0.0052 -0.0034
