1.3024 9.6534 0.7661 -0.1799 0.1409 0.1849
1.5706 9.7683 0.7278 -0.1075 0.0898 0.1743
2.49 9.3853 0.9577 -0.0031 -0.1766 0.0753
3.1801 10.0754 0.4974 -0.3163 -0.1425 0.0401
2.6821 8.6963 0.3059 -0.0947 -0.4301 -0.0504
2.6821 9.0028 0.4591 -0.4867 -0.2447 -0.0302
3.3333 10.152 0.2292 -0.0958 -0.1031 0.0071
2.7964 10.4196 0.3448 0.211 0.0866 -0.3944
3.1801 11.5694 2.1829 0.2771 0.6224 -0.2804
-0.996 7.9296 3.371 0.0097 0.746 -0.24
1.5323 9.0405 0.1915 0.2963 0.469 -0.1697
0.9583 9.1943 0.1909 -0.1054 0.2304 0.0207
2.1075 11.9141 0.574 0.0171 -0.429 0.5427
2.1841 11.646 2.7958 -0.2236 -0.6101 0.4575
3.5626 7.7381 3.0263 0.2707 -1.4421 0.2018
0.6129 9.0788 2.0686 -0.523 -0.82 -0.3691
2.8353 6.6277 0.3825 0.3133 -0.8051 0.1901
3.295 11.9525 1.1103 0.0459 0.4977 0.0346
2.7587 12.6803 1.9531 0.4944 0.1473 -0.4735
0.6895 8.8873 3.9073 -0.4676 1.448 -0.3223
1.8393 8.275 0.1143 0.5934 0.3241 -0.0261
-0.3059 6.8959 1.57 -0.3472 0.9036 0.1454
1.1115 11.5311 0.3442 -0.181 0.0429 0.0921
1.6089 10.7643 1.2258 0.2387 0.0482 0.4799
2.6438 12.4121 4.06 -1.0322 -0.3555 0.1283
2.4134 7.9296 3.8307 0.7756 -2.7289 0.09
1.801 7.8919 2.8341 -1.4039 0.2879 -0.1102
3.0263 7.2018 1.9537 0.9918 -1.62 0.1955
2.4523 10.1903 1.6849 -0.3909 0.4594 -0.1464
3.793 11.9908 1.8381 0.6701 0.0983 -0.4926
0.9966 8.773 3.9834 -0.3142 1.7324 -0.5097
1.6478 8.8879 0.8805 0.9854 0.0866 0.2155
0.422 7.3556 1.3018 0.0309 0.9505 0.2314
1.0349 9.3476 0.8805 -0.3046 0.0376 0.1356
1.7244 9.9988 1.9914 -0.1203 -0.1862 0.893
2.8353 8.0834 2.2978 0.5092 -1.0107 0.3848
3.3333 6.4745 1.4934 -0.54 0.829 0.4232
2.797 6.1681 1.7232 -0.1193 -0.3694 0.176
2.7964 3.6775 0.6895 -0.8287 1.1231 0.1057
3.7158 7.0102 2.1069 -1.878 0.8386 -0.5931
3.486 9.5768 1.6855 -4.4954 0.2687 -3.3542
1.3414 6.283 9.2314 -0.6103 5.9274 -0.9497
-15.0547 -0.4597 12.2583 -1.552 11.3869 1.8668
-2.9113 0.7278 4.5586 1.4488 -9.4625 0.5917
3.0646 -3.6392 3.9456 2.5162 -3.3745 -1.3982
-8.1977 -1.2258 13.6374 -0.9043 -1.0298 -0.3628
-5.4773 2.8353 6.7415 -1.0173 0.2112 0.744
-3.0646 4.2138 8.6191 -0.0457 -0.2234 0.1421
-3.4477 2.7964 9.5768 0.3537 0.812 -0.2574
-2.6049 2.49 9.0405 -0.1555 -0.6836 0.0079
-2.873 2.1452 8.6574 0.1087 0.4008 -0.2787
-4.8261 2.5672 8.7718 0.2696 1.1028 -0.3054
-4.2521 2.4134 8.1594 -0.0958 -0.1286 0.0302
-4.3287 2.49 8.1211 -0.1576 -0.1766 -0.0828
-4.4436 2.7581 8.3893 -0.0564 -0.1851 -0.0551
-4.0983 2.8736 8.6185 0.1268 0.0152 0.0248
-3.945 2.6821 8.2355 -0.0042 -0.0562 0.0164
-4.1749 2.7587 8.4653 -0.0095 -0.0136 -0.0007
-4.3664 2.7204 8.5802 -0.0074 -0.0168 -0.0028
-4.06 2.6438 8.427 0.0075 -0.0125 0.0014
-4.1749 2.6821 8.427 -0.0021 -0.0072 0.0025
-4.1366 2.6821 8.3887 -0.0073 -0.0125 -0.0129
-4.0989 2.7198 8.4659 0.0055 0.012 0.0009
-4.0983 2.6821 8.4653 -0.0073 -0.0051 -0.0001
-4.0983 2.6055 8.5036 0.0033 -0.0072 0.002
-4.1749 2.6821 8.4653 0.0055 -0.0008 0.0041
-4.1366 2.7204 8.4653 0.0002 -0.0051 0.0012
-4.1755 2.7198 8.4276 0.0076 0.0184 -0.0009
-4.2138 2.7198 8.4276 0.0204 -0.0093 0.0065
-4.1372 2.7198 8.3893 0.0087 0.0035 0.0023
-4.2138 2.7581 8.4659 -0.002 -0.0051 0.0012
-4.2138 2.7964 8.4659 0.0023 0.0045 0.0023
-4.2521 2.7198 8.5425 0.0012 0.0024 0.0012
-4.1755 2.7198 8.4276 0.0023 -0.0061 0.0023
-4.2138 2.7198 8.5425 -0.0084 -0.0178 -0.003
-4.1749 2.6438 8.427 0.0087 0.0024 0.0033
-4.2138 2.6815 8.4276 0.0023 -0.0019 0.0012
-4.1755 2.7581 8.4659 0.0108 0.0003 0.0023
-4.1372 2.6815 8.5042 0.0066 -0.004 0.0033
-4.1755 2.7198 8.4659 0.0002 -0.0072 0.0012
-4.1749 2.7587 8.4653 -0.018 -0.0136 -0.0052
-4.1749 2.7587 8.4653 0.0173 -0.0189 0.0039
-4.1372 2.7198 8.4659 0.0045 0.0003 0.0017
-4.2132 2.7587 8.5036 -0.0062 -0.0008 -0.0015
-4.1749 2.7204 8.4653 0.0002 -0.004 0.0007
-4.2132 2.7204 8.5036 0.0002 -0.004 0.0007
-4.1749 2.7204 8.4653 -0.004 -0.0146 0.0031
-4.1749 2.7204 8.5036 -0.0115 -0.0125 -0.0012
-4.1749 2.6821 8.5036 0.0045 0.0003 0.0031
-4.2132 2.6821 8.5419 0.0002 -0.0104 0.0031
-4.2138 2.6432 8.4659 0.0013 -0.004 0.0009
-4.2515 2.797 8.5036 0.0013 -0.0029 0.0032
-4.1749 2.6821 8.4653 0.0024 -0.0029 0.0022
-4.1749 2.6821 8.4653 -0.0008 -0.0029 0.0022
-4.2138 2.6815 8.5808 0.0013 0.0003 0.0032
-4.1755 2.6815 8.4659 0.0088 -0.0029 0.0043
-4.2132 2.6438 8.5036 0.0024 -0.0008 0.0032
