-0.4597 -10.0748 0.4214 0.1068 0.2001 0.0086
-0.1909 -10.419 0.4974 -0.3119 -0.029 0.0832
0.8811 -10.8026 -1.4557 -1.1833 2.696 -1.0045
-0.7272 -9.921 -3.4099 -0.2256 1.9311 -0.8266
2.0692 -9.3081 0.6123 0.5723 1.2185 -0.8384
1.2647 -8.3504 -0.6135 0.1419 -1.139 -0.227
0.4603 -7.9673 -1.5712 0.4668 0.2608 -0.0405
-0.1143 -16.6247 -1.801 0.8109 1.4486 -0.0682
-0.7272 -10.1508 1.1486 0.2058 -0.7203 0.6072
-0.0377 -9.3847 0.9188 0.453 -1.2466 0.4348
1.3797 -8.8867 1.3402 0.3859 -0.3741 0.3879
0.422 -9.9593 1.072 0.893 -1.2561 0.6052
0.3065 -10.726 0.6512 0.7225 -1.0016 0.1994
0.7661 -11.9519 0.996 -0.7071 1.2952 -0.1447
4.6352 -9.6917 -3.0263 -2.9494 2.2592 -2.3422
-5.8227 -11.8752 2.9497 -1.9726 2.745 0.1516
-2.1069 -6.2441 6.0525 2.5846 -3.4634 -1.1661
-3.6003 -5.056 0.2676 0.1228 -2.8391 0.6533
10.4962 -16.1656 0.0766 0.5777 1.146 -1.5049
-1.5323 -13.0628 2.9497 -0.7454 -1.8687 1.954
-4.7884 -7.6614 2.4134 -0.1734 0.0967 0.7034
1.6861 -8.8867 0.9954 1.0496 -2.5249 0.6544
-0.1149 -9.3087 2.6432 1.1028 -0.9312 0.5894
0.9194 -9.1937 0.996 0.3188 -0.2963 0.7407
0.7667 -11.2617 0.3825 -0.6144 0.7817 -0.1438
2.6049 -11.9135 -2.4517 -2.4424 4.2161 -2.6078
-7.0479 -12.9089 2.2978 -2.2986 1.7777 0.0746
-2.7575 -5.4007 3.8684 1.1209 -2.07 -0.4378
-1.4174 -5.861 -1.3024 0.3667 1.1588 0.1971
0.8811 -11.3772 0.7278 1.6152 1.7351 -0.6072
6.0908 -5.2481 -0.2298 0.2836 2.1783 -0.0247
-5.0566 -11.0708 -2.4517 -1.5029 1.0427 0.9682
-3.9834 -9.921 5.6689 -0.3044 0.5218 -0.1035
2.2984 -9.3087 2.7964 -0.5036 1.3782 0.7136
2.5283 -9.4236 1.7621 -0.2703 2.0302 -0.1674
0.1149 -8.5425 2.1835 0.144 4.6486 -1.6023
-2.0303 -11.1857 -2.5283 -1.227 1.7085 -1.0122
2.8736 -6.9713 5.4007 -1.2057 1.3239 -0.5957
2.9503 -9.3081 -1.5329 -0.575 4.3791 -0.943
0.0389 -8.1971 -0.2687 -1.6776 0.2746 -0.4774
0.996 -6.2441 0.9577 -0.3481 2.5415 -0.6257
5.363 -8.4276 0.6129 -0.3822 -1.3414 -2.7051
3.6781 -2.7192 0.7272 -0.2139 0.4664 -2.4548
-1.0337 -1.1103 -0.4986 -0.5356 -0.5499 -1.7922
18.1582 5.4019 0.2676 0.5627 13.3231 -11.3742
10.2669 8.2367 10.9553 1.1613 -8.452 -1.0434
5.4785 -15.2074 0.076 3.0713 -2.7614 -0.7664
1.6095 0.7284 0.6123 -1.57 -2.2128 -1.2681
4.4442 17.1239 0.6889 -0.2789 4.9149 -2.001
3.4866 4.0612 7.2012 -2.2933 -1.3627 1.2192
3.793 4.9805 0.4208 1.8601 -1.6045 3.2048
15.4384 -3.1789 0.0377 0.1056 -2.1552 0.6076
12.2589 -0.3825 -0.1538 0.3112 -0.4338 2.6263
0.1921 -3.1023 -1.0349 -0.0233 -0.5094 -0.8379
3.295 -6.2818 -5.9765 0.2132 1.881 -0.4843
13.1783 -2.2595 -4.1761 0.585 -0.2463 -0.2265
6.5894 -0.9571 -3.4482 0.2015 -0.3752 0.4095
6.3596 -1.1103 -2.0692 0.046 0.5239 -0.4693
10.343 -1.3408 -1.8771 -0.28 0.2672 -0.1732
10.3046 -1.8387 -2.2984 -0.1575 0.1649 0.1858
9.4236 -2.2984 -1.7621 -0.0989 0.0381 0.157
8.7724 -2.1452 -1.6089 -0.0616 -0.0449 -0.0858
9.1177 -1.3785 -2.2607 0.0034 -0.2612 0.0111
9.1177 -1.7998 -2.8353 0.1099 -0.2165 0.0548
8.5808 -1.992 -2.9497 0.0343 0.1361 -0.0688
8.9256 -1.5706 -2.3367 -0.0243 0.1415 -0.0103
9.3087 -1.8771 -2.1835 -0.0084 0.0275 0.0174
9.0028 -1.9531 -2.2607 0.0044 0.0296 -0.0146
9.1177 -1.7615 -2.1458 -0.003 0.0062 -0.0156
9.2326 -1.6849 -2.2224 -0.003 -0.0354 0.0078
8.8873 -1.6855 -2.3367 0.0023 -0.046 0.0088
9.0794 -1.9148 -2.3756 -0.002 0.02 -0.0072
9.1177 -1.7998 -2.2607 0.0012 0.0499 -0.0061
9.1177 -1.7615 -2.1075 0.0055 0.0062 -0.0072
9.0411 -1.7615 -2.299 0.0023 -0.0119 -0.0093
9.156 -1.7615 -2.414 -0.0031 -0.0023 0.0063
9.0794 -1.7998 -2.2607 -0.0052 -0.0077 0.0021
9.0794 -1.7998 -2.299 0.0023 -0.0141 -0.0043
9.0788 -1.8004 -2.3367 0.0023 0.0062 -0.0054
9.0411 -1.7615 -2.299 -0.002 0.003 -0.0022
9.0794 -1.6849 -2.299 0.0012 -0.0023 -0.0012
9.0411 -1.7615 -2.3756 -0.001 -0.0055 -0.0001
9.0028 -1.7615 -2.3373 0.0001 -0.0066 0.001
9.0788 -1.7621 -2.3367 -0.002 0.003 -0.0033
9.0788 -1.8004 -2.3367 -0.001 0.003 -0.0065
9.0405 -1.8004 -2.2984 0.0012 0.003 -0.0042
9.0788 -1.7621 -2.2601 0.0012 0.004 -0.001
9.1177 -1.8381 -2.2607 0.0001 0.0083 -0.0031
9.0411 -1.7998 -2.2607 0.0001 -0.0023 -0.0031
9.0788 -1.8004 -2.2601 0.0012 -0.0013 -0.0042
9.0788 -1.8004 -2.3367 0.0001 0.004 -0.0045
9.0788 -1.8004 -2.2601 0.0022 0.0019 -0.0035
9.0794 -1.7232 -2.2607 0.0022 0.0019 -0.0035
9.0794 -1.8381 -2.2607 0.0012 0.0019 -0.0035
9.0405 -1.8387 -2.2984 -0.001 -0.0034 -0.0013
9.0788 -1.8004 -2.3367 0.0001 0.0019 -0.0033
9.0794 -1.7615 -2.299 -0.002 0.003 -0.0097
9.0794 -1.7615 -2.299 0.0033 -0.0045 0.0031
9.0794 -1.7998 -2.2607 -0.0009 0.004 -0.0054
