5.5551 -5.6306 4.8644 0.0533 0.0301 0.0006
5.1338 -5.937 5.1709 0.0107 0.0972 -0.0324
5.287 -5.6306 5.439 0.064 0.1025 0.0624
5.7084 -5.3624 5.4773 0.1119 0.0013 0.1103
5.287 -5.439 5.7072 0.0597 -0.0562 0.0464
5.3636 -4.7112 6.2435 0.1321 -0.1244 0.1636
5.5551 -5.4773 4.9793 -0.1129 -0.0946 0.0624
5.5935 -4.9027 5.5923 0.0437 -0.0318 0.1349
5.5935 -4.941 5.8221 0.0842 -0.0893 0.1732
5.9382 -5.5156 6.0136 -0.2418 -0.0989 0.0624
7.7387 -4.4047 4.443 -0.5017 -0.5569 0.2296
11.8758 -5.439 2.8724 -0.7563 -3.0603 -0.3722
9.1171 -10.4962 3.2944 0.3164 1.4692 -1.0955
4.3676 -6.2818 6.4733 -0.5283 -4.3823 -0.5288
6.8959 -2.4894 0.574 0.4102 -0.7753 -0.8356
5.287 -2.9108 -0.6518 0.8597 -0.1894 0.0187
4.4442 -3.6003 0.5357 0.7127 1.3957 0.0155
3.486 -11.0325 -0.1915 -0.0777 2.5207 0.4406
6.6655 -5.5545 3.371 1.0174 0.4658 1.5037
9.0788 -2.4134 4.5586 -0.6508 0.3475 0.5215
6.781 -4.941 0.5357 0.4027 -0.7018 0.5908
11.4922 -2.4134 -5.5929 -2.3872 2.3214 -1.2777
12.3349 -3.2561 2.8347 2.3607 -4.1969 -2.801
7.2018 -8.5042 10.2663 1.403 1.0325 -2.98
-1.9914 -4.3664 -1.1881 4.2121 -1.6541 0.4544
6.6277 -2.6043 6.7415 2.6835 5.6792 0.1114
3.6398 1.6478 4.8261 1.8195 4.3561 2.7618
0.2298 -2.5283 5.2481 3.8606 2.5207 2.146
-2.8724 1.801 15.5904 3.3929 1.6013 1.5048
-1.6466 4.0995 11.4533 -0.0095 -0.8328 -0.5427
1.5712 9.0028 6.0136 -0.5634 -3.3063 0.3894
0.0389 4.3293 5.8221 1.0153 -2.8291 -0.5161
-1.6083 5.0572 2.1829 -2.596 5.8432 -0.2093
-5.056 2.0309 4.7112 2.5301 0.943 0.4725
-0.6123 6.283 12.0279 -0.3206 -1.4751 0.1295
-0.3448 2.0303 1.8771 -0.7158 -0.7028 -0.0985
1.2258 4.6735 11.8752 0.1663 0.0045 -0.1507
-0.0383 2.49 9.73 -0.2364 0.2815 -0.0782
-0.2298 2.7964 9.6151 -0.6316 0.6277 0.0443
-0.6123 3.295 9.2698 -0.573 0.469 0.0645
-1.072 1.9543 8.6185 -0.3994 0.3263 0.0304
-1.7615 1.2264 9.7294 -0.2843 0.1516 -0.0602
-1.3785 1.3797 10.304 -0.1533 -0.1595 -0.1219
-1.0726 1.6472 9.9982 0.08 -0.1265 -0.0229
-1.1486 1.6095 9.7677 0.2249 -0.0199 0.024
-1.072 1.8777 9.6528 0.1526 -0.0613 0.0069
-0.9954 1.9926 9.4613 0.1025 -0.0571 0.0015
-0.9571 2.2224 9.6528 0.0514 -0.0347 -0.0006
-0.8805 2.1075 9.5762 0.0194 -0.0251 -0.0038
-0.8805 2.1075 9.6528 -0.0147 -0.0208 -0.0027
-0.9188 2.1075 9.5762 -0.0158 -0.0006 -0.0027
-0.8805 2.1075 9.6911 -0.0307 0.0121 -0.0027
-0.9188 2.0309 9.6528 -0.0264 0.01 -0.0027
-0.9571 2.1075 9.6911 -0.0115 0.0047 -0.0038
-0.8811 1.992 9.73 -0.0104 0.0026 -0.0016
-0.9194 2.0303 9.6534 0.0109 -0.0038 -0.0027
-0.9188 2.0692 9.6528 0.0131 -0.0091 -0.0017
-0.9188 2.0309 9.6145 0.0046 -0.0005 -0.0017
-0.8811 2.0303 9.6534 0.0035 -0.0005 -0.0017
-0.8805 2.0692 9.6145 -0.005 0.0027 -0.0017
-0.8422 2.0692 9.6911 0.0004 0.007 -0.0017
-0.8805 2.0309 9.5379 0.0004 0.007 -0.0007
-0.8428 1.992 9.6917 -0.0007 0.0081 -0.0028
-0.7661 2.0303 9.6534 0.0036 0.0049 -0.0017
-0.8422 2.0309 9.7294 0.0004 0.0038 -0.0028
-0.8805 2.0692 9.5762 0.0046 0.0038 -0.0028
-0.8045 2.1069 9.845 0.0035 0.0049 -0.0007
-0.8039 2.0309 9.6528 -0.0028 0.0081 -0.0028
-0.8422 2.1075 9.7294 -0.0039 0.0091 -0.0028
-0.8805 2.0309 9.6911 -0.0007 0.0091 -0.0017
-0.8428 2.1069 9.6917 -0.0018 0.0038 -0.0028
-0.8422 2.0692 9.6528 0.0057 0.0038 -0.0017
-0.8422 2.0692 9.6528 0.0014 0.0049 -0.0017
-0.8428 2.0686 9.6534 -0.0007 0.007 -0.0017
-0.8805 2.1458 9.7294 -0.0018 0.0049 -0.0007
-0.9188 2.0692 9.6145 -0.0054 -0.0042 0.0004
-0.8805 2.0692 9.6911 -0.0043 -0.0031 0.0004
-0.8039 2.0309 9.6911 -0.0011 0.0001 0.0004
-0.8805 2.0692 9.6911 -0.0011 -0.001 0.0004
-0.8422 2.0309 9.6528 -0.0054 -0.0021 0.0004
-0.9188 1.9926 9.6911 -0.0022 -0.001 0.0004
-0.8811 2.0303 9.6534 -0.0011 -0.0042 0.0004
-0.8039 2.0692 9.6911 0.001 -0.001 -0.0007
-0.8039 2.0692 9.7294 0.0021 0.0033 -0.0007
-0.8039 2.0692 9.6145 0.001 0.0022 0.0004
-0.8805 1.9926 9.6528 0.0021 0.0022 0.0004
-0.8422 2.0309 9.6911 -0.0001 0.0001 0.0004
-0.8805 2.0309 9.6911 0.0003 0.0 0.0006
-0.8422 2.0692 9.6911 0.0003 -0.0011 -0.0005
-0.8045 2.0686 9.6917 -0.0007 -0.0021 0.0006
-0.8428 2.1069 9.73 -0.0039 -0.0011 0.0017
-0.8045 2.0686 9.6917 -0.0007 -0.0011 0.0017
-0.8045 2.1069 9.6151 0.0003 0.0 -0.0005
-0.8805 2.1075 9.7294 0.0014 -0.0021 0.0006
-0.9571 2.1075 9.6528 0.0008 -0.0021 -0.0009
-0.9194 2.1069 9.73 0.0018 0.0021 0.0013
-0.8811 2.1069 9.6917 -0.0046 0.0 0.0002
-0.8422 2.1075 9.6911 -0.0046 -0.0032 0.0002
