1.3024 -9.0788 1.8004 0.0557 -0.073 0.0803
1.1492 -9.232 1.9154 0.0418 -0.056 0.0909
1.0726 -9.1937 1.5706 -0.07 -0.1145 0.1069
0.9577 -9.0405 2.0686 -0.0466 -0.1007 0.0899
0.1921 -9.4613 2.068 -0.1883 0.1741 0.0846
0.8051 -8.9633 2.6809 -0.1851 0.0484 0.1325
0.8434 -9.2314 2.3361 0.2634 0.1177 0.0824
1.1881 -9.1548 2.1446 0.0322 -0.0677 0.0909
0.9966 -8.8101 3.3704 0.0045 -0.0144 0.0015
0.1921 -8.7334 2.9874 -0.1063 0.2775 0.2135
1.0732 -9.423 3.7152 -0.4194 0.3073 -0.1626
1.3024 -10.4196 2.2218 0.7737 -0.0059 -0.431
0.2687 -12.3726 3.1023 0.7396 -0.3254 0.4617
3.1035 -7.3544 -1.2264 0.6682 -0.6322 -0.0177
0.498 -9.0788 5.861 -0.0231 -1.6847 0.0505
2.2218 -7.9296 2.6432 0.03 -0.677 0.2369
4.0989 -10.3046 4.9033 -0.5441 0.1155 -0.6739
-0.1532 -10.6111 2.6815 1.5022 0.9432 -0.1807
-2.2984 -7.6614 -1.6855 -1.9982 0.6727 1.3267
-0.498 -9.5768 4.6352 0.3528 2.9395 -0.0358
0.8817 -7.929 4.443 -1.3675 1.2639 -0.039
1.6478 -7.3544 4.941 -0.4227 0.5928 -0.2894
0.422 -11.6448 2.4128 1.7707 0.6727 0.2135
0.0389 -14.2497 1.9148 2.9425 -1.6784 0.0004
0.5363 -6.9336 1.7621 -3.464 1.805 -0.6089
-1.1492 -5.4013 3.2561 0.992 3.7321 -0.121
2.9886 -8.8101 3.2938 -0.3971 2.212 -1.2438
-0.8422 -2.2595 1.072 -0.3769 0.7866 -1.6188
1.3408 -4.9799 7.3933 0.3731 -0.5119 -1.182
2.2601 -7.853 6.1675 -0.4024 0.3275 -1.6145
2.2601 -10.9559 4.6352 -1.5476 -0.8624 -1.7733
4.0223 -10.6494 4.6735 -2.8152 -0.4789 -2.6276
6.781 -3.6386 -2.9119 -3.4565 -0.9114 -2.3134
14.6723 3.9079 -7.279 -2.6022 -2.1407 -3.9379
11.5694 9.9988 -9.9222 -0.4876 0.7451 -1.6678
1.3408 4.1755 -1.8771 -0.2597 0.2924 -1.6092
1.7244 -0.1526 -1.8393 -0.3108 0.0623 -0.8997
2.6438 6.8193 -4.6358 -0.7582 0.8655 0.0356
10.9565 7.777 -4.2144 0.3869 0.6396 0.7461
7.3939 4.9805 -1.303 0.1973 0.7014 1.0774
4.4819 2.5666 0.8045 0.143 0.0495 2.0084
11.5694 -1.1486 -3.1035 0.2751 0.6375 1.9797
11.3006 -4.9033 -0.8428 -0.1339 -0.1486 1.5866
8.849 -3.5626 -2.2984 -0.2362 -0.6994 0.0739
9.2703 -1.4174 -1.6855 -0.233 -0.5747 -0.3703
5.9759 -1.7621 -1.992 -0.0253 -0.5417 0.2454
9.2703 0.1149 -5.7084 -0.2671 -1.0211 -0.0262
7.4705 -1.3018 -4.2144 -0.0924 0.5012 -0.0198
7.2784 -2.7964 -3.7541 -0.0764 0.0442 -0.0411
8.5425 -1.3791 -2.988 0.0961 0.3957 -0.2457
9.845 -1.7238 -3.0652 0.1473 0.3936 -0.1605
8.8107 -1.494 -2.7581 0.0098 -0.0847 -0.0134
8.6191 -1.3791 -2.7198 0.0301 0.0175 -0.0379
9.1943 -1.7998 -2.9503 0.0386 0.0623 -0.0401
8.9639 -1.5323 -2.873 0.0056 0.0197 -0.0379
8.9256 -1.3408 -2.7964 0.0067 0.0101 -0.0135
8.9639 -1.4174 -2.7964 -0.004 0.0005 0.0015
8.849 -1.4557 -2.7581 0.0173 0.0069 -0.0039
8.9256 -1.5323 -2.873 0.0056 0.009 -0.0209
8.8113 -1.4168 -2.7204 0.0109 0.0367 -0.0752
8.8113 -1.1869 -2.8736 0.0375 0.0974 -0.0561
9.0794 -1.4168 -2.4523 0.0226 0.0665 -0.0443
8.9645 -1.3018 -2.6055 0.0279 0.0644 -0.088
8.9262 -1.3018 -2.4906 0.029 0.0932 -0.0965
9.0411 -0.9188 -2.3756 0.0056 0.0974 -0.088
9.0022 -1.0343 -2.4517 -0.0242 0.0612 -0.1466
9.0794 -0.6889 -2.3756 0.0226 -0.0006 0.0174
9.2326 -0.8805 -2.1841 0.0375 0.0591 0.0185
9.0794 -0.9188 -2.299 -0.0264 0.009 0.0142
9.0405 -0.8811 -2.2984 -0.0072 -0.0315 0.0164
9.1554 -0.8811 -2.1835 -0.003 -0.0304 -0.0103
8.9639 -0.8811 -2.2984 -0.0072 0.0133 0.0068
9.1937 -0.9577 -2.375 0.0045 -0.008 -0.0028
8.9645 -0.8422 -2.3373 -0.004 -0.0027 -0.023
9.2326 -0.9188 -2.2224 0.0077 0.0282 -0.0134
9.2326 -0.8039 -2.1458 -0.003 0.0047 0.0111
9.1177 -0.8422 -2.2224 -0.0072 -0.0134 0.01
9.1943 -0.9188 -2.3373 -0.0061 -0.0166 0.0036
9.0794 -0.8422 -2.414 0.0056 0.0122 0.0036
9.156 -0.8422 -2.3373 -0.004 0.0015 0.0036
9.1171 -0.9194 -2.2984 -0.004 0.0005 -0.0028
9.1171 -0.8045 -2.2601 -0.0019 -0.0027 -0.0028
9.1171 -0.9194 -2.375 -0.0093 -0.0038 -0.0103
9.1554 -0.8811 -2.2984 -0.0008 -0.0006 0.0047
9.156 -0.8039 -2.3756 -0.0051 0.0026 -0.0081
9.0794 -1.0337 -2.2607 0.0002 -0.0048 0.0036
9.1943 -0.9188 -2.3756 -0.0009 -0.0049 -0.0092
9.1554 -0.8428 -2.2984 0.0013 0.009 -0.0241
9.1937 -0.8811 -2.4517 0.0077 -0.0017 -0.006
9.1171 -0.8045 -2.2218 0.0013 -0.0102 0.0025
9.1554 -0.8428 -2.2218 -0.0062 -0.0081 -0.0113
9.1177 -0.8805 -2.3373 0.0045 -0.0006 0.0068
9.0794 -0.8039 -2.414 0.0013 0.0005 -0.0007
9.2326 -0.8422 -2.2607 0.0034 0.009 -0.0007
9.2326 -0.9188 -2.3756 0.0002 -0.0017 -0.0028
9.0028 -0.9188 -2.2607 -0.0083 0.0111 -0.0081
9.1943 -0.8805 -2.3373 -0.003 0.0058 -0.0017
8.9645 -0.7272 -2.3373 0.0077 0.0122 0.0057
9.1177 -0.9188 -2.3373 -0.003 0.0186 0.0015
