8.8107 2.3367 2.4134 0.0795 0.0395 -0.0096
8.8113 2.9886 2.4894 0.1818 0.1407 0.0202
8.5431 2.6821 2.4894 0.006 0.2323 -0.0277
8.7724 2.4517 2.1452 -0.0707 0.2163 -0.0
8.9256 2.8347 2.0303 -0.2251 0.2344 -0.0256
9.1171 2.7581 2.49 -0.5788 -0.1033 -0.0693
8.849 3.2178 3.1029 -0.1665 0.1513 0.1395
10.7266 3.5632 2.2212 -0.1751 0.0512 0.082
9.7306 1.801 2.4128 1.5687 0.4805 0.9332
8.4282 -1.1486 4.6735 0.2436 -0.1033 1.5798
8.8113 -0.2292 3.6386 -1.9775 -2.3776 1.8876
4.5975 -4.9027 0.6889 -0.5256 -2.3425 1.3188
8.9262 -0.9571 -11.4162 -1.2029 -3.6282 -0.5668
18.6179 -8.6568 -4.7507 -2.2107 4.029 3.1382
-0.8811 -3.984 0.3448 -2.8466 -1.3336 0.9172
4.7884 -3.0646 -0.3831 -2.6698 0.6063 0.9406
7.6231 -2.4134 -1.4174 -2.4323 -0.6912 1.257
8.9256 -4.0989 -2.1452 -1.0293 -0.867 0.3259
6.3973 1.1875 -5.8993 -1.4895 0.5658 0.033
5.6312 0.8045 -4.4053 0.8977 -3.0231 2.1348
0.7278 -2.9113 -6.4356 0.9329 -2.6172 2.8517
-0.6506 -13.0622 -16.6642 0.6058 2.0614 2.6834
-7.2395 -6.9713 -9.5391 0.3001 0.1631 4.407
-1.6466 -7.8141 -9.6157 0.0743 -2.2156 -0.2568
-3.2938 -1.7232 -2.299 -1.2285 0.8491 0.4165
-6.4739 -1.2641 -3.1029 -0.7374 -0.8979 1.4285
-13.0628 -2.5666 -1.1492 0.0413 -2.8388 -0.5039
-8.5808 -3.7158 -7.8913 -0.0225 1.6492 -0.6605
-3.7152 -5.937 -7.5854 0.3077 1.4426 -0.929
0.8434 -4.7112 -5.1721 -0.4731 -0.2331 -1.2943
0.5752 -5.937 -9.156 -0.6042 -0.167 -0.44
-1.2635 -5.3241 -9.8456 -0.1759 -0.2054 0.4708
-1.7621 -2.988 -8.8873 -0.0993 -0.5037 0.2269
-2.9491 -3.9067 -8.16 0.2639 0.0662 0.1864
-3.0263 -4.7118 -8.734 0.2639 -0.0499 -0.1556
-2.7198 -5.8227 -7.5848 0.0168 0.0268 -0.2408
-2.7581 -5.363 -7.0868 0.1809 0.0342 -0.1769
-1.9914 -5.4773 -7.777 0.1191 0.1642 -0.0139
-1.7998 -5.937 -7.8919 -0.1057 -0.0393 -0.0256
-2.4511 -5.0943 -7.7387 -0.1014 -0.0084 0.0404
-2.4511 -5.056 -7.7387 -0.0333 -0.003 0.0617
-2.3367 -4.9416 -7.853 -0.0673 0.0055 0.0245
-2.4511 -4.9027 -7.8919 0.0104 -0.0137 0.0138
-2.4128 -4.9793 -7.8536 0.0211 -0.0169 -0.0128
-2.4511 -5.056 -7.8536 0.0083 0.0055 0.0053
-2.4134 -5.0949 -7.7381 -0.0098 0.0119 0.001
-2.4134 -5.0949 -7.7764 -0.0205 0.0076 -0.0
-2.4517 -5.0182 -7.7381 -0.0023 0.0226 0.0032
-2.375 -4.9799 -7.7764 -0.0183 -0.035 0.0159
-2.4517 -4.9416 -7.853 -0.0247 -0.0094 0.0202
-2.4517 -4.9799 -7.853 -0.0023 0.0034 0.0213
-2.4517 -4.9799 -7.8147 -0.0066 -0.0019 0.0032
-2.4517 -5.0566 -7.8913 0.0243 -0.0009 -0.0096
-2.4128 -5.0176 -7.8536 0.0168 0.0097 -0.0043
-2.4511 -5.056 -7.8153 0.0147 0.0108 -0.0032
-2.4128 -4.9793 -7.8153 0.052 0.0087 0.0053
-2.3744 -5.2858 -7.7387 0.0168 0.0023 -0.0043
-2.4128 -5.056 -7.7387 -0.0216 -0.0148 0.0149
-2.4894 -5.0943 -7.8153 -0.0291 -0.001 0.0149
-2.4511 -5.0943 -7.8536 -0.0099 0.0022 0.0042
-2.4517 -4.9799 -7.853 -0.0163 -0.0063 0.0074
-2.49 -4.9799 -7.8913 0.0061 -0.0031 0.0053
-2.4517 -4.9416 -7.8913 0.0029 -0.018 0.0138
-2.5666 -5.1715 -7.853 -0.0141 0.0012 0.0191
-2.566 -5.056 -7.8536 -0.0088 -0.0063 0.0117
-2.49 -4.865 -7.8147 -0.0258 -0.0063 0.0159
-2.5666 -4.9799 -7.9296 -0.0152 -0.0158 0.0213
-2.6815 -5.0566 -8.0062 -0.0035 0.0001 0.0255
-2.6426 -5.0176 -7.7387 -0.0024 -0.0212 0.0032
-2.6043 -4.7878 -7.8919 -0.0109 0.0108 0.0106
-2.6043 -4.9027 -7.8536 0.0232 -0.0095 -0.0022
-2.5277 -4.9793 -7.8536 0.0146 0.0033 -0.0075
-2.6043 -4.9793 -7.8536 0.0061 -0.0041 0.0085
-2.6049 -5.0182 -7.8913 0.0104 0.0012 -0.0
-2.6815 -4.9416 -7.8913 0.0221 -0.0116 -0.0117
-2.6043 -4.941 -7.9302 0.0072 0.0023 -0.0054
-2.6049 -4.865 -7.853 0.0828 -0.0191 -0.032
-2.4517 -5.0566 -7.8913 0.036 0.0044 -0.0064
-2.5666 -4.9799 -7.7764 0.0083 0.0151 0.0074
-2.6049 -5.0566 -7.853 0.0136 0.0066 -0.0022
-2.566 -5.0176 -7.8536 0.0062 0.0066 -0.0064
-2.566 -5.0943 -7.777 0.0136 0.0076 -0.0075
-2.5277 -5.1709 -7.8153 -0.0077 -0.0105 0.001
-2.5283 -5.1715 -7.8147 -0.011 -0.0031 0.0042
-2.6043 -4.9793 -7.7387 -0.0142 0.0022 0.0085
-2.49 -5.0949 -7.8147 -0.0046 -0.0084 -0.0054
-2.6432 -5.0566 -7.7764 -0.0174 0.0054 0.001
-2.5277 -5.056 -7.8536 -0.0099 -0.001 0.0053
-2.6426 -5.0176 -7.8153 -0.0109 -0.003 0.001
-2.5277 -5.0943 -7.8153 0.0072 0.0065 -0.0011
-2.6043 -5.0176 -7.777 -0.0056 -0.0062 0.0032
-2.6426 -5.0176 -7.8536 -0.0013 -0.0041 0.001
-2.6426 -5.0176 -7.8536 -0.0013 0.0023 -0.0
-2.6043 -4.9793 -7.777 -0.0065 0.0013 0.0031
-2.6043 -5.056 -7.777 0.0062 0.0023 -0.0064
-2.6043 -4.9793 -7.8153 -0.0087 -0.0094 -0.0011
-2.6043 -5.056 -7.777 0.002 -0.003 -0.0
