10.5351 -1.3785 -2.5672 0.961 -1.0519 0.591
7.8147 0.3831 -4.4053 0.4774 -1.2767 0.5963
7.8913 0.4597 -4.5203 0.3027 -0.3638 0.7338
7.2401 -2.0303 -4.5203 -0.132 0.3383 0.2864
7.5082 -1.1875 -3.7158 0.3549 0.4064 -0.2186
8.275 -2.7192 -6.3596 0.6712 -0.6024 0.231
9.3476 -4.1366 -6.0531 -0.3163 0.2967 -0.2548
9.73 -3.2944 -0.6512 -1.9269 2.9684 -1.1912
9.5385 2.9497 4.1755 0.4007 1.7657 -0.3368
8.5814 0.92 -0.4214 -1.3613 -2.3366 -0.242
8.7346 2.5289 -1.6861 -1.3804 0.8741 0.0232
11.1474 2.375 -0.8045 -0.4175 -0.2136 -0.013
12.0668 5.0949 -1.4174 0.3549 -0.6024 0.003
9.4236 -2.4517 0.0383 2.1413 1.6464 1.5189
7.8153 2.8353 4.4813 1.9027 0.1593 2.2944
2.4134 -2.1069 1.3408 1.0132 -2.9492 1.0736
8.8496 -6.8181 -13.7912 1.6833 1.0083 0.7423
5.0566 -6.8953 -8.0445 0.3708 -0.548 0.0776
17.6602 -11.6448 -1.6478 -0.7775 3.1932 4.7519
6.1298 -7.7375 2.1063 -1.4998 3.6342 -0.8386
3.3716 -2.3361 3.2938 -0.1597 4.1626 -0.6351
6.0531 -4.06 1.4934 -0.7029 0.1145 -1.7078
2.9503 -0.8422 3.2938 0.7032 1.7316 -0.3816
3.7164 -1.7615 7.2778 0.3804 2.4656 1.3825
4.2138 -9.5385 10.9176 -0.4441 2.8789 0.9436
-2.6426 -7.2012 14.3263 -1.0321 2.4464 1.4805
17.009 -10.7254 6.5116 -2.7962 1.7614 -3.6359
1.0732 -0.0377 0.4974 -0.4718 1.722 2.1357
-0.6129 0.1915 0.1149 -0.7136 -1.5121 0.8861
-5.6689 8.5431 4.558 -7.5899 7.2561 1.8171
-8.0828 -4.5586 11.8369 0.4688 0.0048 0.5111
-3.7152 -2.2212 6.1286 -0.1341 -0.3531 -0.0961
-2.8724 -2.9108 9.4613 -0.1533 -0.3819 -0.1142
-3.4087 -3.6003 12.6791 0.227 -0.3382 -0.0684
-1.6855 -1.8387 6.8187 0.2079 -0.1795 0.0445
-1.9531 -2.4128 9.7294 0.3442 -0.1251 -0.0332
-2.3744 -2.6809 10.419 -0.0755 0.0006 0.0094
-2.2595 -2.3361 8.7334 -0.0595 0.0826 0.0307
-2.2978 -2.3361 9.3081 0.0395 -0.0751 0.0126
-2.3361 -2.5277 9.1931 -0.0127 0.0272 0.035
-2.3361 -2.4894 8.8867 0.0726 0.0176 0.0254
-2.2595 -2.3744 9.2314 0.0843 -0.0825 0.0115
-2.2595 -2.2595 9.3464 0.1131 -0.1326 0.0083
-2.1829 -2.2212 9.4996 0.0427 -0.0804 0.0168
-2.1063 -2.2212 9.3081 -0.0105 0.0357 0.0286
-2.1446 -2.2212 9.3464 -0.0073 0.0368 0.0275
-2.2212 -2.2212 9.2698 0.0321 -0.0484 0.0168
-2.1829 -2.2212 9.4613 0.0395 -0.0676 0.0158
-2.1446 -2.1446 9.3847 0.0033 -0.0271 0.02
-2.068 -2.1446 9.3847 0.0161 -0.0048 0.0222
-2.0686 -2.0686 9.347 0.0193 -0.0186 0.0211
-2.0297 -2.1829 9.3081 0.0193 -0.0399 0.0168
-1.9914 -2.1446 9.423 0.0097 -0.0207 0.02
-2.068 -2.1063 9.3847 0.0108 -0.0122 0.02
-1.992 -2.1452 9.3853 0.014 -0.0048 0.0211
-2.068 -2.1063 9.3847 0.0204 -0.0335 0.0179
-1.9537 -2.1069 9.4236 0.0097 -0.0271 0.019
-2.0297 -2.1063 9.4613 -0.0063 0.0102 0.0211
-2.068 -2.1063 9.4613 -0.0084 0.0176 0.0222
-2.1063 -2.1063 9.3464 0.0044 0.0144 0.0211
-2.1063 -2.068 9.3847 -0.0009 0.0038 0.02
-2.1063 -2.1446 9.347 -0.0127 0.0165 0.02
-2.1835 -2.1452 9.4619 -0.0095 0.0165 0.0211
-2.1452 -2.2218 9.2703 -0.0009 0.0155 0.0222
-2.2984 -2.1835 9.3853 0.0012 0.007 0.0211
-2.2601 -2.1069 9.347 -0.0052 0.0038 0.0211
-2.2978 -2.1829 9.3847 -0.002 0.0006 0.02
-2.1829 -2.1829 9.3081 0.0119 -0.0197 0.02
-2.2212 -2.1446 9.3081 0.0193 -0.0303 0.019
-2.2601 -2.2218 9.3853 0.0087 -0.0218 0.0211
-2.2212 -2.1446 9.3464 0.0087 -0.0271 0.02
-2.1829 -2.1063 9.3464 0.0087 -0.0335 0.019
-2.1452 -2.1835 9.3853 0.0119 -0.0335 0.02
-2.1452 -2.1452 9.3853 0.0108 -0.0261 0.019
-2.1446 -2.1063 9.3847 0.0023 -0.025 0.019
-2.1446 -2.1446 9.4613 0.014 -0.0388 0.02
-2.068 -2.1446 9.3081 0.0182 -0.0207 0.02
-2.1063 -2.1063 9.4613 0.001 0.0036 -0.0007
-2.0297 -2.1063 9.3464 0.001 0.0015 -0.0007
-2.1063 -2.068 9.3847 0.001 0.0068 0.0003
-2.0686 -2.1069 9.3853 -0.0033 0.0015 -0.0007
-2.1069 -2.0686 9.4236 0.002 0.0015 -0.0007
-2.0686 -2.1835 9.4236 -0.0054 0.01 0.0003
-2.0686 -2.1452 9.347 -0.0033 0.0068 0.0003
-1.9914 -2.1063 9.4996 -0.0022 0.0111 0.0003
-2.0297 -2.068 9.4613 -0.0044 0.0111 0.0003
-1.9914 -2.1063 9.423 -0.0044 0.01 -0.0007
-2.0303 -2.0686 9.347 -0.0044 0.0185 0.0003
-1.9914 -2.068 9.4996 -0.0086 0.0335 0.0003
-1.9914 -2.1063 9.3847 -0.0171 0.0398 0.0014
-2.0297 -2.068 9.3847 -0.0182 0.042 0.0003
-2.1063 -2.068 9.3847 -0.0182 0.043 0.0014
-2.1063 -2.1446 9.4996 -0.015 0.0462 0.0014
-2.1835 -2.1069 9.3853 -0.0193 0.0409 0.0003
-2.1069 -2.0686 9.4619 -0.0182 0.0356 0.0014
-2.1829 -2.1446 9.423 -0.0161 0.026 0.0003
-2.2978 -2.1063 9.2698 -0.0065 0.0313 0.0014
