-0.4974 -9.4613 1.3785 -0.0341 -0.0149 0.0029
-1.2252 -9.6528 1.4168 0.0426 0.147 -0.0632
-0.7661 -9.5002 1.4174 0.0713 0.4719 -0.0227
-0.8805 -9.3847 1.4168 0.0788 0.2045 0.0167
-1.1869 -9.0782 1.7232 -0.1662 0.1523 -0.0152
-1.1103 -8.9633 2.0297 0.0234 0.2301 0.0359
-1.7238 -9.0788 2.1452 0.3696 -0.0 0.1371
-1.1486 -8.9633 1.7232 0.1896 0.1598 -0.125
-2.068 -10.0742 2.1446 -0.2024 0.3547 -0.3029
-2.4128 -10.8403 1.7615 -0.2578 0.2237 -0.0067
-0.8811 -11.4539 2.375 -0.2206 -0.7201 0.0477
0.4214 -8.6957 0.4597 0.6136 -0.3782 0.4078
1.494 -6.1675 2.2984 -0.0597 -0.1502 -0.7906
0.0772 -8.1971 2.068 -1.2091 -2.2563 -0.7874
-1.4551 -9.921 3.1023 -0.0224 -1.1335 -0.6223
-0.5357 -7.7375 3.7918 0.3174 0.506 0.2323
0.6518 -12.9856 3.4854 0.1608 2.2892 2.5024
2.5283 -10.9942 -3.6392 2.253 3.7146 -0.8777
-1.9148 -6.8181 3.4854 -1.8738 -0.6307 -0.1714
0.7284 -7.2395 2.2978 1.4189 1.1984 -0.8734
-3.8301 -6.9713 1.9531 -0.5604 0.3973 -0.2746
0.1921 -12.8706 2.8724 0.5933 0.7265 -0.7465
-0.8422 -3.5237 5.1709 -1.0376 2.236 -0.9532
0.3454 -3.4854 5.7455 2.0048 0.9086 -0.7358
-3.064 -6.3967 3.6386 0.9651 0.9172 -1.4485
1.8777 -4.7878 3.0257 0.9587 0.0543 -2.0648
5.5935 -2.566 11.5682 2.9721 0.3686 -3.2004
3.0269 1.801 14.8626 3.706 -1.1345 -1.5652
11.1863 12.8718 19.4212 2.9582 -0.6264 -0.9857
0.422 2.5289 8.8867 -1.8003 -0.6008 -0.7567
0.2687 0.7284 4.443 2.2146 -1.9292 0.1856
1.418 6.5894 -0.7667 0.3398 0.8266 -0.526
4.5969 8.1977 9.5768 -0.0576 0.0543 0.6202
5.2864 6.2824 9.6917 -0.6658 -0.0735 0.7758
2.7587 3.9846 7.2395 -0.7436 -0.2802 0.7332
4.6358 4.8656 9.4996 -0.1364 0.1332 0.1255
5.4019 2.6438 8.0822 -0.3644 -0.2344 0.2885
4.6358 2.9503 7.7375 -0.3942 0.0916 -0.0406
5.0572 3.4099 8.5036 0.0149 0.0415 -0.0119
4.4442 2.6055 7.1629 -0.0789 -0.229 0.1074
5.1721 2.8736 8.5036 -0.1204 -0.1076 0.1038
5.5551 2.6055 8.2355 -0.0799 0.1012 0.0047
4.9039 2.1458 7.2395 0.0287 0.0277 -0.0315
4.7124 2.7587 7.8524 0.1289 0.147 -0.1093
5.287 2.9886 8.5419 0.0788 0.1651 -0.0826
4.8273 2.8736 8.2355 0.0191 0.0575 -0.0117
4.6352 2.873 8.1977 0.0436 0.0629 -0.0266
4.7884 2.9497 8.3893 0.0298 0.0767 -0.0383
4.6741 2.9886 8.3504 0.0032 0.0 -0.0021
4.6741 2.9886 8.3121 -0.0075 -0.0202 0.0107
4.7501 3.0263 8.351 -0.0171 -0.0138 0.0184
4.7118 2.988 8.3127 -0.0203 -0.0042 0.0099
4.7118 2.9113 8.2744 0.0053 -0.0042 -0.0029
4.7884 2.9497 8.4276 0.0021 -0.0074 0.0025
4.5969 2.988 8.2738 -0.0032 0.0043 0.0046
4.789 2.9119 8.2355 0.0032 0.0118 0.0031
4.7124 2.9886 8.3504 0.0117 0.0096 -0.0012
4.7124 2.9503 8.2355 0.0096 0.0086 -0.0022
4.7124 2.9886 8.3121 0.0042 0.0043 0.002
4.6358 3.0269 8.4653 0.001 -0.0031 0.0052
4.7124 3.0652 8.2738 0.001 -0.0032 0.0025
4.7124 2.9119 8.4653 -0.0 0.0 0.0035
4.7124 2.9119 8.2738 0.0032 -0.0021 0.0014
4.789 2.9503 8.1971 0.0042 -0.0021 0.0014
4.6741 2.9886 8.4653 0.001 -0.001 0.0014
4.6741 2.9886 8.3504 -0.0011 -0.0011 0.002
4.7118 3.0646 8.2744 0.0021 -0.0032 0.0009
4.7124 2.9886 8.3504 -0.0011 -0.0011 0.002
4.7124 2.9886 8.3887 0.001 -0.0011 0.002
4.7124 2.9886 8.3504 0.0021 -0.0011 0.0009
4.6352 2.988 8.351 0.001 -0.0001 -0.0051
4.7501 2.988 8.3893 -0.0022 -0.0011 -0.0019
4.7501 3.0263 8.3127 0.0042 -0.015 -0.0019
4.7884 3.0263 8.3127 -0.0064 -0.0011 -0.003
4.7501 2.988 8.3127 -0.0064 0.0021 0.0002
4.7501 2.988 8.351 -0.0011 0.0032 0.0049
4.6735 2.988 8.351 0.0021 0.0043 -0.0015
4.6735 2.988 8.3127 -0.0022 0.0021 0.0017
4.6735 2.9497 8.3127 -0.0 -0.0011 0.0027
4.7118 3.0646 8.3893 0.001 0.0011 -0.0005
4.6735 2.988 8.351 0.0032 -0.0 -0.0018
4.6735 3.0263 8.3127 0.001 -0.0011 0.0014
4.7124 3.0269 8.3504 0.0021 -0.0 0.0003
4.6741 2.9503 8.3504 0.0021 -0.0 -0.0008
4.789 3.0652 8.3887 -0.0011 -0.0032 0.0014
4.7501 3.0263 8.3127 -0.0013 -0.0029 0.0012
4.7501 2.9497 8.2361 -0.0003 -0.0008 0.0002
4.6358 3.0269 8.3121 -0.0003 -0.0008 0.0002
4.7884 2.988 8.3893 -0.0024 0.0003 0.0023
4.7501 2.988 8.351 0.0019 0.0003 0.0002
4.6735 2.873 8.351 0.0008 0.0024 -0.0009
4.7118 3.0263 8.351 0.0009 0.0033 -0.0002
4.7118 3.0263 8.3127 0.0009 0.0044 -0.0024
4.6735 3.0263 8.2744 -0.0013 -0.0009 -0.0002
4.6735 2.988 8.2744 -0.0034 0.0012 0.0019
4.7118 2.988 8.2744 -0.0002 -0.002 0.0008
4.7124 3.0652 8.3121 0.0009 -0.0009 0.0008
