8.4659 0.6895 4.367 -0.0287 0.0341 -0.0045
8.3127 0.7661 4.4819 -0.0021 0.0107 -0.0386
8.16 1.1115 4.941 0.0617 -0.0043 -0.0023
8.3899 1.7244 4.5197 -0.0469 0.2343 -0.1898
8.3899 1.4946 3.6769 -0.2056 0.0213 -0.2196
7.8536 1.3414 4.3281 -0.2184 0.1012 -0.0279
8.5814 2.1458 3.9834 -0.4283 0.0927 -0.1429
9.5391 2.2224 4.3281 -0.4593 -0.0427 -0.1483
11.6077 2.3373 4.8261 0.2779 -0.227 0.2246
6.1298 -1.8765 3.945 0.4292 -1.0771 1.1205
9.232 -1.4557 4.9416 0.3482 -1.5021 1.6638
9.0022 0.2682 3.371 -1.1496 -1.664 1.4155
5.5162 -3.4093 0.8428 0.5912 -2.3521 0.7636
8.8873 -5.363 -2.9113 0.8628 -4.9865 -0.8801
6.0908 -6.2824 -4.3287 -1.9474 3.102 -1.4532
7.2784 -3.4093 1.1875 -0.7638 5.6107 -1.988
8.4665 2.797 4.6346 0.784 0.8671 -0.5989
8.4665 0.7284 0.076 -0.4314 -0.5539 -0.5009
8.5048 1.4946 1.6083 -0.7382 0.7372 -0.2282
10.228 1.3024 1.8387 -0.6583 -0.8447 -0.0332
10.3819 2.5672 -0.422 2.3947 -1.7683 0.6475
11.148 2.4523 1.3018 1.6224 3.0563 1.8661
5.8616 -3.945 7.3161 1.3454 -2.8581 3.2797
3.4482 -4.0217 0.8039 2.0442 -2.7335 0.5686
3.2567 -3.6003 -0.0772 1.7609 -1.7886 -0.845
2.7587 -3.3321 1.6083 3.1809 4.6147 -1.0793
11.6071 -9.347 11.6454 2.4 -0.7404 -1.0229
5.3636 1.2647 -7.3939 1.4744 -0.8628 -0.6511
8.2367 4.4825 2.4894 1.7119 4.1301 -2.6634
-0.4208 7.8919 9.6145 5.7631 3.3418 1.1354
-0.3448 19.0387 13.5608 -2.9039 -9.1708 -4.5361
-2.7581 11.4922 3.0263 -0.8181 -0.1384 -4.2549
-0.4591 9.3476 0.4591 4.3901 2.6473 0.8935
-2.9874 4.4825 -3.3333 -3.6026 -6.3404 0.0562
-3.7541 2.2218 -2.7198 -2.5267 0.1258 -0.5776
-3.9456 1.8771 9.2703 2.3437 -4.0213 -1.2828
-5.1332 7.6614 1.7238 1.1453 2.1466 0.8041
-3.945 8.8496 -0.3071 0.5295 2.6941 2.5745
1.8004 8.3127 -1.6089 0.9386 0.4507 1.5157
-0.996 12.0668 -3.5243 -2.4649 1.337 1.342
3.0263 9.1171 0.4597 -5.4381 0.8086 2.1921
2.7964 1.1109 7.853 -3.9318 0.5189 2.4041
4.0995 3.793 7.0862 0.3676 -0.1992 0.1766
3.793 3.1035 8.427 0.0586 0.244 0.0019
3.9079 3.8696 8.4653 0.3569 0.2227 -0.1025
3.2184 3.4866 8.3504 0.2216 -0.2332 -0.0055
3.8696 4.1761 8.5419 -0.1129 0.0341 0.0499
3.793 3.2567 8.1588 -0.1831 -0.0372 0.0701
3.9462 3.3333 8.3504 -0.1064 0.0736 -0.0119
3.9846 3.6015 8.3121 0.047 0.0619 -0.0194
3.6781 3.4866 8.1971 0.1279 -0.0479 -0.0226
3.6398 3.6398 8.3504 0.0842 -0.0553 -0.0258
3.793 3.6015 8.2738 -0.0276 -0.0223 -0.0013
3.8307 3.7541 8.2361 -0.0724 0.032 -0.0077
3.9079 3.7164 8.3121 -0.0596 0.0469 0.0062
3.6781 3.5249 8.3887 -0.0297 0.0501 0.0072
3.6781 3.5249 8.3121 -0.0084 0.0576 -0.0098
3.6398 3.6398 8.4653 -0.0052 0.0235 0.0051
3.6781 3.5249 8.427 -0.018 0.0331 -0.0055
3.6015 3.4482 8.4653 0.0118 -0.0042 0.0062
3.7547 3.7164 8.427 0.0012 -0.0276 0.003
3.5632 3.4866 8.3887 -0.0063 -0.0265 0.004
3.6781 3.4866 8.4653 0.0118 -0.0234 -0.0162
3.6781 3.5632 8.4653 -0.0169 0.0107 0.0072
3.6781 3.5632 8.4653 0.0086 0.0033 -0.0034
3.6009 3.486 8.351 0.014 0.0033 -0.0077
3.6398 3.4482 8.5036 -0.0201 0.0075 0.0019
3.6015 3.4866 8.427 -0.0095 0.0182 -0.0023
3.5632 3.4482 8.427 0.0352 -0.034 -0.0023
3.6398 3.4099 8.5036 0.0171 -0.0031 -0.0034
3.6392 3.6009 8.3127 0.0395 -0.0425 -0.0034
3.7541 3.5626 8.3893 0.0054 -0.0117 0.003
3.7158 3.486 8.351 -0.0138 0.0086 -0.0034
3.6398 3.4866 8.3121 -0.0106 0.016 -0.0034
3.7158 3.5626 8.4276 0.0086 0.0011 -0.0055
3.6775 3.5626 8.3893 -0.0106 0.0075 0.0019
3.6775 3.5626 8.3893 0.0043 -0.0063 0.0019
3.6781 3.6015 8.427 -0.0073 0.0012 0.0008
3.6781 3.5632 8.3887 -0.002 -0.001 -0.0024
3.6398 3.5632 8.3504 0.0204 -0.0255 -0.0024
3.6781 3.5249 8.427 0.0044 -0.0329 0.003
3.793 3.6398 8.3504 -0.0031 -0.0095 0.004
3.8313 3.5249 8.3504 0.0055 -0.0127 -0.0002
3.7924 3.5243 8.3127 0.0183 -0.0095 -0.0045
3.7164 3.5249 8.3887 0.0119 -0.0095 -0.0045
3.7547 3.5632 8.3504 0.0044 -0.0127 -0.0066
3.7547 3.6015 8.3121 -0.002 -0.0105 -0.0034
3.8307 3.6392 8.351 -0.0084 0.0022 -0.0024
3.8313 3.6015 8.3121 -0.0041 -0.002 -0.0013
3.8313 3.6398 8.2738 0.0054 0.0075 -0.0045
3.8313 3.6781 8.3121 0.0129 0.0001 -0.0002
3.7924 3.6009 8.4659 -0.0297 0.0331 0.0083
3.7541 3.5626 8.3127 -0.0073 0.0118 0.003
3.7547 3.6015 8.3887 -0.0031 0.0161 -0.0024
3.7164 3.6015 8.3504 -0.002 0.0225 -0.0024
3.7158 3.5243 8.4276 0.0022 0.0086 -0.0034
3.7541 3.6392 8.351 -0.0105 0.0033 -0.0002
3.7541 3.486 8.4276 0.0086 -0.0148 0.0008
