-3.1406 -9.8827 1.2252 -0.0283 1.1876 0.2715
-1.9148 -9.0782 2.0297 0.5309 -2.0444 0.2393
-2.1063 -8.4653 2.5277 0.1186 0.313 0.0379
-2.375 -9.6917 1.1875 -0.3767 0.575 -0.1719
-2.7192 -11.0702 2.068 -1.1831 0.477 -0.1954
1.0732 -5.7455 0.2292 1.6271 -1.0804 0.186
2.6049 -12.5265 2.7581 1.6399 -1.2049 -0.1448
-0.5357 -11.415 3.4854 0.4255 -2.6441 -0.6316
-1.9148 -8.7334 2.4894 -0.562 -0.6584 -0.0276
-2.1063 -8.2738 2.6809 -0.4789 -0.3005 0.0544
-1.57 -6.8564 4.0217 0.0825 0.8755 -0.1597
0.9966 -15.6671 2.7192 0.7003 0.8243 0.7609
4.9799 -10.4579 1.5323 1.2851 -0.0854 0.1047
-2.6043 -6.9713 1.3402 0.9932 4.4569 0.1985
-0.9571 -7.8907 2.6426 -0.4204 -0.5083 -0.6836
0.4986 -7.6992 2.6043 -0.5109 3.365 -1.0394
-2.988 -7.2018 2.7581 -0.8689 0.5835 -0.2818
-4.6346 -9.423 4.0217 -1.5655 1.9705 -0.432
-0.7278 -18.6939 1.5323 3.0151 -2.9031 1.2032
3.295 -7.8907 1.4168 -2.503 -0.3294 -1.8243
-3.9456 -11.7986 2.7198 0.2465 0.5665 1.3055
-2.7964 -5.3247 2.3367 0.5384 0.5453 0.635
1.6861 -7.6225 3.3704 -0.3628 0.0191 0.9279
2.6438 -8.6185 0.9188 -0.1285 -0.0406 -0.5166
-0.7655 -6.2435 2.7192 -0.7527 -1.271 0.1108
-5.0176 -6.0519 7.0479 3.1408 -2.3139 1.9016
-2.3361 -7.1629 -4.1761 1.2958 -0.6671 0.7756
-4.443 -6.8181 5.3624 3.78 -1.6535 1.7109
-4.9799 -2.8347 9.73 2.3003 0.4813 1.8952
-4.1755 -3.2944 5.7844 1.1828 1.3388 1.958
-9.5768 -3.5626 9.0788 -1.6593 -5.2616 6.8806
-11.7986 15.3229 12.4115 1.4673 1.0385 1.4814
-8.849 3.984 4.7884 -2.4572 0.4387 1.0159
-6.5505 4.9416 6.5122 1.3022 -2.0125 2.1856
-0.2676 6.7427 7.6608 1.8327 -0.9216 2.5563
-1.4934 3.4866 0.0377 2.8702 -4.1345 -0.2475
-5.861 11.0325 -1.992 -2.9397 -1.8154 1.3932
2.7581 9.6917 15.3612 -0.5311 0.9043 -0.9525
-3.4093 7.355 9.4619 -2.9365 -0.7682 -0.586
-2.5277 1.6861 6.1669 -2.2846 -0.1621 -0.4081
-0.6123 1.8393 8.5036 1.9797 2.5139 -0.0129
-5.937 5.0188 10.917 -0.4279 -0.2559 -0.2315
-4.7884 3.7924 12.1817 -0.3341 0.0029 -0.0387
-1.4934 1.6095 5.8604 -0.1498 -0.7566 0.0635
-2.8347 2.8347 8.8107 0.2102 -0.3753 0.0667
-3.3704 3.5632 11.7214 -0.2393 0.2714 -0.1144
-2.9491 2.414 8.5036 -0.137 -0.2271 -0.1069
-2.7581 2.2601 8.5042 0.0483 0.2768 -0.0334
-3.6392 2.5666 9.7683 0.0579 0.1351 -0.0196
-3.4093 2.5283 9.232 0.0068 -0.1046 -0.0196
-3.2172 2.4906 9.1548 -0.0369 -0.0183 -0.0121
-3.4087 2.5672 9.5762 -0.0773 -0.014 -0.0231
-3.2944 2.375 9.3853 0.0121 0.002 -0.0178
-3.2944 2.4134 9.3853 0.0292 0.0201 -0.0167
-3.3704 2.5672 9.2698 -0.0092 -0.031 -0.0188
-3.2938 2.3756 9.3081 -0.0134 -0.0076 -0.0156
-3.2938 2.4906 9.3464 -0.0049 -0.0034 -0.0188
-3.2555 2.4523 9.423 -0.0017 -0.0194 -0.0188
-3.2555 2.4523 9.423 -0.0113 -0.0183 -0.0198
-3.371 2.4134 9.3087 -0.0081 -0.0044 -0.0177
-3.2938 2.4523 9.3847 -0.0017 -0.0012 -0.0177
-3.3321 2.5289 9.3847 -0.0006 -0.0065 -0.0121
-3.2555 2.3756 9.3847 -0.0113 -0.0172 -0.0121
-3.2561 2.414 9.347 -0.0081 -0.0086 -0.0131
-3.2944 2.4134 9.347 -0.0028 -0.0108 -0.011
-3.2938 2.414 9.4996 -0.0006 0.0127 -0.0089
-3.2555 2.414 9.3847 -0.0134 -0.0204 -0.0172
-3.2555 2.4523 9.2698 -0.0028 0.002 -0.0161
-3.3327 2.4134 9.4236 0.0047 -0.0012 -0.0129
-3.2944 2.4134 9.347 -0.0017 -0.0129 -0.014
-3.3327 2.49 9.347 -0.0038 -0.0033 -0.014
-3.2561 2.3367 9.347 -0.0017 -0.0033 -0.0167
-3.2561 2.4517 9.3853 0.0004 -0.0065 -0.0135
-3.4093 2.4517 9.4236 0.0004 0.002 -0.0146
-3.3321 2.414 9.423 -0.0038 -0.0044 -0.0167
-3.2938 2.414 9.3847 -0.0006 -0.0044 -0.0146
-3.2938 2.4523 9.423 -0.0006 -0.0001 -0.0124
-3.3327 2.4517 9.347 -0.0017 -0.0054 -0.0092
-3.2938 2.4523 9.3081 -0.0049 -0.0065 -0.0113
-3.2938 2.4523 9.3081 -0.0017 -0.0012 -0.0134
-3.3321 2.3756 9.3464 -0.0017 -0.0172 -0.0134
-3.2555 2.414 9.3464 -0.0028 -0.0044 -0.0092
-3.3321 2.4906 9.3847 0.0023 0.0099 0.0003
-3.3321 2.3756 9.3464 0.0034 0.0003 0.0003
-3.3704 2.3756 9.3464 -0.0052 0.0003 0.0003
-3.3704 2.4523 9.3847 -0.002 0.0078 0.0003
-3.3321 2.3756 9.4613 0.0002 -0.0029 0.0003
-3.2938 2.4523 9.3464 0.0012 0.0025 0.0014
-3.4087 2.414 9.3464 -0.002 -0.005 -0.0008
-3.2555 2.414 9.3464 -0.003 -0.0082 -0.0008
-3.2938 2.4523 9.3847 -0.0009 -0.0018 0.0003
-3.2555 2.414 9.3847 0.0002 0.0024 -0.0018
-3.3321 2.4523 9.3847 -0.0041 -0.0093 -0.0039
-3.2938 2.4523 9.423 -0.002 0.0003 -0.0028
-3.371 2.375 9.3087 0.0012 0.0046 -0.0007
-3.3327 2.49 9.4236 0.0003 -0.0024 0.0005
-3.3321 2.414 9.3847 0.0003 0.003 0.0005
