-3.562 -8.7334 1.4551 0.0884 -0.018 0.0251
-3.562 -8.8101 1.4551 0.1076 -0.0777 -0.0037
-3.5243 -8.7724 1.7238 0.0874 0.2579 0.0219
-3.0263 -9.1171 1.6472 -0.1257 0.0299 0.1253
-2.7958 -8.7334 1.072 0.2546 0.2195 -0.1773
-2.2218 -9.1554 1.4174 -0.2972 0.196 -0.0729
-2.8347 -8.8107 1.5323 0.473 0.097 -0.1836
-3.1029 -9.0405 1.8771 0.5017 0.1843 -0.0015
-3.2172 -8.925 1.6849 0.6605 -0.0063 0.2606
-1.1869 -11.0702 -0.8051 0.7627 0.3931 0.3926
0.4603 -10.3424 -1.303 -2.1838 0.8065 -1.1286
-7.6225 -11.798 5.4007 -0.3739 -0.9267 -0.8654
-2.3744 -7.8907 -1.9543 -0.9598 4.0012 -0.9411
-3.9067 -6.1286 -0.6135 -1.0812 -1.7821 -0.3626
-0.5746 -9.7683 -6.2058 0.5634 0.1128 -0.158
-4.4819 -3.8307 2.5666 0.2332 -2.1871 0.5377
-3.3327 -5.7844 2.7198 0.1789 -0.3282 1.1406
-1.7232 -12.9472 -0.3454 0.6167 2.7632 0.903
-0.5363 -8.6574 0.7278 1.242 -1.0132 0.3108
-3.6392 -10.4579 -2.49 0.5764 1.8239 0.366
3.7158 -10.6494 1.1109 -3.2043 -2.6652 -1.9148
-3.5626 -14.3652 4.5203 -2.5321 -0.5719 -0.4894
-3.4093 -3.5626 -2.6432 0.4922 -1.7565 -1.1137
-10.1125 4.7507 -1.7244 2.3969 -1.7267 0.0943
6.2058 -18.1959 2.1069 2.545 -2.3317 1.4813
-7.0102 1.6089 11.1091 6.087 -0.2353 1.2341
-4.7118 0.7661 10.5728 2.4278 -4.2098 1.6603
3.8696 8.275 17.4675 4.3506 -1.7799 -1.0178
6.6277 2.3373 2.1446 -2.4319 -2.4287 -1.9904
5.5935 0.3837 7.6225 0.8267 -1.8971 -3.1398
2.3756 6.9342 2.1829 0.7425 -2.6588 -1.7187
-1.7232 4.1761 1.6466 0.1481 -0.7126 -2.0767
-0.4974 5.0572 7.3927 -2.4927 2.4129 -1.9733
-4.4053 6.7038 13.4458 -2.7452 1.0558 1.0989
0.2304 2.7587 6.7032 0.1844 0.2729 0.3574
0.1532 3.0263 8.5808 0.9013 -5.145 0.0953
10.9565 0.5369 4.7112 -1.192 -0.6997 0.8006
3.2178 0.1149 8.6957 -0.8969 -0.0542 0.5854
7.8147 -0.6895 7.9679 0.1844 0.5871 -0.0186
4.1761 0.6135 7.0862 0.2983 0.8811 -0.0836
4.3293 1.3414 9.423 0.1077 0.3996 -0.0229
4.0223 1.3024 9.1937 -0.18 0.1237 0.0528
3.7924 0.4597 8.1594 -0.0702 -0.1511 -0.0453
4.5969 1.0343 8.9639 0.4187 -0.2438 -0.2285
4.5203 1.4174 8.6957 0.244 -0.0946 -0.1507
4.5975 1.7244 8.0439 0.1141 -0.0637 -0.0804
4.7124 1.8393 8.1971 0.0278 -0.0531 -0.0485
4.7124 1.801 8.2738 0.0278 -0.0169 -0.0495
4.8273 1.8393 8.3887 -0.0564 0.0897 0.0133
4.5975 1.6861 8.2738 -0.0383 0.0737 0.0112
4.5975 1.5329 8.3121 -0.0915 0.0375 0.024
4.6358 1.5712 8.427 -0.0862 0.0321 0.0165
4.7507 1.5329 8.427 -0.0106 0.0257 -0.0133
4.6358 1.4563 8.427 0.0161 0.0247 -0.0218
4.5209 1.6095 8.3504 0.0299 0.0034 -0.0325
4.6358 1.6095 8.427 -0.0031 -0.0072 -0.0219
4.6735 1.5706 8.3893 -0.0073 0.0077 -0.0197
4.5975 1.5329 8.3504 -0.0052 0.0343 -0.0187
4.6358 1.5712 8.3887 -0.0041 0.0322 -0.0165
4.5975 1.5329 8.427 -0.0031 0.0269 -0.0166
4.5586 1.494 8.4659 -0.0041 0.0215 -0.0197
4.6352 1.5706 8.3893 0.0023 0.0152 -0.0197
4.6741 1.5329 8.427 -0.002 0.0205 -0.0197
4.5975 1.5329 8.3121 -0.0127 0.0301 -0.0155
4.5969 1.5706 8.4659 -0.0009 0.0152 -0.0198
4.6352 1.494 8.351 -0.0031 0.0088 -0.0198
4.5969 1.5323 8.4659 -0.0031 0.0205 -0.0219
4.6735 1.5706 8.4276 -0.0052 0.012 -0.0176
4.6741 1.6095 8.427 -0.0041 0.0184 -0.0198
4.5975 1.5712 8.427 0.0001 0.0216 -0.0208
4.6741 1.6095 8.427 0.0033 0.013 -0.0198
4.6358 1.5329 8.5036 -0.0041 0.0066 -0.0187
4.6741 1.5712 8.427 -0.0052 0.0205 -0.0198
4.6358 1.4563 8.3504 0.0022 -0.0056 -0.0001
4.6741 1.5329 8.427 -0.0042 -0.0003 -0.0001
4.6358 1.6095 8.3887 -0.0042 0.0018 -0.0001
4.6741 1.6095 8.427 -0.0032 0.004 0.002
4.6741 1.4946 8.427 -0.0053 0.0125 0.0031
4.5592 1.5712 8.427 -0.0053 0.0104 0.0031
4.5969 1.5706 8.351 -0.001 0.0018 0.001
4.6358 1.4946 8.427 -0.0041 0.0117 0.0019
4.5586 1.5706 8.3893 -0.003 0.018 0.0008
4.5969 1.5706 8.4276 -0.0041 0.0021 0.0008
4.5586 1.5323 8.4276 0.0002 -0.0033 -0.0003
4.5586 1.4557 8.4276 -0.002 0.0021 -0.0003
4.6352 1.4174 8.4659 -0.003 -0.0012 -0.0002
4.6352 1.5323 8.4276 0.0026 -0.0032 -0.0026
4.5209 1.5329 8.3887 0.0004 0.0 -0.0005
4.6358 1.6095 8.427 0.0004 -0.0021 -0.0005
4.6741 1.4946 8.427 -0.0006 -0.0021 0.0006
4.5969 1.6089 8.5042 0.0036 -0.0021 -0.0015
4.6741 1.5329 8.3887 -0.0006 -0.0128 -0.0005
4.6352 1.494 8.4276 -0.0007 -0.0004 -0.0018
4.6358 1.5712 8.427 0.0047 -0.0004 -0.0028
4.6358 1.5329 8.3887 0.0015 0.0017 0.0014
4.5975 1.5329 8.4653 -0.0028 0.006 0.0004
4.6352 1.5323 8.4659 0.0004 0.0049 -0.0018
4.6358 1.5712 8.427 0.0025 0.0103 -0.0018
4.6352 1.5323 8.351 0.0015 0.0039 0.0014
