6.4362 -7.5842 -0.5369 -0.0424 0.1945 0.2968
8.275 -6.5499 1.6083 -0.019 -0.9996 0.5482
5.4402 -8.3121 -0.8434 -0.7465 -0.2848 0.1562
6.4739 -6.8953 0.9194 -0.1308 -0.4105 0.4129
5.6701 -6.2818 -0.8051 -0.395 -0.0153 0.3149
5.2104 -6.3584 -0.9583 0.8471 -0.5235 0.1344
4.9422 -8.0439 -1.1881 1.0346 -0.1496 -0.3098
8.849 -6.2824 3.6392 2.0008 -1.3416 -0.1202
5.0188 -7.5459 6.2435 1.2391 -0.6161 -0.7828
5.8616 -8.4653 0.574 0.2367 -0.5821 -0.2246
7.3939 -5.5539 2.4511 -0.0083 0.0805 -0.3106
7.5471 -5.4007 2.0297 0.4732 -0.1485 -0.3106
4.9422 -6.8947 3.3704 0.7214 -0.5235 -0.8837
5.8233 -7.8141 1.57 -0.4941 0.432 -0.4565
3.6398 -13.0239 3.945 -1.8661 -0.417 1.1903
13.2932 -7.1245 3.8684 -0.5527 -0.189 2.5555
5.0955 -8.8101 -0.9966 -3.4555 2.2121 0.2503
4.7507 -3.6386 4.7112 -1.3687 1.4792 0.4655
6.4745 -3.6769 -2.797 -0.3801 0.888 -0.8288
6.9342 -14.9009 -10.2286 1.6588 -0.5033 -0.2738
12.0668 -12.0668 0.1915 -0.7157 1.1362 0.0781
7.2407 -5.6689 2.7192 -2.0941 0.9423 -0.2074
5.1338 -6.4733 0.6889 1.5256 1.7253 0.3252
5.8616 -7.5459 -0.5752 -0.1873 -1.0668 -0.1222
5.0949 -6.6655 1.0343 -0.6464 0.6557 -0.3746
6.2058 -7.3933 0.498 -1.2164 -1.0445 -0.1939
11.5688 -3.3327 -1.992 -0.1053 -2.6914 1.2634
3.6398 -4.941 -0.92 0.0716 -2.4986 0.9438
0.0766 -6.359 -3.6392 -0.9032 -1.5697 1.0471
1.4174 -9.6917 -10.9176 -1.9801 -0.7963 2.0325
5.1715 -5.5545 -4.865 -2.2134 -1.9105 1.2177
0.2687 -3.6003 -5.6318 -2.6427 -1.1798 0.65
-3.1023 2.3756 -9.9222 -1.6893 -0.7771 -0.1575
-5.3241 8.4665 -11.148 -0.6912 -0.4714 7.0959
-3.1789 0.6135 -4.5592 -2.7109 2.9108 2.071
0.422 2.5289 -2.5289 -2.4137 -1.3076 -0.1472
5.7467 18.4264 0.4208 -0.0041 0.9476 -4.9665
-1.992 1.8771 1.3024 0.2867 -2.4123 -6.4749
-0.8422 4.2527 -0.0772 -2.5469 -5.1862 4.8798
-1.4934 1.3414 0.6123 -7.1115 -6.521 -1.628
-2.2218 -0.5746 9.232 5.2626 -6.5594 -1.628
-4.5197 3.3716 12.9856 -5.8183 -2.1577 -1.3394
-0.6506 4.3676 9.0782 -1.2441 -0.2509 0.3011
-1.1103 4.6741 8.8101 -0.7711 -0.1539 0.0732
-0.8039 3.0652 10.419 -1.7607 -0.2019 0.2533
0.0006 1.4563 9.2698 -0.4867 -0.0623 0.9755
-0.574 2.9119 10.5339 1.4798 0.2615 1.3963
-0.0377 2.8353 8.8867 0.1248 0.0144 0.0136
0.0006 2.9886 9.9976 0.0098 0.0517 -0.028
-0.1526 2.9503 9.6528 0.2249 0.1305 0.0008
-0.2676 3.1418 9.7677 0.0918 0.0666 -0.0099
-0.2682 3.1412 9.73 -0.1106 -0.0922 -0.028
-0.1526 2.9886 9.7294 -0.1042 -0.04 -0.029
-0.0377 3.0269 9.8444 -0.0147 0.0144 -0.0219
-0.076 3.0269 9.8061 0.0108 0.0037 -0.0198
-0.076 2.9503 9.8444 0.0364 0.008 -0.0241
-0.0377 2.9503 9.7294 0.0034 -0.009 -0.0283
-0.1143 2.9119 9.7294 -0.0137 -0.0027 -0.0251
-0.076 2.9886 9.8061 0.0076 0.0112 -0.0262
-0.1915 2.9497 9.7683 -0.0201 -0.0165 -0.028
-0.0766 2.9497 9.8067 0.0066 0.0037 -0.029
-0.1149 2.873 9.845 0.0268 0.0101 -0.0258
-0.0383 2.9113 9.8067 -0.0084 -0.0091 -0.0269
-0.1143 2.9119 9.8061 0.0172 0.0037 -0.028
-0.1149 2.988 9.8067 0.0002 0.0016 -0.0284
-0.0766 2.8347 9.7683 0.0066 0.0048 -0.0263
-0.1532 2.9113 9.8067 0.0183 0.0059 -0.0252
-0.0377 2.9886 9.6911 -0.0009 -0.0027 -0.0263
-0.0383 2.873 9.6151 0.0204 0.0048 -0.0274
-0.1149 2.9113 9.73 0.0289 0.0069 -0.0274
-0.0766 3.0263 9.6534 0.0087 0.0101 -0.0274
-0.1526 2.8736 9.9976 0.0044 0.0048 -0.0252
-0.1149 2.873 9.9599 0.013 0.0005 -0.0263
-0.1149 2.873 9.9982 0.0034 0.0037 -0.0263
-0.1915 2.9113 9.9599 0.014 -0.0038 -0.0311
-0.1149 2.873 9.9982 0.0023 0.0037 -0.029
-0.1532 2.873 9.9216 0.0034 -0.0048 -0.03
-0.1143 2.8736 9.8061 0.0055 -0.0006 -0.029
-0.1149 2.873 9.8067 0.014 0.0026 -0.029
-0.1143 2.9119 9.7677 0.0023 0.0016 -0.0275
-0.0383 2.9113 9.845 0.0151 0.0037 -0.0286
-0.1143 2.9119 9.7677 0.0087 0.0016 -0.0286
-0.076 2.8736 9.7294 0.0108 0.0016 -0.0286
-0.1143 2.9503 9.6911 0.0119 0.0005 -0.0286
-0.1532 2.9113 9.73 0.0151 0.0069 -0.0264
-0.1143 2.9119 9.8061 0.0151 0.0026 -0.0286
-0.1143 2.9503 9.7677 0.0044 -0.0006 -0.0275
-0.1143 2.9503 9.7294 -0.0094 -0.0016 -0.0275
-0.1143 2.9503 9.8061 -0.003 -0.0059 -0.0286
-0.1143 2.8736 9.8061 0.0014 -0.0043 0.0003
-0.1143 2.9119 9.7677 0.0067 0.0043 -0.0007
-0.076 2.9119 9.7294 0.0089 0.0075 0.0014
-0.1149 2.9497 9.73 -0.0093 -0.0107 -0.0007
-0.1149 2.873 9.8067 0.0121 0.0032 0.0003
-0.1149 2.9113 9.8833 -0.0071 0.0032 0.0003
-0.1909 2.9119 9.7677 0.0003 0.0 0.0003
