5.2104 -7.6225 2.6426 -0.1128 -0.1108 0.041
5.7084 -7.3161 2.3361 -0.5837 0.1875 -0.4735
5.7084 -8.0439 2.9108 -0.4122 0.2876 -0.7473
7.2018 -6.3973 1.0343 -2.3542 0.9918 -1.7635
5.8999 -5.7072 0.3059 0.4581 -0.9534 -0.3797
5.5551 -5.7072 -0.422 0.4965 -0.5667 -0.0719
8.4665 -5.7838 -0.8434 -0.2386 0.3505 0.0389
7.2024 -5.1709 -1.8393 0.179 -0.424 0.1806
5.8616 -9.3847 0.9188 0.5391 1.5691 0.5428
4.3676 -9.5762 2.7958 1.5522 0.4325 0.7196
5.5935 -6.4733 3.3704 0.39 -1.2538 1.1329
5.4019 -5.4007 2.8724 -0.0585 0.2642 0.188
5.0188 -6.7798 3.6003 0.6062 1.0717 0.0219
5.5168 -9.921 3.6003 0.7415 -0.6658 0.6472
12.1823 -5.2858 1.4168 -1.6905 -0.4101 -0.3776
7.8153 -9.9593 -1.2264 -0.9928 -0.0032 -2.522
4.3293 -9.2314 5.9753 -0.5198 -2.7899 -1.2543
4.8273 -4.7495 -1.5712 0.4379 -0.9726 -1.1137
3.2567 -4.3281 -0.3071 0.1161 1.0855 0.8826
12.1057 -1.7232 -0.422 -0.7627 1.0578 -0.3084
9.3093 -10.6488 -0.8434 -1.7513 -1.2059 -1.5515
-1.2252 -6.1669 1.7615 -2.596 0.4687 0.2445
11.1857 -4.367 5.6312 -3.3928 5.0887 -0.6578
9.7306 -6.5499 1.8765 -2.7174 -1.7971 -0.0762
10.3435 -4.0983 -1.8393 -3.0827 -2.204 0.6994
6.6661 -1.4934 0.7655 -3.3565 -1.7182 1.8956
4.6352 -4.7501 -6.2824 -3.0124 0.7841 1.8434
3.7158 1.0343 -3.1795 -2.8931 -0.5784 1.411
8.7724 4.6735 -16.089 -2.6066 -0.7648 -0.8282
2.1075 9.4625 -11.9908 -0.3834 -2.1135 -0.8027
-1.6083 0.5752 -1.1115 -1.1035 -0.213 -1.7167
-2.0297 2.5672 0.0377 -1.2292 0.3857 -1.3555
-2.988 6.3207 -5.5545 -0.5261 0.0267 -1.9105
-4.6735 17.9661 -11.1474 0.2494 0.7255 1.5324
-0.076 5.785 -4.6358 0.961 -0.3536 0.5694
-0.1909 3.8696 -4.0229 0.7181 0.0363 0.7217
0.2298 4.4436 -7.2784 0.634 1.1377 1.0765
2.9119 5.6318 -9.3093 2.2979 -0.2311 1.33
0.6901 -2.3361 -12.7186 1.9507 0.3718 0.7089
8.1217 -3.7535 -8.3133 0.144 0.1993 -0.2924
4.367 -3.9073 -5.4013 0.1642 -1.0535 0.3755
0.92 -0.8422 -9.9605 0.994 -1.1643 0.3958
-0.9188 -2.4894 -9.654 -0.0435 0.0288 0.0964
0.4986 -0.6889 -7.9302 -0.1011 0.4453 0.236
2.375 -1.9154 -9.4236 -0.1991 0.0469 -0.3606
1.5706 -1.9154 -9.9982 -0.0915 0.2078 -0.3158
3.5243 -1.5323 -8.9639 -0.345 0.7053 -0.0932
3.7547 -0.7272 -9.4625 0.1013 -0.2183 0.0996
2.4523 -0.8805 -8.8496 0.2281 -0.2578 0.0975
2.2607 -1.3018 -9.1177 0.0097 -0.001 0.0059
2.9503 -1.1103 -9.2326 -0.0553 0.0735 0.025
2.797 -1.4551 -8.9262 0.0065 0.0011 -0.0389
3.0269 -1.072 -9.0028 -0.0787 0.0991 -0.0325
3.2567 -0.9188 -9.1943 -0.0499 0.064 -0.0133
2.9886 -0.7655 -8.9645 -0.0553 0.0331 -0.0197
2.9503 -0.8805 -9.0028 -0.0116 0.0107 -0.0154
3.1035 -0.8805 -9.0794 -0.0169 0.0341 -0.0048
3.1035 -0.8422 -9.0794 -0.017 0.0043 -0.0112
3.2184 -0.8805 -9.0411 -0.0074 0.0202 0.0006
3.0269 -0.7655 -9.0411 -0.0021 0.0117 -0.0037
3.1418 -0.8422 -9.0411 -0.0021 0.0021 -0.009
3.1035 -0.8422 -9.0794 -0.001 0.0117 -0.0037
3.1418 -0.7655 -9.0028 -0.0064 0.0127 -0.0069
3.1418 -0.8805 -8.9645 -0.0032 0.0138 -0.0026
3.2567 -0.6889 -9.0411 0.0064 0.001 -0.0016
3.1418 -0.8039 -9.0411 0.0053 0.0021 -0.0037
3.0269 -0.7655 -9.1177 0.0064 -0.0001 -0.0037
3.1029 -0.7661 -8.9256 0.0064 0.0021 -0.0037
3.1418 -0.8039 -9.0411 -0.0 0.0063 -0.0037
3.1035 -0.8039 -9.0794 0.0021 0.0063 -0.008
3.1035 -0.7655 -9.0794 -0.0075 0.0223 -0.0101
3.1418 -0.7655 -8.8879 -0.0043 0.0085 -0.008
3.1801 -0.8422 -8.9262 0.002 0.0063 -0.0037
3.1035 -0.8039 -8.9645 -0.0055 0.0169 -0.009
3.1418 -0.6889 -9.0411 -0.0065 0.0084 -0.0058
3.1801 -0.7655 -9.0028 -0.0012 0.0095 -0.0101
3.1418 -0.8039 -8.9645 -0.0065 0.0158 -0.0079
3.1418 -0.7272 -9.0028 -0.0033 0.0106 -0.0058
3.1795 -0.7278 -8.9639 0.001 0.0095 -0.0048
3.2561 -0.7661 -9.1171 0.0031 0.0052 -0.0026
3.1801 -0.8422 -8.9645 0.0021 0.0084 -0.0048
3.1795 -0.7661 -9.0022 -0.0097 0.0148 -0.0037
3.295 -0.7655 -9.0028 -0.0011 0.0063 -0.0048
3.1795 -0.6512 -9.0022 -0.0044 0.0126 -0.0101
3.2178 -0.7661 -9.0788 -0.0055 0.0137 -0.0037
3.2567 -0.6506 -8.9262 0.0158 -0.014 0.0017
3.1795 -0.8811 -9.0405 0.003 0.0062 -0.0026
3.2178 -0.7661 -8.9639 -0.0023 0.0084 -0.0015
3.2944 -0.7278 -9.0405 0.0062 0.0084 -0.0015
3.1801 -0.6506 -9.0411 -0.0044 0.0147 -0.0165
3.1801 -0.7272 -9.0028 -0.0055 0.0126 -0.0047
3.2184 -0.6889 -9.0411 -0.0034 0.0179 -0.0058
3.2944 -0.7661 -9.0022 0.0041 0.0051 0.0006
3.1795 -0.6895 -9.1171 0.0105 0.0094 -0.0133
3.2567 -0.7655 -8.9645 -0.0002 0.0158 -0.009
3.295 -0.6123 -9.0411 -0.0013 0.0115 -0.009
3.371 -0.6129 -9.0022 0.003 0.0051 -0.0069
3.3333 -0.7272 -8.9645 0.0075 -0.0119 0.0008
