-0.3831 -9.3853 -1.3024 -0.1525 -0.2084 0.0366
-0.3442 -9.8827 0.0377 -0.1248 0.1091 0.0643
-0.6123 -8.7334 0.0377 -0.0024 -0.4108 -0.1679
-0.7655 -9.6145 -0.8051 -0.3837 -0.1711 -0.0295
-0.9571 -9.0782 -0.1538 -0.3188 -0.2393 0.011
-1.4551 -10.8403 0.3825 -0.061 -0.0997 -0.1285
-0.5357 -9.1931 -1.7244 0.7678 -0.1583 0.4552
-2.1835 -6.6272 -0.6512 0.5964 0.2593 1.0784
-0.2682 -8.8873 1.1875 0.2161 0.6737 -0.0593
-3.7918 -9.6911 1.3785 -0.3208 0.2732 -0.022
-1.1492 -14.7483 -0.1149 -0.7746 0.369 0.2283
-1.7998 -11.1468 -0.4603 -0.5979 1.137 -0.0145
2.6815 -8.1977 -0.0383 -0.0546 0.7546 -0.1637
0.6895 -8.351 -1.9537 -0.5233 0.0355 -0.4832
-1.0337 -10.2657 -0.0772 -0.6064 -0.7592 0.06
-3.4477 -9.9599 1.2258 0.2852 0.1314 0.1367
2.2601 -8.1594 -3.6009 1.7978 0.7033 0.3126
-5.3241 -6.1669 -0.5369 1.0244 0.8503 0.6023
0.3831 -9.347 1.0726 0.4875 1.9401 0.0377
-0.5363 -8.7724 1.0343 -0.2198 0.6288 -0.0294
-0.0766 -11.722 -0.2682 -0.3477 -0.0637 0.1038
-1.1492 -6.9336 -1.0343 -0.301 0.1322 0.0037
0.1155 -8.5802 -0.7284 -0.1593 -0.0478 0.058
1.7244 -9.9593 -1.2264 -0.04 -0.6316 0.0442
1.3024 -8.5425 0.3831 -0.1124 -1.2889 0.0399
1.5706 -8.0062 1.0343 0.3712 -1.9046 0.5054
-3.2172 -7.8907 -2.1841 1.0799 -1.4058 1.006
-1.9154 -4.5969 1.2258 0.9968 -1.0788 0.7834
-3.0646 -0.3831 3.5243 1.5699 -0.0806 0.7312
-5.7838 -4.6729 3.8684 1.3845 -0.0977 3.6926
-6.7032 -4.1366 16.0884 1.768 2.1362 0.6854
-16.8169 8.0062 11.6454 2.2407 0.5892 2.3696
-4.06 5.5935 5.7072 2.8277 -1.2761 2.6775
-2.8724 3.9846 4.7495 0.0889 -1.8801 2.3537
-3.6003 8.6197 1.8765 -0.1689 -0.916 1.0711
-1.3018 6.5128 0.4974 -0.0102 0.456 0.4756
0.8817 6.781 0.7272 -0.6365 0.0811 -0.5481
-1.9914 1.0732 6.0519 -5.3205 0.015 -1.7625
-4.941 6.8193 13.1388 -0.8155 0.5178 -0.2211
-6.7421 3.2561 10.343 -1.8573 1.2933 -1.1234
-9.1165 2.2224 9.1931 -0.5897 -0.1852 -0.9519
-5.0943 -0.1526 4.7878 0.0922 -0.6369 -0.4054
-6.3201 -0.2292 6.5116 0.3734 -0.1479 0.2391
-6.3584 1.0349 7.6992 -0.0666 -0.0467 0.1752
-6.5499 1.3414 9.1931 -0.0538 -0.2545 -0.0485
-5.6689 0.9966 7.5459 -0.1507 -0.1458 -0.1007
-5.7838 0.7667 7.6992 -0.1486 0.0769 0.0047
-6.2058 0.3448 8.3127 0.0166 0.062 0.0282
-5.9376 0.6512 7.9679 0.0347 -0.035 0.0218
-5.9759 0.6895 8.0828 0.0741 0.0066 0.0527
-6.0908 0.7278 8.0445 -0.0037 -0.0211 0.0175
-5.9376 0.5746 7.9679 -0.0301 -0.022 0.0068
-6.0136 0.6135 8.0056 -0.0035 -0.0252 0.0185
-5.937 0.6901 8.0439 0.0093 -0.0284 0.027
-5.9376 0.6512 8.0445 0.0136 -0.0082 0.0281
-5.9376 0.6512 7.9296 -0.0014 -0.0071 0.0185
-5.8993 0.6895 8.0062 -0.0044 -0.0187 0.0195
-5.9759 0.6129 8.0062 0.0052 -0.0198 0.0227
-6.0142 0.5746 8.0828 0.0052 -0.0155 0.0238
-6.0142 0.7661 7.9679 0.0041 -0.0134 0.0238
-5.9376 0.6895 7.9679 0.0009 -0.0155 0.0206
-5.9376 0.6895 7.9679 0.0031 -0.0176 0.0227
-5.9759 0.6512 7.9679 0.0063 -0.0133 0.0238
-5.9753 0.6518 8.0439 0.0042 -0.0101 0.0238
-5.9753 0.7284 8.0056 0.0042 -0.0101 0.0238
-5.937 0.6518 8.0056 0.0042 -0.0133 0.0227
-5.8987 0.6518 8.0056 0.0031 -0.0165 0.0216
-5.9753 0.6901 8.0056 0.0031 -0.0155 0.0227
-5.9753 0.6518 8.0056 0.001 -0.0165 0.0227
-5.8987 0.6518 7.9673 0.0031 -0.0176 0.0227
-5.8987 0.6135 7.9673 0.0031 -0.0133 0.0238
-5.9753 0.6518 8.0056 0.0031 -0.0123 0.0227
-5.937 0.6518 8.0439 0.0031 -0.0155 0.0238
-5.937 0.6901 8.0056 0.0052 -0.0144 0.0227
-5.8993 0.6129 8.0445 -0.0009 0.0011 -0.0002
-5.9376 0.6129 8.0445 -0.0009 0.0021 -0.0012
-5.9753 0.6135 8.0056 0.0023 0.0011 0.0009
-5.9753 0.6135 8.0439 0.0012 0.0011 -0.0002
-5.937 0.6518 8.0439 0.0002 0.0032 -0.0012
-5.8993 0.6129 8.0062 0.0002 -0.0011 -0.0002
-5.8993 0.6512 8.0062 0.0 0.0004 -0.0011
-5.9376 0.6895 8.0062 0.0 -0.0039 -0.0
-5.9376 0.6512 8.1594 0.0 0.0004 -0.0
-5.9759 0.6895 8.0062 0.0 -0.0018 -0.0
-5.9376 0.6895 8.0062 0.0021 0.0004 -0.0
-6.0142 0.6512 8.0062 -0.0011 0.0014 -0.0011
-5.9376 0.6895 8.0062 0.0013 0.0037 0.0013
-5.937 0.6901 8.0439 0.0013 -0.0006 0.0003
-5.9753 0.6518 8.0056 0.0013 0.0026 0.0003
-5.9376 0.6895 8.0445 -0.0009 -0.0017 0.0003
-5.9376 0.6512 8.0062 -0.0009 0.0026 0.0003
-5.9376 0.6129 8.0062 0.0013 0.0005 0.0003
-5.9376 0.6129 8.0062 -0.0005 -0.0026 0.0
-6.0142 0.6129 8.0445 -0.0015 -0.0016 0.0
-5.9376 0.6512 8.0062 -0.0005 -0.0016 0.0
-5.9759 0.6129 8.0445 -0.0015 -0.0037 -0.001
