0.1155 -9.4613 -0.7667 0.0865 -0.057 0.251
-0.3059 -9.3081 -0.7667 0.0471 -0.1284 0.1349
0.3071 -9.0399 0.1909 0.0876 0.2679 0.1786
-0.076 -9.5379 -0.4603 -0.1138 0.2039 0.1296
-0.076 -9.4613 -0.0772 -0.3396 0.3021 0.138
-0.3825 -10.8403 0.2292 -0.2661 0.4001 0.138
1.2264 -9.8444 0.8039 -0.4046 0.1337 0.1189
-1.072 -7.5076 -2.7204 0.9536 -0.5555 -0.3903
0.5752 -9.3464 -2.6438 0.993 -0.3904 -0.6012
0.8428 -8.3127 0.996 0.0354 -0.2402 0.2147
2.6055 -12.6025 1.0337 -0.6049 -0.1305 -0.0558
-1.992 -6.7421 -1.3408 -0.9543 0.2541 -0.1666
0.6512 -10.4579 -0.3831 -0.4685 0.1593 0.4598
-1.1492 -7.4699 -0.8045 -0.4451 0.6471 0.3138
1.1109 -8.5425 0.1149 -0.6922 0.4863 0.4054
0.1149 -9.8833 -0.0383 -0.6379 0.9891 0.2148
4.0989 -10.1897 -1.1109 0.3667 -0.5065 0.4736
-4.2138 -8.6191 -2.9497 1.5694 -0.5481 -0.27
1.9543 -6.7798 -0.5752 0.1547 -0.6301 -1.0369
-0.6895 -7.1251 1.5323 1.0016 -0.824 -0.4745
2.6815 -9.73 1.0343 -0.6262 -1.1723 0.4289
2.1075 -11.3766 1.072 -0.574 -0.318 0.1743
-3.8301 -3.3321 0.3059 -0.8531 0.8016 -0.2401
-1.072 -9.1931 -0.92 -0.9756 0.1039 0.1338
-0.3442 -7.2395 -0.5752 -0.0232 1.1862 -0.2242
-0.4591 -6.0903 2.068 -0.8179 1.9106 0.4864
4.0995 -8.6951 -1.2264 -0.9564 1.4813 0.8123
0.7284 -8.925 -5.6318 -2.1804 -0.6567 0.6706
2.5672 -18.8083 -6.7044 -6.1815 -3.0141 3.4531
-2.2601 -3.2178 4.5586 -3.3809 0.8539 2.439
2.1841 10.3435 -0.6901 -3.1615 0.8571 1.7775
-6.1292 17.1999 -12.6797 1.1283 -1.2479 -1.6218
-17.161 19.5756 -12.2589 1.1187 0.1272 -0.206
-4.5963 -7.7758 -4.5975 0.4391 -0.007 -1.316
-11.4533 -1.072 -9.3476 -0.4643 0.1379 -0.4947
-3.562 -0.3059 -7.5471 0.2431 -0.3202 -0.5543
-7.8907 -3.9834 -7.5088 0.1259 -0.5673 0.3267
-5.9376 1.1109 -5.6695 -0.4994 0.1603 0.7794
-7.8524 1.6095 -8.3516 -0.1074 -0.1699 -0.01
-6.359 2.6049 -6.5122 0.0556 0.0612 -0.2135
-5.6312 -0.4214 -6.4356 -0.2267 -0.0954 -0.1261
-7.5465 0.6129 -7.4699 -0.0318 -0.0602 -0.042
-6.0525 0.6129 -6.8187 -0.0009 0.2455 0.0283
-6.5505 1.0726 -7.2784 -0.0616 0.0591 -0.043
-6.4739 0.8428 -7.1635 0.045 -0.0112 -0.0771
-6.2818 0.4603 -7.3173 0.0119 0.0357 -0.0036
-6.435 0.6901 -7.3556 0.0098 -0.0059 -0.0025
-6.2818 0.6518 -7.2407 0.0098 0.0016 -0.0143
-6.3584 0.5369 -7.3173 0.0013 0.0037 -0.0217
-6.3201 0.4986 -7.279 -0.0019 -0.0069 0.0028
-6.3967 0.6518 -7.3556 -0.0083 0.0154 0.0156
-6.2818 0.6518 -7.3556 -0.0009 0.008 -0.0047
-6.2818 0.6518 -7.3939 0.0002 0.0016 0.0006
-6.2824 0.6512 -7.3167 0.0002 -0.0016 0.0028
-6.2824 0.7278 -7.2784 -0.0009 0.0027 -0.0004
-6.3584 0.6135 -7.3939 0.0055 0.0058 0.0006
-6.3201 0.6518 -7.2407 0.0002 0.008 0.007
-6.2818 0.6901 -7.7004 0.0023 0.0016 0.0007
-6.3967 0.6135 -7.5471 -0.0002 -0.0056 -0.003
-6.3584 0.6518 -7.0108 0.0041 0.0018 -0.003
-6.3201 0.6901 -7.4322 0.0051 0.0104 0.0002
-6.2441 0.6129 -7.6614 0.0041 0.0146 -0.0009
-6.2824 0.6512 -7.853 0.003 -0.0035 -0.002
-6.3584 0.6518 -6.8193 0.003 -0.0003 -0.0073
-6.3201 0.4986 -6.9342 0.0051 0.0135 -0.0094
-6.2824 0.6129 -7.1251 -0.0034 -0.0003 -0.0009
-6.3584 0.7284 -7.4322 0.0062 -0.0003 -0.0105
-6.2435 0.6518 -7.3556 0.0115 -0.0025 -0.0115
-6.359 0.6129 -7.3167 0.0094 0.0018 -0.0062
-6.2435 0.6135 -7.279 0.0019 -0.0014 -0.002
-6.2435 0.5369 -7.3556 -0.0002 0.0007 -0.0051
-6.2052 0.6135 -7.3556 0.003 0.0039 -0.0062
-6.3201 0.5369 -7.3173 -0.0045 -0.0035 0.0023
-6.2818 0.5752 -7.279 -0.0066 -0.0003 0.0002
-6.2824 0.5746 -7.3167 -0.0066 0.0018 0.0002
-6.2818 0.5752 -7.3939 -0.0023 -0.0003 -0.0009
-6.2818 0.6518 -7.3556 -0.0055 0.005 0.0077
-6.2818 0.6518 -7.4705 -0.0045 -0.0014 -0.003
-6.2435 0.6135 -7.3939 -0.0023 -0.0014 0.0034
-6.3201 0.6901 -7.3939 0.0009 -0.0003 -0.0019
-6.2824 0.6129 -7.4316 0.0019 0.0007 0.0013
-6.2435 0.6135 -7.3173 0.0019 -0.0025 -0.003
-6.2818 0.5369 -7.3939 0.0051 -0.0025 -0.0019
-6.2818 0.5369 -7.3939 -0.0034 -0.0004 0.0056
-6.2052 0.6901 -7.3173 -0.0024 0.0028 -0.0008
-6.2435 0.6518 -7.4322 0.0062 0.0039 -0.0008
-6.2435 0.5752 -7.3939 0.0072 -0.0036 -0.0104
-6.2435 0.6518 -7.3173 0.0072 0.0007 -0.0062
-6.2435 0.6135 -7.3556 0.0094 -0.0014 -0.0083
-6.2818 0.6135 -7.3939 0.0044 0.0004 -0.0023
-6.2435 0.5369 -7.3556 -0.0009 -0.0049 0.0009
-6.2435 0.6518 -7.3173 -0.0009 -0.0038 -0.0034
-6.1669 0.5369 -7.4322 0.0012 -0.0049 -0.0023
-6.2435 0.5369 -7.3556 -0.0094 -0.0049 0.0009
-6.2435 0.5752 -7.3939 -0.0073 -0.0006 0.0115
-6.2818 0.6135 -7.3939 -0.0073 -0.0049 -0.0002
