-0.4208 -9.4613 -1.1115 -0.0607 0.0978 0.0788
-0.076 -9.3464 -0.9583 -0.1289 0.0339 0.0597
0.3065 -8.849 -0.996 0.0767 0.3982 -0.1598
-1.0343 -9.5002 -1.1492 0.7223 -0.1589 -0.2024
1.6472 -10.228 -0.498 0.8171 -0.096 -0.326
0.9583 -8.5419 0.6123 0.2045 -0.1877 -0.4325
1.8393 -8.2738 1.2252 0.147 -0.3688 0.1406
2.9119 -10.419 1.4168 0.1119 -0.4465 0.1236
-1.1103 -14.4029 -0.422 -0.3568 0.4334 0.3249
0.3837 -8.2355 -1.5712 -0.5475 0.8883 0.2035
0.5369 -9.9976 -1.1881 -0.8256 0.15 0.3366
-2.3744 -7.0479 -1.9543 -0.2983 0.2906 0.3654
0.996 -8.6574 -1.3024 -0.6114 0.6187 0.2131
0.1149 -10.228 -0.4597 -0.4421 0.6582 0.1928
1.3797 -9.8061 0.2292 -0.1246 0.3844 0.3409
-2.6043 -9.9976 -3.6398 1.4946 -1.6023 -0.3664
0.996 -8.6191 -2.0686 0.9758 -0.274 -1.0589
-0.9194 -5.7844 0.1915 0.5603 -0.5286 -0.8298
1.7238 -10.1131 0.8428 -0.0799 -0.7299 0.4581
3.7541 -11.7986 0.5363 -0.4932 -0.8386 0.0085
-5.7844 -4.2521 -1.5706 -1.4157 0.8477 -0.3845
1.6472 -12.1051 -0.7278 0.1981 -0.4125 0.4027
-1.6089 -6.4739 -0.4214 -0.4666 0.4536 0.3494
0.5746 -9.2703 0.3065 -0.4644 -0.2569 0.6988
0.4603 -9.6534 0.6506 -0.5475 -0.0897 0.4187
-1.6083 -8.8867 -2.6821 0.8916 -0.47 0.0192
-1.3785 -9.2314 -3.4482 1.3284 -0.3144 0.2333
1.8393 -7.5076 0.3059 0.5135 -0.4242 -0.3718
1.3797 -5.6306 0.6889 -0.9886 -1.2444 0.1417
-4.9027 -4.2898 -2.1075 -0.4336 -1.1645 2.0879
-14.4795 -16.28 -3.4099 -1.0674 0.5473 4.4944
-1.9148 -9.6145 2.1446 -3.3897 0.82 4.9556
3.6398 10.4585 1.1486 -1.9697 0.3236 4.1301
-14.4029 19.5756 -12.642 0.603 2.3711 3.4653
-0.1526 1.8777 -4.1761 0.2994 0.4206 -0.7276
-5.7455 5.5935 -4.8273 0.8895 0.7572 -0.49
-10.0742 2.3756 -9.5391 0.6733 0.0382 -1.1569
-6.5499 -0.7655 -6.5894 -0.2791 -0.4934 -0.1385
-4.7878 1.6861 -2.1458 0.1683 -0.3571 0.0075
-8.6951 2.8736 -6.3213 -0.3164 -0.3272 0.701
-7.355 3.7541 -5.2098 0.114 0.036 -0.2439
-7.2018 1.8387 -5.861 -0.1928 -0.0322 -0.098
-7.6992 1.6095 -5.8233 -0.0106 -0.03 -0.0788
-7.8907 2.2224 -5.5935 -0.0884 -0.0471 -0.0192
-7.5459 2.2607 -5.5168 0.016 0.0307 -0.0011
-7.7381 2.1069 -5.7844 0.0032 0.0488 -0.0607
-7.3933 1.9154 -5.6312 -0.0224 -0.0577 -0.0085
-7.8147 2.0686 -5.6695 0.0107 0.0051 0.0032
-7.6998 2.1452 -5.6312 -0.0021 -0.0236 -0.0224
-7.6231 1.8771 -5.6695 0.0011 0.02 0.0096
-7.6225 1.9543 -5.6318 0.0 -0.0002 0.0
-7.6608 1.9926 -5.6318 0.0032 0.0115 0.0096
-7.6608 2.0309 -5.6318 0.0011 -0.0023 0.0011
-7.6608 2.1075 -5.6318 -0.0011 0.0126 0.0064
-7.6608 2.0692 -5.7467 0.016 0.0136 0.0032
-7.5459 2.0692 -5.7084 0.0 0.0041 0.0021
-7.6225 2.1075 -5.7084 0.0 0.0073 0.0053
-7.5842 1.9543 -5.6701 -0.0032 0.0083 0.0043
-7.6998 2.0303 -5.6695 0.0043 0.0083 0.0032
-7.5842 2.0692 -5.9382 -0.0032 0.0072 0.0022
-7.6225 2.0692 -5.2487 0.0021 0.0019 -0.001
-7.5459 2.0692 -5.4785 0.0011 0.0062 0.0053
-7.7375 2.0309 -5.8233 -0.0043 -0.0002 0.0011
-7.5842 2.0692 -5.5935 0.0011 -0.0034 0.0011
-7.6608 2.0692 -5.3253 0.0021 0.0115 -0.0064
-7.7375 2.1458 -5.3253 0.0011 -0.0045 -0.0085
-7.5459 2.0309 -5.3636 0.0064 0.0008 -0.0042
-7.6231 1.9537 -5.4396 0.0032 -0.0109 -0.0085
-7.5459 2.0309 -6.0148 0.0074 -0.0067 -0.0063
-7.5076 1.9926 -5.785 0.0053 -0.0045 -0.0085
-7.5465 2.0686 -5.7078 0.0021 -0.0035 -0.0021
-7.5465 2.0686 -5.7844 0.0011 0.0029 -0.0085
-7.5842 1.9543 -5.7467 -0.0021 0.0018 0.0011
-7.5842 2.0692 -5.785 0.0021 0.0072 0.0064
-7.6225 2.0692 -5.785 -0.0021 0.003 0.0011
-7.6231 1.992 -5.7461 -0.0021 0.004 0.0043
-7.5848 2.0686 -5.7461 0.0011 -0.0002 0.0022
-7.5842 1.9926 -5.7467 -0.0011 0.0019 0.0032
-7.5465 1.9537 -5.7844 -0.0011 0.0051 0.0011
-7.5842 1.9926 -5.7467 0.0011 0.0051 0.0021
-7.5082 2.0303 -5.7078 -0.0011 0.0009 0.0
-7.6231 1.992 -5.7844 -0.0011 0.0062 0.0011
-7.6225 1.9926 -5.7084 -0.0021 -0.0002 0.0011
-7.6225 1.916 -5.7467 -0.0049 -0.0107 0.0034
-7.5076 1.9926 -5.7467 -0.0038 -0.0086 0.0066
-7.5459 2.0692 -5.7467 -0.0038 -0.0096 0.0023
-7.5465 2.1069 -5.7461 0.0005 -0.0096 0.0034
-7.5076 2.0686 -5.785 0.0132 0.0213 0.0055
-7.6992 2.0692 -5.7084 -0.0017 -0.0086 -0.0105
-7.4316 1.9537 -5.7844 0.0079 0.0127 -0.0041
-7.6614 2.0686 -5.7461 -0.0006 -0.0309 -0.0116
-7.5465 1.9154 -5.7078 0.0079 0.0032 -0.0116
-7.6225 2.1075 -5.7467 0.0111 0.0032 -0.002
-7.5459 1.916 -5.785 0.0015 0.0159 -0.0073
-7.5459 1.9926 -5.8233 0.0015 -0.015 -0.0073
-7.5459 1.9926 -5.7084 -0.0027 -0.0107 -0.003
-7.5842 1.9926 -5.8233 -0.0017 0.0032 0.0034
-7.6225 1.9926 -5.7467 -0.0006 0.0021 0.0023
