1.6095 -9.1931 -1.0732 -0.1993 -0.0396 0.0076
0.6518 -9.6911 -0.0772 0.0638 0.4547 0.1866
1.9926 -9.1548 -0.7667 -0.064 0.2661 0.1845
1.4563 -9.1548 -0.422 -0.2537 0.264 0.1344
1.0732 -9.3464 -0.2687 -0.1727 0.3162 0.0673
2.5672 -11.0702 -0.1155 -0.3293 0.5612 0.1962
3.8696 -9.7677 -0.5369 -0.4028 -0.1302 0.1057
0.9577 -8.9256 -1.2258 0.5165 -0.5722 -0.2065
2.3367 -11.5688 -3.3327 1.1972 -0.6542 -0.6401
0.0772 -7.0096 0.8422 1.1749 -0.7128 -0.6869
1.1498 -9.4996 0.4974 0.149 -0.4561 0.0673
5.287 -12.1045 1.8381 -0.0502 -0.3059 0.1493
0.3837 -18.2719 -3.5243 -1.1517 -0.0161 -0.215
5.4785 -13.6751 -1.3414 -0.4507 0.9256 0.4146
-0.4974 -6.2435 -1.6478 -0.602 0.508 0.3102
2.5289 -10.3424 -1.1115 -0.6947 0.6433 0.16
0.92 -9.1548 -0.2304 -0.8619 0.3322 0.2867
4.2904 -12.0285 1.1109 -0.6925 0.5112 0.2814
0.3065 -6.9336 -5.5162 2.499 -0.6287 0.4572
0.6135 -11.2234 -3.0652 1.0406 -0.5807 -0.3652
2.7581 -5.7078 0.6512 1.2292 -1.9422 -0.8978
0.2687 -6.6649 0.7655 0.948 -1.2252 -0.2683
4.9422 -8.6568 1.6849 0.6753 -1.1826 0.1546
2.2218 -11.1857 1.1492 -0.2803 -1.7184 0.1898
1.5706 -5.6695 0.1915 0.7243 -2.3618 0.9546
-0.1532 -4.6735 1.6472 0.3962 -1.4809 0.5797
-0.0377 -3.2938 3.1789 1.0534 -0.9216 1.2401
-6.8564 2.1075 4.7495 2.3967 -0.862 3.9736
-17.0461 -2.9874 13.5985 2.0899 -0.1131 4.1217
-15.2846 2.2218 14.212 3.2969 0.656 2.7017
-1.3018 1.7627 12.6025 4.1086 1.3613 0.4263
-1.7621 6.3973 4.5203 1.8311 -2.1403 0.1727
-3.0257 2.5289 2.9491 2.124 -2.4886 -0.7913
-3.0646 6.6655 1.992 0.3259 -1.9006 -1.1524
-3.562 4.789 6.8564 -2.4875 -2.0338 -0.819
-5.937 3.4099 10.1508 -1.9613 -0.0204 -0.8126
-5.439 2.6821 10.8403 -1.9687 0.5292 -0.7231
-5.8221 -0.076 11.1851 -2.3884 0.916 -1.0576
-5.5156 -1.9148 8.925 -1.7109 1.0054 -0.7625
-6.4733 -3.4854 5.5923 -0.5029 1.3772 -0.4803
-4.8644 -2.9491 3.5237 -0.2153 0.3492 0.0694
-6.3973 -3.6392 4.3287 0.6721 -0.6159 0.617
-7.7381 -1.992 6.9336 0.785 -0.9387 0.4178
-6.8953 -1.8004 8.4276 0.295 -0.6297 0.0758
-6.359 -1.7621 8.0445 -0.0182 -0.1354 -0.0318
-6.1292 -1.7238 7.9296 -0.1887 0.1917 -0.0734
-6.6266 -2.2212 7.3927 -0.1183 0.3376 -0.0308
-6.3973 -2.1452 6.5888 -0.0534 0.0212 -0.0371
-6.5888 -2.1452 7.1635 0.002 -0.2014 -0.018
-6.5882 -2.1063 7.5076 0.0446 -0.0864 0.0065
-6.3973 -2.0686 7.4699 0.0201 0.0042 0.0087
-6.5122 -2.1069 7.5082 -0.0076 0.0649 0.0012
-6.4739 -2.1452 7.3167 -0.0225 0.0542 -0.0073
-6.5505 -2.1069 7.2784 -0.0171 -0.0022 -0.0095
-6.5116 -2.1446 7.3927 0.001 -0.0235 -0.002
-6.435 -2.1446 7.4693 0.0084 -0.0065 0.0044
-6.435 -2.068 7.5076 0.001 0.0191 0.0012
-6.4739 -2.1069 7.355 -0.0044 0.0106 -0.002
-6.5116 -2.068 7.431 -0.0044 0.0116 -0.0009
-6.5116 -2.2212 7.3544 -0.0022 0.0074 0.0001
-6.435 -2.1063 7.3544 -0.0012 0.002 -0.0009
-6.4733 -2.068 7.3927 -0.0012 0.0084 0.0001
-6.4733 -2.1063 7.3927 -0.0012 0.0063 0.0001
-6.4733 -2.1063 7.3927 -0.0033 -0.0001 -0.002
-6.4733 -2.1829 7.3927 -0.0022 -0.0033 -0.002
-6.5116 -2.0297 7.3161 -0.0033 0.0063 0.0001
-6.5116 -2.1446 7.3927 -0.0012 0.0042 0.0001
-6.4733 -2.1069 7.3927 -0.0044 0.001 -0.0031
-6.5499 -2.1446 7.431 -0.0054 0.0116 -0.0009
-6.435 -2.068 7.5842 -0.0022 0.0049 -0.0006
-6.5499 -2.1063 7.2395 -0.0011 -0.0047 -0.0016
-6.4733 -2.1063 7.2395 0.0021 -0.0057 -0.0006
-6.5882 -2.0297 7.2012 0.001 0.006 0.0016
-6.5116 -2.1446 7.3544 0.001 -0.0025 -0.0006
-6.5116 -2.1446 7.5459 0.0021 -0.0015 0.0005
-6.435 -2.068 7.2395 0.0032 0.0071 0.0016
-6.5888 -2.1452 7.4316 0.0053 -0.0015 0.0016
-6.3967 -2.1063 7.4693 0.001 -0.0068 -0.0006
-6.5499 -2.1829 7.431 0.0021 0.0028 0.0005
-6.4739 -2.0686 7.4316 0.0021 0.0081 0.0016
-6.5505 -2.1069 7.3933 -0.0 0.0017 0.0005
-6.5122 -2.1452 7.355 0.001 -0.0025 0.0005
-6.5122 -2.1069 7.355 -0.0 0.0007 0.0005
-6.4733 -2.068 7.3544 -0.0 -0.0015 -0.0006
-6.5122 -2.0686 7.3933 0.001 -0.0046 -0.0006
-6.5122 -2.1452 7.355 0.0021 -0.0025 0.0005
-6.5122 -2.0686 7.355 0.001 0.0017 0.0016
-6.5505 -2.1835 7.3167 -0.0 0.0017 0.0005
-6.4733 -2.068 7.3161 0.0012 -0.0003 0.0
-6.5499 -2.1446 7.3544 -0.001 0.0007 0.0
-6.5116 -2.1063 7.2395 -0.001 -0.0035 -0.001
-6.5499 -2.1446 7.3544 0.0012 -0.0057 0.0
-6.5116 -2.1829 7.3544 0.0022 -0.0014 0.0
-6.5116 -2.068 7.3927 0.0001 -0.0025 0.0
-6.5116 -2.068 7.3544 0.0001 0.0029 0.0011
-6.5122 -2.0686 7.4316 0.0001 0.0039 0.0011
-6.5116 -2.068 7.3161 -0.001 -0.0003 0.0
-6.4733 -2.1446 7.3544 -0.0042 0.0029 -0.0021
