-1.4168 -9.2314 -1.0732 -0.0275 -0.0052 0.0244
-1.072 -9.3464 -0.9966 -0.0542 -0.1107 0.0319
-1.1869 -9.3847 -0.8817 -0.1213 -0.2406 -0.0352
-1.1103 -9.0399 -1.3414 0.1056 0.0768 -0.2057
-1.7232 -9.423 -1.2264 0.6777 0.4742 -0.3708
1.7244 -11.8746 -0.3837 0.9131 -0.0968 -0.3953
0.4603 -8.2355 0.6889 0.0183 -0.1767 -0.194
0.5746 -9.232 0.7661 0.0641 -0.0862 0.3376
1.4174 -10.7643 0.9194 -0.1202 0.0203 0.1576
1.3791 -12.1434 0.0766 -0.4547 0.7245 0.1139
-1.9537 -6.8187 -0.9194 -0.4473 0.5764 0.1416
-3.2938 -8.1588 -1.5712 -0.0371 0.2515 0.2482
-2.068 -9.1165 -1.9926 -0.1021 1.1325 0.2396
1.1115 -8.6568 -0.3837 -0.312 0.5455 0.1097
0.422 -10.2274 0.9571 -0.2118 0.2345 0.05
-1.6849 -8.6951 -2.797 1.5448 0.1769 0.2961
-2.3744 -13.9049 -3.4482 1.467 -0.2481 -0.3377
1.0732 -8.1588 0.4591 0.2867 -1.2718 -0.6488
-1.8771 -7.853 0.498 -0.264 -0.9363 0.1288
-1.1492 -10.7643 1.4174 -0.6454 0.2153 0.5901
0.8045 -9.2703 1.5706 -0.1351 0.2931 0.3078
-5.1715 -11.2623 -4.4053 -0.8542 0.831 -0.4837
-5.7072 -8.8484 -3.8313 0.3666 1.3061 0.3323
0.1921 -8.3121 1.0337 0.1227 2.6143 0.6231
2.1452 -8.3127 -0.3448 0.0896 0.6233 0.2183
0.6895 -10.1514 -0.4597 0.21 0.0992 -0.1439
-2.9108 -7.6608 -2.5289 2.0274 -0.6038 -0.1194
0.5369 -10.802 0.3825 1.3893 -1.1439 -1.0962
-0.2292 -5.4773 0.8039 0.7863 -1.9173 -0.3676
2.2984 -4.7118 1.992 1.3893 -1.455 -0.7404
-2.49 -4.9799 2.988 1.9262 -0.5879 -0.3378
4.1378 -7.7758 7.8141 2.4961 -1.2089 -0.7458
-1.4168 -0.8805 8.5419 5.662 0.7288 -1.517
7.1251 -13.0245 19.1153 3.5091 -0.4686 -1.4595
14.5567 15.9358 19.3451 2.6324 -0.3695 -1.7119
2.6438 0.5752 0.9571 -0.2406 -0.067 -0.6051
2.3756 6.7427 -0.8817 3.2428 -2.7419 -1.0973
0.1155 4.8656 3.064 -0.5943 0.5359 0.2886
2.3373 11.8375 6.0903 -1.4827 0.4519 0.4313
4.5592 6.9342 6.9713 -0.5527 -1.1034 0.4622
4.291 4.4059 5.2092 -0.8893 -0.802 0.6657
5.9382 4.7124 6.7415 -1.4251 -0.7285 0.9597
8.4276 4.0606 8.0445 -0.9639 -0.2086 0.8138
5.5545 0.5363 4.8267 -0.4888 0.5158 0.1703
5.0949 1.992 6.0142 0.1792 0.3411 -0.1077
6.0908 2.5666 7.5082 0.2026 0.4125 -0.0182
5.9765 3.5632 8.0822 0.0609 0.3102 -0.0438
5.3636 3.0269 7.2012 -0.0211 0.0705 -0.0161
5.6701 2.7587 7.5459 -0.052 -0.0392 0.0308
5.8999 2.6055 7.8524 -0.052 -0.0062 0.0265
5.5551 2.6438 7.3161 -0.0094 0.0726 0.0041
5.7467 2.797 7.929 0.0119 0.0439 0.0009
5.6318 2.7204 7.6992 -0.0169 0.0013 0.0031
5.6312 2.6432 7.6998 -0.0051 -0.004 0.0041
5.6312 2.6432 7.7381 0.0023 0.0087 0.0009
5.5545 2.7198 7.7381 0.0045 0.0109 0.0009
5.6695 2.6432 7.7381 0.0023 0.0162 -0.0001
5.7084 2.5672 7.7758 -0.0158 0.0173 0.0063
5.6312 2.5666 7.7381 -0.0019 0.0184 0.0009
5.5545 2.6815 7.8147 0.0087 0.0056 -0.0023
5.6312 2.5666 7.7381 0.0002 0.0099 -0.0002
5.6695 2.6432 7.8147 -0.0083 0.0067 0.0041
5.6695 2.5666 7.7764 0.0055 0.0056 -0.0023
5.5929 2.5283 7.853 -0.0008 0.0067 0.0009
5.5935 2.5672 7.8141 0.0045 0.0067 -0.0023
5.6318 2.4906 7.7758 0.0055 0.0046 -0.0013
5.5935 2.5672 7.8141 -0.0008 0.0035 0.0009
5.6318 2.5672 7.7375 0.0024 0.0024 -0.0002
5.6318 2.5672 7.8141 0.0002 0.0035 -0.0002
5.5551 2.5289 7.6992 0.0088 -0.0007 -0.0023
5.6318 2.5672 7.8141 -0.0012 -0.001 -0.0005
5.6312 2.6049 7.8147 -0.0012 -0.0021 -0.0005
5.6312 2.5666 7.6998 -0.0001 0.0001 0.0006
5.5545 2.49 7.8147 0.0063 -0.001 -0.0026
5.7078 2.5283 7.7764 0.0031 0.0022 -0.0005
5.5935 2.5672 7.8141 0.002 -0.001 -0.0016
5.6318 2.5672 7.9673 -0.0022 0.0043 0.0006
5.5545 2.5666 7.8913 0.0052 -0.001 -0.0037
5.5929 2.49 7.7381 0.001 -0.0009 -0.0005
5.6318 2.5289 7.8524 0.0074 0.0023 -0.0037
5.6318 2.4906 7.7758 0.0052 0.0012 -0.0027
5.5935 2.4906 7.7375 0.002 0.0012 0.0005
5.5935 2.5672 7.8524 0.0074 -0.0009 -0.0037
5.6695 2.6049 7.7764 -0.0012 -0.0042 -0.0016
5.6312 2.49 7.7764 0.0052 -0.001 -0.0026
5.6318 2.5289 7.8524 -0.0012 -0.0053 0.0006
5.5935 2.5289 7.8141 0.002 0.0011 -0.0026
5.7078 2.5666 7.853 0.0031 0.0011 -0.0016
5.6318 2.5289 7.7758 -0.0012 0.0012 -0.0006
5.5551 2.5289 7.7758 0.0009 -0.0052 0.0005
5.6695 2.5666 7.853 -0.0023 -0.0031 0.0015
5.5929 2.5666 7.853 -0.0055 -0.001 0.0015
5.6312 2.5283 7.8913 0.0009 0.0022 -0.0006
5.5935 2.5289 7.8141 -0.0033 0.0012 0.0005
5.6701 2.4906 7.8141 0.0009 0.0001 0.0005
5.5551 2.5289 7.7758 -0.0012 0.0012 0.0015
5.6701 2.5289 7.8524 0.0031 0.0001 -0.0006
5.5935 2.5672 7.8907 0.0009 0.0054 -0.0006
5.5935 2.5289 7.7758 -0.0044 0.0001 0.0015
