1.7244 -9.5762 -1.2264 -0.0185 0.0735 -0.0123
1.6472 -9.5385 -1.2641 0.0454 0.0937 -0.008
1.7244 -9.423 -1.3414 -0.0856 0.066 -0.0229
1.6478 -9.6528 -1.418 -0.0803 0.1757 -0.0048
1.6095 -9.6911 -1.6861 -0.2965 0.3962 -0.0421
0.996 -10.2663 -2.5666 -1.8028 0.9054 0.0432
3.3716 -7.3544 -4.4825 -2.5719 1.2453 -0.0101
2.9886 -7.8141 -5.2104 -0.5341 0.5752 -0.1177
1.8777 -6.3201 -3.8313 1.2556 -0.4943 0.5023
4.3676 -10.304 -7.3173 0.3629 -0.0469 -0.188
2.2984 -7.6231 -4.2521 1.1523 -0.8842 0.3936
2.0692 -12.2194 1.2635 0.4961 0.0085 0.203
1.4563 -10.7637 0.6123 2.9025 -2.5844 0.6514
0.0389 -8.6568 2.7575 1.2322 -0.4293 0.0169
1.0349 -9.7677 -3.1418 0.3778 1.4786 -0.0268
-1.4934 -11.6448 0.4591 0.8796 -0.8032 0.5889
0.2304 -12.1811 -0.7284 -1.7953 0.2354 -0.2537
2.1458 -11.2234 0.9954 -1.7559 1.0429 0.5325
-1.0337 -7.7758 0.8039 -3.6712 2.4181 0.1063
2.7198 -5.9376 -2.3367 0.0636 1.2975 0.5899
0.996 -8.5425 -3.7924 1.1928 -0.2834 0.2618
4.5969 -10.4579 -2.988 -0.6246 0.049 0.036
-0.3059 -13.292 2.2978 1.2418 -1.0621 0.6645
2.1835 -10.9176 -3.1029 1.8905 -1.5479 -0.0696
0.0383 -8.3127 2.6049 1.0585 -1.5404 0.4907
1.3791 -9.1554 1.4557 0.756 -0.7574 0.6601
-0.4208 -10.7254 0.2292 0.6079 -1.7215 0.5141
-1.5317 -11.1851 0.076 -0.9623 -1.5543 0.4001
4.6352 -10.8793 1.0726 -3.1663 -2.7633 -0.665
1.5323 -12.1434 0.9194 -2.8169 -0.979 0.9574
-2.2984 -4.1372 -1.6089 -0.0717 0.9694 -0.5436
3.0263 -6.5888 -4.367 2.2111 -1.4967 -0.0056
2.6049 -8.1977 -3.1029 0.1136 -0.6211 0.0754
3.1035 -10.6871 2.7958 1.2961 -1.191 -0.5221
1.5329 -11.5682 1.9148 3.2146 -3.1735 0.9341
-1.0337 -8.8484 2.9874 1.1278 -1.729 0.1043
-0.5363 -10.6488 -4.3287 -0.4051 0.9054 0.3024
-1.4557 -10.8409 -0.6129 0.2926 -0.146 -0.0129
0.2298 -11.5688 -0.6129 -1.3373 -0.718 0.021
2.988 -13.2543 2.6432 -1.8954 0.148 0.7422
0.6512 -10.1514 2.7198 -3.7277 1.8439 0.2586
2.0692 -4.5197 -3.0652 0.0327 1.5712 0.2181
1.3797 -14.0198 -8.7346 0.1552 0.2652 -0.3039
3.8696 -6.5499 -4.9039 -0.2741 -0.6722 -0.0664
1.7238 -15.7443 3.8307 1.3099 0.1427 -0.9293
0.9577 -11.4539 -0.498 3.1006 -2.4171 0.4098
0.9194 -8.351 1.7238 1.1896 -2.0954 0.2489
1.1109 -8.4276 -0.2682 0.234 -2.807 -0.0312
-1.1103 -12.9089 2.1446 -1.513 -1.4254 -0.2036
1.9926 -5.5923 -2.1841 0.3544 -0.9034 -1.0377
1.0349 -9.0399 -2.7587 0.0945 -0.4954 -1.3147
-1.2252 -5.2475 -3.2567 1.5699 0.1395 -1.1389
6.8187 -6.857 4.2904 3.4192 -0.212 -8.2261
18.8478 -0.1526 7.4693 3.8516 -0.6477 -2.8597
-1.7615 1.3414 17.6207 0.8582 0.9843 -5.036
-13.7134 9.2326 -1.303 0.1253 -3.4504 -6.7106
-2.6809 16.6642 -3.9079 -0.0217 0.4538 1.9649
-0.574 9.156 -3.1801 -0.3657 0.1108 1.102
3.9079 7.662 -3.5249 1.1427 1.6288 1.1011
5.8233 8.5048 -5.4402 0.7006 1.3784 2.8215
7.5471 -3.2938 -2.6055 0.9403 1.405 3.6109
16.6253 -6.8187 2.2601 1.4378 -0.2727 -0.2986
6.8193 0.5752 1.9148 1.1619 -0.0597 -0.354
13.2166 1.916 -0.5752 -0.19 0.1054 0.1126
9.1943 1.0732 -1.1498 -0.4563 -0.4528 -0.0398
8.8496 -0.2292 -2.0692 0.1797 -0.0245 -0.1644
9.3093 0.3837 -1.6095 0.1168 -0.0309 -0.0153
9.5774 1.1881 -0.9583 -0.0515 -0.2269 0.0785
8.8879 0.1155 -1.5329 0.1371 -0.0107 -0.027
9.0028 0.3071 -1.2264 -0.0834 -0.13 -0.027
9.156 0.6901 -0.8434 0.0018 0.0724 0.0007
9.3087 0.4597 -1.0726 0.0391 0.1257 0.0262
9.3853 0.3448 -1.1109 -0.0323 0.0191 0.0028
9.3476 0.422 -1.0349 -0.0611 -0.0341 -0.0078
9.3859 0.5752 -1.4563 0.0124 -0.0 -0.0025
9.3093 0.5369 -1.2647 -0.0366 0.0255 0.0039
9.2709 0.422 -0.9966 -0.0238 0.0149 0.005
9.3476 0.5369 -1.2264 -0.0174 0.0309 0.0114
9.3476 0.422 -1.0732 -0.0195 0.0117 -0.0003
9.3093 0.4603 -1.2264 -0.0387 -0.0469 0.0092
9.2326 0.5369 -1.0349 -0.0003 0.0319 -0.0003
9.1943 0.4603 -1.1115 -0.0057 0.0074 0.0018
9.3093 0.4603 -1.1115 -0.0025 0.0223 0.0061
9.3476 0.5369 -1.0732 -0.0046 0.0138 0.0061
9.3476 0.5369 -0.9583 0.006 -0.0128 0.0007
9.3093 0.4603 -0.9966 0.0199 -0.0064 -0.0036
9.2326 0.3837 -1.0732 -0.0259 0.0085 -0.0004
9.3476 0.422 -1.1115 -0.0121 0.0085 0.0028
9.3859 0.4986 -0.9966 -0.0025 0.0191 0.0071
9.2703 0.4214 -1.1875 0.006 0.0085 0.0018
9.2709 0.4603 -1.0349 0.0092 -0.0054 -0.0045
9.3859 0.4986 -1.2264 0.0114 -0.0128 -0.0003
9.347 0.498 -1.0726 0.006 -0.0107 0.0018
9.232 0.4597 -0.9194 0.0071 -0.0064 0.0009
9.2709 0.422 -0.92 0.0007 -0.0064 -0.0034
9.3476 0.4603 -0.9583 0.022 0.0096 -0.0023
9.3476 0.4986 -1.0349 0.0412 0.0085 -0.0087
9.1943 0.3837 -1.3414 -0.0216 0.0021 -0.0023
9.4242 0.5369 -0.9966 0.0295 -0.0554 0.0042
9.1943 0.6135 -0.8051 0.0604 -0.0394 -0.0065
9.4242 0.3837 -1.0349 0.038 -0.0277 -0.0054
9.1943 0.422 -1.1498 -0.0291 0.0618 0.0042
9.3859 0.5369 -1.2264 -0.0238 0.0394 0.001
9.3093 0.5369 -0.92 -0.0536 0.0255 -0.0057
9.3093 0.422 -0.8434 -0.0014 -0.0118 -0.0121
9.3093 0.4986 -0.9966 -0.0078 0.0064 -0.0015
9.3859 0.4603 -0.92 -0.0142 -0.0086 0.0017
9.3093 0.3837 -1.0732 -0.0536 0.0788 0.0028
9.3859 0.5752 -0.9583 0.005 -0.0043 0.0008
9.2703 0.498 -0.996 -0.027 0.017 -0.0003
9.4236 0.5746 -0.8811 -0.0046 -0.0054 0.0018
9.347 0.4597 -0.9577 -0.0121 0.0053 0.005
9.2703 0.4597 -0.8811 -0.0057 0.0021 0.0008
9.3476 0.4603 -0.8434 0.005 -0.0075 0.0049
9.2326 0.422 -0.8434 0.0103 -0.0064 -0.0079
9.2703 0.498 -0.8428 -0.0089 0.0106 -0.0026
9.3853 0.4597 -0.8811 0.005 -0.0054 -0.0037
9.3093 0.4986 -0.8434 0.0092 0.0032 0.0006
9.3093 0.3837 -0.8434 -0.0003 -0.0 -0.0044
9.3476 0.4986 -0.9583 0.0093 -0.0043 -0.0044
9.3476 0.4986 -0.92 0.0263 -0.0054 -0.0076
9.3087 0.4214 -0.996 0.0359 -0.0181 -0.0066
9.3093 0.6135 -0.9583 0.0391 -0.0064 0.0041
9.2326 0.4603 -0.9583 0.0274 -0.0032 -0.0002
9.3476 0.4986 -0.8817 -0.0142 0.0149 0.002
9.3093 0.4986 -0.9583 -0.0323 0.0149 0.0062
9.3476 0.4986 -0.9966 -0.0057 0.0064 0.0041
9.3093 0.4986 -0.9583 0.0167 -0.0064 0.0009
9.3476 0.4603 -0.8817 -0.0472 0.0234 0.0052
9.2703 0.4214 -0.8811 -0.0206 0.0021 -0.0003
9.3853 0.4597 -0.9577 -0.0121 -0.0064 -0.0024
9.3087 0.5363 -0.8811 -0.0067 -0.0064 0.0018
9.3087 0.4597 -0.9194 -0.0078 0.0053 0.005
9.3093 0.5369 -0.9583 -0.0003 0.0053 0.0061
9.3476 0.4603 -0.8434 -0.0153 0.0138 -0.0035
9.4242 0.4986 -0.8817 0.0071 -0.0054 0.0008
9.3087 0.4214 -0.8811 0.0039 -0.0054 -0.0013
9.3093 0.4986 -0.8051 -0.0057 0.0053 0.0018
9.3853 0.4597 -0.9194 -0.0025 0.0042 0.0029
9.3087 0.498 -0.8811 -0.0014 -0.0032 -0.0028
9.3476 0.4603 -0.92 0.0284 -0.0032 0.0047
9.3093 0.4603 -0.8434 -0.0302 0.0106 -0.0006
9.3093 0.422 -0.8434 -0.01 0.001 -0.0049
9.3476 0.4986 -0.92 -0.0078 0.0042 -0.0017
9.347 0.4597 -0.9194 0.0071 0.001 -0.0028
9.3093 0.4603 -0.8434 0.0124 -0.0032 0.0017
