3.4093 -9.5385 1.494 0.5771 -0.4418 -0.1129
1.9154 -8.9639 1.2641 0.4322 -0.7976 0.1492
3.4093 -8.1211 0.7278 0.7603 -0.3576 -0.1853
0.8428 -12.0285 0.498 0.5089 0.2059 0.1907
2.2218 -11.8752 0.4214 -1.416 -0.2777 0.144
7.0491 -11.3 1.6083 -1.9561 -2.5489 0.6724
4.1378 -6.8947 0.8805 -3.7436 0.3518 0.9217
1.3414 -3.6769 -1.5712 -1.0687 1.3969 0.8971
0.6901 -8.925 -4.5209 1.5678 0.7449 -0.2576
5.4785 -4.7112 -5.5551 0.298 0.273 0.7416
3.6015 -15.1691 7.4693 0.7742 -1.6359 0.3719
6.3596 -9.8827 3.064 2.0568 -0.1361 0.2356
2.9503 -8.5419 1.6466 1.5604 -0.9297 0.3272
3.6398 -8.3504 -4.789 -0.1931 2.2331 0.0747
0.3071 -10.9936 0.9188 0.9755 -0.1648 0.3655
1.7244 -12.5259 1.072 -0.8812 -0.0721 0.3749
8.0062 -6.6272 0.0766 -1.5055 -2.1345 0.198
2.7964 -11.8369 1.494 -2.0147 -1.6466 0.9203
2.4906 -3.2172 -2.0309 0.4834 -0.3576 -0.4475
4.4059 -12.3726 -8.0451 0.7571 -0.4237 -0.455
2.4906 -5.3624 -5.3253 0.6815 -0.4428 0.157
7.5848 -15.8209 4.0989 0.0871 -0.5781 -0.6335
4.1372 -10.5728 3.1795 3.823 -2.2218 0.6843
-0.1915 -9.1171 4.0606 1.2291 -1.7201 0.3658
1.8771 -9.232 0.3448 0.9628 -0.0157 0.3817
2.2607 -10.2274 1.4168 0.7646 -1.9885 0.0098
2.6438 -12.8323 0.7655 -0.4988 -0.853 -0.0925
3.5632 -10.2274 1.9531 -2.1755 -1.6264 0.1216
4.9416 -13.0628 -0.6512 -2.6187 0.371 1.1645
1.0726 -4.5969 -1.5323 -2.6219 1.1977 0.6159
0.8428 -3.7924 -0.9194 0.1489 0.648 -0.1392
3.7541 -12.0285 -9.1937 -0.3113 0.6267 -0.691
1.6095 -4.9793 -2.6821 2.0845 -0.5899 0.1654
12.7569 -15.3989 0.6889 1.5636 -2.9121 -0.3885
3.6781 -7.0862 4.2132 3.6771 -4.2853 0.3146
0.4597 -10.6877 8.0828 0.6368 -2.4349 -0.1223
2.299 -10.1891 2.2978 1.6307 -4.5729 -0.3204
2.299 -9.2698 5.0943 0.641 -5.5678 -0.7571
2.4517 -8.1977 2.5283 0.6272 -5.831 -0.3481
-2.068 -10.5339 1.1103 0.4259 -5.309 1.7515
-3.0263 -5.2481 -1.9154 -1.9497 -1.5443 -0.9906
1.5329 -5.9753 -2.2224 -0.4594 -1.849 -1.8087
-16.8546 -15.4372 -18.2348 -2.3747 -4.6517 4.0865
-2.6049 12.6031 0.3448 -4.3572 -1.0426 1.4191
-6.7798 1.4563 -8.6197 -3.5742 -1.066 2.7389
-2.2218 19.2302 -10.8793 0.9095 -1.0138 1.6973
-1.0726 7.1635 -2.3367 -3.3228 -1.4048 -0.1765
-3.6009 13.1011 9.3853 -1.7952 -1.5241 0.0195
0.9583 5.9765 3.9067 -1.1124 -0.6751 0.7748
-2.2212 5.2487 2.4511 0.9628 -0.4173 -0.4119
-1.8004 8.849 2.6815 2.0908 0.795 -1.0322
-5.7072 10.9182 -0.92 3.48 2.5878 -2.0314
-4.1749 5.6318 -5.3636 2.2517 2.5761 -0.6157
1.1109 0.4597 -10.9176 3.8049 -0.5377 -0.5422
-2.4894 -6.0519 -10.9565 2.0695 -1.3845 -1.4391
-4.1372 -8.4276 -6.1675 -0.0652 -0.5707 0.5625
-5.4773 -0.9954 -6.283 -0.0056 0.0514 -0.2855
-7.4693 -6.4733 -10.2669 0.07 -0.8636 0.7223
-4.06 -2.4894 -7.3939 -0.4551 -0.0572 0.1577
-8.0062 -1.6855 -6.857 0.1191 0.8078 -0.2617
-5.1332 -0.3831 -6.4739 0.0605 0.2197 0.3828
-4.7884 -0.9577 -7.355 -0.3379 0.3806 -0.463
-3.9456 -1.992 -8.9639 -0.0045 -0.2831 -0.1328
-5.6695 -2.375 -7.8913 0.0466 -0.2202 -0.0593
-6.4733 -2.4511 -7.662 0.0424 -0.1755 0.029
-5.937 -2.3744 -7.9302 -0.0546 0.1814 -0.0168
-5.4013 -2.1069 -8.0828 -0.013 0.1356 0.0226
-5.4007 -1.9914 -8.0068 0.0125 -0.0711 0.0109
-5.7455 -2.2212 -7.8536 0.0328 -0.103 -0.0402
-5.8604 -2.2978 -8.0068 -0.0056 0.0067 -0.0135
-5.6689 -2.1063 -8.0068 0.004 0.0397 0.0259
-5.5929 -2.1069 -8.1594 0.134 0.1111 -0.0007
-5.7078 -1.9537 -7.9679 -0.0002 -0.0167 0.011
-5.8221 -2.2978 -9.0028 0.1702 0.0301 0.0046
-5.7455 -2.2595 -7.9685 0.0178 -0.0082 -0.0022
-5.7455 -2.1829 -7.9685 -0.0077 -0.0072 -0.0012
-5.861 -2.1835 -7.8913 -0.0003 -0.0114 -0.0065
-5.7078 -2.2218 -7.9296 -0.0088 0.0152 -0.0054
-5.7461 -2.2601 -8.0062 -0.0013 -0.0093 -0.0012
-5.7838 -2.2595 -7.9302 -0.0013 0.0024 -0.0019
-5.7455 -2.1829 -7.9302 0.0019 0.0056 -0.0008
-5.8221 -2.1829 -7.9302 -0.0013 0.0056 -0.0029
-5.7838 -2.1063 -7.9302 -0.0013 0.0035 -0.0019
-5.7455 -2.2978 -7.9685 0.0104 0.0014 -0.0019
-5.8604 -2.2212 -7.8919 -0.0003 -0.0018 -0.002
-5.7838 -2.1829 -7.9685 -0.0 0.0038 -0.0008
-5.7072 -2.2978 -7.9685 0.0021 0.0049 0.0024
-5.7072 -2.2212 -7.8919 -0.0235 0.0144 0.0013
-5.7072 -2.1829 -7.8536 -0.0075 0.0017 0.0024
-5.7838 -2.1829 -8.0068 0.0032 0.0038 -0.004
-5.8227 -2.1835 -7.8147 -0.0011 0.0006 -0.0029
-5.7455 -2.1063 -7.8536 -0.0011 0.0059 0.0013
-5.7455 -2.1063 -7.8536 -0.0128 0.0166 0.0035
-5.7838 -2.1829 -7.9685 -0.0 -0.0101 0.0024
-5.7455 -2.2212 -8.0068 -0.0192 0.0315 -0.0025
-5.7838 -2.1446 -7.8153 0.0117 -0.0186 -0.0025
-5.7844 -2.1069 -7.8913 0.0011 -0.009 0.0007
-5.7461 -2.2218 -7.9296 -0.0043 -0.0015 0.0007
-5.7461 -2.1835 -7.9296 -0.0011 -0.0069 -0.0003
-5.7455 -2.1446 -8.0068 0.0043 -0.009 0.0018
-5.7838 -2.1829 -7.9685 0.0064 -0.0069 -0.0015
-5.8221 -2.1063 -7.9302 0.0064 -0.0005 -0.0015
-5.7838 -2.1829 -7.8919 -0.0021 -0.0005 0.0017
-5.8221 -2.2212 -7.8919 -0.0053 -0.0101 0.0091
-5.8227 -2.1835 -7.8913 0.0043 -0.0015 0.007
-5.7461 -2.2218 -7.8913 0.0011 0.0006 -0.0005
-5.861 -2.1452 -7.9296 0.0043 0.0038 0.0006
-5.7844 -2.1452 -8.0445 -0.0021 0.0038 -0.0026
-5.7844 -2.1069 -7.8913 0.0106 -0.0015 -0.0036
-5.7844 -2.1069 -7.8913 -0.0011 -0.0005 -0.0036
-5.8221 -2.2212 -7.9685 0.0011 0.0059 0.0017
-5.7461 -2.2218 -7.8913 0.0021 0.0017 -0.0005
-5.8227 -2.1835 -7.8913 0.0021 -0.0005 -0.0015
-5.8227 -2.2218 -7.853 -0.0011 0.0038 -0.0005
-5.8221 -2.2212 -7.8919 0.0021 -0.0069 -0.0026
-5.7838 -2.1446 -7.9302 0.0032 -0.0101 0.0019
-5.8221 -2.2595 -7.777 -0.0053 0.0038 0.0019
-5.7838 -2.1829 -7.8919 -0.0032 0.0027 -0.0034
-5.8227 -2.2218 -7.8913 0.0011 0.0006 -0.0024
-5.8221 -2.2212 -7.9685 0.0 0.0006 -0.0055
-5.8604 -2.1829 -7.9302 0.0011 -0.0026 -0.0001
-5.7838 -2.1829 -8.0068 0.0107 -0.0069 -0.0076
-5.8604 -2.1829 -7.8919 -0.0032 -0.0058 -0.0012
-5.8221 -2.1063 -7.777 0.0031 0.0014 0.0046
-5.8604 -2.2212 -7.8919 -0.0022 0.0078 0.0014
-5.7455 -2.2212 -7.8919 -0.0012 0.0035 0.0046
-5.8227 -2.2218 -7.8913 -0.0044 0.0014 0.0014
-5.8227 -2.2218 -7.9296 -0.0012 -0.0018 0.0035
-5.7844 -2.1835 -7.8147 0.001 -0.0039 0.0035
-5.7455 -2.1829 -7.9302 0.0042 0.0035 0.0057
-5.8221 -2.1446 -7.8919 -0.0001 0.0067 0.0003
-5.7838 -2.2212 -7.8919 -0.0001 0.0057 0.0014
-5.7838 -2.1446 -7.8919 -0.0033 0.0035 0.0035
-5.8221 -2.2212 -7.9302 -0.0012 -0.0039 -0.0018
-5.7838 -2.1063 -7.8919 0.001 -0.0029 0.0025
-5.8221 -2.1829 -7.8919 -0.0043 0.0099 0.0069
-5.8221 -2.2212 -7.9685 -0.0043 0.0046 0.0016
-5.7838 -2.1829 -7.8919 -0.0001 0.0014 0.0026
-5.8221 -2.1446 -7.8536 -0.0033 0.0014 0.0016
-5.7844 -2.1835 -7.8913 -0.0001 0.0035 0.0016
-5.8604 -2.1446 -7.9685 0.0106 -0.0039 -0.0049
-5.8604 -2.1446 -7.9685 -0.0022 -0.0039 0.0004
-5.7455 -2.1829 -7.8919 0.001 0.0057 0.0036
-5.861 -2.2218 -7.9679 -0.0022 0.0067 0.0004
-5.8604 -2.1063 -7.8919 -0.0012 0.0014 -0.0007
