-9.7677 0.8434 1.9914 -0.0098 -0.0147 -0.0647
-9.8444 0.7667 1.9914 -0.0173 -0.0264 -0.0679
-9.921 0.7284 2.0297 -0.0333 -0.0232 -0.0785
-9.8444 0.8434 1.9531 -0.0237 0.0354 -0.1495
-10.1891 0.3071 1.5317 0.1787 0.0865 -0.5319
-10.1125 -0.076 1.9531 0.2628 -0.0381 -0.3029
-9.3847 0.4986 2.6043 0.1371 -0.282 0.1211
-10.9936 0.2304 2.1829 0.4535 -0.5729 0.1669
-6.1669 2.1075 2.8341 0.2373 -0.5654 1.3324
-10.2657 1.1881 2.4128 0.609 -0.1137 -0.2644
-7.7375 2.5289 3.3321 0.3257 0.0556 -0.4231
-10.9553 0.3454 3.9067 -0.077 -0.1031 -0.4423
-9.7294 2.0692 1.1103 0.3001 -0.2032 -1.3968
-10.304 0.3071 2.5277 0.1435 -0.3406 -2.6719
-9.7677 -3.0257 3.7152 -0.7194 0.0173 -0.0769
-9.3853 -3.9456 4.3287 -0.1185 0.617 0.0317
-10.4956 -4.1749 1.5317 0.6911 0.8003 -0.7747
-8.849 -4.8267 1.2258 -0.208 0.2527 -2.1531
-11.1091 -1.8004 0.4597 -0.3028 0.0983 0.3421
-12.1811 0.4603 1.3402 -1.3926 0.0407 4.7139
-9.2698 1.0732 2.6043 -2.7369 -1.5945 5.7845
-6.6266 3.7547 2.566 -1.1785 -5.5817 2.7922
-4.4813 5.6318 6.5499 -0.5659 -1.9652 1.3093
-2.8724 4.7507 5.8221 -0.3721 -1.2663 1.949
-1.072 4.1761 8.5802 -1.0411 0.9611 0.6504
-1.2258 4.2521 9.5002 0.2862 -0.0093 0.3117
0.8045 5.1715 8.1977 0.3661 0.0152 0.1657
0.5746 4.6735 8.3127 0.1829 0.1547 0.1764
0.3837 4.9039 8.6185 0.102 -0.0243 0.1099
0.2304 4.9805 8.3887 0.0636 0.0397 -0.0702
0.1155 5.0572 8.1971 -0.0653 -0.004 -0.0617
0.0389 5.1338 8.1588 -0.0333 0.0354 -0.0627
0.0772 5.0955 8.427 0.0285 -0.02 -0.083
0.0006 5.1338 8.2355 0.0061 -0.0519 -0.0505
0.0389 5.1338 8.0439 0.0231 0.0173 -0.092
0.0389 5.0572 8.3504 -0.0237 -0.0466 -0.0941
0.0389 5.1721 8.3504 0.0274 -0.0147 -0.0835
0.0772 5.0188 8.1588 -0.0323 -0.0136 -0.0302
0.1538 5.0188 8.1588 -0.0887 0.0013 -0.0277
0.0006 4.8656 8.3504 -0.1228 0.1185 -0.0363
0.0006 4.789 8.427 -0.0908 0.045 -0.0789
0.0383 4.7501 8.5808 -0.0567 0.0865 -0.1428
-0.4214 4.7884 8.734 0.0168 0.1281 -0.0245
-0.2682 4.6352 8.4276 0.0295 0.0237 -0.0544
-0.3825 4.7507 8.3887 -0.029 0.0407 -0.0352
-0.3442 4.6741 8.427 0.0008 0.0791 -0.0352
-0.3831 4.7501 8.3893 0.0104 0.0375 -0.0416
-0.3831 4.7118 8.351 -0.0621 0.0269 -0.0363
-0.4591 4.6358 8.427 -0.046 0.0727 -0.0825
-0.6889 4.6358 8.4653 -0.013 0.2442 -0.0463
-1.1875 5.0182 8.3127 0.0253 0.5915 0.0741
-2.4134 5.8227 9.5002 0.5676 1.4586 0.7367
-3.8684 6.3213 9.9976 1.9577 1.7185 1.6326
-4.2515 7.4322 8.1205 2.371 0.8567 2.0805
-2.4894 7.8153 5.2858 2.4903 1.9092 2.9604
0.8434 6.9725 2.0297 2.8887 1.6226 3.2544
4.5209 5.8616 0.4591 0.9595 0.9654 2.774
7.8919 4.1761 0.1143 -0.2762 -0.232 1.4935
8.9645 4.0612 -0.3071 -0.909 -0.8402 -0.9374
5.6695 7.5465 -0.2298 -0.5191 -1.3537 -1.8209
2.4517 10.4196 -1.3024 0.2852 -0.7188 -0.3583
4.4053 8.6574 -1.5706 -0.257 -0.4088 0.512
5.2104 7.5471 -0.92 -0.2304 -0.0626 -0.0398
4.9422 8.1983 -0.9583 0.1243 0.2442 -0.0281
4.9416 8.4276 -0.8811 0.0083 -0.0658 -0.1189
5.1332 8.3127 -0.8811 -0.0951 -0.0647 -0.0838
5.2481 7.8913 -1.0343 0.0381 0.0471 -0.0476
5.0182 8.0445 -0.996 -0.0003 -0.0125 -0.0849
5.0955 8.1217 -1.0349 0.0573 0.0216 -0.0678
4.9039 8.16 -1.0732 0.0348 0.0248 -0.0539
5.0182 8.1977 -1.0343 -0.0163 0.0056 -0.0422
4.865 8.1594 -0.9194 -0.0067 -0.0179 -0.0624
4.9039 8.0834 -0.9583 0.0093 -0.0147 -0.0411
5.0566 8.0828 -0.9577 0.0188 0.0301 -0.0326
5.0182 8.2361 -0.996 0.022 -0.0147 -0.0359
5.0566 8.1211 -0.996 0.0167 -0.0008 -0.0722
5.0188 8.1983 -0.9966 0.022 -0.02 -0.0935
4.865 8.1211 -0.9194 -0.0121 -0.0136 -0.0668
4.9416 8.1594 -0.996 0.005 -0.0125 -0.0743
5.0182 8.1594 -1.0726 -0.0025 -0.0019 -0.0639
4.9805 8.2367 -1.0349 -0.0078 0.0098 -0.0649
4.9799 8.1977 -1.1492 0.005 0.0056 -0.0649
4.9422 8.1983 -1.0732 -0.0131 -0.0125 -0.066
4.9422 8.1983 -0.9966 -0.0003 0.0056 -0.0615
4.8273 8.3133 -0.9966 -0.0025 0.0077 -0.0626
4.865 8.1977 -0.9577 0.021 0.0162 -0.0604
4.9416 8.3127 -0.9194 0.0284 0.0397 -0.0668
4.865 8.2744 -1.0343 0.005 -0.0051 -0.0583
4.9033 8.2744 -1.0726 -0.0067 0.0024 -0.0349
4.9799 8.1594 -0.996 0.0007 0.0162 -0.0561
4.8656 8.275 -1.0349 -0.0089 0.0162 -0.071
4.9805 8.2367 -0.92 -0.0227 -0.0051 -0.0486
4.9422 8.2367 -0.9583 0.0146 -0.0008 -0.0848
4.8656 8.4282 -0.9583 0.0178 0.0013 -0.072
4.9039 8.16 -0.9583 -0.0143 -0.0189 -0.0676
4.8656 8.2367 -1.0349 -0.0068 -0.0402 -0.1049
4.8267 8.3127 -0.9194 -0.026 -0.037 -0.0517
4.789 8.275 -0.9583 -0.0643 -0.0477 -0.0644
4.8267 8.3127 -0.9577 -0.0302 -0.0285 -0.0746
4.7884 8.2744 -0.996 0.006 -0.0083 -0.0906
4.9416 7.6998 -1.992 -0.1783 -0.0573 -0.4954
5.0188 7.4322 -2.0309 -1.4768 -0.347 -0.8171
4.5975 6.6661 -0.422 -2.1746 -0.0637 -1.4691
2.7964 6.4356 2.49 -3.079 -0.6038 -2.4892
-0.5363 5.0949 6.9336 -1.4609 0.111 -1.4346
-1.0343 5.0566 9.6151 -2.0266 -0.2171 -1.359
-1.1875 4.9033 11.3389 -1.6164 -1.1161 -1.6317
-1.9914 4.0612 10.5722 -0.9741 -1.0682 -1.4506
-0.9577 3.8307 9.4236 -0.2199 -0.8349 -1.3217
-0.7655 3.7164 9.4613 -0.1208 -0.4717 -0.5707
-0.6889 3.6015 9.2314 0.1018 0.0642 -0.1233
-0.4214 3.2178 9.0788 0.1903 0.1558 0.1516
-0.0766 3.1029 9.0788 0.1146 0.0833 0.0472
0.0389 3.1801 8.9633 0.038 -0.0189 -0.0685
0.0006 3.4099 9.3464 -0.0771 -0.0402 -0.061
-0.0766 3.3327 9.1937 0.0316 0.0258 -0.0472
0.0006 3.295 9.0016 0.0507 0.1355 -0.0781
-0.2292 3.295 9.0782 -0.0462 -0.0488 -0.0727
-0.3448 3.371 9.0022 0.0432 0.0961 -0.0599
-0.3448 3.4093 9.0022 0.0283 -0.0179 -0.0279
-0.3442 3.3716 9.2698 0.2573 -0.1169 -0.0396
-0.1526 3.5632 8.6951 0.2424 -0.0306 -0.0194
-0.1532 3.7541 8.734 0.0144 0.0631 -0.0822
-0.3065 3.8307 8.849 -0.0367 0.1323 -0.0361
-0.1915 3.486 9.1171 -0.2849 0.1654 -0.2108
-0.5357 3.5249 9.0016 0.0667 0.0471 -0.1672
-0.7661 3.6392 8.8873 0.0123 0.0205 -0.1352
-0.8422 3.6781 8.9633 0.0518 0.1025 -0.0553
-0.7655 3.7164 8.925 0.0027 -0.0104 -0.0843
-0.8045 3.6775 8.849 -0.026 0.0503 -0.0609
-0.7278 3.6392 8.9256 -0.0324 -0.0125 -0.0683
-0.8428 3.6775 9.0788 0.0453 -0.0179 -0.063
-0.8045 3.6775 8.9256 0.0432 -0.0061 -0.0651
-0.7272 3.7547 8.8484 0.0219 0.0301 -0.0738
-0.7661 3.6775 9.0788 0.0528 -0.0253 -0.0845
-0.8811 3.7924 8.6574 0.0091 0.0567 -0.0781
-0.7661 3.6392 8.8873 0.0357 0.0897 -0.125
-0.9571 3.9846 8.7334 0.4182 -0.1286 0.1328
-1.3018 3.7547 8.6185 0.366 0.1015 0.5037
-1.4168 3.295 7.6608 0.0432 0.9057 -0.3315
-2.4134 4.367 8.4276 0.4129 0.7108 -0.4434
-4.7495 3.4099 6.2052 1.5612 2.4248 -2.0136
-7.2012 3.3333 5.056 -0.1848 1.4128 -2.3374
-7.2395 0.7667 5.7072 0.7335 2.6868 -3.9225
-11.7986 1.3408 7.0485 2.3484 1.4799 -4.5012
-12.9478 1.4174 2.5666 1.3844 -0.9201 -1.5323
-11.8369 -1.992 0.3831 -1.4162 0.3294 0.7335
-10.917 -2.8724 1.3018 -0.2594 1.9081 1.3652
-11.4916 -1.3018 -0.3837 -0.5661 1.3542 2.5913
-9.3853 2.5666 -2.9113 0.3213 -0.282 3.2258
-8.3121 2.8353 1.9914 -0.8441 -1.4645 0.7832
-5.439 -0.1143 -2.2607 -0.5171 -0.3023 -0.6997
-14.9775 1.6478 1.6849 2.4465 5.6462 2.3299
-11.8746 2.3756 -2.414 -0.6811 -4.2949 -5.147
-10.9559 6.4739 -0.8428 -0.4596 -0.9915 -0.3714
-9.9976 1.0732 3.4854 1.3248 -0.2948 -0.8401
-10.6871 1.2264 2.4894 0.3255 -0.5462 0.3604
-10.6877 -0.1532 2.873 -0.2657 -0.4642 -0.3235
-9.5385 0.1149 3.3327 -0.8548 -0.7348 -0.577
-9.3087 2.7198 2.1835 -0.3147 0.6096 0.2916
-10.9942 1.494 -0.6129 0.1796 4.4882 1.1566
-6.359 1.7621 1.5706 0.4874 -1.9226 0.315
-10.3046 0.6129 0.7661 0.7399 -0.9265 -0.174
-10.1125 1.8777 1.4168 -0.2679 -0.0637 0.0125
-9.7677 1.7244 1.7232 -0.0942 0.0098 0.0158
-9.6151 2.0686 1.6089 -0.1496 0.0248 -0.0119
-9.73 2.49 1.4174 -0.0175 -0.0051 -0.0353
-9.8061 2.3373 1.6466 0.0581 -0.0211 -0.0918
-9.423 2.4523 2.3744 0.3308 -0.0285 -0.1642
-10.2657 1.6478 0.4591 -0.1549 0.1867 0.0588
-9.6145 2.1075 1.9914 -0.0132 0.0024 -0.0222
-9.7294 2.299 1.4168 0.0017 0.0088 -0.0531
-9.7294 2.2224 1.7232 -0.0122 0.0322 -0.0712
-9.7677 2.1075 1.6083 -0.0313 0.0162 -0.0637
-9.6534 2.1835 1.6472 -0.0196 0.0162 -0.0565
-9.73 2.3367 1.5323 -0.0079 0.0439 -0.0544
-9.6911 2.3373 1.4551 0.039 -0.0051 -0.0501
-9.73 2.1835 1.5706 0.0475 -0.004 -0.0544
-9.73 2.1069 1.494 0.0262 0.0088 -0.0554
-9.6534 2.0686 1.494 0.0113 -0.0029 -0.0563
-9.73 2.0686 1.5323 0.0017 -0.0072 -0.0616
-9.6151 2.1069 1.4557 -0.0015 0.0013 -0.0499
-9.6911 2.1841 1.5317 -0.0026 0.013 -0.0573
-9.6911 2.2224 1.57 -0.0004 -0.0008 -0.0477
-9.6534 2.3367 1.5706 0.0208 -0.0189 -0.0523
-9.6534 2.2601 1.3791 0.0251 -0.0093 -0.0523
-9.6528 2.299 1.4934 0.0176 -0.0147 -0.0555
-9.6917 2.2218 1.4174 0.0134 -0.0147 -0.0576
-9.6917 2.2218 1.4557 -0.0111 0.012 -0.0502
-9.7294 2.3373 1.4168 -0.01 -0.0061 -0.0637
-9.73 2.2218 1.494 -0.0122 -0.0168 -0.0594
-9.73 2.2984 1.3791 -0.0068 0.0034 -0.0594
-9.6917 2.2601 1.5323 0.006 -0.0157 -0.0637
-9.6917 2.2218 1.5323 0.0006 -0.0253 -0.0637
-9.6911 2.2224 1.5317 -0.0036 -0.0115 -0.056
