-8.8484 -4.443 2.068 -0.125 0.115 0.1004
-9.2698 -4.4047 1.9148 -0.1463 0.0202 -0.0878
-8.1211 -4.3287 1.9154 0.1094 -0.2696 -0.1454
-8.0828 -4.4436 1.7621 0.2873 -0.4251 0.0325
-8.5425 -4.4819 2.1835 0.0551 -0.0096 -0.0069
-8.1977 -4.7501 1.8771 0.283 -0.571 -0.0601
-9.0016 -4.8644 2.3744 -0.2784 0.2556 -0.1571
-9.0782 -4.6729 1.9148 -0.3263 0.2833 -0.1022
-4.6735 -8.8107 2.9497 -0.8408 -0.7937 -1.73
-6.1669 -2.566 1.1103 -0.9154 0.7253 0.4815
-6.435 -3.7152 1.7998 -0.5671 -0.5466 1.714
-7.355 -5.2864 0.8428 0.3981 -0.2684 0.1205
-6.4739 -8.1977 -0.2682 0.6388 0.1577 -0.7648
-11.3006 -6.4356 1.494 -0.1495 -1.3412 -0.9959
-7.355 -6.2058 0.2298 3.2892 -2.0602 0.1545
-10.8787 1.8393 1.4551 2.2112 0.4389 2.2265
-11.6448 0.8434 6.3201 -1.5151 0.1971 2.7751
-7.431 -1.9148 9.423 -1.4598 -1.223 3.6395
-5.6689 -2.9491 8.4653 -0.2475 -2.0603 2.7586
-4.9793 0.6901 7.6992 0.6697 -7.4739 0.3915
-1.6083 -0.5357 6.6266 0.4364 -0.13 1.9724
-2.2978 1.3797 11.1085 -2.9969 -2.333 0.2296
-2.6049 -0.8428 10.9942 0.4982 0.4207 0.2643
-2.4894 1.2264 10.1891 0.7677 -1.0994 -0.2385
-1.57 0.6901 11.2234 0.6931 0.3898 -0.1969
-1.2252 1.6478 10.3424 0.1584 -0.2216 -0.182
-1.3024 2.0303 9.845 0.1669 -0.1119 0.095
-0.7278 1.494 10.343 0.1882 0.0095 0.1175
-0.9188 2.0309 9.6528 0.1467 -0.0694 0.1249
-0.2292 1.801 9.3464 -0.615 -0.4103 0.2123
0.2682 1.0726 10.8409 -0.0248 -0.2004 0.077
0.1149 1.1875 10.6111 -0.2741 -0.4933 -0.2064
-1.2258 2.5666 11.6454 1.1406 1.8088 -0.2828
-2.49 4.4819 14.212 0.935 1.1504 0.7196
-3.869 4.2138 12.5648 3.0772 1.5169 1.0467
-5.0176 5.9765 9.423 0.43 0.2769 1.3268
1.303 4.4442 3.3321 0.7368 0.588 0.7196
1.3024 5.2481 3.5243 2.1206 2.7142 2.8079
-2.6815 8.7724 6.0142 2.4977 2.2775 5.5893
5.4779 5.7461 3.371 2.8503 0.5976 3.8316
7.853 4.2904 0.5363 -0.0163 -0.0373 1.2366
7.8147 4.8267 0.3831 -0.5244 -0.2578 -0.4103
7.7764 4.4819 1.0726 0.299 0.5752 0.463
8.0068 4.5592 0.6123 0.478 0.0766 0.5376
8.2744 4.4053 0.4597 -0.0142 -0.5071 -0.3306
8.4665 4.6741 0.574 -0.4456 -0.6701 -0.3242
7.853 5.0566 0.6129 -0.0387 -0.1545 -0.0771
8.351 4.9033 0.6895 0.0614 -0.0096 0.1987
8.4282 5.2104 -0.2687 -0.0163 -0.0362 0.0453
8.0062 5.2481 0.0383 -0.027 -0.0405 0.0197
8.0445 5.0182 0.2682 0.0391 0.0682 0.057
8.1594 4.9416 0.498 0.1105 -0.0309 -0.0197
8.1217 4.8273 0.3059 0.0604 0.0521 0.0987
8.1983 5.0572 0.1526 -0.0493 0.033 0.005
7.9685 5.0572 0.3825 0.1073 0.034 0.0273
8.1983 5.1338 0.1909 0.0114 -0.0491 -0.0153
8.0451 4.9805 0.3059 -0.0973 -0.1247 -0.0557
8.1217 5.0572 0.3442 0.0593 0.0777 0.0323
8.0834 5.1338 0.1909 -0.0387 0.0341 0.0717
8.1211 4.9416 0.3448 -0.109 -0.0884 -0.021
8.1211 5.0949 0.1532 0.0039 -0.032 0.0003
7.9296 5.1715 0.0766 -0.0057 -0.0671 -0.0348
8.0445 5.1715 0.0766 -0.0248 -0.0405 -0.0035
8.0068 4.9805 0.2292 0.1179 -0.0064 0.1105
8.0451 5.2104 0.0377 0.0082 -0.0703 0.0839
8.2367 4.8273 0.1526 -0.1324 -0.1343 -0.1036
8.4665 4.7124 0.6123 -0.1857 -0.2035 -0.207
8.3899 3.6015 0.9188 -1.0283 -0.8682 -1.5178
7.0491 4.6741 0.3825 -1.2254 -0.7798 -2.3945
1.9543 6.1298 1.7998 -2.1799 -1.1612 -4.2704
-4.2521 8.4659 3.6775 -3.5221 -2.1817 -4.3333
-5.4013 6.2441 8.5042 -3.3431 -4.7149 -3.3809
-0.1915 0.6512 11.7986 0.0337 -0.2738 -0.9087
0.4597 1.6472 10.8793 -1.252 -0.9929 0.0554
-0.3448 1.0343 10.3046 -1.6345 0.0543 -0.212
0.2298 0.3065 11.0325 -0.3316 -0.1417 -0.0821
-0.3825 1.1498 11.2234 0.2564 -0.3612 -0.5092
-0.7272 1.916 10.8403 0.7699 -0.0181 0.05
0.2304 1.303 9.4613 0.2798 -0.0692 -0.1183
0.0006 1.5712 10.2274 -0.0802 -0.1108 -0.1055
-0.0377 1.3797 9.8061 0.0391 0.2685 0.05
-0.1143 1.6095 10.1125 0.1872 0.1705 -0.0522
-0.4591 2.0692 10.3807 0.2905 0.1012 -0.0279
-0.5357 2.299 10.1125 0.1094 -0.1001 0.0253
-0.8805 2.414 9.921 0.1435 0.1289 0.052
-0.6123 2.2607 9.8061 0.1041 0.0927 -0.0418
-0.6506 2.1841 9.8444 -0.0131 -0.0458 -0.1174
-0.6895 2.3367 9.73 -0.0973 0.1182 -0.0074
-0.9194 2.4517 10.0365 -0.0664 0.0085 0.0906
-0.9188 2.2224 10.3807 -0.0898 0.1012 0.0043
-1.2635 1.8777 10.6871 -0.2368 -1.0387 -0.1321
-0.3059 1.3414 10.2657 -0.4573 -0.261 0.0341
-0.076 1.1881 8.5419 0.1413 0.408 0.0223
-1.0343 1.494 9.4619 -0.1676 0.1971 -0.1609
-3.562 0.5369 7.5076 2.0535 2.725 -1.3146
-6.4733 0.3837 7.2395 2.5393 3.036 -3.2811
-9.5379 -1.6849 5.7455 0.936 2.4352 -3.6784
-10.4196 -3.6392 5.7078 0.4023 1.8919 -4.5722
-12.2583 -3.5626 4.1755 1.3121 0.4996 -3.1863
-10.8026 -3.7158 3.5626 1.0926 -0.3206 -0.1524
-9.5768 -4.9799 2.1069 -0.2208 -1.5819 2.955
-3.9067 -8.427 -1.5712 -1.8976 0.0788 2.221
-10.1125 -2.068 2.8724 -1.382 2.3926 1.3359
-8.6568 -3.4471 0.5357 -3.8981 1.3934 1.3604
-7.8524 -3.2172 -4.0995 -0.0536 -0.1981 -0.6242
-8.3504 -3.6003 -0.6518 -0.239 -1.127 -1.486
-7.3927 -4.941 -0.6901 0.2884 -0.2247 -1.3166
-6.1286 -5.3624 -2.3373 0.0891 1.2922 -0.6579
-5.7455 -4.7112 -1.3797 2.6394 0.3111 1.0252
-8.8107 -4.2138 0.6129 -0.1942 0.2877 0.5597
-11.3389 -6.4356 1.5706 -1.1775 -0.1619 0.1453
-8.7718 -6.1286 1.072 0.6793 -0.5486 0.1251
-8.3504 -4.7495 1.6466 0.1563 -0.4239 0.1236
-8.5419 -3.7152 1.4934 0.1978 0.0767 0.4187
-8.6185 -4.443 1.6466 -0.109 -0.0095 0.1002
-8.3887 -3.7152 2.4511 0.2095 -0.049 0.0714
-8.5036 -3.7918 2.068 0.2031 -0.0948 -0.0298
-9.0782 -4.06 2.566 0.2287 -0.0596 -0.0339
-8.8101 -4.1366 2.3361 0.0998 0.0735 0.0183
-8.7334 -4.0983 2.3361 0.0689 0.0426 0.0555
-8.6568 -4.2898 2.3744 -0.0131 0.0533 0.1184
-8.6951 -4.2898 2.2212 -0.1303 -0.0596 0.096
-9.0405 -3.6009 2.6432 -0.1069 0.0395 0.095
-9.3081 -4.0983 2.1446 -0.1644 0.4272 0.0545
-8.849 -4.0606 1.6472 -0.0366 0.2845 -0.0563
-8.734 -3.9073 1.4174 0.0284 0.2046 0.0343
-8.6957 -4.0989 1.494 0.0561 0.0608 0.0599
-8.8867 -4.0983 1.4168 0.0615 0.015 0.0652
-8.6951 -4.3664 1.4168 0.0646 -0.2652 0.0535
-8.8484 -4.0217 1.8765 0.0242 -0.2865 0.0109
-8.4653 -3.8684 1.8381 0.0007 -0.2673 0.0503
-9.1931 -3.8301 2.1063 -0.011 -0.1001 0.0236
-8.7718 -3.8301 2.3361 0.0689 0.0246 -0.0264
-8.6568 -4.2132 2.1446 0.1126 0.015 -0.0073
-8.6574 -4.0989 2.2601 0.1179 0.0203 -0.0392
-8.6191 -4.2904 2.3367 0.0646 0.0746 0.0471
-8.5036 -4.2515 2.1829 -0.0035 -0.0053 0.0705
-8.5419 -4.2515 2.2212 -0.0887 -0.0734 0.0418
-8.7724 -4.1372 2.3367 -0.0408 -0.0788 0.0533
-8.8101 -4.443 2.4128 0.0231 -0.1214 0.0277
-8.5425 -4.3287 2.3367 -0.0568 -0.0532 0.0597
-8.7724 -4.1372 2.1835 -0.0248 -0.0223 0.0607
-8.7334 -4.0983 2.2595 -0.0334 -0.0032 0.048
-8.6191 -3.9073 2.3367 0.0359 0.0085 0.0272
-8.6574 -4.0606 2.4134 0.0316 0.0469 0.04
-8.6574 -4.1372 2.2984 0.0316 -0.0074 0.0208
-8.6957 -4.0989 2.2984 0.0199 -0.0213 0.0251
