0.0389 -9.7677 1.7998 -0.0173 -0.0032 -0.0289
0.0383 -9.6534 1.8004 0.0189 -0.0011 -0.0108
0.0766 -9.6534 1.7621 0.0008 -0.0128 -0.014
0.0006 -9.6528 1.8381 0.004 0.0063 0.0034
0.3448 -9.9216 1.9154 0.0551 -0.0405 -0.0296
-0.1909 -9.7294 1.7232 -0.0322 -0.0299 -0.036
-0.076 -9.6911 1.9531 0.021 0.0479 -0.0413
1.3414 -9.8827 1.5317 -0.4775 0.8799 0.324
-1.2252 -10.1125 -0.1155 0.5579 -0.881 0.0839
0.8817 -9.0782 1.3018 -0.0578 -0.8405 0.0967
-0.7655 -10.5722 1.3785 0.4151 0.3994 0.0636
0.422 -11.5682 0.8039 1.1054 0.0671 0.0913
0.2687 -11.415 1.5317 -1.6728 0.0255 -0.6341
0.2304 -9.8061 1.1486 0.1179 0.6604 -0.1845
0.0383 -10.3813 -0.0383 -0.8152 0.2482 -0.568
0.8045 -9.1554 -0.996 -0.7854 -0.6318 -0.0726
1.1492 -10.0748 -1.0343 -0.4179 -0.3473 -0.0119
0.5746 -9.0022 -1.4557 0.0924 0.0426 0.1031
-2.0303 -9.1937 -1.1492 0.3257 0.4335 0.7325
0.3454 -9.8061 -1.1498 -0.2911 -0.8224 0.103
-0.4591 -9.6528 -1.6095 -0.1046 0.9033 0.2233
0.2687 -10.3807 -1.5712 -0.0556 0.752 0.1892
-0.6123 -11.1851 -0.5752 0.0541 0.6636 0.7336
-2.2978 -9.7294 -1.3797 0.1041 0.5123 2.3157
-2.6809 -11.1468 1.8381 1.1662 -0.7862 -0.0897
-1.6466 -9.3081 2.068 1.3622 -1.0184 -0.3262
-2.873 -12.7946 2.1069 1.4367 0.5773 -2.2128
-2.2218 -10.228 0.3448 1.6785 2.5598 -0.5669
-8.9633 -5.1326 6.8181 0.2373 1.0503 1.3891
-6.435 -4.8261 12.5259 0.9297 -2.8827 3.1084
-7.0102 -2.7964 9.0788 2.7033 2.6386 4.1513
-7.7764 -2.988 10.1897 1.5539 0.0745 4.3878
-7.1251 -0.4597 6.4356 0.1915 -2.9295 3.3257
-4.5969 2.375 5.7461 -0.256 -2.5205 1.2633
-1.5323 2.873 6.0142 -0.469 -0.9045 0.4495
-1.8387 5.6312 8.351 0.0828 0.033 0.1054
-0.6512 5.861 8.1977 -0.3252 -0.0704 0.0116
-0.498 5.4013 7.9296 -0.3071 0.115 0.1022
-0.7278 5.2481 8.1977 -0.0589 0.3302 0.0637
-0.4591 5.1338 8.3887 -0.1612 -0.0469 0.102
-0.1143 4.9805 8.427 -0.1761 -0.1353 -0.0205
0.0772 4.8273 8.2738 0.0732 0.1917 -0.029
0.0772 4.789 8.427 0.0679 0.0383 -0.0205
0.1538 4.8656 8.3504 0.0902 -0.0171 -0.0503
-0.1143 4.9039 7.929 -0.0099 -0.0288 -0.0555
-0.1909 4.9039 8.3887 -0.0791 -0.0512 -0.0289
-0.0377 4.5592 8.2738 0.005 0.0213 -0.0438
0.1921 4.6741 8.5802 0.1211 0.1416 -0.1674
-0.9188 5.0188 8.7718 0.4109 0.4644 -0.1652
-1.9914 5.7084 7.6608 0.1861 -0.1172 -0.0352
-0.7655 5.1338 7.929 -0.093 0.0777 0.1107
-0.6123 5.0955 8.5036 -0.2624 -0.3068 0.0362
-0.8039 4.9805 8.4653 -0.0291 -0.0629 -0.0405
-1.3024 5.1332 8.734 0.0892 0.1715 -0.0526
-3.869 7.1251 10.726 0.136 -0.4176 0.6697
-3.3327 7.7381 14.1354 3.4554 2.4991 2.5669
-1.1103 5.6318 6.5882 4.4972 1.4114 3.4287
3.4099 2.7587 1.1486 4.6879 3.8434 4.6048
7.8147 2.1835 0.0766 1.7169 1.8226 2.6385
9.1171 3.9073 -0.8811 -0.0898 -0.1641 0.2395
7.8919 4.5592 -0.3071 0.0487 -0.0597 -0.0172
7.7004 5.0572 -0.7667 -0.158 -0.1865 -0.1355
8.0451 5.0572 -0.6135 -0.1889 -0.1492 -0.1887
8.0834 5.0955 -1.0349 -0.0578 -0.0182 -0.1769
8.6963 3.8313 -1.5329 -1.2648 -0.8384 -1.11
8.9645 2.1841 0.3825 -3.8779 -3.0084 -4.2153
2.7587 4.4059 4.1366 -5.0539 -3.3812 -4.9152
-0.3059 5.3636 7.8907 -3.1034 -1.7695 -1.5628
-0.7278 5.8227 10.5728 -2.3439 -0.8192 -0.7021
0.1149 5.5929 12.6414 -0.6682 0.3121 -0.168
0.3071 4.7124 9.6145 0.1925 0.376 -0.0264
0.5752 4.1378 8.6568 0.1851 0.2418 -0.086
0.4603 4.291 8.427 0.2905 0.2769 -0.1265
-0.076 4.8273 8.427 0.3065 0.2695 -0.1449
-0.574 4.9039 8.6568 0.0764 0.0873 -0.2578
-1.2252 5.4402 8.3887 0.2841 0.3984 -0.1406
-1.5706 5.6312 8.1211 0.1339 0.132 0.0075
-1.1869 4.9805 8.3887 -0.0365 0.0074 0.0863
-0.574 5.287 8.2355 -0.192 -0.2014 0.0535
-0.6123 4.9422 8.3121 0.0349 0.1352 0.0172
-0.4591 4.9422 8.2738 -0.028 -0.0395 -0.0232
-0.6123 4.7507 8.2738 -0.012 -0.0395 -0.0627
-0.6512 4.7884 8.3893 -0.0226 -0.0075 -0.0573
-0.9194 4.7118 7.7764 -0.0429 0.7478 -0.0136
-2.873 2.375 7.7381 -1.2349 2.1912 -0.1385
-6.2818 0.6518 6.1286 0.1787 3.38 0.4602
-7.5842 3.793 6.933 1.016 0.2599 -1.7492
-5.7455 0.4603 7.3544 -0.3849 -1.7034 -1.8643
-5.7838 -0.6889 4.558 -0.2336 1.8663 -2.8986
-9.1165 -3.3321 4.5197 -1.432 3.6911 -4.0949
-10.8787 -5.9753 7.5842 -4.4542 -1.0248 -2.5961
-7.8147 -8.849 5.6695 -1.1263 -2.3585 -1.8376
-6.7798 -10.6871 4.0217 -1.725 -3.8872 -1.7375
-5.937 -11.1851 0.9571 0.5515 -1.9101 -1.3487
-1.5317 -9.8827 -2.2224 -0.4861 -0.6339 -0.6662
1.2647 -11.5299 2.7958 1.3355 0.0703 -2.3908
0.4214 -5.4396 1.3791 -0.0099 0.0841 -0.3402
2.6815 -4.6735 1.8004 -1.0262 0.9608 1.5208
1.5329 -10.0742 2.068 -0.6097 0.8085 1.099
-1.9148 -8.2738 -0.4986 -1.5034 -0.3218 0.6319
-0.6895 -11.9902 0.4597 -0.1643 0.0447 0.0928
-1.4557 -5.6312 1.3408 -0.0546 -1.125 0.0534
-0.3448 -2.9497 -0.6512 -0.4125 -1.5436 -0.6315
1.1492 -3.371 2.6432 -0.682 3.2245 0.5988
-0.1909 -9.0016 -0.1155 -0.7289 -1.4382 0.0415
0.0389 -9.9976 0.5357 0.7209 0.589 -0.0245
-0.1915 -9.845 0.2682 0.5366 -0.0693 0.0362
0.1532 -9.9599 0.6129 0.1169 -0.1439 0.0107
0.0383 -9.7683 0.8045 -0.1569 -0.0949 0.0117
-0.0377 -9.8444 0.9571 0.0913 0.066 0.0339
0.0006 -9.921 0.8805 -0.0237 -0.0501 0.0169
-0.0383 -9.73 1.0343 0.0253 0.0415 -0.0183
0.0383 -9.9599 0.8428 -0.012 0.034 -0.0449
-0.076 -9.8444 0.9954 0.0178 0.1257 -0.0396
0.0389 -9.8444 0.9188 0.02 0.0852 -0.0093
0.1155 -9.8061 0.9188 0.0274 -0.0267 -0.0275
-0.4208 -9.7677 0.8422 -0.0237 -0.0682 -0.0179
0.0006 -9.7294 0.8805 0.0349 0.0308 0.0098
0.0772 -9.8061 0.7655 -0.0035 -0.0789 0.0088
-0.1526 -9.8444 0.9188 -0.0024 -0.0448 -0.0116
-0.1915 -9.8067 0.8811 -0.0045 -0.0107 -0.0276
-0.0766 -9.8833 0.8045 0.0082 -0.0032 -0.018
-0.1526 -9.7677 0.8805 -0.0131 -0.0096 -0.0276
0.0006 -9.8061 0.8805 -0.0003 -0.0043 -0.0161
-0.1143 -9.7294 0.8039 0.0114 0.0031 -0.0171
0.0006 -9.8061 0.8805 0.005 -0.0139 -0.0086
-0.0377 -9.8827 0.8422 -0.0024 -0.0118 -0.0171
-0.1143 -9.7677 0.8039 0.0093 0.0351 -0.0203
-0.0377 -9.8061 0.9188 0.0114 0.0223 -0.0163
0.0006 -9.8444 0.8422 0.0018 0.0063 -0.0163
-0.076 -9.7677 0.8805 0.0082 0.0138 -0.0131
-0.076 -9.8444 0.9188 0.0007 -0.016 -0.0099
-0.0383 -9.8067 0.9194 0.0082 -0.0086 -0.0078
-0.1143 -9.8444 0.9571 0.0018 0.0149 -0.0224
-0.0766 -9.845 0.8428 0.0082 0.0074 -0.0117
-0.0383 -9.845 0.8811 -0.0024 -0.0011 -0.0213
-0.1143 -9.8444 0.9188 0.0082 0.0117 -0.0192
0.0006 -9.8061 0.8805 -0.0067 -0.0096 -0.0288
-0.1532 -9.845 0.9577 0.0093 -0.0 -0.0148
-0.2682 -9.845 0.8811 -0.0248 -0.0544 -0.0179
-0.1149 -9.845 0.9194 0.0178 0.0106 -0.0126
-0.1143 -9.8444 0.8805 -0.0003 0.001 -0.0211
-0.1143 -9.8061 0.9188 0.0093 -0.0 -0.0128
