-8.8484 0.6518 -3.295 0.0145 0.1263 -0.1486
-7.9673 1.418 -3.9079 0.5524 0.9167 -0.2391
-8.8484 -0.4591 -5.1721 0.1977 0.889 -0.4468
-9.2703 -0.2682 -5.9759 0.5407 0.9146 -0.2274
-7.8147 0.2682 -5.2098 0.2148 -0.0399 0.0283
-9.4613 -1.8765 -6.9342 -0.6108 -0.6833 -0.1198
-7.6608 2.0692 -2.7587 -0.4169 -0.4595 -0.0462
-8.8873 0.6895 -4.2521 0.4215 -0.7844 -0.1271
-10.3424 -1.2635 -0.7284 0.1956 -4.5992 -0.6257
-10.917 0.6901 -1.0349 1.0787 -1.593 0.0273
-11.9513 -1.1869 0.1909 0.7708 -0.3553 0.3119
-9.9593 -1.6849 0.2292 1.1415 -0.2455 -1.2998
-10.7637 -4.941 2.3361 1.2502 -2.0714 -0.3965
-9.0399 -0.8805 4.6729 -0.1443 -4.2126 1.8086
-4.8267 -3.5626 4.5203 0.7101 -0.5406 -2.152
-4.2904 -4.865 6.9719 -0.6204 0.2583 -1.1521
-5.8604 -2.2978 8.0056 -0.4926 0.3606 -1.0115
-8.7724 3.4477 8.8107 -1.2042 -0.5023 3.0791
-7.6225 1.4946 10.8403 -1.1051 -0.743 5.3023
-5.4779 -3.3327 13.0628 -0.2114 -2.7223 3.4008
-5.6312 -0.1532 11.3772 -0.5661 -3.1633 1.9443
-3.7152 -0.2292 9.9976 0.5002 -1.3982 0.4294
-1.6472 -0.6512 9.4619 -0.4234 -0.7313 0.3602
0.0766 0.6129 9.5002 0.7932 0.8773 0.4177
0.0766 0.996 9.0788 0.3607 -0.1997 -0.3503
0.4214 1.8004 8.1977 0.6334 0.3925 -0.7432
-0.2298 3.7158 8.2361 0.1913 1.0529 0.4946
-1.1109 3.4093 10.4579 -0.3478 -0.6291 0.141
0.2298 3.3327 10.228 -0.0889 -0.366 -0.0114
0.3448 3.0263 9.9216 -0.0207 -0.2637 0.0813
0.7284 2.4906 9.8444 -0.0282 0.0516 -0.0713
0.6518 2.5672 9.7294 -0.1081 -0.1795 0.0746
0.7667 2.5672 9.5762 -0.1144 0.1635 0.0863
0.6135 2.5289 10.2274 -0.1592 -0.0101 0.065
0.7284 2.6821 9.8827 -0.0058 0.1294 -0.0404
0.5369 2.6055 9.5762 0.0837 0.1561 -0.0361
-0.3065 2.9497 9.0788 0.0944 0.547 0.0939
-1.8771 3.2944 9.0022 0.153 1.3939 0.4465
-3.5237 4.1761 10.6871 0.3873 1.6453 0.8907
-3.5237 5.785 12.0279 0.8677 1.6805 2.1509
-4.8644 5.8616 12.0662 1.5165 1.8595 2.0605
-3.8301 8.9645 6.7032 2.4721 3.0344 3.799
-3.7924 8.9256 6.8187 1.9277 0.9955 2.8424
0.8051 7.7004 1.4551 2.2345 0.9508 3.7798
2.5666 6.6272 0.498 1.0094 0.3766 3.1769
6.5894 2.7587 -1.1115 0.3223 0.6727 1.9086
8.0828 2.5666 -0.2682 0.8368 0.6184 0.7272
8.5425 3.9456 -0.4214 0.3798 0.1678 0.2255
8.3127 4.7118 0.2682 0.2659 0.0325 0.2287
8.0828 4.4053 -1.3024 -0.2018 -0.2647 -0.011
8.0834 4.7507 -0.6901 -0.1549 -0.399 -0.0749
8.275 4.5975 -1.5712 0.0252 -0.01 -0.1154
8.3516 4.6358 -1.303 0.0411 0.2808 -0.0387
7.9302 4.789 -0.9583 0.0284 0.4225 0.0859
8.6963 4.1378 -0.422 -0.0888 -0.0931 -0.0867
8.3133 4.7124 -0.5369 0.0326 0.0784 -0.076
8.5048 4.5975 -0.3071 0.0017 -0.0623 -0.1233
8.2744 4.8267 -0.6512 -0.0164 -0.0602 -0.1318
8.1211 4.9033 -0.6129 0.0155 0.0101 -0.0519
8.3127 4.8267 -0.6129 -0.0356 -0.0581 -0.0626
8.3127 4.9033 -0.6129 -0.1208 -0.1252 -0.0956
8.1217 4.9039 -0.6135 0.0486 0.0666 -0.0145
8.1977 4.7884 -0.5746 0.0081 0.023 -0.0124
8.2744 4.865 -0.6512 0.0049 0.0038 -0.0422
8.351 4.7501 -0.6512 0.0454 0.0464 -0.0369
8.351 4.865 -0.4214 -0.0153 -0.0367 -0.0113
8.275 4.7507 -0.6135 -0.0473 -0.0261 -0.0293
8.1977 4.7884 -0.5363 -0.0133 -0.0166 -0.0346
8.2744 4.7884 -0.6512 -0.0005 -0.008 -0.0442
8.2744 4.7884 -0.6512 0.0081 0.0484 -0.0133
8.1983 4.7507 -0.5752 -0.0175 0.0197 0.0101
8.275 4.4825 -0.8817 -0.0185 0.0368 -0.0565
8.1217 4.6741 -0.8051 -0.0441 -0.09 -0.2739
7.8913 4.7501 -0.5746 -0.0707 -0.1816 -0.3186
7.9679 3.5626 -1.3791 -0.7781 -0.5704 -1.0973
6.283 3.8696 -1.3414 -1.5515 -0.8612 -2.5248
3.5632 5.8616 1.3402 -1.9648 -0.9603 -3.3415
0.6135 6.0914 4.7495 -3.5872 -2.1534 -3.7815
-0.9194 6.6655 7.5465 -4.5971 -2.0224 -2.745
-2.6815 6.5122 10.9559 -1.1168 -0.8602 -1.8959
-1.8771 4.865 9.9599 -1.299 -0.8623 -1.8235
-2.9113 4.6352 10.4196 -0.9539 -0.6131 -1.4608
-1.8765 3.4482 11.4533 -0.4958 -0.7867 -0.959
-1.8765 3.7164 10.6871 -0.8399 -1.085 -1.0038
-0.8805 2.8736 10.4956 -0.2433 -0.5769 -0.3316
-0.6895 2.5666 10.343 0.2328 0.1273 -0.241
-0.1526 1.5712 9.9976 0.2041 0.4607 -0.2035
-0.4974 1.9926 9.9593 -0.156 -0.3095 -0.0394
-0.1915 1.4557 10.1514 -0.0271 -0.236 -0.1023
-0.0766 1.6089 10.1514 -0.0005 -0.2019 -0.0469
-0.0383 1.9154 9.8067 -0.0175 0.0516 0.0159
0.0766 1.6472 9.7683 0.0337 0.0411 0.0021
0.1538 1.801 9.7677 0.0784 0.0731 -0.0917
0.1155 1.8393 9.5762 0.3043 0.4576 0.0457
-0.8039 1.801 10.304 0.2403 1.3982 0.0788
-1.8004 2.375 9.4619 0.5706 0.2115 0.474
-1.8771 1.494 8.5042 0.6803 -0.2125 -0.0315
-2.1446 2.3756 8.7718 -1.6825 0.5769 -0.2477
-4.0217 1.6861 8.3504 -0.0931 1.3439 -0.4064
-5.0182 0.7278 11.1474 0.2851 0.5503 -0.2616
-6.3967 -0.7272 7.7375 1.3013 3.3146 -1.4557
-8.5419 -1.9148 6.6649 0.66 2.8438 -2.3587
-10.9936 -2.4894 5.3624 1.329 2.3143 -2.8552
-11.3389 -2.6815 5.2481 1.6284 0.8975 -2.4823
-11.0708 -3.371 3.5243 1.8595 -0.156 -1.694
-9.7683 -2.1835 1.9537 0.7719 -0.3723 0.3811
-8.3893 -1.7621 2.1452 -0.9453 -0.1688 1.7304
-7.8147 -1.2258 2.2601 -0.8281 0.5918 2.017
-9.4619 -3.5243 2.7964 -0.3978 0.7548 0.7397
-12.2583 0.6129 3.7158 0.5738 1.0914 0.8835
-9.73 -2.4517 2.7581 0.381 0.3841 0.1123
-7.5848 -3.486 -3.4093 -0.5799 2.0863 -1.1784
-13.8283 -1.2252 -0.7284 -0.0217 -0.3744 0.6943
-8.2361 -0.498 -2.5666 0.9466 0.4512 1.4346
-9.0022 0.1532 -1.1109 -0.0569 0.2882 0.1286
-12.9478 -0.4214 -2.3367 -0.5245 1.8605 0.6357
-6.9713 1.6089 -4.0995 0.9541 4.0955 -2.203
-8.1588 -0.2676 -3.9462 0.3597 -0.1709 0.1778
-8.5036 1.418 -2.8353 0.3575 -1.5632 0.6412
-9.6917 0.6129 -2.6432 -1.854 0.6973 -0.2216
-9.8833 -0.1915 -3.2561 0.2009 -0.2284 0.0649
-9.5002 1.1109 -2.6432 -0.3903 0.1316 -0.0643
-9.5002 1.2641 -2.0686 -0.0398 0.0336 -0.044
-9.3853 0.9194 -2.49 0.1626 0.089 0.0114
-9.6534 0.7278 -2.6815 -0.1464 0.0954 -0.0334
-9.4996 1.418 -2.797 0.0805 -0.0133 -0.0238
-9.2703 1.1109 -2.7964 -0.0206 0.0241 -0.0017
-9.3847 1.1115 -2.5672 -0.0909 0.0124 -0.0028
-9.4613 1.3414 -2.7587 -0.0334 0.0006 -0.0102
-9.3464 1.2647 -2.6821 -0.0047 0.0113 0.0026
-9.3853 1.1492 -2.7198 0.0039 -0.0036 -0.0134
-9.423 1.2647 -2.7204 -0.0047 -0.0058 -0.0301
-9.423 1.3797 -2.8353 0.0017 -0.0036 -0.0279
-9.3853 1.2641 -2.6815 0.0262 -0.01 -0.0215
-9.3847 1.2264 -2.797 0.023 -0.0026 -0.0226
-9.423 1.2264 -2.5672 0.0156 -0.0111 -0.0279
-9.3081 1.2264 -2.7204 0.0294 -0.0186 -0.0415
-9.3464 1.2264 -2.8353 0.0209 -0.0111 -0.0404
-9.3847 1.1881 -2.6438 0.0209 -0.0058 -0.034
-9.3464 1.1881 -2.7587 0.0124 0.0038 -0.0265
-9.3847 1.2264 -2.7587 -0.0068 0.0091 -0.0202
-9.3853 1.1875 -2.7581 -0.0068 0.0134 -0.0121
-9.3853 1.1492 -2.7198 -0.0089 0.0124 -0.0142
-9.423 1.2264 -2.6821 0.0071 0.0049 -0.0142
-9.3464 1.1881 -2.7204 -0.0046 0.0092 -0.0185
-9.3464 1.1881 -2.797 0.0145 0.0028 -0.0153
